query_order,round,flat_index,row_index,row_label,algorithm_index,algorithm,utility,acquisition,predicted_runtime_mean,predicted_runtime_sd,score,runtime
1,0,12772,1824,5k2c_ZMA_A_1201,4,gnina,,,,,0.95025355,5.0256522
2,0,11428,1632,5dz2_212_A_404,4,gnina,,,,,0.0098241803,2.7116954
3,0,14081,2011,5x23_LSN_A_504,4,gnina,,,,,9.8855416e-12,6.5503912
4,0,16094,2299,6m9b_BTN_C_201,1,unimol,,,,,0.98202831,21.13
5,0,16852,2407,6rbo_JXQ_A_302,3,diffdock_l,,,,,5.2019588e-07,16.110357
6,0,14756,2108,6b9p_D0J_A_1001,0,surfdock,,,,,0.83438537,4.025449
7,0,6918,988,3wxo_NIZ_A_804,2,diffdock,,,,,1.8252423e-22,20.461414
8,0,10032,1433,4ugf_Q16_A_904,1,unimol,,,,,0.97343389,21.66
9,0,5870,838,2z7s_P01_A_1,4,gnina,,,,,0.10142447,5.79237
10,0,14853,2121,6c17_DNX_A_202,6,smina,,,,,0,0.972365
11,0,8687,1241,4i9n_1E6_B_401,0,surfdock,,,,,0.89919613,4.0501311
12,0,9876,1410,4rql_SNE_A_505,6,smina,,,,,0,0.84840787
13,0,13043,1863,5mdh_MAK_B_335,2,diffdock,,,,,0,23.623429
14,0,10532,1504,4z6p_DHY_C_403,4,gnina,,,,,0.99711357,9.150277
15,0,2392,341,1s83_4HA_A_5,5,autodock,,,,,0.0084111264,10.334272
16,0,12889,1841,5l9v_OGA_A_502,2,diffdock,,,,,0.99628737,20.843013
17,0,723,103,1gz5_UDP_D_900,2,diffdock,,,,,1.0493254e-69,55.642443
18,0,5463,780,2wdq_TEO_A_1589,3,diffdock_l,,,,,0,28.001163
19,0,5169,738,2ri1_GLP_A_234,3,diffdock_l,,,,,0.93365872,22.835232
20,0,7100,1014,4a8p_PAO_C_1340,2,diffdock,,,,,1.9050358e-41,50.831307
21,0,4017,573,2f7x_4EA_E_351,6,smina,,,,,0,7.4827303
22,0,450,64,1fhv_OSB_A_789,2,diffdock,,,,,0,20.081173
23,0,10921,1560,5aew_BNL_C_462,1,unimol,,,,,0.99458514,33.51
24,0,3994,570,2f78_BEZ_A_1003,4,gnina,,,,,0.41110663,1.632675
25,0,5638,805,2xul_AKG_E_201,3,diffdock_l,,,,,1.0144204e-70,20.032408
26,0,3996,570,2f78_BEZ_A_1003,6,smina,,,,,0.94535438,0.59274627
27,0,10117,1445,4v2z_Y70_A_151,2,diffdock,,,,,0,18.901198
28,0,12200,1742,5ha7_WY1_B_402,6,smina,,,,,0,3.2009946
29,0,2942,420,1x09_IPE_A_901,2,diffdock,,,,,0.95660742,15.302927
30,0,5589,798,2xmi_FLC_A_1379,3,diffdock_l,,,,,0,24.467114
31,0,15670,2238,6jc7_F0G_A_601,4,gnina,,,,,2.7980336e-05,7.4776471
32,0,17290,2470,6u6c_P1T_B_502,0,surfdock,,,,,0.97466412,4.1595916
33,0,10565,1509,4zbc_FRU_A_409,2,diffdock,,,,,0,28.550813
34,0,14156,2022,5x86_TMP_B_207,2,diffdock,,,,,0,24.737798
35,0,6525,932,3vc3_C6P_F_501,1,unimol,,,,,0.95816048,28.7
36,0,9417,1345,4ndn_PPK_C_404,2,diffdock,,,,,0,36.112884
37,0,13933,1990,5vys_1YJ_A_301,3,diffdock_l,,,,,3.7079378e-54,52.799969
38,0,3165,452,1zb6_GST_A_502,1,unimol,,,,,0.91291662,24.2
39,0,16335,2333,6nni_CP6_A_203,4,gnina,,,,,0.99439024,2.3930277
40,0,8813,1259,4j7u_YTZ_B_802,0,surfdock,,,,,0.94858893,2.9762659
41,0,703,100,1gz5_G6P_A_901,3,diffdock_l,,,,,3.2465722e-59,43.888137
42,0,17630,2518,6zi7_QR8_C_502,4,gnina,,,,,0.81453428,6.9325332
43,0,17739,2534,7cwd_GAL_A_902,1,unimol,,,,,0.44292045,18.99
44,0,12271,1753,5hss_650_B_402,0,surfdock,,,,,0.99662284,2.8775997
45,0,11366,1623,5dne_ASN_D_601,5,autodock,,,,,0.34306394,26.418415
46,0,4334,619,2i6p_4NP_A_401,1,unimol,,,,,0.90016554,20.66
47,0,565,80,1g4s_TPS_B_2002,5,autodock,,,,,0.98878813,13.352413
48,0,16238,2319,6ncx_ADA_C_601,5,autodock,,,,,0.0012505815,22.381833
49,0,7801,1114,4d3s_BOG_F_1000,3,diffdock_l,,,,,7.1374856e-109,45.110317
50,0,2949,421,1x09_IPE_A_902,2,diffdock,,,,,9.5928046e-07,16.896072
51,0,7602,1086,4clr_FDB_A_1270,0,surfdock,,,,,0.14254979,2.344172
52,0,13085,1869,5n5k_8NW_A_307,2,diffdock,,,,,0,11.632233
53,0,16290,2327,6nh0_KND_A_803,1,unimol,,,,,0.98166553,24.56
54,0,15760,2251,6jws_PT1_B_801,3,diffdock_l,,,,,2.4467067e-51,36.871002
55,0,9957,1422,4u8p_UDP_C_603,3,diffdock_l,,,,,0,31.486868
56,0,1744,249,1msv_PUT_B_355,1,unimol,,,,,0.91313909,20.3
57,0,17164,2452,6tbx_N0Z_A_302,0,surfdock,,,,,0,2.745062
58,0,8113,1159,4ekr_0R0_A_202,0,surfdock,,,,,0.9971705,2.5520904
59,0,6743,963,3wca_FPS_D_401,2,diffdock,,,,,0,47.101383
60,0,1875,267,1nsm_GAL_A_1400,6,smina,,,,,0.0082771604,0.79821843
61,0,1412,201,1ki2_GA2_A_1,5,autodock,,,,,0,21.871082
62,0,14522,2074,5z54_0HZ_D_303,4,gnina,,,,,0.97400102,3.3548013
63,0,16252,2321,6ng5_KMD_A_803,5,autodock,,,,,0,7.0217599
64,0,14038,2005,5wgw_MB5_A_714,3,diffdock_l,,,,,1.4358402e-31,24.641831
65,0,9503,1357,4npm_SIN_A_301,4,gnina,,,,,0.96441396,2.1287081
66,0,6992,998,3zp7_PRE_A_1118,6,smina,,,,,0,1.7782968
67,0,11880,1697,5fqf_NGA_B_1585,1,unimol,,,,,0.97254082,26.83
68,0,13365,1909,5syi_NIZ_B_805,2,diffdock,,,,,0,37.172345
69,0,7242,1034,4al9_GLA_G_1123,4,gnina,,,,,0.99563934,2.3263524
70,0,11112,1587,5c8w_PCG_D_302,3,diffdock_l,,,,,0,30.186014
71,0,5703,814,2y4j_LAC_B_400,5,autodock,,,,,4.9272776e-05,4.4900687
72,0,14407,2058,5ybp_8SX_B_303,1,unimol,,,,,0,27.74
73,0,2824,403,1vkf_CIT_D_503,3,diffdock_l,,,,,0,26.979557
74,0,4028,575,2fcu_AKG_A_897,3,diffdock_l,,,,,4.3385945e-39,22.554343
75,0,14731,2104,6b5k_TYD_A_304,3,diffdock_l,,,,,0,58.408996
76,0,17008,2429,6sds_L8N_A_302,5,autodock,,,,,0,8.1293962
77,0,122,17,1anc_BEN_A_384,3,diffdock_l,,,,,1.1252651e-17,11.847922
78,0,11696,1670,5f79_4V7_A_4000,6,smina,,,,,0,9.1663714
79,0,10031,1433,4ugf_Q16_A_904,0,surfdock,,,,,0,3.6510887
80,0,2206,315,1pzy_NAG_B_405,1,unimol,,,,,0.96923682,22.14
81,0,1231,175,1j3k_WRA_A_609,6,smina,,,,,0.19799587,5.5907119
82,0,4560,651,2ntk_IMP_B_206,3,diffdock_l,,,,,0,41.916196
83,0,14420,2060,5ybp_AKG_B_302,0,surfdock,,,,,0,2.4768621
84,0,8509,1215,4i02_CMP_D_302,4,gnina,,,,,0.99073737,10.520259
85,0,14435,2062,5ybq_8T0_B_303,1,unimol,,,,,0,27.78
86,0,11297,1613,5di7_5CQ_A_601,6,smina,,,,,0,1.548687
87,0,4295,613,2hjp_PPR_A_291,4,gnina,,,,,0,1.9097802
88,0,7638,1091,4cme_KTZ_C_1270,1,unimol,,,,,0,18.72
89,0,577,82,1g6t_S3P_A_601,3,diffdock_l,,,,,0.98003328,23.239415
90,0,3493,499,2as1_TP5_A_500,0,surfdock,,,,,0.84014149,2.3467861
91,0,5110,730,2r0g_7CK_A_1355,0,surfdock,,,,,0.99235832,4.1944352
92,0,11646,1663,5ew8_5SF_B_802,5,autodock,,,,,0,17.827341
93,0,15098,2156,6f2b_AKG_B_402,6,smina,,,,,0.86175175,1.8011138
94,0,8625,1232,4i6y_MEV_A_501,1,unimol,,,,,0.97424084,24.19
95,0,4522,646,2npq_BOG_A_2000,0,surfdock,,,,,0,3.0044944
96,0,9703,1386,4q40_VAL_C_404,1,unimol,,,,,0,20.66
97,0,10517,1502,4z69_DIF_A_1008,3,diffdock_l,,,,,4.4944661e-76,60.125636
98,0,15577,2225,6ho7_GHQ_A_301,2,diffdock,,,,,0.99683635,14.485449
99,0,11243,1606,5d8u_0N8_A_203,1,unimol,,,,,0.98452081,22.28
100,0,9818,1402,4rg3_ECE_A_603,4,gnina,,,,,0.97367801,2.362138
101,0,9099,1299,4l91_X29_A_301,6,smina,,,,,0,2.5569527
102,0,17334,2476,6uqd_QF4_B_501,2,diffdock,,,,,0,46.585853
103,0,6972,996,3zks_WZV_A_1398,0,surfdock,,,,,0,4.6789556
104,0,376,53,1e5f_PLP_B_405,5,autodock,,,,,0.40030985,186.41783
105,0,5452,778,2wdq_CBE_G_1130,6,smina,,,,,0,2.7315004
106,0,9314,1330,4mux_2E4_A_402,4,gnina,,,,,0.69855967,2.9291195
107,0,2825,403,1vkf_CIT_D_503,4,gnina,,,,,7.6385723e-06,2.6443028
108,0,17036,2433,6sj8_44V_B_901,5,autodock,,,,,0,3.5593436
109,0,15665,2237,6j4t_IMP_A_401,6,smina,,,,,0,4.9252345
110,0,5510,787,2wzh_NGO_A_1589,1,unimol,,,,,0.98723503,21.32
111,0,2230,318,1q3a_NGH_A_480,4,gnina,,,,,0.7758924,4.8922565
112,0,4289,612,2hi4_BHF_A_800,5,autodock,,,,,0,34.710519
113,0,14579,2082,5zi4_OAA_A_401,5,autodock,,,,,1.4321799e-05,4.9240039
114,0,8620,1231,4i6w_1CO_B_1001,3,diffdock_l,,,,,0,29.741809
115,0,14181,2025,5xin_XLS_A_397,6,smina,,,,,0.17956137,1.1796688
116,0,10846,1549,5a7p_6Z1_A_1361,3,diffdock_l,,,,,0.47022646,37.957277
117,0,435,62,1eyw_TEN_A_403,1,unimol,,,,,0,24.08
118,0,859,122,1h48_CDI_D_201,5,autodock,,,,,0.97648273,32.213828
119,0,14518,2074,5z54_0HZ_D_303,0,surfdock,,,,,0.98743691,3.3965882
120,0,17471,2495,6wdw_TWV_A_701,6,smina,,,,,0,4.4981514
121,0,11213,1601,5cpn_531_B_401,6,smina,,,,,0,1.8139374
122,0,7170,1024,4ajj_88S_A_1332,2,diffdock,,,,,5.6091438e-80,42.503791
123,0,1926,275,1o29_UFP_C_813,1,unimol,,,,,0,18.97
124,0,12983,1854,5m0t_AKG_A_302,5,autodock,,,,,4.5728452e-06,7.6554231
125,0,2332,333,1rvt_NDG_H_742,1,unimol,,,,,0,22.22
126,0,16015,2287,6lit_2OH_B_501,6,smina,,,,,0,1.6943135
127,0,1091,155,1iri_E4P_C_603,6,smina,,,,,0.69132489,1.4753856
128,0,3619,517,2bs8_NAG_A_1177,0,surfdock,,,,,0.91733601,2.698787
129,0,10215,1459,4ws1_URF_A_301,2,diffdock,,,,,0,14.25504
130,0,17108,2444,6t07_M45_B_601,0,surfdock,,,,,0.00023881849,2.6244922
131,0,13194,1884,5o3b_9HZ_D_501,6,smina,,,,,0,7.4717362
132,0,16003,2286,6lit_2OH_A_501,1,unimol,,,,,0.81148325,21.03
133,0,7796,1113,4d0z_BBK_E_1584,5,autodock,,,,,0.0001275217,14.778745
134,0,589,84,1g79_PLP_A_260,1,unimol,,,,,0.90095242,26.15
135,0,8223,1174,4gcq_0JM_A_401,5,autodock,,,,,8.6339573e-09,17.167324
136,0,8515,1216,4i02_CMP_F_301,3,diffdock_l,,,,,0,31.433449
137,0,5131,733,2r4t_250_A_503,0,surfdock,,,,,1.2679296e-07,3.2222263
138,0,10524,1503,4z69_DIF_I_1006,3,diffdock_l,,,,,9.8633028e-50,32.278308
139,0,11261,1608,5dav_58J_A_402,5,autodock,,,,,0,18.035595
140,0,12397,1771,5igs_GMP_A_403,0,surfdock,,,,,0.97818636,3.2658476
141,0,5353,764,2vmw_PLP_A_501,5,autodock,,,,,8.5169984e-07,9.4857651
142,0,6551,935,3vnj_PSJ_A_301,6,smina,,,,,0.065552202,1.5187467
143,0,12149,1735,5h24_LQG_B_501,4,gnina,,,,,3.6062827e-06,3.5046932
144,0,11821,1688,5fli_QUE_D_301,5,autodock,,,,,0,726.13373
145,0,251,35,1cq1_BGC_B_455,6,smina,,,,,6.5070003e-05,0.81773079
146,0,5255,750,2uza_HTL_B_1236,5,autodock,,,,,0,77.169611
147,0,16794,2399,6r5o_BGC_A_801,1,unimol,,,,,0,22.78
148,0,8276,1182,4gnp_PEP_A_703,2,diffdock,,,,,0.27708654,27.433674
149,0,9593,1370,4p7q_NAG_A_704,3,diffdock_l,,,,,3.5244778e-24,21.89823
150,0,9076,1296,4l80_OXL_E_402,4,gnina,,,,,0,10.634547
151,0,15333,2190,6flu_DTK_B_406,3,diffdock_l,,,,,1.1185328e-42,27.881963
152,0,8709,1244,4i9n_1E6_F_401,1,unimol,,,,,0.98514814,27.98
153,0,15976,2282,6l86_MLT_A_303,2,diffdock,,,,,0,30.643035
154,0,12798,1828,5kcp_PFB_A_379,2,diffdock,,,,,7.0490077e-68,28.787704
155,0,12354,1764,5i8s_LEA_A_202,6,smina,,,,,0.97513702,0.74938167
156,0,4808,686,2pt6_S4M_C_503,6,smina,,,,,0.98222283,4.616195
157,0,13209,1887,5o3g_9J8_B_501,0,surfdock,,,,,0.19507364,7.2762861
158,0,4119,588,2fyd_BGC_D_530,3,diffdock_l,,,,,1.1270297e-54,22.115371
159,0,13368,1909,5syi_NIZ_B_805,5,autodock,,,,,0,5.8231357
160,0,16269,2324,6ngp_KKY_A_803,1,unimol,,,,,0.98926935,25.18
161,0,12178,1739,5h8q_GLY_B_301,5,autodock,,,,,0,33.413583
162,0,13901,1985,5vv5_9OJ_B_803,6,smina,,,,,2.9998577e-10,4.9829051
163,0,3871,553,2eb5_OXL_A_2001,0,surfdock,,,,,0.98917454,2.2354571
164,0,12807,1829,5kcp_PFB_B_378,4,gnina,,,,,0.95752684,2.5511463
165,0,1386,198,1kdo_C_A_5407,0,surfdock,,,,,0.96351685,3.7210304
166,0,9830,1404,4rii_TYD_B_401,2,diffdock,,,,,0,43.44535
167,0,5791,827,2z48_A2G_B_2001,2,diffdock,,,,,4.3745577e-63,29.295505
168,0,12366,1766,5i9m_69K_A_302,4,gnina,,,,,0.42843656,3.9847499
169,0,739,105,1h18_DTL_A_9009,4,gnina,,,,,0.040986001,4.0546901
170,0,4344,620,2iht_TPP_B_600,4,gnina,,,,,0.83624315,12.284061
171,0,1918,274,1o29_UFP_A_803,0,surfdock,,,,,0.00012005399,3.5447023
172,0,9128,1304,4lol_1YE_A_402,0,surfdock,,,,,0.99567078,3.7242259
173,0,16226,2318,6ncx_ADA_A_601,0,surfdock,,,,,0,2.6376895
174,0,3593,513,2bgc_DTU_A_1238,2,diffdock,,,,,0,30.149476
175,0,9084,1297,4l80_OXL_F_402,5,autodock,,,,,0.074205979,8.244081
176,0,7476,1068,4ccu_AWF_A_1500,0,surfdock,,,,,0.9827705,4.5617677
177,0,15486,2212,6hl7_CP_A_401,2,diffdock,,,,,0,27.525992
178,0,2609,372,1toq_AMG_G_504,5,autodock,,,,,0,7.7819859
179,0,1033,147,1i8a_BGC_A_189,4,gnina,,,,,0.014920795,1.5714013
180,1,9499,1357,4npm_SIN_A_301,0,surfdock,0.88562202,0.99880831,1.5456929,0,0.99523311,2.5402076
181,1,8117,1159,4ekr_0R0_A_202,4,gnina,0.81550009,0.97915105,1.7212664,0.24829854,0.13947097,1.7155149
182,1,17294,2470,6u6c_P1T_B_502,4,gnina,0.80003731,0.97208318,2.0258353,0.098239385,0.97823644,9.9920726
183,1,12768,1824,5k2c_ZMA_A_1201,0,surfdock,0.87538215,0.97127766,1.8079802,0.37093014,0,3.7117504
184,1,17291,2470,6u6c_P1T_B_502,1,unimol,0.65894824,0.96445623,2.0410984,0.19997555,0.93687847,21.45
185,1,11208,1601,5cpn_531_B_401,1,unimol,0.66353526,0.96183184,2.197942,0.13534775,0,21.68
186,1,8114,1159,4ekr_0R0_A_202,1,unimol,0.65999539,0.95971798,1.9714123,0.39917606,0.99177384,22.58
187,1,17466,2495,6wdw_TWV_A_701,1,unimol,0.66353526,0.95578957,1.9352881,0.55097091,0.91347871,22.94
188,1,3990,570,2f78_BEZ_A_1003,0,surfdock,0.65060822,0.94723121,2.1319215,0.5356375,0.039227747,2.1632072
189,1,17032,2433,6sj8_44V_B_901,1,unimol,0.63979388,0.94646865,1.9866871,0.62365997,0,21.74
190,1,2605,372,1toq_AMG_G_504,1,unimol,0.63979388,0.94107706,2.0765276,0.67559248,0.94595247,17.56
191,1,246,35,1cq1_BGC_B_455,1,unimol,0.66352737,0.93918315,2.4560411,0.45368421,0.94477314,20.24
192,1,15660,2237,6j4t_IMP_A_401,1,unimol,0.66353526,0.93810381,2.3519309,0.59918189,0,15.86
193,1,6973,996,3zks_WZV_A_1398,1,unimol,0.91944949,0.9367834,2.4277887,0.68777812,0.96643685,28.01
194,1,1,0,19gs_BSP_B_210,1,unimol,0.63979388,0.93622101,2.0904968,0.77046877,0.98854669,17.23
195,1,3497,499,2as1_TP5_A_500,4,gnina,0.7076149,0.93342405,2.1906154,0.91205812,0.0010120522,1.5262053
196,1,9500,1357,4npm_SIN_A_301,1,unimol,0.79957166,0.92757842,2.2944067,0.99270648,0.40064671,15.96
197,1,22,3,1a49_OXL_F_4133,1,unimol,0.63979388,0.92743652,2.1885214,0.90909672,0.87115368,33.36
198,1,12174,1739,5h8q_GLY_B_301,1,unimol,0.63979388,0.92643374,2.2101107,0.93962854,0,18.62
199,1,16331,2333,6nni_CP6_A_203,0,surfdock,0.90730025,0.92521367,2.4911263,0.93569195,0.99389583,3.1634969
200,1,8,1,1a49_OXL_A_533,1,unimol,0.63979388,0.92521108,2.21472,0.94614708,0.93781074,28.33
201,1,17626,2518,6zi7_QR8_C_502,0,surfdock,0.77735655,0.92375766,2.3079855,1.0780444,0.053298546,3.7864946
202,1,6917,988,3wxo_NIZ_A_804,1,unimol,0.63979388,0.92259004,2.5429556,0.7396152,0.0018437698,17.65
203,1,1072,153,1iki_REY_A_400,1,unimol,0.63979388,0.92208603,1.5456929,0,0,18.93
204,1,2017,288,1owz_4FA_A_409,1,unimol,0.63979388,0.92208603,1.5456929,0,0.97461893,15.04
205,1,2367,338,1s3v_TQD_A_187,1,unimol,0.63979388,0.92208603,1.5456929,0,0.9942192,23.76
206,1,2542,363,1tkh_DPN_A_913,1,unimol,0.63979388,0.92208603,1.5456929,0,0,18.27
207,1,2934,419,1wq4_TYR_A_501,1,unimol,0.63979388,0.92208603,1.5456929,0,0,14.01
208,1,4446,635,2j5b_TYE_A_1336,1,unimol,0.63979388,0.92208603,1.5456929,0,0,20
209,1,4453,636,2j5b_TYE_B_1338,1,unimol,0.63979388,0.92208603,1.5456929,0,0.95071983,18.52
210,1,4880,697,2qb4_DSM_A_801,1,unimol,0.63979388,0.92208603,1.5456929,0,0.98902921,22.86
211,1,4887,698,2qb4_DSM_A_802,1,unimol,0.63979388,0.92208603,1.5456929,0,0.97583341,18.78
212,1,4915,702,2qcx_PF1_A_300,1,unimol,0.63979388,0.92208603,1.5456929,0,0.97400987,19.95
213,1,4922,703,2qcx_PF1_B_300,1,unimol,0.63979388,0.92208603,1.5456929,0,0.98388824,23.3
214,1,7876,1125,4dch_GLC_A_501,1,unimol,0.63979388,0.92208603,1.5456929,0,0.98351441,19.51
215,1,8387,1198,4hgg_SYN_A_502,1,unimol,0.63979388,0.92208603,1.5456929,0,0.86131549,20.95
216,1,8394,1199,4hgg_SYN_B_502,1,unimol,0.63979388,0.92208603,1.5456929,0,0.94275026,19.28
217,1,8639,1234,4i7n_1DJ_A_202,1,unimol,0.63979388,0.92208603,1.5456929,0,0.99635442,20.03
218,1,8646,1235,4i7n_1DJ_B_203,1,unimol,0.63979388,0.92208603,1.5456929,0,0.99500498,18.97
219,1,8940,1277,4kfj_1R0_A_202,1,unimol,0.63979388,0.92208603,1.5456929,0,0.31133906,22.65
220,1,10172,1453,4wdx_WDX_A_402,1,unimol,0.63979388,0.92208603,1.5456929,0,0,18.15
221,1,12342,1763,5i7r_68W_A_402,1,unimol,0.63979388,0.92208603,1.5456929,0,0.98304264,23.37
222,1,12384,1769,5ice_2H4_A_402,1,unimol,0.63979388,0.92208603,1.5456929,0,0.97953153,18.2
223,1,12391,1770,5icf_SAU_A_402,1,unimol,0.63979388,0.92208603,1.5456929,0,0.9098824,15.06
224,1,14806,2115,6bqx_9AG_A_201,1,unimol,0.63979388,0.92208603,1.5456929,0,0.90934025,20.62
225,1,16612,2373,6q4r_HJ5_A_1009,1,unimol,0.63979388,0.92208603,1.5456929,0,0.78288783,32.38
226,1,16710,2387,6qo4_97T_B_301,1,unimol,0.63979388,0.92208603,1.5456929,0,0,14.6
227,1,16717,2388,6qol_JB5_A_301,1,unimol,0.63979388,0.92208603,1.5456929,0,0.99184126,18.96
228,1,16724,2389,6qol_JB5_B_301,1,unimol,0.63979388,0.92208603,1.5456929,0,0.99321922,15.59
229,1,6322,903,3tky_N7I_D_369,1,unimol,0.63979388,0.92177088,1.5488864,0.0045162877,0.93677682,20.19
230,2,17627,2518,6zi7_QR8_C_502,1,unimol,0.83496928,0.97641673,1.8028784,0.29269651,0.92444065,25.15
231,2,1071,153,1iki_REY_A_400,0,surfdock,0.78243927,0.96079277,1.9912342,0.43158537,0.85864645,3.9414769
232,2,11291,1613,5di7_5CQ_A_601,0,surfdock,0.69817702,0.94420398,2.1780977,0.57827282,0.99054191,3.5499709
233,2,463,66,1fm8_DDC_A_501,1,unimol,0.66113618,0.92573412,1.5959107,1.1920929e-07,0.99245385,21.24
234,2,2969,424,1x7j_GEN_B_202,1,unimol,0.66113618,0.92573412,1.5959107,1.1920929e-07,0.99376865,20.14
235,2,3172,453,1zdq_MSM_A_1507,1,unimol,0.66113618,0.92573412,1.5959107,1.1920929e-07,0.99225512,21.29
236,2,3179,454,1zdq_MSM_B_1508,1,unimol,0.66113618,0.92573412,1.5959107,1.1920929e-07,0.98801844,22.13
237,2,3746,535,2ci0_1CM_A_1450,1,unimol,0.66113618,0.92573412,1.5959107,1.1920929e-07,0,19.31
238,2,4838,691,2q1a_2KT_X_295,1,unimol,0.66113618,0.92573412,1.5959107,1.1920929e-07,0.98694753,13.15
239,2,6420,917,3uud_EST_A_600,1,unimol,0.66113618,0.92573412,1.5959107,1.1920929e-07,0.97890557,21.92
240,2,6427,918,3uud_EST_B_600,1,unimol,0.66113618,0.92573412,1.5959107,1.1920929e-07,0.99303972,25.61
241,2,6861,980,3wur_O4B_A_201,1,unimol,0.66113618,0.92573412,1.5959107,1.1920929e-07,0.18494934,39.83
242,2,6868,981,3wur_O4B_A_202,1,unimol,0.66113618,0.92573412,1.5959107,1.1920929e-07,0.38204476,28.43
243,2,6875,982,3wur_O4B_B_201,1,unimol,0.66113618,0.92573412,1.5959107,1.1920929e-07,0.10187215,15.47
244,2,6882,983,3wur_O4B_B_202,1,unimol,0.66113618,0.92573412,1.5959107,1.1920929e-07,0.86049093,23.87
245,2,6889,984,3wur_O4B_B_204,1,unimol,0.66113618,0.92573412,1.5959107,1.1920929e-07,0.057226008,23.25
246,2,9199,1314,4m72_M72_B_402,1,unimol,0.66113618,0.92573412,1.5959107,1.1920929e-07,0,18.41
247,2,10599,1514,4zdz_TPF_A_602,1,unimol,0.66113618,0.92573412,1.5959107,1.1920929e-07,0.99033853,18.71
248,2,11194,1599,5cmb_GLY_A_301,1,unimol,0.66113618,0.92573412,1.5959107,1.1920929e-07,0,21.52
249,2,11229,1604,5cyf_FLC_A_301,1,unimol,0.66113618,0.92573412,1.5959107,1.1920929e-07,0.95465406,22.75
250,2,11236,1605,5cyf_FLC_C_301,1,unimol,0.66113618,0.92573412,1.5959107,1.1920929e-07,0.97583711,22.29
251,2,12370,1767,5iav_MLI_A_302,1,unimol,0.66113618,0.92573412,1.5959107,1.1920929e-07,0.64405971,20.28
252,2,12377,1768,5iav_MLI_B_302,1,unimol,0.66113618,0.92573412,1.5959107,1.1920929e-07,0.62897078,20.35
253,2,12545,1792,5j4k_6FZ_A_404,1,unimol,0.66113618,0.92573412,1.5959107,1.1920929e-07,0.96632288,18.35
254,2,5272,753,2v60_C17_A_1503,1,unimol,0.66113618,0.92492581,1.6035366,0.010784647,0.99078766,23.68
255,2,6644,949,3w4i_8LG_C_402,1,unimol,0.66113618,0.92487998,1.6039695,0.011396676,0,22.07
256,2,10179,1454,4wmz_TPF_A_602,1,unimol,0.66113618,0.92418687,1.610526,0.020668983,0.98900676,20.44
257,2,5279,754,2v60_C17_B_1498,1,unimol,0.66113618,0.92309983,1.6208373,0.035251513,0.99522476,24.16
258,2,6070,867,3qss_MTG_A_405,1,unimol,0.66113618,0.922828,1.6234226,0.03890761,0.9762163,19.67
259,2,6077,868,3qss_MTG_B_405,1,unimol,0.66113618,0.922828,1.6234226,0.03890761,0.97090356,20.07
260,2,10528,1504,4z6p_DHY_C_403,0,surfdock,0.84301357,0.92222782,2.6102803,0.82363164,0.98436267,2.8051257
261,2,3494,499,2as1_TP5_A_500,1,unimol,0.72619887,0.92172676,2.6267507,0.72913992,0.99355835,18.3
262,2,10151,1450,4wbd_CIT_A_602,1,unimol,0.66113618,0.9212359,1.6386038,0.060377274,0.97166556,17.38
263,2,1597,228,1lti_GAL_E_104,1,unimol,0.66113618,0.92119765,1.6543089,0.045555081,0.96631519,20.05
264,2,1604,229,1lti_GAL_H_104,1,unimol,0.66113618,0.92089757,1.6418406,0.064954586,0.95699148,20.56
265,2,14141,2020,5x6r_7ZR_B_402,1,unimol,0.66113618,0.92043542,1.6666087,0.05087243,0.96804219,25.88
266,2,1590,227,1lti_GAL_D_104,1,unimol,0.66113618,0.92034717,1.6675745,0.051950593,0.92993194,23.04
267,2,9633,1376,4pbr_2L7_A_401,1,unimol,0.66113618,0.92032819,1.647296,0.072669484,0.98982832,19.23
268,2,9814,1402,4rg3_ECE_A_603,0,surfdock,0.82864043,0.91984226,2.3791492,1.1076665,0.39722291,2.1968552
269,2,6637,948,3w4i_8LG_B_402,1,unimol,0.66113618,0.91967368,1.6535779,0.081553645,0,20.96
270,2,13833,1976,5vl0_BNF_B_404,1,unimol,0.66113618,0.91964504,1.6538539,0.081943981,0.98161095,24.15
271,2,11320,1617,5die_5CJ_A_601,1,unimol,0.66113618,0.91872611,1.6626986,0.094452217,0.99384331,20.92
272,2,13826,1975,5vl0_BNF_A_404,1,unimol,0.66113618,0.91851454,1.6647381,0.097336516,0.98251589,21.92
273,2,13840,1977,5vl0_BNF_C_404,1,unimol,0.66113618,0.91704729,1.678925,0.11739993,0.98575008,25.45
274,2,1422,203,1klk_PMD_A_653,1,unimol,0.66113618,0.91691519,1.7131629,0.086253539,0.98386265,23.55
275,2,13980,1997,5w8q_BU4_A_400,1,unimol,0.66113618,0.9151596,1.6972786,0.14335588,0.97220017,17.38
276,2,13987,1998,5w8q_BU4_B_400,1,unimol,0.66113618,0.91477787,1.7010031,0.14862305,0.995276,23.21
277,2,2906,415,1w62_PYC_A_700,1,unimol,0.66113618,0.91467874,1.7019711,0.14999187,0,17.88
278,2,995,142,1ho5_ADN_B_2604,1,unimol,0.66113618,0.9140714,1.7324482,0.13385201,0.97888497,21.86
279,2,9192,1313,4m54_AE5_A_403,1,unimol,0.66113618,0.91278586,1.7205178,0.17622092,0,19.5
280,3,9857,1408,4rm3_FOA_A_1000,1,unimol,0.69407135,0.9259217,1.7133948,0,0.99066461,18.09
281,3,9864,1409,4rm3_FOA_B_1000,1,unimol,0.69407135,0.9259217,1.7133948,0,0.99223581,23.17
282,3,10760,1537,4zvz_4TF_A_503,1,unimol,0.69407135,0.9259217,1.7133948,0,0.95377214,25.73
283,3,10767,1538,4zvz_4TF_B_503,1,unimol,0.69407135,0.9259217,1.7133948,0,0.81991149,19.07
284,3,10774,1539,4zvz_4TF_C_503,1,unimol,0.69407135,0.9259217,1.7133948,0,0.82818961,22.78
285,3,10781,1540,4zvz_4TF_D_503,1,unimol,0.69407135,0.9259217,1.7133948,0,0.85398393,24.32
286,3,17704,2529,7bqu_EF2_A_501,1,unimol,0.69407135,0.9259217,1.7133948,0,0.99578968,17.56
287,3,8324,1189,4h9x_HL4_A_404,1,unimol,0.69407135,0.91668968,1.7977947,0.1193596,0.9850088,18.77
288,3,8331,1190,4h9x_HL4_B_404,1,unimol,0.69407135,0.91668968,1.7977947,0.1193596,0.69167149,16.48
289,3,9132,1304,4lol_1YE_A_402,4,gnina,0.70808937,0.91330998,2.8469174,0.72923464,3.5719712e-09,3.7523086
290,3,17465,2495,6wdw_TWV_A_701,0,surfdock,0.74325786,0.9128641,3.1085575,0.51491678,0,3.930541
291,3,9549,1364,4ovl_1TD_A_308,1,unimol,0.69407135,0.9027415,1.9302546,0.30668625,0.94330338,19.99
292,3,15786,2255,6jyg_FLC_C_401,1,unimol,0.69407135,0.89893014,1.9697858,0.35713646,0.74389791,24.29
293,3,5114,730,2r0g_7CK_A_1355,4,gnina,0.70649138,0.89891109,2.6433551,1.3151628,0.97860672,4.215833
294,3,15779,2254,6jyg_FLC_A_401,1,unimol,0.69407135,0.89770936,1.9795656,0.37642244,0.9169113,20.9
295,3,15800,2257,6jyg_FLC_E_401,1,unimol,0.69407135,0.89770936,1.9795656,0.37642244,0.97840159,24.81
296,3,15807,2258,6jyg_FLC_E_402,1,unimol,0.69407135,0.89717379,1.9848617,0.38391221,0.0094643747,22.82
297,3,15793,2256,6jyg_FLC_D_401,1,unimol,0.69407135,0.89690557,1.9875188,0.38767004,0.76988306,23.13
298,3,1961,280,1o6g_SIN_A_724,1,unimol,0.69407135,0.89626845,1.993838,0.39660662,0.91780026,21.2
299,3,17207,2458,6to7_SUV_A_401,1,unimol,0.69407135,0.89243504,2.041024,0.44190499,0.9844912,28.12
300,3,17214,2459,6to7_SUV_B_401,1,unimol,0.69407135,0.89243504,2.041024,0.44190499,0.98395451,22.93
301,3,12146,1735,5h24_LQG_B_501,1,unimol,0.78561607,0.89174799,2.8289919,1.441816,0.99551025,17.1
302,3,15723,2246,6jmd_ORO_A_402,1,unimol,0.69407135,0.89132286,2.173409,0.3365759,0.86529912,18.34
303,3,15737,2248,6jme_ORO_A_402,1,unimol,0.69407135,0.89132286,2.173409,0.3365759,0.85171822,15.94
304,3,9870,1410,4rql_SNE_A_505,0,surfdock,0.7350038,0.89111051,2.940562,1.2624917,0.99305665,2.5333557
305,3,15079,2154,6ezf_C6Z_A_1003,1,unimol,0.69407135,0.88963633,2.0604279,0.49077898,0,18.58
306,3,7372,1053,4bux_F35_A_2166,1,unimol,0.69407135,0.88906587,2.2120173,0.35318756,0,17.15
307,3,7379,1054,4bux_F35_C_2165,1,unimol,0.69407135,0.88519472,2.2683415,0.39255932,0,18.63
308,3,6378,911,3u3o_3QV_A_297,1,unimol,0.69407135,0.882194,2.1981115,0.53783482,0.98927618,17.9
309,3,4775,682,2prl_ORO_A_399,1,unimol,0.69407135,0.88204293,2.2603655,0.47937876,0.86085771,23.27
310,3,9129,1304,4lol_1YE_A_402,1,unimol,0.75222913,0.87748506,3.3998477,1.2221373,0.97010127,17.11
311,3,6371,910,3u3o_3QV_A_296,1,unimol,0.69407135,0.8756197,2.2116473,0.69142306,0.99201587,22.9
312,3,5461,780,2wdq_TEO_A_1589,1,unimol,0.69411429,0.87314774,3.5668621,1.0734795,0.6876402,25.86
313,3,2157,308,1pr0_NOS_B_1246,1,unimol,0.69407135,0.87215527,2.2432866,0.74938023,0,26.39
314,3,2164,309,1pr0_NOS_C_1247,1,unimol,0.69407135,0.87198813,2.2450874,0.75192714,0,21.66
315,3,2150,307,1pr0_NOS_A_1245,1,unimol,0.69407135,0.86879151,2.2797446,0.80093974,0,22.42
316,3,3046,435,1xuz_PEP_A_2001,1,unimol,0.69407135,0.8669145,2.5295985,0.60064709,0.84420816,22.81
317,3,5475,782,2whq_HI6_A_1543,1,unimol,0.69407135,0.86662548,2.5451295,0.59277403,0,20.18
318,3,7505,1072,4cjv_IV2_B_1215,1,unimol,0.69407135,0.86538128,2.7441301,0.42683589,0.99581782,17.96
319,3,4782,683,2prl_R2C_A_400,1,unimol,0.69407135,0.86533326,2.4776714,0.69457525,0.98716578,24.36
320,3,2101,300,1pke_2FD_A_446,1,unimol,0.69407135,0.86509241,2.320329,0.85833478,0,15.86
321,3,2108,301,1pke_2FD_B_447,1,unimol,0.69407135,0.86509241,2.320329,0.85833478,0,17.96
322,3,11173,1596,5ci9_549_A_402,1,unimol,0.69407135,0.86449804,2.549397,0.6451267,0.98041395,18.55
323,3,2115,302,1pke_2FD_C_448,1,unimol,0.69407135,0.86396704,2.3327799,0.87594295,0,22.56
324,3,7015,1002,3zwt_KFZ_A_1401,1,unimol,0.69407135,0.86301572,2.5387745,0.69544882,0,16.34
325,3,7022,1003,3zwt_ORO_A_1398,1,unimol,0.69407135,0.86169131,2.3581064,0.91175985,0,21.65
326,3,7365,1052,4buv_16I_C_2165,1,unimol,0.69407135,0.86156429,2.6011481,0.67214704,0,19.95
327,3,13301,1900,5oir_9W8_A_302,1,unimol,0.69407135,0.86023108,2.4317808,0.87757605,0.88519895,20.38
328,3,5447,778,2wdq_CBE_G_1130,1,unimol,0.69531262,0.85857815,3.5722191,1.5445218,0.98345321,28.97
329,3,17228,2461,6tog_NQH_A_201,1,unimol,0.69407135,0.85778546,2.4020462,0.9739002,0.99100723,20.3
330,4,2226,318,1q3a_NGH_A_480,0,surfdock,0.72953498,0.99839744,1.8062433,0,0.99064438,3.723508
331,4,5446,778,2wdq_CBE_G_1130,0,surfdock,0.72856775,0.9983402,1.8062433,0,0.99426637,3.1055284
332,4,12803,1829,5kcp_PFB_B_378,0,surfdock,0.83769173,0.99766815,1.8223314,0.022752106,0,2.6928737
333,4,4803,686,2pt6_S4M_C_503,1,unimol,0.71685851,0.99696658,1.8062433,0,0.95214038,23.98
334,4,3991,570,2f78_BEZ_A_1003,1,unimol,0.87338763,0.99423414,1.8494115,0.061049037,0.99297058,15.91
335,4,14847,2121,6c17_DNX_A_202,0,surfdock,0.72192707,0.98376834,1.9110826,0.14826526,0.0062003955,2.9046743
336,4,16850,2407,6rbo_JXQ_A_302,1,unimol,0.67736046,0.97889504,1.9149739,0.15376829,0.94318625,26.96
337,4,14757,2108,6b9p_D0J_A_1001,1,unimol,0.70146828,0.97055561,2.1820755,0.099962354,0.20965552,37.57
338,4,2227,318,1q3a_NGH_A_480,1,unimol,0.6844005,0.94991915,2.3185716,0.36428335,0.85950608,22.86
339,4,13895,1985,5vv5_9OJ_B_803,0,surfdock,0.72192707,0.94391843,2.6631401,0.18530658,0,3.5149971
340,4,14848,2121,6c17_DNX_A_202,1,unimol,0.68221117,0.93947926,2.3866711,0.50848198,0.91605381,18.3
341,4,4340,620,2iht_TPP_B_600,0,surfdock,0.76547167,0.9382267,2.4775469,0.52168477,0.8056644,4.5836029
342,4,12804,1829,5kcp_PFB_B_378,1,unimol,0.68912337,0.93672014,2.4835908,0.48305678,0.95406069,15.12
343,4,134,19,1aua_BOG_A_1,1,unimol,0.6772702,0.92860005,1.8062433,0,0,21.57
344,4,925,132,1h69_ARH_C_1275,1,unimol,0.6772702,0.92860005,1.8062433,0,0,22.05
345,4,981,140,1hkn_N2M_C_4138,1,unimol,0.6772702,0.92860005,1.8062433,0,0.98289347,17.54
346,4,988,141,1hkn_N2M_D_5139,1,unimol,0.6772702,0.92860005,1.8062433,0,0.25884882,22.77
347,4,1373,196,1kbq_936_B_704,1,unimol,0.6772702,0.92860005,1.8062433,0,0.98518428,20.74
348,4,1380,197,1kbq_936_C_701,1,unimol,0.6772702,0.92860005,1.8062433,0,0.9607106,20.61
349,4,2472,353,1t87_CAM_B_2422,1,unimol,0.6772702,0.92860005,1.8062433,0,0.97759823,16.62
350,4,2661,380,1u1g_BBB_B_4300,1,unimol,0.6772702,0.92860005,1.8062433,0,0.95564832,27
351,4,2668,381,1u1g_BBB_C_5300,1,unimol,0.6772702,0.92860005,1.8062433,0,0.98152727,22.03
352,4,2675,382,1u1g_BBB_D_6300,1,unimol,0.6772702,0.92860005,1.8062433,0,0.95308125,26.28
353,4,2682,383,1u1g_BBB_F_8300,1,unimol,0.6772702,0.92860005,1.8062433,0,0,25.68
354,4,3109,444,1y8j_STS_A_900,1,unimol,0.6772702,0.92860005,1.8062433,0,0,21.09
355,4,3277,468,1zmt_RNO_A_1002,1,unimol,0.6772702,0.92860005,1.8062433,0,0.93791651,26.3
356,4,3284,469,1zmt_RNO_B_1001,1,unimol,0.6772702,0.92860005,1.8062433,0,0.96317512,20.22
357,4,3291,470,1zmt_RNO_C_1003,1,unimol,0.6772702,0.92860005,1.8062433,0,0,19.01
358,5,9514,1359,4o7g_ASC_B_303,1,unimol,0.67665937,0.92860009,1.8906116,0,0.97739772,23.43
359,5,9521,1360,4o7g_ASC_B_304,1,unimol,0.67665937,0.92860009,1.8906116,0,0,16.88
360,5,12275,1753,5hss_650_B_402,4,gnina,0.68828314,0.92447005,2.9424419,0.38421243,1.3837209e-05,7.2786705
361,5,15828,2261,6jz6_CKX_B_701,1,unimol,0.67665937,0.89932255,2.2315936,0.24398138,0.96911284,18.98
362,5,3634,519,2bx7_34D_B_1313,1,unimol,0.67665937,0.89667364,2.1560121,0.37533286,0.86320922,16.28
363,5,9766,1395,4qya_LU2_A_201,1,unimol,0.67665937,0.89321267,2.1865044,0.4184556,0,21.11
364,5,9773,1396,4qya_LU2_B_201,1,unimol,0.67665937,0.8890991,2.2232111,0.47036657,0,20.97
365,5,2297,328,1r4s_MUA_A_800,1,unimol,0.67665937,0.88736959,2.371608,0.35959604,0.97175427,19.24
366,5,4999,714,2qhv_OC9_A_1001,1,unimol,0.67665937,0.86669374,2.4992888,0.69932103,0.98433836,20.85
367,5,7480,1068,4ccu_AWF_A_1500,4,gnina,0.68245007,0.86429013,3.9992845,0.74613547,0.9759741,6.9163847
368,5,5573,796,2xhk_AKG_A_519,1,unimol,0.67665937,0.86345044,2.664197,0.61079496,0.85769051,17.79
369,5,5580,797,2xhk_AKG_B_519,1,unimol,0.67665937,0.86057022,2.7075272,0.63602138,0,18.01
370,5,17375,2482,6v8n_QS1_A_1704,1,unimol,0.67665937,0.85893126,2.6463022,0.73656505,0.99183913,26.53
371,5,12272,1753,5hss_650_B_402,1,unimol,0.72913882,0.85294133,3.9951696,1.1648544,0.94607063,21.47
372,5,4523,646,2npq_BOG_A_2000,1,unimol,0.87913895,0.85284292,3.796838,1.4056593,0.94598589,20.79
373,5,4544,649,2nry_STU_D_501,1,unimol,0.67665937,0.85188986,2.6086533,0.94573027,0.974346,26.3
374,5,4530,647,2nry_STU_A_504,1,unimol,0.67665937,0.85090784,2.6408393,0.9378041,0.97284677,28.71
375,5,4537,648,2nry_STU_C_503,1,unimol,0.67665937,0.85090784,2.6408393,0.9378041,0.98307711,24.04
376,5,17095,2442,6szt_M4Q_B_601,1,unimol,0.67665937,0.84123611,2.6959944,1.126129,0.98712058,18.56
377,5,6189,884,3ryd_SRT_A_271,1,unimol,0.67665937,0.83821575,2.8873618,1.0125312,0.4721969,18.22
378,5,6182,883,3ryd_SRT_A_267,1,unimol,0.67665937,0.83664197,2.9331281,1.0076208,0.11164381,17.72
379,5,2920,417,1wc7_PP3_A_1214,1,unimol,0.67665937,0.83362849,3.1297903,0.88983685,0.92140223,18.49
380,5,5552,793,2x6o_2TC_A_1209,1,unimol,0.67665937,0.82871382,3.2101557,0.93996251,0,24.5
381,5,13518,1931,5thu_B3N_B_404,1,unimol,0.67665937,0.8280217,3.4446242,0.72405994,0.36454961,25.75
382,5,11180,1597,5cjn_52F_A_809,1,unimol,0.67665937,0.82629096,3.2641575,0.95115221,0,15.17
383,5,11138,1591,5cga_KP6_B_301,1,unimol,0.67665937,0.82619026,3.1399965,1.0780345,0.98382462,20.2
384,5,11145,1592,5cga_KP6_C_301,1,unimol,0.67665937,0.82619026,3.1399965,1.0780345,0.98213717,20.93
385,5,11152,1593,5cga_KP6_E_301,1,unimol,0.67665937,0.82619026,3.1399965,1.0780345,0.96607774,23.68
386,5,11159,1594,5cga_KP6_H_301,1,unimol,0.67665937,0.82619026,3.1399965,1.0780345,0.98654367,23.84
387,5,13511,1930,5thu_B3N_A_404,1,unimol,0.67665937,0.82617142,3.5159795,0.70256096,0.9608277,24.04
388,5,10095,1442,4uy7_HIS_B_800,1,unimol,0.67665937,0.82542956,3.2652657,0.9733578,0,22.69
389,5,10088,1441,4uy7_HIS_A_800,1,unimol,0.67665937,0.82521725,3.2686923,0.9756887,0,16.3
390,5,9815,1402,4rg3_ECE_A_603,1,unimol,0.68483375,0.82271584,4.2731986,1.6870427,0.98836796,17.91
391,5,5867,838,2z7s_P01_A_1,1,unimol,0.73505338,0.81678202,5.2400727,1.0189266,0.95488661,19.5
392,5,7246,1035,4aql_TXC_A_1452,1,unimol,0.67665937,0.81546761,4.0423293,0.47132346,0,23.03
393,5,17235,2462,6toj_NQQ_A_201,1,unimol,0.67665937,0.8139434,3.8327579,0.72386795,0.98904011,26.06
394,5,15772,2253,6jx9_CQC_A_501,1,unimol,0.67665937,0.81340786,3.2736328,1.2981493,0.971403,21.41
395,5,17165,2452,6tbx_N0Z_A_302,1,unimol,0.87913895,0.81028495,4.6671662,1.845378,0.98603214,21.15
396,5,17585,2512,6yaw_P9H_B_502,1,unimol,0.67665937,0.80901615,3.8944042,0.80280572,0.96220098,25.7
397,5,12314,1759,5i0m_UMP_B_201,1,unimol,0.67665937,0.80700772,3.4148824,1.340372,0,20.6
398,5,2976,425,1x8x_TYR_A_952,1,unimol,0.67665937,0.80692027,3.9002717,0.85751933,0.95203449,14.29
399,5,3816,545,2dcf_ACA_A_501,1,unimol,0.67665937,0.80527836,3.3891766,1.4164056,0.97065714,28.67
400,5,7582,1083,4cle_JR2_B_1270,1,unimol,0.67665937,0.80365971,3.6542988,1.1986823,0,21.53
401,5,4103,586,2fu9_MP2_B_2410,1,unimol,0.67665937,0.80360084,3.6568718,1.1978397,0.99086491,23.78
402,5,13399,1914,5t85_44G_L_301,1,unimol,0.67665937,0.8035642,3.23928,1.6165068,0,27.95
403,5,4005,572,2f78_BEZ_B_1005,1,unimol,0.67665937,0.80342554,4.3118005,0.5480625,0.98672432,17.7
404,5,10655,1522,4zo7_GLC_A_806,1,unimol,0.67665937,0.80319706,3.2147303,1.6518527,0.8277337,23.72
405,5,7568,1081,4cle_JR2_A_1270,1,unimol,0.67665937,0.80236296,3.6952343,1.1959288,0,24.04
406,5,7799,1114,4d3s_BOG_F_1000,1,unimol,0.67756821,0.80182382,3.8491907,2.7698491,0.98758705,28.4
407,5,17031,2433,6sj8_44V_B_901,0,surfdock,0.68838162,0.80012029,5.3457108,1.4256971,0.99360757,2.4858739
408,6,8506,1215,4i02_CMP_D_302,1,unimol,0.68286239,0.99402093,2.1733017,0,0.98902808,22.42
409,6,8513,1216,4i02_CMP_F_301,1,unimol,0.67343273,0.9928711,2.1733017,0,0.99406744,25.99
410,6,5551,793,2x6o_2TC_A_1209,0,surfdock,0.69060777,0.97180245,2.3464453,0.24486195,0,4.4002253
411,6,8505,1215,4i02_CMP_D_302,0,surfdock,0.84407914,0.9702365,2.3865569,0.30158848,0.92813279,3.2086554
412,6,169,24,1bqp_MAN_B_401,1,unimol,0.67203525,0.92908474,2.1733017,0,0.96333196,23.29
413,6,176,25,1bqp_MAN_C_402,1,unimol,0.67203525,0.92908474,2.1733017,0,0.97204432,20.81
414,6,4229,604,2gx5_PCG_C_514,1,unimol,0.67203525,0.92908474,2.1733017,0,0,20.92
415,6,5328,761,2vkg_CF4_A_1064,1,unimol,0.67203525,0.92908474,2.1733017,0,0,24.17
416,6,5678,811,2y00_Y00_A_601,1,unimol,0.67203525,0.92908474,2.1733017,0,0.98996936,20.55
417,6,5685,812,2y00_Y00_B_601,1,unimol,0.67203525,0.92908474,2.1733017,0,0.9853551,25.37
418,6,5874,839,2zce_PYL_A_601,1,unimol,0.67203525,0.92908474,2.1733017,0,0,23.56
419,6,7302,1043,4bbx_LKF_A_1760,1,unimol,0.67203525,0.92908474,2.1733017,0,0,22.85
420,6,7309,1044,4bbx_LKF_B_1760,1,unimol,0.67203525,0.92908474,2.1733017,0,0,18.69
421,6,8471,1210,4i02_CMP_A_301,1,unimol,0.67203525,0.92908474,2.1733017,0,0.99317321,24.77
422,6,8478,1211,4i02_CMP_A_302,1,unimol,0.67203525,0.92908474,2.1733017,0,0.9840467,21.78
423,6,8485,1212,4i02_CMP_B_301,1,unimol,0.67203525,0.92908474,2.1733017,0,0.99292378,19.74
424,6,8492,1213,4i02_CMP_B_302,1,unimol,0.67203525,0.92908474,2.1733017,0,0.99049252,23.6
425,6,8499,1214,4i02_CMP_D_301,1,unimol,0.67203525,0.92908474,2.1733017,0,0.99265204,24.53
426,6,8520,1217,4i0b_CMP_A_301,1,unimol,0.67203525,0.92908474,2.1733017,0,0.99449971,15.67
427,6,8527,1218,4i0b_CMP_A_302,1,unimol,0.67203525,0.92908474,2.1733017,0,0.97654145,21.22
428,6,8534,1219,4i0b_CMP_B_301,1,unimol,0.67203525,0.92908474,2.1733017,0,0.99509246,17.16
429,6,9087,1298,4l8q_XMM_A_303,1,unimol,0.67203525,0.92908474,2.1733017,0,0.82378864,15.78
430,6,10067,1438,4ur9_BK9_A_1717,1,unimol,0.67203525,0.92908474,2.1733017,0,0.99511855,24.41
431,6,10074,1439,4ur9_BK9_B_1717,1,unimol,0.67203525,0.92908474,2.1733017,0,0.99591362,23.65
432,6,10123,1446,4v36_LYN_A_1851,1,unimol,0.67203525,0.92908474,2.1733017,0,1.1230582e-09,21.27
433,6,11943,1706,5g09_6DF_A_1475,1,unimol,0.67203525,0.92908474,2.1733017,0,0,29.9
434,6,11950,1707,5g09_6DF_B_1474,1,unimol,0.67203525,0.92908474,2.1733017,0,0.97162296,22.63
435,6,11957,1708,5g09_6DF_C_1475,1,unimol,0.67203525,0.92908474,2.1733017,0,0,25.58
436,6,11964,1709,5g09_6DF_D_1476,1,unimol,0.67203525,0.92908474,2.1733017,0,0,23.41
437,6,14498,2071,5ysh_5AD_D_605,1,unimol,0.67203525,0.92908474,2.1733017,0,0.98677077,27.34
438,6,14505,2072,5ysh_5AD_J_605,1,unimol,0.67203525,0.92908474,2.1733017,0,0.98087692,24.5
439,6,14526,2075,5z9b_HX3_B_303,1,unimol,0.67203525,0.92908474,2.1733017,0,0.98667353,19.18
440,6,14918,2131,6cgn_DA_A_801,1,unimol,0.67203525,0.92908474,2.1733017,0,0.9779484,23.54
441,6,16864,2409,6rbx_JYT_A_301,1,unimol,0.67203525,0.92908474,2.1733017,0,0.97331559,23.26
442,6,11796,1685,5fkl_TDC_A_222,1,unimol,0.67203525,0.92511809,2.2031307,0.042184614,0.93251321,16.52
443,6,8450,1207,4hzf_CMP_A_301,1,unimol,0.67203525,0.92500863,2.2039595,0.043356519,0.99347446,22.57
444,6,8464,1209,4hzf_CMP_B_301,1,unimol,0.67203525,0.92407715,2.2110224,0.053345207,0.99239072,22.06
445,6,5209,744,2uuj_896_B_1250,1,unimol,0.67203525,0.9239538,2.2119596,0.054670528,0.98661085,22.2
446,6,8457,1208,4hzf_CMP_A_302,1,unimol,0.67203525,0.92383847,2.2128353,0.055908863,0.98035391,18.65
447,6,16857,2408,6rbr_JXN_A_302,1,unimol,0.67203525,0.92327835,2.2170966,0.061935522,0.95237674,13.92
448,6,13952,1993,5w3k_9TY_B_401,1,unimol,0.67203525,0.92115197,2.2551348,0.063117854,0.95938069,19.46
449,6,10529,1504,4z6p_DHY_C_403,1,unimol,0.72852507,0.91629595,2.8245451,0.92099744,0.98302604,17.85
450,6,568,81,1g6n_CMP_B_622,1,unimol,0.67203525,0.91540959,2.277782,0.14775741,0.99243928,17.44
451,6,12741,1820,5jp9_DCM_A_401,1,unimol,0.67203525,0.91394956,2.2892141,0.16392483,0.93097189,18.04
452,6,12748,1821,5jp9_DCM_B_401,1,unimol,0.67203525,0.90513041,2.3594532,0.26325786,0.92004257,17.78
453,6,12853,1836,5kxb_NGA_B_305,1,unimol,0.67203525,0.90389549,2.369453,0.27739978,0.91942647,20.88
454,6,12860,1837,5kxb_NGA_C_305,1,unimol,0.67203525,0.90389549,2.369453,0.27739978,0.94395803,12.36
455,6,1387,198,1kdo_C_A_5407,1,unimol,0.71818174,0.90251303,3.2529557,0.79178959,0.97707829,18.57
456,6,16962,2423,6s23_KSW_B_402,1,unimol,0.67203525,0.89828163,2.4942687,0.26358709,0.97933453,20.16
457,6,14869,2124,6c1i_KNA_A_502,1,unimol,0.67203525,0.89744721,2.4223404,0.35219377,0.98234471,17.03
458,7,13378,1911,5t63_ALA_C_1,1,unimol,0.69249294,0.90204908,2.7794664,0.08938875,0,19.25
459,7,5450,778,2wdq_CBE_G_1130,4,gnina,0.71843842,0.89369588,3.1121645,1.1370151,7.6884478e-08,10.506499
460,7,13098,1871,5n8c_8Q8_A_403,1,unimol,0.69249294,0.88059234,2.9323435,0.3479836,0.5425519,28.23
461,7,16108,2301,6mae_JBA_A_301,1,unimol,0.69249294,0.84030927,3.1661198,0.97356528,0,20.91
462,7,1471,210,1kwc_BPY_B_401,1,unimol,0.69249294,0.83696597,3.4129531,0.80367982,0.99116452,15.83
463,7,12194,1742,5ha7_WY1_B_402,0,surfdock,0.65777032,0.83591206,2.6661928,0.25797948,0,3.4534377
464,7,9654,1379,4pxd_1AL_A_502,1,unimol,0.69249294,0.82562478,3.5789235,0.90574253,0.97824081,25.58
465,7,9661,1380,4pxd_1AL_B_502,1,unimol,0.69249294,0.82562478,3.5789235,0.90574253,0.98657202,23.58
466,7,512,73,1fsa_F6P_A_338,1,unimol,0.69249294,0.82541742,3.8303144,0.65935385,0.91052122,21.28
467,7,519,74,1fsa_F6P_B_338,1,unimol,0.69249294,0.82263801,3.7526271,0.80447578,0.97265526,23.86
468,7,1884,269,1nuw_F6P_A_2336,1,unimol,0.69249294,0.82257358,4.0116959,0.54697955,0.94570488,18.65
469,7,1891,270,1nux_F6P_A_2339,1,unimol,0.69249294,0.82257358,4.0116959,0.54697955,0.96440473,19.73
470,7,8800,1257,4j5h_1K4_A_303,1,unimol,0.69249294,0.82113722,3.79512,0.79868126,0.94585595,25.69
471,7,4845,692,2q28_TPP_A_4001,1,unimol,0.69249294,0.82029546,3.658026,0.95644587,0.97597414,22.55
472,7,4852,693,2q28_TPP_B_5001,1,unimol,0.69249294,0.82029546,3.658026,0.95644587,0.97857761,21.4
473,7,16206,2315,6nba_P1T_A_501,1,unimol,0.69249294,0.82012365,4.2359767,0.38272253,0,23.58
474,7,16213,2316,6nba_P1T_B_501,1,unimol,0.69249294,0.82012365,4.2359767,0.38272253,0,22.56
475,7,16220,2317,6nba_P1T_D_501,1,unimol,0.69249294,0.82012365,4.2359767,0.38272253,0.98758176,20.46
476,7,14288,2041,5y7a_KYN_A_502,1,unimol,0.69249294,0.81993122,3.8094709,0.81396627,0,21.22
477,7,13728,1961,5uio_LG3_E_201,1,unimol,0.69249294,0.8090043,4.385397,0.51261896,0.99514181,22.7
478,7,13707,1958,5uio_LG3_A_201,1,unimol,0.69249294,0.80575872,4.4146838,0.56704807,0,20.24
479,7,13714,1959,5uio_LG3_B_201,1,unimol,0.69249294,0.80575872,4.4146838,0.56704807,0.32725675,20.81
480,7,13721,1960,5uio_LG3_C_201,1,unimol,0.69249294,0.80575872,4.4146838,0.56704807,0.99352153,15.71
481,7,17431,2490,6vo2_R67_A_403,1,unimol,0.69249294,0.80327163,4.515224,0.53134769,0.85925299,15.04
482,7,7316,1045,4bdr_CYS_B_804,1,unimol,0.69249294,0.80005799,4.7236795,0.40757293,0.64059435,15.76
483,7,12188,1741,5ha7_WY1_A_402,1,unimol,0.69249294,0.8000004,4.0368261,1.0959522,0.97798684,18.63
484,7,2087,298,1pfw_MF3_A_553,1,unimol,0.69249294,0.79892538,3.8170967,1.3442436,0.99201225,16.52
485,7,4004,572,2f78_BEZ_B_1005,0,surfdock,0.56469409,0.79862928,2.9169981,0.574022,0.99813612,2.2740306
486,7,9164,1309,4lz7_1YW_B_804,1,unimol,0.69249294,0.79818699,3.8871593,1.2938637,0.95077782,20.97
487,7,7323,1046,4bdr_KAI_B_900,1,unimol,0.69249294,0.7971509,3.9843543,1.2243836,0.96895492,18.94
488,7,13140,1877,5njb_BB2_C_502,1,unimol,0.69249294,0.79694964,3.843425,1.3707072,0.95452207,31.07
489,7,13133,1876,5njb_BB2_A_502,1,unimol,0.69249294,0.79533527,3.8557146,1.4018474,0.96036736,27.78
490,7,14085,2012,5x2m_GLN_A_951,1,unimol,0.69249294,0.79528877,3.7118092,1.5470073,0,25.64
491,7,6588,941,3vq4_0NX_A_305,1,unimol,0.69249294,0.79517609,4.5073895,0.75447023,0.9885928,13.8
492,7,11628,1661,5eso_ISC_B_602,1,unimol,0.69249294,0.79445774,4.8001752,0.4811058,0,22.4
493,7,12783,1826,5kcj_6RM_B_302,1,unimol,0.69249294,0.79398627,4.1310954,1.1629593,0.99481248,20.38
494,7,14092,2013,5x2m_GLN_D_951,1,unimol,0.69249294,0.78902258,3.802357,1.6275955,0,27.01
495,7,4152,593,2fzb_TOL_A_800,1,unimol,0.69249294,0.78724984,4.4258866,1.0532242,0.96882965,24.11
496,7,14519,2074,5z54_0HZ_D_303,1,unimol,0.71893867,0.78721398,5.5154076,1.5461206,0,25.18
497,7,16205,2315,6nba_P1T_A_501,0,surfdock,0.55788707,0.78551661,2.3081734,0,0,4.0355285
498,7,16212,2316,6nba_P1T_B_501,0,surfdock,0.55788707,0.78551661,2.3081734,0,0,3.8999835
499,7,16219,2317,6nba_P1T_D_501,0,surfdock,0.55788707,0.78551661,2.3081734,0,0,3.9110403
500,7,6581,940,3vq4_0NX_A_304,1,unimol,0.69249294,0.78493576,4.7246857,0.81909651,0.98286377,16.24
501,7,3585,512,2bgc_DTT_F_1238,1,unimol,0.69249294,0.78435073,5.2663693,0.29385129,0,34.54
502,7,14287,2041,5y7a_KYN_A_502,0,surfdock,0.55788707,0.78295073,2.3293331,0.029924151,0.9182321,3.1640811
503,7,4145,592,2fzb_TOL_A_600,1,unimol,0.69249294,0.78210571,4.5861697,1.0374845,0.99113834,19.96
504,7,365,52,1e48_13P_P_302,1,unimol,0.69249294,0.7809468,4.0808043,1.575809,0,19.05
505,7,4159,594,2fzb_TOL_A_900,1,unimol,0.69249294,0.77997444,4.4754262,1.2089547,0.96631681,26.78
506,7,12544,1792,5j4k_6FZ_A_404,0,surfdock,0.56420926,0.77865696,3.1592004,0.72034341,0.98689663,2.4127671
507,7,1023,146,1hsr_BHO_A_800,1,unimol,0.69249294,0.77856341,3.9698517,1.7550062,0.99188539,21.33
508,8,12454,1779,5in3_G1P_B_418,1,unimol,0.68809647,0.91820481,2.5134182,0.11912085,0.98134431,23.55
509,8,6574,939,3vnm_SDD_D_301,1,unimol,0.68809647,0.87073139,2.902386,0.6226725,0,18.19
510,8,6553,936,3vnj_PSJ_B_301,1,unimol,0.68809647,0.86851962,3.0263674,0.54387605,0,19.22
511,8,6560,937,3vnj_PSJ_D_301,1,unimol,0.68809647,0.86851962,3.0263674,0.54387605,0,23.97
512,8,6567,938,3vnm_SDD_A_301,1,unimol,0.68809647,0.86589873,2.9575872,0.66664809,0,23.23
513,8,6545,935,3vnj_PSJ_A_301,0,surfdock,0.57996635,0.86102984,2.4030523,0.082160503,0,2.818328
514,8,3431,490,2agw_TSS_D_3001,1,unimol,0.68809647,0.85917109,3.0919473,0.67315197,0,16.65
515,8,3438,491,2agw_TSS_H_2001,1,unimol,0.68809647,0.85832182,3.1218224,0.66129309,0,20.21
516,8,4008,572,2f78_BEZ_B_1005,4,gnina,0.6402537,0.84277964,2.5583808,0.30182788,0.018186831,1.7594598
517,8,15065,2152,6e43_BEZ_D_502,1,unimol,0.68809647,0.83668432,3.1986935,1.0621445,0.97326257,23.33
518,8,15044,2149,6e43_BEZ_A_502,1,unimol,0.68809647,0.83654595,3.1823323,1.0816802,0.96889248,17.64
519,8,15051,2150,6e43_BEZ_B_502,1,unimol,0.68809647,0.83654595,3.1823323,1.0816802,0.98789407,18.52
520,8,15058,2151,6e43_BEZ_C_502,1,unimol,0.68809647,0.83654595,3.1823323,1.0816802,0.9766264,20.59
521,8,7386,1055,4bvh_OCZ_B_1392,1,unimol,0.68809647,0.83583313,4.2033734,0.077018209,0,24.93
522,8,2808,401,1vje_MSE_A_401,1,unimol,0.68809647,0.83470632,3.3559597,0.95041126,0.89802039,18.57
523,8,7393,1056,4bvh_OCZ_C_1394,1,unimol,0.68809647,0.83418463,4.2472901,0.071144931,0,19.19
524,8,12352,1764,5i8s_LEA_A_202,4,gnina,0.74316735,0.83314424,4.5349288,1.1802913,0.8744518,1.6472049
525,8,12978,1854,5m0t_AKG_A_302,0,surfdock,0.54695122,0.82552845,2.7645407,0.30053172,0.99488046,2.727667
526,8,6966,995,3zjq_NCA_B_300,1,unimol,0.68809647,0.82178317,3.6243269,0.98767436,0.98803469,22.22
527,8,2255,322,1q6r_LX1_A_7301,1,unimol,0.68809647,0.82033485,4.0608449,0.58631051,0,18.31
528,8,2262,323,1q6r_LX1_B_9301,1,unimol,0.68809647,0.82033485,4.0608449,0.58631051,0,19.94
529,8,10563,1509,4zbc_FRU_A_409,0,surfdock,0.53922865,0.81854769,2.6664879,0.25987116,0.99597874,2.616858
530,8,6546,935,3vnj_PSJ_A_301,1,unimol,0.68419786,0.81080123,3.0114758,0.53267074,0,17.99
531,8,736,105,1h18_DTL_A_9009,1,unimol,0.7401608,0.80853414,4.4384542,1.957,0,28.84
532,8,1093,156,1isx_XYP_A_1461,1,unimol,0.68809647,0.80568091,3.88346,1.1301249,0.96506034,15.52
533,8,1100,157,1isx_XYP_B_961,1,unimol,0.68809647,0.80568091,3.88346,1.1301249,0.97208371,20.65
534,8,5538,791,2x05_X05_B_1900,1,unimol,0.68809647,0.80560885,3.8014765,1.2139617,0,19.91
535,8,5531,790,2x05_X05_A_1900,1,unimol,0.68809647,0.80272713,3.8527184,1.237169,0,21.73
536,9,6980,997,3zog_A2Q_A_200,1,unimol,0.66729157,0.93660952,2.3388262,0,0,20.03
537,9,12734,1819,5joy_6LW_B_602,1,unimol,0.66729157,0.85518728,3.2136526,0.61981183,0.93147422,19.96
538,9,11761,1680,5fe4_5WY_A_903,1,unimol,0.66729157,0.81916964,3.7597067,0.88143247,0.99298581,20.48
539,9,11768,1681,5fe4_5WY_B_904,1,unimol,0.66729157,0.81916964,3.7597067,0.88143247,0.99050938,13.98
540,9,6448,921,3v1s_0LH_B_401,1,unimol,0.66729157,0.80036874,4.041748,1.0649612,0.99579135,24.28
541,9,11747,1678,5fe1_12Q_A_901,1,unimol,0.66729157,0.79641124,4.3501062,0.85882765,0.99322233,17.18
542,9,11754,1679,5fe1_12Q_B_901,1,unimol,0.66729157,0.79641124,4.3501062,0.85882765,0.99310914,18.53
543,9,6979,997,3zog_A2Q_A_200,0,surfdock,0.54562093,0.79390131,2.3388262,0,0,1.9724082
544,9,7238,1034,4al9_GLA_G_1123,0,surfdock,0.67557146,0.78595489,4.612988,2.3372431,0.96910569,2.3714074
545,9,13147,1878,5nnw_GCS_D_302,1,unimol,0.66729157,0.78110679,4.7279935,0.89099461,0,18.42
546,9,11746,1678,5fe1_12Q_A_901,0,surfdock,0.54562093,0.78098746,2.4423091,0.1463469,0.99711882,2.4373441
547,9,11753,1679,5fe1_12Q_B_901,0,surfdock,0.54562093,0.78098746,2.4423091,0.1463469,0.99708093,2.4608628
548,9,3998,571,2f78_BEZ_B_1002,1,unimol,0.66729157,0.77290153,4.819097,1.0298327,0.9960496,23.36
549,9,3984,569,2f78_BEZ_A_1001,1,unimol,0.66729157,0.77157052,4.8439217,1.0430021,0.98845297,22.09
550,9,4502,643,2jig_PD2_A_1254,1,unimol,0.66729157,0.76902019,4.5395875,1.4206872,0.99521059,21.17
551,9,12733,1819,5joy_6LW_B_602,0,surfdock,0.54562093,0.76586077,2.5702436,0.32727367,0.0075773133,2.4667985
552,9,11474,1639,5e9m_BAE_A_2001,1,unimol,0.66729157,0.76554393,4.2228775,1.8385614,0.98347443,19.43
553,9,11760,1680,5fe4_5WY_A_903,0,surfdock,0.54562093,0.75138681,2.6999619,0.51072323,0.9972424,2.5724385
554,9,11767,1681,5fe4_5WY_B_904,0,surfdock,0.54562093,0.75138681,2.6999619,0.51072323,0.99617209,2.599196
555,9,1345,192,1k8z_IAG_A_501,1,unimol,0.66729157,0.7494746,5.553534,0.99398172,0.96225639,21.73
556,9,4866,695,2qab_EI1_A_1,1,unimol,0.66729157,0.7461117,5.5301642,1.123069,0.98420168,21.74
557,9,3997,571,2f78_BEZ_B_1002,0,surfdock,0.54562093,0.74536076,2.7562096,0.59026963,0.99407507,2.3236686
558,9,3983,569,2f78_BEZ_A_1001,0,surfdock,0.54562093,0.74417266,2.7674606,0.60618025,0.99520585,2.2773014
559,9,11250,1607,5d9w_ASC_A_301,1,unimol,0.66729157,0.74331101,4.6952996,2.0470748,0,18.73
560,9,3633,519,2bx7_34D_B_1313,0,surfdock,0.54694804,0.74325557,3.5384662,1.2610434,0.98041028,2.6511915
561,9,15029,2147,6e40_BBJ_B_502,0,surfdock,0.54562093,0.74196041,2.9736872,0.45087993,0,3.8960328
562,9,15036,2148,6e40_BBJ_D_502,0,surfdock,0.54562093,0.74177034,2.9762259,0.45273817,0,3.9760494
563,9,15022,2146,6e40_BBJ_A_502,0,surfdock,0.54562093,0.74100937,2.9864044,0.46019694,0.96757395,4.0744624
564,9,12755,1822,5jtt_6MY_A_902,1,unimol,0.66729157,0.7380964,4.6357341,2.2753236,0,21.59
565,9,1344,192,1k8z_IAG_A_501,0,surfdock,0.54562093,0.73741688,2.9276059,0.60299635,0.99442625,3.3719875
566,9,6447,921,3v1s_0LH_B_401,0,surfdock,0.54562093,0.7371002,2.9864528,0.55161327,0.99373495,2.6767541
567,9,11649,1664,5ewc_5SJ_A_801,1,unimol,0.66729157,0.73623802,5.7586036,1.2134372,0,15.9
568,9,5635,805,2xul_AKG_E_201,0,surfdock,0.54587019,0.730137,3.9021759,1.2198913,0.99308964,2.7004374
569,9,15037,2148,6e40_BBJ_D_502,1,unimol,0.66729157,0.72912483,5.1600871,2.0496991,0,25.72
570,9,15030,2147,6e40_BBJ_B_502,1,unimol,0.66729157,0.72910203,5.1592364,2.0513229,0.91643021,21.52
571,9,12754,1822,5jtt_6MY_A_902,0,surfdock,0.54562093,0.72857705,2.9305165,0.81209755,0,3.9764336
572,9,15023,2146,6e40_BBJ_A_502,1,unimol,0.66729157,0.72847672,5.1745324,2.0572636,0.86917614,22.8
573,9,4865,695,2qab_EI1_A_1,0,surfdock,0.54562093,0.72768718,3.4092474,0.35513717,0.99637467,3.5235664
574,9,15659,2237,6j4t_IMP_A_401,0,surfdock,0.57155326,0.72746479,4.2252297,1.3716927,0,3.9682666
575,9,11446,1635,5dzh_5KG_B_901,1,unimol,0.66729157,0.7272812,7.0293732,0.24317543,0.98898475,23.58
576,9,11439,1634,5dzh_5KG_A_900,1,unimol,0.66729157,0.72726687,6.9227233,0.35031566,0.96594865,25.71
577,9,1338,191,1k5s_GRO_B_601,1,unimol,0.66729157,0.72296292,5.9833202,1.4381158,0.96654426,22.38
578,9,10567,1509,4zbc_FRU_A_409,4,gnina,0.55319632,0.72136784,4.9930859,0.70581836,0.00023153372,2.2273245
579,9,3038,434,1xny_BTN_A_5602,0,surfdock,0.54562093,0.72050099,3.2301941,0.71297276,0.96277469,2.948387
580,9,588,84,1g79_PLP_A_260,0,surfdock,0.54720662,0.71859958,3.9515114,1.5528069,8.7059167e-05,2.799278
581,9,2752,393,1uux_PPI_A_1165,1,unimol,0.66729157,0.71816291,6.2598495,1.3302461,0.93079883,20.12
582,9,1030,147,1i8a_BGC_A_189,1,unimol,0.70503414,0.71605953,7.2343984,2.2042542,0.89975852,19.59
583,9,5608,801,2xta_TPP_C_2001,1,unimol,0.66729157,0.71549424,5.7303085,1.9550271,0.97577661,26.02
584,9,4312,616,2htu_BCZ_A_801,0,surfdock,0.54562093,0.71545145,3.2370822,0.83494645,0,3.8575939
585,9,5601,800,2xta_TPP_B_2001,1,unimol,0.66729157,0.71533321,5.7149215,1.9761949,0,33.13
586,10,7981,1140,4e7v_CRS_1_101,1,unimol,0.67085759,0.93630925,2.3242054,0,0.98431918,19.38
587,10,7988,1141,4e7v_CRS_3_101,1,unimol,0.67085759,0.93630925,2.3242054,0,0.97780262,22.35
588,10,8051,1150,4e7v_CRS_Y_101,1,unimol,0.67085759,0.93630925,2.3242054,0,0.98949961,14.47
589,10,8037,1148,4e7v_CRS_S_101,1,unimol,0.67085759,0.93233765,2.3505027,0.037189815,0.98539739,18.74
590,10,7995,1142,4e7v_CRS_E_101,1,unimol,0.67085759,0.93047181,2.3629735,0.054826196,0.9905427,21.31
591,10,8002,1143,4e7v_CRS_G_101,1,unimol,0.67085759,0.93047181,2.3629735,0.054826196,0.99519348,15.9
592,10,8009,1144,4e7v_CRS_I_101,1,unimol,0.67085759,0.93047181,2.3629735,0.054826196,0.98707028,18.44
593,10,8016,1145,4e7v_CRS_M_101,1,unimol,0.67085759,0.93047181,2.3629735,0.054826196,0.98743952,18.92
594,10,8023,1146,4e7v_CRS_O_101,1,unimol,0.67085759,0.93047181,2.3629735,0.054826196,0.98736929,20.43
595,10,8030,1147,4e7v_CRS_Q_101,1,unimol,0.67085759,0.93047181,2.3629735,0.054826196,0.98753869,20.18
596,10,8044,1149,4e7v_CRS_U_101,1,unimol,0.67085759,0.93047181,2.3629735,0.054826196,0.99039757,20.67
597,10,582,83,1g72_PQQ_C_703,1,unimol,0.67085759,0.85968912,3.6148674,0.093888536,0,22.33
598,10,8835,1262,4jb0_FER_A_401,1,unimol,0.67085759,0.84554285,3.4135401,0.59282929,0,20.92
599,10,6483,926,3vbn_TYD_E_301,1,unimol,0.67085759,0.84004567,3.0705736,1.0555239,0,21.27
600,10,15639,2234,6ijn_6MZ_A_401,1,unimol,0.67085759,0.83541393,3.1161282,1.1126889,0.98973567,16.8
601,10,6476,925,3vbn_TYD_A_301,1,unimol,0.67085759,0.83476116,3.1191742,1.1242557,0,18.59
602,10,10669,1524,4zsy_RW2_A_502,1,unimol,0.67085759,0.825672,3.7801292,0.67040473,0.93005886,29.75
603,10,10683,1526,4zsy_RW2_C_502,1,unimol,0.67085759,0.82553185,3.7886422,0.66513962,0,24.04
604,10,10676,1525,4zsy_RW2_B_502,1,unimol,0.67085759,0.82517755,3.8100471,0.65194887,0,27.72
605,10,10690,1527,4zsy_RW2_D_502,1,unimol,0.67085759,0.82510604,3.8143494,0.64930564,0,26.24
606,10,2997,428,1xid_ASC_A_389,1,unimol,0.67085759,0.8111473,3.7301209,1.0659331,0.89814863,15.76
607,10,1470,210,1kwc_BPY_B_401,0,surfdock,0.63025158,0.80240113,3.2529776,0.40504825,0.99651389,2.9560349
608,10,5866,838,2z7s_P01_A_1,0,surfdock,0.62383164,0.80203501,3.0288715,0.49845749,0.73019444,4.2077217
609,10,6896,985,3wwc_BUA_A_402,1,unimol,0.67085759,0.79682922,4.6160665,0.53925377,0,15.67
610,10,7980,1140,4e7v_CRS_1_101,0,surfdock,0.56922079,0.79034038,2.3242054,0,0,2.0024688
611,10,7987,1141,4e7v_CRS_3_101,0,surfdock,0.56922079,0.79034038,2.3242054,0,0.99789088,2.1265068
612,10,7994,1142,4e7v_CRS_E_101,0,surfdock,0.56922079,0.79034038,2.3242054,0,0.25271518,2.2444065
613,10,8001,1143,4e7v_CRS_G_101,0,surfdock,0.56922079,0.79034038,2.3242054,0,0.99448582,2.1405284
614,10,8008,1144,4e7v_CRS_I_101,0,surfdock,0.56922079,0.79034038,2.3242054,0,0.9978539,2.2362911
615,10,8015,1145,4e7v_CRS_M_101,0,surfdock,0.56922079,0.79034038,2.3242054,0,0.99555703,1.5826159
616,10,8022,1146,4e7v_CRS_O_101,0,surfdock,0.56922079,0.79034038,2.3242054,0,0.9942327,2.2200898
617,10,8029,1147,4e7v_CRS_Q_101,0,surfdock,0.56922079,0.79034038,2.3242054,0,0.99832261,2.0923158
618,10,8036,1148,4e7v_CRS_S_101,0,surfdock,0.56922079,0.79034038,2.3242054,0,0.18070844,2.1735846
619,10,8043,1149,4e7v_CRS_U_101,0,surfdock,0.56922079,0.79034038,2.3242054,0,0.99700699,2.2591896
620,10,8050,1150,4e7v_CRS_Y_101,0,surfdock,0.56922079,0.79034038,2.3242054,0,0.99746277,2.0818356
621,10,15638,2234,6ijn_6MZ_A_401,0,surfdock,0.56922079,0.79034038,2.3242054,0,0.95466967,4.1791798
622,10,12202,1743,5hc0_NPO_A_402,1,unimol,0.67085759,0.78930633,3.6112907,1.7406754,0.96444565,17.96
623,10,6903,986,3wwc_BUA_A_403,1,unimol,0.67085759,0.78387549,4.6964827,0.80097646,0.98285024,14.45
624,10,5405,772,2w1a_TSA_C_1091,1,unimol,0.67085759,0.78375534,5.0892878,0.41142383,0.99316705,23.75
625,10,5412,773,2w1a_TSA_D_1091,1,unimol,0.67085759,0.78334371,5.1106458,0.4012236,0.99394766,17.24
626,10,17487,2498,6x9d_HYP_A_2002,1,unimol,0.67085759,0.78325458,4.6796284,0.8346597,0,22.86
627,10,6776,968,3wk1_O7E_A_301,0,surfdock,0.56922079,0.78209735,2.3894739,0.092303619,0.98620248,3.5634024
628,10,10536,1505,4za7_4LV_A_606,1,unimol,0.67085759,0.77626965,4.456645,1.2497319,0.85111147,20.99
629,10,6629,947,3w4i_8LG_A_402,0,surfdock,0.56922079,0.77403307,2.4636621,0.1771699,0.35536132,4.2170304
630,10,4691,670,2oci_TYC_A_401,1,unimol,0.67085759,0.77323168,5.0299535,0.76159692,0.85657699,18.5
631,10,6777,968,3wk1_O7E_A_301,1,unimol,0.67085759,0.77219098,3.772609,2.048352,0,23.09
632,10,12201,1743,5hc0_NPO_A_402,0,surfdock,0.56922079,0.77217694,2.4708128,0.20733429,0.9968218,2.1918515
633,10,17486,2498,6x9d_HYP_A_2002,0,surfdock,0.56922079,0.77091165,2.4814136,0.22232598,0.97339818,2.4746377
634,10,3451,493,2ahc_VNL_B_266,0,surfdock,0.56922079,0.76794525,2.5064723,0.25776452,0.99686779,2.9240218
635,10,3458,494,2ahc_VNL_D_466,0,surfdock,0.56922079,0.76782332,2.5075085,0.25922975,0.99549928,2.9002167
636,11,994,142,1ho5_ADN_B_2604,0,surfdock,0.6815929,0.89230832,3.1614037,0.72279322,0.97807602,3.3294322
637,11,8730,1247,4iph_1FJ_A_201,1,unimol,0.6689181,0.87699896,2.7504084,0.26791242,0,17.99
638,11,17374,2482,6v8n_QS1_A_1704,0,surfdock,0.68417382,0.87156781,3.5433195,0.8517319,0,4.8363203
639,11,8737,1248,4iph_1FJ_A_202,1,unimol,0.6689181,0.85891608,2.8121681,0.54947978,0,32.35
640,11,7141,1020,4a9j_TYL_C_1184,1,unimol,0.6689181,0.85101766,2.9701481,0.54837447,0.99584009,16.66
641,11,7127,1018,4a9j_TYL_A_1188,1,unimol,0.6689181,0.8488054,2.9966462,0.56660181,0.99128895,21.84
642,11,7134,1019,4a9j_TYL_B_1187,1,unimol,0.6689181,0.8488054,2.9966462,0.56660181,0.99386227,21.14
643,11,12145,1735,5h24_LQG_B_501,0,surfdock,0.71451111,0.84315162,3.6998491,1.4017822,0.93618506,3.4331341
644,11,17703,2529,7bqu_EF2_A_501,0,surfdock,0.68496091,0.83523397,3.9632635,1.3100312,0.78958698,4.8244849
645,11,6524,932,3vc3_C6P_F_501,0,surfdock,0.67746384,0.82885551,3.8391693,1.3997412,0.64304037,4.1961572
646,11,980,140,1hkn_N2M_C_4138,0,surfdock,0.68239153,0.81027136,3.83583,1.9759496,0.9783261,2.6297896
647,11,5873,839,2zce_PYL_A_601,0,surfdock,0.65641636,0.80957926,2.7182429,0.40194514,0.72339306,3.3358917
648,11,13126,1875,5nj0_8YW_A_301,1,unimol,0.6689181,0.80803542,3.1310856,1.3233246,0.95160543,26.85
649,11,12740,1820,5jp9_DCM_A_401,0,surfdock,0.67204691,0.80075469,4.0366225,1.9046479,0,3.4574453
650,11,11319,1617,5die_5CJ_A_601,0,surfdock,0.68457313,0.79460114,3.9584892,2.3803213,0.9934629,3.8432884
651,11,8729,1247,4iph_1FJ_A_201,0,surfdock,0.62040578,0.79208901,2.195354,0,0.98293708,3.4917041
652,11,8736,1248,4iph_1FJ_A_202,0,surfdock,0.62040578,0.79011256,2.2103884,0.021261904,0.0023835989,2.3903207
653,11,12747,1821,5jp9_DCM_B_401,0,surfdock,0.6698694,0.7896575,4.1428285,2.0775294,0.9815708,3.5409343
654,11,16961,2423,6s23_KSW_B_402,0,surfdock,0.68168246,0.78509221,4.3976541,2.0962403,0.21864376,2.025134
655,11,8912,1273,4k5u_GAL_B_301,1,unimol,0.6689181,0.78347913,4.3630152,0.69655359,0.98416174,22.5
656,11,8926,1275,4k5u_GAL_D_301,1,unimol,0.6689181,0.78162485,4.4339252,0.67366892,0.98754743,23.4
657,11,7875,1125,4dch_GLC_A_501,0,surfdock,0.68251524,0.78089246,4.0452857,2.6046937,0,2.5463556
658,11,8919,1274,4k5u_GAL_C_301,1,unimol,0.6689181,0.78066352,4.4163604,0.71626717,0.98466455,21.3
659,11,7140,1020,4a9j_TYL_C_1184,0,surfdock,0.62040578,0.77965768,2.2918279,0.13643463,0.99701044,2.6364611
660,11,7126,1018,4a9j_TYL_A_1188,0,surfdock,0.62040578,0.77879321,2.2987092,0.1461664,0.99415303,2.5292931
661,11,7133,1019,4a9j_TYL_B_1187,0,surfdock,0.62040578,0.77879321,2.2987092,0.1461664,0.99918209,2.3689557
662,11,16598,2371,6q4k_HHW_A_301,1,unimol,0.6689181,0.77620115,4.1311679,1.1188818,0.9802355,19.6
663,11,16597,2371,6q4k_HHW_A_301,0,surfdock,0.62040578,0.77573856,2.3240409,0.17998023,0.98913197,3.0744412
664,11,4690,670,2oci_TYC_A_401,0,surfdock,0.65722481,0.77516718,2.9259093,0.99329698,0.99565989,2.8094256
665,11,17549,2507,6xu3_PLP_D_401,0,surfdock,0.62040578,0.77388773,2.3381937,0.20200591,0,3.3555834
666,11,14665,2095,6abm_9VR_A_505,0,surfdock,0.62040578,0.77304463,2.3450561,0.21171071,0,4.6345689
667,11,15569,2224,6ho2_GHN_A_301,1,unimol,0.6689181,0.77012331,3.8213129,1.5919658,0.98649849,20.7
668,11,16604,2372,6q4k_HHW_A_302,0,surfdock,0.62040578,0.76549951,2.4433925,0.26407582,0.96633229,2.9677423
669,11,16605,2372,6q4k_HHW_A_302,1,unimol,0.6689181,0.76212185,4.3263202,1.3078289,0.97261115,17.04
670,11,17227,2461,6tog_NQH_A_201,0,surfdock,0.68400808,0.75933631,5.0782719,2.3109176,0.97943118,2.6880132
671,11,14868,2124,6c1i_KNA_A_502,0,surfdock,0.6822822,0.75902968,4.7820907,2.5400023,0.00045524375,2.8018676
672,11,337,48,1duc_DUD_A_201,1,unimol,0.6689181,0.75754076,4.8168159,0.94695199,0,25.95
673,11,1625,232,1lzz_IHG_B_1830,1,unimol,0.6689181,0.75748754,4.7313166,1.0339717,0.9348825,23.75
674,11,4781,683,2prl_R2C_A_400,0,surfdock,0.68324273,0.75746441,5.236259,2.1793809,0.98308756,4.1368645
675,11,10073,1439,4ur9_BK9_B_1717,0,surfdock,0.68498561,0.75541721,6.9707413,0.60237694,0.0012290962,2.4876347
676,11,10066,1438,4ur9_BK9_A_1717,0,surfdock,0.6848272,0.75510826,6.9707413,0.60237694,0.99030694,2.3976254
677,11,8911,1273,4k5u_GAL_B_301,0,surfdock,0.62040578,0.75172558,2.5263195,0.46805602,0,3.1451917
678,11,8918,1274,4k5u_GAL_C_301,0,surfdock,0.62040578,0.74897745,2.5553267,0.49819303,0.92530297,2.489696
679,11,8925,1275,4k5u_GAL_D_301,0,surfdock,0.62040578,0.74864344,2.568125,0.49262676,0,2.4100229
680,11,9142,1306,4lvb_20N_B_601,0,surfdock,0.62040578,0.74688055,2.5696933,0.52939552,0.99380289,2.351584
681,11,939,134,1h7q_TYD_A_1258,1,unimol,0.6689181,0.74647528,4.5041308,1.5826288,0,19.81
682,11,938,134,1h7q_TYD_A_1258,0,surfdock,0.62040578,0.74526426,2.5843508,0.55012447,0.55942237,3.8327271
683,11,17606,2515,6zac_QDE_A_4000,1,unimol,0.6689181,0.74517481,4.4715958,1.6540713,0.9478002,23.68
684,11,9863,1409,4rm3_FOA_B_1000,0,surfdock,0.68425285,0.74435216,5.7141118,2.1930866,0.98819616,2.2897393
685,11,9856,1408,4rm3_FOA_A_1000,0,surfdock,0.68393982,0.74388637,5.708468,2.1982634,0.97910876,2.3501219
686,12,5404,772,2w1a_TSA_C_1091,0,surfdock,0.70574403,0.89328593,3.4912097,0.46147418,0.94764895,2.9793082
687,12,5411,773,2w1a_TSA_D_1091,0,surfdock,0.70594525,0.89153136,3.5591385,0.43449801,0.97137595,2.9986503
688,12,14525,2075,5z9b_HX3_B_303,0,surfdock,0.70407025,0.85260837,3.7004268,1.0736456,0.97160376,2.4985707
689,12,10473,1496,4yu7_DHC_B_203,1,unimol,0.67158897,0.82548871,3.1935472,0.84825993,0.83104606,24.28
690,12,10459,1494,4yu7_DHC_A_203,1,unimol,0.67158897,0.82531233,3.1957643,0.84985024,0.12943757,19.83
691,12,10466,1495,4yu7_DHC_A_204,1,unimol,0.67158897,0.82472406,3.2031643,0.85516125,0.88076034,18.71
692,12,11187,1598,5clo_NS8_M_101,1,unimol,0.67158897,0.81496009,3.1587121,1.1146162,0.98830412,18.69
693,12,2996,428,1xid_ASC_A_389,0,surfdock,0.68125181,0.80796934,4.7547879,0.93381631,0.9912334,2.61429
694,12,4404,629,2iyq_SKM_A_201,1,unimol,0.67158897,0.80466305,3.3530872,1.1555144,0.96253333,18.67
695,12,1960,280,1o6g_SIN_A_724,0,surfdock,0.68631727,0.79316063,5.047122,1.0533664,0.96743382,3.4503638
696,12,4879,697,2qb4_DSM_A_801,0,surfdock,0.70467745,0.79148232,4.574657,1.760883,0.9771008,3.6124669
697,12,13300,1900,5oir_9W8_A_302,0,surfdock,0.67791387,0.78693841,4.8342915,1.4230888,0.45972074,3.4277414
698,12,4117,588,2fyd_BGC_D_530,1,unimol,0.67265071,0.78554792,5.7417817,0.53252655,0.98317917,23.21
699,12,2205,315,1pzy_NAG_B_405,0,surfdock,0.69957571,0.78488733,5.0244575,1.3853499,0.96747266,3.0496527
700,12,4886,698,2qb4_DSM_A_802,0,surfdock,0.70127606,0.7820067,4.7324753,1.7886753,0.97363166,3.1255423
701,12,1337,191,1k5s_GRO_B_601,0,surfdock,0.69888167,0.78189707,5.3355751,1.1525617,0,2.6523296
702,12,10472,1496,4yu7_DHC_B_203,0,surfdock,0.62421761,0.78028494,2.3674095,0.10410243,0,2.5853719
703,12,245,35,1cq1_BGC_B_455,0,surfdock,0.69148363,0.78023703,4.561995,1.9207301,0.66765475,2.4181228
704,12,10458,1494,4yu7_DHC_A_203,0,surfdock,0.62421761,0.77999443,2.3705785,0.10639717,0.43601167,2.4348103
705,12,10465,1495,4yu7_DHC_A_204,0,surfdock,0.62421761,0.77902514,2.3811734,0.11407343,0.57327386,2.4916905
706,12,2667,381,1u1g_BBB_C_5300,0,surfdock,0.70274373,0.7763242,6.0499253,0.67252135,0,4.4417145
707,12,6377,911,3u3o_3QV_A_297,0,surfdock,0.70474111,0.77326913,4.4189897,2.4543293,3.4594526e-05,2.5725187
708,12,11795,1685,5fkl_TDC_A_222,0,surfdock,0.69010973,0.77301706,4.7933688,1.8967752,0,4.3808355
709,12,2660,380,1u1g_BBB_B_4300,0,surfdock,0.6960731,0.77015531,6.0541816,0.76194578,0,4.4001362
710,12,4403,629,2iyq_SKM_A_201,0,surfdock,0.62421761,0.76993648,2.4072731,0.26267096,0.94684248,2.6745464
711,12,2674,382,1u1g_BBB_D_6300,0,surfdock,0.6954114,0.7699278,6.0541816,0.76194578,0,4.5223036
712,12,6370,910,3u3o_3QV_A_296,0,surfdock,0.7054473,0.76628308,4.4628654,2.6422267,0,2.7611647
713,12,11242,1606,5d8u_0N8_A_203,0,surfdock,0.70351535,0.76472757,5.0094419,2.0922835,0.96603555,3.4497401
714,13,5713,816,2ye5_2A7_A_1224,1,unimol,0.67363549,0.91592929,2.3099396,0.097891279,0.8793011,20.28
715,13,16927,2418,6rlt_MLI_A_508,1,unimol,0.67363549,0.79942227,3.8795888,0.76686418,0.54215619,15.97
716,13,16934,2419,6rlt_MLI_B_511,1,unimol,0.67363549,0.79643452,3.9041064,0.81298441,0.38015543,26.17
717,13,16941,2420,6rlt_MLI_B_512,1,unimol,0.67363549,0.79573726,3.9260914,0.80759948,0.81859592,18.47
718,13,5712,816,2ye5_2A7_A_1224,0,surfdock,0.61199892,0.79500234,2.232204,0,0.99016123,2.422752
719,13,9871,1410,4rql_SNE_A_505,1,unimol,0.862819,0.78830715,5.9997692,0.47591802,0.89078395,27.53
720,13,7504,1072,4cjv_IV2_B_1215,0,surfdock,0.70069226,0.78480352,5.0732412,1.451238,0.9945621,2.492782
721,13,8317,1188,4h9g_14J_A_512,1,unimol,0.67363549,0.78356208,4.5308261,0.49989808,0.97718225,17.86
722,13,11235,1605,5cyf_FLC_C_301,0,surfdock,0.69505707,0.77367452,5.506319,1.2199408,0.99120391,2.8115804
723,13,1869,267,1nsm_GAL_A_1400,0,surfdock,0.61392482,0.77043711,3.1077979,0.73761487,0.018743792,2.4824638
724,13,11228,1604,5cyf_FLC_A_301,0,surfdock,0.68908278,0.7692064,5.6121883,1.1903199,0.98374886,2.761616
725,13,1029,147,1i8a_BGC_A_189,0,surfdock,0.69420153,0.76313092,5.384357,1.6473143,0.068665263,2.5477066
726,13,9548,1364,4ovl_1TD_A_308,0,surfdock,0.68588153,0.75845735,5.7112999,1.3985201,0.99390769,3.2184385
727,13,2471,353,1t87_CAM_B_2422,0,surfdock,0.69555376,0.75776874,4.7902336,2.4313653,0.081808415,2.4795974
728,13,6342,906,3tye_YTZ_B_902,0,surfdock,0.61199892,0.75644141,2.534615,0.42767376,0.00096460382,3.0208681
729,13,9759,1394,4qxc_OGA_C_600,1,unimol,0.67363549,0.75323954,4.4012094,1.4328973,0.97780523,18.29
730,13,9752,1393,4qxc_OGA_A_600,1,unimol,0.67363549,0.75293728,4.408,1.4346071,0.98663997,24.1
731,13,7322,1046,4bdr_KAI_B_900,0,surfdock,0.69311607,0.75113516,6.0490646,1.343287,0.92350269,3.2464683
732,13,16926,2418,6rlt_MLI_A_508,0,surfdock,0.61199892,0.74881005,2.6000659,0.52023542,0.99526779,2.0491514
733,13,8316,1188,4h9g_14J_A_512,0,surfdock,0.61199892,0.74791141,2.6079056,0.53132242,0.0034863285,2.1677524
734,13,9093,1299,4l91_X29_A_301,0,surfdock,0.61401163,0.74729604,3.4371979,0.9532218,0.99558306,3.5630032
735,13,16933,2419,6rlt_MLI_B_511,0,surfdock,0.61199892,0.7462474,2.6224968,0.55195737,0.96251104,2.0659524
736,13,2905,415,1w62_PYC_A_700,0,surfdock,0.66311381,0.74608045,3.6324317,0.95932907,0,2.2743319
737,13,16940,2420,6rlt_MLI_B_512,0,surfdock,0.61199892,0.7450259,2.642544,0.55791897,0.98949235,1.9797115
738,13,15568,2224,6ho2_GHN_A_301,0,surfdock,0.69806391,0.73756525,6.3253951,1.6133134,0,4.6454905
739,13,17690,2527,7bp1_CAQ_C_401,1,unimol,0.67363549,0.73580819,5.9574599,0.38409945,0.99556071,23.19
740,13,17697,2528,7bp1_CAQ_D_401,1,unimol,0.67363549,0.73580819,5.9574599,0.38409945,0.99593816,21.98
741,13,12187,1741,5ha7_WY1_A_402,0,surfdock,0.69566336,0.73536258,6.9061074,1.0591912,0.59192995,3.2768745
742,13,14721,2103,6ayv_MLI_A_409,0,surfdock,0.61199892,0.73389618,2.8322468,0.61121023,0,2.2242317
743,13,4116,588,2fyd_BGC_D_530,0,surfdock,0.69762922,0.73373523,7.1926932,0.86978221,0,2.7541018
744,13,9878,1411,4rql_SNE_B_502,1,unimol,0.67363549,0.73139949,5.9997692,0.47591802,0,26.61
745,13,17234,2462,6toj_NQQ_A_201,0,surfdock,0.69878073,0.73132995,7.5454254,0.63490605,0.97418721,3.5769026
746,13,16793,2399,6r5o_BGC_A_801,0,surfdock,0.66311381,0.73045064,3.8113976,1.1844525,0,2.5207564
747,13,8408,1201,4hon_AKG_A_401,1,unimol,0.67363549,0.72781751,5.6780858,0.9083752,0,22.82
748,13,8415,1202,4hon_AKG_B_401,1,unimol,0.67363549,0.72781091,5.706368,0.88029903,0,14.91
749,13,1751,250,1mvc_BM6_A_200,1,unimol,0.67363549,0.72682295,5.12324,1.4942695,0.99215841,19.67
750,13,9143,1306,4lvb_20N_B_601,1,unimol,0.87480263,0.71891468,6.1649327,2.5889163,0.99418104,22.6
751,13,8827,1261,4jb0_ENO_A_402,0,surfdock,0.61199892,0.71830085,3.1340742,0.66906011,0.93883266,3.0241779
752,13,1876,268,1nsm_GLA_B_2400,0,surfdock,0.61199892,0.71738152,3.0915215,0.73355222,0.019248487,2.4858642
753,13,2975,425,1x8x_TYR_A_952,0,surfdock,0.68834398,0.71583663,7.1500649,1.4299228,0.99166536,3.4008353
754,13,6343,906,3tye_YTZ_B_902,1,unimol,0.67363549,0.71557483,4.7511106,2.2266047,0.40113449,18.95
755,13,1862,266,1ns4_BGC_B_2400,0,surfdock,0.61199892,0.71553938,3.1907356,0.67855132,0,2.6040604
756,13,8828,1261,4jb0_ENO_A_402,1,unimol,0.67363549,0.7153886,4.9479809,2.035841,0,14.74
757,13,1855,265,1ns4_BGC_A_1400,0,surfdock,0.61199892,0.71290863,3.2275574,0.7054652,0.071644719,2.5279651
758,13,5719,817,2yi6_6QM_A_1225,0,surfdock,0.61199892,0.71273743,3.2174146,0.71978092,0.97225952,5.7750953
759,13,4697,671,2okk_ABU_A_585,0,surfdock,0.61199892,0.71272235,3.6096067,0.32795534,0,2.1781318
760,13,4102,586,2fu9_MP2_B_2410,0,surfdock,0.69929538,0.71124234,5.8408847,3.0930519,0.93812531,3.4614226
761,13,5993,856,2zvq_1NP_X_502,1,unimol,0.67363549,0.70998269,5.5160584,1.6471406,2.6746594e-06,15.73
762,13,10297,1471,4x3j_3WR_A_1201,0,surfdock,0.61199892,0.70953533,3.2400157,0.7757737,0.98624027,4.8412606
763,13,1519,217,1l5o_2MP_A_990,0,surfdock,0.61199892,0.7093115,3.5439384,0.47738519,0.99710042,2.0019325
764,14,3452,493,2ahc_VNL_B_266,1,unimol,0.89544162,0.81564018,4.2981339,1.4899027,0.96299562,16.4
765,14,3459,494,2ahc_VNL_D_466,1,unimol,0.89544156,0.81411298,4.3198638,1.5056181,0,16.72
766,14,15096,2156,6f2b_AKG_B_402,4,gnina,0.83280625,0.8074855,3.9801476,1.9959148,0.93239866,6.2755575
767,14,12453,1779,5in3_G1P_B_418,0,surfdock,0.71527278,0.80399817,3.9353893,2.0079055,0,2.9894035
768,14,11172,1596,5ci9_549_A_402,0,surfdock,0.71492099,0.79624467,4.9017024,1.2435788,0.91531654,2.3774403
769,14,6965,995,3zjq_NCA_B_300,0,surfdock,0.71780263,0.79613736,5.3341374,0.85941446,0.62367951,2.3406943
770,14,6399,914,3ucl_CYH_A_543,1,unimol,0.67127766,0.78909162,3.92803,1.0345573,0.98810365,22.21
771,14,2807,401,1vje_MSE_A_401,0,surfdock,0.68376536,0.77851466,4.2905889,2.2245243,0.93868149,2.8363636
772,14,9507,1358,4nv0_MG7_B_402,1,unimol,0.67127766,0.77526354,3.789634,1.5137646,0,19.34
773,14,5286,755,2v7o_DRN_A_1303,1,unimol,0.67127766,0.76316884,4.7779994,0.83880371,0.90259409,21.17
774,14,11186,1598,5clo_NS8_M_101,0,surfdock,0.71790451,0.75594432,5.0052233,2.3578267,0,4.9052157
775,14,3445,492,2ahc_VNL_A_166,1,unimol,0.67127766,0.75267014,4.3637004,1.5374892,0.99258572,22.29
776,14,3444,492,2ahc_VNL_A_166,0,surfdock,0.60091722,0.75019454,2.7504005,0.48387459,0.14034678,2.764443
777,14,175,25,1bqp_MAN_C_402,0,surfdock,0.71175617,0.74850304,6.1749482,1.3340445,0,2.2992994
778,14,168,24,1bqp_MAN_B_401,0,surfdock,0.70846174,0.74766098,6.1749482,1.3340445,0.97770897,2.4420043
779,14,12348,1764,5i8s_LEA_A_202,0,surfdock,0.60895447,0.74294718,4.259119,0.39462438,0.99427968,2.5230618
780,14,2751,393,1uux_PPI_A_1165,0,surfdock,0.69615993,0.74105752,6.1692138,1.5085173,0.99515914,1.9075096
781,14,14533,2076,5z9p_AX7_A_301,1,unimol,0.67127766,0.74036542,4.7983351,1.4516829,0,21.64
782,14,6321,903,3tky_N7I_D_369,0,surfdock,0.6984204,0.73781051,5.5082927,2.2813003,0.91531158,2.8414893
783,14,6398,914,3ucl_CYH_A_543,0,surfdock,0.60091722,0.73358482,2.7707722,0.81801033,0.12866598,1.9711993
784,14,14631,2090,6a2m_UMP_A_703,1,unimol,0.67127766,0.72712515,5.9907756,0.65454936,0,21.68
785,14,9506,1358,4nv0_MG7_B_402,0,surfdock,0.60091722,0.72504083,3.0373471,0.74335611,7.2887944e-06,3.7498912
786,14,6069,867,3qss_MTG_A_405,0,surfdock,0.71333372,0.72278022,6.0674033,2.3349543,0.81927462,2.2464463
787,14,14638,2091,6a2m_UMP_B_703,1,unimol,0.67127766,0.72261806,6.0497575,0.7351144,0,23.2
788,14,6076,868,3qss_MTG_B_405,0,surfdock,0.71132481,0.72192506,6.0674033,2.3349543,0,2.3504004
789,14,11719,1674,5faj_DCS_D_401,1,unimol,0.67127766,0.71982511,6.4236188,0.44904789,0.97271179,22.81
790,14,14001,2000,5wcz_NOJ_B_601,1,unimol,0.67127766,0.71833469,4.8679924,2.0519433,0.75339008,20.3
791,14,14491,2070,5ylf_BGC_A_401,1,unimol,0.67127766,0.7178966,4.9552083,1.9786783,0.95010361,15.73
792,14,1099,157,1isx_XYP_B_961,0,surfdock,0.71177106,0.71763736,6.0527072,2.5136538,0.94605276,1.989432
793,14,1092,156,1isx_XYP_A_1461,0,surfdock,0.7091153,0.71691505,6.0527072,2.5136538,0.032025759,2.0609899
794,14,183,26,1c3s_SHH_A_952,1,unimol,0.67127766,0.71437503,6.2033353,0.84362382,0.90306974,20.96
795,14,8779,1254,4j0k_EGR_B_501,1,unimol,0.67127766,0.71362809,5.0467401,2.0244186,0.77542336,16.87
796,14,14652,2093,6a2n_UMP_B_703,1,unimol,0.67127766,0.71312696,6.3268261,0.76060975,0,21.29
797,14,12349,1764,5i8s_LEA_A_202,1,unimol,0.70874295,0.71220619,7.1373296,1.5993327,0.98192232,21.32
798,14,6902,986,3wwc_BUA_A_403,0,surfdock,0.71584222,0.70971674,6.753861,2.1597936,0.97680429,2.1917833
799,14,13076,1868,5mzp_CFF_A_2401,0,surfdock,0.60091722,0.70931627,3.4930298,0.65918618,0.045077042,2.7470474
800,14,15190,2170,6f77_PLP_D_600,0,surfdock,0.60091722,0.70891463,3.645169,0.51686132,0,3.2995387
801,14,8772,1253,4j0k_EGR_A_501,1,unimol,0.67127766,0.70778937,5.152245,2.1107161,0.7287984,19.19
802,14,16780,2397,6r0i_JNB_A_901,1,unimol,0.67127766,0.70743394,4.9966655,2.278125,0.99332085,25.71
803,14,16289,2327,6nh0_KND_A_803,0,surfdock,0.71539425,0.70728129,7.1942801,1.8055705,0.89640649,3.9052875
804,14,3455,493,2ahc_VNL_B_266,4,gnina,0.47130347,0.70683582,2.4139559,0.31339541,0.00051382353,2.1856321
805,14,3462,494,2ahc_VNL_D_466,4,gnina,0.47129641,0.70570391,2.4230902,0.32631338,0.00036857131,2.2424723
806,14,4228,604,2gx5_PCG_C_514,0,surfdock,0.66879372,0.70519939,3.7524471,2.0308399,0.85691377,2.99121
807,14,15176,2168,6f77_PLP_A_600,0,surfdock,0.60091722,0.70497902,3.7078218,0.55126643,0,3.3309306
808,14,15197,2171,6f77_PLP_E_600,0,surfdock,0.60091722,0.70497902,3.7078218,0.55126643,0.96609486,3.3784549
809,14,13951,1993,5w3k_9TY_B_401,0,surfdock,0.70696764,0.70344908,8.4437094,0.61346895,0.26141844,2.5562171
810,14,15183,2169,6f77_PLP_C_600,0,surfdock,0.60091722,0.7027256,3.7440741,0.57132298,0,3.0928905
811,14,17696,2528,7bp1_CAQ_D_401,0,surfdock,0.72079119,0.70226507,6.5740166,2.7395725,0.98569628,2.2339641
812,14,17689,2527,7bp1_CAQ_C_401,0,surfdock,0.72064846,0.70222374,6.5740166,2.7395725,0.99441545,2.3096333
813,14,11179,1597,5cjn_52F_A_809,0,surfdock,0.66879372,0.70163027,4.3514786,1.5367641,0.99020367,3.4173138
814,15,1743,249,1msv_PUT_B_355,0,surfdock,0.68632042,0.87503547,3.697603,0.62866813,0.93965909,2.4776504
815,15,16779,2397,6r0i_JNB_A_901,0,surfdock,0.71852237,0.82698746,4.3734436,1.1115308,0.99443317,4.3546084
816,15,2044,292,1p2s_ETF_A_400,0,surfdock,0.59169474,0.7877376,2.3838322,0.29347673,0,1.9618461
817,15,14917,2131,6cgn_DA_A_801,0,surfdock,0.71234862,0.78451213,4.6909738,1.787326,0,3.3563771
818,15,6532,933,3vca_PRO_A_504,1,unimol,0.66906125,0.77770119,3.9594543,1.3572339,0.044626171,18.1
819,15,4921,703,2qcx_PF1_B_300,0,surfdock,0.71473413,0.77709196,4.4210758,2.2848375,0,2.6222676
820,15,4914,702,2qcx_PF1_A_300,0,surfdock,0.71076685,0.77665917,4.380465,2.30147,0,3.1470956
821,15,14805,2115,6bqx_9AG_A_201,0,surfdock,0.68479476,0.77591106,5.9701023,0.66189015,0.99148885,2.9544538
822,15,14785,2112,6bkk_308_B_101,1,unimol,0.66906125,0.768363,3.901499,1.6473032,0.99379357,18.23
823,15,5223,746,2uyv_TLA_A_1277,1,unimol,0.66906125,0.76637056,4.4223166,1.1771138,0,19.31
824,15,17563,2509,6y4f_GLU_A_202,0,surfdock,0.59169474,0.76546757,2.7685177,0.31330743,0.95041491,2.3932388
825,15,5244,749,2uyv_TLA_D_1275,1,unimol,0.66906125,0.76546672,4.4445062,1.1780198,0,17.06
826,15,5216,745,2uyv_TLA_A_1275,1,unimol,0.66906125,0.76523613,4.4503388,1.1780934,0,24.19
827,15,5230,747,2uyv_TLA_B_1275,1,unimol,0.66906125,0.76361258,4.4914007,1.1787632,0,23.32
828,15,5237,748,2uyv_TLA_C_1275,1,unimol,0.66906125,0.76361258,4.4914007,1.1787632,0,25.7
829,15,4291,613,2hjp_PPR_A_291,0,surfdock,0.60473081,0.75971453,3.6610451,0.6975497,0,2.503686
830,15,11445,1635,5dzh_5KG_B_901,0,surfdock,0.71678095,0.75539992,5.8722434,1.5003228,0,4.1346289
831,15,17564,2509,6y4f_GLU_A_202,1,unimol,0.66906125,0.75498868,4.8716688,1.0246933,0,18.33
832,15,6531,933,3vca_PRO_A_504,0,surfdock,0.59169474,0.75248596,2.6559961,0.67837435,0.90096218,2.069561
833,15,2016,288,1owz_4FA_A_409,0,surfdock,0.71101146,0.75007943,4.8693519,2.5998142,0.98487937,5.7590995
834,15,2549,364,1tkj_MED_A_913,1,unimol,0.66906125,0.74895654,5.5796647,0.47958159,0,18
835,15,11438,1634,5dzh_5KG_A_900,0,surfdock,0.70752937,0.74807246,6.0957084,1.4040928,0.98964519,4.2396554
836,15,12769,1824,5k2c_ZMA_A_1201,1,unimol,0.76308457,0.7468869,6.055059,1.6480255,0.99248909,25.71
837,15,4292,613,2hjp_PPR_A_291,1,unimol,0.67553071,0.74550116,5.9903722,1.5266347,0,23.59
838,15,5208,744,2uuj_896_B_1250,0,surfdock,0.71582756,0.74466795,6.920157,0.77219123,0,4.190677
839,15,1750,250,1mvc_BM6_A_200,0,surfdock,0.71805553,0.74151528,5.5448093,2.2812774,0.99246354,4.6687388
840,15,9702,1386,4q40_VAL_C_404,0,surfdock,0.66390985,0.74089644,4.3817878,0.52603745,0,2.1403937
841,15,14784,2112,6bkk_308_B_101,0,surfdock,0.59169474,0.73925694,2.7683163,0.83721942,0.99665064,2.602945
842,15,323,46,1dpm_EBP_A_901,1,unimol,0.66906125,0.73866085,5.7808518,0.56568021,0.9780366,19.09
843,15,330,47,1dpm_EBP_B_903,1,unimol,0.66906125,0.73866085,5.7808518,0.56568021,0.97920817,24.08
844,15,2548,364,1tkj_MED_A_913,0,surfdock,0.59169474,0.73587357,2.9159431,0.76130438,0.83885921,2.5725439
845,15,2045,292,1p2s_ETF_A_400,1,unimol,0.66906125,0.73464129,4.6708846,1.791099,0.7009665,20.72
846,15,16591,2370,6q4b_HHN_A_301,1,unimol,0.66906125,0.73226683,4.5130787,2.0180006,0.98043184,12.95
847,15,14308,2044,5y8k_SER_A_301,0,surfdock,0.59169474,0.72999799,3.5866597,0.21749786,0,2.2266843
848,15,12390,1770,5icf_SAU_A_402,0,surfdock,0.68501249,0.72655312,6.1827874,1.9688847,0,3.7455659
849,15,316,45,1dpm_EBP_A_900,1,unimol,0.66906125,0.72501586,6.1446323,0.60166395,0.74387868,20.91
850,15,14140,2020,5x6r_7ZR_B_402,0,surfdock,0.70837016,0.72432045,6.5286293,1.7553312,5.6017311e-10,4.2582028
851,15,322,46,1dpm_EBP_A_901,0,surfdock,0.59169474,0.72094144,3.6267464,0.37914187,0.00036292408,2.8164722
852,15,329,47,1dpm_EBP_B_903,0,surfdock,0.59169474,0.72094144,3.6267464,0.37914187,0,2.7031244
853,15,14315,2045,5y8k_SER_B_301,0,surfdock,0.59169474,0.71716258,3.5921402,0.50018847,0,2.1955887
854,15,8638,1234,4i7n_1DJ_A_202,0,surfdock,0.71974069,0.71703552,7.5294743,1.1680057,0.99716477,2.6359421
855,15,8645,1235,4i7n_1DJ_B_203,0,surfdock,0.71919874,0.71678157,7.5294743,1.1680057,0.99866992,2.6774523
856,15,364,52,1e48_13P_P_302,0,surfdock,0.66390985,0.71637194,4.9424324,0.59792918,0.85673679,2.3157916
857,15,14000,2000,5wcz_NOJ_B_601,0,surfdock,0.6221633,0.71457499,4.1214347,1.3632131,0.9846017,2.6408458
858,15,16590,2370,6q4b_HHN_A_301,0,surfdock,0.59169474,0.71433586,3.2471466,0.91074252,0.99333107,2.1057988
859,15,12796,1828,5kcp_PFB_A_379,0,surfdock,0.59334916,0.7120941,4.6145616,0.87310177,0.98490993,2.3893051
860,15,2541,363,1tkh_DPN_A_913,0,surfdock,0.66390985,0.71069499,4.9410434,0.75514942,0,2.7876434
861,15,315,45,1dpm_EBP_A_900,0,surfdock,0.59169474,0.710416,3.8346241,0.41547579,0,3.1996436
862,15,5271,753,2v60_C17_A_1503,0,surfdock,0.71750501,0.70994624,8.0021067,0.90727311,0.98825756,4.0576315
863,15,5278,754,2v60_C17_B_1498,0,surfdock,0.71928701,0.70945704,8.0418653,0.92899054,0.9941897,5.8610365
864,16,12517,1788,5iuy_BOG_C_503,1,unimol,0.66078742,0.92113022,2.2185104,0.070957758,0.97060563,27.72
865,16,12510,1787,5iuy_BOG_B_503,1,unimol,0.66078742,0.91919716,2.2303245,0.087665334,0,28.21
866,16,3193,456,1zei_CRS_D_54,1,unimol,0.66078742,0.88946869,2.4218228,0.3584848,0.96964612,21.94
867,16,3207,458,1zei_CRS_E_55,1,unimol,0.66078742,0.88914391,2.424022,0.36159492,0.99499985,15.48
868,16,3186,455,1zei_CRS_C_56,1,unimol,0.66078742,0.88686473,2.4395199,0.3835125,0.99193138,19.95
869,16,3200,457,1zei_CRS_E_54,1,unimol,0.66078742,0.88686473,2.4395199,0.3835125,0.98713007,14.93
870,16,3214,459,1zei_CRS_F_54,1,unimol,0.66078742,0.88686473,2.4395199,0.3835125,0.99076024,23.48
871,16,3221,460,1zei_CRS_F_55,1,unimol,0.66078742,0.88490372,2.4529502,0.40250555,0.98633146,18.51
872,16,5293,756,2vez_G6P_A_202,1,unimol,0.66078742,0.8736777,2.5315835,0.51371008,0,15.92
873,16,17655,2522,6zjw_GAL_A_1101,1,unimol,0.66078742,0.86466824,2.7744102,0.42861658,0.95277401,23.82
874,16,17662,2523,6zjw_GAL_A_1102,1,unimol,0.66078742,0.86151067,2.7600763,0.49940637,0.99699921,17.72
875,16,14659,2094,6a3j_SOE_A_402,1,unimol,0.66078742,0.84416193,2.9850285,0.59602737,0,19.57
876,16,9632,1376,4pbr_2L7_A_401,0,surfdock,0.72208253,0.80433866,4.8577647,0.84770215,0.99532386,3.7151166
877,16,4383,626,2isf_PAC_A_317,1,unimol,0.66078742,0.80345314,3.9742343,0.44485283,0.97666544,24.89
878,16,5292,756,2vez_G6P_A_202,0,surfdock,0.58104673,0.80139332,2.1683357,0,0.86239075,2.7268337
879,16,9562,1366,4oxy_1TN_A_302,0,surfdock,0.58104673,0.80139332,2.1683357,0,0.98129797,3.6238136
880,16,12516,1788,5iuy_BOG_C_503,0,surfdock,0.58104673,0.80139332,2.1683357,0,0.084318658,2.4073598
881,16,14658,2094,6a3j_SOE_A_402,0,surfdock,0.58104673,0.80139332,2.1683357,0,0.0089691686,2.70716
882,16,17661,2523,6zjw_GAL_A_1102,0,surfdock,0.58104673,0.80139332,2.1683357,0,0.080685273,2.4234933
883,16,12509,1787,5iuy_BOG_B_503,0,surfdock,0.58104673,0.80013159,2.1770334,0.012300585,0.86112427,3.2271973
884,16,3192,456,1zei_CRS_D_54,0,surfdock,0.58104673,0.79932663,2.1826046,0.020179013,0.036488016,2.1399407
885,16,3206,458,1zei_CRS_E_55,0,surfdock,0.58104673,0.79906744,2.1844018,0.022720972,0.99500818,2.0795327
886,16,3185,455,1zei_CRS_C_56,0,surfdock,0.58104673,0.7972477,2.1970694,0.040635519,0.99600051,2.0594273
887,16,3199,457,1zei_CRS_E_54,0,surfdock,0.58104673,0.7972477,2.1970694,0.040635519,0.99604346,2.2079328
888,16,3213,459,1zei_CRS_F_54,0,surfdock,0.58104673,0.7972477,2.1970694,0.040635519,0.99545588,2.1275344
889,16,9423,1346,4nf4_2JK_A_301,1,unimol,0.66078742,0.79614927,3.6466687,0.9365325,0,21.92
890,16,3220,460,1zei_CRS_F_55,0,surfdock,0.58104673,0.79568092,2.208046,0.05615871,0.24575348,2.1300459
891,16,2513,359,1thc_FL9_A_131,0,surfdock,0.58104673,0.79494439,2.2132282,0.063487656,0.0034077821,1.9204727
892,17,2604,372,1toq_AMG_G_504,0,surfdock,0.70382138,0.80490166,4.6656437,0.91348237,0.9657646,2.5033382
893,17,1492,213,1kya_XYD_B_612,1,unimol,0.66210789,0.80033168,3.1511981,1.3368778,0.9752551,22.22
894,17,1499,214,1kya_XYD_D_814,1,unimol,0.66210789,0.80009655,3.1508465,1.3424933,0.97004199,20.24
895,17,1491,213,1kya_XYD_B_612,0,surfdock,0.58115862,0.79036084,2.2328007,0.13832079,0.9916317,2.0882567
896,17,1498,214,1kya_XYD_D_814,0,surfdock,0.58115862,0.79028743,2.2333269,0.13906482,0.015163434,2.0970058
897,17,1505,215,1l4f_150_A_990,0,surfdock,0.58115862,0.78211201,2.4398108,0.076281697,0.99368633,2.1151453
898,17,574,82,1g6t_S3P_A_601,0,surfdock,0.58701196,0.77808705,2.8221905,0.85733056,0.99198286,3.2640685
899,17,420,60,1euu_GAL_A_2,0,surfdock,0.58115862,0.77777589,2.3926935,0.20146148,0.052775123,2.2240067
900,17,421,60,1euu_GAL_A_2,1,unimol,0.66210789,0.76503252,4.3112435,1.0221481,0.74695083,22.85
901,17,6895,985,3wwc_BUA_A_402,0,surfdock,0.66043615,0.75818376,3.6529913,0.56661141,0,2.1412961
902,17,1877,268,1nsm_GLA_B_2400,1,unimol,0.75762597,0.75620631,5.5934739,1.485972,0.93132093,19.19
903,17,1870,267,1nsm_GAL_A_1400,1,unimol,0.74996825,0.75567873,5.6104178,1.4796718,0,22.94
904,17,17249,2464,6tor_PMP_B_504,1,unimol,0.66210789,0.75537186,5.3332481,0.25238809,0,27.52
905,17,4837,691,2q1a_2KT_X_295,0,surfdock,0.72166238,0.75469373,4.8198309,2.2414358,0.99573964,2.8347216
906,17,3942,563,2evd_D10_A_304,1,unimol,0.66210789,0.75080099,4.2247901,1.4836018,0.95994292,21.91
907,17,16268,2324,6ngp_KKY_A_803,0,surfdock,0.72269884,0.74983542,6.3449669,0.8786515,0.86967087,3.7978618
908,17,17787,2541,8cpp_TCM_A_422,0,surfdock,0.58115862,0.74868942,2.920557,0.23279035,0.078946401,1.7516298
909,17,1863,266,1ns4_BGC_B_2400,1,unimol,0.76101771,0.74787571,5.873148,1.4803282,0.77234344,21.85
910,17,1856,265,1ns4_BGC_A_1400,1,unimol,0.74839334,0.74605507,5.9232039,1.465523,0,19.58
911,17,8323,1189,4h9x_HL4_A_404,0,surfdock,0.72079695,0.74418438,6.0777602,1.2986888,0.58616657,2.8190567
912,17,4774,682,2prl_ORO_A_399,0,surfdock,0.66537642,0.74205607,6.7348008,0.5754602,0.0026259815,2.5062175
913,17,15827,2261,6jz6_CKX_B_701,0,surfdock,0.71370106,0.74015478,5.3530221,2.0915623,0.85205996,2.9694935
914,17,17144,2449,6t5p_VD8_C_302,1,unimol,0.66210789,0.7390567,4.1288857,1.9054204,0.88272155,18.86
915,17,17137,2448,6t5p_VD8_B_302,1,unimol,0.66210789,0.73797471,4.1437912,1.9213279,0.97990153,18.91
916,17,17151,2450,6t5p_VD8_D_302,1,unimol,0.66210789,0.73797471,4.1437912,1.9213279,0.96797953,21.4
917,17,1708,244,1mmy_G6D_A_348,0,surfdock,0.58115862,0.73603177,3.0225656,0.39508182,0.060535724,2.3685495
918,17,1715,245,1mmy_G6D_B_348,0,surfdock,0.58115862,0.73500541,3.0404112,0.39926755,0,2.3112388
919,17,15722,2246,6jmd_ORO_A_402,0,surfdock,0.66735905,0.73433667,6.2131577,1.3488592,0.013339302,2.5116999
920,17,11879,1697,5fqf_NGA_B_1585,0,surfdock,0.71523129,0.73319664,6.1918411,1.4900099,0.9868576,2.8796433
921,17,1267,181,1jhv_PCR_A_990,0,surfdock,0.58115862,0.73256836,2.9144011,0.57796246,0.99831,1.9348193
922,17,1407,201,1ki2_GA2_A_1,0,surfdock,0.58349287,0.73180877,4.0028191,0.70346987,0.95137752,3.498913
923,17,1694,242,1mmx_FUC_A_348,0,surfdock,0.58115862,0.72918968,3.1403396,0.42593825,0.12276465,2.4095924
924,17,1701,243,1mmx_FUC_B_348,0,surfdock,0.58115862,0.72918968,3.1403396,0.42593825,0.084803449,4.8287277
925,17,3122,446,1yik_MM1_A_501,0,surfdock,0.58115862,0.72680856,3.1981535,0.42083868,0.34175622,2.3706307
926,17,7848,1121,4d96_5PA_B_501,1,unimol,0.66210789,0.72568245,5.2301836,1.1947129,0.97304911,23.42
927,17,7855,1122,4d96_5PA_C_402,1,unimol,0.66210789,0.72568245,5.2301836,1.1947129,0.98107244,21.48
928,17,7862,1123,4d96_5PA_D_501,1,unimol,0.66210789,0.72562399,5.2390428,1.1876074,0,21.63
929,17,12320,1760,5i5s_NVU_A_402,0,surfdock,0.58115862,0.72559789,2.9037411,0.74225086,0.96649614,2.7234169
930,17,4851,693,2q28_TPP_B_5001,0,surfdock,0.71792609,0.72488481,7.2878623,0.69935596,0,3.9050466
931,17,4844,692,2q28_TPP_A_4001,0,surfdock,0.71676391,0.7245395,7.2878623,0.69935596,0.90482135,4.0171504
932,17,17143,2449,6t5p_VD8_C_302,0,surfdock,0.58115862,0.72397437,2.7759562,0.90645808,0,3.3303335
933,17,17136,2448,6t5p_VD8_B_302,0,surfdock,0.58115862,0.72344062,2.7809379,0.91350347,0,3.4626318
934,17,17150,2450,6t5p_VD8_D_302,0,surfdock,0.58115862,0.72344062,2.7809379,0.91350347,0.99554728,3.3310801
935,17,8100,1157,4ek1_CAM_A_502,1,unimol,0.66210789,0.72278086,5.5338473,0.97866279,0.98567145,19.51
936,17,16990,2427,6s9g_L1Q_A_305,1,unimol,0.66210789,0.72244398,5.7871938,0.73555821,0.97132235,16.52
937,17,8107,1158,4ek1_CAM_B_502,1,unimol,0.66210789,0.72208367,5.5428977,0.99082297,0,17.54
938,17,11627,1661,5eso_ISC_B_602,0,surfdock,0.66043615,0.72134562,4.04392,1.0854095,0,3.1666127
939,17,2909,415,1w62_PYC_A_700,4,gnina,0.46133561,0.72106061,2.1929607,0.081978202,0.99455149,2.2623112
940,17,8106,1158,4ek1_CAM_B_502,0,surfdock,0.58115862,0.72097733,3.0408366,0.70945799,0.072793645,2.383185
941,17,8099,1157,4ek1_CAM_A_502,0,surfdock,0.58115862,0.72085795,3.0348549,0.71816146,0.066424545,2.4956931
942,18,1089,155,1iri_E4P_C_603,4,gnina,0.79920942,0.85556257,3.5134163,1.0028486,0.323562,6.4945659
943,18,3815,545,2dcf_ACA_A_501,0,surfdock,0.71759505,0.84100815,3.3747389,1.3298748,9.6187547e-07,3.0627425
944,18,17654,2522,6zjw_GAL_A_1101,0,surfdock,0.70853515,0.82724489,4.1991258,0.79543293,0.99808136,2.6631945
945,18,13132,1876,5njb_BB2_A_502,0,surfdock,0.71238207,0.81637451,4.865912,0.38842028,0.95977064,4.4224969
946,18,13139,1877,5njb_BB2_C_502,0,surfdock,0.70942074,0.8163497,4.8735981,0.37783137,0.96875337,4.3337833
947,18,13567,1938,5tzr_MLI_A_2403,1,unimol,0.66381269,0.80025983,3.8121665,0.6390937,0.93019761,23.76
948,18,17788,2541,8cpp_TCM_A_422,1,unimol,0.74633192,0.79220285,4.5788808,1.4062661,0.99610981,14.8
949,18,13566,1938,5tzr_MLI_A_2403,0,surfdock,0.5677915,0.79114646,2.2495556,0.090905324,0.97586197,2.1853968
950,18,7511,1073,4cjw_CBJ_A_1215,0,surfdock,0.5677915,0.78134166,2.3524673,0.16020079,0.975414,3.6972605
951,18,7525,1075,4cjw_CBJ_B_1217,0,surfdock,0.5677915,0.78134166,2.3524673,0.16020079,0.99189749,3.7812356
952,18,7532,1076,4cjw_CBJ_B_1218,0,surfdock,0.5677915,0.77361384,2.4344964,0.21853782,3.6857397e-07,4.4270859
953,18,7518,1074,4cjw_CBJ_A_1216,0,surfdock,0.5677915,0.77088378,2.4628856,0.24074909,4.6666931e-07,3.7011379
954,18,6048,864,3qgz_ADN_A_127,0,surfdock,0.5677915,0.77053669,2.3688436,0.3412627,0.99129892,3.1236053
955,18,9513,1359,4o7g_ASC_B_303,0,surfdock,0.72100994,0.76937625,4.8306661,1.6884305,0.98358203,2.5026878
956,18,3773,539,2cxp_A5P_B_2601,0,surfdock,0.5677915,0.76028598,2.5918789,0.31337154,0.99442931,3.1411936
957,18,3766,538,2cxp_A5P_A_1601,0,surfdock,0.5677915,0.75810314,2.6460793,0.30175132,0.99396606,3.1556128
958,18,14490,2070,5ylf_BGC_A_401,0,surfdock,0.70718228,0.7572175,5.1966991,1.6228495,0,2.3546478
959,18,1506,215,1l4f_150_A_990,1,unimol,0.89228656,0.75276155,5.6097274,1.5530716,0.98467331,15.58
960,18,3437,491,2agw_TSS_H_2001,0,surfdock,0.65774083,0.7384329,3.8002195,0.85759073,0,2.8338785
961,18,15771,2253,6jx9_CQC_A_501,0,surfdock,0.71797291,0.73680921,7.1930962,0.29530904,0,4.0933421
962,18,3430,490,2agw_TSS_D_3001,0,surfdock,0.65774083,0.73463871,3.85377,0.89865428,0,2.7655606
963,18,9563,1366,4oxy_1TN_A_302,1,unimol,0.89228665,0.73293629,5.6502185,2.1552322,0.97494096,18.3
964,18,1085,155,1iri_E4P_C_603,0,surfdock,0.58713146,0.73190088,3.5633457,1.1487063,0.99298605,2.9215186
965,18,6535,933,3vca_PRO_A_504,4,gnina,0.47389231,0.73042705,2.1275344,0,4.7754138e-08,2.0398399
966,18,7512,1073,4cjw_CBJ_A_1215,1,unimol,0.66381269,0.73019342,4.82447,1.4226953,0.94785945,20.91
967,18,7526,1075,4cjw_CBJ_B_1217,1,unimol,0.66381269,0.73019342,4.82447,1.4226953,0.9296023,18.42
968,18,16367,2338,6o04_DNA_C_603,1,unimol,0.66381269,0.72978929,5.2184272,1.0406191,0.99207757,21.05
969,18,16360,2337,6o04_DNA_B_601,1,unimol,0.66381269,0.729421,5.2297816,1.0401111,0.99467557,25.76
970,18,8190,1170,4fra_GAL_A_402,0,surfdock,0.5677915,0.72916096,3.194268,0.35478488,0.9772443,2.4807137
971,18,2744,392,1uqx_MMA_A_1116,0,surfdock,0.5677915,0.72772946,2.9710293,0.60963523,0.90406872,2.4706624
972,18,10822,1546,5a02_GOL_F_1342,0,surfdock,0.5677915,0.72494047,2.9508419,0.6919508,0.99547269,2.0625073
973,18,10787,1541,5a02_GOL_A_1341,0,surfdock,0.5677915,0.72250018,2.971154,0.72659039,0.9922155,2.1168342
974,18,10794,1542,5a02_GOL_B_1342,0,surfdock,0.5677915,0.72250018,2.971154,0.72659039,0.99563457,2.1654127
975,18,10801,1543,5a02_GOL_C_1341,0,surfdock,0.5677915,0.72250018,2.971154,0.72659039,0.99558525,2.1927317
976,18,10808,1544,5a02_GOL_D_1341,0,surfdock,0.5677915,0.72250018,2.971154,0.72659039,0.99496701,2.1384999
977,18,10815,1545,5a02_GOL_E_1341,0,surfdock,0.5677915,0.72250018,2.971154,0.72659039,0.99371558,2.0697913
978,18,11025,1575,5b4u_MLA_A_302,0,surfdock,0.5677915,0.72131199,3.0862129,0.6384896,0,2.2741432
979,18,1603,229,1lti_GAL_H_104,0,surfdock,0.71067179,0.71948618,5.4518027,2.5972733,0.98568147,2.4903479
980,18,7533,1076,4cjw_CBJ_B_1218,1,unimol,0.66381269,0.71774259,5.0265794,1.5959253,0.66709005,21.04
981,18,8121,1160,4ekr_0R0_A_203,1,unimol,0.66381269,0.71769356,4.907186,1.716838,0.94166089,20.78
982,18,595,85,1g79_PLP_A_270,0,surfdock,0.5677915,0.71565602,2.8430226,1.011853,3.2833526e-06,2.466289
983,18,16366,2338,6o04_DNA_C_603,0,surfdock,0.5677915,0.71435231,3.7042902,0.18102899,0,3.0924877
984,18,7519,1074,4cjw_CBJ_A_1216,1,unimol,0.66381269,0.71429231,5.0851455,1.6448603,0,19.23
985,18,16359,2337,6o04_DNA_B_601,0,surfdock,0.5677915,0.71427497,3.7088978,0.17823128,0.0005838815,3.0270392
986,18,1596,228,1lti_GAL_E_104,0,surfdock,0.71539534,0.71421296,5.5373683,2.7110779,0.99412383,2.5128518
987,18,8120,1160,4ekr_0R0_A_203,0,surfdock,0.5677915,0.71393071,3.0601413,0.83505785,0.0064548937,1.9321276
988,18,10437,1491,4ynu_LGC_A_602,0,surfdock,0.5677915,0.71373611,3.3831465,0.51661921,0,2.5284983
989,18,14834,2119,6bvl_EBY_B_2001,1,unimol,0.66381269,0.71296912,4.859911,1.9117365,0,27.27
990,18,2545,363,1tkh_DPN_A_913,4,gnina,0.4801982,0.71263882,2.4578485,0.25603572,0.040389185,2.0217849
991,18,17791,2541,8cpp_TCM_A_422,4,gnina,0.47639618,0.71213403,2.404551,0.22448225,0.043855689,1.8443851
992,19,9422,1346,4nf4_2JK_A_301,0,surfdock,0.6727914,0.81480374,4.6300192,0.50911939,0,3.0677445
993,19,4698,671,2okk_ABU_A_585,1,unimol,0.76154747,0.81436986,3.9490116,1.4339124,0.14589691,19.71
994,19,13832,1976,5vl0_BNF_B_404,0,surfdock,0.74137898,0.81146129,4.1195645,1.2431833,0.9898405,2.6030538
995,19,13825,1975,5vl0_BNF_A_404,0,surfdock,0.74188686,0.80732488,4.1901832,1.2770947,0,2.5549648
996,19,13839,1977,5vl0_BNF_C_404,0,surfdock,0.74370195,0.8056744,4.2267165,1.2992259,0.99308429,2.6353773
997,19,13377,1911,5t63_ALA_C_1,0,surfdock,0.6727914,0.79819924,4.4003625,1.14249,0,3.3936328
998,19,11215,1602,5cpp_ADO_A_422,1,unimol,0.66827685,0.78589391,3.9994252,0.63001806,0.96500324,20.42
999,19,1022,146,1hsr_BHO_A_800,0,surfdock,0.7471452,0.78311372,4.1439347,1.9912635,0.99664928,2.4557929
1000,19,10941,1563,5afy_WCE_H_1248,0,surfdock,0.57243676,0.77717668,2.5050957,0.082084388,0.99677034,2.5709864
1001,19,385,55,1e8g_FCR_B_601,0,surfdock,0.57243676,0.76990564,2.3580492,0.36295348,0.99606219,2.5708759
1002,19,6055,865,3qhd_795_A_167,0,surfdock,0.57243676,0.76789958,2.4366014,0.32199228,0.82748813,2.5951686
1003,19,1589,227,1lti_GAL_D_104,0,surfdock,0.7123757,0.7660229,4.5122418,1.9796811,0.99229857,2.4170301
1004,19,8932,1276,4k90_MLA_A_704,0,surfdock,0.57243676,0.76205194,2.4269485,0.44292405,0.98196275,2.1965212
1005,19,8933,1276,4k90_MLA_A_704,1,unimol,0.66827685,0.7620266,4.978374,0.2296495,0.87380436,20.13
1006,19,14833,2119,6bvl_EBY_B_2001,0,surfdock,0.6727914,0.76150885,4.7861848,1.7442316,0,4.3367803
1007,19,7245,1035,4aql_TXC_A_1452,0,surfdock,0.6727914,0.76104824,5.9942946,0.54943335,0,3.8844085
1008,19,161,23,1axg_ETF_D_404,0,surfdock,0.57243676,0.75796798,2.5745149,0.37460679,0.41097855,2.1747948
1009,19,147,21,1axg_ETF_B_404,0,surfdock,0.57243676,0.7579588,2.5785816,0.37071905,0.99135464,2.2104692
1010,19,154,22,1axg_ETF_C_404,0,surfdock,0.57243676,0.75794689,2.5800774,0.36945772,0.99069673,2.1600829
1011,19,11214,1602,5cpp_ADO_A_422,0,surfdock,0.57243676,0.75738017,2.5862114,0.37442225,0.99587133,2.3162646
1012,19,5111,730,2r0g_7CK_A_1355,1,unimol,0.89597565,0.75652385,5.8576407,1.1460274,0.98968096,24.16
1013,19,15736,2248,6jme_ORO_A_402,0,surfdock,0.66848062,0.75522401,5.3267283,1.3092992,0,2.6695735
1014,19,427,61,1eyw_PEL_A_404,0,surfdock,0.57243676,0.75358127,2.5957153,0.43996954,0.0035114931,2.2868052
1015,19,162,23,1axg_ETF_D_404,1,unimol,0.66827685,0.75073387,4.0929418,1.4082639,0.97108532,22.04
1016,19,148,21,1axg_ETF_B_404,1,unimol,0.66827685,0.74906117,4.1185966,1.4271655,0.98447323,24.92
1017,19,155,22,1axg_ETF_C_404,1,unimol,0.66827685,0.74844011,4.1280246,1.4343578,0.96246439,19.85
1018,19,13328,1904,5r0i_SYV_A_2501,0,surfdock,0.57243676,0.74797719,2.8382366,0.31025571,0.99776035,2.1647542
1019,19,6056,865,3qhd_795_A_167,1,unimol,0.66827685,0.74591024,4.0008116,1.6297014,5.4053409e-05,22.95
1020,19,17570,2510,6y4z_TLA_D_301,0,surfdock,0.57243676,0.74394751,2.7367523,0.49443647,0.99618235,3.0096055
1021,19,13986,1998,5w8q_BU4_B_400,0,surfdock,0.74904808,0.74296999,5.4861717,1.8549922,0.025831113,2.2968119
1022,19,386,55,1e8g_FCR_B_601,1,unimol,0.66827685,0.74195739,3.9377921,1.800572,0.97599423,16.59
1023,19,13979,1997,5w8q_BU4_A_400,0,surfdock,0.73609747,0.74096644,5.4608245,1.8283176,0.99492649,2.2160697
1024,19,12313,1759,5i0m_UMP_B_201,0,surfdock,0.6727914,0.73933174,5.5380101,1.6619089,0,3.4771147
1025,19,5579,797,2xhk_AKG_B_519,0,surfdock,0.6727914,0.73882966,6.08078,1.1349983,0.95040386,2.6028196
1026,19,8141,1163,4evq_PHB_B_402,0,surfdock,0.57243676,0.73514817,2.8598998,0.55661976,0.98976449,2.6146326
1027,19,12173,1739,5h8q_GLY_B_301,0,surfdock,0.67612725,0.73513373,4.9978776,2.4126873,0,2.152815
1028,19,8155,1165,4f06_PHB_A_401,0,surfdock,0.57243676,0.73493058,2.8744867,0.54669917,0.98213379,2.5080761
1029,19,7378,1054,4bux_F35_C_2165,0,surfdock,0.6727914,0.733759,6.1815548,1.1962143,0.80383236,3.9983329
1030,19,5572,796,2xhk_AKG_A_519,0,surfdock,0.67183239,0.73281643,6.135138,1.1986903,0.92365457,2.4277778
1031,19,6062,866,3qhd_MSR_A_166,0,surfdock,0.57243676,0.73079428,2.6851542,0.82555002,0,2.0303482
1032,19,10942,1563,5afy_WCE_H_1248,1,unimol,0.66827685,0.73059325,5.05546,1.0027772,0.99125566,18.77
1033,19,7371,1053,4bux_F35_A_2166,0,surfdock,0.6727914,0.73051596,6.2423911,1.2407568,0.81415458,4.0480421
1034,19,2086,298,1pfw_MF3_A_553,0,surfdock,0.7472164,0.73030436,6.0138526,1.7111853,0.98994574,2.8961607
1035,19,17360,2480,6uzr_QM1_B_301,0,surfdock,0.57243676,0.73010991,2.9224064,0.60325676,0.017598742,2.9867938
1036,19,3745,535,2ci0_1CM_A_1450,0,surfdock,0.6727914,0.73003049,6.780539,0.71850449,2.7426361e-05,3.24652
1037,19,11088,1584,5c7v_PYC_A_804,0,surfdock,0.57243676,0.72826277,2.9594514,0.60679442,0.0094924231,2.3438501
1038,19,6105,872,3r3z_GOA_B_305,1,unimol,0.66827685,0.7279926,5.2988815,0.83467215,0,20.07
1039,19,6063,866,3qhd_MSR_A_166,1,unimol,0.66827685,0.72602615,4.225225,1.9658158,0.99091825,18.27
1040,19,10122,1446,4v36_LYN_A_1851,0,surfdock,0.6727914,0.72575302,5.8107371,1.7596929,0,2.3904895
1041,19,9443,1349,4nir_6DH_A_307,0,surfdock,0.57243676,0.72471034,2.9368269,0.70834357,0.99514521,2.7072676
1042,20,12341,1763,5i7r_68W_A_402,0,surfdock,0.75672437,0.97935848,2.19239,0.10924058,0.8057277,3.9138716
1043,20,17430,2490,6vo2_R67_A_403,0,surfdock,0.68107075,0.96593775,2.2678716,0.15867734,0,2.646546
1044,20,14532,2076,5z9p_AX7_A_301,0,surfdock,0.67519744,0.90585199,2.6123955,0.70321798,0.99849684,2.2667711
1045,20,13398,1914,5t85_44G_L_301,0,surfdock,0.67519744,0.85574563,3.6168137,0.62982672,0.011390865,3.0655279
1046,20,17011,2430,6si4_LEK_A_402,1,unimol,0.67049932,0.84226,2.9014103,0.587879,0.99375653,18.79
1047,20,17018,2431,6si4_LEK_B_402,1,unimol,0.67049932,0.84226,2.9014103,0.587879,0.99317932,22.42
1048,20,1624,232,1lzz_IHG_B_1830,0,surfdock,0.72729146,0.83905305,4.1842208,0.4844971,0.87990769,2.3465166
1049,20,5545,792,2x0u_X0U_B_1291,1,unimol,0.67049932,0.83291332,2.822401,0.8451364,0.99578285,18.04
1050,20,16709,2387,6qo4_97T_B_301,0,surfdock,0.67519744,0.83275328,3.1987426,1.5324383,0.9439596,2.8150725
1051,20,7021,1003,3zwt_ORO_A_1398,0,surfdock,0.67519744,0.81897899,3.8169601,1.2242447,0.20988912,2.5106986
1052,20,2331,333,1rvt_NDG_H_742,0,surfdock,0.67519744,0.81302486,4.5433583,0.63676381,0,2.6985241
1053,20,11249,1607,5d9w_ASC_A_301,0,surfdock,0.67519744,0.81107056,4.28372,0.94266623,0.19998192,3.9290551
1054,20,8624,1232,4i6y_MEV_A_501,0,surfdock,0.75134518,0.81011544,4.2306914,1.1439372,0,2.4878581
1055,20,336,48,1duc_DUD_A_201,0,surfdock,0.67519744,0.80771871,4.595818,0.71070063,0.49790609,2.388787
1056,20,9206,1315,4ma8_Z80_C_301,1,unimol,0.67049932,0.80573327,3.528012,0.69358248,0.73788609,26.63
1057,20,3872,553,2eb5_OXL_A_2001,1,unimol,0.89368709,0.80546509,4.7188191,0.91006875,0.839325,26.19
1058,20,3375,482,227l_BNZ_A_169,1,unimol,0.67049932,0.80523403,2.9920995,1.2402006,0.99278316,16.26
1059,20,2730,390,1uk7_BUA_A_1300,0,surfdock,0.57232264,0.79906408,2.1709931,0.078980833,0.99759868,2.2564102
1060,20,2745,392,1uqx_MMA_A_1116,1,unimol,0.88675478,0.79508604,4.3449445,1.5194337,0.92333776,22.96
1061,20,4806,686,2pt6_S4M_C_503,4,gnina,0.82592604,0.79473201,4.3979683,1.4718752,0.90183548,6.8762133
1062,20,17010,2430,6si4_LEK_A_402,0,surfdock,0.57232264,0.79418494,2.2049868,0.12705499,0.94630379,3.4245349
1063,20,17017,2431,6si4_LEK_B_402,0,surfdock,0.57232264,0.79418494,2.2049868,0.12705499,0.95633218,3.5722978
1064,20,9934,1419,4tsk_TLA_A_404,1,unimol,0.67049932,0.79350946,3.9334662,0.55606771,0,24.19
1065,20,9227,1318,4mig_G3F_B_802,1,unimol,0.67049932,0.79197958,3.2506053,1.2733389,0.97552988,22.81
1066,20,9220,1317,4mig_G3F_A_802,1,unimol,0.67049932,0.79101618,3.2629697,1.2827469,0.98144063,27.12
1067,20,9234,1319,4mig_G3F_D_802,1,unimol,0.67049932,0.78973032,3.2795312,1.295369,0.98279634,23.01
1068,20,6615,945,3vv5_SLZ_A_300,0,surfdock,0.57232264,0.78809546,2.284919,0.15169199,0.97458734,2.7903866
1069,20,6622,946,3vv5_SLZ_B_301,0,surfdock,0.57232264,0.78802063,2.2851355,0.15277492,0,2.6195891
1070,21,1261,180,1jhv_NIO_A_991,1,unimol,0.67368727,0.78627941,4.3500347,0.40075603,0.99598565,21.14
1071,21,17269,2467,6tt4_BMA_C_3,0,surfdock,0.57023425,0.77890296,2.4300289,0.19025637,0,4.826324
1072,21,735,105,1h18_DTL_A_9009,0,surfdock,0.67381048,0.76592847,4.5907292,1.8326529,0.99448401,2.2306867
1073,21,10535,1505,4za7_4LV_A_606,0,surfdock,0.67450727,0.76024686,4.7502284,1.8403568,0.98510271,1.947083
1074,21,1260,180,1jhv_NIO_A_991,0,surfdock,0.57023425,0.75142971,2.6535406,0.48709652,0.74166281,2.4130963
1075,21,3123,446,1yik_MM1_A_501,1,unimol,0.70547287,0.75121448,6.099463,0.77933103,0.66515264,17.22
1076,21,10906,1558,5abz_Z47_B_201,0,surfdock,0.57023425,0.73460814,2.9380004,0.55045539,0.18177379,3.5620317
1077,21,10899,1557,5abz_Z47_A_201,0,surfdock,0.57023425,0.7336238,2.929986,0.57956773,0.98239623,3.5227389
1078,21,3941,563,2evd_D10_A_304,0,surfdock,0.74196668,0.72814171,4.7486053,2.8889968,0.97933701,2.733718
1079,21,9331,1333,4n36_2F8_C_401,0,surfdock,0.57023425,0.72646615,2.8767097,0.78884065,0,2.6603025
1080,21,9317,1331,4n36_2F8_A_401,0,surfdock,0.57023425,0.72599115,2.8867714,0.78929514,0,2.6534688
1081,21,9324,1332,4n36_2F8_B_401,0,surfdock,0.57023425,0.72599115,2.8867714,0.78929514,0,2.8258597
1082,21,6587,941,3vq4_0NX_A_305,0,surfdock,0.75972538,0.72551727,7.350739,0.47185639,0.99491314,2.6939806
1083,21,1716,245,1mmy_G6D_B_348,1,unimol,0.76396699,0.72537626,7.1473007,0.74315059,0,21.2
1084,21,17738,2534,7cwd_GAL_A_902,0,surfdock,0.6082719,0.72501166,4.5199952,0.38905948,0.92003339,2.509627
1085,21,1268,181,1jhv_PCR_A_990,1,unimol,0.89492703,0.72434457,7.089231,0.86418402,0.99501148,20.84
1086,21,10171,1453,4wdx_WDX_A_402,0,surfdock,0.67297055,0.72364505,3.8221817,1.2133334,0,3.5711269
1087,21,1709,244,1mmy_G6D_A_348,1,unimol,0.75360585,0.72279251,7.1232972,0.73829085,0,20.08
1088,21,2527,361,1thc_FL9_B_131,0,surfdock,0.57023425,0.72251535,3.1971481,0.55650121,0.030091695,1.9957812
1089,21,17731,2533,7c7g_FJR_B_402,0,surfdock,0.57023425,0.72248209,3.049423,0.70497304,0.99153711,3.8066775
1090,21,17724,2532,7c7g_FJR_A_402,0,surfdock,0.57023425,0.72244399,3.0525534,0.70270056,0.99076541,3.57108
1091,21,11473,1639,5e9m_BAE_A_2001,0,surfdock,0.75655274,0.72189884,5.4884629,2.425586,0.99808118,2.1963646
1092,21,9296,1328,4mr7_2BV_A_501,0,surfdock,0.57023425,0.72112557,3.2558253,0.52915925,0,3.5534339
1093,21,17528,2504,6xu3_GAB_B_402,0,surfdock,0.57023425,0.71846521,3.0659504,0.77952594,0.0051727137,2.3979378
1094,21,4067,581,2fkm_G16_X_464,0,surfdock,0.57023425,0.71832501,2.8364556,1.0122268,5.105696e-06,3.5777036
1095,21,13510,1930,5thu_B3N_A_404,0,surfdock,0.74251511,0.71697295,5.5722542,2.4452929,0.83072565,3.6242909
1096,21,17732,2533,7c7g_FJR_B_402,1,unimol,0.67368727,0.71621302,4.9259586,1.6962922,0.99128371,19.32
1097,21,1702,243,1mmx_FUC_B_348,1,unimol,0.74945225,0.71585943,7.2418971,0.833709,0.92972479,18.7
1098,21,10907,1558,5abz_Z47_B_201,1,unimol,0.67368727,0.71577814,4.932126,1.7034814,0,19.11
1099,21,17094,2442,6szt_M4Q_B_601,0,surfdock,0.75881281,0.71577743,7.6147346,0.53435993,0.037841621,3.2586268
1100,21,17529,2504,6xu3_GAB_B_402,1,unimol,0.67368727,0.71569015,5.0427532,1.5955617,0.99025138,26.88
1101,21,1695,242,1mmx_FUC_A_348,1,unimol,0.74295491,0.71534154,7.2418971,0.833709,0.95600972,18.56
1102,21,6580,940,3vq4_0NX_A_304,0,surfdock,0.75617423,0.71447569,7.6515446,0.5145185,0,2.7978799
1103,21,17725,2532,7c7g_FJR_A_402,1,unimol,0.67368727,0.71435229,4.9624963,1.7170819,0,16.53
1104,21,17270,2467,6tt4_BMA_C_3,1,unimol,0.67368727,0.71406193,5.5675435,1.1210212,0,19.99
1105,21,10900,1557,5abz_Z47_A_201,1,unimol,0.67368727,0.71373707,4.9454913,1.7531416,0,19.9
1106,21,8156,1165,4f06_PHB_A_401,1,unimol,0.89492758,0.71256747,7.5129333,0.87707335,0.99116736,19.7
1107,21,7210,1030,4al9_GLA_A_1123,0,surfdock,0.57023425,0.71256535,3.0087471,0.97330409,0.94428736,2.3823401
1108,21,7217,1031,4al9_GLA_C_1123,0,surfdock,0.57023425,0.71256535,3.0087471,0.97330409,0.94486765,2.4568244
1109,21,7224,1032,4al9_GLA_D_1123,0,surfdock,0.57023425,0.71256535,3.0087471,0.97330409,0.91528956,2.3387165
1110,21,7231,1033,4al9_GLA_E_1123,0,surfdock,0.57023425,0.71256535,3.0087471,0.97330409,0.98905997,2.3854604
1111,21,17648,2521,6zi7_RAM_D_503,1,unimol,0.67368727,0.71223725,6.4194055,0.32588446,0,26.98
1112,21,13332,1904,5r0i_SYV_A_2501,4,gnina,0.45694963,0.71088705,2.3126667,0.2714774,1.4983411e-06,1.7652648
1113,21,12999,1857,5m62_BGC_A_409,0,surfdock,0.57023425,0.70972207,2.9701869,1.0789036,0,2.4140044
1114,21,8834,1262,4jb0_FER_A_401,0,surfdock,0.67297055,0.7097106,4.0653687,1.3430341,0,3.2183945
1115,21,9884,1412,4s38_CDI_A_900,0,surfdock,0.57023425,0.70920387,2.9973094,1.0640864,0,2.2814844
1116,21,16849,2407,6rbo_JXQ_A_302,0,surfdock,0.72969839,0.70519889,7.9647546,0.44666591,0.77378289,2.9805958
1117,21,10346,1478,4xpq_FUL_A_1004,0,surfdock,0.57023425,0.70500141,3.0206482,1.1415431,0.0056294515,2.0062277
1118,21,3000,428,1xid_ASC_A_389,4,gnina,0.45831782,0.70459475,2.5870869,0.18630861,0.0010913964,1.6947692
1119,21,12383,1769,5ice_2H4_A_402,0,surfdock,0.75410873,0.70301958,7.4261107,1.1362065,0,3.7571836
1120,22,8799,1257,4j5h_1K4_A_303,0,surfdock,0.73246261,0.81728642,4.7293563,0.39737317,0,3.7697567
1121,22,4382,626,2isf_PAC_A_317,0,surfdock,0.75207217,0.80363634,4.6598115,0.83492279,0.99146936,2.4236797
1122,22,3150,450,1z6k_OAA_A_274,0,surfdock,0.56164461,0.78943312,2.2468145,0.20066991,0,2.3472255
1123,22,7252,1036,4aw0_MJF_A_600,0,surfdock,0.56164461,0.78589607,2.2722697,0.23666905,0,3.6839195
1124,22,4144,592,2fzb_TOL_A_600,0,surfdock,0.76128386,0.7688928,6.3422832,0.14834386,0.8933844,3.9138924
1125,22,14497,2071,5ysh_5AD_D_605,0,surfdock,0.75850399,0.76812039,4.9413943,1.5592958,0.21274926,2.5045246
1126,22,14504,2072,5ysh_5AD_J_605,0,surfdock,0.75475269,0.76755699,4.9142599,1.5382652,0.21831849,2.4907739
1127,22,8211,1173,4g1x_TQU_A_410,0,surfdock,0.56164461,0.76478583,2.5122633,0.38135827,0.9971105,2.9202168
1128,22,8204,1172,4g1x_TQU_A_409,0,surfdock,0.56164461,0.76281279,2.5700922,0.36112395,0,2.8322102
1129,22,12363,1766,5i9m_69K_A_302,1,unimol,0.66906561,0.76195773,4.9823046,1.5226465,0.98917837,17.37
1130,22,9009,1287,4kwl_3SS_A_302,0,surfdock,0.56164461,0.75770285,2.4880803,0.54187125,0.98946674,2.3327833
1131,22,16093,2299,6m9b_BTN_C_201,0,surfdock,0.75548552,0.75535879,5.8881035,0.92200387,0.99481187,3.2153877
1132,22,1680,240,1m9j_CLW_A_906,0,surfdock,0.56164461,0.75034433,2.6809442,0.49474862,0.0010600658,2.3760469
1133,22,6111,873,3r51_MMA_A_200,0,surfdock,0.56164461,0.7497332,2.5614891,0.62649947,0.97276311,2.6289074
1134,22,9660,1380,4pxd_1AL_B_502,0,surfdock,0.75837749,0.74726841,6.3360119,0.77673608,0,2.8896503
1135,22,6616,945,3vv5_SLZ_A_300,1,unimol,0.89351759,0.7454148,5.6550059,1.5914323,0,20.85
1136,22,455,65,1fk1_DAO_A_201,0,surfdock,0.56164461,0.74537966,2.7899036,0.48656493,0.94505784,3.4397775
1137,22,9653,1379,4pxd_1AL_A_502,0,surfdock,0.75307486,0.74492814,6.3360119,0.77673608,0,2.9034038
1138,22,16723,2389,6qol_JB5_B_301,0,surfdock,0.76260829,0.74432497,5.9525318,1.2832391,0.00073635277,2.5432824
1139,22,16863,2409,6rbx_JYT_A_301,0,surfdock,0.74994006,0.74381517,6.3945632,0.74004209,0.98338246,2.9368482
1140,22,17584,2512,6yaw_P9H_B_502,0,surfdock,0.74286586,0.74329874,6.4457741,0.67698866,0,4.6649773
1141,22,6623,946,3vv5_SLZ_B_301,1,unimol,0.7566812,0.74180555,5.6611342,1.5939384,0.88280155,18.76
1142,22,10823,1546,5a02_GOL_F_1342,1,unimol,0.89351818,0.74152088,6.3806405,1.0063813,0.84756922,21.16
1143,22,16716,2388,6qol_JB5_A_301,0,surfdock,0.76173125,0.74143524,6.0119481,1.3003646,0.99391945,2.4951829
1144,22,10795,1542,5a02_GOL_B_1342,1,unimol,0.89351819,0.73867634,6.4335198,1.0470233,0.75620879,22.16
1145,22,10802,1543,5a02_GOL_C_1341,1,unimol,0.89351818,0.73863204,6.4335198,1.0470233,0.84873149,25.93
1146,22,10809,1544,5a02_GOL_D_1341,1,unimol,0.89351817,0.73849914,6.4335198,1.0470233,0.58751,20.04
1147,22,10816,1545,5a02_GOL_E_1341,1,unimol,0.89351813,0.73836624,6.4335198,1.0470233,0,23.96
1148,22,10788,1541,5a02_GOL_A_1341,1,unimol,0.89351809,0.73832193,6.4335198,1.0470233,0.86432338,24.55
1149,22,7070,1010,4a78_JZ3_A_1296,0,surfdock,0.56164461,0.73792224,2.654484,0.77720195,0.24517586,2.3431542
1150,22,10542,1506,4zb2_FRU_A_404,0,surfdock,0.56164461,0.73736997,3.1680939,0.27527431,0,2.3885343
1151,22,4151,593,2fzb_TOL_A_800,0,surfdock,0.74708486,0.73584345,6.5287204,0.83508366,0.97663223,3.4131322
1152,22,7693,1099,4cno_9PY_D_301,0,surfdock,0.56164461,0.73439862,2.8763931,0.6302824,0.99007119,2.9303323
1153,22,9933,1419,4tsk_TLA_A_404,0,surfdock,0.66273851,0.73420028,3.5388927,1.2157933,0,2.4077408
1154,22,7679,1097,4cno_9PY_B_301,0,surfdock,0.56164461,0.73317599,2.8883064,0.64464265,0,2.8305119
1155,22,13329,1904,5r0i_SYV_A_2501,1,unimol,0.89094695,0.73307781,7.1128497,0.50606561,0.99338809,16.11
1156,22,4998,714,2qhv_OC9_A_1001,0,surfdock,0.75695582,0.73268365,6.7994766,0.76467973,0.9896149,2.8676035
1157,22,2856,408,1w1a_NDG_1_1261,0,surfdock,0.56164461,0.7325448,3.0791054,0.46745941,0,2.9277173
1158,22,2863,409,1w1a_NDG_2_1261,0,surfdock,0.56164461,0.7325448,3.0791054,0.46745941,0.89520071,2.9342111
1159,22,7686,1098,4cno_9PY_C_301,0,surfdock,0.56164461,0.73196002,2.8999958,0.65921456,0,2.7404877
1160,22,3969,567,2f64_12Q_A_472,0,surfdock,0.56164461,0.7303783,2.9639738,0.62959242,0,2.4722166
1161,22,3976,568,2f64_12Q_B_471,0,surfdock,0.56164461,0.72979102,2.9808066,0.62557256,0.0054556519,2.5532196
1162,22,10570,1510,4zbc_FRU_A_410,0,surfdock,0.56164461,0.72868578,3.0997822,0.53079414,0.007092705,2.5952144
1163,22,6223,889,3sj1_DXC_X_75,0,surfdock,0.56164461,0.7273487,2.8844023,0.77559632,0.9831885,3.9414918
1164,22,12362,1766,5i9m_69K_A_302,0,surfdock,0.56164317,0.72734232,2.3914168,0.21606132,0,3.3454763
1165,22,16618,2374,6q4r_MLT_A_1041,0,surfdock,0.56164461,0.72699254,2.9628582,0.70500314,0,2.4496826
1166,22,10577,1511,4zbc_FRU_B_408,0,surfdock,0.56164461,0.72642241,3.0806553,0.59982073,0.0056344966,2.466939
1167,22,11648,1664,5ewc_5SJ_A_801,0,surfdock,0.66273851,0.72555026,4.5654693,0.40794867,0.99223491,2.9480854
1168,22,6224,889,3sj1_DXC_X_75,1,unimol,0.66906498,0.7252737,5.1064515,1.2276096,0.98290361,20.61
1169,22,2811,401,1vje_MSE_A_401,4,gnina,0.43231226,0.723079,2.1087401,0.0054032258,3.1162682e-06,2.4980363
1170,23,10543,1506,4zb2_FRU_A_404,1,unimol,0.75338574,0.81254407,4.5254512,0.80333501,0.92363692,24.05
1171,23,7301,1043,4bbx_LKF_A_1760,0,surfdock,0.64709085,0.8014354,2.7151957,0.59964019,0.97978534,4.0638881
1172,23,182,26,1c3s_SHH_A_952,0,surfdock,0.69864486,0.79930088,4.8332396,0.70771247,0.96309139,3.370947
1173,23,4466,638,2jfv_FLC_A_1271,0,surfdock,0.54803916,0.78646189,2.2940981,0.24521732,0.89292768,2.99709
1174,23,10571,1510,4zbc_FRU_A_410,1,unimol,0.75221767,0.78633264,5.0634694,0.88067311,0.97979015,15.56
1175,23,7308,1044,4bbx_LKF_B_1760,0,surfdock,0.64709085,0.78318187,2.8385694,0.83580238,0.89580478,4.0970645
1176,23,14959,2137,6cwr_6LA_A_201,0,surfdock,0.54803916,0.77728852,2.4122488,0.28967443,0.97222635,3.2387937
1177,23,4333,619,2i6p_4NP_A_401,0,surfdock,0.69672698,0.77674462,5.6980624,0.42075902,0.96173383,2.6319467
1178,23,10564,1509,4zbc_FRU_A_409,1,unimol,0.8917825,0.77360198,5.3601456,1.0309973,0.94106988,22.54
1179,23,3934,562,2euq_BVC_A_401,0,surfdock,0.54803916,0.77350626,2.3899229,0.38073406,0.73427898,3.275539
1180,23,3935,562,2euq_BVC_A_401,1,unimol,0.6687987,0.7687097,4.0277057,1.144805,0.70256923,14.56
1181,23,10578,1511,4zbc_FRU_B_408,1,unimol,0.75245782,0.76728056,5.4059043,1.0563741,0.97584926,17.52
1182,23,13524,1932,5thu_GGG_B_405,0,surfdock,0.54803916,0.76587695,2.7638447,0.14857294,0,2.5972632
1183,23,14960,2137,6cwr_6LA_A_201,1,unimol,0.6687987,0.76214372,4.9647889,0.37180069,0,17.67
1184,23,10592,1513,4zbc_GLC_A_408,1,unimol,0.6687987,0.75471756,4.5253577,1.0019931,0,24.46
1185,23,5544,792,2x0u_X0U_B_1291,0,surfdock,0.75987066,0.75390755,6.1048794,0.84312928,7.3080386e-05,2.5582846
1186,23,10591,1513,4zbc_GLC_A_408,0,surfdock,0.54803916,0.7536294,2.7119372,0.43711692,0.087158684,2.2649568
1187,23,8946,1278,4kp7_1UQ_B_502,0,surfdock,0.54803916,0.75325871,2.8446491,0.31174731,0.99343385,3.3514633
1188,23,9646,1378,4pik_MAN_C_503,0,surfdock,0.54803916,0.75213911,2.7282631,0.4503783,0.76768728,2.5434219
1189,23,14574,2082,5zi4_OAA_A_401,0,surfdock,0.54985909,0.75087523,3.6055603,0.67095482,0.99549711,2.4002484
1190,23,7239,1034,4al9_GLA_G_1123,1,unimol,0.89783595,0.74907206,6.933094,0.21577409,0.96471079,21.49
1191,23,7232,1033,4al9_GLA_E_1123,1,unimol,0.89376263,0.74839644,6.933094,0.21577409,0.98367711,21.05
1192,23,7218,1031,4al9_GLA_C_1123,1,unimol,0.89376206,0.747901,6.933094,0.21577409,0.97494753,20.87
1193,23,7211,1030,4al9_GLA_A_1123,1,unimol,0.89376205,0.74785596,6.933094,0.21577409,0.982636,21.23
1194,23,7225,1032,4al9_GLA_D_1123,1,unimol,0.89376168,0.74776587,6.933094,0.21577409,0.96796943,21.84
1195,23,9380,1340,4n94_2HO_A_401,0,surfdock,0.54803916,0.74770406,2.5958197,0.67191619,0.0019292408,2.3723205
1196,23,16625,2375,6q4y_MAN_A_402,0,surfdock,0.54803916,0.74311007,3.0013514,0.36035928,0.0028326016,2.5256126
1197,23,12809,1829,5kcp_PFB_B_378,6,smina,0.42598057,0.74272487,2.1207032,0,1.9108277e-07,0.93938814
1198,23,14536,2076,5z9p_AX7_A_301,4,gnina,0.42519113,0.74007937,2.1207032,0,0.24590882,1.4379315
1199,23,16632,2376,6q4y_MAN_B_402,0,surfdock,0.54803916,0.73998293,3.0481856,0.37849829,0.091252207,2.461898
1200,23,16031,2290,6lx5_C5F_A_502,1,unimol,0.6687987,0.73901548,4.5317922,1.4180082,0,19.6
1201,23,3973,567,2f64_12Q_A_472,4,gnina,0.42861361,0.73841043,2.1827636,0.087766714,0.10329489,1.9793988
1202,23,16030,2290,6lx5_C5F_A_502,0,surfdock,0.54803916,0.73523002,2.7032216,0.82380545,0,3.455891
1203,23,16051,2293,6lx5_C5F_B_502,0,surfdock,0.54803916,0.73522621,2.7032554,0.82385302,5.4205958e-07,3.3250002
1204,23,344,49,1dxy_COI_A_404,1,unimol,0.6687987,0.73465755,4.3878007,1.6840745,0.94556853,21.86
1205,23,5747,821,2yp6_C6W_B_1186,0,surfdock,0.54803916,0.73414061,2.9185934,0.63170749,1.2670129e-07,3.0936335
1206,23,14777,2111,6bds_DJ4_A_303,0,surfdock,0.54803916,0.73383124,3.425765,0.13116579,2.6134336e-05,2.7478546
1207,23,3980,568,2f64_12Q_B_471,4,gnina,0.42852166,0.73289146,2.2135098,0.1312481,6.7573112e-06,2.0018684
1208,23,16044,2292,6lx5_C5F_B_501,0,surfdock,0.54803916,0.73251751,2.7273052,0.85786492,0.99204312,3.476727
1209,23,13000,1857,5m62_BGC_A_409,1,unimol,0.75338574,0.73248249,5.5333214,2.0175555,0,15.22
1210,23,1162,166,1j0n_CEG_A_780,0,surfdock,0.54803916,0.73072335,2.9836476,0.640338,0,2.8505759
1211,23,343,49,1dxy_COI_A_404,0,surfdock,0.54803916,0.73001282,2.9256408,0.7137965,0.96684591,2.4330091
1212,23,10585,1512,4zbc_GLC_A_407,1,unimol,0.6687987,0.728946,5.3330674,0.90212661,0.038054895,19.86
1213,23,16045,2292,6lx5_C5F_B_501,1,unimol,0.6687987,0.72790026,5.0529151,1.2125998,0,23.86
1214,23,16037,2291,6lx5_C5F_A_503,0,surfdock,0.54803916,0.72692502,2.7778141,0.9292953,4.578077e-07,3.3300952
1215,23,6475,925,3vbn_TYD_A_301,0,surfdock,0.64709085,0.72494906,4.0675702,0.94094044,0.86824118,3.8202578
1216,23,16052,2293,6lx5_C5F_B_502,1,unimol,0.6687987,0.72463889,5.0931439,1.2677728,0.83880029,25.07
1217,23,16038,2291,6lx5_C5F_A_503,1,unimol,0.6687987,0.72432532,4.6755033,1.6946546,0.77909612,23.26
1218,23,10584,1512,4zbc_GLC_A_407,0,surfdock,0.54803916,0.72344913,3.3361113,0.4482154,0,2.7934014
1219,23,8947,1278,4kp7_1UQ_B_502,1,unimol,0.6687987,0.72308767,5.1906924,1.2160548,0.94583919,23.84
1220,24,6112,873,3r51_MMA_A_200,1,unimol,0.89355575,0.88654796,3.5159454,0.33231413,0.96556947,16.72
1221,24,9163,1309,4lz7_1YW_B_804,0,surfdock,0.72919611,0.83981954,4.1147194,0.5023241,0.19717189,3.1176897
1222,24,9198,1314,4m72_M72_B_402,0,surfdock,0.642104,0.83181745,2.4508584,0.32903808,0,2.9043785
1223,24,3045,435,1xuz_PEP_A_2001,0,surfdock,0.65823779,0.80413603,2.7211704,0.59800857,0.9135682,2.6669754
1224,24,17493,2499,6x9d_HYP_B_2002,0,surfdock,0.54347778,0.78374132,2.4009941,0.20600967,0.96682013,2.4940242
1225,24,16653,2379,6qaw_HVE_A_402,0,surfdock,0.54347778,0.78262868,2.3264644,0.30017233,0,2.9467002
1226,24,10213,1459,4ws1_URF_A_301,0,surfdock,0.54471923,0.77784719,2.8589561,0.82749081,0.035058805,2.3180734
1227,24,10423,1489,4y6n_3PG_A_402,0,surfdock,0.54347778,0.7722898,2.4037225,0.4094317,0.98158737,2.800526
1228,24,4389,627,2ixi_TYD_A_1182,0,surfdock,0.54347778,0.76610592,2.6874533,0.24088702,0,3.4345686
1229,24,4396,628,2ixi_TYD_B_1182,0,surfdock,0.54347778,0.7643134,2.7036762,0.25857717,0.97950715,3.6727482
1230,24,12369,1767,5iav_MLI_A_302,0,surfdock,0.54746668,0.76294785,3.4158232,0.61416906,0.98892606,2.3652326
1231,24,10955,1565,5agn_4JK_A_800,0,surfdock,0.54347778,0.76193877,2.5318699,0.47567987,0,3.0282708
1232,24,10962,1566,5agn_4JK_B_800,0,surfdock,0.54347778,0.76193877,2.5318699,0.47567987,2.7294901e-06,2.9000287
1233,24,1890,270,1nux_F6P_A_2339,0,surfdock,0.73826945,0.76053823,5.3889556,1.1918594,0.9712401,3.2576205
1234,24,1883,269,1nuw_F6P_A_2336,0,surfdock,0.72581834,0.76002901,5.3889556,1.1918594,0,3.1148016
1235,24,2709,387,1uay_ADN_A_1001,0,surfdock,0.54347778,0.75980284,2.5012696,0.54738384,0.96927504,3.3053453
1236,24,9030,1290,4l4d_CAM_A_503,0,surfdock,0.54347778,0.75972551,2.5947974,0.455351,0,2.4387107
1237,24,2716,388,1uay_ADN_B_1002,0,surfdock,0.54347778,0.7594379,2.5041928,0.55151814,0.99461596,3.2733912
1238,24,12936,1848,5lqs_NTM_A_302,0,surfdock,0.54347778,0.75682056,2.6260679,0.48056233,0.04883897,2.7290053
1239,24,4001,571,2f78_BEZ_B_1002,4,gnina,0.41262751,0.75503558,2.1142106,0,0.98932595,1.7586937
1240,24,12376,1768,5iav_MLI_B_302,0,surfdock,0.55016042,0.75456127,3.4993925,0.72372872,0,2.1869781
1241,24,3987,569,2f78_BEZ_A_1001,4,gnina,0.41246708,0.75298516,2.1142106,0,0.99379844,2.0792715
1242,24,5999,857,2zwt_CAM_A_422,0,surfdock,0.54347778,0.7519415,2.6188824,0.58408916,0,2.3677992
1243,24,4501,643,2jig_PD2_A_1254,0,surfdock,0.75878121,0.74973706,5.8565192,1.1956975,0,2.7679589
1244,24,3682,526,2c5b_5F1_C_500,0,surfdock,0.54347778,0.7496912,2.7703731,0.47766685,0,3.4608595
1245,24,8330,1190,4h9x_HL4_B_404,0,surfdock,0.55667282,0.74945992,4.0080376,0.33380774,0.54444563,2.9399289
1246,24,9303,1329,4mr8_2BW_A_507,0,surfdock,0.54347778,0.74886034,2.659518,0.60526574,0,3.0156429
1247,24,12782,1826,5kcj_6RM_B_302,0,surfdock,0.75851613,0.7486305,5.2124286,1.869224,0,4.1154145
1248,25,2514,359,1thc_FL9_A_131,1,unimol,0.74886775,0.80768373,5.0888362,0.29956186,0.9819991,15.16
1249,25,2528,361,1thc_FL9_B_131,1,unimol,0.74458024,0.80531515,5.1449699,0.27442107,0.98618795,22.27
1250,25,14301,2043,5y7r_AKG_B_402,0,surfdock,0.5334333,0.7889847,2.2796729,0.24192987,0.99479759,2.7682492
1251,25,11718,1674,5faj_DCS_D_401,0,surfdock,0.73844385,0.78866208,5.7038918,0.1041599,0,3.8993945
1252,25,17339,2477,6urx_JMG_A_316,0,surfdock,0.5334333,0.78467326,2.3107831,0.28592601,0.99728875,2.4803622
1253,25,6678,954,3w8x_FTK_A_601,0,surfdock,0.5334333,0.78208539,2.329704,0.31268421,1.1143835e-07,3.3756407
1254,25,14575,2082,5zi4_OAA_A_401,1,unimol,0.89328267,0.78132146,5.6832542,0.47049689,0.96906793,15.75
1255,25,5698,814,2y4j_LAC_B_400,0,surfdock,0.53569156,0.77877647,2.9914885,0.69170094,0.9640357,2.190249
1256,25,9555,1365,4ox5_DAL_A_307,0,surfdock,0.5334333,0.77325597,2.470221,0.33148256,0,2.1903917
1257,25,4459,637,2j9e_AKG_C_1119,0,surfdock,0.5334333,0.76897812,2.490649,0.39022422,0.66424052,2.3429452
1258,25,7791,1113,4d0z_BBK_E_1584,0,surfdock,0.53568996,0.76652265,3.0141175,0.9250235,0.92336522,2.8271555
1259,25,16877,2411,6rgg_K3Q_A_402,0,surfdock,0.5334333,0.76614797,2.8329132,0.1010685,0.00075329736,2.7198102
1260,25,9332,1333,4n36_2F8_C_401,1,unimol,0.7494153,0.76573234,5.9861779,0.53092092,0.95707559,22.8
1261,25,16891,2413,6rgg_K3Q_B_401,0,surfdock,0.5334333,0.765374,2.8543179,0.09429004,0.034880406,2.7226447
1262,25,14476,2068,5ykt_PMP_A_501,0,surfdock,0.5334333,0.76534947,2.5106483,0.43842363,0.99034576,3.2516487
1263,25,14483,2069,5ykt_PMP_B_501,0,surfdock,0.5334333,0.76534947,2.5106483,0.43842363,0.99295307,3.457541
1264,25,9318,1331,4n36_2F8_A_401,1,unimol,0.7494153,0.76212545,5.9710279,0.64864576,0.97125361,17.08
1265,25,9325,1332,4n36_2F8_B_401,1,unimol,0.7494153,0.76212545,5.9710279,0.64864576,0.96049557,20.74
1266,25,10003,1429,4ud9_FQI_H_1257,0,surfdock,0.5334333,0.76187177,2.8565013,0.15884753,0.99553818,2.5610052
1267,25,16870,2410,6rgg_K3Q_A_401,0,surfdock,0.5334333,0.76158228,2.9212182,0.099689879,0,2.6329973
1268,25,5929,847,2ztl_3HL_B_301,0,surfdock,0.5334333,0.75870277,2.660639,0.41590104,0.987304,2.2379403
1269,25,5922,846,2ztl_3HL_A_301,0,surfdock,0.5334333,0.75778243,2.6790597,0.41539517,0.99795886,2.0843456
1270,25,5936,848,2ztl_3HL_C_301,0,surfdock,0.5334333,0.75778243,2.6790597,0.41539517,0.99514346,2.1943142
1271,25,5943,849,2ztl_3HL_D_301,0,surfdock,0.5334333,0.75759638,2.6822193,0.41586465,0,2.1596996
1272,25,14280,2040,5y1g_AKB_A_401,0,surfdock,0.5334333,0.75406753,2.710593,0.45684153,0.9331461,2.481586
1273,25,15855,2265,6krs_CIT_C_301,0,surfdock,0.5334333,0.75387098,2.705024,0.46630162,0.032461642,2.9503466
1274,25,15862,2266,6krs_CIT_D_301,0,surfdock,0.5334333,0.75387098,2.705024,0.46630162,0,2.8327839
1275,25,15869,2267,6krs_CIT_F_301,0,surfdock,0.5334333,0.75363262,2.7082138,0.46783525,0,2.7896287
1276,25,15883,2269,6krs_CIT_I_301,0,surfdock,0.5334333,0.75280544,2.7152128,0.47726253,0.014972373,2.8803471
1277,25,15890,2270,6krs_CIT_J_301,0,surfdock,0.5334333,0.75280544,2.7152128,0.47726253,0.015352468,2.82186
1278,25,15848,2264,6krs_CIT_B_301,0,surfdock,0.5334333,0.75276578,2.7199068,0.47335631,0.016753714,2.914619
1279,25,15876,2268,6krs_CIT_H_301,0,surfdock,0.5334333,0.75276578,2.7199068,0.47335631,0.015301673,2.8154706
1280,25,17340,2477,6urx_JMG_A_316,1,unimol,0.66712667,0.75189773,4.462698,1.1191347,0.98789856,14.91
1281,25,10619,1517,4zjz_BEZ_A_1001,0,surfdock,0.5334333,0.7515001,2.6511414,0.56736463,0.99225216,2.4889091
1282,25,10626,1518,4zjz_BEZ_B_601,0,surfdock,0.5334333,0.7515001,2.6511414,0.56736463,0.99635403,2.3874813
1283,25,7406,1058,4bz6_SHH_C_700,0,surfdock,0.5334333,0.75119802,2.673681,0.55086881,0.93851565,3.245294
1284,25,7399,1057,4bz6_SHH_A_700,0,surfdock,0.5334333,0.75096423,2.6546357,0.57459462,0.95973613,3.2416638
1285,25,7413,1059,4bz6_SHH_D_700,0,surfdock,0.5334333,0.75096423,2.6546357,0.57459462,0.98935604,3.1955538
1286,25,12810,1830,5kcp_PFB_B_379,0,surfdock,0.5334333,0.74871925,2.8289998,0.44541574,0.91561617,2.3727113
1287,25,5509,787,2wzh_NGO_A_1589,0,surfdock,0.74830591,0.74859814,6.6719422,0.29839146,0.98786212,2.8436583
1288,25,13671,1953,5uda_CAE_A_502,0,surfdock,0.5334333,0.74766952,2.7340071,0.56167603,0.47926931,2.1651436
1289,25,13678,1954,5uda_CAE_B_502,0,surfdock,0.5334333,0.74766952,2.7340071,0.56167603,0.50867144,2.2577718
1290,25,12797,1828,5kcp_PFB_A_379,1,unimol,0.89361426,0.747155,6.5738168,0.56009626,0.044106051,21.61
1291,25,5628,804,2xul_AKG_C_201,0,surfdock,0.5334333,0.74674692,2.7912819,0.52316713,0.93368965,2.529452
1292,25,12355,1765,5i8z_JA1_A_302,0,surfdock,0.5334333,0.74464624,3.115216,0.24222401,0.98746334,3.8467733
1293,25,13643,1949,5uap_82S_A_505,0,surfdock,0.5334333,0.74379597,2.6331387,0.74180579,0.042905437,2.3985072
1294,25,13650,1950,5uap_82S_B_505,0,surfdock,0.5334333,0.74379597,2.6331387,0.74180579,0.99603508,2.4527923
1295,25,973,139,1hdi_3PG_A_419,0,surfdock,0.5334333,0.74263721,2.6598308,0.73906422,0.99369566,2.6846967
1296,25,11424,1632,5dz2_212_A_404,0,surfdock,0.53583343,0.74167828,4.215991,0.29743621,0.98873409,3.002972
1297,25,5621,803,2xul_AKG_A_201,0,surfdock,0.5334333,0.73980393,2.8641605,0.59377337,0,2.6641111
1298,26,10277,1468,4x36_CHT_A_409,1,unimol,0.67055009,0.83767846,2.9966679,0.63685644,0.97188093,17.76
1299,26,10270,1467,4x36_CHT_A_408,1,unimol,0.67055009,0.83110857,3.0673068,0.69112664,0.97509629,23.3
1300,26,10291,1470,4x36_CHT_A_412,1,unimol,0.67055009,0.8279608,3.102417,0.71691906,0.91100396,17.38
1301,26,10284,1469,4x36_CHT_A_411,1,unimol,0.67055009,0.82672731,3.1164408,0.72695148,0.92654684,23.04
1302,26,10276,1468,4x36_CHT_A_409,0,surfdock,0.53708171,0.80506483,2.1837435,0.095101722,0.99646917,2.0876424
1303,26,9576,1368,4p5y_NGA_A_201,0,surfdock,0.53708171,0.80183404,2.2055333,0.12591758,0.9865421,2.7555941
1304,26,10269,1467,4x36_CHT_A_408,0,surfdock,0.53708171,0.80020957,2.2165902,0.14155395,0.99463491,2.1051645
1305,26,9577,1368,4p5y_NGA_A_201,1,unimol,0.67055009,0.7995683,3.7736101,0.62797689,0.99005169,18.21
1306,26,10290,1470,4x36_CHT_A_412,0,surfdock,0.53708171,0.79792531,2.2322507,0.16370139,0,2.1112943
1307,26,217,31,1cdk_MYR_A_403,0,surfdock,0.53708171,0.79735421,2.2361877,0.16926906,0.97867701,2.2744141
1308,26,10283,1469,4x36_CHT_A_411,0,surfdock,0.53708171,0.79694288,2.239028,0.17328604,0.87202325,2.0835108
1309,26,224,32,1cdk_MYR_B_403,0,surfdock,0.53708171,0.79687556,2.2394934,0.17394421,0.9745238,2.3054236
1310,26,4158,594,2fzb_TOL_A_900,0,surfdock,0.7386791,0.79421236,4.3117785,1.2926835,0,2.5189083
1311,26,11599,1657,5eo8_TFU_A_404,0,surfdock,0.53708171,0.78762841,2.3045473,0.26594436,0,2.5585632
1312,26,11600,1657,5eo8_TFU_A_404,1,unimol,0.67055009,0.78580082,3.6281841,1.0787216,0,19.24
1313,26,11501,1643,5eo7_SFU_A_401,0,surfdock,0.53708171,0.78544057,2.3202755,0.28818756,0,1.684788
1314,26,11592,1656,5eo8_TFU_A_402,0,surfdock,0.53708171,0.78531728,2.3211663,0.28944725,0.86508143,2.4219273
1315,26,11515,1645,5eo7_SFU_A_403,0,surfdock,0.53708171,0.78522648,2.3218222,0.2903747,0.01341422,2.54309
1316,26,11529,1647,5eo7_SFU_B_403,0,surfdock,0.53708171,0.78522648,2.3218222,0.2903747,0,2.439579
1317,26,11564,1652,5eo7_SFU_C_403,0,surfdock,0.53708171,0.78522648,2.3218222,0.2903747,0.70668546,2.3554724
1318,26,11522,1646,5eo7_SFU_B_401,0,surfdock,0.53708171,0.7830246,2.3377974,0.31296721,0.94623429,2.44376
1319,26,11550,1650,5eo7_SFU_C_401,0,surfdock,0.53708171,0.7830246,2.3377974,0.31296721,0.84803217,2.5149213
1320,26,11593,1656,5eo8_TFU_A_402,1,unimol,0.67055009,0.78185277,3.6818998,1.1155519,0,19.05
1321,26,11585,1655,5eo8_TFU_A_401,0,surfdock,0.53708171,0.78155048,2.3485689,0.3282001,0,2.5112327
1322,26,218,31,1cdk_MYR_A_403,1,unimol,0.67055009,0.78075945,4.0943794,0.72839034,0,16.59
1323,26,225,32,1cdk_MYR_B_403,1,unimol,0.67055009,0.78047187,4.0917754,0.73767108,0.88011681,17.59
1324,26,11543,1649,5eo7_SFU_B_405,0,surfdock,0.53708171,0.77872727,2.3693683,0.35761511,0,2.4287783
1325,26,11606,1658,5eo8_TFU_A_405,0,surfdock,0.53708171,0.77764905,2.377372,0.36893418,0,2.5782269
1326,26,11613,1659,5eo8_TFU_A_406,0,surfdock,0.53708171,0.77764905,2.377372,0.36893418,0.89876625,2.5101829
1327,26,11536,1648,5eo7_SFU_B_404,0,surfdock,0.53708171,0.77739792,2.3792408,0.37157685,0,2.6196737
1328,26,11571,1653,5eo7_SFU_C_404,0,surfdock,0.53708171,0.77739792,2.3792408,0.37157685,0.96825835,2.5507333
1329,26,11557,1651,5eo7_SFU_C_402,0,surfdock,0.53708171,0.77606526,2.3891888,0.38564524,0,2.4691404
1330,26,11578,1654,5eo7_SFU_C_405,0,surfdock,0.53708171,0.77606526,2.3891888,0.38564524,0,2.5481625
1331,26,2919,417,1wc7_PP3_A_1214,0,surfdock,0.70760272,0.77492186,5.3916283,0.68479931,0,3.5430115
1332,26,11586,1655,5eo8_TFU_A_401,1,unimol,0.67055009,0.77435179,3.7871025,1.1862096,0,22.58
1333,26,11508,1644,5eo7_SFU_A_402,0,surfdock,0.53708171,0.77305491,2.41185,0.41769302,0,3.0833849
1334,26,4460,637,2j9e_AKG_C_1119,1,unimol,0.74647168,0.77019635,4.4668813,1.791648,0.96067827,25.69
1335,26,11502,1643,5eo7_SFU_A_401,1,unimol,0.67055009,0.76624163,3.8851249,1.28417,0.90897838,19.07
1336,26,11607,1658,5eo8_TFU_A_405,1,unimol,0.67055009,0.76620808,3.9040458,1.2660713,0.84348533,16.48
1337,26,11614,1659,5eo8_TFU_A_406,1,unimol,0.67055009,0.76620808,3.9040458,1.2660713,0,16.8
1338,26,11516,1645,5eo7_SFU_A_403,1,unimol,0.67055009,0.76583317,3.8911171,1.2882129,0.93299468,22.52
1339,26,11530,1647,5eo7_SFU_B_403,1,unimol,0.67055009,0.76583317,3.8911171,1.2882129,0.92059197,16.56
1340,26,11565,1652,5eo7_SFU_C_403,1,unimol,0.67055009,0.76583317,3.8911171,1.2882129,0.73820063,18.15
1341,26,11739,1677,5fc5_PC_A_516,0,surfdock,0.53708171,0.76333803,2.4868343,0.52373677,0.98828868,2.5597863
1342,26,11523,1646,5eo7_SFU_B_401,1,unimol,0.67055009,0.76256474,3.9393914,1.3208218,0.93659269,19.53
1343,26,11551,1650,5eo7_SFU_C_401,1,unimol,0.67055009,0.76256474,3.9393914,1.3208218,0.8047914,20.69
1344,26,7812,1116,4d4u_FUC_A_950,0,surfdock,0.53708171,0.76060614,2.6645429,0.39817709,0.98504497,2.3623948
1345,26,7819,1117,4d4u_FUC_B_950,0,surfdock,0.53708171,0.76060614,2.6645429,0.39817709,0.99300574,2.3591384
1346,26,15204,2172,6f7r_CIT_A_1003,0,surfdock,0.53708171,0.75806923,2.5317347,0.57991797,0.84794682,2.4750404
1347,26,11544,1649,5eo7_SFU_B_405,1,unimol,0.67055009,0.75783559,4.0087619,1.3703406,0.95929019,21.55
1348,27,2534,362,1tiw_TFB_A_2002,0,surfdock,0.53495561,0.81688343,2.1074474,0,0.62811862,2.1351296
1349,27,10318,1474,4xh4_PPI_A_504,0,surfdock,0.53495561,0.81665855,2.1088905,0.0020406942,0.99779281,1.9700955
1350,27,4893,699,2qb4_LEU_A_601,0,surfdock,0.53495561,0.8126706,2.1346786,0.038510866,0.99191571,2.6421194
1351,27,13069,1867,5mzj_TEP_A_2401,0,surfdock,0.53495561,0.81223636,2.1375096,0.042514481,0.99759144,2.6419047
1352,27,5930,847,2ztl_3HL_B_301,1,unimol,0.89469616,0.80536512,4.628221,0.87830848,0.9548612,21.95
1353,27,5937,848,2ztl_3HL_C_301,1,unimol,0.89469588,0.8053557,4.6268048,0.85984164,0.96795015,18.5
1354,27,5923,846,2ztl_3HL_A_301,1,unimol,0.89469578,0.80491412,4.6268048,0.85984164,0.96113066,17.87
1355,27,5944,849,2ztl_3HL_D_301,1,unimol,0.74875115,0.80121241,4.6266046,0.85700554,0.96960408,21.19
1356,27,4599,657,2nu7_COA_E_1325,0,surfdock,0.53495561,0.79917193,2.2617385,0.1291472,0.17455798,2.4740069
1357,27,8708,1244,4i9n_1E6_F_401,0,surfdock,0.75088865,0.79916136,5.4583855,0.10975017,0,4.1717616
1358,27,13818,1974,5vka_AKG_A_402,0,surfdock,0.53495561,0.79729569,2.3232036,0.098820321,0.99425499,2.6465563
1359,27,11207,1601,5cpn_531_B_401,0,surfdock,0.62681053,0.78746661,3.2476833,0.30252159,0.99198861,2.9442521
1360,27,10319,1474,4xh4_PPI_A_504,1,unimol,0.67113863,0.77613206,4.5881801,0.32635766,0.98414873,22.29
1361,27,7147,1021,4adl_LMR_D_1468,0,surfdock,0.53495561,0.77573659,2.4594586,0.33671883,0,2.5132483
1362,27,10969,1567,5ahn_IMP_A_1468,0,surfdock,0.53495561,0.76556175,2.6195087,0.36432993,0.94831195,3.4584502
1363,27,16492,2356,6p9t_O5D_A_307,0,surfdock,0.53495561,0.76353234,2.4863367,0.53583044,1.7834601e-05,2.9272426
1364,27,11026,1575,5b4u_MLA_A_302,1,unimol,0.74875115,0.76130778,6.1932354,0.33396778,0.93913408,20.41
1365,27,9212,1316,4mgj_CPZ_A_502,0,surfdock,0.53495561,0.75840235,2.81355,0.30688393,8.6485453e-05,2.7426395
1366,27,12866,1838,5l1u_7PF_A_401,0,surfdock,0.53495561,0.75774939,2.7011404,0.43194523,0,3.446205
1367,27,3031,433,1xl0_OX2_A_998,0,surfdock,0.53495561,0.75711913,2.7263947,0.41893393,0.99585109,3.3628527
1368,27,4578,654,2nu7_COA_B_1025,0,surfdock,0.53495561,0.75439114,2.6964991,0.50217193,0,3.1487256
1369,27,4592,656,2nu7_COA_E_1025,0,surfdock,0.53495561,0.75375749,2.6762645,0.53487951,0.52875291,3.0057185
1370,27,13672,1953,5uda_CAE_A_502,1,unimol,0.67504552,0.75289585,5.9867282,0.64640719,0.9961013,24.2
1371,27,14529,2075,5z9b_HX3_B_303,4,gnina,0.43784994,0.75119934,2.1537557,0.065489791,0.00045624252,1.8261606
1372,27,238,34,1cq1_BGC_A_455,0,surfdock,0.53495561,0.75071636,3.0076497,0.26380008,0.11433033,2.2947047
1373,27,462,66,1fm8_DDC_A_501,0,surfdock,0.75598223,0.7498744,4.8850322,2.0361581,1.2272612e-05,3.4134959
1374,27,8723,1246,4ioq_BAQ_A_201,1,unimol,0.67113863,0.74967128,4.762795,0.80774784,0.98961076,14.19
1375,27,1806,258,1njr_XYL_A_285,0,surfdock,0.53495561,0.74937236,2.7492545,0.54908097,0.9371685,2.4862078
1376,27,13811,1973,5vjg_0BP_A_403,0,surfdock,0.53495561,0.74932369,2.6011341,0.69817817,0.99877021,2.648073
1377,27,2590,370,1toq_AMG_A_501,0,surfdock,0.53495561,0.74879465,2.7779007,0.53203493,0.99549451,2.4576737
1378,27,2597,371,1toq_AMG_E_503,0,surfdock,0.53495561,0.74879465,2.7779007,0.53203493,0,2.6936172
1379,27,8722,1246,4ioq_BAQ_A_201,0,surfdock,0.53495561,0.74805546,2.7626903,0.56212944,0.99515791,1.9965713
1380,27,13720,1960,5uio_LG3_C_201,0,surfdock,0.75672663,0.74772758,6.0371642,0.9576565,0.9928667,2.1326034
1381,27,17605,2515,6zac_QDE_A_4000,0,surfdock,0.7248494,0.74747866,5.0318608,1.7862676,0,4.1168236
1382,27,4452,636,2j5b_TYE_B_1338,0,surfdock,0.72688499,0.74544273,5.0902405,1.7909793,0.83428746,2.7618277
1383,27,525,75,1fuq_CIT_A_1001,0,surfdock,0.53495561,0.74451859,2.7833328,0.61331344,0.7328087,2.6607767
1384,27,2933,419,1wq4_TYR_A_501,0,surfdock,0.63204423,0.74352913,3.6191757,0.92900765,0.98465747,2.8815535
1385,27,3962,566,2f3s_7GP_A_998,0,surfdock,0.53495561,0.74349245,2.8784244,0.53925097,0.98231946,3.6868836
1386,27,13804,1972,5v31_ARG_A_401,0,surfdock,0.53495561,0.74171354,3.040612,0.41373098,0,2.8812195
1387,27,13727,1961,5uio_LG3_E_201,0,surfdock,0.7578563,0.74149406,6.1321149,1.0603619,0.99610047,2.1445626
1388,27,3626,518,2bsc_NAG_A_1176,0,surfdock,0.53495561,0.73973976,2.8257542,0.66958046,0,2.6750616
1389,27,11200,1600,5cpn_531_A_401,0,surfdock,0.53495561,0.73712227,3.2476833,0.30252159,0.9526016,2.8629017
1390,27,10970,1567,5ahn_IMP_A_1468,1,unimol,0.67113863,0.73704587,5.5714149,0.33731943,0,20.38
1391,27,15092,2156,6f2b_AKG_B_402,0,surfdock,0.57783921,0.73536625,3.7125289,0.95992357,0,2.6304487
1392,27,0,0,19gs_BSP_B_210,0,surfdock,0.75325814,0.73483904,5.8585534,1.510347,0.0053721136,2.3537169
1393,27,3269,467,1zk0_SS2_A_1260,0,surfdock,0.53495561,0.73345511,2.9811695,0.64690089,0.78316205,2.141506
1394,27,2982,426,1xc7_GL6_A_998,0,surfdock,0.53495561,0.72897706,3.5616295,0.16311981,0.95675401,3.5406753
1395,27,575,82,1g6t_S3P_A_601,1,unimol,0.89074099,0.72870635,7.2902088,0.31775996,0.96177999,20.1
1396,27,9751,1393,4qxc_OGA_A_600,0,surfdock,0.75192876,0.72716733,6.2251892,1.385131,0.99713744,2.8374349
1397,27,1456,208,1kuj_MMA_C_502,0,surfdock,0.53495561,0.72652694,2.8910191,0.88738728,0.99014569,2.7220013
1398,28,8967,1281,4kqx_HIO_A_402,0,surfdock,0.53763935,0.81848939,2.1056719,0,0.81156222,2.644021
1399,28,8974,1282,4kqx_HIO_B_401,0,surfdock,0.53763935,0.81848939,2.1056719,0,0.80305821,2.7135876
1400,28,15932,2276,6l68_ALL_A_201,0,surfdock,0.53763935,0.81580128,2.1227913,0.0242105,0,2.4466616
1401,28,15933,2276,6l68_ALL_A_201,1,unimol,0.6744543,0.81518131,3.7037411,0.34048551,0,20.94
1402,28,17361,2480,6uzr_QM1_B_301,1,unimol,0.74707569,0.81143905,3.8912709,1.2479613,0.98665208,21.53
1403,28,3374,482,227l_BNZ_A_169,0,surfdock,0.75938762,0.80186774,4.0887818,1.3925773,0.99736557,2.0535917
1404,28,15071,2153,6e8i_PTR_A_201,0,surfdock,0.53763935,0.80057314,2.2230489,0.16599631,0.97849353,2.9815224
1405,28,13125,1875,5nj0_8YW_A_301,0,surfdock,0.73035403,0.79847731,4.7549052,0.65423977,0.98833615,4.0507629
1406,28,10486,1498,4ywd_NTM_A_704,0,surfdock,0.53763935,0.79658822,2.2583199,0.19636531,0.044634742,2.6163694
1407,28,13993,1999,5wct_GY4_A_303,0,surfdock,0.53763935,0.78811379,2.3094368,0.28816712,0,7.0097659
1408,28,17710,2530,7bzm_GIM_A_501,0,surfdock,0.53763935,0.78187017,2.3542888,0.35159722,0.99316825,2.8914248
1409,28,17717,2531,7bzm_GIM_B_501,0,surfdock,0.53763935,0.78187017,2.3542888,0.35159722,0,2.8959662
1410,28,1757,251,1n1i_HIS_C_501,0,surfdock,0.53763935,0.77530136,2.5256534,0.29699183,0.8243796,2.2569443
1411,28,4431,633,2j1s_FUL_B_1153,0,surfdock,0.53763935,0.77483371,2.4061425,0.42492968,0.9963517,2.1625788
1412,28,4424,632,2j1s_FUL_A_1153,0,surfdock,0.53763935,0.7736153,2.4152644,0.43782991,0,2.2353107
1413,28,9352,1336,4n4j_HG1_A_607,0,surfdock,0.53763935,0.77151249,2.8172915,0.074059233,3.3184418e-08,2.708871
1414,28,16058,2294,6ly4_TES_A_501,0,surfdock,0.53763935,0.77073694,2.4369879,0.46855158,0.99030392,3.4256508
1415,28,16772,2396,6qrn_RIP_A_500,0,surfdock,0.53763935,0.76996087,2.4838378,0.43594322,0.026538018,2.0622046
1416,28,469,67,1foi_14W_A_810,0,surfdock,0.53763935,0.76775094,2.4597826,0.50078827,0,2.585746
1417,28,12082,1726,5gto_MYR_A_502,0,surfdock,0.53763935,0.76758975,2.5162992,0.4472605,0,3.2528566
1418,28,9450,1350,4nir_6DH_A_308,0,surfdock,0.53763935,0.76708035,2.5854778,0.38754115,0,2.6221154
1419,28,9457,1351,4nir_6DH_B_306,0,surfdock,0.53763935,0.76708035,2.5854778,0.38754115,1.003211e-05,2.758865
1420,28,10388,1484,4xz9_G3P_C_302,0,surfdock,0.53763935,0.76446654,2.8828497,0.13899711,0.99723439,2.2923259
1421,28,10381,1483,4xz9_G3P_B_302,0,surfdock,0.53763935,0.7640792,2.8952725,0.13385342,0.9904519,2.4148418
1422,28,12180,1740,5h9i_XAN_A_301,0,surfdock,0.53763935,0.76222309,2.6540849,0.41007525,0,2.2949358
1423,28,9758,1394,4qxc_OGA_C_600,0,surfdock,0.74882698,0.76047117,5.5137062,0.92621094,0,2.7186117
1424,28,3612,516,2bs3_CIT_D_1657,0,surfdock,0.53763935,0.75848943,2.6463442,0.48906606,0.99659677,2.885689
1425,28,8393,1199,4hgg_SYN_B_502,0,surfdock,0.72411043,0.75652239,5.5594621,0.93468958,0.99201502,2.25449
1426,29,1730,247,1mrq_STR_A_501,1,unimol,0.67386556,0.82660625,3.4627202,0.33971947,0.97981706,18.22
1427,29,1729,247,1mrq_STR_A_501,0,surfdock,0.53523013,0.81924768,2.1052914,0,0.98824881,3.5506471
1428,29,4375,625,2ipf_FFA_A_3,0,surfdock,0.53523013,0.81924768,2.1052914,0,0.97721847,3.2124498
1429,29,4942,706,2qd4_CHD_A_802,0,surfdock,0.53523013,0.81924768,2.1052914,0,0.83353854,4.1455653
1430,29,7728,1104,4cxr_2BG_A_502,0,surfdock,0.53523013,0.81924768,2.1052914,0,0.99651084,2.716213
1431,29,13972,1996,5w7b_MYR_B_208,0,surfdock,0.53523013,0.81924768,2.1052914,0,0.98258875,3.0239843
1432,29,15288,2184,6flu_DTK_A_406,0,surfdock,0.53523013,0.81924768,2.1052914,0,0.98205729,2.2180148
1433,29,4949,707,2qd4_CHD_A_803,0,surfdock,0.53523013,0.81908862,2.1062932,0.0014168083,0,3.5896988
1434,29,4956,708,2qd4_CHD_B_926,0,surfdock,0.53523013,0.81860557,2.1093385,0.0057234298,0,3.6507416
1435,29,4963,709,2qd4_CHD_B_927,0,surfdock,0.53523013,0.81826618,2.1114817,0.0087542934,2.0706733e-09,3.3122245
1436,29,15309,2187,6flu_DTK_B_403,0,surfdock,0.53523013,0.81618875,2.1246567,0.027386684,0.93482349,2.0474483
1437,29,15281,2183,6flu_DTK_A_405,0,surfdock,0.53523013,0.81450133,2.1354332,0.042626873,0,2.0902373
1438,29,15316,2188,6flu_DTK_B_404,0,surfdock,0.53523013,0.81450133,2.1354332,0.042626873,0.99150481,2.0943718
1439,29,749,107,1h18_PYR_A_1001,0,surfdock,0.53523013,0.8110183,2.1736772,0.058598828,0,2.2281665
1440,29,756,108,1h18_PYR_B_1001,0,surfdock,0.53523013,0.80875392,2.2000763,0.067822225,0,1.6093919
1441,29,4376,625,2ipf_FFA_A_3,1,unimol,0.67386556,0.80539362,4.034296,0.19098525,0,23
1442,29,3472,496,2aiq_BEN_A_401,0,surfdock,0.53523013,0.80534006,2.1951272,0.1270469,0.98927238,2.3602387
1443,29,2296,328,1r4s_MUA_A_800,0,surfdock,0.74352443,0.8033958,4.2200575,1.0604832,0.082806303,2.4548227
1444,29,17745,2535,7cwd_GLC_A_901,0,surfdock,0.53523013,0.80311268,2.305068,0.052890554,0,2.4647971
1445,29,42,6,1ac4_TMT_A_296,0,surfdock,0.53523013,0.80094501,2.2357752,0.15729763,0,2.2024765
1446,29,4935,705,2qd4_CHD_A_801,0,surfdock,0.53523013,0.79767743,2.2600346,0.18651049,3.7933756e-08,4.2062896
1447,29,4970,710,2qd4_CHD_B_928,0,surfdock,0.53523013,0.79767743,2.2600346,0.18651049,0,4.254858
1448,29,4928,704,2qd1_CHD_D_802,0,surfdock,0.53523013,0.79562231,2.2979543,0.18255945,6.2332991e-11,3.5661764
1449,29,9016,1288,4l1x_STR_A_402,0,surfdock,0.53523013,0.79476743,2.2912951,0.20342687,0.98821587,3.5815556
1450,29,13608,1944,5u5z_7VP_A_302,0,surfdock,0.53523013,0.79475751,2.2807484,0.21413898,0.00020115681,3.6104058
1451,29,5852,836,2z6j_TUI_A_501,0,surfdock,0.53523013,0.79435744,2.2694278,0.23212394,3.3648333e-12,4.5129515
1452,29,5859,837,2z6j_TUI_B_502,0,surfdock,0.53523013,0.79373073,2.2737613,0.23825243,0.86731063,4.5780648
1453,29,4277,611,2hdk_COI_B_900,0,surfdock,0.53523013,0.78696837,2.3211777,0.30530941,0,2.5540992
1454,29,9023,1289,4l1x_STR_B_402,0,surfdock,0.53523013,0.78302994,2.3961046,0.29842305,0,3.4503285
1455,29,16233,2319,6ncx_ADA_C_601,0,surfdock,0.537553,0.77542365,3.4143794,0.32957894,0,2.7199956
1456,29,10374,1482,4xv4_25T_A_303,0,surfdock,0.53523013,0.77501716,2.5042925,0.33187947,0.77106562,1.9323441
1457,29,6426,918,3uud_EST_B_600,0,surfdock,0.75858591,0.7736245,5.1572819,1.0067414,0.98162337,3.5459477
1458,29,2240,320,1q4g_BFL_A_701,0,surfdock,0.53523013,0.77340012,2.5737503,0.29154277,0.98606175,3.4801705
1459,29,2247,321,1q4g_BFL_B_1701,0,surfdock,0.53523013,0.77340012,2.5737503,0.29154277,0.9911122,3.3462826
1460,29,6419,917,3uud_EST_A_600,0,surfdock,0.74858465,0.77229419,5.1572819,1.0067414,0.98777222,3.5493838
1461,29,10367,1481,4xv4_25T_A_302,0,surfdock,0.53523013,0.77058821,2.5478973,0.36846995,0.99781225,2.100988
1462,29,13419,1917,5tch_MLI_B_501,0,surfdock,0.53523013,0.76904457,2.6511233,0.29352143,0.99862595,2.1242608
1463,29,4585,655,2nu7_COA_B_1325,0,surfdock,0.53523013,0.76767694,2.8451383,0.12470159,0,3.0978386
1464,29,2338,334,1rvz_NAG_A_3321,0,surfdock,0.53523013,0.76557788,2.5953233,0.4134495,2.3336708e-05,2.1828092
1465,29,13601,1943,5u5x_TP5_A_302,0,surfdock,0.53523013,0.76501422,2.7146339,0.30464876,0.99792246,2.3799534
1466,29,17437,2491,6vo2_R67_B_403,0,surfdock,0.53523013,0.76476487,2.9432354,0.080703802,0,2.6291521
1467,29,931,133,1h70_CIR_A_500,0,surfdock,0.53523013,0.76380058,2.6516459,0.39034304,0,3.0746832
1468,29,13454,1922,5tch_MLI_H_501,0,surfdock,0.53523013,0.76326148,2.7163153,0.3357951,0.93544723,2.2382551
1469,29,10574,1510,4zbc_FRU_A_410,4,gnina,0.42773227,0.76270151,2.1052914,0,4.5660184e-06,2.3209111
1470,29,17395,2485,6vmz_NAG_C_402,0,surfdock,0.53523013,0.76136305,2.512311,0.57561266,0,2.3727086
1471,29,17402,2486,6vmz_NAG_E_402,0,surfdock,0.53523013,0.76136305,2.512311,0.57561266,0,2.0931056
1472,29,17388,2484,6vmz_NAG_A_402,0,surfdock,0.53523013,0.76130022,2.5128038,0.57630962,0,2.2575018
1473,29,10546,1506,4zb2_FRU_A_404,4,gnina,0.4262851,0.75928188,2.1052914,0,4.9786474e-05,1.6980638
1474,29,9961,1423,4u8y_MIY_B_1102,0,surfdock,0.53523013,0.75916622,2.6324089,0.49729365,0,4.4687855
1475,29,11858,1694,5fp9_4SV_A_1342,0,surfdock,0.53523013,0.7581571,2.6838036,0.4652113,0.99651004,2.5668614
1476,30,10214,1459,4ws1_URF_A_301,1,unimol,0.73742233,0.83622396,3.8660872,0.62673658,0,17.18
1477,30,9310,1330,4mux_2E4_A_402,0,surfdock,0.53471751,0.82175201,2.7440679,0.13744582,0,4.3781208
1478,30,14553,2079,5zge_ZZ7_B_302,0,surfdock,0.5287158,0.8199804,2.0916922,0,0,3.7142036
1479,30,14560,2080,5zgr_ZZ7_A_303,0,surfdock,0.5287158,0.8199804,2.0916922,0,0.53211402,3.9350395
1480,30,14567,2081,5zgr_ZZ7_B_303,0,surfdock,0.5287158,0.8199804,2.0916922,0,0.99201471,3.7600689
1481,30,3473,496,2aiq_BEN_A_401,1,unimol,0.89537682,0.7934925,4.7264314,0.99259162,0.98338686,18.68
1482,30,5642,806,2xul_AKG_F_201,0,surfdock,0.5287158,0.79147038,2.3269877,0.22103092,0.99389446,2.6161709
1483,30,4445,635,2j5b_TYE_A_1336,0,surfdock,0.62494262,0.7878658,3.2082193,0.35490632,0,2.6827412
1484,30,2989,427,1xdj_HCS_A_1049,0,surfdock,0.5287158,0.7803855,2.4484489,0.29063922,0.99616954,2.4224635
1485,30,8218,1174,4gcq_0JM_A_401,0,surfdock,0.53048744,0.77085132,3.3748386,0.44983125,0,5.0412717
1486,30,10150,1450,4wbd_CIT_A_602,0,surfdock,0.73932539,0.77028807,4.5057988,1.5327969,0.89966864,2.7331183
1487,30,2345,335,1rvz_NAG_F_3331,0,surfdock,0.5287158,0.76990108,2.4378767,0.48957905,8.6951221e-05,2.6566408
1488,30,3989,569,2f78_BEZ_A_1001,6,smina,0.41615985,0.76742619,2.0916922,0,0.99368829,0.7158328
1489,30,2723,389,1ubs_SER_B_398,0,surfdock,0.5287158,0.76738675,2.7047579,0.26902229,0.96313177,4.1698978
1490,30,4003,571,2f78_BEZ_B_1002,6,smina,0.41464806,0.76724244,2.0916922,0,0.98852637,0.9257424
1491,30,1449,207,1kuj_MMA_A_501,0,surfdock,0.5287158,0.76424036,2.9229479,0.1094484,0.97735509,4.4967705
1492,30,1463,209,1kuj_MMA_G_504,0,surfdock,0.5287158,0.76383504,2.9258537,0.11414534,0,2.7042118
1493,30,1043,149,1ia1_TQ3_B_196,0,surfdock,0.5287158,0.76205683,2.6382322,0.43526974,0,3.4235351
1494,30,581,83,1g72_PQQ_C_703,0,surfdock,0.62494262,0.75865467,3.9865026,0.18048175,7.0264733e-06,3.9703358
1495,30,9520,1360,4o7g_ASC_B_304,0,surfdock,0.62494262,0.75864707,3.8118179,0.35533383,0.12732296,2.6571622
1496,30,9867,1409,4rm3_FOA_B_1000,4,gnina,0.41267989,0.75705649,2.1442101,0.074271739,0.023662431,2.1399494
1497,30,14175,2025,5xin_XLS_A_397,0,surfdock,0.52871999,0.75700022,3.767874,0.31351271,0.99144466,2.5722516
1498,30,4694,670,2oci_TYC_A_401,4,gnina,0.40989729,0.75670709,2.0916922,0,0.062857317,2.163631
1499,30,6027,861,3mk1_NPO_A_913,0,surfdock,0.5287158,0.75508315,2.5690281,0.63815218,0.9948701,2.0599082
1500,30,6013,859,3mk1_NPO_A_911,0,surfdock,0.5287158,0.75500242,2.579272,0.62947708,0.99454875,2.1105427
1501,30,6020,860,3mk1_NPO_A_912,0,surfdock,0.5287158,0.75488518,2.5553367,0.6556921,0,2.2563475
1502,30,9709,1387,4q40_VAL_D_403,0,surfdock,0.5287158,0.75393391,3.138217,0.091349311,0.99675676,2.3675743
1503,30,12040,1720,5gnx_BGC_A_502,0,surfdock,0.5287158,0.75374719,2.7415221,0.49169034,0,2.6222036
1504,30,12047,1721,5gnx_BGC_B_503,0,surfdock,0.5287158,0.75352904,2.7384684,0.49900904,0,2.619027
1505,30,11774,1682,5fh3_OXL_A_703,0,surfdock,0.5287158,0.75335061,2.8565323,0.38443491,0.99741032,1.518635
1506,30,7364,1052,4buv_16I_C_2165,0,surfdock,0.62494262,0.75313993,4.2234974,0.06544295,0.9953134,4.0411038
1507,30,8463,1209,4hzf_CMP_B_301,0,surfdock,0.75402043,0.75157457,5.9600601,0.77271324,0,3.9120259
1508,30,13973,1996,5w7b_MYR_B_208,1,unimol,0.89537698,0.75104119,5.7857652,1.0876029,0.7064787,30.36
1509,30,9688,1384,4q40_VAL_A_403,0,surfdock,0.5287158,0.75082001,3.2560806,0.034659363,0,2.1967763
1510,30,9695,1385,4q40_VAL_B_403,0,surfdock,0.5287158,0.75082001,3.2560806,0.034659363,0,2.2673138
1511,30,8449,1207,4hzf_CMP_A_301,0,surfdock,0.75478885,0.75042596,5.9304242,0.84235108,0.48825785,3.9607236
1512,30,6608,944,3vqe_FMQ_A_1006,0,surfdock,0.5287158,0.7499406,3.0524552,0.2557002,0.98665076,2.7816948
1513,30,12324,1760,5i5s_NVU_A_402,4,gnina,0.40798766,0.74768424,2.095624,0.005560237,0.77987337,2.1383086
1514,30,8470,1210,4i02_CMP_A_301,0,surfdock,0.75457525,0.74740917,5.9937186,0.86589617,0,3.7797818
1515,30,2254,322,1q6r_LX1_A_7301,0,surfdock,0.62494262,0.74712489,4.1520834,0.27296934,0.99215021,3.063702
1516,30,2261,323,1q6r_LX1_B_9301,0,surfdock,0.62494262,0.74712489,4.1520834,0.27296934,0.98713275,3.0653824
1517,30,9849,1407,4rkz_3S4_B_401,0,surfdock,0.5287158,0.74686643,2.9036472,0.46586928,0,3.0362343
1518,30,17409,2487,6vmz_R3P_A_404,0,surfdock,0.5287158,0.74682604,2.8577621,0.51256531,0,3.3416914
1519,30,17416,2488,6vmz_R3P_C_404,0,surfdock,0.5287158,0.74682604,2.8577621,0.51256531,1.4709773e-07,5.4356133
1520,30,17423,2489,6vmz_R3P_E_403,0,surfdock,0.5287158,0.74682604,2.8577621,0.51256531,2.4401517e-07,3.3076102
1521,30,8267,1181,4gmu_OXL_A_705,0,surfdock,0.5287158,0.74494352,2.9612162,0.4470681,0,2.1004316
1522,30,8484,1212,4i02_CMP_B_301,0,surfdock,0.75439839,0.74459419,5.8883324,1.0531684,0.96012242,3.7914655
1523,30,6594,942,3vq5_MMJ_A_1007,0,surfdock,0.5287158,0.74455647,3.2797458,0.13637784,0.99438716,2.9761187
1524,30,11620,1660,5eso_ISC_A_602,0,surfdock,0.5287158,0.74373219,2.7647533,0.66810662,0.98798575,2.9272267
1525,30,6853,979,3wug_XYP_C_2,0,surfdock,0.5287158,0.74289311,2.8941355,0.55582082,0.24022558,2.1871986
1526,31,2821,403,1vkf_CIT_D_503,0,surfdock,0.52442161,0.85970474,2.1509953,0.088165365,0.7903452,2.6891382
1527,31,9820,1402,4rg3_ECE_A_603,6,smina,0.53246782,0.84239354,2.3045647,0.23260336,0.97253955,0.48393132
1528,31,17571,2510,6y4z_TLA_D_301,1,unimol,0.89518294,0.82065452,3.9501743,1.0889356,0,29.42
1529,31,2814,402,1vkf_CIT_A_501,0,surfdock,0.52424396,0.82037155,2.0927541,0.0057998556,0,2.8560114
1530,31,13525,1932,5thu_GGG_B_405,1,unimol,0.73995551,0.81891318,3.9778976,0.94711274,0.97810953,22.32
1531,31,4432,633,2j1s_FUL_B_1153,1,unimol,0.89518292,0.81808926,4.7314777,0.36405769,0.94123959,20.88
1532,31,12131,1733,5gzz_JAA_A_601,0,surfdock,0.52424396,0.81555996,2.1232619,0.04894463,0,3.2524495
1533,31,4425,632,2j1s_FUL_A_1153,1,unimol,0.73995551,0.81212391,4.7140031,0.36295769,0.95944846,18.52
1534,31,13314,1902,5ooa_URI_A_201,0,surfdock,0.52424396,0.80623889,2.1839247,0.13473494,0.98805986,3.1419623
1535,31,13307,1901,5oo4_URI_A_201,0,surfdock,0.52424396,0.79574432,2.2547913,0.23495519,0.97431333,3.1598202
1536,31,252,36,1d6u_HY1_A_2001,0,surfdock,0.52424396,0.78835437,2.3907917,0.2235523,0.99426473,2.5733155
1537,31,259,37,1d6u_HY1_B_3001,0,surfdock,0.52424396,0.78835437,2.3907917,0.2235523,0.99514332,2.4266236
1538,31,15526,2218,6hmw_FUL_C_203,0,surfdock,0.52424396,0.78742366,2.3736312,0.2566528,0.73038698,2.09118
1539,31,15512,2216,6hmw_FUL_A_203,0,surfdock,0.52424396,0.78717788,2.3764226,0.25808269,0.99471794,2.2393444
1540,31,15554,2222,6hmw_FUL_I_201,0,surfdock,0.52424396,0.78717788,2.3764226,0.25808269,0,2.2759044
1541,31,14581,2083,5zpt_HY1_A_702,0,surfdock,0.52424396,0.78648544,2.3601458,0.28626639,0.0056048982,2.4072332
1542,31,15547,2221,6hmw_FUL_H_201,0,surfdock,0.52424396,0.78613955,2.3869684,0.26540348,0.95566509,2.1281478
1543,31,9381,1340,4n94_2HO_A_401,1,unimol,0.73969431,0.78325115,4.4487395,1.2399765,0.99624085,20.18
1544,31,15050,2150,6e43_BEZ_B_502,0,surfdock,0.74919396,0.78295653,5.1360517,0.715141,0.99747155,2.5640354
1545,31,15057,2151,6e43_BEZ_C_502,0,surfdock,0.7411718,0.78208373,5.1360517,0.715141,0.99858528,2.4636453
1546,31,14588,2084,5zpt_HY1_B_703,0,surfdock,0.52424396,0.78199822,2.3878791,0.33646819,0.98684521,2.5010281
1547,31,15519,2217,6hmw_FUL_B_204,0,surfdock,0.52424396,0.78095597,2.4397166,0.30292588,0.99029071,2.0922974
1548,31,15533,2219,6hmw_FUL_F_202,0,surfdock,0.52424396,0.78095597,2.4397166,0.30292588,0.98868244,2.3045245
1549,31,15540,2220,6hmw_FUL_G_202,0,surfdock,0.52424396,0.78095597,2.4397166,0.30292588,0.90053132,2.2474215
1550,31,9786,1398,4r2n_PHE_C_402,0,surfdock,0.52424396,0.77983967,2.481144,0.28117388,0.00085510106,2.7768792
1551,31,5460,780,2wdq_TEO_A_1589,0,surfdock,0.53404239,0.77749791,3.0312178,0.66784787,0.98038844,2.5029935
1552,31,15064,2152,6e43_BEZ_D_502,0,surfdock,0.73877688,0.77687444,5.1445899,0.69717896,0.99779232,2.4963526
1553,31,15043,2149,6e43_BEZ_A_502,0,surfdock,0.73566553,0.77592559,5.1360517,0.715141,0.99782941,2.3891681
1554,31,5558,794,2xh0_PEP_A_1440,0,surfdock,0.52424396,0.77234129,2.5540116,0.34269342,0,2.5388446
1555,31,3270,467,1zk0_SS2_A_1260,1,unimol,0.80178108,0.77016371,5.2821312,0.9287976,0.96934391,13.76
1556,31,2911,415,1w62_PYC_A_700,6,smina,0.51103781,0.77015237,2.0886528,0,0.99453936,0.68202383
1557,31,12326,1760,5i5s_NVU_A_402,6,smina,0.43973499,0.76910789,2.0886528,0,3.8294434e-05,1.2443348
1558,31,428,61,1eyw_PEL_A_404,1,unimol,0.73948009,0.7685137,4.0980492,1.9668531,0.96758981,17.15
1559,31,5768,824,2z20_PLP_B_801,0,surfdock,0.52424396,0.7654913,2.5434408,0.47949558,0,3.1607974
1560,31,470,67,1foi_14W_A_810,1,unimol,0.73995551,0.76480082,4.6751666,1.5758157,0.99540042,18.25
1561,31,5761,823,2z20_PLP_A_701,0,surfdock,0.52424396,0.76340469,2.5719197,0.49014676,0,3.2609828
1562,31,12321,1760,5i5s_NVU_A_402,1,unimol,0.89744057,0.76173721,5.1104093,1.469474,0.99177429,16.41
1563,31,14049,2007,5wqp_NCA_A_302,0,surfdock,0.52424396,0.75884644,2.5277264,0.62094378,0,2.3715302
1564,31,3171,453,1zdq_MSM_A_1507,0,surfdock,0.75229887,0.75840434,5.6757107,0.84109759,0.93784982,2.0186503
1565,31,3178,454,1zdq_MSM_B_1508,0,surfdock,0.74928251,0.75812265,5.6757107,0.84109759,0.95106816,1.9850852
1566,31,6482,926,3vbn_TYD_E_301,0,surfdock,0.62008608,0.75740768,3.450592,0.7435416,0.5859874,3.7462994
1567,31,15253,2179,6fld_NAG_A_603,0,surfdock,0.52424396,0.75392893,2.6404002,0.60346752,0,2.4289316
1568,31,4278,611,2hdk_COI_B_900,1,unimol,0.73995551,0.75386201,5.3347421,1.219548,0,23.42
1569,31,602,86,1g8z_GAL_D_104,0,surfdock,0.52424396,0.75369849,2.7297003,0.5186733,0.94144543,2.4078918
1570,31,609,87,1g8z_GAL_F_104,0,surfdock,0.52424396,0.75369849,2.7297003,0.5186733,0.98978258,2.3111142
1571,31,623,89,1g8z_GAL_H_104,0,surfdock,0.52424396,0.75369849,2.7297003,0.5186733,0.96352562,2.3549966
1572,31,3955,565,2exs_TRP_B_2100,0,surfdock,0.52424396,0.75255228,2.5783365,0.6925171,0,2.9568051
1573,31,16954,2422,6s23_KSW_A_403,0,surfdock,0.52424396,0.75246587,2.6273067,0.64524412,0.20075418,1.9381392
1574,31,616,88,1g8z_GAL_G_104,0,surfdock,0.52424396,0.75206448,2.7504044,0.53004575,0.99236488,2.4077871
1575,31,9968,1424,4ubp_HAE_C_800,0,surfdock,0.52424396,0.75140545,2.773699,0.51974767,0,1.9863715
1576,32,5348,764,2vmw_PLP_A_501,0,surfdock,0.52997946,0.84883335,2.2234666,0.20127347,0,3.7178195
1577,32,4802,686,2pt6_S4M_C_503,0,surfdock,0.74236909,0.8366155,3.8754578,0.6888023,0.93775205,4.3937556
1578,32,14524,2074,5z54_0HZ_D_303,6,smina,0.5927172,0.82637829,2.391983,0.41729572,0,3.8023061
1579,32,952,136,1h8p_PC_A_1110,0,surfdock,0.52879875,0.82247627,2.0811448,0,0,2.6176915
1580,32,959,137,1h8p_PC_A_1111,0,surfdock,0.52879875,0.82247627,2.0811448,0,0.071628614,2.3089451
1581,32,966,138,1h8p_PC_B_1110,0,surfdock,0.52879875,0.82247627,2.0811448,0,0.98868054,2.554675
1582,32,5152,736,2rbx_3AY_X_2001,0,surfdock,0.52879875,0.82247627,2.0811448,0,0,2.3335885
1583,32,9114,1302,4lo1_GAL_A_301,0,surfdock,0.52879875,0.82247627,2.0811448,0,0.97194241,2.4374802
1584,32,9121,1303,4lo1_GAL_B_301,0,surfdock,0.52879875,0.82247627,2.0811448,0,0,2.3114595
1585,32,8526,1218,4i0b_CMP_A_302,0,surfdock,0.74476005,0.81757734,4.0966187,0.88100326,0.97462773,3.5402613
1586,32,8519,1217,4i0b_CMP_A_301,0,surfdock,0.75758208,0.80983193,4.2987809,0.88472766,0.53440727,3.9218496
1587,32,16856,2408,6rbr_JXN_A_302,0,surfdock,0.72750668,0.80927935,4.1631856,0.83286285,0.98075432,2.6492096
1588,32,8533,1219,4i0b_CMP_B_301,0,surfdock,0.75800529,0.80927752,4.2799506,0.9186151,0.89837496,3.7810162
1589,32,9505,1357,4npm_SIN_A_301,6,smina,0.59296756,0.80663354,2.5252688,0.62808615,0,0.80338076
1590,32,10654,1522,4zo7_GLC_A_806,0,surfdock,0.63851273,0.80473205,3.0564613,0.22634763,0.99400109,2.7212385
1591,32,9401,1343,4n9v_AZA_A_403,0,surfdock,0.52879875,0.80368437,2.2025371,0.17167456,0,2.1034608
1592,32,10115,1445,4v2z_Y70_A_151,0,surfdock,0.52932073,0.80367601,2.6827333,0.48449528,0.99272155,3.288723
1593,32,9394,1342,4n9v_AZA_A_402,0,surfdock,0.52879875,0.80264208,2.2095211,0.18155143,0,1.9147094
1594,32,5341,763,2vmp_PLP_A_501,0,surfdock,0.52879875,0.80213183,2.2670109,0.1323384,0.99157569,3.7390362
1595,32,5116,730,2r0g_7CK_A_1355,6,smina,0.60887417,0.79941477,2.7896874,0.50593764,0.98073989,2.83811
1596,32,9387,1341,4n9v_AZA_A_401,0,surfdock,0.52879875,0.79882383,2.2752535,0.17814709,0.017437472,2.16655
1597,32,5901,843,2zka_AZA_A_302,0,surfdock,0.52879875,0.79759276,2.2943411,0.17934503,0.1524748,2.1536613
1598,32,17296,2470,6u6c_P1T_B_502,6,smina,0.60782349,0.79602915,2.995388,0.361287,0,4.1240702
1599,32,2051,293,1p7c_THM_B_501,0,surfdock,0.52879875,0.79407363,2.3404725,0.19172861,0.98834238,3.3331892
1600,32,9744,1392,4qpe_37E_A_901,0,surfdock,0.52879875,0.79340776,2.2726004,0.27075911,0.99374267,3.0125852
1601,32,17038,2434,6sjs_THH_B_901,0,surfdock,0.52879875,0.79205636,2.3397532,0.22634123,0.9801108,2.3980545
1602,32,17381,2483,6vlu_CIT_A_701,0,surfdock,0.52879875,0.78931511,2.3345134,0.27805546,0.32936247,2.5197273
1603,32,17332,2476,6uqd_QF4_B_501,0,surfdock,0.52932073,0.78661153,2.6632774,0.82325989,0,4.6743035
1604,33,16989,2427,6s9g_L1Q_A_305,0,surfdock,0.74148344,0.84742269,3.8562376,0.47502801,0.99700611,3.2533709
1605,33,12774,1824,5k2c_ZMA_A_1201,6,smina,0.58824726,0.83174208,2.3597972,0.36352861,0,3.8822784
1606,33,3052,436,1y2x_NAG_A_144,0,surfdock,0.52891476,0.82337326,2.0797629,0,0,2.793322
1607,33,3059,437,1y2x_NAG_B_1144,0,surfdock,0.52891476,0.82337326,2.0797629,0,0,2.9002376
1608,33,3066,438,1y2x_NAG_C_2144,0,surfdock,0.52891476,0.82337326,2.0797629,0,0.96157168,2.7757413
1609,33,3073,439,1y2x_NAG_D_3144,0,surfdock,0.52891476,0.82337326,2.0797629,0,0.96231023,2.8085134
1610,33,8337,1191,4hey_4MZ_A_303,0,surfdock,0.52891476,0.82337326,2.0797629,0,0.8082825,2.1426542
1611,33,8344,1192,4hey_4MZ_A_307,0,surfdock,0.52891476,0.82337326,2.0797629,0,0.071537657,1.8959037
1612,33,8351,1193,4hey_4MZ_A_308,0,surfdock,0.52891476,0.82337326,2.0797629,0,0.8286018,1.8849655
1613,33,8379,1197,4hez_1MZ_A_307,0,surfdock,0.52891476,0.82179523,2.0896134,0.013930713,0.076795885,1.8764846
1614,33,8365,1195,4hez_1MZ_A_304,0,surfdock,0.52891476,0.81957309,2.1035812,0.033684213,0.22115159,1.9759462
1615,33,8358,1194,4hez_1MZ_A_302,0,surfdock,0.52891476,0.81946486,2.104264,0.034649767,0,1.8859067
1616,33,8372,1196,4hez_1MZ_A_306,0,surfdock,0.52891476,0.81764451,2.1157959,0.050958239,0.19139974,1.8470742
1617,33,8386,1198,4hgg_SYN_A_502,0,surfdock,0.66291285,0.80919289,2.6264403,0.57795817,0.99810189,2.2618047
1618,33,511,73,1fsa_F6P_A_338,0,surfdock,0.69805723,0.80685756,4.4871345,0.52557671,0.98133986,3.1487366
1619,33,518,74,1fsa_F6P_B_338,0,surfdock,0.74243545,0.79958664,4.7422948,0.63113815,0.96123392,3.3005421
1620,33,10332,1476,4xp3_DX4_A_401,0,surfdock,0.52891476,0.79796687,2.2455316,0.23443234,0,2.3439056
1621,33,9345,1335,4n4j_HG1_A_606,0,surfdock,0.52891476,0.7928853,2.2806141,0.28404626,0.5819457,3.3646501
1622,33,8512,1216,4i02_CMP_F_301,0,surfdock,0.75661429,0.79108314,5.2402253,0.37196457,0.52976567,3.8033067
1623,33,8491,1213,4i02_CMP_B_302,0,surfdock,0.75517542,0.79095198,5.0367999,0.57619089,0.18131332,3.1602182
1624,33,8352,1193,4hey_4MZ_A_308,1,unimol,0.67278743,0.78991787,3.4811842,0.99792004,0,18.85
1625,33,8477,1211,4i02_CMP_A_302,0,surfdock,0.7505716,0.78988407,5.1054368,0.52293199,0.87754944,3.3409482
1626,33,3311,473,1zoy_UQ1_B_1201,0,surfdock,0.52891476,0.78930338,2.3120074,0.31333953,0.99492405,3.2012228
1627,33,1568,224,1lqp_FCN_B_4003,0,surfdock,0.52891476,0.78867609,2.4053748,0.23068504,0,2.1695455
1628,33,8498,1214,4i02_CMP_D_301,0,surfdock,0.75671782,0.78827327,5.3036695,0.37914914,0.95881996,3.6493132
1629,33,8456,1208,4hzf_CMP_A_302,0,surfdock,0.74793408,0.78486517,5.0041451,0.73806918,0.8709495,3.4864712
1630,33,8345,1192,4hey_4MZ_A_307,1,unimol,0.67278743,0.78393757,3.5609512,1.0496438,0,22.93
1631,33,8338,1191,4hey_4MZ_A_303,1,unimol,0.67278743,0.78191787,3.5880463,1.0676396,0,17.94
1632,33,448,64,1fhv_OSB_A_789,0,surfdock,0.52939736,0.78184744,3.0903471,0.49596977,0.9865647,3.052847
1633,33,1015,145,1hsb_ALA_C_1,0,surfdock,0.52891476,0.77692996,2.3952763,0.44620305,0,3.394277
1634,33,1134,162,1iwe_IMP_B_1452,0,surfdock,0.52891476,0.77258915,2.490376,0.42939687,0,3.855453
1635,33,17248,2464,6tor_PMP_B_504,0,surfdock,0.62544908,0.77112747,2.9706504,0.92764938,0,3.1503947
1636,33,10353,1479,4xti_IMP_A_601,0,surfdock,0.52891476,0.77026397,2.4453046,0.51695395,0.96372754,3.7365336
1637,33,10360,1480,4xti_IMP_B_601,0,surfdock,0.52891476,0.77026397,2.4453046,0.51695395,0.96915676,3.9686258
1638,33,10220,1460,4ws6_WBU_A_301,0,surfdock,0.52891476,0.77000146,2.4473011,0.51977742,0,2.2617208
1639,33,1127,161,1iwe_IMP_B_1443,0,surfdock,0.52891476,0.76972798,2.4803259,0.4917807,0.97852813,3.9338565
1640,33,16317,2331,6nig_NAG_A_605,0,surfdock,0.52891476,0.76916508,2.5518048,0.43066522,0.092778866,2.4513284
1641,33,16310,2330,6nig_NAG_A_604,0,surfdock,0.52891476,0.76884512,2.5469506,0.44142246,0,2.2956318
1642,33,16324,2332,6nig_NAG_C_802,0,surfdock,0.52891476,0.7686526,2.5531228,0.43880376,0.030090878,2.3609887
1643,33,9860,1408,4rm3_FOA_A_1000,4,gnina,0.40411847,0.7677491,2.0797629,0,0.040549919,2.3070082
1644,33,9556,1365,4ox5_DAL_A_307,1,unimol,0.73864006,0.76769297,4.5247197,1.5912771,0,17.83
1645,33,8281,1183,4gt9_MEF_A_304,0,surfdock,0.52891476,0.76319866,2.6274998,0.46624327,0,3.1851156
1646,33,11158,1594,5cga_KP6_H_301,0,surfdock,0.75235501,0.7631928,5.8762832,0.45141321,0.99648687,2.7749513
1647,33,11137,1591,5cga_KP6_B_301,0,surfdock,0.75041298,0.76281251,5.8762832,0.45141321,0.99601473,2.5454739
1648,33,11144,1592,5cga_KP6_C_301,0,surfdock,0.74920774,0.7626699,5.8762832,0.45141321,0.99698746,2.6594242
1649,33,7350,1050,4buf_F36_A_2162,0,surfdock,0.52891476,0.76206466,2.5086501,0.606538,0.97707337,3.5109731
1650,33,7357,1051,4buf_F36_B_2162,0,surfdock,0.52891476,0.76206466,2.5086501,0.606538,0.97541797,3.5315585
1651,33,9037,1291,4l7p_M95_A_601,0,surfdock,0.52891476,0.75940149,2.5873847,0.57854486,0.97495861,3.8747205
1652,33,2653,379,1u18_HSM_A_401,0,surfdock,0.52891476,0.75803989,2.9533195,0.23875868,0.88445605,2.3947556
1653,33,12684,1812,5jep_EVF_B_303,0,surfdock,0.52891476,0.75745789,2.6297266,0.57357222,0.45918749,2.5357858
1654,34,7244,1034,4al9_GLA_G_1123,6,smina,0.60336244,0.84109752,2.2773833,0.29594642,0.0049342247,0.76756317
1655,34,1561,223,1lqp_FCN_B_4001,0,surfdock,0.53020285,0.82514863,2.0681176,0,0,1.620167
1656,34,5180,740,2rtn_IMI_B_300,0,surfdock,0.53020285,0.82514863,2.0681176,0,0.9909278,3.2274384
1657,34,5187,741,2rtn_IMI_D_300,0,surfdock,0.53020285,0.82514863,2.0681176,0,0.99444179,3.2204497
1658,34,49,7,1aej_NVI_A_296,0,surfdock,0.53020285,0.82392648,2.0756652,0.010673718,0.82686768,2.3146785
1659,34,11928,1704,5fzn_FB2_A_1615,0,surfdock,0.53020285,0.8179401,2.1131246,0.063649721,0.92541509,2.4091017
1660,34,43,6,1ac4_TMT_A_296,1,unimol,0.73378312,0.81767694,3.4959667,1.3630999,0.98176216,17.91
1661,34,16919,2417,6rhc_K48_A_305,0,surfdock,0.53020285,0.80777181,2.208811,0.12620524,0.9953123,2.7247411
1662,34,12817,1831,5kf2_COA_A_401,0,surfdock,0.53020285,0.80123649,2.2221224,0.2177958,0.91137968,3.6807374
1663,34,13819,1974,5vka_AKG_A_402,1,unimol,0.88831098,0.79781964,4.1983795,1.3328003,0,16.21
1664,34,8841,1263,4jh6_FCN_A_202,0,surfdock,0.53020285,0.79403198,2.2712719,0.28730372,0.99536604,4.3389776
1665,34,8848,1264,4jh6_FCN_B_202,0,surfdock,0.53020285,0.79403198,2.2712719,0.28730372,0,2.8943924
1666,34,17389,2484,6vmz_NAG_A_402,1,unimol,0.73378312,0.79391813,4.3900657,1.0113802,0,29.87
1667,34,1569,224,1lqp_FCN_B_4003,1,unimol,0.73378312,0.79307684,4.5592036,0.86234772,0,22.04
1668,34,294,42,1diw_GAL_A_1400,0,surfdock,0.53020285,0.79171379,2.2873728,0.31007391,0,2.5777497
1669,34,8148,1164,4evs_PHB_A_408,0,surfdock,0.53020285,0.79157155,2.3204944,0.27934772,0.9955027,2.5894647
1670,34,17396,2485,6vmz_NAG_C_402,1,unimol,0.73378312,0.79148712,4.3783269,1.0813874,0,22.05
1671,34,17403,2486,6vmz_NAG_E_402,1,unimol,0.73378312,0.79148712,4.3783269,1.0813874,0,19.49
1672,34,6923,989,3wzo_ZOE_A_201,0,surfdock,0.53020285,0.78728993,2.3553159,0.31726363,0,4.1592346
1673,34,6930,990,3wzo_ZOE_B_201,0,surfdock,0.53020285,0.78728993,2.3553159,0.31726363,0,4.1346229
1674,34,6944,992,3wzo_ZOE_D_201,0,surfdock,0.53020285,0.78728993,2.3553159,0.31726363,0.94673785,4.1417433
1675,34,1239,177,1j54_TMP_A_2000,0,surfdock,0.53020285,0.78113555,2.3626714,0.41656202,0.98734221,3.4149292
1676,34,6937,991,3wzo_ZOE_C_201,0,surfdock,0.53020285,0.77961754,2.4236293,0.3823007,0,4.2061552
1677,34,8511,1215,4i02_CMP_D_302,6,smina,0.6010896,0.77745251,3.0244694,0.67876446,0,2.383854
1678,34,11151,1593,5cga_KP6_E_301,0,surfdock,0.7427015,0.77072393,4.2456613,1.8032917,0.99686063,4.782112
1679,34,8169,1167,4f8n_PC_A_202,0,surfdock,0.53020285,0.76982269,2.6710064,0.31099194,0.9663152,2.5033255
1680,34,15743,2249,6jq8_CIT_A_302,0,surfdock,0.53020285,0.76919545,2.4514248,0.54207826,0.99450081,2.6079996
1681,34,1562,223,1lqp_FCN_B_4001,1,unimol,0.66860011,0.76704533,4.7337036,0.22379865,0,18.33
1682,34,2822,403,1vkf_CIT_D_503,1,unimol,0.78851119,0.76691606,5.4071465,0.78093898,0.90373428,26.79
1683,34,4386,626,2isf_PAC_A_317,4,gnina,0.39614779,0.76554372,2.0681176,0,0.0012259024,1.7842649
1684,34,16993,2427,6s9g_L1Q_A_305,4,gnina,0.39606063,0.76399554,2.0681176,0,0.95528941,2.6522797
1685,34,10157,1451,4wca_CIT_A_401,0,surfdock,0.53020285,0.76387395,2.5680661,0.52418715,0,2.6219429
1686,34,8380,1197,4hez_1MZ_A_307,1,unimol,0.72404375,0.76244094,5.0379457,1.0324441,0.78738104,21.07
1687,34,2779,397,1v03_BGC_A_1498,0,surfdock,0.53020285,0.76207429,2.5111568,0.61496043,0.91451413,3.777401
1688,34,8359,1194,4hez_1MZ_A_302,1,unimol,0.73378312,0.75907233,5.1911263,1.0998075,0.98590196,18.1
1689,34,11935,1705,5g03_OE2_A_1263,0,surfdock,0.53020285,0.75862083,2.5335531,0.65822518,0,3.8147961
1690,34,3822,546,2dm5_ODI_A_312,0,surfdock,0.53020285,0.75856296,2.6267884,0.5660972,0,2.9760139
1691,34,9426,1346,4nf4_2JK_A_301,4,gnina,0.39551433,0.75718355,2.0681176,0,0.99571387,2.3030336
1692,34,2815,402,1vkf_CIT_A_501,1,unimol,0.73378312,0.75628613,5.5751648,0.79224461,0.86734174,24.29
1693,34,4435,633,2j1s_FUL_B_1153,4,gnina,0.39550674,0.75606886,2.0681176,0,0.954016,1.4596603
1694,34,295,42,1diw_GAL_A_1400,1,unimol,0.66860011,0.75436459,4.7318587,0.53167373,0.97379023,17.63
1695,34,8366,1195,4hez_1MZ_A_304,1,unimol,0.70573635,0.75386621,5.1827803,1.0960062,0.80111648,14.98
1696,34,5516,788,2wzv_FMN_A_801,0,surfdock,0.53020285,0.752716,2.6738336,0.63231361,0.00037572046,4.9633476
1697,34,5523,789,2wzv_FMN_B_801,0,surfdock,0.53020285,0.752716,2.6738336,0.63231361,0.98355615,4.6948491
1698,34,9316,1330,4mux_2E4_A_402,6,smina,0.43281176,0.75190979,2.2263501,0.2237746,0,2.0180968
1699,34,3899,557,2ef9_A5P_A_1269,0,surfdock,0.53020285,0.75141823,2.8705816,0.46106419,0,4.6310723
1700,34,17766,2538,7joc_ARZ_A_302,0,surfdock,0.53020285,0.75095829,2.8930204,0.44769359,0.98923768,3.7009592
1701,34,3906,558,2ef9_A5P_B_2269,0,surfdock,0.53020285,0.7500977,2.9248161,0.43291149,0.96285241,3.0447047
1702,34,3752,536,2coj_GBN_A_420,0,surfdock,0.53020285,0.74885545,3.0773499,0.30503923,0.99037458,2.6722282
1703,34,3759,537,2coj_GBN_B_420,0,surfdock,0.53020285,0.74885545,3.0773499,0.30503923,0.99002875,2.8197495
1704,35,11466,1638,5e4r_40E_A_504,0,surfdock,0.53325586,0.82662443,2.0622349,0,0.66599474,1.8454385
1705,35,13230,1890,5o4j_PJL_A_304,0,surfdock,0.53325586,0.823403,2.0821576,0.028174998,0.24224215,2.8153998
1706,35,13055,1865,5mxh_GAL_A_401,0,surfdock,0.53325586,0.81600948,2.1287777,0.094105706,0.11528099,2.5169932
1707,35,13062,1866,5mxh_GAL_A_402,0,surfdock,0.53325586,0.81600948,2.1287777,0.094105706,0.11106635,2.4394946
1708,35,9730,1390,4qck_ASD_A_404,0,surfdock,0.53325586,0.79638131,2.3335714,0.20346723,0.97764501,2.5859804
1709,35,10948,1564,5agl_CCW_B_800,0,surfdock,0.53325586,0.79474476,2.2701929,0.29409701,0.82902421,3.176015
1710,35,12922,1846,5la2_ARB_B_606,0,surfdock,0.53325586,0.79090576,2.2969458,0.33193138,0,2.116045
1711,35,6916,988,3wxo_NIZ_A_804,0,surfdock,0.63099353,0.7898788,2.7133944,0.83482909,0.0010568972,2.3119009
1712,35,12915,1845,5la2_ARB_A_606,0,surfdock,0.53325586,0.78978173,2.3048525,0.34311301,0.046580092,2.1989986
1713,35,1813,259,1nme_159_B_9002,0,surfdock,0.53325586,0.78962776,2.305938,0.34464848,0.97329797,2.8796639
1714,35,6328,904,3tye_XHP_B_901,0,surfdock,0.53325586,0.78740765,2.3216646,0.36688879,0.99356677,2.8008604
1715,35,17353,2479,6uxr_K6G_B_202,0,surfdock,0.53325586,0.78391207,2.3466971,0.40229023,0,3.0856607
1716,35,8197,1171,4g1q_T27_A_601,0,surfdock,0.53325586,0.78236365,2.3578923,0.41812259,0,3.5897501
1717,35,3255,465,1zha_R5P_A_1269,0,surfdock,0.53325586,0.78222729,2.7028458,0.075557604,0.51672359,6.5832868
1718,35,12908,1844,5la1_XYP_A_602,0,surfdock,0.53325586,0.78006065,2.3746681,0.44184732,0.088004989,2.095253
1719,35,9373,1339,4n6w_FLC_A_203,0,surfdock,0.53325586,0.77813827,2.3887846,0.46181133,0,2.854984
1720,35,8610,1230,4i6s_FUC_C_101,0,surfdock,0.53325586,0.77707808,2.3966153,0.47288552,0.74154165,2.2329311
1721,35,12901,1843,5la1_XYP_A_601,0,surfdock,0.53325586,0.77106335,2.4416521,0.53657669,0.99594295,2.3817199
1722,35,8589,1227,4i6s_FUC_A_101,0,surfdock,0.53325586,0.77076133,2.4439414,0.53981459,0.98624321,2.171519
1723,35,8596,1228,4i6s_FUC_B_101,0,surfdock,0.53325586,0.77076133,2.4439414,0.53981459,0.52744812,2.1105659
1724,35,8603,1229,4i6s_FUC_B_102,0,surfdock,0.53325586,0.76949938,2.453536,0.55338353,0.97359678,2.3023008
1725,35,15246,2178,6fld_NAG_A_602,0,surfdock,0.53325586,0.76809265,2.4642873,0.56858796,0.60495081,2.4022287
1726,35,8295,1185,4gy9_ZIP_A_201,0,surfdock,0.53325586,0.76781751,2.4663973,0.57157195,0.99409346,3.0900416
1727,35,8611,1230,4i6s_FUC_C_101,1,unimol,0.66616755,0.76744221,3.6692905,1.2670071,0.96938942,32.22
1728,35,15393,2199,6g3f_FUM_A_601,0,surfdock,0.53325586,0.76552291,2.65746,0.4231998,0.97490132,2.2722554
1729,35,13003,1857,5m62_BGC_A_409,4,gnina,0.41531171,0.76450959,2.1115835,0.069789223,0.005516375,1.8045686
1730,35,11221,1603,5cr1_STL_B_201,0,surfdock,0.53325586,0.76151005,2.5888731,0.56737715,0,2.6950693
1731,35,945,135,1h82_GZZ_A_590,0,surfdock,0.53325586,0.76141355,2.7033577,0.4547253,0,4.5328439
1732,35,13402,1914,5t85_44G_L_301,4,gnina,0.41531144,0.76077574,2.126138,0.09037251,1.3983781e-05,5.1771925
1733,35,8590,1227,4i6s_FUC_A_101,1,unimol,0.66616755,0.75984775,3.8207924,1.2964904,0.94468373,13.12
1734,35,8597,1228,4i6s_FUC_B_101,1,unimol,0.66616755,0.75984775,3.8207924,1.2964904,0.95106866,18.12
1735,35,8568,1224,4i4v_NGA_B_202,0,surfdock,0.53325586,0.75925743,2.7275248,0.47168374,0,2.7615746
1736,35,8604,1229,4i6s_FUC_B_102,1,unimol,0.66616755,0.7584222,3.8446951,1.3071684,0.96207217,14.8
1737,35,8561,1223,4i4v_NGA_B_201,0,surfdock,0.53325586,0.75741401,2.7481213,0.4865281,0,2.7348689
1738,35,8575,1225,4i4v_NGA_D_201,0,surfdock,0.53325586,0.75729101,2.7495003,0.48752281,0.98665319,2.5786067
1739,35,8582,1226,4i4v_NGA_D_202,0,surfdock,0.53325586,0.75642988,2.7591724,0.49450195,0,2.6642417
1740,35,8554,1222,4i4v_NGA_A_202,0,surfdock,0.53325586,0.7555684,2.7688792,0.50151122,0.96863382,2.6645247
1741,35,6188,884,3ryd_SRT_A_271,0,surfdock,0.57018652,0.75544828,3.6257932,0.53328758,0,2.3552885
1742,35,8792,1256,4j4b_0TF_B_301,0,surfdock,0.53325586,0.75368393,2.9550812,0.3520771,0.97586855,3.5552565
1743,35,13083,1869,5n5k_8NW_A_307,0,surfdock,0.53400103,0.75325468,3.2933109,0.89381123,0,2.9441537
1744,35,8785,1255,4j4b_0TF_A_904,0,surfdock,0.53325586,0.75276078,2.9813178,0.34395215,0.97641548,3.5830967
1745,35,6181,883,3ryd_SRT_A_267,0,surfdock,0.63031586,0.75243938,3.5979919,0.64473516,0.977592,2.3872554
1746,35,7879,1125,4dch_GLC_A_501,4,gnina,0.4135754,0.75201971,2.1383588,0.10765553,0.96669289,1.7665904
1747,35,8540,1220,4i2p_G73_A_601,0,surfdock,0.53325586,0.7518085,2.8129003,0.53112298,0.9862799,4.7205472
1748,35,8547,1221,4i4v_NGA_A_201,0,surfdock,0.53325586,0.75034887,2.841285,0.53162032,0,2.8976884
1749,35,3584,512,2bgc_DTT_F_1238,0,surfdock,0.63033043,0.74883846,3.5217865,0.84522092,0.36626258,2.4071066
1750,35,6909,987,3wxo_NIZ_A_802,0,surfdock,0.53325586,0.74679636,2.6345441,0.8093673,0,2.4534414
1751,35,17354,2479,6uxr_K6G_B_202,1,unimol,0.66616755,0.74649978,3.4650249,1.9838448,0.89948728,39.38
1752,35,3591,513,2bgc_DTU_A_1238,0,surfdock,0.53400103,0.74518403,3.5217865,0.84522092,0.58303984,2.3618462
1753,35,15232,2176,6fjj_LSA_A_302,0,surfdock,0.53325586,0.74386721,3.0345681,0.46865606,0.99771514,2.6447889
1754,36,2450,350,1sz6_NAG_A_5003,0,surfdock,0.53070421,0.82764207,2.0617187,0,0,2.2485242
1755,36,2457,351,1sz6_NAG_B_5002,0,surfdock,0.53070421,0.82764207,2.0617187,0,0,2.5897028
1756,36,2464,352,1sz6_NAG_B_5004,0,surfdock,0.53070421,0.82764207,2.0617187,0,6.220312e-05,2.4406199
1757,36,6433,919,3uwb_BB2_A_154,0,surfdock,0.53070421,0.82764207,2.0617187,0,0.98515746,4.0746032
1758,36,5677,811,2y00_Y00_A_601,0,surfdock,0.76062395,0.82354618,4.5283928,0.24223977,0.98063099,3.9948899
1759,36,5257,751,2v32_BEZ_B_1220,0,surfdock,0.53070421,0.81408879,2.1548898,0.11247157,0.99633597,2.4662198
1760,36,5264,752,2v32_BEZ_D_1221,0,surfdock,0.53070421,0.81408879,2.1548898,0.11247157,0.9705932,2.3934584
1761,36,11039,1577,5bkd_AKG_A_502,0,surfdock,0.53070421,0.81129965,2.1649599,0.14600489,0.9889843,2.8840909
1762,36,11046,1578,5bkd_AKG_B_502,0,surfdock,0.53070421,0.81129965,2.1649599,0.14600489,0.97236046,2.5903196
1763,36,5684,812,2y00_Y00_B_601,0,surfdock,0.75732234,0.80833855,4.7512088,0.34917077,0.99473563,3.9578664
1764,36,16429,2347,6oha_XAN_A_501,0,surfdock,0.53070421,0.80704074,2.1929004,0.18551897,0.0021679904,2.247587
1765,36,13475,1925,5tde_FLC_A_501,0,surfdock,0.53070421,0.80592012,2.2106755,0.1856696,0.98575395,2.9384996
1766,36,11165,1595,5ci9_549_A_401,0,surfdock,0.53070421,0.80353853,2.2667875,0.16790764,0,2.5298094
1767,36,10221,1460,4ws6_WBU_A_301,1,unimol,0.72993638,0.80199287,3.8445413,1.3147945,0.96191823,19.65
1768,36,1995,285,1opr_ORO_A_220,0,surfdock,0.53070421,0.79325496,2.2864487,0.31781635,0.99831537,2.5530725
1769,36,2576,368,1tl2_NDG_A_240,0,surfdock,0.53070421,0.79222768,2.2936153,0.32795137,0.90898353,2.7838576
1770,36,13461,1923,5tde_2HP_B_901,0,surfdock,0.53070421,0.78906982,2.3158236,0.3593584,0.9961562,2.1390357
1771,36,16247,2321,6ng5_KMD_A_803,0,surfdock,0.53138642,0.78779703,3.3192501,0.15845293,0.80596235,3.8259386
1772,36,11032,1576,5bk9_SIN_A_301,0,surfdock,0.53070421,0.78768829,2.4846041,0.21423452,0.99492289,2.5050132
1773,36,13468,1924,5tde_2HP_B_902,0,surfdock,0.53070421,0.78725385,2.3287153,0.37759003,0,1.8370169
1774,36,1582,226,1lro_PEP_B_2268,0,surfdock,0.53070421,0.7852919,2.4254539,0.31472003,0.0035607623,2.4424603
1775,36,17073,2439,6syz_M1E_A_601,0,surfdock,0.53070421,0.78497883,2.3449919,0.40060893,0.99781947,2.6155291
1776,36,1575,225,1lro_PEP_A_1268,0,surfdock,0.53070421,0.78241658,2.4535224,0.33674732,0,2.2685667
1777,36,2135,305,1pl6_572_C_409,0,surfdock,0.53070421,0.78110138,2.4605722,0.35279748,0,3.0083108
1778,36,12257,1751,5hss_64Z_A_402,0,surfdock,0.53070421,0.78038258,2.4233365,0.40270692,0.97133303,2.7930232
1779,36,12264,1752,5hss_64Z_D_403,0,surfdock,0.53070421,0.78038258,2.4233365,0.40270692,0,2.8268749
1780,36,2765,395,1uxi_FUM_B_1311,0,surfdock,0.53070421,0.7799969,2.4184377,0.41441977,0.78912487,2.5422915
1781,36,2758,394,1uxi_FUM_A_1311,0,surfdock,0.53070421,0.77978393,2.4207966,0.41582921,0,4.379057
1782,37,1814,259,1nme_159_B_9002,1,unimol,0.86557102,0.85387377,3.9709845,0.22587612,0.96439468,19.69
1783,37,3808,544,2d3n_GLC_A_608,0,surfdock,0.53181158,0.82824594,2.0622046,0,0.013895512,2.24977
1784,37,9359,1337,4n4j_HG1_A_608,0,surfdock,0.53181158,0.82824594,2.0622046,0,0.0016010646,2.0092326
1785,37,10668,1524,4zsy_RW2_A_502,0,surfdock,0.71783201,0.82784214,4.3681192,0.060477272,0,4.4133668
1786,37,13216,1888,5o4j_9KH_B_302,0,surfdock,0.53181158,0.82685878,2.0706739,0.011977572,0,2.8587497
1787,37,13223,1889,5o4j_9KH_C_302,0,surfdock,0.53181158,0.82685878,2.0706739,0.011977572,0,2.8114288
1788,37,1400,200,1kep_TDX_A_3500,0,surfdock,0.53181158,0.82469161,2.0839918,0.030811818,0.14504393,2.2374464
1789,37,16968,2424,6s39_K5Z_A_301,0,surfdock,0.53181158,0.81575475,2.1616018,0.08850611,1.0010585e-05,2.9312891
1790,37,7952,1136,4du7_DP6_A_401,0,surfdock,0.53181158,0.80161325,2.2906601,0.18287008,0.98583086,3.5652661
1791,37,7959,1137,4du7_DP6_B_401,0,surfdock,0.53181158,0.79870036,2.3191841,0.20184684,0.98082006,3.4735105
1792,37,9226,1318,4mig_G3F_B_802,0,surfdock,0.75024853,0.79855924,4.0246234,1.255401,0.98360732,2.739972
1793,37,9219,1317,4mig_G3F_A_802,0,surfdock,0.75446234,0.79627637,4.0787606,1.2594386,0.95445049,2.6523262
1794,37,9233,1319,4mig_G3F_D_802,0,surfdock,0.75542883,0.79293645,4.1522889,1.2661644,0.96683168,2.7636333
1795,37,13321,1903,5osf_A9E_A_404,0,surfdock,0.53181158,0.7869271,2.3340187,0.38440332,0.94604718,2.9091523
1796,37,11340,1620,5dne_ASN_A_601,0,surfdock,0.53181158,0.78365767,2.4581203,0.31670135,0,2.5474067
1797,37,11347,1621,5dne_ASN_B_601,0,surfdock,0.53181158,0.78340284,2.4671187,0.31213,0,2.5483569
1798,37,11354,1622,5dne_ASN_C_601,0,surfdock,0.53181158,0.78340284,2.4671187,0.31213,0,2.5017056
1799,37,3507,501,2b3f_GAL_A_3310,0,surfdock,0.53181158,0.783172,2.3608761,0.42238528,0,2.761161
1800,37,5124,732,2r4j_13P_A_1968,0,surfdock,0.53181158,0.78314887,2.442107,0.34155574,0,2.6625365
1801,37,7881,1125,4dch_GLC_A_501,6,smina,0.52054448,0.78183521,2.0622046,0,0.0049831128,0.84851139
1802,37,3809,544,2d3n_GLC_A_608,1,unimol,0.66818866,0.78125115,3.9588041,0.60915488,0.93914262,20.19
1803,37,6104,872,3r3z_GOA_B_305,0,surfdock,0.62874549,0.78074742,2.963949,0.71508974,0.96315003,1.9670818
1804,37,3514,502,2b3f_GAL_B_3311,0,surfdock,0.53181158,0.77836279,2.3958414,0.47183362,0.98877692,2.6673716
1805,37,3521,503,2b3f_GAL_C_3312,0,surfdock,0.53181158,0.77836279,2.3958414,0.47183362,0,2.6916327
1806,37,3528,504,2b3f_GAL_D_3313,0,surfdock,0.53181158,0.77836279,2.3958414,0.47183362,0,2.6855147
1807,37,3535,505,2b3f_GAL_E_3314,0,surfdock,0.53181158,0.77836279,2.3958414,0.47183362,0,2.828061
1808,37,3542,506,2b3f_GAL_F_3315,0,surfdock,0.53181158,0.77836279,2.3958414,0.47183362,0.94250889,2.8313109
1809,37,6083,869,3qt8_FM0_B_328,0,surfdock,0.53181158,0.77824361,2.3967159,0.47307014,0,3.6703055
1810,37,11389,1627,5dr9_SKE_A_401,0,surfdock,0.53181158,0.77819785,2.5789731,0.29162538,0,3.9061869
1811,37,960,137,1h8p_PC_A_1111,1,unimol,0.72037791,0.77712713,4.6168342,0.95751089,0.90533677,28.01
1812,37,9107,1301,4lm7_U5P_A_201,0,surfdock,0.53181158,0.77704413,2.4055421,0.48555237,0.7553354,3.500096
1813,37,11396,1628,5dt0_SKE_A_401,0,surfdock,0.53181158,0.77522722,2.6157894,0.30777076,0.96918022,3.9722193
1814,37,9428,1346,4nf4_2JK_A_301,6,smina,0.51703095,0.77355798,2.1152344,0.074995428,0.99543615,1.4223105
1815,37,8170,1167,4f8n_PC_A_202,1,unimol,0.86245573,0.77230625,5.0914359,0.92035282,0.92965042,16.7
1816,37,14735,2105,6b5k_TYD_B_304,0,surfdock,0.53181158,0.77145641,2.5011909,0.49048167,0.97336789,2.5916104
1817,37,16871,2410,6rgg_K3Q_A_401,1,unimol,0.72894643,0.77074866,5.5262322,0.35370272,0,25.52
1818,37,8288,1184,4gt9_UMP_A_302,0,surfdock,0.53181158,0.7706306,2.5735614,0.43316093,0.49790126,3.110952
1819,37,16878,2411,6rgg_K3Q_A_402,1,unimol,0.72885632,0.76896688,5.5016379,0.31900725,0,21.76
1820,37,10633,1519,4zo7_BGC_A_801,0,surfdock,0.53181158,0.76829243,2.5422182,0.50738025,0,2.3312382
1821,37,11487,1641,5edh_5MF_B_803,0,surfdock,0.53181158,0.76793314,2.9094493,0.14677307,0,5.8360661
1822,37,16892,2413,6rgg_K3Q_B_401,1,unimol,0.72477389,0.76723095,5.5076642,0.32730708,0,17.97
1823,37,651,93,1gim_HDA_A_438,0,surfdock,0.53181158,0.76683215,2.6200359,0.45653951,0,2.3985263
1824,37,11494,1642,5edh_5MF_D_803,0,surfdock,0.53181158,0.7664574,2.9644775,0.11904663,0,4.0315676
1825,37,11480,1640,5edh_5MF_A_803,0,surfdock,0.53181158,0.76449641,3.0344925,0.085555598,0,4.0937483
1826,37,16867,2409,6rbx_JYT_A_301,4,gnina,0.41501139,0.76423221,2.0622046,0,0.57371739,2.7002975
1827,37,13217,1888,5o4j_9KH_B_302,1,unimol,0.66818866,0.76418453,4.0740781,0.88206428,0.96169539,18.58
1828,37,13224,1889,5o4j_9KH_C_302,1,unimol,0.66818866,0.76418453,4.0740781,0.88206428,0.96566868,21.62
1829,37,11176,1596,5ci9_549_A_402,4,gnina,0.41517402,0.76253107,2.0850718,0.032339334,2.0183795e-06,2.3117407
1830,37,12103,1729,5gwx_SAR_A_302,0,surfdock,0.53181158,0.7610252,2.5274446,0.65794861,0,2.1855173
1831,37,10640,1520,4zo7_BGC_A_802,0,surfdock,0.53181158,0.76085127,2.6021664,0.5865255,0.9834413,2.4563068
1832,38,10534,1504,4z6p_DHY_C_403,6,smina,0.55864542,0.86521737,2.1214116,0.086213797,0.99694303,1.3635911
1833,38,665,95,1gkc_NFH_A_1448,0,surfdock,0.52491524,0.82946149,2.0604491,0,0.99085417,3.5488832
1834,38,672,96,1gkc_NFH_B_1449,0,surfdock,0.52491524,0.82946149,2.0604491,0,0.96347199,2.6122122
1835,38,9737,1391,4qe1_RUU_A_403,0,surfdock,0.52491524,0.82946149,2.0604491,0,0,2.480637
1836,38,16121,2303,6mpa_NAG_B_502,0,surfdock,0.52491524,0.82946149,2.0604491,0,0.00029477578,3.2797523
1837,38,16499,2357,6pk1_3PY_A_502,0,surfdock,0.52491524,0.82946149,2.0604491,0,0.99504973,1.5224836
1838,38,10479,1497,4ywb_OXD_C_704,0,surfdock,0.52491524,0.81911732,2.1243646,0.090390041,0.9971287,2.1501865
1839,38,476,68,1fp2_HMO_A_2000,0,surfdock,0.52491524,0.80917945,2.1880934,0.18051608,0,3.4037544
1840,38,5754,822,2z1z_MLT_A_433,0,surfdock,0.52491524,0.80226368,2.3049018,0.17416432,0.97083013,2.4610223
1841,38,4109,587,2fyd_BGC_B_403,0,surfdock,0.52491524,0.8022635,2.2978373,0.18123232,0.98348,2.5686446
1842,38,16506,2358,6pk1_PLP_B_501,0,surfdock,0.52491524,0.79884897,2.2568765,0.2777901,0.9891685,3.1308089
1843,38,16002,2286,6lit_2OH_A_501,0,surfdock,0.62721693,0.79804055,2.8876393,0.49689966,0.99498036,3.4367261
1844,38,13790,1970,5urz_BOG_B_201,0,surfdock,0.52491524,0.79777021,2.2642131,0.28816587,0.69756857,3.2140905
1845,38,9723,1389,4qbz_D80_B_901,0,surfdock,0.52491524,0.79735735,2.3516979,0.20747867,0.99623849,3.3853902
1846,38,9716,1388,4qbz_D80_A_917,0,surfdock,0.52491524,0.79499479,2.3563454,0.2419396,6.5425734e-05,3.4114184
1847,38,15813,2259,6jz4_EVA_A_701,0,surfdock,0.52491524,0.78786936,2.3329673,0.38539898,0.97526108,2.7072699
1848,38,15820,2260,6jz4_EVA_B_701,0,surfdock,0.52491524,0.78786936,2.3329673,0.38539898,0.97516707,2.5763742
1849,38,13146,1878,5nnw_GCS_D_302,0,surfdock,0.62062018,0.78535976,2.8449297,0.74564654,0,2.5642818
1850,38,483,69,1fqo_F6R_A_1268,0,surfdock,0.52491524,0.7848941,2.458194,0.31128567,0.93841667,3.3187283
1851,38,490,70,1fqo_F6R_B_2268,0,surfdock,0.52491524,0.7838018,2.4721117,0.31627733,0.94851056,3.3761576
1852,38,17241,2463,6tol_NQW_A_201,0,surfdock,0.52491524,0.78231662,2.427712,0.38651696,0,4.0589076
1853,38,3164,452,1zb6_GST_A_502,0,surfdock,0.69945817,0.78028368,4.7026792,0.73213142,0,3.6994587
1854,38,16995,2427,6s9g_L1Q_A_305,6,smina,0.53799611,0.77724911,3.0232432,0.66609108,0.99433744,2.2672804
1855,38,16337,2333,6nni_CP6_A_203,6,smina,0.55642152,0.77652436,3.4513891,0.25673985,0,1.5937594
1856,38,5068,724,2qvr_FDP_A_333,0,surfdock,0.52491524,0.77406228,2.5794544,0.38110831,0.97305232,5.0605215
1857,38,10598,1514,4zdz_TPF_A_602,0,surfdock,0.75459835,0.77232957,4.2424951,1.6740549,3.7063607e-05,3.5360156
1858,38,8134,1162,4evi_N7I_B_401,0,surfdock,0.52491524,0.77200683,2.8245327,0.1732001,0.99517936,3.0966965
1859,38,5705,815,2y5a_3AP_A_1295,0,surfdock,0.52491524,0.76918863,2.5834901,0.46569374,0.15692001,2.1697903
1860,38,17178,2454,6tfb_N6W_B_202,0,surfdock,0.52491524,0.76897016,2.5790024,0.47419253,0.074752336,3.0878839
1861,38,3801,543,2d20_NPO_B_953,0,surfdock,0.52491524,0.76740499,2.5846741,0.49736467,0.99645267,2.2700549
1862,38,6258,894,3t2e_F6R_A_3469,0,surfdock,0.52491524,0.76652974,2.4903185,0.60792702,0,3.0554683
1863,38,10647,1521,4zo7_BGC_A_805,0,surfdock,0.52491524,0.76536929,2.8387859,0.28103352,0.76289475,2.5347766
1864,38,10178,1454,4wmz_TPF_A_602,0,surfdock,0.75364986,0.76513255,4.3455539,1.7573466,0,3.7242461
1865,38,11929,1704,5fzn_FB2_A_1615,1,unimol,0.84235611,0.76452282,4.8445206,1.3182431,0.99330165,19.66
1866,38,14749,2107,6b83_6NA_B_201,0,surfdock,0.52491524,0.76392212,2.6414952,0.50536644,0.99297664,2.4600462
1867,38,3409,487,2a5t_GLY_A_1001,0,surfdock,0.52491524,0.76347979,2.7239065,0.43124932,0,2.2861217
1868,38,9338,1334,4n4j_HG1_A_605,0,surfdock,0.52491524,0.76347485,2.6564903,0.49875969,0.96596352,2.5352834
1869,38,6363,909,3u1t_MLI_B_350,0,surfdock,0.52491524,0.76338238,2.8280249,0.32896152,0.99701817,2.2558361
1870,38,1001,143,1hot_16G_B_271,0,surfdock,0.52491524,0.76337358,2.664403,0.49274823,0.27312227,2.4670409
1871,38,11991,1713,5g44_SWX_A_1511,0,surfdock,0.52491524,0.76270876,2.6731665,0.49648544,1.3399904e-05,2.8507837
1872,38,7063,1009,4a3u_NCA_B_1359,0,surfdock,0.52491524,0.76104299,2.7667401,0.43437943,0.77207458,2.3170134
1873,38,14578,2082,5zi4_OAA_A_401,4,gnina,0.4103996,0.760733,2.0812304,0.029388942,0.0038665598,1.8947307
1874,38,497,71,1fs5_16G_A_1267,0,surfdock,0.52491524,0.75811402,2.7271054,0.5298475,0.22979798,2.7611592
1875,38,504,72,1fs5_16G_B_2267,0,surfdock,0.52491524,0.75811402,2.7271054,0.5298475,0.017154785,2.8733108
1876,38,6584,940,3vq4_0NX_A_304,4,gnina,0.41232762,0.75767632,2.2097054,0.21108007,0.9726435,1.7668683
1877,38,17490,2498,6x9d_HYP_A_2002,4,gnina,0.4081944,0.75748278,2.0604491,0,0.9988529,12.727041
1878,38,16135,2305,6mry_FLC_B_101,0,surfdock,0.52491524,0.75631381,2.570405,0.72118658,0.81909782,2.889825
1879,38,567,81,1g6n_CMP_B_622,0,surfdock,0.75609451,0.75442898,4.7120061,1.6825455,0,3.7591926
1880,38,2212,316,1pzy_NAG_D_406,0,surfdock,0.52491524,0.75387492,2.9740393,0.3648763,0.98454775,3.0459671
1881,38,8274,1182,4gnp_PEP_A_703,0,surfdock,0.52484767,0.75186828,2.2911394,0.32624537,0.99025742,2.5087848
1882,39,12902,1843,5la1_XYP_A_601,1,unimol,0.86479414,0.84032049,3.8035793,0.74141592,0,21.27
1883,39,11193,1599,5cmb_GLY_A_301,0,surfdock,0.62286258,0.8356903,2.3190982,0.3754828,0,2.1297035
1884,39,1008,144,1hsb_ALA_A_1001,0,surfdock,0.52682608,0.83134422,2.0535917,0,0,2.9595683
1885,39,1288,184,1jtk_THU_A_138,0,surfdock,0.52682608,0.83134422,2.0535917,0,0,3.2125064
1886,39,1295,185,1jtk_THU_B_1138,0,surfdock,0.52682608,0.83134422,2.0535917,0,0.98802818,3.0898941
1887,39,9429,1347,4ni1_2JX_A_203,0,surfdock,0.52682608,0.83134422,2.0535917,0,2.3874317e-06,2.8269122
1888,39,9436,1348,4ni1_2JX_A_204,0,surfdock,0.52682608,0.83134422,2.0535917,0,0,2.6870492
1889,39,9835,1405,4rje_PYR_A_402,0,surfdock,0.52682608,0.83134422,2.0535917,0,0.74839893,2.16723
1890,39,9842,1406,4rje_PYR_C_402,0,surfdock,0.52682608,0.83134422,2.0535917,0,0,2.143351
1891,39,12229,1747,5hgz_MLA_A_302,0,surfdock,0.52682608,0.83134422,2.0535917,0,0.87498562,2.2657783
1892,39,12236,1748,5hgz_MLA_A_303,0,surfdock,0.52682608,0.83134422,2.0535917,0,0.97848244,1.9900539
1893,39,6586,940,3vq4_0NX_A_304,6,smina,0.57851372,0.8278105,2.4492702,0.32520932,1.8473579e-05,1.1511078
1894,39,12923,1846,5la2_ARB_B_606,1,unimol,0.72441662,0.82685617,3.82741,0.69153297,0,17.57
1895,39,12916,1845,5la2_ARB_A_606,1,unimol,0.71919198,0.82047477,3.8291638,0.68538731,0,19.28
1896,39,2828,404,1vl1_CIT_A_300,0,surfdock,0.52682608,0.8199423,2.1238487,0.099358216,0.86706107,2.5008436
1897,39,13322,1903,5osf_A9E_A_404,1,unimol,0.84392759,0.81955851,4.5011516,0.31695265,0.98273034,23.73
1898,39,17492,2498,6x9d_HYP_A_2002,6,smina,0.58744815,0.81910489,2.5565002,0.36777726,0.0087431302,1.0133204
1899,39,1939,277,1o68_KIV_B_275,0,surfdock,0.52682608,0.80990586,2.1881626,0.19031201,0.9921679,2.3555968
1900,39,1946,278,1o68_KIV_D_275,0,surfdock,0.52682608,0.80990586,2.1881626,0.19031201,0.92939119,2.2865782
1901,39,1953,279,1o68_KIV_E_275,0,surfdock,0.52682608,0.80990586,2.1881626,0.19031201,0.9968964,2.4482266
1902,39,3738,534,2caq_GSH_A_1208,0,surfdock,0.52682608,0.8098784,2.2195888,0.15931851,0,5.1891011
1903,39,9177,1311,4m2c_DAR_C_402,0,surfdock,0.52682608,0.80931166,2.1920455,0.19580324,0.97985841,2.9672316
1904,39,12909,1844,5la1_XYP_A_602,1,unimol,0.71454557,0.80789316,3.786061,0.98677874,0.96419172,20.08
1905,39,14322,2046,5y8p_3OH_B_301,0,surfdock,0.52682608,0.80757589,2.2034371,0.21191323,0.41505808,2.0536081
1906,39,9184,1312,4m2c_DAR_D_402,0,surfdock,0.52682608,0.80699164,2.207288,0.21735962,0,2.8617601
1907,39,14098,2014,5x5d_UMP_A_401,0,surfdock,0.52682608,0.80628964,2.211926,0.22391845,0.96627977,3.4421889
1908,39,13090,1870,5n5k_HAE_A_306,0,surfdock,0.52682608,0.80620817,2.2124655,0.22468148,0.26727682,2.0405031
1909,39,14126,2018,5x5d_UMP_E_401,0,surfdock,0.52682608,0.80449356,2.2238483,0.24077933,0.96373128,3.5265522
1910,39,14105,2015,5x5d_UMP_B_401,0,surfdock,0.52682608,0.80423638,2.2255619,0.24320227,0.96184083,3.4957718
1911,39,14112,2016,5x5d_UMP_C_401,0,surfdock,0.52682608,0.80217529,2.2393548,0.2627086,0.73875451,3.4795492
1912,39,14119,2017,5x5d_UMP_D_401,0,surfdock,0.52682608,0.80217529,2.2393548,0.2627086,0,3.4334346
1913,39,3248,464,1zha_PEP_B_2268,0,surfdock,0.52682608,0.80206393,2.240103,0.263767,0,2.7339441
1914,39,3241,463,1zha_PEP_A_1268,0,surfdock,0.52682608,0.80188797,2.2412865,0.26544037,0.99620821,2.5460073
1915,39,2023,289,1oxp_IK2_A_411,0,surfdock,0.52682608,0.80146368,2.3195407,0.19407928,0.96819645,3.7955199
1916,39,35,5,1a9r_HPA_A_290,0,surfdock,0.52682608,0.80061369,2.4580777,0.069387451,0,2.2273995
1917,39,3570,510,2bf7_HBI_C_1290,0,surfdock,0.52682608,0.79966361,2.2884891,0.25450227,0,4.8106395
1918,39,2940,420,1x09_IPE_A_901,0,surfdock,0.52883521,0.79580377,2.7922332,0.52261037,0.98596716,2.4415176
1919,39,14609,2087,6a1l_BEZ_A_404,0,surfdock,0.52682608,0.7957015,2.377574,0.23076992,0.98537155,2.114208
1920,39,539,77,1fwn_PEP_A_1268,0,surfdock,0.52682608,0.79494831,2.3062458,0.31463313,0,2.3554295
1921,39,546,78,1fwn_PEP_B_2268,0,surfdock,0.52682608,0.79494831,2.3062458,0.31463313,0.9953144,2.6197872
1922,39,14343,2049,5yb7_ORN_A_602,0,surfdock,0.52682608,0.7935149,2.4652216,0.17961001,0.98493186,2.5456619
1923,39,14378,2054,5yb7_ORN_D_602,0,surfdock,0.52682608,0.79188995,2.4696057,0.20253557,0.99589612,2.6066713
1924,39,3577,511,2bf7_HBI_D_1290,0,surfdock,0.52682608,0.79187214,2.3456879,0.32675314,0,2.9004979
1925,39,14357,2051,5yb7_ORN_B_602,0,surfdock,0.52682608,0.79077776,2.4745047,0.2164266,0,2.4964718
1926,39,3563,509,2bf7_HBI_B_1290,0,surfdock,0.52682608,0.79075005,2.3540487,0.33735213,0,2.9395951
1927,39,8806,1258,4j7u_YTZ_A_802,0,surfdock,0.52682608,0.78961495,2.3257589,0.38490257,0.95283946,3.069864
1928,39,8820,1260,4j7u_YTZ_D_802,0,surfdock,0.52682608,0.78961495,2.3257589,0.38490257,0.99379934,3.0600803
1929,39,14350,2050,5yb7_ORN_A_603,0,surfdock,0.52682608,0.78925535,2.4826677,0.23411299,0.98024333,2.567118
1930,39,14364,2052,5yb7_ORN_B_603,0,surfdock,0.52682608,0.78925535,2.4826677,0.23411299,0,2.6380259
1931,39,14385,2055,5yb7_ORN_D_603,0,surfdock,0.52682608,0.78925535,2.4826677,0.23411299,0.9779181,2.5713
1932,40,1358,194,1kar_HSM_A_502,0,surfdock,0.5276392,0.83276623,2.0482998,0,0.0014684532,4.3518207
1933,40,13153,1879,5nov_93B_A_201,0,surfdock,0.5276392,0.83276623,2.0482998,0,0.99570964,2.0028032
1934,40,15435,2205,6gnf_GLC_B_602,0,surfdock,0.5276392,0.83276623,2.0482998,0,0.98433106,2.6882267
1935,40,17794,2542,8icd_ICT_A_418,0,surfdock,0.5276392,0.83276623,2.0482998,0,0.86263823,2.6846625
1936,40,1359,194,1kar_HSM_A_502,1,unimol,0.66633372,0.82002887,3.0318644,0.66898459,0,32.35
1937,40,7714,1102,4cw2_XDS_A_1303,0,surfdock,0.5276392,0.81618957,2.1508358,0.14500764,0,2.6790148
1938,40,9247,1321,4mog_G3F_A_802,0,surfdock,0.5276392,0.81190965,2.1783345,0.18389669,0.94564143,2.6083894
1939,40,5117,731,2r3d_ACM_A_303,0,surfdock,0.5276392,0.81081426,2.1854427,0.19394946,0.72149965,1.895362
1940,40,12670,1810,5je7_EVF_B_302,0,surfdock,0.5276392,0.81012127,2.2484941,0.14179127,0.99305987,2.7529429
1941,40,14231,2033,5xoi_SIN_A_401,0,surfdock,0.5276392,0.80826789,2.2020781,0.21747561,0.99751015,2.369884
1942,40,12663,1809,5jdv_EVF_B_302,0,surfdock,0.5276392,0.80521523,2.2707748,0.19742909,0.9943729,2.7725391
1943,40,9996,1428,4uch_OLW_A_800,0,surfdock,0.5276392,0.80282756,2.2937186,0.21292469,0,3.5915554
1944,40,12677,1811,5jep_EVF_B_302,0,surfdock,0.5276392,0.80143992,2.2935174,0.2356243,0.99295943,2.8940951
1945,40,12698,1814,5jg5_EVF_B_302,0,surfdock,0.5276392,0.79795296,2.3606479,0.22554733,0,2.3962052
1946,40,12950,1850,5lwy_OLB_A_406,0,surfdock,0.5276392,0.79259952,2.3473508,0.32790577,0,2.7366331
1947,40,10136,1448,4v3w_E2Z_B_800,0,surfdock,0.5276392,0.79108372,2.4224024,0.27840075,0.19068595,3.4885331
1948,40,1064,152,1iki_DAL_A_500,0,surfdock,0.5276392,0.78737351,2.467468,0.2964896,0.63914911,2.163937
1949,40,1365,195,1kar_HSM_B_503,0,surfdock,0.5276392,0.78496576,2.5429866,0.26243407,0.0036272461,2.2950561
1950,40,987,141,1hkn_N2M_D_5139,0,surfdock,0.60392694,0.78346453,3.4595177,0.10334274,0.99528217,2.556798
1951,40,3227,461,1zfj_IMP_A_500,0,surfdock,0.5276392,0.78188888,2.3840888,0.47487718,0.98325547,3.9429367
1952,40,10129,1447,4v3w_E2Z_A_800,0,surfdock,0.5276392,0.78077842,2.5219152,0.35653216,0.0007964011,3.4884212
1953,40,10493,1499,4z1d_PEP_A_300,0,surfdock,0.5276392,0.77793462,2.4376628,0.49105269,0.82637592,2.4927393
1954,40,10500,1500,4z1d_PEP_B_300,0,surfdock,0.5276392,0.77793462,2.4376628,0.49105269,0.88488139,2.5682189
1955,40,3304,472,1zng_HE4_A_202,0,surfdock,0.5276392,0.77788299,2.4133599,0.51627302,0.98427394,2.73754
1956,40,1954,279,1o68_KIV_E_275,1,unimol,0.85926337,0.77616058,4.3955154,1.6128119,0.9215331,18.84
1957,40,1940,277,1o68_KIV_B_275,1,unimol,0.85732281,0.77361467,4.3955154,1.6128119,0.97842617,19.4
1958,40,4725,675,2p1e_LAC_A_303,0,surfdock,0.5276392,0.77235244,2.5595114,0.46949691,0,1.9634558
1959,40,7966,1138,4dvw_0M4_B_512,0,surfdock,0.5276392,0.77159371,2.5967009,0.4461084,0.62514079,3.747556
1960,41,5643,806,2xul_AKG_F_201,1,unimol,0.85503899,0.87375641,3.5102596,0.3406769,0.89667176,15.71
1961,41,5636,805,2xul_AKG_E_201,1,unimol,0.85428345,0.86977375,3.5503159,0.35857734,0.9127243,20.89
1962,41,5629,804,2xul_AKG_C_201,1,unimol,0.83061379,0.86188056,3.5529749,0.36512852,0.93619629,20.47
1963,41,5622,803,2xul_AKG_A_201,1,unimol,0.72074815,0.85770184,3.5102596,0.3406769,0,17.87
1964,41,2731,390,1uk7_BUA_A_1300,1,unimol,0.85654179,0.84588982,3.5406792,0.88865376,0.97235082,16.91
1965,41,4214,602,2gn2_C5P_A_400,0,surfdock,0.52895324,0.83338594,2.0404367,0,0,3.1093533
1966,41,5258,751,2v32_BEZ_B_1220,1,unimol,0.85602951,0.83129308,3.562175,1.1489974,0.96973012,22.2
1967,41,1141,163,1ixo_G3P_A_1001,0,surfdock,0.52895324,0.82473676,2.0931246,0.074511915,0.86584543,2.5525683
1968,41,5265,752,2v32_BEZ_D_1221,1,unimol,0.84558562,0.82377791,3.562175,1.1489974,0.9540522,21.42
1969,41,9534,1362,4ocu_NDG_A_401,0,surfdock,0.52895324,0.81198706,2.1738834,0.18872212,0,3.0004684
1970,41,15498,2214,6hl9_SIN_A_402,0,surfdock,0.52895324,0.8065353,2.2552874,0.19352154,0,2.3919278
1971,41,15505,2215,6hl9_SIN_B_402,0,surfdock,0.52895324,0.80642393,2.2599976,0.19059104,0.98131883,2.3904057
1972,41,14232,2033,5xoi_SIN_A_401,1,unimol,0.85650588,0.8025099,4.8114972,0.55056494,0.92729051,24.92
1973,41,13426,1918,5tch_MLI_D_501,0,surfdock,0.52895324,0.80114376,2.2672637,0.26853332,0.99581503,2.2337338
1974,41,13440,1920,5tch_MLI_F_501,0,surfdock,0.52895324,0.79700839,2.2847521,0.31896713,0.99787196,2.262593
1975,41,13433,1919,5tch_MLI_E_301,0,surfdock,0.52895324,0.79569223,2.2903993,0.33515862,0.99810456,2.1694318
1976,41,12951,1850,5lwy_OLB_A_406,1,unimol,0.72074815,0.79536731,4.6649494,0.46356606,0,28.83
1977,41,12964,1852,5lwy_OLB_A_409,0,surfdock,0.52895324,0.79353705,2.3594167,0.30213839,0,3.6953378
1978,41,13447,1921,5tch_MLI_G_301,0,surfdock,0.52895324,0.79293275,2.3021126,0.36958757,0.99705808,2.3257489
1979,41,12481,1783,5irw_D9P_A_202,0,surfdock,0.52895324,0.79171849,2.4124212,0.27973616,0.92349947,3.1542908
1980,41,12957,1851,5lwy_OLB_A_407,0,surfdock,0.52895324,0.79137569,2.3168428,0.38110855,0,3.6158872
1981,41,13412,1916,5tch_MLI_A_301,0,surfdock,0.52895324,0.7910927,2.3147712,0.38796747,0.99560524,2.2362386
1982,41,12943,1849,5lwy_OLB_A_403,0,surfdock,0.52895324,0.79101179,2.4380577,0.26605037,0,3.5230749
1983,41,3367,481,1zwp_NIM_A_401,0,surfdock,0.52895324,0.78867903,2.3317709,0.4120087,0.9545907,3.0276443
1984,41,17003,2429,6sds_L8N_A_302,0,surfdock,0.52972393,0.78778355,2.9297531,0.51588321,0.98422833,3.5819436
1985,41,9339,1334,4n4j_HG1_A_605,1,unimol,0.84370736,0.78592731,4.082334,1.4751698,0.94848261,20.71
1986,41,16149,2307,6mry_FLC_K_101,0,surfdock,0.52895324,0.78561779,2.4185169,0.37786219,0.98904505,2.8908529
1987,41,14722,2103,6ayv_MLI_A_409,1,unimol,0.72074815,0.78508714,4.7860723,0.58287275,0.96546027,23.28
1988,41,16842,2406,6r7w_CIT_A_406,0,surfdock,0.52895324,0.78499358,2.3580327,0.44914851,0.96275909,2.7976271
1989,41,693,99,1gxu_2HP_A_1092,0,surfdock,0.52895324,0.78330546,2.5130444,0.32347527,0.98786244,1.7524364
1990,41,1155,165,1ixo_G3P_D_1004,0,surfdock,0.52895324,0.78220773,2.3781302,0.47757077,0,2.6241529
1991,41,2198,314,1pym_OXL_A_1001,0,surfdock,0.52895324,0.78203413,2.3793898,0.47935209,0.99587261,2.1789846
1992,41,1148,164,1ixo_G3P_B_1002,0,surfdock,0.52895324,0.78145945,2.3835652,0.48525691,0.83841247,2.644568
1993,41,14672,2096,6acn_TRC_A_899,0,surfdock,0.52895324,0.78108331,2.5334699,0.34196234,0.93096665,5.6424195
1994,41,15442,2206,6gpn_OGA_B_402,0,surfdock,0.52895324,0.77848787,2.7859859,0.13531627,0.99673849,2.698228
1995,41,6402,914,3ucl_CYH_A_543,4,gnina,0.42077571,0.7780672,2.0643592,0.033831444,2.0293749e-06,1.5456337
1996,41,578,82,1g6t_S3P_A_601,4,gnina,0.45071112,0.77762643,2.1297896,0.083108492,0.41918545,2.2714706
1997,41,17591,2513,6ypv_AKG_A_302,0,surfdock,0.52895324,0.77757073,2.5649805,0.37264127,0.99691914,2.588406
1998,41,14281,2040,5y1g_AKB_A_401,1,unimol,0.83039327,0.77728245,5.4322286,0.30028012,0,15.05
1999,41,2654,379,1u18_HSM_A_401,1,unimol,0.81063964,0.77425372,5.1172023,0.67524779,0,17.83
2000,41,2552,364,1tkj_MED_A_913,4,gnina,0.41967757,0.7708321,2.0422699,0.0025925369,0,1.7676967
2001,41,9191,1313,4m54_AE5_A_403,0,surfdock,0.62541693,0.76937124,3.5925815,0.28495839,5.927046e-05,3.234894
2002,41,10164,1452,4wdd_CIT_A_401,0,surfdock,0.52895324,0.76889585,2.4772007,0.61767757,0.98767434,2.6589179
2003,41,9268,1324,4mop_2H5_A_802,0,surfdock,0.52895324,0.76834428,2.7745876,0.33046979,0.011034262,2.6123004
2004,41,17752,2536,7est_0Z2_E_1,0,surfdock,0.52895324,0.76815787,2.66435,0.44415173,0.97246926,4.3457963
2005,41,9254,1322,4mol_2FG_C_703,0,surfdock,0.52895324,0.76652483,2.6722534,0.46653664,0.0074979064,2.7600281
2006,41,9261,1323,4mol_2FG_D_802,0,surfdock,0.52895324,0.76652483,2.6722534,0.46653664,0.0070901202,3.717067
2007,41,12152,1736,5h5k_C5P_B_203,0,surfdock,0.52895324,0.76388383,2.5158501,0.67233604,0.98619093,3.5220093
2008,41,399,57,1ei6_PPF_A_410,0,surfdock,0.52895324,0.76382874,2.5162792,0.67294294,0.97993212,2.294692
2009,41,6279,897,3t3q_9PL_D_501,0,surfdock,0.52895324,0.76366329,2.9836185,0.20871599,6.7448191e-05,3.1239824
2010,42,2492,356,1tc2_7HP_A_800,0,surfdock,0.53195149,0.83482143,2.0401051,0,0.99734029,2.2512248
2011,42,2499,357,1tc2_7HP_B_810,0,surfdock,0.53195149,0.83482143,2.0401051,0,0.99836053,2.2698597
2012,42,6804,972,3wsg_CIT_A_302,0,surfdock,0.53195149,0.83482143,2.0401051,0,0.98930535,2.8704975
2013,42,6811,973,3wsg_CIT_B_302,0,surfdock,0.53195149,0.83482143,2.0401051,0,0.98773373,2.7750901
2014,42,6818,974,3wsg_CIT_C_302,0,surfdock,0.53195149,0.83482143,2.0401051,0,0.91616998,2.8828145
2015,42,6825,975,3wsg_CIT_D_302,0,surfdock,0.53195149,0.83482143,2.0401051,0,0,2.7524942
2016,42,6832,976,3wsg_CIT_E_302,0,surfdock,0.53195149,0.83482143,2.0401051,0,0,2.6076283
2017,42,6839,977,3wsg_CIT_F_302,0,surfdock,0.53195149,0.83482143,2.0401051,0,0.98695186,2.7689275
2018,42,17444,2492,6vv9_RQ1_A_202,0,surfdock,0.53195149,0.83482143,2.0401051,0,0.0013911405,3.9090793
2019,42,17451,2493,6vv9_RQ1_B_304,0,surfdock,0.53195149,0.83482143,2.0401051,0,0.49085464,3.7832155
2020,42,3913,559,2ef9_PEP_A_1268,0,surfdock,0.53195149,0.82824169,2.0798712,0.056237835,0.99276944,2.5948998
2021,42,3920,560,2ef9_PEP_B_2268,0,surfdock,0.53195149,0.82824169,2.0798712,0.056237835,0,2.6209886
2022,42,9940,1420,4tyv_BGC_B_701,0,surfdock,0.53195149,0.82150101,2.1216049,0.11525803,0.0043567237,2.6558123
2023,42,4130,590,2fyd_NGA_D_529,0,surfdock,0.53195149,0.81867332,2.1791375,0.10073432,0.9574603,3.0207309
2024,42,12299,1757,5i0d_GLC_A_1124,0,surfdock,0.53195149,0.81809146,2.1431086,0.14566916,0.90418987,2.396163
2025,42,4123,589,2fyd_NGA_B_404,0,surfdock,0.53195149,0.81785691,2.1865044,0.10586824,0.97698155,2.7596668
2026,42,14056,2008,5x0j_SEP_A_302,0,surfdock,0.53195149,0.81709617,2.1893001,0.11475415,0,2.7351516
2027,42,12306,1758,5i0d_GLC_B_1122,0,surfdock,0.53195149,0.81628337,2.1546214,0.16195056,0.98080117,2.3525553
2028,42,1302,186,1jw0_GUA_B_999,0,surfdock,0.53195149,0.81105324,2.1883585,0.20966236,0,2.5519531
2029,42,4437,633,2j1s_FUL_B_1153,6,smina,0.55499934,0.81022531,2.4622211,0.59696209,0.95402937,0.57040081
2030,42,16912,2416,6rgr_RM4_A_403,0,surfdock,0.53195149,0.79612422,2.3879786,0.25142556,0.22235516,2.1348385
2031,42,17024,2432,6sj8_44V_A_901,0,surfdock,0.53195149,0.79179133,2.4049039,0.30712777,0,2.3987671
2032,42,2625,375,1tt6_DES_A_129,0,surfdock,0.53195149,0.79172759,2.4741888,0.23891996,0.33418096,3.0373336
2033,42,3878,554,2eb5_OXL_B_2002,0,surfdock,0.53195149,0.79045994,2.4311545,0.30343321,0.98365441,2.2528923
2034,42,3885,555,2eb5_OXL_C_2003,0,surfdock,0.53195149,0.79045994,2.4311545,0.30343321,0.98853298,2.2476412
2035,42,11669,1667,5ezp_IPJ_C_201,0,surfdock,0.53195149,0.7894789,2.3489211,0.40236035,0,2.8414261
2036,42,8855,1265,4jhh_H35_A_201,0,surfdock,0.53195149,0.7894474,2.3349063,0.41691202,0.96983172,3.172112
2037,42,3892,556,2eb5_OXL_E_2005,0,surfdock,0.53195149,0.78756291,2.4652822,0.31878319,0.99276216,2.1810126
2038,42,8162,1166,4f8n_GAL_A_204,0,surfdock,0.53195149,0.78741786,2.6193774,0.16718052,0.98184816,2.4209852
2039,42,8320,1188,4h9g_14J_A_512,4,gnina,0.4110904,0.7868541,2.0401051,0,0.67832617,1.6071347
2040,42,8421,1203,4hoz_GLC_A_703,0,surfdock,0.53195149,0.78515992,2.5880134,0.23750795,0.99290205,2.7397413
2041,42,16905,2415,6rgr_RM4_A_402,0,surfdock,0.53195149,0.78495847,2.5020647,0.32695034,0.054839278,2.2098548
2042,42,17759,2537,7jo3_VGS_A_302,0,surfdock,0.53195149,0.78326227,2.4760859,0.38244385,0.98560844,3.1632144
2043,42,5096,728,2qx9_ML2_A_234,0,surfdock,0.53195149,0.78288277,2.4199045,0.44525602,0,3.1831853
2044,42,11655,1665,5ezp_IPJ_A_201,0,surfdock,0.53195149,0.78166969,2.4100101,0.4764078,0.98673532,3.23014
2045,42,5089,727,2qx9_ML2_A_233,0,surfdock,0.53195149,0.78113609,2.44508,0.45071831,0,2.9702857
2046,42,11662,1666,5ezp_IPJ_B_201,0,surfdock,0.53195149,0.78080061,2.4171298,0.48457813,0,3.1125996
2047,42,11676,1668,5ezp_IPJ_G_202,0,surfdock,0.53195149,0.78080061,2.4171298,0.48457813,0.99217538,3.1444464
2048,42,2937,419,1wq4_TYR_A_501,4,gnina,0.40921094,0.78039514,2.0401051,0,0.89852906,2.2489205
2049,42,1169,167,1j0y_BGC_A_1601,0,surfdock,0.53195149,0.78015927,2.8634336,0.04959105,0.99715808,2.6647271
2050,42,1183,169,1j0y_BGC_C_3601,0,surfdock,0.53195149,0.78015927,2.8634336,0.04959105,0.99731894,2.7467204
2051,42,1190,170,1j0y_BGC_D_4601,0,surfdock,0.53195149,0.78015927,2.8634336,0.04959105,0.99550916,4.6779681
2052,42,13909,1987,5vyr_B62_B_301,0,surfdock,0.53195149,0.77977218,2.4045146,0.51535302,0.97738831,2.4919844
2053,42,1176,168,1j0y_BGC_B_2601,0,surfdock,0.53195149,0.77930907,2.8664863,0.06158201,0.9543416,2.6449362
2054,42,9072,1296,4l80_OXL_E_402,0,surfdock,0.53554569,0.77746362,2.9756596,0.68140143,0.99179727,2.1333565
2055,42,9079,1297,4l80_OXL_F_402,0,surfdock,0.53226987,0.7768452,2.9756596,0.68140143,0.99232612,2.1511185
2056,42,6286,898,3te7_TE7_A_1,0,surfdock,0.53195149,0.77658467,2.8256664,0.15094511,0.97875617,5.9432168
2057,42,9877,1411,4rql_SNE_B_502,0,surfdock,0.62898389,0.77594499,3.3172328,0.43139422,0.98532899,2.4517022
2058,42,16394,2342,6ock_9KL_A_602,0,surfdock,0.53195149,0.77571001,2.5973184,0.39498669,0.99487708,3.0826585
2059,42,13937,1991,5vys_1YJ_B_301,0,surfdock,0.53195149,0.77508207,2.4391992,0.56440419,0.98921784,2.5439477
2060,43,1792,256,1nf0_13P_A_5001,0,surfdock,0.53758566,0.83607547,2.0404367,0,0.99053029,2.6340857
2061,43,1799,257,1nf0_13P_B_1150,0,surfdock,0.53758566,0.83607547,2.0404367,0,0,2.6236737
2062,43,1036,148,1ia1_TQ3_A_194,0,surfdock,0.53758566,0.83070332,2.0726216,0.045516238,0.99704587,3.3102819
2063,43,16107,2301,6mae_JBA_A_301,0,surfdock,0.63569589,0.83037937,2.4091699,0.35088363,0.96698926,4.5010059
2064,43,14602,2086,6a1l_BEZ_A_403,0,surfdock,0.53758566,0.80629471,2.4796391,0.011314002,0.99315221,2.4498688
2065,43,1421,203,1klk_PMD_A_653,0,surfdock,0.75601276,0.80351622,4.3173184,0.67116541,0.99428941,4.0786649
2066,43,1793,256,1nf0_13P_A_5001,1,unimol,0.66586253,0.79809636,3.2528079,0.79443049,0.9324785,21.82
2067,43,2632,376,1tuu_PIS_B_2854,0,surfdock,0.53758566,0.79640543,2.5507407,0.10110857,0.0094804323,2.3282406
2068,43,13154,1879,5nov_93B_A_201,1,unimol,0.84381743,0.79467447,4.8345108,0.65195358,0.99266668,12.69
2069,43,1800,257,1nf0_13P_B_1150,1,unimol,0.66586253,0.79391402,3.2839575,0.8477366,0,16.5
2070,43,13244,1892,5ocm_9RH_A_302,0,surfdock,0.53758566,0.79039466,2.4145181,0.33808938,0.0016953332,2.777137
2071,43,13258,1894,5ocm_9RH_C_302,0,surfdock,0.53758566,0.79039466,2.4145181,0.33808938,0.0016974413,2.6404984
2072,43,13251,1893,5ocm_9RH_B_302,0,surfdock,0.53758566,0.78903923,2.4141319,0.36151466,0.0016603815,2.7029667
2073,43,13657,1951,5ud0_13P_B_405,0,surfdock,0.53758566,0.78893246,2.3457243,0.4317421,0.99341643,2.5443994
2074,43,14392,2056,5ybl_AKG_A_302,0,surfdock,0.53758566,0.78649764,2.6186306,0.20053948,0.00032760129,2.3866711
2075,43,15141,2163,6f66_CUT_B_300,0,surfdock,0.53758566,0.78637189,2.4668112,0.35452372,0.99767746,3.1833365
2076,43,15134,2162,6f66_CUT_A_300,0,surfdock,0.53758566,0.78475361,2.507508,0.34177291,0.99597963,3.1862527
2077,43,14399,2057,5ybl_AKG_C_302,0,surfdock,0.53758566,0.77846705,2.7849948,0.17450935,0.9948874,2.6361814
2078,43,16443,2349,6ooi_PGA_B_301,0,surfdock,0.53758566,0.77810716,2.4237738,0.54212052,0.98859826,2.6196375
2079,43,16450,2350,6ooi_PGA_C_302,0,surfdock,0.53758566,0.77810716,2.4237738,0.54212052,0,2.3664186
2080,43,16471,2353,6ooi_PGA_F_301,0,surfdock,0.53758566,0.77810716,2.4237738,0.54212052,0.99383737,2.5150154
2081,43,16478,2354,6ooi_PGA_G_301,0,surfdock,0.53758566,0.77810716,2.4237738,0.54212052,0,2.5711845
2082,43,16485,2355,6ooi_PGA_H_302,0,surfdock,0.53758566,0.77810716,2.4237738,0.54212052,0.98955924,2.4886914
2083,43,16436,2348,6ooi_PGA_A_301,0,surfdock,0.53758566,0.77794317,2.4249814,0.54382831,0.92030802,2.4227927
2084,43,16457,2351,6ooi_PGA_D_301,0,surfdock,0.53758566,0.77785871,2.4256034,0.54470789,0.99094368,2.683569
2085,43,16464,2352,6ooi_PGA_E_301,0,surfdock,0.53758566,0.77785871,2.4256034,0.54470789,0.98413419,2.5029793
2086,43,9800,1400,4r3n_3GQ_B_404,0,surfdock,0.53758566,0.77742483,2.490833,0.48720273,0.86026705,2.7528801
2087,43,16534,2362,6pna_M16_B_803,0,surfdock,0.53758566,0.77519586,2.6797693,0.33815175,0.81867137,3.1713866
2088,43,5908,844,2zm7_ACA_A_501,0,surfdock,0.53758566,0.77454454,2.6419742,0.38766715,0,3.4863747
2089,43,16513,2359,6pmv_M16_B_803,0,surfdock,0.53758566,0.77290535,2.7321255,0.32714215,0.96203394,3.2650104
2090,43,16821,2403,6r6i_H50_B_201,0,surfdock,0.53758566,0.77121898,2.6617,0.42824486,0.76088164,2.2055924
2091,43,7854,1122,4d96_5PA_C_402,0,surfdock,0.75409298,0.76976116,5.1257272,0.65988725,0,4.1462194
2092,43,7847,1121,4d96_5PA_B_501,0,surfdock,0.74857259,0.7694622,5.1257272,0.65988725,0,4.2029021
2093,43,8127,1161,4ekr_0R0_B_203,0,surfdock,0.53758566,0.76839308,2.9781437,0.16365902,0,2.5570276
2094,43,7462,1066,4can_M7K_B_800,0,surfdock,0.53758566,0.76825942,2.686456,0.45781499,0,3.069955
2095,43,6461,923,3v7u_MTA_A_302,0,surfdock,0.53758566,0.76769868,2.6739333,0.48070091,0.98556534,3.2286413
2096,43,17080,2440,6sz3_M1H_B_601,0,surfdock,0.53758566,0.76727044,2.5052378,0.65732813,0.00048584639,2.1243166
2097,43,543,77,1fwn_PEP_A_1268,4,gnina,0.4170523,0.76607166,2.0404367,0,0.91753597,1.957233
2098,43,7455,1065,4can_M7K_A_800,0,surfdock,0.53758566,0.76603057,2.7111275,0.47447285,0,3.1265138
2099,43,11011,1573,5b4o_6DQ_B_202,0,surfdock,0.53758566,0.76553374,2.5186155,0.67624664,0.25459049,2.7683218
2100,43,1579,225,1lro_PEP_A_1268,4,gnina,0.4170523,0.76436172,2.0515463,0.015711334,0.46288175,1.9731032
2101,43,5915,845,2zm9_ACA_A_501,0,surfdock,0.53758566,0.76429415,2.729811,0.48823932,0,3.3717546
2102,43,16142,2306,6mry_FLC_C_102,0,surfdock,0.53758566,0.76368363,2.6350605,0.59445095,0.76872413,1.878073
2103,43,16128,2304,6mry_FLC_A_101,0,surfdock,0.53758566,0.76303026,2.6446733,0.59713453,0.98769566,2.8375034
2104,43,10255,1465,4wxb_CIT_D_501,0,surfdock,0.53758566,0.76190692,2.7478707,0.51515329,0,3.0249008
2105,43,10241,1463,4wxb_CIT_B_501,0,surfdock,0.53758566,0.7609608,2.7588959,0.52206957,0.90996692,2.9353589
2106,43,16548,2364,6png_OSG_B_801,0,surfdock,0.53758566,0.75942138,3.1579561,0.15234558,0.44401434,3.6063752
2107,43,6454,922,3v7u_MTA_A_301,0,surfdock,0.53758566,0.75920682,2.7891729,0.52523279,0.14848019,3.1576531
2108,43,7483,1069,4cdt_M48_A_801,0,surfdock,0.53758566,0.75919819,2.7859743,0.52859604,0.035791247,3.2243036
2109,43,16555,2365,6png_OSG_B_804,0,surfdock,0.53758566,0.75909885,3.1684821,0.14798857,0.46300822,3.5148393
2110,44,14161,2023,5xdt_MB3_A_404,0,surfdock,0.53673736,0.83730563,2.0401051,0,0.38395684,2.1826779
2111,44,9527,1361,4o95_245_A_602,0,surfdock,0.53673736,0.82966914,2.0858166,0.064646184,0.93665459,3.1366686
2112,44,10108,1444,4uzi_IMD_B_1456,0,surfdock,0.53673736,0.81640008,2.1683171,0.18131946,0.8941696,3.9603235
2113,44,1841,263,1now_IFG_A_557,0,surfdock,0.53673736,0.81475002,2.208272,0.16681507,0.93767286,2.9907985
2114,44,1848,264,1now_IFG_B_558,0,surfdock,0.53673736,0.81475002,2.208272,0.16681507,0.98726233,2.786253
2115,44,10101,1443,4uzi_IMD_B_1455,0,surfdock,0.53673736,0.8138725,2.1844914,0.20419338,0.86494796,1.9665179
2116,44,3864,552,2e56_MYR_A_701,0,surfdock,0.53673736,0.80881565,2.3793848,0.088525318,0.9766597,3.1923859
2117,44,3857,551,2e56_MYR_A_601,0,surfdock,0.53673736,0.80846468,2.3830054,0.090458266,0,2.9574193
2118,44,1925,275,1o29_UFP_C_813,0,surfdock,0.63472735,0.80653827,3.0501401,0.10858572,0.0001942159,3.6100121
2119,44,3836,548,2e40_LGC_A_1001,0,surfdock,0.53673736,0.80027481,2.4691646,0.13597965,0.9583643,2.8841988
2120,44,3843,549,2e40_LGC_B_2001,0,surfdock,0.53673736,0.80027481,2.4691646,0.13597965,0,2.7662462
2121,44,11452,1636,5e4o_L57_A_201,0,surfdock,0.53673736,0.79940052,2.2800739,0.33936688,0.0010655202,2.9522823
2122,44,11459,1637,5e4o_L57_B_201,0,surfdock,0.53673736,0.79712808,2.295557,0.36126378,0.98319123,3.2732575
2123,44,658,94,1giu_ADE_A_300,0,surfdock,0.53673736,0.79367395,2.5674894,0.14676586,0.98646955,2.2384406
2124,44,3850,550,2e56_MYR_A_501,0,surfdock,0.53673736,0.79352761,2.5435355,0.17317013,0.65949861,3.0656147
2125,44,1078,154,1iri_E4P_B_602,0,surfdock,0.53673736,0.79263007,2.5763814,0.15537979,0.98966565,2.8570735
2126,44,13706,1958,5uio_LG3_A_201,0,surfdock,0.63472735,0.79118123,2.6507304,0.78575152,0.9922251,2.1984508
2127,44,13713,1959,5uio_LG3_B_201,0,surfdock,0.59804246,0.78885786,2.6507304,0.78575152,0.99814409,4.6748922
2128,44,5061,723,2qui_LTN_B_478,0,surfdock,0.53673736,0.78547603,2.412523,0.44109207,0,3.0400293
2129,44,4778,682,2prl_ORO_A_399,4,gnina,0.42779305,0.78345654,2.0401051,0,0.9727857,1.7858547
2130,44,17318,2474,6ufd_Q6D_A_305,0,surfdock,0.53673736,0.78051379,2.7168872,0.22322358,0.99286006,3.8250929
2131,44,9282,1326,4mop_2H5_C_703,0,surfdock,0.53673736,0.77753807,2.6013567,0.39142007,0.95564687,2.6108158
2132,44,249,35,1cq1_BGC_B_455,4,gnina,0.47751293,0.77668785,2.1671197,0.1796257,0.00039786642,2.3280821
2133,44,4428,632,2j1s_FUL_A_1153,4,gnina,0.42882997,0.77418888,2.1778307,0.11083393,0.9956599,1.9285014
2134,44,9275,1325,4mop_2H5_B_802,0,surfdock,0.53673736,0.77399404,2.6582425,0.39805317,0.99591975,2.7138877
2135,44,5054,722,2qui_LTN_A_501,0,surfdock,0.53673736,0.77231898,2.5335424,0.55307835,0,3.1416823
2136,44,1306,186,1jw0_GUA_B_999,4,gnina,0.42626468,0.77176268,2.0401051,0,0.9406064,2.1877495
2137,44,10441,1491,4ynu_LGC_A_602,4,gnina,0.42626468,0.77176268,2.0401051,0,0.0059438459,2.7109929
2138,45,4430,632,2j1s_FUL_A_1153,6,smina,0.56593671,0.87589377,2.0293052,0,0.99149687,0.54461409
2139,45,6209,887,3se2_LDR_A_1,0,surfdock,0.53927652,0.83771706,2.0293052,0,0.99714113,2.8279053
2140,45,6216,888,3se2_LDR_B_2,0,surfdock,0.53927652,0.83771706,2.0293052,0,0.99832843,2.8723626
2141,45,14259,2037,5xvv_AKG_A_508,0,surfdock,0.53927652,0.83771706,2.0293052,0,0,2.6650077
2142,45,14266,2038,5xvv_AKG_B_506,0,surfdock,0.53927652,0.83771706,2.0293052,0,0,2.6189231
2143,45,14273,2039,5xvv_AKG_C_504,0,surfdock,0.53927652,0.83771706,2.0293052,0,0.98379346,2.6807016
2144,45,15239,2177,6fld_DQ5_A_604,0,surfdock,0.53927652,0.83468215,2.0472863,0.025429048,0,3.8511134
2145,45,2275,325,1qit_MAE_A_411,0,surfdock,0.53927652,0.83021253,2.0741274,0.063388303,0,2.2978116
2146,45,3780,540,2d0e_NQ_A_409,0,surfdock,0.53927652,0.82430519,2.1102753,0.11450872,0.02018451,2.3615509
2147,45,3787,541,2d0e_NQ_A_410,0,surfdock,0.53927652,0.82430519,2.1102753,0.11450872,0.99111416,2.4412293
2148,45,14882,2126,6c6w_TFX_A_502,0,surfdock,0.53927652,0.82223616,2.1231201,0.13267423,0,2.8020475
2149,45,6440,920,3v1m_HPK_A_288,0,surfdock,0.53927652,0.82061003,2.1607773,0.11955512,0,3.2950987
2150,45,11788,1684,5fiu_Y3J_C_1299,0,surfdock,0.53927652,0.81666815,2.1581743,0.18224815,0.98945543,3.5932209
2151,45,11781,1683,5fiu_Y3J_B_1299,0,surfdock,0.53927652,0.81646244,2.159483,0.18409923,0,3.5077773
2152,45,9100,1300,4lek_1DN_X_202,0,surfdock,0.53927652,0.81238503,2.185631,0.2210782,0,4.3608922
2153,45,10871,1553,5a8k_COM_A_556,0,surfdock,0.53927652,0.81077,2.1960974,0.2358795,0,2.3921486
2154,45,10878,1554,5a8k_COM_D_555,0,surfdock,0.53927652,0.81077,2.1960974,0.2358795,0,2.202166
2155,45,6790,970,3wlf_FEH_C_401,0,surfdock,0.53927652,0.80777995,2.2156403,0.26351759,0.9948248,2.3959558
2156,45,3388,484,2a1m_CAM_A_1422,0,surfdock,0.53927652,0.80591502,2.4208491,0.08800187,0.50253516,2.4235004
2157,45,16156,2308,6mwl_K5G_B_301,0,surfdock,0.53927652,0.80488165,2.2447116,0.280682,0.98814662,6.7304599
2158,45,11333,1619,5dmm_HCS_A_505,0,surfdock,0.53927652,0.80428581,2.4080935,0.12686765,0.55866903,2.5043383
2159,45,3395,485,2a1m_CAM_B_2422,0,surfdock,0.53927652,0.80367698,2.4499226,0.094836853,0,2.3551182
2160,45,14889,2127,6cdy_EY1_A_501,0,surfdock,0.53927652,0.80277064,2.337919,0.2214676,0,4.2646179
2161,45,14896,2128,6cdy_EY1_B_501,0,surfdock,0.53927652,0.80277064,2.337919,0.2214676,0,4.3587562
2162,45,12789,1827,5kcp_PFB_A_378,0,surfdock,0.53927652,0.80208921,2.3306158,0.23980048,0,2.664243
2163,45,6783,969,3wlf_FEH_A_401,0,surfdock,0.53927652,0.8020622,2.2536221,0.31723192,0.99626471,2.5177062
2164,45,7973,1139,4dwv_PFB_B_378,0,surfdock,0.53927652,0.79868551,2.338259,0.28767475,0.99182577,2.6975983
2165,45,8428,1204,4hrq_AZG_A_201,0,surfdock,0.53927652,0.79731671,2.3366635,0.31179687,0.012747853,2.4478447
2166,45,6601,943,3vq5_MMJ_B_307,0,surfdock,0.53927652,0.79693514,2.2883775,0.36638355,0.9934769,3.0018508
2167,45,8442,1206,4hxk_1AJ_A_201,0,surfdock,0.53927652,0.79525244,2.3931589,0.28949454,1.5991157e-05,2.8803488
2168,45,2219,317,1q20_PLO_A_401,0,surfdock,0.53927652,0.79213769,2.4276202,0.30713344,4.5957738e-07,3.7948015
2169,45,406,58,1ei6_PPF_D_412,0,surfdock,0.53927652,0.79198494,2.4436779,0.29364634,0.99636031,2.3249696
2170,45,8435,1205,4hrq_AZG_B_201,0,surfdock,0.53927652,0.78836254,2.4243584,0.37437215,0,2.192591
2171,45,8124,1160,4ekr_0R0_A_203,4,gnina,0.44503447,0.78795926,2.0442884,0.021189412,0,1.4211055
2172,45,12278,1754,5htd_MYR_A_201,0,surfdock,0.53927652,0.78753011,2.5007975,0.31216395,0.98150334,3.4204385
2173,45,742,106,1h18_DTL_B_9009,0,surfdock,0.53927652,0.78635567,2.5899956,0.2431201,0.99240068,2.281551
2174,45,6202,886,3se2_3AB_D_3,0,surfdock,0.53927652,0.78604025,2.4712412,0.36730397,0.99562959,2.5658703
2175,45,6195,885,3se2_3AB_C_4,0,surfdock,0.53927652,0.78542378,2.4729731,0.37619889,0.9965687,2.4909066
2176,45,4780,682,2prl_ORO_A_399,6,smina,0.55283303,0.78538095,2.7504261,0.72389996,0,0.78577325
2177,45,13923,1989,5vyr_GMP_B_303,0,surfdock,0.53927652,0.78478601,2.3947875,0.46540695,0.99858409,2.2419566
2178,45,17206,2458,6to7_SUV_A_401,0,surfdock,0.75354524,0.78366527,5.2086263,0.1770854,0,4.7170606
2179,45,17213,2459,6to7_SUV_B_401,0,surfdock,0.75318454,0.78361421,5.2086263,0.1770854,0,4.8451533
2180,45,16814,2402,6r5o_BGC_B_802,0,surfdock,0.53927652,0.78354267,2.4802196,0.40153983,0.066333765,2.498755
2181,45,16800,2400,6r5o_BGC_A_802,0,surfdock,0.53927652,0.78293648,2.4902532,0.40205732,0.0020964094,2.3298483
2182,45,1414,202,1ki2_GA2_B_2,0,surfdock,0.53927652,0.78273032,2.6343148,0.26159012,0.98928761,3.4817345
2183,45,935,133,1h70_CIR_A_500,4,gnina,0.44193766,0.78188841,2.0293052,0,0.98628454,2.6072609
2184,45,7683,1097,4cno_9PY_B_301,4,gnina,0.44193766,0.78188841,2.0293052,0,0.99307578,2.5264147
2185,45,7690,1098,4cno_9PY_C_301,4,gnina,0.44193766,0.78188841,2.0293052,0,0.42788562,2.5902082
2186,45,9454,1350,4nir_6DH_A_308,4,gnina,0.44193766,0.78188841,2.0293052,0,0.0076040251,2.8569076
2187,45,10336,1476,4xp3_DX4_A_401,4,gnina,0.44193766,0.78188841,2.0293052,0,0.018795449,2.8715273
2188,46,7685,1097,4cno_9PY_B_301,6,smina,0.56448292,0.87556039,2.0266981,0,0.99297493,0.97987397
2189,46,10661,1523,4zqp_IMP_A_601,0,surfdock,0.53560949,0.80878205,2.287122,0.1849332,0.99112463,3.9814826
2190,46,7581,1083,4cle_JR2_B_1270,0,surfdock,0.6334194,0.80198961,2.6337695,0.57780367,0.99593436,2.6173222
2191,46,9149,1307,4lxi_22J_A_301,0,surfdock,0.53560949,0.8001123,2.2687042,0.34224838,0.90201603,3.632006
2192,46,12285,1755,5hxi_5HN_A_403,0,surfdock,0.53560949,0.79919214,2.2749207,0.35103965,0.99486855,2.2887044
2193,46,2232,318,1q3a_NGH_A_480,6,smina,0.47571899,0.79877033,2.0266981,0,0,5.1900427
2194,46,7609,1087,4clr_FDB_C_1270,0,surfdock,0.53560949,0.79772209,2.3709536,0.27909049,0.15304424,2.3316405
2195,46,2939,419,1wq4_TYR_A_501,6,smina,0.51538755,0.79664761,2.0469358,0.028620182,2.2285523e-06,1.4709873
2196,46,7616,1088,4clr_FDB_D_1270,0,surfdock,0.53560949,0.79478028,2.3986456,0.2999967,0.99889934,2.2792768
2197,46,7567,1081,4cle_JR2_A_1270,0,surfdock,0.6334194,0.79208635,2.7486267,0.6419512,0.99282038,2.6102216
2198,46,12737,1819,5joy_6LW_B_602,4,gnina,0.44156759,0.79185346,2.0266981,0,5.2882408e-06,2.4303169
2199,46,5649,807,2xya_7L4_A_1181,0,surfdock,0.53560949,0.79082525,2.3691971,0.39563721,0.99324319,3.3466791
2200,46,3675,525,2c5b_5F1_A_500,0,surfdock,0.53560949,0.79045506,2.344435,0.42664611,0,3.3363655
2201,46,12912,1844,5la1_XYP_A_602,4,gnina,0.44045186,0.79012425,2.0266981,0,0.16214341,1.4610784
2202,46,13048,1864,5mot_HBD_A_402,0,surfdock,0.53560949,0.78924179,2.3435376,0.44807887,0.94229475,2.187132
2203,46,6983,997,3zog_A2Q_A_200,4,gnina,0.43959879,0.78833099,2.0266981,0,0.0070547844,1.4708113
2204,46,12926,1846,5la2_ARB_B_606,4,gnina,0.43959879,0.78833099,2.0266981,0,0.19952281,2.5818007
2205,46,6167,881,3rsc_TYD_A_397,0,surfdock,0.53560949,0.78469865,2.5057061,0.36364961,0,4.1532546
2206,46,6174,882,3rsc_TYD_B_397,0,surfdock,0.53560949,0.78469865,2.5057061,0.36364961,0.94311174,4.0887035
2207,46,14875,2125,6c1x_DNX_A_203,0,surfdock,0.53560949,0.78366444,2.5118897,0.37535077,0,2.8562423
2208,46,5397,771,2w0b_CMW_A_1450,0,surfdock,0.53560949,0.7836187,2.8270915,0.060942262,5.77721e-06,5.762002
2209,46,1372,196,1kbq_936_B_704,0,surfdock,0.7460215,0.78142874,4.0962653,1.2978572,0.99325856,3.9343684
2210,46,11683,1669,5f35_FLC_A_302,0,surfdock,0.53560949,0.78029526,2.6777513,0.26825073,0.97670893,2.9875088
2211,46,1379,197,1kbq_936_C_701,0,surfdock,0.729927,0.7797116,4.1124415,1.3031261,0.99192282,3.9413596
2212,46,1308,186,1jw0_GUA_B_999,6,smina,0.5392888,0.77966495,2.6634796,0.90054494,2.5623888e-06,1.2318533
2213,46,3056,436,1y2x_NAG_A_144,4,gnina,0.43929576,0.77645062,2.0266981,0,0.99068784,2.2440601
2214,46,3063,437,1y2x_NAG_B_1144,4,gnina,0.43929576,0.77645062,2.0266981,0,0.99351531,2.803295
2215,46,3959,565,2exs_TRP_B_2100,4,gnina,0.43929576,0.77645062,2.0266981,0,0,3.0875896
2216,46,6444,920,3v1m_HPK_A_288,4,gnina,0.43929576,0.77645062,2.0266981,0,0.88227148,2.6045265
2217,46,9888,1412,4s38_CDI_A_900,4,gnina,0.43929576,0.77645062,2.0266981,0,0.0050901669,1.6684072
2218,46,9044,1292,4l80_OXL_A_402,0,surfdock,0.53560949,0.77292139,2.4618719,0.61542863,0.99550802,2.2808445
2219,46,9051,1293,4l80_OXL_B_402,0,surfdock,0.53560949,0.77292139,2.4618719,0.61542863,0.98072824,2.1793839
2220,46,9058,1294,4l80_OXL_C_402,0,surfdock,0.53560949,0.77292139,2.4618719,0.61542863,0.99606764,2.1267748
2221,46,9065,1295,4l80_OXL_D_402,0,surfdock,0.53560949,0.77292139,2.4618719,0.61542863,0.99482162,2.2723322
2222,46,9919,1417,4tqi_6BD_B_201,0,surfdock,0.53560949,0.77232247,2.6788895,0.40924063,0.95377808,3.0380911
2223,46,15939,2277,6l86_LMR_A_302,0,surfdock,0.53560949,0.7712035,2.9883382,0.1200933,0,2.4749227
2224,46,545,77,1fwn_PEP_A_1268,6,smina,0.52821137,0.7702947,2.2196906,0.27293253,0.0030251786,1.3241013
2225,46,15127,2161,6f48_XQB_A_302,0,surfdock,0.53560949,0.76982863,2.9417779,0.19171856,0,3.2423775
2226,46,924,132,1h69_ARH_C_1275,0,surfdock,0.6334194,0.7697968,3.1824815,0.63656271,0,3.4816126
2227,46,14371,2053,5yb7_ORN_C_603,0,surfdock,0.53560949,0.76899383,2.7324541,0.41632751,0,2.4462348
2228,46,9912,1416,4tqi_6BD_A_201,0,surfdock,0.53560949,0.76880381,2.7144673,0.43780071,0.92487826,3.0719504
2229,46,3847,549,2e40_LGC_B_2001,4,gnina,0.43929576,0.76743447,2.0926564,0.074180767,0.037437316,2.270075
2230,46,12919,1845,5la2_ARB_A_606,4,gnina,0.43921626,0.76719611,2.0266981,0,0.1732959,2.2961827
2231,46,15967,2281,6l86_LMR_D_302,0,surfdock,0.53560949,0.76718472,3.0477781,0.13429826,0.95079546,2.5796829
2232,46,2128,304,1pl6_572_B_407,0,surfdock,0.53560949,0.76712315,2.5274374,0.6557768,0.62174352,3.0897433
2233,46,10094,1442,4uy7_HIS_B_800,0,surfdock,0.6334194,0.76620027,3.604286,0.28741953,0,2.4339585
2234,46,2121,303,1pl6_572_A_405,0,surfdock,0.53560949,0.76604187,2.541256,0.66197592,0.66601137,3.1068296
2235,46,17532,2504,6xu3_GAB_B_402,4,gnina,0.44233985,0.76522812,2.2270219,0.28330043,0.011252634,4.681571
2236,46,15953,2279,6l86_LMR_B_303,0,surfdock,0.53560949,0.76500073,3.0738373,0.14874855,0.0041605763,2.6257015
2237,46,10087,1441,4uy7_HIS_A_800,0,surfdock,0.6334194,0.76470994,3.6262963,0.29581919,0,2.5256453
2238,47,937,133,1h70_CIR_A_500,6,smina,0.54186912,0.87509638,2.0086317,0,0.99223198,2.5758958
2239,47,17059,2437,6sxr_KHP_A_507,0,surfdock,0.53731877,0.83930866,2.0086317,0,0.98652342,2.9077376
2240,47,7196,1028,4ajj_MLI_A_1333,0,surfdock,0.53731877,0.83835643,2.0142107,0.0078900028,0.99369265,2.2051053
2241,47,7203,1029,4ajj_MLI_D_1333,0,surfdock,0.53731877,0.83376169,2.0414004,0.046341978,0,2.0752333
2242,47,974,139,1hdi_3PG_A_419,1,unimol,0.82082912,0.82250497,4.2055869,0.53444535,0.95282995,14.87
2243,47,6846,978,3wug_XYP_B_2,0,surfdock,0.53731877,0.82149023,2.1162674,0.15221992,0,2.0131156
2244,47,8407,1201,4hon_AKG_A_401,0,surfdock,0.63545509,0.81038382,2.598489,0.44618341,0.99662671,2.7235457
2245,47,8414,1202,4hon_AKG_B_401,0,surfdock,0.63545509,0.81020543,2.6176703,0.43006763,0.99329821,2.7992165
2246,47,10185,1455,4wqq_MAN_A_204,0,surfdock,0.53731877,0.80950803,2.1926792,0.26028255,0.91004476,2.3819903
2247,47,10206,1458,4wqq_MAN_D_204,0,surfdock,0.53731877,0.80950803,2.1926792,0.26028255,0.81890647,2.395596
2248,47,10199,1457,4wqq_MAN_C_204,0,surfdock,0.53731877,0.80902396,2.1958377,0.26474932,0,2.3453219
2249,47,10192,1456,4wqq_MAN_B_204,0,surfdock,0.53731877,0.80870104,2.1979482,0.26773375,0.017094036,2.2455519
2250,47,11326,1618,5dky_NOJ_A_1000,0,surfdock,0.53731877,0.807445,2.2068169,0.27873886,0,2.6569822
2251,47,9569,1367,4oxy_1TN_B_302,0,surfdock,0.53731877,0.80208534,2.3631594,0.20825036,0.98677158,3.9585772
2252,47,6446,920,3v1m_HPK_A_288,6,smina,0.49546073,0.80140067,2.0086317,0,0.41910781,2.237549
2253,47,889,127,1h5r_G1P_C_1294,0,surfdock,0.53731877,0.80072734,2.3166463,0.27679029,0,3.1865425
2254,47,10872,1553,5a8k_COM_A_556,1,unimol,0.7124214,0.79875751,4.3181205,0.49782664,0,25.36
2255,47,10879,1554,5a8k_COM_D_555,1,unimol,0.7124214,0.79875751,4.3181205,0.49782664,0,27.31
2256,47,2793,399,1v5y_4HC_A_1455,0,surfdock,0.53731877,0.79846194,2.3896117,0.24082211,0.99504592,2.2505401
2257,47,882,126,1h5r_G1P_A_1294,0,surfdock,0.53731877,0.79807827,2.3382056,0.29852432,0.84403737,3.161929
2258,47,17066,2438,6sxr_KHP_A_513,0,surfdock,0.53731877,0.79763081,2.3542089,0.28987768,0,3.2260952
2259,47,16345,2335,6ny7_L8J_A_303,0,surfdock,0.53731877,0.79663823,2.3725827,0.28786361,0.012106808,2.9559962
2260,47,13034,1862,5mdh_MAK_A_335,0,surfdock,0.53731877,0.79564309,2.3830204,0.29388961,0,2.4248993
2261,47,4508,644,2nos_AGU_A_903,0,surfdock,0.53731877,0.79554581,2.2861099,0.39241335,0.15479364,2.0964395
2262,47,896,128,1h5r_G1P_D_1294,0,surfdock,0.53731877,0.79341839,2.3765595,0.33738121,0,3.1967115
2263,47,16583,2369,6pvi_OZ7_A_501,0,surfdock,0.53731877,0.79293988,2.3040969,0.4178507,0,5.2398418
2264,47,2926,418,1wmz_NGA_C_503,0,surfdock,0.53731877,0.79250494,2.307116,0.42212057,0,2.7714369
2265,47,2800,400,1v5y_4HC_B_1201,0,surfdock,0.53731877,0.79147524,2.4599054,0.28663662,0.0021852445,2.2899606
2266,47,15631,2233,6i6r_H62_A_704,0,surfdock,0.53731877,0.79041929,2.4378557,0.32650256,0.92511346,2.6941482
2267,47,16797,2399,6r5o_BGC_A_801,4,gnina,0.42211275,0.7869121,2.0086317,0,0.98725877,3.4118593
2268,47,16807,2401,6r5o_BGC_B_801,0,surfdock,0.53731877,0.7868338,2.3469443,0.4784463,0.99279429,2.6187711
2269,47,14329,2047,5yaq_ISE_B_402,0,surfdock,0.53731877,0.78680162,2.3471735,0.47877011,0.97140153,2.4756665
2270,47,14336,2048,5yaq_ISE_D_402,0,surfdock,0.53731877,0.78680162,2.3471735,0.47877011,0,2.5800925
2271,47,7637,1091,4cme_KTZ_C_1270,0,surfdock,0.63545509,0.78671386,3.2946451,0.1752542,0.99550674,3.5899261
2272,47,15946,2278,6l86_LMR_B_302,0,surfdock,0.53731877,0.78565927,2.673439,0.17212707,0,2.5174817
2273,47,2475,353,1t87_CAM_B_2422,4,gnina,0.42347805,0.78437386,2.0882339,0.062007092,0.032618709,2.6297474
2274,47,17273,2467,6tt4_BMA_C_3,4,gnina,0.42211275,0.78348968,2.030123,0.030393159,3.533859e-08,3.0361031
2275,47,15960,2280,6l86_LMR_C_302,0,surfdock,0.53731877,0.78272461,2.6963682,0.20000318,0.0034258343,2.4930934
2276,47,3065,437,1y2x_NAG_B_1144,6,smina,0.54509541,0.78242013,3.0790746,0.41977346,0.99305975,1.2423095
2277,47,14291,2041,5y7a_KYN_A_502,4,gnina,0.42148924,0.78238242,2.0086317,0,0.74610367,2.5530614
2278,47,3058,436,1y2x_NAG_A_144,6,smina,0.54383382,0.78230009,3.1185524,0.3814829,0.99018027,1.2877173
2279,47,10182,1454,4wmz_TPF_A_602,4,gnina,0.42450363,0.78211533,2.1126115,0.14704946,1.1269131e-05,3.5990536
2280,47,13902,1986,5vyr_B62_A_301,0,surfdock,0.53731877,0.77763606,2.6356061,0.35022944,0.98878633,2.4885434
2281,47,10602,1514,4zdz_TPF_A_602,4,gnina,0.42453499,0.77609447,2.1532991,0.20459057,2.6890642e-05,3.4420669
2282,47,15085,2155,6f2b_AKG_A_402,0,surfdock,0.53731877,0.77530976,2.7150424,0.31227988,0,2.7284423
2283,47,15099,2157,6f2b_AKG_C_402,0,surfdock,0.53731877,0.77530976,2.7150424,0.31227988,0.71480457,2.6836751
2284,47,5481,783,2wj4_HQD_A_1281,0,surfdock,0.53731877,0.77451222,2.8952277,0.14640301,0,2.157455
2285,47,9706,1386,4q40_VAL_C_404,4,gnina,0.42211275,0.77133841,2.1087501,0.14158891,4.1151926e-07,3.399594
2286,47,5128,732,2r4j_13P_A_1968,4,gnina,0.41727841,0.77027114,2.0086317,0,0.00018027954,2.69632
2287,47,10875,1553,5a8k_COM_A_556,4,gnina,0.41727841,0.77027114,2.0086317,0,0,16.092833
2288,48,11256,1608,5dav_58J_A_402,0,surfdock,0.53507861,0.85881462,2.1137526,0.11686379,0,3.6022738
2289,48,14294,2042,5y7r_58K_B_403,0,surfdock,0.53425023,0.8367536,2.0299485,0.027649231,0,3.511197
2290,48,6986,998,3zp7_PRE_A_1118,0,surfdock,0.54076922,0.82581818,2.4334633,0.3058714,0,3.2090018
2291,48,5467,781,2wdq_TEO_E_1589,0,surfdock,0.53425023,0.82171024,2.1213524,0.15691417,0,2.4780091
2292,48,8176,1168,4fh7_TBP_A_202,0,surfdock,0.53425023,0.81410057,2.2326915,0.16188645,0.02861531,2.2015926
2293,48,9618,1374,4pb4_PLP_A_401,0,surfdock,0.53425023,0.80683336,2.216819,0.29192415,0,4.2101326
2294,48,9625,1375,4pb4_PLP_B_401,0,surfdock,0.53425023,0.80683336,2.216819,0.29192415,0,4.3373632
2295,48,14293,2041,5y7a_KYN_A_502,6,smina,0.46922249,0.80308109,2.0103974,0,0.33603053,2.1376245
2296,48,8862,1266,4jp3_CIT_A_301,0,surfdock,0.53425023,0.80049985,2.37567,0.23511647,0,2.9394392
2297,48,3080,440,1y42_TYR_X_701,0,surfdock,0.53425023,0.79803957,2.2757776,0.3753041,0.85924668,2.8970069
2298,48,7014,1002,3zwt_KFZ_A_1401,0,surfdock,0.63181423,0.79300324,2.6857464,0.66410786,0.98430495,3.8483007
2299,48,13160,1880,5nuk_Z80_A_201,0,surfdock,0.53425023,0.79255867,2.3135211,0.42868188,0.97926673,3.657142
2300,48,357,51,1e2s_CSN_P_701,0,surfdock,0.53425023,0.78964726,2.3338912,0.4574891,0.89353797,2.9647421
2301,48,9086,1298,4l8q_XMM_A_303,0,surfdock,0.63789003,0.78849268,2.7147043,0.74927545,0.12899927,3.3127342
2302,48,10945,1563,5afy_WCE_H_1248,4,gnina,0.40356963,0.7875088,2.0667977,0.079762071,0.00072854404,2.0662803
2303,48,10045,1435,4umd_CIT_A_1174,0,surfdock,0.53425023,0.78432246,2.605016,0.27772734,0.75898469,2.7259299
2304,48,9947,1421,4u7g_K17_B_303,0,surfdock,0.53425023,0.78428824,2.4041183,0.47921824,0,2.4507126
2305,48,15974,2282,6l86_MLT_A_303,0,surfdock,0.53331167,0.78291047,2.1659057,0.18478031,0,2.4925379
2306,48,11123,1589,5cak_4Z9_A_802,0,surfdock,0.53425023,0.78285198,2.6750319,0.23326944,0.97813324,3.788045
2307,48,10059,1437,4upd_7P9_B_1550,0,surfdock,0.53425023,0.77990298,2.4037344,0.55626243,7.8624181e-05,4.0740095
2308,48,10052,1436,4uoc_NCN_B_400,0,surfdock,0.53425023,0.77925256,2.7696352,0.20184258,0,3.7150079
2309,48,8953,1279,4kqk_PCR_A_403,0,surfdock,0.53425023,0.77675834,2.5992081,0.41656235,0.99598812,2.1222956
2310,48,8936,1276,4k90_MLA_A_704,4,gnina,0.40125407,0.77633106,2.0103974,0,4.518149e-05,1.6788693
2311,48,3637,519,2bx7_34D_B_1313,4,gnina,0.40105267,0.77581539,2.0103974,0,0.0132491,1.8759905
2312,48,16576,2368,6ps7_ZMA_A_1201,0,surfdock,0.53425023,0.77531094,2.5759435,0.46572745,0,3.7921448
2313,48,8960,1280,4kqk_PCR_B_703,0,surfdock,0.53425023,0.77488605,2.6172202,0.43208173,0.99704905,2.2732172
2314,48,1572,224,1lqp_FCN_B_4003,4,gnina,0.40140507,0.77405892,2.0365231,0.036947388,0.001582878,1.9172396
2315,48,15652,2236,6ix8_B3O_B_408,0,surfdock,0.53425023,0.77111736,2.5589559,0.5585804,0.99101666,3.9511883
2316,49,16799,2399,6r5o_BGC_A_801,6,smina,0.57921496,0.83530743,2.3361163,0.25486332,0.93359819,0.85866813
2317,49,12985,1855,5m0t_AKG_B_302,0,surfdock,0.53149956,0.82170763,2.1649239,0.11294606,0.99435051,2.8556848
2318,49,13503,1929,5tdt_MBN_D_502,0,surfdock,0.53149956,0.81129229,2.3556995,0.082308389,0.97062039,2.2278538
2319,49,13482,1926,5tdt_MBN_A_502,0,surfdock,0.53149956,0.81119436,2.3701067,0.069435284,0,2.2099794
2320,49,13489,1927,5tdt_MBN_A_503,0,surfdock,0.53149956,0.81099168,2.3618031,0.080918618,0.08580802,2.1556942
2321,49,13496,1928,5tdt_MBN_D_501,0,surfdock,0.53149956,0.81072849,2.3016331,0.14522038,0.088836549,2.1487033
2322,49,9667,1381,4q3a_2YC_A_904,0,surfdock,0.53149956,0.80441613,2.2301767,0.3169792,0.86737563,3.3779044
2323,49,9674,1382,4q3a_2YC_B_904,0,surfdock,0.53149956,0.80441613,2.2301767,0.3169792,0,3.3306655
2324,49,8322,1188,4h9g_14J_A_512,6,smina,0.47059524,0.80427483,2.0052004,0,0.0097244858,0.67101272
2325,49,9975,1425,4uc9_ASP_A_1300,0,surfdock,0.53149956,0.80409683,2.2318137,0.3204796,0,2.8285685
2326,49,9681,1383,4q3a_2YC_C_904,0,surfdock,0.53149956,0.80382628,2.2336185,0.32303211,0.92837893,3.5834887
2327,49,3416,488,2a9z_26A_A_1001,0,surfdock,0.53149956,0.80119313,2.2512789,0.34800753,0.99335643,3.6925324
2328,49,7700,1100,4crg_J4X_A_1493,0,surfdock,0.53149956,0.7986851,2.4286098,0.21168062,0,3.9060725
2329,49,3423,489,2a9z_26A_A_1002,0,surfdock,0.53149956,0.79753282,2.2761199,0.383138,0.9726906,5.0583303
2330,49,11893,1699,5fuv_THM_B_1385,0,surfdock,0.53149956,0.7968207,2.3945539,0.27646819,0.97727579,2.2315414
2331,49,17035,2433,6sj8_44V_B_901,4,gnina,0.38972661,0.79477556,2.0116272,0.0090889959,0.55474017,2.1481879
2332,49,15015,2145,6e2w_DP6_A_403,0,surfdock,0.53149956,0.7925548,2.3990257,0.34313029,0.98644199,3.5862724
2333,49,12859,1837,5kxb_NGA_C_305,0,surfdock,0.70965254,0.78955152,4.2437735,0.86431551,0,2.7464247
2334,49,7777,1111,4d0z_BBK_A_1581,0,surfdock,0.53149956,0.78926467,2.6614001,0.13640927,0.93187622,2.7812797
2335,49,7784,1112,4d0z_BBK_B_1580,0,surfdock,0.53149956,0.78909655,2.6644621,0.13621072,0.95713481,2.6668645
2336,49,2688,384,1u2o_NEC_A_1001,0,surfdock,0.53149956,0.78847991,2.374691,0.43649638,0.98248375,3.6465631
2337,49,15449,2207,6gqk_F88_A_1001,0,surfdock,0.53149956,0.78815639,2.6868536,0.12986019,0.9841873,5.0144745
2338,49,2695,385,1u2o_NEC_B_1002,0,surfdock,0.53149956,0.78813005,2.3841507,0.43301305,0,3.6166458
2339,49,9779,1397,4r08_URI_D_901,0,surfdock,0.53149956,0.78786555,2.4420116,0.37967515,0,3.2569463
2340,49,140,20,1aua_BOG_A_2,0,surfdock,0.53149956,0.78674109,2.4273574,0.4136129,0.15718129,3.2993286
2341,49,10549,1507,4zb2_GLC_A_403,0,surfdock,0.53149956,0.78366696,2.53862,0.35549173,0,2.5985373
2342,49,10556,1508,4zb5_GLC_A_403,0,surfdock,0.53149956,0.78366696,2.53862,0.35549173,0.98060384,2.631438
2343,49,16702,2386,6qni_GLC_A_402,0,surfdock,0.53149956,0.78366696,2.53862,0.35549173,0,2.8081526
2344,49,10990,1570,5awd_IDQ_A_901,0,surfdock,0.53149956,0.78244857,2.4633195,0.45202741,5.1274426e-06,3.8297529
2345,49,4319,617,2i1v_F6P_B_720,0,surfdock,0.53149956,0.78235132,2.4617636,0.45528349,0,3.1286495
2346,49,13930,1990,5vys_1YJ_A_301,0,surfdock,0.53048526,0.78204405,2.1780934,0.18432321,0.99314773,2.64742
2347,49,368,52,1e48_13P_P_302,4,gnina,0.39089168,0.78048761,2.1742773,0.12602857,0.83234214,1.6788285
2348,49,5418,774,2w7k_PLP_A_501,0,surfdock,0.53149956,0.77877542,2.5761766,0.40379411,0.79909884,3.6759911
2349,49,13573,1939,5u5g_7VD_A_302,0,surfdock,0.53149956,0.77716639,2.5911291,0.41743946,0.88365286,2.4553713
2350,49,13580,1940,5u5g_7VD_B_302,0,surfdock,0.53149956,0.77716639,2.5911291,0.41743946,0.86719422,2.3754154
2351,49,13587,1941,5u5g_7VD_C_302,0,surfdock,0.53149956,0.77716639,2.5911291,0.41743946,0,2.2803161
2352,49,13594,1942,5u5g_7VD_D_302,0,surfdock,0.53149956,0.77716639,2.5911291,0.41743946,0.99126469,2.3721521
2353,49,3318,474,1zpd_CIT_A_610,0,surfdock,0.53149956,0.77499277,2.7236204,0.32386315,0,2.7317557
2354,49,3325,475,1zpd_CIT_B_610,0,surfdock,0.53149956,0.77499277,2.7236204,0.32386315,0,2.6532782
2355,49,3332,476,1zpd_CIT_E_610,0,surfdock,0.53149956,0.77499277,2.7236204,0.32386315,0.98209188,2.837468
2356,49,3339,477,1zpd_CIT_F_610,0,surfdock,0.53149956,0.77499277,2.7236204,0.32386315,0.89851557,2.7713554
2357,49,9989,1427,4uc9_ASP_C_1300,0,surfdock,0.53149956,0.77473454,2.5593131,0.4928152,0.70422773,3.043848
2358,49,2639,377,1tvw_CB3_A_318,0,surfdock,0.53149956,0.77432839,2.7874098,0.27203429,0.18547571,4.6013381
2359,49,2401,343,1sff_IK2_B_450,0,surfdock,0.53149956,0.77336131,2.5402024,0.53670609,0,4.1537638
2360,49,2408,344,1sff_IK2_C_450,0,surfdock,0.53149956,0.77336131,2.5402024,0.53670609,0.98606622,4.0639715
2361,49,6699,957,3wat_BMA_A_404,0,surfdock,0.53149956,0.77332228,2.4518471,0.62576723,0.99386302,2.6916418
2362,49,6706,958,3wat_BMA_B_404,0,surfdock,0.53149956,0.77332228,2.4518471,0.62576723,0.99042,2.7335768
2363,49,6685,955,3wat_BGC_A_403,0,surfdock,0.53149956,0.77292379,2.4597313,0.62509882,0.010465657,2.5502108
2364,49,6692,956,3wat_BGC_B_403,0,surfdock,0.53149956,0.77292379,2.4597313,0.62509882,0.012086556,2.5786586
2365,49,12852,1836,5kxb_NGA_B_305,0,surfdock,0.69415254,0.77244536,4.2437735,0.86431551,0,2.8394448
2366,50,7420,1060,4c2p_X8Z_A_709,0,surfdock,0.53057983,0.83673564,2.0311587,0.039132055,0.98923888,2.8254865
2367,50,15925,2275,6l59_CIT_B_403,0,surfdock,0.53057983,0.83024576,2.0957835,0.068494342,0,2.8874198
2368,50,126,18,1aog_MAE_A_500,0,surfdock,0.53057983,0.82773085,2.085422,0.11587203,0,2.3488039
2369,50,5166,738,2ri1_GLP_A_234,0,surfdock,0.53830578,0.82722309,2.295202,0.41254586,0,2.7824769
2370,50,13342,1906,5r9o_54F_A_401,0,surfdock,0.53057983,0.82692066,2.0903914,0.12289976,0.99296671,2.8990852
2371,50,12075,1725,5gri_CIT_B_401,0,surfdock,0.53057983,0.82620557,2.1134446,0.11046541,0.71560247,2.082705
2372,50,5355,765,2vp5_DCZ_A_1210,0,surfdock,0.53057983,0.81905408,2.1394112,0.19222425,0.99219234,3.2652953
2373,50,17087,2441,6szl_M3E_B_604,0,surfdock,0.53057983,0.81794759,2.14642,0.20213617,0.34560644,2.842487
2374,50,10339,1477,4xpq_FUL_A_1003,0,surfdock,0.53057983,0.81660981,2.2131271,0.15597785,0.017863074,2.3307931
2375,50,17101,2443,6t02_M5E_A_601,0,surfdock,0.53057983,0.81289691,2.1787758,0.24789415,0,2.7883577
2376,50,5362,766,2vp5_DCZ_B_1210,0,surfdock,0.53057983,0.80971333,2.1994824,0.2771779,0.98266904,3.2209315
2377,50,5565,795,2xh0_PEP_B_1440,0,surfdock,0.53057983,0.80789011,2.2964702,0.2090857,0.99111711,2.5890709
2378,50,7000,1000,3zwe_FUC_B_110,0,surfdock,0.53057983,0.80746969,2.2610953,0.25115231,0.94357148,2.2897966
2379,50,7007,1001,3zwe_FUC_C_110,0,surfdock,0.53057983,0.80746969,2.2610953,0.25115231,0.99039133,2.1546953
2380,50,7042,1006,3zzv_FUC_B_401,0,surfdock,0.53057983,0.80746969,2.2610953,0.25115231,0,2.2377172
2381,50,16065,2295,6m5m_NAG_A_202,0,surfdock,0.53057983,0.80532839,2.3213723,0.22511514,0.00024894146,2.856397
2382,50,16072,2296,6m5m_NAG_B_202,0,surfdock,0.53057983,0.80205667,2.3522868,0.24704929,0,2.8526762
2383,50,370,52,1e48_13P_P_302,6,smina,0.52092527,0.79918042,2.0501752,0.066025674,2.6846964e-05,0.96878192
2384,50,5173,739,2ri1_GLP_B_234,0,surfdock,0.53057983,0.7966171,2.2872906,0.40135735,0.66481448,3.0096965
2385,50,8831,1261,4jb0_ENO_A_402,4,gnina,0.39305505,0.79503018,2.0512531,0.067550048,0.99453131,2.8277918
2386,50,8659,1237,4i9n_1E5_C_402,0,surfdock,0.53057983,0.79370961,2.5063286,0.23081137,0.8633477,3.4497281
2387,50,4410,630,2izf_BTN_B_300,0,surfdock,0.53057983,0.7916823,2.4602757,0.31099337,0.99576395,3.2528317
2388,50,4417,631,2izf_BTN_D_301,0,surfdock,0.53057983,0.7916823,2.4602757,0.31099337,0.99433626,3.3316932
2389,50,4830,690,2pye_7PE_A_504,0,surfdock,0.53057983,0.79069135,2.3284628,0.45958373,0,3.4923835
2390,50,17742,2534,7cwd_GAL_A_902,4,gnina,0.39059502,0.79016585,2.0034881,0,4.5540684e-06,2.1670671
2391,50,8673,1239,4i9n_1E5_H_402,0,surfdock,0.53057983,0.78800119,2.4973104,0.3366015,0.89727759,3.5331233
2392,50,5201,743,2tmk_ATM_B_217,0,surfdock,0.53057983,0.78778291,2.7431087,0.09454675,0.99067127,3.9458169
2393,50,8652,1236,4i9n_1E5_B_402,0,surfdock,0.53057983,0.78658276,2.4960721,0.36221528,0.99031155,3.5943086
2394,50,5194,742,2tmk_ATM_A_217,0,surfdock,0.53057983,0.78649906,2.7705469,0.089182012,0.9804427,3.9454085
2395,50,1274,182,1jl0_PUT_A_401,0,surfdock,0.53057983,0.78552863,2.5088096,0.36767599,0.045505925,2.3731277
2396,50,1281,183,1jl0_PUT_B_401,0,surfdock,0.53057983,0.78552863,2.5088096,0.36767599,0.98213682,2.1727192
2397,50,8666,1238,4i9n_1E5_F_402,0,surfdock,0.53057983,0.78457063,2.494664,0.39842582,0.93713698,3.6447983
2398,50,12033,1719,5g6i_M85_A_904,0,surfdock,0.53057983,0.78309465,2.4210451,0.49774429,0.96293771,3.3779001
2399,50,17675,2525,7a2h_QX2_A_401,0,surfdock,0.53057983,0.78182238,2.5526919,0.38836655,0,2.436884
2400,50,7049,1007,4a01_2PN_A_1773,0,surfdock,0.53057983,0.78177701,2.5100467,0.43180865,0,2.6098961
2401,50,16380,2340,6o2z_LJV_A_500,0,surfdock,0.53057983,0.78113619,2.3968365,0.55627859,0.98556962,4.1146221
2402,50,7056,1008,4a01_2PN_B_1773,0,surfdock,0.53057983,0.78113541,2.5166862,0.43644288,0.99262336,2.6188898
2403,50,14413,2059,5ybp_AKG_A_302,0,surfdock,0.53057983,0.77829431,2.5864213,0.41696513,0.99764391,2.5540868
2404,50,14441,2063,5ybq_AKG_A_302,0,surfdock,0.53057983,0.7774483,2.5947227,0.42373461,0.99649565,2.6230688
2405,50,14448,2064,5ybq_AKG_B_302,0,surfdock,0.53057983,0.77654236,2.6036718,0.43098181,0,2.6138444
2406,50,1271,181,1jhv_PCR_A_990,4,gnina,0.3906552,0.77514125,2.1595671,0.1232188,0.0054470704,1.4717022
2407,50,14487,2069,5ykt_PMP_B_501,4,gnina,0.39003892,0.77364883,2.0038812,0.00055600121,0.12230085,4.0278002
2408,50,11361,1623,5dne_ASN_D_601,0,surfdock,0.52950232,0.77334903,2.3112338,0.21895905,0,2.420873
2409,50,14480,2068,5ykt_PMP_A_501,4,gnina,0.39002862,0.77170548,2.0038812,0.00055600121,0.1512955,5.3467384
2410,50,6097,871,3qwi_CUE_D_272,0,surfdock,0.53057983,0.77023436,2.9161942,0.2328077,3.9190748e-06,3.2344193
2411,50,1817,259,1nme_159_B_9002,4,gnina,0.39036967,0.76959423,2.1179121,0.11155073,8.3719521e-07,2.8079384
2412,50,6125,875,3ro7_TDR_A_300,0,surfdock,0.53057983,0.76915484,2.6246803,0.54417276,0,2.2216026
2413,50,6090,870,3qwi_CUE_B_272,0,surfdock,0.53057983,0.76760749,2.9850113,0.21244237,0.99810223,3.0944767
2414,50,10913,1559,5adi_TUE_A_800,0,surfdock,0.53057983,0.76714306,2.62692,0.57915151,0.99028658,3.311625
2415,50,2352,336,1s1f_PIM_A_431,0,surfdock,0.53057983,0.76603244,2.6643598,0.56238544,0,2.3478582
2416,51,8833,1261,4jb0_ENO_A_402,6,smina,0.57505854,0.87488626,2.0052004,0,0.9950233,1.281559
2417,51,5775,825,2z48_A2G_A_1001,0,surfdock,0.53154804,0.84131678,2.0052004,0,0,2.6642257
2418,51,5782,826,2z48_A2G_A_1005,0,surfdock,0.53154804,0.84131678,2.0052004,0,0.98852892,2.7728808
2419,51,5796,828,2z48_A2G_B_2005,0,surfdock,0.53154804,0.84131678,2.0052004,0,0,2.6952069
2420,51,5803,829,2z48_NGA_A_1002,0,surfdock,0.53154804,0.84131678,2.0052004,0,0,2.6916391
2421,51,5810,830,2z48_NGA_A_1003,0,surfdock,0.53154804,0.84131678,2.0052004,0,0,2.7111553
2422,51,5817,831,2z48_NGA_A_1004,0,surfdock,0.53154804,0.84131678,2.0052004,0,0,2.6848058
2423,51,5824,832,2z48_NGA_B_2002,0,surfdock,0.53154804,0.84131678,2.0052004,0,0.97904807,2.6944507
2424,51,5831,833,2z48_NGA_B_2003,0,surfdock,0.53154804,0.84131678,2.0052004,0,0.98433886,2.7226763
2425,51,5838,834,2z48_NGA_B_2004,0,surfdock,0.53154804,0.84131678,2.0052004,0,0,2.6591698
2426,51,8400,1200,4hmx_WUB_A_302,0,surfdock,0.53154804,0.84131678,2.0052004,0,0.0001287914,2.8960965
2427,51,15715,2245,6jmd_BVO_A_408,0,surfdock,0.53154804,0.84131678,2.0052004,0,0.99417619,4.7117748
2428,51,15729,2247,6jme_BVU_A_409,0,surfdock,0.53154804,0.84131678,2.0052004,0,0.99346171,4.5754759
2429,51,15981,2283,6l8a_BAL_C_504,0,surfdock,0.53154804,0.84131678,2.0052004,0,0.97370188,1.965551
2430,51,15988,2284,6l8a_BAL_D_507,0,surfdock,0.53154804,0.84131678,2.0052004,0,0.99811306,2.0140837
2431,51,15995,2285,6l8a_BAL_E_503,0,surfdock,0.53154804,0.84131678,2.0052004,0,0.07984342,2.0054214
2432,51,532,76,1fuy_FIP_A_269,0,surfdock,0.53154804,0.83465337,2.0502894,0.049679816,0,3.7793622
2433,51,8225,1175,4gcq_0JM_B_401,0,surfdock,0.53154804,0.83015044,2.0715182,0.093787529,0.00023758942,3.5591604
2434,51,5845,835,2z48_NGA_B_2006,0,surfdock,0.53154804,0.82271581,2.1171792,0.15836212,0.13471393,2.7884494
2435,51,2884,412,1w55_C_A_1372,0,surfdock,0.53154804,0.8186327,2.1582911,0.17907146,1.4510704e-05,2.9015676
2436,51,16786,2398,6r4j_GLU_A_704,0,surfdock,0.53154804,0.81513476,2.1807628,0.21030284,0,2.4332153
2437,51,5789,827,2z48_A2G_B_2001,0,surfdock,0.53062353,0.80959964,2.0052004,0,0,2.7870599
2438,51,16660,2380,6qdb_HWQ_A_1002,0,surfdock,0.53154804,0.80914109,2.2281466,0.2565617,0,3.7167432
2439,51,119,17,1anc_BEN_A_384,0,surfdock,0.53210836,0.80441608,2.7521617,0.30616236,0.010602554,1.9715919
2440,51,13279,1897,5oew_GLU_A_301,0,surfdock,0.53154804,0.79505921,2.3839014,0.32921061,0,2.3361478
2441,51,13286,1898,5oew_GLU_B_902,0,surfdock,0.53154804,0.79505921,2.3839014,0.32921061,0,2.7533071
2442,51,1477,211,1kwu_MMA_B_601,0,surfdock,0.53154804,0.79502715,2.2986481,0.41499764,0.017913055,2.5269657
2443,51,1484,212,1kwu_MMA_C_701,0,surfdock,0.53154804,0.79502715,2.2986481,0.41499764,0.01853816,2.5110785
2444,51,10576,1510,4zbc_FRU_A_410,6,smina,0.38185492,0.79481347,2.0052004,0,4.3647509e-06,0.9911856
2445,51,12739,1819,5joy_6LW_B_602,6,smina,0.38120803,0.7944235,2.0052004,0,5.1831319e-06,0.95954686
2446,51,10548,1506,4zb2_FRU_A_404,6,smina,0.3811278,0.79435851,2.0052004,0,3.7184125e-08,0.86850281
2447,51,2646,378,1tvw_UMP_A_317,0,surfdock,0.53154804,0.79419404,2.3044045,0.42313841,0.99132926,3.471981
2448,51,8126,1160,4ekr_0R0_A_203,6,smina,0.38134813,0.7939597,2.0084631,0.0046144617,0.0088247875,0.59584109
2449,51,5334,762,2vlf_PLI_B_1459,0,surfdock,0.53154804,0.79364746,2.4960833,0.24060136,0,4.03213
2450,51,15120,2160,6f3s_PLP_A_901,0,surfdock,0.53154804,0.79294711,2.3130531,0.43536964,0,3.1908382
2451,51,16646,2378,6qa7_PLP_A_902,0,surfdock,0.53154804,0.79177097,2.3212492,0.44696048,0.99308094,3.2638336
2452,51,15428,2204,6gl4_GLU_B_301,0,surfdock,0.53154804,0.78970146,2.4268093,0.3764295,0,2.6146568
2453,51,410,58,1ei6_PPF_D_412,4,gnina,0.38083772,0.78932437,2.0233049,0.016463023,0.97372118,5.1349608
2454,51,2303,329,1rf2_BV4_E_105,0,surfdock,0.53154804,0.78913784,2.4260776,0.38674897,0,3.4562252
2455,51,2310,330,1rf2_BV4_H_108,0,surfdock,0.53154804,0.78913784,2.4260776,0.38674897,0.022685385,3.4339892
2456,51,12460,1780,5ioq_DUR_B_303,0,surfdock,0.53154804,0.78728716,2.5052786,0.33917597,0.94775038,2.9530363
2457,51,12467,1781,5ioq_DUR_C_302,0,surfdock,0.53154804,0.78728716,2.5052786,0.33917597,0.76390532,3.0442516
2458,51,12474,1782,5ioq_DUR_D_302,0,surfdock,0.53154804,0.7871385,2.5295842,0.31742096,0,2.9342029
2459,51,1722,246,1mrj_ADN_A_300,0,surfdock,0.53154804,0.78698007,2.3550136,0.49471059,0.99255623,2.3574394
2460,51,8278,1182,4gnp_PEP_A_703,4,gnina,0.38278195,0.78509194,2.068682,0.089776613,0.83794124,2.0755289
2461,51,4701,671,2okk_ABU_A_585,4,gnina,0.38598417,0.78506952,2.071701,0.094046257,3.3406161e-07,1.9203717
2462,51,17037,2433,6sj8_44V_B_901,6,smina,0.38299686,0.78473699,2.0713665,0.093573086,0,1.0137145
2463,51,16510,2358,6pk1_PLP_B_501,4,gnina,0.38082549,0.78376446,2.0052004,0,0.93881311,3.0387633
2464,51,1253,179,1jho_RMB_A_990,0,surfdock,0.53154804,0.78328262,2.5605319,0.35312784,0.95681204,3.8814352
2465,51,8253,1179,4gim_PSU_B_400,0,surfdock,0.53154804,0.78327341,2.4772351,0.43658543,0.97830455,3.7372134
2466,52,412,58,1ei6_PPF_D_412,6,smina,0.59028456,0.87480438,1.9911994,0,0.99170829,0.71986785
2467,52,8280,1182,4gnp_PEP_A_703,6,smina,0.52686375,0.85908994,2.0674286,0.10780428,3.2525816e-07,1.0862744
2468,52,17122,2446,6t0a_M58_B_601,0,surfdock,0.52653965,0.84152512,1.9947482,0.0050189029,0.88004269,2.4306977
2469,52,17115,2445,6t0a_M58_A_601,0,surfdock,0.52653965,0.84145345,1.9951648,0.0056077219,0.0026412827,2.5095316
2470,52,9807,1401,4rcv_DE2_A_403,0,surfdock,0.52653965,0.81921598,2.1297958,0.19600505,0,2.679409
2471,52,2898,414,1w55_GPP_A_1374,0,surfdock,0.52653965,0.81612828,2.185755,0.18728907,0,2.8638979
2472,52,8764,1252,4ixw_IXW_B_302,0,surfdock,0.52653965,0.81584429,2.2290213,0.14839567,0.00090207446,2.5020497
2473,52,4165,595,2g21_L1B_A_885,0,surfdock,0.52653965,0.81406517,2.1625643,0.24234667,0.98834116,4.3242127
2474,52,805,115,1h48_C5P_C_901,0,surfdock,0.52653965,0.8053919,2.4198511,0.12171749,0.97232855,3.4743913
2475,52,812,116,1h48_C5P_D_204,0,surfdock,0.52653965,0.8053919,2.4198511,0.12171749,0.98369946,3.4316925
2476,52,15400,2200,6g5q_EMZ_B_402,0,surfdock,0.52653965,0.80474224,2.2234833,0.32849911,0.96654761,2.8510993
2477,52,16512,2358,6pk1_PLP_B_501,6,smina,0.5736001,0.80385967,2.6251955,0.44972965,0.010367014,2.0009784
2478,52,10262,1466,4x2f_3WJ_A_601,0,surfdock,0.52653965,0.79960914,2.2793481,0.35581407,0.99857514,3.2307962
2479,52,819,117,1h48_C5P_E_901,0,surfdock,0.52653965,0.79879775,2.5080786,0.14037959,0.98758089,3.4027642
2480,52,798,114,1h48_C5P_A_203,0,surfdock,0.52653965,0.79841704,2.5132754,0.1414343,0.99086604,3.5160553
2481,52,826,118,1h48_C5P_F_901,0,surfdock,0.52653965,0.79803606,2.5184813,0.14249483,0.9961927,3.5018595
2482,52,7154,1022,4ajj_88R_B_1333,0,surfdock,0.52653965,0.79776353,2.526876,0.13858792,0.99150414,2.4798312
2483,52,7161,1023,4ajj_88R_C_1335,0,surfdock,0.52653965,0.79776353,2.526876,0.13858792,0.9930883,3.3811996
2484,52,7707,1101,4cvb_PQQ_A_1608,0,surfdock,0.52653965,0.79605307,2.2821982,0.41153449,0,3.8820325
2485,52,14042,2006,5wgw_MB5_A_715,0,surfdock,0.52653965,0.7954912,2.6143897,0.088670969,0.54284463,3.1914601
2486,52,2968,424,1x7j_GEN_B_202,0,surfdock,0.7220227,0.79526327,3.448571,1.4531537,0,3.7543114
2487,52,14679,2097,6ald_2FP_A_700,0,surfdock,0.52653965,0.78955334,2.5450172,0.25782335,0,3.3039596
2488,52,14686,2098,6ald_2FP_B_700,0,surfdock,0.52653965,0.78955334,2.5450172,0.25782335,0,3.4088113
2489,52,434,62,1eyw_TEN_A_403,0,surfdock,0.62286201,0.78946515,2.9472351,0.42456701,0.98636349,2.853019
2490,52,17556,2508,6xzx_O5H_B_302,0,surfdock,0.52653965,0.78919408,2.4698544,0.33909589,0.97270403,4.0864214
2491,52,6307,901,3tky_N7I_B_369,0,surfdock,0.52653965,0.78619548,2.5813234,0.27894664,0.08238235,2.8915246
2492,52,12887,1841,5l9v_OGA_A_502,0,surfdock,0.54438461,0.78495259,2.7195957,0.68803811,0.99676817,2.7697512
2493,52,14662,2094,6a3j_SOE_A_402,4,gnina,0.39462152,0.78320367,2.1345162,0.12758863,0.98129301,4.9807999
2494,53,13881,1983,5vv0_9OM_B_803,0,surfdock,0.52766364,0.82248515,2.1607802,0.12246673,0.7012228,3.373001
2495,53,5992,856,2zvq_1NP_X_502,0,surfdock,0.62415552,0.82075349,2.3450696,0.50241971,0,1.9990842
2496,53,17780,2540,7kjg_BTM_A_406,0,surfdock,0.52766364,0.806796,2.2975779,0.22843935,0.98037926,3.1350962
2497,53,9135,1305,4luu_BTM_A_704,0,surfdock,0.52766364,0.80609591,2.2741654,0.26301566,0.00048386375,3.1276323
2498,53,3003,429,1xin_XYL_A_397,0,surfdock,0.52766364,0.80560307,2.3827364,0.16232148,0.77721827,4.9799165
2499,53,3010,430,1xin_XYL_B_397,0,surfdock,0.52766364,0.80560307,2.3827364,0.16232148,0.98988845,2.6014409
2500,53,3017,431,1xin_XYL_C_397,0,surfdock,0.52766364,0.80560307,2.3827364,0.16232148,0.98328384,2.6117917
2501,53,3024,432,1xin_XYL_D_397,0,surfdock,0.52766364,0.80490056,2.3955476,0.1607648,0.98686733,2.4667065
2502,53,9156,1308,4lz3_BTM_A_409,0,surfdock,0.52766364,0.80290136,2.303803,0.28469563,0.98642741,3.0659308
2503,53,15148,2164,6f6a_CU5_B_301,0,surfdock,0.52766364,0.8024178,2.2410316,0.35528785,0.90033323,3.7317386
2504,53,17514,2502,6xim_XLS_C_397,0,surfdock,0.52766364,0.80093222,2.4196861,0.20074965,0,2.6097931
2505,53,14189,2027,5xin_XLS_C_397,0,surfdock,0.52766364,0.8002611,2.3731749,0.25819942,0.95556714,2.6503125
2506,53,17192,2456,6tgi_N8Z_B_508,0,surfdock,0.52766364,0.79996135,2.2575791,0.37868947,0.99641959,2.8234463
2507,53,14714,2102,6axu_BTM_A_401,0,surfdock,0.52766364,0.79927659,2.4489863,0.19848506,0.98361336,3.1384913
2508,53,4858,694,2q6m_P34_A_1002,0,surfdock,0.52766364,0.79817588,2.3820639,0.28347468,0.95753292,3.337698
2509,53,17507,2501,6xim_XLS_A_397,0,surfdock,0.52766364,0.79768756,2.4758501,0.19772735,0.99491317,2.7460502
2510,53,14182,2026,5xin_XLS_B_397,0,surfdock,0.52766364,0.79753871,2.4245939,0.25143728,0.98670937,2.6506327
2511,53,14196,2028,5xin_XLS_D_397,0,surfdock,0.52766364,0.79683401,2.4386039,0.2490617,0.95246752,2.6615473
2512,53,17185,2455,6tgi_N8Z_A_508,0,surfdock,0.52766364,0.79542969,2.2885106,0.42243308,0.99346529,2.872143
2513,53,4018,574,2fc0_DGP_A_239,0,surfdock,0.52766364,0.79426958,2.4971602,0.23310469,0.0015877382,3.1155697
2514,53,7,1,1a49_OXL_A_533,0,surfdock,0.68612114,0.79298228,3.8115072,0.61423892,0.98958419,2.1645708
2515,53,14664,2094,6a3j_SOE_A_402,6,smina,0.5825106,0.79196859,2.599849,0.68458581,0.98080315,0.98981478
2516,53,17647,2521,6zi7_RAM_D_503,0,surfdock,0.62415552,0.79193369,3.0553315,0.26680133,0.007081322,2.3488694
2517,53,6006,858,2zyv_NPO_X_1601,0,surfdock,0.52766364,0.79159314,2.3255668,0.44959965,0,3.0273176
2518,53,14021,2003,5wgr_PM7_A_712,0,surfdock,0.52766364,0.79127337,2.3680308,0.41253111,0,2.972047
2519,53,669,95,1gkc_NFH_A_1448,4,gnina,0.39751465,0.78880324,1.9898051,0,0.98274896,4.4025068
2520,53,11431,1633,5dz2_212_B_404,0,surfdock,0.52766364,0.78711188,2.3466799,0.50469697,0.99036767,2.9933616
2521,53,14028,2004,5wgv_PM7_A_713,0,surfdock,0.52766364,0.78661572,2.4058349,0.45405981,0,3.1118326
2522,53,697,99,1gxu_2HP_A_1092,4,gnina,0.39749405,0.78605958,1.9898051,0,0.97989811,1.2277663
2523,53,6031,861,3mk1_NPO_A_913,4,gnina,0.39754237,0.78554407,2.0378644,0.067966178,0.00039834249,2.1443972
2524,53,9765,1395,4qya_LU2_A_201,0,surfdock,0.62415552,0.78553701,3.0497539,0.39045826,0.98717476,2.9218322
2525,53,11725,1675,5fay_CHT_A_908,0,surfdock,0.52766364,0.78515811,2.3606119,0.5244,0.98010434,2.4180444
2526,53,11732,1676,5fay_CHT_B_906,0,surfdock,0.52766364,0.78515811,2.3606119,0.5244,0.98960278,2.3812653
2527,53,7732,1104,4cxr_2BG_A_502,4,gnina,0.39755372,0.78425573,2.06251,0.10282016,0.98196121,2.2645665
2528,53,5586,798,2xmi_FLC_A_1379,0,surfdock,0.52801699,0.78412357,3.0878336,0.31098413,0,2.8151755
2529,53,11862,1694,5fp9_4SV_A_1342,4,gnina,0.39755371,0.7839602,2.0639918,0.10491559,0.0061118203,1.927178
2530,53,4606,658,2nz5_226_A_431,0,surfdock,0.52766364,0.78327007,2.4124126,0.50534225,0.029638301,2.48304
2531,53,9772,1396,4qya_LU2_B_201,0,surfdock,0.62415552,0.78303212,3.1181841,0.369057,0,5.7926778
2532,53,6017,859,3mk1_NPO_A_911,4,gnina,0.39754015,0.78224827,2.0559762,0.09358,0.026093389,2.4961129
2533,53,15575,2225,6ho7_GHQ_A_301,0,surfdock,0.55768093,0.78220414,3.01351,0.4436858,0,3.2805673
2534,53,4613,659,2nz5_226_A_432,0,surfdock,0.52766364,0.78098338,2.4401569,0.51757473,0.0022024582,2.4452958
2535,53,14035,2005,5wgw_MB5_A_714,0,surfdock,0.52801699,0.7807807,3.0723279,0.38911238,0,3.9313676
2536,53,3157,451,1zb6_DIN_A_401,0,surfdock,0.52766364,0.78009451,2.7770808,0.19628367,0.99759157,2.5586143
2537,53,4060,580,2fib_GLY_B_2,0,surfdock,0.52766364,0.77955798,2.4777427,0.50508595,0,4.2895743
2538,53,676,96,1gkc_NFH_B_1449,4,gnina,0.39732762,0.77822054,1.9898051,0,0.93715389,4.5594292
2539,53,11417,1631,5dw3_TRP_D_402,0,surfdock,0.52766364,0.77735178,2.7333677,0.28857717,0,3.265084
2540,53,2289,327,1r4f_AD3_B_330,0,surfdock,0.52766364,0.77696262,2.4369621,0.59191597,0,3.5738717
2541,53,7588,1084,4clo_XP0_B_1270,0,surfdock,0.52766364,0.77664082,2.5687573,0.46586311,0,3.1826774
2542,53,7595,1085,4clo_XP0_D_1270,0,surfdock,0.52766364,0.7761743,2.5973797,0.44557807,0.9637722,3.1089305
2543,53,11403,1629,5dw3_TRP_A_402,0,surfdock,0.52766364,0.77559405,2.7616546,0.29169413,0,3.1564468
2544,54,678,96,1gkc_NFH_B_1449,6,smina,0.57555387,0.85969618,2.0727949,0.117805,0,3.9503863
2545,54,671,95,1gkc_NFH_A_1448,6,smina,0.59730192,0.85899797,2.0798769,0.12782043,0,3.8918299
2546,54,11382,1626,5dnx_5LD_B_205,0,surfdock,0.52765147,0.82590355,2.097894,0.14698523,0,2.4182606
2547,54,11368,1624,5dnx_5LD_A_203,0,surfdock,0.52765147,0.81499027,2.1821663,0.2271799,0.93684412,2.8551257
2548,54,9492,1356,4np7_DPJ_A_403,0,surfdock,0.52765147,0.81140845,2.2319906,0.23278661,0,2.4104806
2549,54,917,131,1h5r_THM_B_1293,0,surfdock,0.52765147,0.80481777,2.2696209,0.29909268,0.98383148,3.1136914
2550,54,4823,689,2pwf_BGC_D_9999,0,surfdock,0.52765147,0.80146035,2.5190847,0.10356443,0.95640016,2.7718168
2551,54,910,130,1h5r_THM_B_1292,0,surfdock,0.52765147,0.79953243,2.3064053,0.3475222,0.95763577,2.9801892
2552,54,4025,575,2fcu_AKG_A_897,0,surfdock,0.52769497,0.79747686,2.4672649,0.67566967,0.9939544,2.7548233
2553,54,11375,1625,5dnx_5LD_B_201,0,surfdock,0.52765147,0.79362981,2.3512182,0.39989513,0.98986377,3.0805541
2554,54,903,129,1h5r_THM_A_1292,0,surfdock,0.52765147,0.79304372,2.3578234,0.40305874,0.99569826,3.134831
2555,54,1540,220,1ldo_SNR_B_350,0,surfdock,0.52765147,0.79209339,2.3436131,0.43315411,0.98395114,3.1708224
2556,54,10934,1562,5af9_SJR_H_1250,0,surfdock,0.52765147,0.79169124,2.4343445,0.34916332,2.8190952e-07,3.0890524
2557,54,14973,2139,6dl7_ONC_B_301,0,surfdock,0.52765147,0.78992227,2.6048,0.2084754,0,4.4665608
2558,54,10007,1429,4ud9_FQI_H_1257,4,gnina,0.40849439,0.78906673,2.0345123,0.063665174,0.99684691,2.0277827
2559,54,15001,2143,6dl7_ONC_G_301,0,surfdock,0.52765147,0.78893209,2.6388309,0.19119431,2.3043627e-07,4.5083476
2560,54,1736,248,1msv_PUT_A_355,0,surfdock,0.52765147,0.78798851,2.5170476,0.32899812,0,2.2164919
2561,54,9590,1370,4p7q_NAG_A_704,0,surfdock,0.52769497,0.78790407,2.7166052,0.59741801,0,2.5964143
2562,54,2030,290,1p1w_AMQ_A_428,0,surfdock,0.52765147,0.787808,2.4916983,0.35741913,0.99363753,3.0575603
2563,54,1533,219,1ldo_SNR_A_150,0,surfdock,0.52765147,0.78739294,2.378257,0.47792947,0,3.215273
2564,54,2037,291,1p1w_AMQ_B_427,0,surfdock,0.52765147,0.7865316,2.5038073,0.36708707,0.99633263,2.8826369
2565,54,14994,2142,6dl7_ONC_F_301,0,surfdock,0.52765147,0.78649454,2.6571865,0.21434283,0.93854984,4.5417522
2566,54,14987,2141,6dl7_ONC_D_301,0,surfdock,0.52765147,0.78634766,2.7103202,0.16372244,0,4.389173
2567,54,14980,2140,6dl7_ONC_C_301,0,surfdock,0.52765147,0.78617655,2.7148724,0.16209929,0.98777042,4.4959124
2568,54,16923,2417,6rhc_K48_A_305,4,gnina,0.40849135,0.78517146,2.0614049,0.089065462,0.9896873,2.0734903
2569,54,6920,988,3wxo_NIZ_A_804,4,gnina,0.41166263,0.78502594,2.0883415,0.13979104,2.4608157e-06,1.8848306
2570,54,13041,1863,5mdh_MAK_B_335,0,surfdock,0.52677404,0.78429268,2.1801503,0.26962852,0.48841866,2.3427831
2571,54,17077,2439,6syz_M1E_A_601,4,gnina,0.40852513,0.7830139,2.092196,0.14524215,0.010496457,2.4205808
2572,54,14966,2138,6dl7_ONC_A_301,0,surfdock,0.52765147,0.78294527,2.8079088,0.12474849,0.9216076,4.5531512
2573,54,8579,1225,4i4v_NGA_D_201,4,gnina,0.40837492,0.78217421,2.0194414,0.04235157,0.91589457,2.1455611
2574,54,14091,2013,5x2m_GLN_D_951,0,surfdock,0.62399796,0.7819868,3.2732413,0.21928394,0,2.4284769
2575,54,14084,2012,5x2m_GLN_A_951,0,surfdock,0.62399796,0.78167822,3.2263327,0.2719945,0.93053849,2.7294114
2576,54,3805,543,2d20_NPO_B_953,4,gnina,0.40850671,0.78161559,2.0904486,0.14277132,0.0015166757,2.1015765
2577,54,6300,900,3tky_N7I_A_369,0,surfdock,0.52765147,0.78045588,2.5783222,0.3977063,0,3.4385866
2578,54,6314,902,3tky_N7I_C_369,0,surfdock,0.52765147,0.77810542,2.6102021,0.40716019,0.98277996,2.8447622
2579,54,3598,514,2bk3_FOF_A_1503,0,surfdock,0.52765147,0.77729056,2.4397161,0.59206492,0.91868267,3.5393407
2580,54,6405,915,3uu7_2OH_A_1,0,surfdock,0.52765147,0.77688292,2.8337777,0.2052317,0.99697205,3.3124763
2581,54,6412,916,3uu7_2OH_B_1,0,surfdock,0.52765147,0.77688292,2.8337777,0.2052317,0.99680394,3.3668991
2582,54,8558,1222,4i4v_NGA_A_202,4,gnina,0.40813393,0.77535726,2.0197108,0.042732913,0.8267704,2.6902178
2583,54,16996,2428,6s9g_L1Q_A_306,0,surfdock,0.52765147,0.77472338,2.9504774,0.127023,0.94764216,2.7907181
2584,54,6332,904,3tye_XHP_B_901,4,gnina,0.40846785,0.77404254,2.1525958,0.13827597,0.99656712,2.2280397
2585,54,1050,150,1ij8_BNI_A_501,0,surfdock,0.52765147,0.77291504,2.4536138,0.65636408,0.74154892,3.661177
2586,54,1057,151,1ij8_BNI_B_502,0,surfdock,0.52765147,0.77291504,2.4536138,0.65636408,0.83194396,3.6198572
2587,54,53,7,1aej_NVI_A_296,4,gnina,0.40632229,0.77277494,1.9894942,0,0.04936543,1.3965927
2588,54,10364,1480,4xti_IMP_B_601,4,gnina,0.4081409,0.77226792,2.039777,0.07111045,0.926246,4.20236
2589,54,3129,447,1yw9_A84_A_482,0,surfdock,0.52765147,0.7720748,2.459897,0.66524994,0,4.4864508
2590,54,10357,1479,4xti_IMP_A_601,4,gnina,0.40806864,0.77161923,2.039777,0.07111045,0.93205912,4.5787503
2591,54,16730,2390,6qor_JBK_A_301,0,surfdock,0.52765147,0.77148479,2.7700319,0.36579749,0.99854079,2.5831757
2592,54,16737,2391,6qor_JBK_B_301,0,surfdock,0.52765147,0.77148479,2.7700319,0.36579749,0.99780293,2.7417034
2593,54,699,99,1gxu_2HP_A_1092,6,smina,0.5959494,0.77139484,2.7040513,0.95556444,0.96195406,0.42156138
2594,55,16925,2417,6rhc_K48_A_305,6,smina,0.58279707,0.8742767,1.9882078,0,0.98957485,1.3392307
2595,55,6334,904,3tye_XHP_B_901,6,smina,0.58601344,0.87365934,1.9919649,0.0053133126,0,1.0531178
2596,55,8581,1225,4i4v_NGA_D_201,6,smina,0.54854644,0.87355339,1.9882078,0,2.39634e-07,1.6257652
2597,55,9240,1320,4mju_27S_A_501,0,surfdock,0.52982244,0.83224438,2.0588226,0.099864542,0.67541437,4.0897363
2598,55,10009,1429,4ud9_FQI_H_1257,6,smina,0.58612574,0.82075655,2.3695724,0.40141672,0.0041502751,1.3511103
2599,55,8869,1267,4jwx_1N4_A_301,0,surfdock,0.52982244,0.81851198,2.142472,0.21816254,0.99003527,3.0227432
2600,55,8560,1222,4i4v_NGA_A_202,6,smina,0.50724827,0.81549185,1.9882078,0,0.98645358,1.6176807
2601,55,2947,421,1x09_IPE_A_902,0,surfdock,0.52896771,0.81349228,2.0058701,0.024978133,0.90629933,2.9396694
2602,55,10359,1479,4xti_IMP_A_601,6,smina,0.55627403,0.8086126,2.5548816,0.40404254,0,3.1004828
2603,55,10366,1480,4xti_IMP_B_601,6,smina,0.55352052,0.80855174,2.5548816,0.40404254,0,5.5455437
2604,55,3381,483,2a15_NCA_A_1001,0,surfdock,0.52982244,0.80676868,2.3027868,0.23878618,0.94465878,2.5361327
2605,55,1523,217,1l5o_2MP_A_990,4,gnina,0.43084289,0.79852973,2.0291212,0.055890508,0.014184438,2.133076
2606,55,2387,341,1s83_4HA_A_5,0,surfdock,0.53061193,0.79714875,2.9256575,0.21258454,0.97650847,2.2047467
2607,55,7539,1077,4cld_JUO_A_1270,0,surfdock,0.52982244,0.79337977,2.5762222,0.18152703,0.99589984,3.2011092
2608,55,7546,1078,4cld_JUO_B_1270,0,surfdock,0.52982244,0.79337977,2.5762222,0.18152703,0,3.1217085
2609,55,7553,1079,4cld_JUO_C_1270,0,surfdock,0.52982244,0.79337977,2.5762222,0.18152703,0,3.221171
2610,55,7560,1080,4cld_JUO_D_1270,0,surfdock,0.52982244,0.79337977,2.5762222,0.18152703,0,3.1914864
2611,55,10710,1530,4zu3_4SD_B_302,0,surfdock,0.52982244,0.7925337,2.3945305,0.37724853,0.95106907,2.4259548
2612,55,15834,2262,6k92_GT0_A_802,0,surfdock,0.52982244,0.78888361,2.5163658,0.31645748,0.99321628,2.8607249
2613,55,15841,2263,6k92_GT0_B_602,0,surfdock,0.52982244,0.78662104,2.5705097,0.30058089,0.99388675,2.7717407
2614,55,7823,1117,4d4u_FUC_B_950,4,gnina,0.43071832,0.7851209,2.0766554,0.12508376,0.99782195,1.7043176
2615,55,5702,814,2y4j_LAC_B_400,4,gnina,0.42959464,0.78427813,1.9884888,0.0003974729,0.12507775,2.1577086
2616,55,5033,719,2qs2_UBF_A_603,0,surfdock,0.52982244,0.78327662,2.5860252,0.34223899,0,3.7279463
2617,55,5040,720,2qs2_UBF_B_602,0,surfdock,0.52982244,0.78327662,2.5860252,0.34223899,0.97744816,3.5488158
2618,55,13052,1864,5mot_HBD_A_402,4,gnina,0.42917949,0.78268017,1.9882078,0,6.188253e-05,1.6061502
2619,55,2009,287,1ovk_NYL_A_405,0,surfdock,0.52982244,0.78258768,2.5757828,0.36435029,0.95630158,2.0380096
2620,55,1246,178,1ja9_PYQ_A_406,0,surfdock,0.52982244,0.7805109,2.5614147,0.41468644,0,2.707271
2621,55,11109,1587,5c8w_PCG_D_302,0,surfdock,0.52986127,0.77837892,2.8072472,0.6640836,0,3.4855853
2622,55,2734,390,1uk7_BUA_A_1300,4,gnina,0.42755001,0.77827459,1.9882078,0,0.90257817,1.4190071
2623,55,7816,1116,4d4u_FUC_A_950,4,gnina,0.43047624,0.77788833,2.0766554,0.12508376,0.99233232,1.893119
2624,55,6703,957,3wat_BMA_A_404,4,gnina,0.43074439,0.77719068,2.1812391,0.16097219,0.016449917,2.1291109
2625,55,6619,945,3vv5_SLZ_A_300,4,gnina,0.44278732,0.77574896,2.3253062,0.22372554,0.95686754,3.4235804
2626,55,7644,1092,4cme_KTZ_D_1270,0,surfdock,0.52982244,0.774912,3.0614491,0.013064629,0.95432119,3.3143672
2627,55,6710,958,3wat_BMA_B_404,4,gnina,0.43063967,0.77387127,2.1812391,0.16097219,0.013933567,4.3898805
2628,55,10717,1531,4zu3_4SD_C_301,0,surfdock,0.52982244,0.7736934,2.5537326,0.54248327,0.030118337,2.4367526
2629,55,10731,1533,4zu3_4SD_E_301,0,surfdock,0.52982244,0.7736934,2.5537326,0.54248327,0.98420085,2.4612195
2630,55,9713,1387,4q40_VAL_D_403,4,gnina,0.43083243,0.77168716,2.4187553,0.075233102,0.36322147,4.8515715
2631,55,14753,2107,6b83_6NA_B_201,4,gnina,0.43071743,0.77157982,2.1643972,0.24916957,0.0086406301,2.5702736
2632,55,1974,282,1okm_SAB_A_555,0,surfdock,0.52982244,0.77104058,2.616852,0.52696717,0.99019112,3.4183799
2633,55,7623,1089,4cme_KTZ_A_1270,0,surfdock,0.52982244,0.77036787,3.1087363,0.047231704,0.9896458,3.8205152
2634,55,7630,1090,4cme_KTZ_B_1270,0,surfdock,0.52982244,0.77036787,3.1087363,0.047231704,0.98976229,3.5023872
2635,55,3910,558,2ef9_A5P_B_2269,4,gnina,0.42980235,0.7699901,2.1252613,0.096972205,0.053077539,2.6628612
2636,55,8411,1201,4hon_AKG_A_401,4,gnina,0.44335822,0.7698066,2.389549,0.28628564,0.99502428,2.4837465
2637,55,8418,1202,4hon_AKG_B_401,4,gnina,0.4432718,0.76966413,2.3867579,0.28309605,0.99500132,2.3745566
2638,55,10703,1529,4zu3_4SD_B_301,0,surfdock,0.52982244,0.76910622,2.586942,0.59189874,0.93852138,2.4540769
2639,55,10696,1528,4zu3_4SD_A_301,0,surfdock,0.52982244,0.76856454,2.5975578,0.59113663,0.9567195,5.6027616
2640,55,10724,1532,4zu3_4SD_D_301,0,surfdock,0.52982244,0.76856454,2.5975578,0.59113663,0.098106271,2.1302209
2641,55,17196,2456,6tgi_N8Z_B_508,4,gnina,0.43082217,0.76760886,2.3053598,0.25058398,0.019028467,2.72215
2642,55,7354,1050,4buf_F36_A_2162,4,gnina,0.43023401,0.76745702,2.172816,0.13309917,0.99289624,3.2871395
2643,55,7361,1051,4buf_F36_B_2162,4,gnina,0.43018373,0.76694483,2.172816,0.13309917,0.98739917,3.820796
2644,56,8420,1202,4hon_AKG_B_401,6,smina,0.54809877,0.8731363,1.9724776,1.1920929e-07,0.94454028,1.0511665
2645,56,8413,1201,4hon_AKG_A_401,6,smina,0.54806254,0.87307033,1.9724776,1.1920929e-07,0.99503453,1.1242094
2646,56,7825,1117,4d4u_FUC_B_950,6,smina,0.56159232,0.84593126,2.1544113,0.20172265,0.99713997,0.88443533
2647,56,7818,1116,4d4u_FUC_A_950,6,smina,0.55929048,0.84580349,2.1544113,0.20172265,0.99187064,0.62575539
2648,56,11900,1700,5fv3_OGA_A_1770,0,surfdock,0.53197805,0.84526323,1.9724776,1.1920929e-07,0.99799561,2.8540856
2649,56,7734,1104,4cxr_2BG_A_502,6,smina,0.55457287,0.83011571,2.2278583,0.36116254,0.98467477,1.0305407
2650,56,4515,645,2npq_BOG_A_1000,0,surfdock,0.53197805,0.82062503,2.1186008,0.20560496,0,3.7603235
2651,56,2736,390,1uk7_BUA_A_1300,6,smina,0.52547594,0.81487457,1.9833784,0.015415857,0.89872057,0.69472206
2652,56,16009,2287,6lit_2OH_B_501,0,surfdock,0.53694285,0.80168652,2.497185,0.54616404,0.99754227,3.3454785
2653,56,679,97,1gsi_TMP_A_1210,0,surfdock,0.53197805,0.79689704,2.3616173,0.33262318,0.97981491,3.8479637
2654,56,14455,2065,5yfj_RUB_A_401,0,surfdock,0.53197805,0.7951051,2.4026339,0.32090509,0.8848409,5.0633779
2655,56,1778,254,1n5i_TMP_A_217,0,surfdock,0.53197805,0.79438151,2.3833876,0.35203892,0.98863951,3.6620313
2656,56,5495,785,2wj4_HQD_D_1278,0,surfdock,0.53197805,0.79414467,2.2901161,0.44920853,0.0048803844,2.1757588
2657,56,12177,1739,5h8q_GLY_B_301,4,gnina,0.45338461,0.7938451,2.0336092,0.086452737,0,1.9811117
2658,56,14462,2066,5yfj_RUB_B_401,0,surfdock,0.53197805,0.79315401,2.4150524,0.34061399,0,3.347755
2659,56,14469,2067,5yfj_RUB_C_401,0,surfdock,0.53197805,0.79315401,2.4150524,0.34061399,0,3.5585089
2660,56,15236,2176,6fjj_LSA_A_302,4,gnina,0.44266839,0.78945371,2.0503919,0.11018704,0.93281075,1.8918892
2661,56,11652,1664,5ewc_5SJ_A_801,4,gnina,0.48623646,0.78928531,2.1341674,0.22866385,0.99176909,3.2845777
2662,56,1617,231,1luq_BTN_B_5200,0,surfdock,0.53197805,0.78788051,2.6478198,0.19587678,0.98717775,3.311904
2663,56,1610,230,1luq_BTN_A_5100,0,surfdock,0.53197805,0.78578263,2.6983898,0.18081868,0.99249329,3.2579777
2664,56,12873,1839,5l7u_NGA_A_601,0,surfdock,0.53197805,0.78208093,2.7070694,0.23550151,0.17864294,3.0438014
2665,56,13479,1925,5tde_FLC_A_501,4,gnina,0.4422096,0.78189692,2.0142081,0.059015814,0.72458447,2.8295264
2666,56,8355,1193,4hey_4MZ_A_308,4,gnina,0.48060729,0.78055928,2.1742661,0.28537181,0.00030598116,1.5711049
2667,56,10080,1440,4ur9_OAN_B_1718,0,surfdock,0.53197805,0.77915854,2.6197395,0.3734929,0.89753483,3.9499942
2668,56,13363,1909,5syi_NIZ_B_805,0,surfdock,0.53198559,0.77843165,2.5831301,0.86359298,0.95171259,2.4076129
2669,56,287,41,1dai_DSD_A_225,0,surfdock,0.53197805,0.77799193,2.8086832,0.20493262,0.89260721,2.9957464
2670,56,5593,799,2xoz_AMP_B_1664,0,surfdock,0.53197805,0.77732036,2.4086087,0.61678261,0.09174073,1.9653649
2671,56,10189,1455,4wqq_MAN_A_204,4,gnina,0.43931526,0.77688349,1.9724776,1.1920929e-07,0.023236129,1.7516214
2672,57,15238,2176,6fjj_LSA_A_302,6,smina,0.59925643,0.86621821,2.0035088,0.057781532,0.022076591,0.68861571
2673,57,9205,1315,4ma8_Z80_C_301,0,surfdock,0.57408236,0.86149952,2.0419893,0.077191383,0,3.0304372
2674,57,6621,945,3vv5_SLZ_A_300,6,smina,0.60839656,0.85028483,2.0961447,0.18878867,0.992605,2.0733444
2675,57,2436,348,1sqk_LAR_A_378,0,surfdock,0.5327847,0.84553866,1.9626509,1.1920929e-07,0,4.1738179
2676,57,7266,1038,4b1f_KRH_A_1256,0,surfdock,0.5327847,0.84553866,1.9626509,1.1920929e-07,0.9184049,4.6217898
2677,57,7273,1039,4b1f_KRH_B_1257,0,surfdock,0.5327847,0.84553866,1.9626509,1.1920929e-07,0,4.4550356
2678,57,12243,1749,5hpu_IPH_A_101,0,surfdock,0.5327847,0.84553866,1.9626509,1.1920929e-07,0.99360749,3.9853029
2679,57,12250,1750,5hpu_IPH_C_101,0,surfdock,0.5327847,0.84553866,1.9626509,1.1920929e-07,0.99534277,1.9071538
2680,57,12894,1842,5l9v_OGA_B_502,0,surfdock,0.5327847,0.84553866,1.9626509,1.1920929e-07,0.99753535,2.7653912
2681,57,13370,1910,5t3h_BEN_A_302,0,surfdock,0.5327847,0.83908385,1.9993757,0.051936381,0.99801722,2.3055867
2682,57,14742,2106,6b6r_BEN_A_302,0,surfdock,0.5327847,0.83908385,1.9993757,0.051936381,0.99817632,2.4207113
2683,57,17045,2435,6sux_BEN_A_302,0,surfdock,0.5327847,0.8363248,2.0153332,0.074503832,0.99755928,2.4550788
2684,57,17052,2436,6svu_BEN_A_302,0,surfdock,0.5327847,0.8363248,2.0153332,0.074503832,0.99585252,2.4611995
2685,57,4179,597,2g8t_MI2_A_401,0,surfdock,0.5327847,0.835069,2.0458119,0.061686322,0,3.1621988
2686,57,17199,2457,6tgl_LVP_B_201,0,surfdock,0.5327847,0.83116641,2.0455954,0.1173012,0.98485135,2.6712253
2687,57,2373,339,1s5s_PG3_A_1,0,surfdock,0.5327847,0.82463363,2.084738,0.17265709,0.97213715,2.5485703
2688,57,3500,500,2b04_CHO_A_200,0,surfdock,0.5327847,0.81772535,2.127156,0.23264499,0,4.7680131
2689,57,13481,1925,5tde_FLC_A_501,6,smina,0.49987292,0.81711831,1.9626509,1.1920929e-07,0.036615954,1.6497067
2690,57,2380,340,1s6h_4BZ_A_1,0,surfdock,0.5327847,0.81668222,2.1336546,0.24183534,0.99692146,2.4632676
2691,57,16835,2405,6r73_LMP_B_301,0,surfdock,0.5327847,0.81658406,2.1342676,0.24270245,0.47154947,4.1896422
2692,57,16828,2404,6r73_LMP_A_301,0,surfdock,0.5327847,0.81614404,2.1370173,0.24659121,0,3.9980953
2693,57,10325,1475,4xp0_42A_A_404,0,surfdock,0.5327847,0.8147542,2.1834168,0.22123179,0.99687933,2.5282739
2694,57,5103,729,2qxf_TMP_A_3000,0,surfdock,0.5327847,0.81233834,2.1609869,0.28048921,0.97848271,3.2517104
2695,57,14284,2040,5y1g_AKB_A_401,4,gnina,0.4860506,0.81066725,1.9858179,0.032763049,0.85245806,1.5201915
2696,57,13391,1913,5t6b_TMP_D_503,0,surfdock,0.5327847,0.80730494,2.2220674,0.29720512,0,3.5440493
2697,57,11704,1672,5faj_DCS_B_401,0,surfdock,0.5327847,0.80449814,2.4918773,0.071411222,0,3.9999139
2698,57,11711,1673,5faj_DCS_C_401,0,surfdock,0.5327847,0.80435663,2.498457,0.067063779,0,3.8692547
2699,57,11697,1671,5faj_DCS_A_401,0,surfdock,0.5327847,0.80386437,2.5183215,0.054969925,0,3.969093
2700,57,10371,1481,4xv4_25T_A_302,4,gnina,0.4465517,0.80350297,1.9626509,1.1920929e-07,0.010143747,1.4513555
2701,57,13654,1950,5uap_82S_B_505,4,gnina,0.44647128,0.80118969,1.9626509,1.1920929e-07,0.029566402,2.2004622
2702,57,6787,969,3wlf_FEH_A_401,4,gnina,0.44648167,0.80019002,1.9713501,0.012302103,0.95949053,3.0476078
2703,57,4816,688,2pvy_ACP_D_802,0,surfdock,0.5327847,0.80004688,2.2407525,0.39329508,0.97872743,3.0163561
2704,57,4809,687,2pvy_ACP_A_802,0,surfdock,0.5327847,0.79952093,2.2442477,0.39823782,0.98973713,3.1206346
2705,57,6794,970,3wlf_FEH_C_401,4,gnina,0.44641652,0.79914078,1.9626509,1.1920929e-07,1.32047e-05,3.0101204
2706,57,13384,1912,5t6b_TMP_B_504,0,surfdock,0.5327847,0.79808219,2.2886398,0.37701494,0,3.5422913
2707,57,4543,649,2nry_STU_D_501,0,surfdock,0.70232078,0.79515358,4.3061485,0.35756871,0.99343246,4.9969553
2708,57,3791,541,2d0e_NQ_A_410,4,gnina,0.44624866,0.79510905,1.9626509,1.1920929e-07,3.6539229e-05,1.6816446
2709,57,5296,756,2vez_G6P_A_202,4,gnina,0.48322771,0.79425774,2.1477993,0.10493208,0.00073660641,2.2550962
2710,57,1726,246,1mrj_ADN_A_300,4,gnina,0.44631389,0.7913988,1.9921865,0.041769437,0,2.0540218
2711,57,4536,648,2nry_STU_C_503,0,surfdock,0.70705588,0.78813765,4.4333053,0.39079991,0.99268149,4.9439056
2712,57,2478,354,1t93_FLV_A_431,0,surfdock,0.5327847,0.78767932,2.4417467,0.39523315,0.99121425,2.4505273
2713,57,4529,647,2nry_STU_A_504,0,surfdock,0.7015077,0.78765171,4.4333053,0.39079991,0.99421219,5.0333872
2714,57,2485,355,1t93_FLV_A_432,0,surfdock,0.5327847,0.78693807,2.4488308,0.40061787,0.99533845,2.8296121
2715,57,12240,1748,5hgz_MLA_A_303,4,gnina,0.44567759,0.78585592,1.9626509,1.1920929e-07,0,1.4308756
2716,57,7574,1082,4cle_JR2_A_1271,0,surfdock,0.5327847,0.78486178,2.4988358,0.38572371,0,2.8784623
2717,57,15918,2274,6l17_E2X_A_401,0,surfdock,0.5327847,0.78369445,2.5139551,0.3904669,0.99032057,3.9041635
2718,57,10630,1518,4zjz_BEZ_B_601,4,gnina,0.44648571,0.78184865,2.085459,0.1736766,0.99411853,2.3837143
2719,57,14851,2121,6c17_DNX_A_202,4,gnina,0.46988407,0.78085917,2.1696365,0.23320541,0.082757418,2.6947804
2720,57,11463,1637,5e4o_L57_B_201,4,gnina,0.4458904,0.77811087,2.0228863,0.08518564,0.68185981,3.1193916
2721,57,12891,1841,5l9v_OGA_A_502,4,gnina,0.4581558,0.77809853,2.2363949,0.19718796,0.89997525,1.9123541
2722,58,11977,1711,5g21_YN4_A_1002,0,surfdock,0.53464509,0.84605438,1.9323441,0,0.95834817,5.0657047
2723,58,12893,1841,5l9v_OGA_A_502,6,smina,0.60342669,0.8218448,2.5523124,0.12282303,0.00037146538,0.90376142
2724,58,14286,2040,5y1g_AKB_A_401,6,smina,0.56138765,0.82115625,2.2404406,0.43571419,0.12295326,0.98313284
2725,58,16016,2288,6lj7_EFR_A_301,0,surfdock,0.53464509,0.82012977,2.2121801,0.088749133,0.95921318,2.9586467
2726,58,10304,1472,4xf0_CYS_A_502,0,surfdock,0.53464509,0.8156079,2.1563828,0.21246146,0.99501274,2.3204556
2727,58,7356,1050,4buf_F36_A_2162,6,smina,0.62104286,0.81387554,2.4900994,0.32163787,0,3.1947222
2728,58,7363,1051,4buf_F36_B_2162,6,smina,0.61850845,0.81369028,2.4900994,0.32163787,0,2.1942516
2729,58,16667,2381,6qdb_HWQ_A_1003,0,surfdock,0.53464509,0.81123937,2.1407735,0.29476374,0.98756333,3.6584325
2730,58,13916,1988,5vyr_GMP_B_302,0,surfdock,0.53464509,0.81084797,2.1468313,0.29473498,0,3.1636747
2731,58,9408,1344,4ndn_PPK_A_406,0,surfdock,0.53464509,0.81009783,2.1480668,0.30507782,0.90226474,2.9205422
2732,58,16695,2385,6qde_HWW_A_503,0,surfdock,0.53464509,0.80791228,2.1621149,0.3249447,0,3.8018302
2733,58,13944,1992,5vys_GMP_B_303,0,surfdock,0.53464509,0.80655957,2.170867,0.33732229,0.97877942,3.1400268
2734,58,1393,199,1kdo_C_B_6407,0,surfdock,0.53464509,0.80525716,2.2444909,0.28414392,0.96329766,3.7271947
2735,58,16681,2383,6qdc_HXE_A_1004,0,surfdock,0.53464509,0.80463106,2.1834211,0.3550767,0.0014868794,3.6990279
2736,58,16674,2382,6qdc_HXE_A_1003,0,surfdock,0.53464509,0.79940961,2.217869,0.40379328,0.95424498,3.8394248
2737,58,10311,1473,4xfh_CYS_A_502,0,surfdock,0.53464509,0.7992005,2.310235,0.31479257,0,2.3085011
2738,58,133,19,1aua_BOG_A_1,0,surfdock,0.62798285,0.79775092,2.7691889,0.33897722,0,3.3150406
2739,58,707,101,1gz5_G6P_B_901,0,surfdock,0.53464509,0.79467873,2.3499033,0.34853011,0,3.1341666
2740,58,10444,1492,4ysx_MLI_A_701,0,surfdock,0.53464509,0.79359731,2.4261596,0.29001528,0.99129179,2.237314
2741,58,10451,1493,4ysx_MLI_E_701,0,surfdock,0.53464509,0.79310432,2.4364097,0.28787848,0.98895814,2.1752841
2742,58,5222,746,2uyv_TLA_A_1277,0,surfdock,0.62798285,0.7918656,2.6433089,0.56803161,0,2.5929612
2743,58,4897,699,2qb4_LEU_A_601,4,gnina,0.44052945,0.79181484,1.9636782,0.04431314,0.96159178,2.6014134
2744,58,2202,314,1pym_OXL_A_1001,4,gnina,0.44070863,0.79168274,2.0178547,0.068797909,1.8353189e-09,1.7081032
2745,58,714,102,1gz5_G6P_C_901,0,surfdock,0.53464509,0.79136624,2.3743064,0.37870178,0,3.2338916
2746,58,5243,749,2uyv_TLA_D_1275,0,surfdock,0.62798285,0.79132016,2.6555347,0.56548303,0,2.6139162
2747,58,5215,745,2uyv_TLA_A_1275,0,surfdock,0.62798285,0.79116529,2.6586466,0.56512398,0,2.5482161
2748,58,5229,747,2uyv_TLA_B_1275,0,surfdock,0.62798285,0.78985798,2.6803138,0.56674904,0,2.4796114
2749,58,5236,748,2uyv_TLA_C_1275,0,surfdock,0.62798285,0.78985798,2.6803138,0.56674904,0.99323161,2.6248057
2750,58,17521,2503,6xp1_T2C_A_401,0,surfdock,0.53464509,0.78972766,2.3227489,0.45751023,0.9852694,2.4550054
2751,58,16688,2384,6qde_HWW_A_502,0,surfdock,0.53464509,0.78912819,2.2877095,0.50256264,0,4.3564466
2752,58,210,30,1ca7_ENO_C_701,0,surfdock,0.53464509,0.7890938,2.5799234,0.21092372,0.97770249,2.8566682
2753,58,196,28,1ca7_ENO_A_501,0,surfdock,0.53464509,0.78870287,2.582633,0.21475576,0,2.8526239
2754,58,203,29,1ca7_ENO_B_601,0,surfdock,0.53464509,0.78870287,2.582633,0.21475576,0.97789674,2.7820449
2755,58,6034,862,3qfx_CP6_A_602,0,surfdock,0.53464509,0.7852913,2.357024,0.49787441,0.99170231,3.1645906
2756,58,9415,1345,4ndn_PPK_C_404,0,surfdock,0.53393551,0.78476343,2.1480668,0.30507782,0,2.875802
2757,58,3464,494,2ahc_VNL_D_466,6,smina,0.43907906,0.78309019,1.9323441,0,0,1.1553193
2758,58,10595,1513,4zbc_GLC_A_408,4,gnina,0.45714722,0.78154497,2.240294,0.12889773,0.00026931061,2.4049595
2759,58,1810,258,1njr_XYL_A_285,4,gnina,0.43805686,0.78023873,1.9323441,0,6.1466915e-05,1.9269694
2760,58,2391,341,1s83_4HA_A_5,4,gnina,0.43955589,0.77961489,1.9621249,0.042116668,0.9817371,1.5902144
2761,58,6041,863,3qfx_CP6_B_702,0,surfdock,0.53464509,0.77906366,2.4176743,0.54415786,0.98832834,3.1758338
2762,58,10632,1518,4zjz_BEZ_B_601,6,smina,0.62151773,0.77765347,2.8158619,0.62792581,8.4606511e-07,0.66189356
2763,58,10644,1520,4zo7_BGC_A_802,4,gnina,0.4401459,0.77686393,2.0228121,0.09411516,8.2086896e-07,3.2835307
2764,58,7011,1001,3zwe_FUC_C_110,4,gnina,0.44046044,0.77469428,2.0811665,0.16850565,0.99778929,1.3519837
2765,58,4305,615,2ht8_G39_A_800,0,surfdock,0.53464509,0.77429842,2.8782222,0.16718107,0.96659385,3.662866
2766,58,13111,1873,5nh9_XLS_C_504,0,surfdock,0.53464509,0.77280988,2.5835745,0.48825294,0.97912871,2.6298294
2767,58,13104,1872,5nh9_XLS_A_503,0,surfdock,0.53464509,0.77259712,2.5873115,0.48830464,0.78732848,2.7512124
2768,58,13118,1874,5nh9_XLS_D_504,0,surfdock,0.53464509,0.77259712,2.5873115,0.48830464,0.97576516,2.7034397
2769,58,12233,1747,5hgz_MLA_A_302,4,gnina,0.43526902,0.77201592,1.9323441,0,0.9124851,1.9008373
2770,58,13605,1943,5u5x_TP5_A_302,4,gnina,0.44080148,0.77194032,2.2020805,0.23300825,0.8041954,1.9370682
2771,58,840,120,1h48_CDI_B_902,0,surfdock,0.53464509,0.77165596,2.6907816,0.40163285,0.90556716,3.0130402
2772,59,7013,1001,3zwe_FUC_C_110,6,smina,0.5848952,0.87345309,1.9188056,0,0.9977935,0.62513258
2773,59,4899,699,2qb4_LEU_A_601,6,smina,0.56878306,0.87143426,1.9268802,0.011419155,0.96185469,0.90890196
2774,59,12235,1747,5hgz_MLA_A_302,6,smina,0.54860392,0.85457215,2.0560944,0.10776788,0.00056184696,0.57797504
2775,59,2393,341,1s83_4HA_A_5,6,smina,0.57719112,0.82182957,2.4878602,0.16673948,0.0083943497,0.66431111
2776,59,12159,1737,5h8f_GLU_A_302,0,surfdock,0.53553895,0.81403595,2.1874573,0.20557387,0,2.5196882
2777,59,12166,1738,5h8q_GLU_A_302,0,surfdock,0.53553895,0.81387662,2.18187,0.21358144,0,2.4761161
2778,59,3402,486,2a5t_GLU_B_2002,0,surfdock,0.53553895,0.81018284,2.1527317,0.2992495,0,2.5043057
2779,59,112,16,1anc_BEN_A_290,0,surfdock,0.53553895,0.80579513,2.3519633,0.16818023,0,2.4341044
2780,59,1428,204,1klz_U_A_2001,0,surfdock,0.53553895,0.79907022,2.5028021,0.124,0.96733147,2.4806588
2781,59,12824,1832,5kjw_53C_A_800,0,surfdock,0.53553895,0.79872831,2.2324722,0.39982399,0.94584594,2.4249618
2782,59,12831,1833,5kjw_53C_B_800,0,surfdock,0.53553895,0.79832921,2.2492142,0.38950571,0.99900078,2.4320079
2783,59,8309,1187,4h4c_10D_B_402,0,surfdock,0.53553895,0.79157641,2.5936556,0.15521562,0,3.2391694
2784,59,15992,2284,6l8a_BAL_D_507,4,gnina,0.44844245,0.79056212,2.02437,0.14096589,0.20411744,8.1227891
2785,59,10973,1567,5ahn_IMP_A_1468,4,gnina,0.49200259,0.78839852,2.2352846,0.12371577,0.033553405,4.3115086
2786,59,8302,1186,4h4c_10D_A_402,0,surfdock,0.53553895,0.78810071,2.6307898,0.17588429,0,3.1501993
2787,59,13346,1906,5r9o_54F_A_401,4,gnina,0.44817509,0.78659271,2.0009162,0.11612187,0.80689795,2.4800748
2788,59,7840,1120,4d6z_PK9_A_1600,0,surfdock,0.53553895,0.78592606,2.4287157,0.41451374,8.3803221e-06,3.7566903
2789,59,2002,286,1ov5_2LP_A_403,0,surfdock,0.53553895,0.78305971,2.624336,0.26754341,0.99352793,2.8286597
2790,59,1243,177,1j54_TMP_A_2000,4,gnina,0.44788299,0.78298096,1.9854959,0.094314419,0.95078537,3.526417
2791,59,14238,2034,5xrv_F6R_A_702,0,surfdock,0.53553895,0.78277568,2.4046938,0.4920364,0,2.8281847
2792,59,13607,1943,5u5x_TP5_A_302,6,smina,0.4987338,0.78123834,2.2578318,0.24907123,0,1.165409
2793,59,9447,1349,4nir_6DH_A_307,4,gnina,0.44828826,0.77495694,2.2826548,0.059743978,1.4013414e-09,2.7019071
2794,59,13927,1989,5vyr_GMP_B_303,4,gnina,0.44846693,0.77289741,2.375438,0.072418362,0.00035778169,1.8106106
2795,59,15985,2283,6l8a_BAL_C_504,4,gnina,0.44717507,0.77194476,2.0301435,0.11490443,0.20245014,7.9824318
2796,59,6237,891,3sli_SKD_A_760,0,surfdock,0.53553895,0.76710219,3.1548321,0.01793604,0,3.5073965
2797,59,15358,2194,6fs7_E4Z_D_903,0,surfdock,0.53553895,0.76641918,2.6406553,0.54452735,0.59360106,4.6652843
2798,59,15936,2276,6l68_ALL_A_201,4,gnina,0.45235105,0.76634503,2.3103197,0.28076699,0.90275732,1.6483778
2799,59,15365,2195,6fs7_E4Z_E_903,0,surfdock,0.53553895,0.76595675,2.6429064,0.55070126,0,4.4860731
2800,59,14179,2025,5xin_XLS_A_397,4,gnina,0.47097754,0.76578455,2.2891643,0.36964831,0.0038330375,3.8248393
2801,59,3077,439,1y2x_NAG_D_3144,4,gnina,0.4465844,0.76577073,2.0758827,0.12961896,0.99065152,2.3028803
2802,59,3070,438,1y2x_NAG_C_2144,4,gnina,0.44654612,0.76557596,2.0758827,0.12961896,7.4309069e-05,3.9610423
2803,59,12667,1809,5jdv_EVF_B_302,4,gnina,0.44824814,0.7654922,2.2061636,0.26801097,0.99750222,2.7418479
2804,59,9251,1321,4mog_G3F_A_802,4,gnina,0.4457211,0.76495194,2.0281305,0.15460868,0.0008515307,2.3257111
2805,59,5880,840,2zgw_ADN_A_1301,0,surfdock,0.53553895,0.76459766,3.0832903,0.1351666,0.9912198,3.2315443
2806,59,6591,941,3vq4_0NX_A_305,4,gnina,0.44180218,0.76405469,2.0185544,0.071791716,0.97484415,1.8864669
2807,59,17595,2513,6ypv_AKG_A_302,4,gnina,0.44838042,0.76387131,2.2836745,0.27675667,0.85743381,1.8119239
2808,59,15344,2192,6fs7_E4Z_B_903,0,surfdock,0.53553895,0.76325732,2.6952283,0.54786479,0,4.5708195
2809,59,17574,2510,6y4z_TLA_D_301,4,gnina,0.49421262,0.76302313,2.3981431,0.4097794,0.97516837,3.2956399
2810,59,2384,340,1s6h_4BZ_A_1,4,gnina,0.44838054,0.76239555,2.3895471,0.19654566,0.97033242,1.8755791
2811,59,9279,1325,4mop_2H5_B_802,4,gnina,0.4483285,0.76117666,2.3030608,0.28446826,0.011108163,7.150328
2812,59,17220,2460,6tof_NQE_A_201,0,surfdock,0.53553895,0.76043556,2.8766687,0.41871646,0.99410309,3.0767051
2813,59,9118,1302,4lo1_GAL_A_301,4,gnina,0.44708381,0.76005992,2.1153133,0.20644908,0.97033081,2.0866701
2814,59,221,31,1cdk_MYR_A_403,4,gnina,0.49340308,0.7599634,2.3475103,0.48777848,0.94718211,1.8743344
2815,59,13741,1963,5unt_8J1_B_803,0,surfdock,0.53553895,0.75985616,2.9953918,0.31080273,0.95879282,3.5334878
2816,59,1145,163,1ixo_G3P_A_1001,4,gnina,0.4416107,0.75984712,2.0034044,0.11964085,0.027220164,2.482941
2817,59,2489,355,1t93_FLV_A_432,4,gnina,0.4482983,0.7594564,2.2003243,0.39812735,0.00079637273,1.8428056
2818,59,15799,2257,6jyg_FLC_E_401,0,surfdock,0.70602251,0.75943695,4.9771743,0.3933312,0,2.7742978
2819,59,15351,2193,6fs7_E4Z_C_903,0,surfdock,0.53553895,0.75928243,2.7632849,0.55363774,0.62171293,4.4548296
2820,59,11743,1677,5fc5_PC_A_516,4,gnina,0.44793214,0.75925964,2.1454298,0.32049498,0.86952398,2.3326478
2821,59,6052,864,3qgz_ADN_A_127,4,gnina,0.44808847,0.75877292,2.1744473,0.36153206,0.98518542,2.3626631
2822,60,3079,439,1y2x_NAG_D_3144,6,smina,0.56940629,0.87283044,1.8947307,0,0.99071689,1.230388
2823,60,9120,1302,4lo1_GAL_A_301,6,smina,0.56062652,0.87236315,1.8947307,0,0.97187122,0.78272977
2824,60,17576,2510,6y4z_TLA_D_301,6,smina,0.56039929,0.8722964,1.8947307,0,0.17780734,0.95402871
2825,60,15938,2276,6l68_ALL_A_201,6,smina,0.54279011,0.87189586,1.8947307,0,0.92053352,0.7646829
2826,60,6593,941,3vq4_0NX_A_305,6,smina,0.56292094,0.86638931,1.9279369,0.046960749,0.9723803,0.98660088
2827,60,11654,1664,5ewc_5SJ_A_801,6,smina,0.56747192,0.85754429,1.9780359,0.11781152,0,1.4817272
2828,60,2386,340,1s6h_4BZ_A_1,6,smina,0.56029207,0.85099209,2.0133402,0.16773935,0,0.86943671
2829,60,1245,177,1j54_TMP_A_2000,6,smina,0.55209954,0.83737293,2.1320298,0.24237292,0,3.6011647
2830,60,223,31,1cdk_MYR_A_403,6,smina,0.54879474,0.82539029,2.1670678,0.38514277,0.66112392,0.56919767
2831,60,6054,864,3qgz_ADN_A_127,6,smina,0.56669034,0.82530272,2.1712351,0.39103639,0.98556684,2.1549066
2832,60,13348,1906,5r9o_54F_A_401,6,smina,0.49077486,0.81074174,1.909863,0.02140026,0,1.2106246
2833,60,11745,1677,5fc5_PC_A_516,6,smina,0.51749517,0.81069664,1.9365698,0.059169624,0,1.1380179
2834,60,13958,1994,5w5t_9X7_A_506,0,surfdock,0.53373405,0.80105421,2.2453957,0.28451106,0,2.4171913
2835,60,13965,1995,5w5t_9X7_D_508,0,surfdock,0.53373405,0.80105421,2.2453957,0.28451106,0,2.4067867
2836,60,10234,1462,4wxb_CIT_A_501,0,surfdock,0.53373405,0.79968621,2.2624876,0.28899574,0.79853253,3.0019116
2837,60,1820,260,1nmm_NAG_B_403,0,surfdock,0.53373405,0.79432199,2.5651939,0.071980461,0.98559406,3.058295
2838,60,1827,261,1nmm_NAG_D_527,0,surfdock,0.53373405,0.79432199,2.5651939,0.071980461,0.97095362,3.1130686
2839,60,1106,158,1itw_ICT_B_744,0,surfdock,0.53373405,0.79396592,2.5524967,0.090427354,0,2.8329707
2840,60,1120,160,1itw_ICT_D_743,0,surfdock,0.53373405,0.79396592,2.5524967,0.090427354,0.98668586,2.7827767
2841,60,10248,1464,4wxb_CIT_C_501,0,surfdock,0.53373405,0.79383935,2.3139374,0.33103096,0.31199923,2.6004095
2842,60,1113,159,1itw_ICT_C_743,0,surfdock,0.53373405,0.79123882,2.5977223,0.089494407,0.99213665,2.7923759
2843,60,10329,1475,4xp0_42A_A_404,4,gnina,0.4623993,0.78848069,2.0068824,0.14550672,0.013915543,1.8341733
2844,60,1981,283,1om5_INE_A_790,0,surfdock,0.53373405,0.78802628,2.287595,0.45239052,0.00020521086,2.6597037
2845,60,1988,284,1om5_INE_B_791,0,surfdock,0.53373405,0.78691982,2.3175535,0.4407557,0.17961588,2.7140175
2846,60,17597,2513,6ypv_AKG_A_302,6,smina,0.51223311,0.77849598,2.1209702,0.31995106,0.029032794,1.351093
2847,60,9881,1411,4rql_SNE_B_502,4,gnina,0.53979699,0.77413622,3.1597376,0.23556802,0.40531124,3.1921436
2848,60,12905,1843,5la1_XYP_A_601,4,gnina,0.54035754,0.77399704,3.2037792,0.21280612,0.98693706,1.6491939
2849,60,2482,354,1t93_FLV_A_431,4,gnina,0.46206796,0.77302541,2.1206331,0.16632356,5.7515578e-06,2.7893042
2850,61,12907,1843,5la1_XYP_A_601,6,smina,0.57171291,0.87252541,1.8579782,0,0.023808841,0.81051978
2851,61,12669,1809,5jdv_EVF_B_302,6,smina,0.58737779,0.85985151,1.9299608,0.10179874,0.00012658825,1.1174003
2852,61,6789,969,3wlf_FEH_A_401,6,smina,0.57043816,0.84932358,1.9873118,0.18290536,0.0052109764,0.84747903
2853,61,2555,365,1tl2_NDG_A_237,0,surfdock,0.53340351,0.84463617,1.8579782,0,0.98017459,2.7604079
2854,61,2562,366,1tl2_NDG_A_238,0,surfdock,0.53340351,0.84463617,1.8579782,0,0.00028478674,2.746407
2855,61,2569,367,1tl2_NDG_A_239,0,surfdock,0.53340351,0.84463617,1.8579782,0,0.97786416,2.8054267
2856,61,2583,369,1tl2_NDG_A_241,0,surfdock,0.53340351,0.84463617,1.8579782,0,0.98446654,2.8102498
2857,61,15589,2227,6hqr_3DM_A_502,0,surfdock,0.53340351,0.84463617,1.8579782,0,0.99658488,2.7735888
2858,61,12404,1772,5ihe_D5M_A_701,0,surfdock,0.53340351,0.8375064,1.8981428,0.056801308,0,3.4489489
2859,61,12411,1773,5ihe_D5M_B_701,0,surfdock,0.53340351,0.83687835,1.9017304,0.061874945,0.56347226,3.4068162
2860,61,11596,1656,5eo8_TFU_A_402,4,gnina,0.54803233,0.826102,2.1728451,0.30458188,0.0036373978,1.7373845
2861,61,11617,1659,5eo8_TFU_A_406,4,gnina,0.5498169,0.81914998,2.2217882,0.36778244,0.83137131,2.478782
2862,61,12800,1828,5kcp_PFB_A_379,4,gnina,0.54662607,0.81895377,2.2792988,0.3044841,0.010325126,3.969758
2863,61,13356,1908,5syi_NIZ_A_805,0,surfdock,0.53340351,0.81042681,2.0604737,0.28637204,0.0015552842,2.3156086
2864,61,3161,451,1zb6_DIN_A_401,4,gnina,0.46127052,0.80648658,1.870623,0.017882403,0.00011901319,2.7918514
2865,61,4172,596,2g5v_22M_A_301,0,surfdock,0.53340351,0.80455364,2.1905038,0.2466045,0,3.1986023
2866,61,17714,2530,7bzm_GIM_A_501,4,gnina,0.46101595,0.80029164,1.8717555,0.019483982,0.89535569,2.6097878
2867,61,4074,582,2fr6_CTN_A_1001,0,surfdock,0.53340351,0.7993124,2.1319244,0.38741827,0.97399279,3.3069241
2868,61,4081,583,2fr6_CTN_C_1003,0,surfdock,0.53340351,0.79784412,2.1415877,0.40108442,0.99263193,3.9908025
2869,61,4088,584,2fr6_CTN_D_1004,0,surfdock,0.53340351,0.79784412,2.1415877,0.40108442,0.99356225,3.3631786
2870,61,14840,2120,6bxk_MTA_B_401,0,surfdock,0.53340351,0.79570884,2.155736,0.42109293,0.99068009,3.2735543
2871,61,392,56,1e8m_P0H_A_724,0,surfdock,0.53340351,0.79510736,2.350275,0.23622514,0.97430306,3.7572501
2872,61,10427,1489,4y6n_3PG_A_402,4,gnina,0.46034996,0.79253612,1.8579782,0,0.93853534,1.8635448
2873,61,14007,2001,5wgk_AGJ_A_816,0,surfdock,0.53340351,0.78880833,2.2023489,0.4867661,0.9639104,3.5570316
2874,61,16191,2313,6n9r_OHN_A_303,0,surfdock,0.53340351,0.78655051,2.3272827,0.39921507,0,3.6656246
2875,61,16198,2314,6n9r_OHN_X_305,0,surfdock,0.53340351,0.78595085,2.3367677,0.3997128,0,3.6359243
2876,61,16982,2426,6s51_KVQ_A_901,0,surfdock,0.53340351,0.78590107,2.3311541,0.406156,0.92601743,3.911074
2877,61,11897,1699,5fuv_THM_B_1385,4,gnina,0.46010222,0.78585141,1.884019,0.0368273,0.99435105,3.3049487
2878,61,15421,2203,6gck_EUB_D_302,0,surfdock,0.53340351,0.78495969,2.4661798,0.28685048,0.99379371,3.3217421
2879,61,15407,2201,6gck_EUB_A_302,0,surfdock,0.53340351,0.78445772,2.4611871,0.30024925,0.82353599,3.3976825
2880,61,15414,2202,6gck_EUB_C_302,0,surfdock,0.53340351,0.78437261,2.4603622,0.30250078,0.99039091,2.3450384
2881,61,2891,413,1w55_C_A_1373,0,surfdock,0.53340351,0.78388786,2.3463957,0.42460388,0.9813245,3.347471
2882,61,15747,2249,6jq8_CIT_A_302,4,gnina,0.46109263,0.78202697,1.9941458,0.1925699,3.749705e-05,2.0077359
2883,61,2580,368,1tl2_NDG_A_240,4,gnina,0.45619602,0.78183521,1.8579782,0,8.5012011e-05,1.9229871
2884,61,17567,2509,6y4f_GLU_A_202,4,gnina,0.55256026,0.78142627,2.6448526,0.58214223,0.21139587,1.8374078
2885,61,13150,1878,5nnw_GCS_D_302,4,gnina,0.50394417,0.77988914,2.0608408,0.28689116,7.5903389e-06,2.4453437
2886,61,12005,1715,5g4r_LF1_A_1739,0,surfdock,0.53340351,0.77532537,2.3561552,0.56107074,0.93962611,4.6108603
2887,61,12012,1716,5g4r_LF1_B_1739,0,surfdock,0.53340351,0.77532537,2.3561552,0.56107074,0,4.073532
2888,61,12019,1717,5g4r_LF1_C_1739,0,surfdock,0.53340351,0.77532537,2.3561552,0.56107074,0.98728553,4.1278043
2889,61,11211,1601,5cpn_531_B_401,4,gnina,0.57663841,0.77488728,2.9669266,0.41242197,0.0015063447,2.8151784
2890,61,12761,1823,5jtu_6NE_A_902,0,surfdock,0.53340351,0.77480894,2.6964467,0.22975345,0,4.4630817
2891,61,16975,2425,6s4h_KUQ_A_901,0,surfdock,0.53340351,0.7740731,2.3957331,0.54328674,0.99250904,3.9862891
2892,61,11603,1657,5eo8_TFU_A_404,4,gnina,0.50394417,0.77379469,2.1586878,0.28647041,0.98362263,1.650315
2893,61,6650,950,3w7f_FPS_A_301,0,surfdock,0.53340351,0.77371858,2.3083236,0.63688469,0,4.0122563
2894,61,6664,952,3w7f_FPS_B_301,0,surfdock,0.53340351,0.77352751,2.3097069,0.63884073,0,4.1114917
2895,61,6899,985,3wwc_BUA_A_402,4,gnina,0.50394417,0.77348678,2.1867766,0.26336491,6.7551523e-08,1.4110317
2896,61,2149,307,1pr0_NOS_A_1245,0,surfdock,0.62350096,0.77339386,3.1007164,0.34300235,0,3.3338473
2897,61,6671,953,3w7f_FPS_B_302,0,surfdock,0.53340351,0.76911781,2.3419151,0.68439001,0,4.4153911
2898,61,11589,1655,5eo8_TFU_A_401,4,gnina,0.50394417,0.76855361,2.1961842,0.33461991,0.97604573,1.5769799
2899,61,4683,669,2o7d_DHC_G_701,0,surfdock,0.53340351,0.76800869,2.5357687,0.51030391,0.98389492,3.0795984
2900,62,11605,1657,5eo8_TFU_A_404,6,smina,0.56701099,0.87223192,1.8367325,1.1920929e-07,0.96960337,0.82452755
2901,62,11591,1655,5eo8_TFU_A_401,6,smina,0.56387922,0.87216481,1.8367325,1.1920929e-07,0.9555576,0.7665399
2902,62,10429,1489,4y6n_3PG_A_402,6,smina,0.53801437,0.87162797,1.8367325,1.1920929e-07,0.0014364564,1.7931044
2903,62,7798,1114,4d3s_BOG_F_1000,0,surfdock,0.70463354,0.82984656,3.1431255,0.60820282,0.96742037,3.6085243
2904,62,11619,1659,5eo8_TFU_A_406,6,smina,0.48264936,0.8126426,1.8367325,1.1920929e-07,0.9789705,0.7971105
2905,62,7924,1132,4dt8_ADN_B_401,0,surfdock,0.53449157,0.8060056,2.0929866,0.35260665,0.9783334,3.3349645
2906,62,8425,1203,4hoz_GLC_A_703,4,gnina,0.45552654,0.80405315,1.8367325,1.1920929e-07,0.97618737,1.9280447
2907,62,7938,1134,4dta_ADN_B_401,0,surfdock,0.53449157,0.8023345,2.1691515,0.33399355,0.98202126,3.1216339
2908,62,7931,1133,4dta_ADN_A_401,0,surfdock,0.53449157,0.801918,2.1805117,0.32921216,0.99050774,3.3882639
2909,62,14693,2099,6auq_BYJ_B_803,0,surfdock,0.53449157,0.79758205,2.4537363,0.12509607,0.98728891,3.3498904
2910,62,4718,674,2oxp_THP_A_300,0,surfdock,0.53449157,0.78922339,2.2315094,0.48377293,0.96268291,3.7942803
2911,62,8964,1280,4kqk_PCR_B_703,4,gnina,0.45574242,0.78860003,2.0701406,0.073691681,0.99363817,1.9073455
2912,62,12656,1808,5j6y_GLC_A_309,0,surfdock,0.53449157,0.78849739,2.2056341,0.52170539,0,2.4469272
2913,62,8957,1279,4kqk_PCR_A_403,4,gnina,0.45568718,0.78798628,2.0511286,0.085166663,0.99456061,1.695891
2914,62,13664,1952,5ud3_P6F_B_404,0,surfdock,0.53449157,0.78779191,2.2105007,0.52858794,0,3.6443343
2915,62,17716,2530,7bzm_GIM_A_501,6,smina,0.51982798,0.78047467,2.0886691,0.35629201,0,1.0363857
2916,62,12289,1755,5hxi_5HN_A_403,4,gnina,0.4556289,0.78026434,1.9978489,0.22785284,0.6673586,1.6276649
2917,62,8110,1158,4ek1_CAM_B_502,4,gnina,0.49024792,0.77888264,2.248481,0.15541783,0.043326237,2.2906114
2918,62,1435,205,1km6_OMP_A_2001,0,surfdock,0.53449157,0.77883618,2.42171,0.46929994,0.97817557,4.0283383
2919,62,9583,1369,4p7q_NAG_A_703,0,surfdock,0.53449157,0.77861646,2.3969333,0.49786907,0.084504057,2.6983645
2920,62,13822,1974,5vka_AKG_A_402,4,gnina,0.53251544,0.77788184,2.2813976,0.24577513,0.97059111,1.8093679
2921,62,13734,1962,5unr_8EV_A_803,0,surfdock,0.53449157,0.77779249,2.7424936,0.16656233,0,3.6286556
2922,62,13762,1966,5uo3_8EY_A_803,0,surfdock,0.53449157,0.77692571,2.8052037,0.11889611,0.99177634,3.6236615
2923,62,8341,1191,4hey_4MZ_A_303,4,gnina,0.52367093,0.77691308,2.113837,0.39188454,0,1.3941344
2924,62,7977,1139,4dwv_PFB_B_378,4,gnina,0.45547053,0.77637607,2.0432551,0.18842106,0.96671165,2.2450861
2925,62,8348,1192,4hey_4MZ_A_307,4,gnina,0.49019375,0.77565162,2.0923593,0.36151072,1.6473936e-05,1.2114629
2926,62,9597,1371,4p7q_NAG_A_706,0,surfdock,0.53449157,0.77491799,2.5629303,0.39620748,0.11122306,2.8605044
2927,62,11778,1682,5fh3_OXL_A_703,4,gnina,0.45576123,0.77425685,2.150142,0.22628441,0.10940755,1.6191743
2928,62,14595,2085,6a1f_9OF_A_807,0,surfdock,0.53449157,0.774174,2.4513278,0.52086449,0.97926501,3.2909702
2929,62,2443,349,1syf_THP_A_180,0,surfdock,0.53449157,0.772871,2.5082953,0.48684984,0,3.7392967
2930,62,10843,1549,5a7p_6Z1_A_1361,0,surfdock,0.53476624,0.77282798,2.6986544,0.6715728,0.92192178,3.9367071
2931,62,7028,1004,3zyx_MBT_A_601,0,surfdock,0.53449157,0.77180688,2.502099,0.51187563,0.99571843,5.0978006
2932,62,1712,244,1mmy_G6D_A_348,4,gnina,0.48971972,0.77120615,2.4146123,0.11085657,0.0026300371,4.0305555
2933,62,5996,856,2zvq_1NP_X_502,4,gnina,0.48712889,0.76984154,2.1062403,0.38114148,0,1.771014
2934,62,15778,2254,6jyg_FLC_A_401,0,surfdock,0.66775147,0.76932389,4.2071857,0.14225778,0.99004638,3.0059119
2935,62,15579,2225,6ho7_GHQ_A_301,4,gnina,0.47604163,0.76910549,2.1467803,0.34747452,0.98730573,2.094326
2936,62,2849,407,1vzu_UDP_B_2371,0,surfdock,0.53449157,0.76874524,2.5457411,0.52284932,0.97566077,3.923967
2937,62,1719,245,1mmy_G6D_B_348,4,gnina,0.48712921,0.76827134,2.43715,0.10071024,0.0033965023,1.9227067
2938,62,2842,406,1vzu_UDP_A_1371,0,surfdock,0.53449157,0.76782359,2.5578542,0.52730447,0,4.0457677
2939,62,13783,1969,5uo5_M4R_B_803,0,surfdock,0.53449157,0.76701584,2.5982018,0.50152802,0.9880854,3.9172972
2940,62,6538,934,3vmg_9CA_C_2002,0,surfdock,0.53449157,0.76692978,2.5421197,0.55916536,0,3.7688702
2941,62,9202,1314,4m72_M72_B_402,4,gnina,0.48712921,0.76670646,2.195348,0.36852923,0.24263483,2.9344769
2942,62,11899,1699,5fuv_THM_B_1385,6,smina,0.56126438,0.76626378,2.8453343,0.66456997,0,2.4283086
2943,62,13769,1967,5uo3_8EY_B_804,0,surfdock,0.53449157,0.76588682,2.9279022,0.19227086,0.9837912,3.803672
2944,62,10210,1458,4wqq_MAN_D_204,4,gnina,0.44661265,0.76546772,1.8367325,1.1920929e-07,0.073111727,2.1293223
2945,62,13423,1917,5tch_MLI_B_501,4,gnina,0.45582453,0.76539563,2.3698809,0.17001,0.049081611,8.0502067
2946,62,5453,779,2wdq_CBE_K_1130,0,surfdock,0.53449157,0.76491904,2.6017058,0.5360626,0.991867,3.0709437
2947,62,6437,919,3uwb_BB2_A_154,4,gnina,0.45512364,0.76439302,2.126194,0.18775117,0.91972278,7.2553434
2948,62,13776,1968,5uo5_M4R_A_803,0,surfdock,0.53449157,0.76418993,2.6250684,0.5260005,0.98346452,4.0920005
2949,62,28,4,1a59_CIT_A_379,0,surfdock,0.53449157,0.76386629,2.60941,0.54757464,0,2.9010887
2950,63,8427,1203,4hoz_GLC_A_703,6,smina,0.54860593,0.87133046,1.7887546,0,0.16170067,0.78520421
2951,63,1687,241,1ml4_PAL_A_385,0,surfdock,0.53615911,0.84860625,1.7887546,0,0.98836746,3.2942324
2952,63,2058,294,1p7l_MET_A_485,0,surfdock,0.53615911,0.8474809,1.794988,0.0088153789,0.98409624,2.678224
2953,63,2065,295,1p7l_MET_B_385,0,surfdock,0.53615911,0.84743046,1.7952682,0.0092117274,0.97969341,2.526783
2954,63,2772,396,1uxq_G1P_A_1503,0,surfdock,0.53615911,0.83320343,1.9348363,0.065222017,0.95994683,2.9915234
2955,63,7315,1045,4bdr_CYS_B_804,0,surfdock,0.53879673,0.83076,2.0398729,0.31259,0,1.9929507
2956,63,13824,1974,5vka_AKG_A_402,6,smina,0.56282607,0.83064788,2.1103027,0.25443593,0,1.0392034
2957,63,2394,342,1sep_BIO_A_801,0,surfdock,0.53615911,0.82555344,1.9215816,0.18784587,0,3.1102741
2958,63,8959,1279,4kqk_PCR_A_403,6,smina,0.55589787,0.82205314,2.0812469,0.41364655,0,0.54557588
2959,63,3948,564,2ex1_C5P_A_1427,0,surfdock,0.53615911,0.82131308,1.9617181,0.20965351,0,3.65042
2960,63,1999,285,1opr_ORO_A_220,4,gnina,0.4643049,0.8201881,1.788973,0.00030902072,0.22505904,1.9938582
2961,63,8966,1280,4kqk_PCR_B_703,6,smina,0.55549215,0.81884103,2.1015737,0.44239306,0,0.61925031
2962,63,7979,1139,4dwv_PFB_B_378,6,smina,0.54482844,0.81875394,2.1863251,0.35206753,0.97443221,1.1952748
2963,63,1117,159,1itw_ICT_C_743,4,gnina,0.4638765,0.8110437,1.7966985,0.011234215,0.047695722,9.3253627
2964,63,10308,1472,4xf0_CYS_A_502,4,gnina,0.46407589,0.81008733,1.8246002,0.050693382,0.96923581,1.8354247
2965,63,6643,949,3w4i_8LG_C_402,0,surfdock,0.62661,0.80750813,2.1921508,0.57048857,0.99651356,2.7762108
2966,63,2993,427,1xdj_HCS_A_1049,4,gnina,0.4641561,0.806692,1.8546042,0.093125485,0.7740503,14.093383
2967,63,15581,2225,6ho7_GHQ_A_301,6,smina,0.6096961,0.80645723,2.3162084,0.43865049,0.98717229,1.8919143
2968,63,1124,160,1itw_ICT_D_743,4,gnina,0.4634987,0.80615405,1.7887546,0,0.0010759672,10.383908
2969,63,15439,2205,6gnf_GLC_B_602,4,gnina,0.46333552,0.80460544,1.7887546,0,0.99475402,5.4412782
2970,63,6636,948,3w4i_8LG_B_402,0,surfdock,0.62661,0.80259148,2.2259347,0.61826599,0.34595657,2.161602
2971,63,2835,405,1vzd_UFP_A_317,0,surfdock,0.53615911,0.80104502,2.33201,0.1491548,0.98543516,3.3424588
2972,63,1631,233,1m3u_KPL_A_265,0,surfdock,0.53615911,0.79613277,2.3001153,0.25971675,0.42182256,2.5474979
2973,63,1638,234,1m3u_KPL_B_265,0,surfdock,0.53615911,0.79613277,2.3001153,0.25971675,0.5774203,2.7065992
2974,63,1645,235,1m3u_KPL_E_265,0,surfdock,0.53615911,0.79613277,2.3001153,0.25971675,0.99436588,2.5224493
2975,63,1652,236,1m3u_KPL_F_265,0,surfdock,0.53615911,0.79613277,2.3001153,0.25971675,0.27282851,2.7092743
2976,63,1659,237,1m3u_KPL_G_265,0,surfdock,0.53615911,0.79613277,2.3001153,0.25971675,0.41429981,5.6412252
2977,63,1666,238,1m3u_KPL_I_265,0,surfdock,0.53615911,0.79613277,2.3001153,0.25971675,0.23320502,5.6368989
2978,63,1673,239,1m3u_KPL_J_265,0,surfdock,0.53615911,0.79613277,2.3001153,0.25971675,0.99584105,2.5730411
2979,63,6146,878,3roe_THM_D_265,0,surfdock,0.53615911,0.79573239,2.1755869,0.39072075,0,3.3217274
2980,63,6139,877,3roe_THM_B_265,0,surfdock,0.53615911,0.79463043,2.182426,0.4017565,0,3.3740594
2981,63,6153,879,3roe_THM_E_265,0,surfdock,0.53615911,0.79463043,2.182426,0.4017565,0,3.3240162
2982,63,6160,880,3roe_THM_F_265,0,surfdock,0.53615911,0.79463043,2.182426,0.4017565,0.39800016,3.434778
2983,63,6132,876,3roe_THM_A_265,0,surfdock,0.53615911,0.79449234,2.183284,0.40314305,0,3.3192129
2984,63,10119,1445,4v2z_Y70_A_151,4,gnina,0.46258522,0.7907141,1.8450025,0.062326033,0.99689397,2.4244454
2985,63,13073,1867,5mzj_TEP_A_2401,4,gnina,0.46425469,0.78937742,2.0441709,0.18580273,0.97845991,2.0029759
2986,63,10483,1497,4ywb_OXD_C_704,4,gnina,0.46422261,0.78914548,1.9696757,0.2558611,5.8043281e-05,2.9881648
2987,63,13465,1923,5tde_2HP_B_901,4,gnina,0.46415517,0.78467276,2.0272233,0.25081667,0.96861979,1.7079263
2988,63,620,88,1g8z_GAL_G_104,4,gnina,0.46389232,0.78401534,1.9634395,0.24704185,0.56838283,1.6791416
2989,63,15386,2198,6fw0_E92_B_602,0,surfdock,0.53615911,0.78239908,2.3708601,0.41682723,0.98620506,3.7951735
2990,63,613,87,1g8z_GAL_F_104,4,gnina,0.46371332,0.78196029,1.9586843,0.2403169,0.9685009,1.8705716
2991,63,3283,469,1zmt_RNO_B_1001,0,surfdock,0.69169698,0.78166528,3.4140255,0.67995727,0.98887301,2.8061384
2992,63,6573,939,3vnm_SDD_D_301,0,surfdock,0.62661,0.78125536,3.0881116,0.12805188,0,2.8826509
2993,63,6566,938,3vnm_SDD_A_301,0,surfdock,0.62661,0.78046255,3.0823796,0.1481964,0.5634226,2.9686438
2994,63,3276,468,1zmt_RNO_A_1002,0,surfdock,0.67864592,0.77961809,3.3678334,0.70883322,0,2.6497654
2995,63,728,104,1h0v_UN4_A_1299,0,surfdock,0.53615911,0.77574335,2.3966188,0.50587082,0,5.1399468
2996,63,11949,1707,5g09_6DF_B_1474,0,surfdock,0.69606197,0.77490223,4.1652741,0.61301821,0.98969785,4.1698878
2997,63,13846,1978,5vrj_R07_A_204,0,surfdock,0.53615911,0.77477072,2.5612707,0.35824379,0,4.5797791
2998,63,15379,2197,6fw0_E92_A_602,0,surfdock,0.53615911,0.77425517,2.6687508,0.25981447,0.54614392,3.7660483
2999,63,7945,1135,4dtb_GMP_A_401,0,surfdock,0.53615911,0.7742449,2.4910495,0.43769577,0,3.3089954
3000,64,2944,420,1x09_IPE_A_901,4,gnina,0.54999982,0.87038703,1.7747015,0.010023476,0.73411853,1.5898693
3001,64,13467,1923,5tde_2HP_B_901,6,smina,0.53573743,0.85352856,1.8651458,0.13793108,0.98793898,0.51995532
3002,64,615,87,1g8z_GAL_F_104,6,smina,0.53594377,0.85219959,1.8731195,0.14920755,1.8600377e-06,0.91785023
3003,64,13075,1867,5mzj_TEP_A_2401,6,smina,0.53959049,0.85215857,1.9143325,0.11130415,0,0.78720368
3004,64,11060,1580,5bwr_4VT_A_402,0,surfdock,0.53484164,0.84679204,1.7819042,0.020209808,0,3.2322174
3005,64,15441,2205,6gnf_GLC_B_602,6,smina,0.546593,0.84473381,1.9187752,0.21377471,0.0012664955,0.83923237
3006,64,10310,1472,4xf0_CYS_A_502,6,smina,0.53602772,0.82935693,2.0670488,0.2853767,0.97012731,0.77849068
3007,64,11914,1702,5fwe_OGA_A_1358,0,surfdock,0.53484164,0.82875138,1.8853334,0.16648066,0.99620838,2.6985111
3008,64,11921,1703,5fwe_OGA_B_1359,0,surfdock,0.53484164,0.82863611,1.8860159,0.16744588,0,2.9125906
3009,64,15470,2210,6h8p_OGA_A_504,0,surfdock,0.53484164,0.82700788,1.8956894,0.18112619,0,2.7037712
3010,64,4711,673,2ot7_OGA_B_500,0,surfdock,0.53484164,0.81279099,1.9826363,0.30408776,0,2.6939666
3011,64,10121,1445,4v2z_Y70_A_151,6,smina,0.54243107,0.81209582,2.2420816,0.38075507,0,1.9377782
3012,64,9013,1287,4kwl_3SS_A_302,4,gnina,0.47523442,0.81130928,1.7676138,0,0.90050951,1.6985979
3013,64,4704,672,2ot7_OGA_A_500,0,surfdock,0.53484164,0.80933345,2.0044773,0.33497557,0.99467675,2.7214344
3014,64,7903,1129,4do1_ANN_B_502,0,surfdock,0.53484164,0.80083026,2.1798708,0.2921772,0.99638973,2.6886339
3015,64,7910,1130,4do1_ANN_C_502,0,surfdock,0.53484164,0.80083026,2.1798708,0.2921772,0.99806827,2.5930361
3016,64,7917,1131,4do1_ANN_D_502,0,surfdock,0.53484164,0.80083026,2.1798708,0.2921772,0.99500566,2.5249288
3017,64,10623,1517,4zjz_BEZ_A_1001,4,gnina,0.4754458,0.79177141,1.918718,0.17904814,0.99169519,2.3652483
3018,64,5488,784,2wj4_HQD_C_1277,0,surfdock,0.53484164,0.78817249,2.1961553,0.48127794,0.026462154,2.2596126
3019,64,3654,522,2c3d_COM_A_1525,0,surfdock,0.53484164,0.77390453,2.6793883,0.24174751,0.99153815,2.3981563
3020,64,3668,524,2c3d_COM_B_1525,0,surfdock,0.53484164,0.77197825,2.7221642,0.23291247,0.97631434,2.3856056
3021,64,3661,523,2c3d_COM_A_1526,0,surfdock,0.53484164,0.77184679,2.7250383,0.23236415,0.97782818,2.4483888
3022,64,8092,1156,4ejh_0QA_F_502,0,surfdock,0.53484164,0.7704379,2.8019705,0.18043053,0,3.0859733
3023,64,12138,1734,5h24_LQG_A_501,0,surfdock,0.53484164,0.76948172,2.5307016,0.46874338,0.99173182,6.3582158
3024,64,8078,1154,4ejh_0QA_A_502,0,surfdock,0.53484164,0.76864166,2.8250608,0.18941163,0.99249055,3.0687066
3025,64,6552,936,3vnj_PSJ_B_301,0,surfdock,0.62404127,0.76851177,3.2679675,0.15572248,0.73477122,2.94644
3026,64,6559,937,3vnj_PSJ_D_301,0,surfdock,0.62404127,0.76851177,3.2679675,0.15572248,0.91312897,2.797116
3027,64,8085,1155,4ejh_0QA_D_502,0,surfdock,0.53484164,0.76796216,2.5778482,0.44881564,0,3.2009156
3028,65,10625,1517,4zjz_BEZ_A_1001,6,smina,0.5419078,0.87153107,1.7543136,0,7.4747403e-08,0.69587525
3029,65,17171,2453,6tbx_N0Z_D_302,0,surfdock,0.53565546,0.81295159,1.9870902,0.2959632,0,2.479586
3030,65,9015,1287,4kwl_3SS_A_302,6,smina,0.50547773,0.80533491,1.8819252,0.18047006,0.62750063,0.76380438
3031,65,16240,2320,6ncx_ADA_D_601,0,surfdock,0.53565546,0.80157998,2.4015429,0.057603359,0,2.6086906
3032,65,12205,1743,5hc0_NPO_A_402,4,gnina,0.48012362,0.79856505,1.7543136,0,0.015055082,1.4447605
3033,65,4480,640,2jhp_GUN_A_1648,0,surfdock,0.53565546,0.79494569,2.0902717,0.47511664,0.0013521698,2.274442
3034,65,4473,639,2jhp_GUN_A_1647,0,surfdock,0.53565546,0.79458967,2.0926645,0.47850031,0.003464884,2.3631165
3035,65,15516,2216,6hmw_FUL_A_203,4,gnina,0.48200174,0.79394673,1.9342119,0.18929583,0.050537344,2.8057803
3036,65,5012,716,2qim_ZEA_A_160,0,surfdock,0.53565546,0.79264263,2.2148347,0.38806155,0,4.7104
3037,65,12292,1756,5hyv_TPP_A_701,0,surfdock,0.53565546,0.79232502,2.200278,0.4078162,0.85123816,6.9147297
3038,65,5005,715,2qim_ZEA_A_159,0,surfdock,0.53565546,0.79033903,2.241833,0.39890775,0.99028936,3.3746808
3039,65,15523,2217,6hmw_FUL_B_204,4,gnina,0.48165159,0.78938658,1.9352622,0.17383702,0.99879277,2.2175412
3040,65,12548,1792,5j4k_6FZ_A_404,4,gnina,0.47940446,0.78879328,1.763682,0.013249002,0.84280335,1.4491102
3041,65,15537,2219,6hmw_FUL_F_202,4,gnina,0.48152441,0.78741705,1.9352622,0.17383702,0.9951536,2.4077074
3042,65,8138,1162,4evi_N7I_B_401,4,gnina,0.48203823,0.78700208,2.0263927,0.21564342,0.99763647,3.2269904
3043,65,5894,842,2zi2_24U_H_801,0,surfdock,0.53565546,0.7832834,2.3082943,0.45044184,0.94760229,3.8489437
3044,65,16930,2418,6rlt_MLI_A_508,4,gnina,0.48194805,0.78226593,2.1279953,0.16183622,0.59734535,2.1457903
3045,65,13517,1931,5thu_B3N_B_404,0,surfdock,0.5745887,0.78055694,2.8996143,0.25323191,0,3.6837984
3046,65,3049,435,1xuz_PEP_A_2001,4,gnina,0.4739367,0.77873291,1.7543136,0,0.93958689,2.1017271
3047,65,553,79,1g4s_TPS_A_2001,0,surfdock,0.53565546,0.77536997,2.4579527,0.43697762,0.98867079,4.0188
3048,65,5019,717,2qim_ZEA_A_161,0,surfdock,0.53565546,0.77432826,2.2942784,0.61889136,0,3.0332242
3049,65,5026,718,2qim_ZEA_A_162,0,surfdock,0.53565546,0.77427051,2.2814505,0.63273203,0,2.9456981
3050,65,7651,1093,4cmk_FQW_A_1270,0,surfdock,0.53565546,0.77374705,2.3934863,0.52989256,0.9571559,3.826882
3051,65,172,24,1bqp_MAN_B_401,4,gnina,0.47873148,0.77302633,1.8402196,0.12148952,0.99689744,1.8551375
3052,65,16937,2419,6rlt_MLI_B_511,4,gnina,0.4815007,0.77279035,2.1646011,0.16608579,0.66561134,2.2560714
3053,65,7672,1096,4cmk_FQW_D_1270,0,surfdock,0.53565546,0.77262758,2.4101992,0.53290647,0.99061305,3.7015613
3054,65,4032,576,2fcu_AKG_B_898,0,surfdock,0.53565546,0.77252473,2.7837579,0.16116516,0.9951317,2.7441418
3055,65,7658,1094,4cmk_FQW_B_1270,0,surfdock,0.53565546,0.77170259,2.4237003,0.53577214,0,4.0624783
3056,65,7665,1095,4cmk_FQW_C_1270,0,surfdock,0.53565546,0.77123021,2.4304945,0.53735852,0.95793718,3.8316107
3057,65,12373,1767,5iav_MLI_A_302,4,gnina,0.48052433,0.77101381,2.0923283,0.1303616,0.71451342,2.0305035
3058,65,16338,2334,6nsu_DYA_A_402,0,surfdock,0.53565546,0.76783689,2.4624727,0.56603593,0,2.5503455
3059,65,263,37,1d6u_HY1_B_3001,4,gnina,0.48203538,0.76778076,2.1881034,0.36321753,0.97149502,4.4583965
3060,65,1782,254,1n5i_TMP_A_217,4,gnina,0.48152102,0.76652022,2.1096435,0.32832682,0.98917489,3.5444947
3061,65,256,36,1d6u_HY1_A_2001,4,gnina,0.48196589,0.76645034,2.1881034,0.36321753,0.99548726,3.365729
3062,65,15509,2215,6hl9_SIN_B_402,4,gnina,0.48094228,0.76623264,2.0825093,0.26775441,0.00068395039,2.6723727
3063,65,6185,883,3ryd_SRT_A_267,4,gnina,0.486937,0.76622351,2.4871478,0.16729294,0.093633642,2.3507434
3064,65,7697,1099,4cno_9PY_D_301,4,gnina,0.48163423,0.76597941,2.3195934,0.15582064,0.92287123,3.3875619
3065,65,12835,1833,5kjw_53C_B_800,4,gnina,0.48234055,0.76336384,2.2995305,0.39423957,0.0021873312,2.0337934
3066,65,15551,2221,6hmw_FUL_H_201,4,gnina,0.47891636,0.76239698,1.9414867,0.19767141,0.0015617879,3.8563556
3067,65,2783,397,1v03_BGC_A_1498,4,gnina,0.47567502,0.7619975,1.9237975,0.10835428,0.87859552,4.66377
3068,65,683,97,1gsi_TMP_A_1210,4,gnina,0.48082342,0.76124778,2.1001718,0.31711257,0.32520119,3.3977728
3069,65,16944,2420,6rlt_MLI_B_512,4,gnina,0.47964461,0.75952039,2.1063814,0.15160114,0.12911536,2.2469524
3070,65,627,89,1g8z_GAL_H_104,4,gnina,0.47953675,0.75889966,1.9847857,0.26331091,0.00068052065,1.7309438
3071,65,15544,2220,6hmw_FUL_G_202,4,gnina,0.47457658,0.75616722,1.9352622,0.17383702,0.99605811,2.1548268
3072,65,151,21,1axg_ETF_B_404,4,gnina,0.47976645,0.75552245,2.0329609,0.30816802,0.9805795,3.3450711
3073,65,13622,1946,5u8z_83D_B_602,0,surfdock,0.53565546,0.7554966,2.9905083,0.2655184,3.3227494e-07,3.4737884
3074,65,13636,1948,5u8z_83D_D_602,0,surfdock,0.53565546,0.7554966,2.9905083,0.2655184,0,3.5406719
3075,65,158,22,1axg_ETF_C_404,4,gnina,0.4796739,0.75513697,2.0246503,0.30691358,0.92264914,3.4096305
3076,65,1460,208,1kuj_MMA_C_502,4,gnina,0.48164012,0.75491943,2.4034035,0.26067331,0.98028587,2.1663832
3077,65,560,80,1g4s_TPS_B_2002,0,surfdock,0.52950744,0.753987,2.4685094,0.43964645,0,3.9905137
3078,66,15546,2220,6hmw_FUL_G_202,6,smina,0.52923537,0.82857919,1.7487739,0,0.99605066,0.89304499
3079,66,15525,2217,6hmw_FUL_B_204,6,smina,0.52663663,0.82640587,1.7487739,0,0.95134835,0.63770099
3080,66,10322,1474,4xh4_PPI_A_504,4,gnina,0.52628073,0.8241443,1.7542759,0.0077809258,0.86211515,1.6115082
3081,66,15539,2219,6hmw_FUL_F_202,6,smina,0.52533123,0.82294214,1.7487739,0,0.99518184,0.59617447
3082,66,11998,1714,5g44_YTZ_A_1512,0,surfdock,0.53378256,0.81632528,1.9464928,0.27961674,0.00010079617,2.9993662
3083,66,13570,1938,5tzr_MLI_A_2403,4,gnina,0.51996749,0.81588083,1.7507049,0.0027308348,0.00010712918,1.8759716
3084,66,15106,2158,6f2v_AMP_B_1001,0,surfdock,0.53378256,0.81378523,2.0477617,0.21655013,0,3.7240255
3085,66,153,21,1axg_ETF_B_404,6,smina,0.51344423,0.81370551,1.7487739,0,0.97820694,0.71939019
3086,66,1462,208,1kuj_MMA_C_502,6,smina,0.51967344,0.81087924,1.7794997,0.041796818,0.99043813,1.0329455
3087,66,6199,885,3se2_3AB_C_4,4,gnina,0.50186303,0.80864941,1.7567936,0.011341604,0.98961868,2.1561149
3088,66,441,63,1f5f_DHT_A_253,0,surfdock,0.53378256,0.80823297,1.997427,0.35164839,0.98975694,3.4907207
3089,66,6206,886,3se2_3AB_D_3,4,gnina,0.50178131,0.807974,1.753244,0.0063218027,0.91978108,2.3717138
3090,66,1495,213,1kya_XYD_B_612,4,gnina,0.52503114,0.79809744,1.946663,0.14838526,0.98832672,4.5565255
3091,66,1509,215,1l4f_150_A_990,4,gnina,0.52599074,0.79500343,1.9662566,0.20631927,0.022965378,1.8584074
3092,66,174,24,1bqp_MAN_B_401,6,smina,0.52056363,0.79118497,1.9016495,0.21619867,0.99227775,0.76984829
3093,66,15295,2185,6flu_DTK_B_401,0,surfdock,0.53378256,0.78960407,2.1383865,0.50827086,0,3.3140699
3094,66,15260,2180,6flu_DTK_A_401,0,surfdock,0.53378256,0.78649699,2.1598713,0.53848743,0.15435641,3.3352154
3095,66,15267,2181,6flu_DTK_A_403,0,surfdock,0.53378256,0.78601523,2.1632245,0.5432055,0.92117095,3.3213897
3096,66,7259,1037,4b1f_DGL_A_1257,0,surfdock,0.53378256,0.78411098,2.3150103,0.42346859,0.0014380996,2.895579
3097,66,11865,1695,5fqf_NGA_A_1588,0,surfdock,0.53378256,0.78378155,2.3316376,0.41241005,0.96236063,4.5167768
3098,66,15302,2186,6flu_DTK_B_402,0,surfdock,0.53378256,0.7816634,2.1937938,0.58622348,0.080564702,3.238258
3099,66,160,22,1axg_ETF_C_404,6,smina,0.49209383,0.78090193,1.7487739,0,0.93178758,0.53518158
3100,66,15274,2182,6flu_DTK_A_404,0,surfdock,0.53378256,0.78069261,2.2006824,0.59591872,0.78265699,3.2608547
3101,66,6115,873,3r51_MMA_A_200,4,gnina,0.52268083,0.77981224,1.9874759,0.33757553,0.98866503,1.9353093
3102,66,7699,1099,4cno_9PY_D_301,6,smina,0.49805681,0.77838879,1.7962438,0.067132622,0.96551874,1.047493
3103,66,15323,2189,6flu_DTK_B_405,0,surfdock,0.53378256,0.77777209,2.2215612,0.62530637,0,3.1620892
3104,66,14746,2106,6b6r_BEN_A_302,4,gnina,0.50200292,0.77674083,2.0394168,0.22937895,0.9948327,1.4386174
3105,66,13374,1910,5t3h_BEN_A_302,4,gnina,0.50198908,0.7764809,2.0394168,0.22937895,0.99474533,1.7120192
3106,66,15397,2199,6g3f_FUM_A_601,4,gnina,0.49997824,0.77635339,1.8365237,0.1240968,0.017714108,3.3501582
3107,66,17049,2435,6sux_BEN_A_302,4,gnina,0.50194923,0.77550066,2.0442514,0.23391536,0.99563407,1.7478407
3108,66,10273,1467,4x36_CHT_A_408,4,gnina,0.52526233,0.77489873,2.2069123,0.26092941,0.060996447,1.6217252
3109,66,6906,986,3wwc_BUA_A_403,4,gnina,0.52446465,0.77485345,2.0992711,0.34312388,3.367669e-05,1.4521994
3110,66,11872,1696,5fqf_NGA_A_1589,0,surfdock,0.53378256,0.77422496,2.41852,0.49016383,0.51472543,2.5228299
3111,66,8397,1199,4hgg_SYN_B_502,4,gnina,0.52233663,0.77412163,2.0569079,0.3514058,0.00017374498,2.2890154
3112,66,17056,2436,6svu_BEN_A_302,4,gnina,0.50180071,0.77368252,2.0442514,0.23391536,0.99395164,2.6073303
3113,66,11886,1698,5fqf_NGA_B_1586,0,surfdock,0.53378256,0.77192935,2.4377687,0.5113765,0.11588472,2.7350391
3114,66,10280,1468,4x36_CHT_A_409,4,gnina,0.52514158,0.77181713,2.2551801,0.26031297,0.98865111,1.5583885
3115,66,1967,281,1o8a_NXA_A_702,0,surfdock,0.53378256,0.77104183,2.2631874,0.70169717,0.98983562,2.3559829
3116,66,5940,848,2ztl_3HL_C_301,4,gnina,0.52470346,0.77094293,2.3601081,0.15403135,0.99533857,2.1229134
3117,66,8390,1198,4hgg_SYN_A_502,4,gnina,0.51608755,0.77065167,2.0569079,0.3514058,1.8623296e-05,2.0765465
3118,66,5926,846,2ztl_3HL_A_301,4,gnina,0.52436091,0.77024195,2.3601081,0.15403135,0.99201901,2.213477
3119,66,4298,614,2hs3_FGR_A_2166,0,surfdock,0.53378256,0.76984037,2.8806753,0.10560369,0.92818262,3.9436492
3120,66,2755,393,1uux_PPI_A_1165,4,gnina,0.52159562,0.76932065,2.0835223,0.39511365,0.00041528366,2.3004046
3121,66,17763,2537,7jo3_VGS_A_302,4,gnina,0.50090945,0.76888902,1.9629396,0.20727384,0.99243681,2.3241309
3122,66,5933,847,2ztl_3HL_B_301,4,gnina,0.52296613,0.76881128,2.3661106,0.14638597,0.97108292,2.9448393
3123,66,10287,1469,4x36_CHT_A_411,4,gnina,0.51121814,0.76784719,2.1766732,0.25973266,0.04488214,2.5125417
3124,66,17203,2457,6tgl_LVP_B_201,4,gnina,0.5008436,0.7677334,1.9270393,0.25210533,1.9877009e-06,2.427817
3125,66,6367,909,3u1t_MLI_B_350,4,gnina,0.50190214,0.76627734,2.2590632,0.15777509,0.00018807884,2.0379403
3126,66,4470,638,2jfv_FLC_A_1271,4,gnina,0.49286333,0.76565648,1.8825473,0.096853383,0.13497512,2.877453
3127,66,6769,967,3wjz_NUP_A_301,0,surfdock,0.53378256,0.76516047,2.7728636,0.29771289,0,3.6776969
3128,67,17051,2435,6sux_BEN_A_302,6,smina,0.56729311,0.87058743,1.6944503,0,0.99528147,0.70780964
3129,67,14748,2106,6b6r_BEN_A_302,6,smina,0.56695751,0.87038299,1.6944503,0,0.99484727,0.63332224
3130,67,13376,1910,5t3h_BEN_A_302,6,smina,0.56692872,0.87031484,1.6944503,0,0.99472224,0.67457602
3131,67,17058,2436,6svu_BEN_A_302,6,smina,0.566692,0.87024669,1.6944503,0,0.99496937,0.67998667
3132,67,17765,2537,7jo3_VGS_A_302,6,smina,0.56645088,0.85484666,1.784758,0.1123834,0.99384505,1.67786
3133,67,3051,435,1xuz_PEP_A_2001,6,smina,0.54988052,0.85044287,1.8117776,0.095255822,0.94619993,0.99857274
3134,67,258,36,1d6u_HY1_A_2001,6,smina,0.56734908,0.83759447,1.8899854,0.25733462,0.0063647831,0.9322478
3135,67,265,37,1d6u_HY1_B_3001,6,smina,0.55790776,0.83667663,1.8899854,0.25733462,0.0060246585,0.7577231
3136,67,3378,482,227l_BNZ_A_169,4,gnina,0.55110447,0.83665173,1.8758749,0.25657299,2.3666409e-05,1.8881698
3137,67,6201,885,3se2_3AB_C_4,6,smina,0.5649677,0.83390882,1.8999683,0.2906464,0,0.76117958
3138,67,1474,210,1kwc_BPY_B_401,4,gnina,0.5508068,0.83194911,1.9007635,0.29177102,0.0030372542,2.336225
3139,67,6117,873,3r51_MMA_A_200,6,smina,0.56824346,0.82570071,1.9567146,0.37089783,0.99344042,0.93529013
3140,67,6208,886,3se2_3AB_D_3,6,smina,0.53760602,0.82266008,1.8940068,0.28221557,0,0.86259574
3141,67,12550,1792,5j4k_6FZ_A_404,6,smina,0.51057015,0.81198037,1.6944503,0,0.77373321,0.68254634
3142,67,1497,213,1kya_XYD_B_612,6,smina,0.56755315,0.81167329,2.1751006,0.36868596,0,0.69265223
3143,67,1316,188,1jyx_IPT_A_2001,0,surfdock,0.53273613,0.81060162,1.9833943,0.064758025,0,2.9842967
3144,67,1330,190,1jyx_IPT_C_2001,0,surfdock,0.53273613,0.81007436,1.9765931,0.07934545,0,2.8209646
3145,67,5942,848,2ztl_3HL_C_301,6,smina,0.57011182,0.80783318,2.0735109,0.53607255,0.00029793126,0.70586192
3146,67,5928,846,2ztl_3HL_A_301,6,smina,0.56864806,0.80776998,2.0735109,0.53607255,0.00033717621,0.6843413
3147,67,1323,189,1jyx_IPT_A_2002,0,surfdock,0.53273613,0.80752402,1.9611421,0.13267423,0.00063031565,2.8837358
3148,67,2979,425,1x8x_TYR_A_952,4,gnina,0.54490388,0.80684655,2.1441395,0.32035482,7.4857321e-06,2.012396
3149,67,5935,847,2ztl_3HL_B_301,6,smina,0.56074602,0.80505763,2.0845463,0.5516789,0.0092645086,0.66544782
3150,67,10282,1468,4x36_CHT_A_409,6,smina,0.56748144,0.80340362,2.1396706,0.53706539,0,0.58411179
3151,67,8239,1177,4ghf_4NC_C_402,0,surfdock,0.53273613,0.79435852,2.0376527,0.25753203,0,2.6202711
3152,67,2090,298,1pfw_MF3_A_553,4,gnina,0.55039308,0.79246639,2.4738791,0.32816884,0.93724513,3.7407611
3153,67,1348,192,1k8z_IAG_A_501,4,gnina,0.54656509,0.79121909,2.3951399,0.34452802,0.0056558862,2.8631098
3154,67,9580,1368,4p5y_NGA_A_201,4,gnina,0.5498399,0.78849355,2.3430011,0.51317608,0.37464,1.9933696
3155,67,1187,169,1j0y_BGC_C_3601,4,gnina,0.50912084,0.78579805,1.9000498,0.15840252,0.99471414,5.1669663
3156,67,3290,470,1zmt_RNO_C_1003,0,surfdock,0.622613,0.78577506,2.7904167,0.22349034,0.00013013306,2.6935252
3157,67,1173,167,1j0y_BGC_A_1601,4,gnina,0.50910624,0.78566596,1.9000498,0.15840252,0.99026507,6.4772123
3158,67,1194,170,1j0y_BGC_D_4601,4,gnina,0.50895656,0.78381671,1.9000498,0.15840252,0.99544638,5.5191117
3159,67,389,55,1e8g_FCR_B_601,4,gnina,0.54863126,0.78205494,2.301435,0.6387611,0.066671352,3.6890268
3160,67,11750,1678,5fe1_12Q_A_901,4,gnina,0.55114642,0.7779077,2.54146,0.54466605,0.99032203,2.0812783
3161,67,11757,1679,5fe1_12Q_B_901,4,gnina,0.55112736,0.77784668,2.54146,0.54466605,0.98733452,1.7074715
3162,67,11218,1602,5cpp_ADO_A_422,4,gnina,0.54706919,0.77534557,2.4574411,0.56366086,0.22872553,1.7897079
3163,67,9650,1378,4pik_MAN_C_503,4,gnina,0.48846658,0.77422382,1.6952871,0.0011834835,0.99442552,1.8542036
3164,67,105,15,1amq_PMP_A_413,0,surfdock,0.53273613,0.77398501,2.232497,0.39479303,0,3.1383996
3165,67,1747,249,1msv_PUT_B_355,4,gnina,0.53519402,0.77388684,2.6830304,0.27740058,0.92001553,2.3397728
3166,67,1784,254,1n5i_TMP_A_217,6,smina,0.56506691,0.77374354,2.5651104,0.61567962,0,3.3982813
3167,67,1932,276,1o2i_655_A_246,0,surfdock,0.53273613,0.77347895,2.3061771,0.32969898,0.99334405,2.6354764
3168,67,8232,1176,4ghf_4NC_A_402,0,surfdock,0.53273613,0.77333799,2.0986054,0.53966439,0,4.6651531
3169,67,8246,1178,4ghf_4NC_D_402,0,surfdock,0.53273613,0.77333799,2.0986054,0.53966439,0,2.5168662
3170,67,1309,187,1jyw_147_A_2001,0,surfdock,0.53273613,0.77103781,2.5013289,0.17619573,0.98575778,3.5371734
3171,67,1103,157,1isx_XYP_B_961,4,gnina,0.54401844,0.76861327,2.5158856,0.59178764,0.97528673,2.0395475
3172,67,6073,867,3qss_MTG_A_405,4,gnina,0.5344727,0.76795165,2.4330442,0.62541831,0.90616657,2.5199156
3173,67,14235,2033,5xoi_SIN_A_401,4,gnina,0.54192039,0.76729367,2.7892692,0.3269687,0.90212068,1.4931915
3174,67,10759,1537,4zvz_4TF_A_503,0,surfdock,0.67506746,0.76598502,3.0577986,1.0998322,0,3.25305
3175,67,5191,741,2rtn_IMI_D_300,4,gnina,0.50885968,0.76562498,2.0414736,0.28279898,0.9860596,3.0728551
3176,67,11526,1646,5eo7_SFU_B_401,4,gnina,0.53902473,0.76531697,2.5877745,0.54469234,0.82249309,2.6749301
3177,67,3476,496,2aiq_BEN_A_401,4,gnina,0.54912075,0.76527453,2.6182773,0.63675272,0.96948563,1.5044654
3178,68,1196,170,1j0y_BGC_D_4601,6,smina,0.56817522,0.858657,1.6214136,0,0.99561829,0.93180391
3179,68,1189,169,1j0y_BGC_C_3601,6,smina,0.56781033,0.85845186,1.6214136,0,0.25181758,0.99905697
3180,68,1175,167,1j0y_BGC_A_1601,6,smina,0.56602933,0.85824672,1.6214136,0,0.22234628,1.1645375
3181,68,1105,157,1isx_XYP_B_961,6,smina,0.55953809,0.85722101,1.6214136,0,0.021229635,0.57519997
3182,68,9652,1378,4pik_MAN_C_503,6,smina,0.57667021,0.85261064,1.6641256,0.060403794,0.99424236,0.8916094
3183,68,3478,496,2aiq_BEN_A_401,6,smina,0.55544221,0.84229493,1.7007297,0.1121699,0.00035627015,0.6691384
3184,68,8140,1162,4evi_N7I_B_401,6,smina,0.56906792,0.82919698,1.8599821,0.17235737,0,2.0644802
3185,68,12089,1727,5gwt_SIN_A_302,0,surfdock,0.53078043,0.82124316,1.6857315,0.090959415,0.99381726,2.4463933
3186,68,12096,1728,5gwt_SIN_C_301,0,surfdock,0.53078043,0.82124316,1.6857315,0.090959415,0,2.4051284
3187,68,14237,2033,5xoi_SIN_A_401,6,smina,0.52849558,0.80252592,1.6706014,0.069562033,0,0.89852918
3188,68,6451,921,3v1s_0LH_B_401,4,gnina,0.59177964,0.80145598,2.2152967,0.42514068,0.013387532,2.2243775
3189,68,8159,1165,4f06_PHB_A_401,4,gnina,0.58982053,0.79888483,2.0847805,0.55760491,0.99503577,1.8325139
3190,68,7508,1072,4cjv_IV2_B_1215,4,gnina,0.59184864,0.79764208,2.5096562,0.19674608,0.97667082,1.6262665
3191,68,6075,867,3qss_MTG_A_405,6,smina,0.53673284,0.79542902,2.0332758,0.46017003,0.00092424007,0.7927917
3192,68,2608,372,1toq_AMG_G_504,4,gnina,0.57783701,0.79492353,2.0229249,0.56782275,0.97921127,2.418097
3193,68,1749,249,1msv_PUT_B_355,6,smina,0.53803501,0.79407917,2.1020348,0.41880649,0.98670242,0.71380387
3194,68,998,142,1ho5_ADN_B_2604,4,gnina,0.58664819,0.78981092,2.6815889,0.065466531,6.0170552e-09,3.6761832
3195,68,8327,1189,4h9x_HL4_A_404,4,gnina,0.55986743,0.78977874,2.2034557,0.42377117,0.55857501,2.3757969
3196,68,228,32,1cdk_MYR_B_403,4,gnina,0.56352532,0.78064394,2.3258731,0.46979401,0.83482987,2.1371706
3197,68,1600,228,1lti_GAL_E_104,4,gnina,0.58494708,0.77831223,2.7580938,0.16729319,0.66476972,1.9883214
3198,68,11752,1678,5fe1_12Q_A_901,6,smina,0.56342443,0.77825842,2.3026044,0.53382051,0,0.59428369
3199,68,11759,1679,5fe1_12Q_B_901,6,smina,0.56222825,0.77801031,2.3026044,0.53382051,0,0.54358185
3200,68,1593,227,1lti_GAL_D_104,4,gnina,0.57637431,0.77622913,2.7602861,0.14834559,0.98717018,2.0008758
3201,68,1607,229,1lti_GAL_H_104,4,gnina,0.58213444,0.7754428,2.7558916,0.20327625,0.98903389,2.2753825
3202,68,13157,1879,5nov_93B_A_201,4,gnina,0.59120119,0.77540669,2.8141758,0.26681316,0.26403636,1.9171164
3203,68,4872,696,2qb3_PMP_A_700,0,surfdock,0.53078043,0.77508149,2.0253181,0.4624939,0,3.1583242
3204,68,4155,593,2fzb_TOL_A_800,4,gnina,0.58419589,0.77447915,2.8009748,0.18889455,0.00014165223,4.5722485
3205,68,3210,458,1zei_CRS_E_55,4,gnina,0.5916918,0.77416626,2.9318869,0.18196279,9.8062974e-06,1.8737316
3206,69,1595,227,1lti_GAL_D_104,6,smina,0.53842427,0.85167169,1.5899383,0,0.98758186,0.84560292
3207,69,1609,229,1lti_GAL_H_104,6,smina,0.53819301,0.8511236,1.5899383,0,0.98904427,0.73105582
3208,69,2610,372,1toq_AMG_G_504,6,smina,0.535302,0.83937002,1.6446643,0.077394202,0.99399425,1.0623412
3209,69,5193,741,2rtn_IMI_D_300,6,smina,0.54981459,0.81481949,1.836709,0.34898663,0.30624612,3.5231492
3210,69,6969,995,3zjq_NCA_B_300,4,gnina,0.57540102,0.81211168,1.9838215,0.27877048,5.9838391e-06,1.6563206
3211,69,8173,1167,4f8n_PC_A_202,4,gnina,0.58369327,0.80699285,1.9115909,0.45488536,2.5810723e-07,2.1031892
3212,69,1096,156,1isx_XYP_A_1461,4,gnina,0.53645587,0.80068122,2.0098994,0.29722354,0.97624465,2.6410294
3213,69,16713,2387,6qo4_97T_B_301,4,gnina,0.53324184,0.7951965,1.9966532,0.3539004,0.99763953,2.7356868
3214,69,17343,2477,6urx_JMG_A_316,4,gnina,0.60124562,0.79271348,2.6476772,0.078873336,0.075619508,1.8567633
3215,69,2191,313,1pwz_RSO_A_256,0,surfdock,0.53052071,0.7901915,1.8552016,0.26476616,0.99704689,2.2953551
3216,69,7510,1072,4cjv_IV2_B_1215,6,smina,0.53114269,0.78744597,1.9619032,0.50162864,0.052108639,0.87846395
3217,69,11554,1650,5eo7_SFU_C_401,4,gnina,0.54240492,0.78443204,2.4757459,0.17804188,0.86090734,2.6247865
3218,69,7235,1033,4al9_GLA_E_1123,4,gnina,0.59953486,0.78394616,2.6821663,0.16523342,0.99723239,2.0316281
3219,69,8161,1165,4f06_PHB_A_401,6,smina,0.53913566,0.78328554,2.1197603,0.50847888,0,1.0944909
3220,69,7214,1030,4al9_GLA_A_1123,4,gnina,0.59600969,0.78140591,2.6821663,0.16523342,0.99731625,2.0886162
3221,69,7221,1031,4al9_GLA_C_1123,4,gnina,0.59402398,0.78072438,2.6821663,0.16523342,0.99489451,2.4441147
3222,69,7228,1032,4al9_GLA_D_1123,4,gnina,0.59004839,0.77948523,2.6821663,0.16523342,0.9948591,2.0961933
3223,69,8614,1230,4i6s_FUC_C_101,4,gnina,0.57825249,0.77909381,2.6719906,0.1428626,0.99215671,1.4215779
3224,69,8607,1229,4i6s_FUC_B_102,4,gnina,0.59272731,0.77612285,2.7510221,0.17513645,0.99634592,2.0999585
3225,69,8593,1227,4i6s_FUC_A_101,4,gnina,0.58909887,0.77609401,2.7381468,0.16416848,0.99698009,1.4695586
3226,69,11547,1649,5eo7_SFU_B_405,4,gnina,0.53360913,0.77585662,2.4871686,0.18886499,0.99098463,2.6045292
3227,69,5691,813,2y2f_YI1_A_1469,0,surfdock,0.53052071,0.77264853,2.0654867,0.33804932,0.83272339,3.5093002
3228,69,8600,1228,4i6s_FUC_B_101,4,gnina,0.55939126,0.77232956,2.7381468,0.16416848,0.99787803,1.3882819
3229,69,10224,1460,4ws6_WBU_A_301,4,gnina,0.53425454,0.77062922,2.2696602,0.50351226,5.1519438e-07,1.89395
3230,69,10581,1511,4zbc_FRU_B_408,4,gnina,0.53794543,0.76951333,2.4920924,0.35636035,0.00045318814,3.7980845
3231,69,5947,849,2ztl_3HL_D_301,4,gnina,0.53614795,0.76772293,2.2839134,0.57780278,0,2.1573102
3232,69,6468,924,3v8n_5NB_A_301,0,surfdock,0.53052071,0.76699151,2.4091041,0.090048537,0.25908289,3.2216833
3233,69,473,67,1foi_14W_A_810,4,gnina,0.54256051,0.76158049,2.2333672,0.83359694,2.4001213e-06,2.9246652
3234,69,12457,1779,5in3_G1P_B_418,4,gnina,0.53905601,0.75934468,2.7981012,0.25589064,0.82688479,2.7776779
3235,69,5184,740,2rtn_IMI_B_300,4,gnina,0.52424647,0.75911583,1.9336354,0.19955142,0.98680205,2.8453594
3236,69,977,139,1hdi_3PG_A_419,4,gnina,0.59178133,0.75878078,2.3327367,0.91036451,0.038082066,2.0601689
3237,69,2258,322,1q6r_LX1_A_7301,4,gnina,0.53517979,0.75865427,2.7223442,0.28859112,0.060144459,2.2548038
3238,69,2265,323,1q6r_LX1_B_9301,4,gnina,0.53497645,0.75822562,2.7223442,0.28859112,0.028295898,2.8553812
3239,69,3448,492,2ahc_VNL_A_166,4,gnina,0.54860843,0.75643783,2.675884,0.50212407,0.00036360511,2.5570233
3240,69,662,94,1giu_ADE_A_300,4,gnina,0.52383626,0.75641012,1.7982903,0.29465407,0.1552893,1.6064843
3241,69,9146,1306,4lvb_20N_B_601,4,gnina,0.60264352,0.75552599,3.0023174,0.43412858,3.032122e-07,3.461842
3242,69,2748,392,1uqx_MMA_A_1116,4,gnina,0.57747301,0.75547784,2.284517,0.96535683,0.95911907,1.6077898
3243,69,165,23,1axg_ETF_D_404,4,gnina,0.55770693,0.75543379,2.7314594,0.48436478,0.96158857,10.188681
3244,69,8103,1157,4ek1_CAM_A_502,4,gnina,0.54322116,0.75514867,2.5432405,0.65019459,0.046482637,2.0064011
3245,69,13049,1864,5mot_HBD_A_402,1,unimol,0.7658633,0.75502898,4.8137703,0.84274101,0.90821287,22.11
3246,69,9566,1366,4oxy_1TN_A_302,4,gnina,0.59667145,0.75415234,2.6203706,0.74664515,5.4457692e-05,5.4967967
3247,69,13304,1900,5oir_9W8_A_302,4,gnina,0.53775562,0.75396824,2.4846878,0.64903349,0.41659568,3.8212842
3248,69,7868,1124,4dch_4DC_A_502,0,surfdock,0.53052071,0.75369943,2.1442521,0.5880987,0.96829989,3.9644829
3249,69,179,25,1bqp_MAN_C_402,4,gnina,0.53675087,0.75313297,2.4736207,0.66677576,0.97895466,1.8007861
3250,69,17283,2469,6tt4_FT8_B_711,0,surfdock,0.53052071,0.75161375,2.5927517,0.1773183,0.43769216,3.9702784
3251,69,4221,603,2gnm_MAN_A_253,0,surfdock,0.53052071,0.75153789,2.2390156,0.5324313,0.95037934,2.5067751
3252,69,7004,1000,3zwe_FUC_B_110,4,gnina,0.51989632,0.75006075,1.8476305,0.14320433,0.99692369,1.8798987
3253,69,13661,1951,5ud0_13P_B_405,4,gnina,0.5244755,0.74883995,1.9058013,0.44669777,0.8977546,2.1015172
3254,69,17276,2468,6tt4_FT8_A_709,0,surfdock,0.53052071,0.74734702,2.6344235,0.21379432,0.99238354,4.0421916
3255,69,9384,1340,4n94_2HO_A_401,4,gnina,0.54285966,0.74714348,2.8639405,0.48445666,0.005013606,2.3359697
3256,70,181,25,1bqp_MAN_C_402,6,smina,0.57013781,0.85611165,1.555478,0,0.97879968,0.7845852
3257,70,1098,156,1isx_XYP_A_1461,6,smina,0.56808873,0.84613777,1.6048179,0.069777146,0.038516264,0.55558561
3258,70,8616,1230,4i6s_FUC_C_101,6,smina,0.54489347,0.8452124,1.5621597,0.0094494363,0.82584714,0.66331077
3259,70,7006,1000,3zwe_FUC_B_110,6,smina,0.55042072,0.84391568,1.575882,0.028855531,0.99642748,0.61158591
3260,70,8602,1228,4i6s_FUC_B_101,6,smina,0.55643464,0.83850731,1.6258631,0.099539563,0.99789244,0.60128224
3261,70,11549,1649,5eo7_SFU_B_405,6,smina,0.5750792,0.83377004,1.6912905,0.19206807,0.96055797,0.80632864
3262,70,8595,1227,4i6s_FUC_A_101,6,smina,0.53763079,0.83268199,1.6258631,0.099539563,0.99697048,0.87503813
3263,70,8609,1229,4i6s_FUC_B_102,6,smina,0.5372585,0.83129467,1.6331282,0.109814,0.99635898,0.63762483
3264,70,7230,1032,4al9_GLA_D_1123,6,smina,0.53886353,0.813524,1.7427827,0.26488894,0.99475716,0.74527131
3265,70,7216,1030,4al9_GLA_A_1123,6,smina,0.53804222,0.81332554,1.7427827,0.26488894,0.9974034,0.72815334
3266,70,7223,1031,4al9_GLA_C_1123,6,smina,0.53740867,0.81312709,1.7427827,0.26488894,0.021251355,0.80313093
3267,70,7237,1033,4al9_GLA_E_1123,6,smina,0.53614625,0.81279634,1.7427827,0.26488894,0.9970911,0.84309931
3268,70,2657,379,1u18_HSM_A_401,4,gnina,0.55026602,0.81162101,1.7670517,0.29921031,0.078205628,1.726047
3269,70,16715,2387,6qo4_97T_B_301,6,smina,0.57558083,0.80332513,2.0135622,0.33247301,0.00094564925,1.1759156
3270,70,14844,2120,6bxk_MTA_B_401,4,gnina,0.53168657,0.79657699,1.7858595,0.32580858,0.089247854,4.3002125
3271,70,46,6,1ac4_TMT_A_296,4,gnina,0.56697858,0.79615678,1.9085971,0.49938592,0.95959659,1.4505376
3272,70,6080,868,3qss_MTG_B_405,4,gnina,0.56342853,0.7910985,2.2270479,0.23575523,0.90286485,1.9443086
3273,70,17168,2452,6tbx_N0Z_A_302,4,gnina,0.56837854,0.79104591,2.2758303,0.23235328,0.0057607347,2.8788846
3274,70,14147,2021,5x86_TMP_A_205,0,surfdock,0.53151765,0.78594381,1.8822576,0.071025744,0,3.3302913
3275,70,10070,1438,4ur9_BK9_A_1717,4,gnina,0.63251676,0.78138856,2.8199329,0.13049455,0.072516129,3.5902578
3276,70,8726,1246,4ioq_BAQ_A_201,4,gnina,0.63100239,0.78111633,2.3514125,0.58283645,2.1962924e-05,1.3633349
3277,70,2750,392,1uqx_MMA_A_1116,6,smina,0.52773951,0.77773958,1.555478,0,0.01502514,0.89557124
3278,70,3189,455,1zei_CRS_C_56,4,gnina,0.6318562,0.77640728,2.9419692,0.090146393,0.88448169,1.6180366
3279,70,3217,459,1zei_CRS_F_54,4,gnina,0.63141635,0.77616243,2.9419692,0.090146393,0.83379369,1.8838963
3280,70,3203,457,1zei_CRS_E_54,4,gnina,0.63022376,0.77524426,2.9419692,0.090146393,0.98767554,1.4890052
3281,70,14154,2022,5x86_TMP_B_207,0,surfdock,0.53029329,0.76964369,1.6791013,0.088006653,0.99407495,3.5300978
3282,70,10077,1439,4ur9_BK9_B_1717,4,gnina,0.57168408,0.7677826,2.8199329,0.13049455,0.0015978673,3.5565412
3283,70,3875,553,2eb5_OXL_A_2001,4,gnina,0.57994604,0.7666462,2.5650575,0.42100653,0.06494912,2.9199478
3284,70,7060,1008,4a01_2PN_B_1773,4,gnina,0.53188322,0.76367697,2.3215511,0.36971831,0,3.4526837
3285,70,5186,740,2rtn_IMI_B_300,6,smina,0.54472353,0.76341165,2.2779524,0.57058644,0.98855135,2.6002111
3286,70,3224,460,1zei_CRS_F_55,4,gnina,0.5808659,0.76300351,2.9570885,0.099029124,0.21348986,1.3009897
3287,70,11519,1645,5eo7_SFU_A_403,4,gnina,0.55174584,0.76283632,2.7249327,0.16914441,0,2.2341078
3288,70,17665,2523,6zjw_GAL_A_1102,4,gnina,0.57588566,0.76279673,2.4299796,0.6197049,0.00020239148,2.2484412
3289,70,7137,1019,4a9j_TYL_B_1187,4,gnina,0.63275243,0.76256454,2.8039074,0.50092447,0.95811048,1.7909579
3290,70,7144,1020,4a9j_TYL_C_1184,4,gnina,0.63326387,0.7624948,2.8308713,0.4823117,0.5980144,1.8840998
3291,70,16853,2407,6rbo_JXQ_A_302,4,gnina,0.59890308,0.76186094,2.5810244,0.52184886,0.00037822043,2.7966216
3292,70,7130,1018,4a9j_TYL_A_1188,4,gnina,0.63149894,0.7617836,2.8039074,0.50092447,0.00028638637,1.7444546
3293,70,11533,1647,5eo7_SFU_B_403,4,gnina,0.54721282,0.76147643,2.7249327,0.16914441,0.56777105,2.3452092
3294,70,4337,619,2i6p_4NP_A_401,4,gnina,0.59811427,0.76130323,2.6446445,0.46647289,0.00016037917,2.0326699
3295,70,3196,456,1zei_CRS_D_54,4,gnina,0.56469936,0.76125084,2.9219723,0.079930104,0.99369211,1.8616979
3296,70,11505,1643,5eo7_SFU_A_401,4,gnina,0.54353881,0.76114697,2.7190497,0.16519062,0.94221486,2.1878791
3297,70,16846,2406,6r7w_CIT_A_406,4,gnina,0.52886329,0.76011401,1.6804404,0.17672348,0.060461382,2.2637918
3298,70,8824,1260,4j7u_YTZ_D_802,4,gnina,0.53200223,0.76002719,2.6676941,0.11819254,0.00092071355,4.5631685
3299,70,10294,1470,4x36_CHT_A_412,4,gnina,0.54417734,0.75946354,2.4164994,0.5032692,0.061966186,1.4664123
3300,70,15831,2261,6jz6_CKX_B_701,4,gnina,0.61345731,0.75915709,2.4874566,0.69925976,0.98261223,3.2106859
3301,70,3273,467,1zk0_SS2_A_1260,4,gnina,0.60862599,0.75878234,2.6023009,0.58231169,0.5119674,1.4697425
3302,70,12989,1855,5m0t_AKG_B_302,4,gnina,0.53205801,0.75780188,2.2898719,0.54669291,0.00020001647,2.6422429
3303,70,14921,2131,6cgn_DA_A_801,4,gnina,0.56573005,0.75719345,2.5579555,0.52250689,0.17996551,4.0108665
3304,70,431,61,1eyw_PEL_A_404,4,gnina,0.56250759,0.75679281,2.5668948,0.50150698,0.15232892,1.6115583
3305,70,2877,411,1w3t_3GR_C_1297,0,surfdock,0.53151765,0.75599077,1.9455057,0.49645981,0.57352286,2.2587825
3306,71,11507,1643,5eo7_SFU_A_401,6,smina,0.62142729,0.86375552,1.4670416,0,0.7441878,0.85062835
3307,71,167,23,1axg_ETF_D_404,6,smina,0.61013331,0.86154801,1.4670416,0,0.91311732,0.53952607
3308,71,15833,2261,6jz6_CKX_B_701,6,smina,0.59438977,0.85934051,1.4670416,0,0.98498229,1.5213517
3309,71,6082,868,3qss_MTG_B_405,6,smina,0.60972599,0.85017876,1.528978,0.087591261,0.0018673786,0.59809029
3310,71,11556,1650,5eo7_SFU_C_401,6,smina,0.53916907,0.84637141,1.4670416,0,0.92547719,0.90533834
3311,71,3198,456,1zei_CRS_D_54,6,smina,0.64247773,0.84410107,1.6836325,0.17453004,0.41055306,0.53975712
3312,71,13663,1951,5ud0_13P_B_405,6,smina,0.54302606,0.83884169,1.5120219,0.063611679,0.74208696,1.0801729
3313,71,48,6,1ac4_TMT_A_296,6,smina,0.63203287,0.835477,1.7069412,0.26112667,0,0.58272992
3314,71,7139,1019,4a9j_TYL_B_1187,6,smina,0.57844861,0.83272542,1.6489078,0.17007317,0,0.88167926
3315,71,10324,1474,4xh4_PPI_A_504,6,smina,0.54132105,0.82993606,1.5623599,0.13480057,0,0.50855817
3316,71,3205,457,1zei_CRS_E_54,6,smina,0.58957226,0.82953875,1.710454,0.16939504,0.98244692,0.50794953
3317,71,2092,298,1pfw_MF3_A_553,6,smina,0.57086036,0.82219575,1.6992568,0.24098097,0.89847451,1.9405595
3318,71,3191,455,1zei_CRS_C_56,6,smina,0.55038215,0.81855016,1.710454,0.16939504,0.26359788,0.56533624
3319,71,11528,1646,5eo7_SFU_B_401,6,smina,0.52628631,0.80249724,1.4670416,0,0.42122763,1.1626317
3320,71,8642,1234,4i7n_1DJ_A_202,4,gnina,0.63408025,0.79207552,2.4150724,0.26264215,0.99493549,2.4445369
3321,71,8649,1235,4i7n_1DJ_B_203,4,gnina,0.6336721,0.79201291,2.4150724,0.26264215,0.99533162,3.0375852
3322,71,8054,1150,4e7v_CRS_Y_101,4,gnina,0.63148287,0.78935456,2.19014,0.51206493,0.28434399,2.387796
3323,71,230,32,1cdk_MYR_B_403,6,smina,0.52634182,0.7872318,1.5876335,0.10194802,0.95304053,0.55214364
3324,71,13528,1932,5thu_GGG_B_405,4,gnina,0.56789646,0.78713366,1.8911237,0.5783453,5.5683206e-07,3.6328798
3325,71,7991,1141,4e7v_CRS_3_101,4,gnina,0.62704897,0.78641713,2.19014,0.51206493,0.69783633,2.5607993
3326,71,8005,1143,4e7v_CRS_G_101,4,gnina,0.63344545,0.78617294,2.3399322,0.43689063,0.99424206,1.9860705
3327,71,8047,1149,4e7v_CRS_U_101,4,gnina,0.63179322,0.78536482,2.3399322,0.43689063,0.97613473,1.8972115
3328,71,8033,1147,4e7v_CRS_Q_101,4,gnina,0.63079563,0.78480536,2.3399322,0.43689063,0.86585662,2.144497
3329,71,8012,1144,4e7v_CRS_I_101,4,gnina,0.63058322,0.78468103,2.3399322,0.43689063,0.4515021,2.198755
3330,71,8019,1145,4e7v_CRS_M_101,4,gnina,0.63055979,0.78461887,2.3399322,0.43689063,0.99087744,2.2684131
3331,71,8026,1146,4e7v_CRS_O_101,4,gnina,0.63043822,0.78449454,2.3399322,0.43689063,0.99386439,2.0819867
3332,71,2531,361,1thc_FL9_B_131,4,gnina,0.57230387,0.78200261,2.3104951,0.28814036,7.0184595e-06,1.3493059
3333,71,12459,1779,5in3_G1P_B_418,6,smina,0.58131691,0.78128802,2.0833683,0.55839616,0.021391389,1.5579718
3334,71,2517,359,1thc_FL9_A_131,4,gnina,0.56949801,0.78122707,2.3057911,0.27896714,0.00037338405,1.509244
3335,71,13675,1953,5uda_CAE_A_502,4,gnina,0.60001953,0.78105045,2.2937491,0.37416056,0.15880663,2.0911693
3336,71,11764,1680,5fe4_5WY_A_903,4,gnina,0.63279872,0.77917212,2.2579799,0.63899446,0.042694497,2.1648043
3337,71,11771,1681,5fe4_5WY_B_904,4,gnina,0.63177623,0.77861741,2.2579799,0.63899446,0.0041152133,1.8882244
3338,71,3219,459,1zei_CRS_F_54,6,smina,0.53106113,0.77626073,1.710454,0.16939504,0.27302846,0.50281451
3339,71,3616,516,2bs3_CIT_D_1657,4,gnina,0.52227585,0.77591814,1.6148413,0.20902038,0.0092431437,6.4660317
3340,71,7984,1140,4e7v_CRS_1_101,4,gnina,0.57020289,0.77491743,2.19014,0.51206493,0.27938768,1.8732594
3341,71,8040,1148,4e7v_CRS_S_101,4,gnina,0.57940348,0.77449792,2.3017423,0.45698926,0.31859733,1.8865939
3342,71,592,84,1g79_PLP_A_260,4,gnina,0.53968066,0.77416293,2.3320961,0.24060063,0.0047690718,2.8855782
3343,71,7998,1142,4e7v_CRS_E_101,4,gnina,0.58512235,0.77405119,2.3399322,0.43689063,0.29467062,1.7889562
3344,71,298,42,1diw_GAL_A_1400,4,gnina,0.56629455,0.77188851,2.4039736,0.32444522,0.0009117094,1.7511232
3345,71,8362,1194,4hez_1MZ_A_302,4,gnina,0.57079141,0.76957124,2.4673715,0.33882272,2.7716504e-08,1.679497
3346,71,13325,1903,5osf_A9E_A_404,4,gnina,0.62523882,0.7694602,2.8134854,0.18212384,3.9295155e-07,2.3405736
3347,71,5261,751,2v32_BEZ_B_1220,4,gnina,0.62385878,0.7691436,2.5201771,0.43679577,0.85883692,2.140546
3348,71,5268,752,2v32_BEZ_D_1221,4,gnina,0.61602803,0.76711825,2.5201771,0.43679577,0.65370823,2.2081267
3349,71,16965,2423,6s23_KSW_B_402,4,gnina,0.57905284,0.76694971,2.2977455,0.59730136,6.1288765e-06,1.8967046
3350,71,438,62,1eyw_TEN_A_403,4,gnina,0.5647548,0.76685921,2.6439526,0.15173973,0.33580396,2.3195339
3351,71,3945,563,2evd_D10_A_304,4,gnina,0.61890333,0.76653009,2.5369263,0.44476953,0.0065154614,1.9692976
3352,71,5432,776,2wd2_MS5_A_1263,0,surfdock,0.53158268,0.76496077,1.9375858,0.46863753,0.67091075,4.0607433
3353,71,8922,1274,4k5u_GAL_C_301,4,gnina,0.62452011,0.76414314,2.7528675,0.33381936,0.99041217,2.6261964
3354,71,2520,360,1thc_FL9_B_130,0,surfdock,0.53158268,0.76098071,2.024215,0.45118919,0,3.0624764
3355,71,2785,397,1v03_BGC_A_1498,6,smina,0.53971625,0.75911902,2.235734,0.60881323,0,3.5972069
3356,72,8644,1234,4i7n_1DJ_A_202,6,smina,0.59615892,0.84629353,1.52282,0.097011842,0.99493901,1.1290076
3357,72,8651,1235,4i7n_1DJ_B_203,6,smina,0.59615173,0.84622549,1.52282,0.097011842,0.99523392,1.2199692
3358,72,3812,544,2d3n_GLC_A_608,4,gnina,0.53285093,0.8261183,1.5516182,0.18410519,0.00070214434,3.2671937
3359,72,14004,2000,5wcz_NOJ_B_601,4,gnina,0.55137444,0.81582934,1.8325996,0.1580943,0,4.0267801
3360,72,14725,2103,6ayv_MLI_A_409,4,gnina,0.54095219,0.80626228,2.0274751,0.033752929,0,2.1777136
3361,72,11477,1639,5e9m_BAE_A_2001,4,gnina,0.63504606,0.79783818,2.4367769,0.062179502,0.014004822,1.7187819
3362,72,5716,816,2ye5_2A7_A_1224,4,gnina,0.59599922,0.79560887,2.137677,0.25014386,0.68504063,1.87815
3363,72,8007,1143,4e7v_CRS_G_101,6,smina,0.59596869,0.78660569,1.8844579,0.6548115,0.92393251,0.51680816
3364,72,8028,1146,4e7v_CRS_O_101,6,smina,0.59538547,0.78654243,1.8844579,0.6548115,0.80527909,0.57448593
3365,72,8021,1145,4e7v_CRS_M_101,6,smina,0.59420227,0.78635266,1.8844579,0.6548115,0.22714645,0.58019137
3366,72,8049,1149,4e7v_CRS_U_101,6,smina,0.58877771,0.7858466,1.8844579,0.6548115,0.21217742,0.6157134
3367,72,3175,453,1zdq_MSM_A_1507,4,gnina,0.63185657,0.7825277,2.5019116,0.23320433,0.95670318,1.9317793
3368,72,3182,454,1zdq_MSM_B_1508,4,gnina,0.63168689,0.78246533,2.5019116,0.23320433,0.99527764,2.430702
3369,72,13699,1957,5uio_8DM_E_202,0,surfdock,0.53179453,0.77997535,1.7969123,0.35966545,0.98849882,3.343181
3370,72,8035,1147,4e7v_CRS_Q_101,6,smina,0.54739078,0.77964738,1.8844579,0.6548115,0.1888693,0.50334211
3371,72,13685,1955,5uio_8DM_C_202,0,surfdock,0.53179453,0.77873739,1.7778702,0.39905411,0,2.3758216
3372,72,6780,968,3wk1_O7E_A_301,4,gnina,0.55744715,0.77192307,2.4247279,0.31607595,0.98950946,3.1590527
3373,72,9552,1364,4ovl_1TD_A_308,4,gnina,0.61978436,0.7715338,2.7560799,0.089136854,0.99017838,2.4770395
3374,72,16720,2388,6qol_JB5_A_301,4,gnina,0.63769189,0.77126,2.7554662,0.23646224,0.00077986611,1.9604026
3375,72,2377,339,1s5s_PG3_A_1,4,gnina,0.52695741,0.76852682,1.5747114,0.10849852,0.82229427,1.8978294
3376,72,4841,691,2q1a_2KT_X_295,4,gnina,0.63607744,0.76647902,2.1247118,0.94839376,0.16999174,1.3659812
3377,72,16860,2408,6rbr_JXN_A_302,4,gnina,0.62169039,0.76523434,2.678302,0.29210067,0.019195882,1.7064397
3378,72,11535,1647,5eo7_SFU_B_403,6,smina,0.48473214,0.76415617,1.4214362,0,0.56993597,0.83019186
3379,72,16594,2370,6q4b_HHN_A_301,4,gnina,0.63340866,0.76256976,2.364872,0.7552399,0.036972606,1.4744077
3380,72,17042,2434,6sjs_THH_B_901,4,gnina,0.52803343,0.7608447,1.663444,0.19966982,0.72588721,2.0320262
3381,72,17632,2518,6zi7_QR8_C_502,6,smina,0.57279801,0.7599772,2.8314579,0.16189618,8.5968832e-05,1.5448741
3382,72,8166,1166,4f8n_GAL_A_204,4,gnina,0.52826795,0.75814216,1.7187833,0.1997565,0.80353539,1.8544551
3383,72,16727,2389,6qol_JB5_B_301,4,gnina,0.55058092,0.75674618,2.7649689,0.22693402,0.00061054468,2.1297274
3384,73,3308,472,1zng_HE4_A_202,4,gnina,0.53798974,0.84216152,1.3699123,0.0086014969,0.0001590073,1.5692753
3385,73,8924,1274,4k5u_GAL_C_301,6,smina,0.60584579,0.8357979,1.6215019,0.20731482,0.9111077,0.90646787
3386,73,5263,751,2v32_BEZ_B_1220,6,smina,0.55382367,0.82565008,1.560618,0.27830034,0.99193351,0.63929723
3387,73,2062,294,1p7l_MET_A_485,4,gnina,0.53796056,0.8163127,1.5207938,0.21939437,4.4855776e-05,4.2472975
3388,73,17189,2455,6tgi_N8Z_A_508,4,gnina,0.53949917,0.81469399,1.7067461,0.20620458,0.018848965,2.2820367
3389,73,2069,295,1p7l_MET_B_385,4,gnina,0.53723767,0.81373923,1.5209099,0.2215883,6.4489877e-07,3.8860595
3390,73,6782,968,3wk1_O7E_A_301,6,smina,0.539128,0.80518204,1.670853,0.34648755,0,2.8789591
3391,73,1264,180,1jhv_NIO_A_991,4,gnina,0.56400113,0.80479307,1.832242,0.33552995,0.98879985,1.9279441
3392,73,4722,674,2oxp_THP_A_300,4,gnina,0.53444575,0.79476217,1.6663891,0.28805381,0.0049480547,5.0355666
3393,73,9554,1364,4ovl_1TD_A_308,6,smina,0.59885574,0.79309551,1.9748054,0.50627792,0,1.8726454
3394,73,13703,1957,5uio_8DM_E_202,4,gnina,0.53868351,0.78890544,2.0364676,0.18977597,0.97693308,4.3878384
3395,73,2209,315,1pzy_NAG_B_405,4,gnina,0.59178191,0.78737031,2.2610986,0.25972351,0.98877682,2.7099022
3396,73,3184,454,1zdq_MSM_B_1508,6,smina,0.6066399,0.78677749,2.4266264,0.19257677,0,0.38931277
3397,73,9366,1338,4n5p_2H0_E_412,0,surfdock,0.53208475,0.78548651,1.5853175,0.18071066,0.99056021,3.8310382
3398,73,12681,1811,5jep_EVF_B_302,4,gnina,0.53941609,0.78548568,2.181915,0.19012105,0.99872965,2.4939648
3399,73,2379,339,1s5s_PG3_A_1,6,smina,0.51730627,0.78457484,1.3638301,0,0.55755448,0.94215354
3400,73,16153,2307,6mry_FLC_K_101,4,gnina,0.53877321,0.78396691,1.9439077,0.37572277,0.0094543097,2.2399625
3401,73,16734,2390,6qor_JBK_A_301,4,gnina,0.54033286,0.78351238,2.3568537,0.14859921,0.0087774616,1.8637234
3402,73,16741,2391,6qor_JBK_B_301,4,gnina,0.54021165,0.78300615,2.3568537,0.14859921,0.010140233,1.7147998
3403,73,3177,453,1zdq_MSM_A_1507,6,smina,0.59374539,0.78232178,2.4266264,0.19257677,0,0.42021335
3404,73,17658,2522,6zjw_GAL_A_1101,4,gnina,0.59304977,0.78163209,2.2817731,0.34520355,0.016058939,2.4410029
3405,73,7993,1141,4e7v_CRS_3_101,6,smina,0.49894136,0.77927396,1.376212,0.010273752,0.29191525,0.44460855
3406,73,8728,1246,4ioq_BAQ_A_201,6,smina,0.49029181,0.7726453,1.3638301,0,0.050988144,0.44208609
3407,73,1273,181,1jhv_PCR_A_990,6,smina,0.49027395,0.77257595,1.3638301,0,0,0.5165349
3408,73,9727,1389,4qbz_D80_B_901,4,gnina,0.53995467,0.77204492,2.0926178,0.58723277,0.99207644,5.0616614
3409,73,6908,986,3wwc_BUA_A_403,6,smina,0.4895742,0.77195173,1.3638301,0,2.6542606e-05,0.63547102
3410,73,17525,2503,6xp1_T2C_A_401,4,gnina,0.5381532,0.77190247,1.9527928,0.51416183,0.97282158,3.4991597
3411,73,3896,556,2eb5_OXL_E_2005,4,gnina,0.53938369,0.77153569,2.5538414,0.057333522,0,2.9755518
3412,73,4010,572,2f78_BEZ_B_1005,6,smina,0.48886945,0.77146622,1.3638301,0,0.020369962,0.71355207
3413,73,1026,146,1hsr_BHO_A_800,4,gnina,0.60083165,0.77121192,2.2961991,0.59729284,2.819143e-06,1.7605827
3414,73,9869,1409,4rm3_FOA_B_1000,6,smina,0.48862793,0.77118879,1.3638301,0,0.83713343,0.75449748
3415,73,1824,260,1nmm_NAG_B_403,4,gnina,0.53820651,0.77026866,2.2511723,0.25013337,0.99266223,2.7060682
3416,73,9862,1408,4rm3_FOA_A_1000,6,smina,0.48716914,0.77000971,1.3638301,0,0.98233621,0.98203377
3417,73,3549,507,2bdg_PBZ_A_301,0,surfdock,0.53208475,0.76999339,1.6326448,0.38016143,0.99473734,2.3940752
3418,73,3556,508,2bdg_PBZ_B_302,0,surfdock,0.53208475,0.76999339,1.6326448,0.38016143,0.99058278,2.4899735
3419,73,207,29,1ca7_ENO_B_601,4,gnina,0.53694271,0.76994294,2.2868528,0.14317788,0.98746204,1.8318636
3420,73,2757,393,1uux_PPI_A_1165,6,smina,0.4868821,0.76966292,1.3638301,0,0.00012097063,0.41508421
3421,73,214,30,1ca7_ENO_C_701,4,gnina,0.53691082,0.76950638,2.2908344,0.14349854,0.95822014,2.3525254
3422,73,11918,1702,5fwe_OGA_A_1358,4,gnina,0.53994973,0.76911397,2.2313411,0.50070983,0.73491417,2.3435439
3423,73,403,57,1ei6_PPF_A_410,4,gnina,0.53727686,0.76904012,2.2576389,0.21055123,0.43038769,3.6856348
3424,73,10275,1467,4x36_CHT_A_408,6,smina,0.4850552,0.76869191,1.3638301,0,0,0.56951573
3425,73,2216,316,1pzy_NAG_D_406,4,gnina,0.5380347,0.76866102,2.2610986,0.25972351,0.95472897,2.6655535
3426,73,13934,1990,5vys_1YJ_A_301,4,gnina,0.53934898,0.7684341,2.1914873,0.47336373,0.99217786,2.3994829
3427,73,3889,555,2eb5_OXL_C_2003,4,gnina,0.53868912,0.76791684,2.5069828,0.083431333,0.65468291,2.8679697
3428,73,13451,1921,5tch_MLI_G_301,4,gnina,0.5400893,0.7679049,2.4259946,0.34081036,0.18721962,7.5308486
3429,73,12982,1854,5m0t_AKG_A_302,4,gnina,0.5395765,0.76786337,2.2535818,0.45462897,0.00020997059,2.5294864
3430,73,13692,1956,5uio_8DM_D_202,0,surfdock,0.53208475,0.76753031,1.6494679,0.40395293,0,3.1091516
3431,73,13437,1919,5tch_MLI_E_301,4,gnina,0.5402612,0.76742523,2.4485495,0.34199372,0.22376891,7.3338954
3432,73,11932,1704,5fzn_FB2_A_1615,4,gnina,0.59042268,0.76718092,2.4455419,0.43235588,0.0029536857,1.6877848
3433,73,3035,433,1xl0_OX2_A_998,4,gnina,0.53989104,0.7668716,2.5996573,0.16558944,0.97801986,4.2111748
3434,74,12683,1811,5jep_EVF_B_302,6,smina,0.57499152,0.84139685,1.435511,0.069098718,0.99859952,1.301643
3435,74,209,29,1ca7_ENO_B_601,6,smina,0.57154448,0.82594756,1.5241966,0.19846545,0.98735042,1.4510354
3436,74,216,30,1ca7_ENO_C_701,6,smina,0.5604422,0.82517154,1.5245533,0.19871847,0.96569604,1.2533392
3437,74,1266,180,1jhv_NIO_A_991,6,smina,0.61003562,0.81669861,1.6709232,0.30341414,0,0.71269103
3438,74,14592,2084,5zpt_HY1_B_703,4,gnina,0.53617594,0.8100804,1.5290909,0.20210826,0.94606189,2.8432111
3439,74,1826,260,1nmm_NAG_B_403,6,smina,0.573094,0.8069135,1.6865139,0.33734891,0.99530916,1.6386065
3440,74,1964,280,1o6g_SIN_A_724,4,gnina,0.5896356,0.79865774,1.8765578,0.30337235,0.74244214,3.7645311
3441,74,4407,629,2iyq_SKM_A_201,4,gnina,0.59790574,0.79531519,1.6639576,0.59458196,0.98451484,1.7128113
3442,74,13936,1990,5vys_1YJ_A_301,6,smina,0.57246597,0.79047305,2.1435452,0.15155089,0.99284637,0.75457758
3443,74,2797,399,1v5y_4HC_A_1455,4,gnina,0.53749998,0.78227329,1.7229666,0.62545937,1.7080079e-07,1.5632279
3444,74,13983,1997,5w8q_BU4_A_400,4,gnina,0.60730692,0.78116878,2.3489254,0.19657756,0.75869276,1.9158204
3445,74,11379,1625,5dnx_5LD_B_201,4,gnina,0.53666325,0.78049616,1.9411386,0.32744893,3.4394565e-05,2.5755583
3446,74,2211,315,1pzy_NAG_B_405,6,smina,0.59530617,0.77669084,1.9898195,0.58436573,0.99629568,1.5222609
3447,74,13906,1986,5vyr_B62_A_301,4,gnina,0.5364893,0.77620756,1.7746776,0.54499686,0.99493885,1.8811724
3448,74,15425,2203,6gck_EUB_D_302,4,gnina,0.53729778,0.77582428,1.9789397,0.45606184,0.00020704967,4.0539302
3449,74,2594,370,1toq_AMG_A_501,4,gnina,0.53757241,0.77403982,2.2891967,0.21154003,0.99717729,1.9364906
3450,74,2218,316,1pzy_NAG_D_406,6,smina,0.558736,0.7733695,1.9898195,0.58436573,0.00043383384,1.4608949
3451,74,17063,2437,6sxr_KHP_A_507,4,gnina,0.53612399,0.7732803,1.9840307,0.34443632,0.94253946,3.7867757
3452,74,13815,1973,5vjg_0BP_A_403,4,gnina,0.53810142,0.77311227,2.3545024,0.20613344,0.98581697,1.9122444
3453,74,15418,2202,6gck_EUB_C_302,4,gnina,0.53674835,0.77270303,1.9492191,0.47146466,0.00070002957,3.7255522
3454,74,8168,1166,4f8n_GAL_A_204,6,smina,0.501437,0.77149649,1.2954022,0.073365919,0.80339719,0.71091127
3455,74,8215,1173,4g1x_TQU_A_410,4,gnina,0.53783338,0.77131358,2.452481,0.12491155,0.1632594,2.7474297
3456,74,16608,2372,6q4k_HHW_A_302,4,gnina,0.60326903,0.77090436,2.4176936,0.28546888,5.9196144e-05,4.5204
3457,74,10378,1482,4xv4_25T_A_303,4,gnina,0.50169322,0.77005236,1.3053237,0.087397054,0.99796524,1.5001363
3458,74,5359,765,2vp5_DCZ_A_1210,4,gnina,0.53703921,0.76892713,2.1731267,0.3551721,0.99265351,2.9344945
3459,74,15635,2233,6i6r_H62_A_704,4,gnina,0.52622541,0.76775432,1.4494919,0.11556535,0.7033315,3.1400689
3460,74,14417,2059,5ybp_AKG_A_302,4,gnina,0.53791952,0.76669349,2.4627721,0.20542036,0.99128515,2.4136548
3461,74,3212,458,1zei_CRS_E_55,6,smina,0.47833342,0.7660078,1.2435247,0,9.805556e-06,0.51585789
3462,74,14445,2063,5ybq_AKG_A_302,4,gnina,0.53773408,0.76439228,2.4892018,0.20798814,0.00024023266,2.1705746
3463,74,10392,1484,4xz9_G3P_C_302,4,gnina,0.53785338,0.7628771,2.2496321,0.48650837,0.10556462,2.6662969
3464,74,2006,286,1ov5_2LP_A_403,4,gnina,0.53725486,0.76255191,2.2992496,0.37072158,0.99478527,1.8284144
3465,74,16601,2371,6q4k_HHW_A_301,4,gnina,0.60849353,0.7618972,2.5521333,0.36622924,0.00049452879,4.5078589
3466,74,13705,1957,5uio_8DM_E_202,6,smina,0.56695525,0.76042459,2.3751485,0.44984326,0,3.1270396
3467,74,1040,148,1ia1_TQ3_A_194,4,gnina,0.53782294,0.76000463,1.9787626,0.80713719,0.99667661,2.5313093
3468,74,5366,766,2vp5_DCZ_B_1210,4,gnina,0.53550184,0.75874267,2.1294966,0.41384301,0.98908917,3.0629997
3469,74,13913,1987,5vyr_B62_B_301,4,gnina,0.53464962,0.75870849,2.1747129,0.31605408,0.99237914,1.9271652
3470,74,2720,388,1uay_ADN_B_1002,4,gnina,0.53743055,0.75759269,2.3726232,0.413351,0.99770245,2.6884332
3471,74,4890,698,2qb4_DSM_A_802,4,gnina,0.60513862,0.75745756,2.3291352,0.63882017,0.012040554,2.7610446
3472,74,9636,1376,4pbr_2L7_A_401,4,gnina,0.61181264,0.75635705,2.3593819,0.70108831,0.96567063,3.9323819
3473,74,6465,923,3v7u_MTA_A_302,4,gnina,0.53596934,0.75626031,2.1959469,0.42493895,0.00057250105,3.7599286
3474,74,2041,291,1p1w_AMQ_B_427,4,gnina,0.53770776,0.75594206,2.3059638,0.54965669,0.90247571,3.3202116
3475,74,10385,1483,4xz9_G3P_B_302,4,gnina,0.5367582,0.75575076,2.2533867,0.48042077,0.39112219,2.6647035
3476,74,9181,1311,4m2c_DAR_C_402,4,gnina,0.53504823,0.75448936,2.2237642,0.37529227,0,4.9850784
3477,74,2503,357,1tc2_7HP_B_810,4,gnina,0.53803525,0.7541727,2.563257,0.35180923,0.98543863,1.52159
3478,74,7132,1018,4a9j_TYL_A_1188,6,smina,0.47809317,0.75403972,1.315073,0.10118464,0,0.80510596
3479,74,14606,2086,6a1l_BEZ_A_403,4,gnina,0.53719419,0.75402101,2.1515212,0.67108303,0.9536112,2.0823994
3480,74,2034,290,1p1w_AMQ_A_428,4,gnina,0.53727256,0.75351389,2.296972,0.5485341,0.96512929,2.9687677
3481,74,14613,2087,6a1l_BEZ_A_404,4,gnina,0.53593805,0.75274183,2.0439856,0.64085013,0.58055684,1.559191
3482,74,12674,1810,5je7_EVF_B_302,4,gnina,0.53717928,0.75222337,2.4740202,0.37982792,0.99807033,1.6516705
3483,74,14531,2075,5z9b_HX3_B_303,6,smina,0.47749139,0.75218426,1.3226441,0.11189173,0,0.8061522
3484,75,14963,2137,6cwr_6LA_A_201,4,gnina,0.79642852,0.87272447,2.511117,0.34254965,0.9902869,3.5087296
3485,75,6647,949,3w4i_8LG_C_402,4,gnina,0.80085508,0.86353093,2.7945328,0.23672521,0.011049899,2.8811385
3486,75,2505,357,1tc2_7HP_B_810,6,smina,0.57790585,0.85340817,1.2583904,0.022711379,1.2944224e-07,0.82853399
3487,75,7368,1052,4buv_16I_C_2165,4,gnina,0.80063602,0.84847699,2.5876865,0.70837587,0.97277691,3.7062829
3488,75,10380,1482,4xv4_25T_A_303,6,smina,0.59426248,0.84797152,1.300665,0.098843507,0.72554105,0.54730936
3489,75,6640,948,3w4i_8LG_B_402,4,gnina,0.6883349,0.83665733,2.7065074,0.13812573,0.010712321,3.0536373
3490,75,991,141,1hkn_N2M_D_5139,4,gnina,0.70655799,0.83664184,2.5483458,0.32024321,0,2.6777197
3491,75,7585,1083,4cle_JR2_B_1270,4,gnina,0.80074936,0.83431962,3.029937,0.53374588,0.95633931,3.7529872
3492,75,7571,1081,4cle_JR2_A_1270,4,gnina,0.8001811,0.83177818,3.0701504,0.53693646,0.00053617997,2.8201288
3493,75,10903,1557,5abz_Z47_A_201,4,gnina,0.79828042,0.82447957,3.6623945,0.076530695,0.91839536,6.7352339
3494,75,13710,1958,5uio_LG3_A_201,4,gnina,0.80007249,0.82292178,3.3921223,0.38831389,0.99218586,2.5962294
3495,75,7641,1091,4cme_KTZ_C_1270,4,gnina,0.80067131,0.82269827,3.2688503,0.52187598,0.98763019,4.9915843
3496,75,16048,2292,6lx5_C5F_B_501,4,gnina,0.80003929,0.82144046,3.3760207,0.43298647,0.88411398,2.6541011
3497,75,16111,2301,6mae_JBA_A_301,4,gnina,0.7954758,0.8214103,2.5999699,1.1944968,0.96993224,5.8853099
3498,75,7389,1055,4bvh_OCZ_B_1392,4,gnina,0.71472526,0.82136642,2.8811781,0.29600409,0.99709252,3.102076
3499,75,6059,865,3qhd_795_A_167,4,gnina,0.77032714,0.82049048,2.6810458,1.0411273,0.99075318,1.9222068
3500,75,7396,1056,4bvh_OCZ_C_1394,4,gnina,0.71472526,0.81937379,2.9035375,0.31082088,0.9984219,3.1844499
3501,75,2008,286,1ov5_2LP_A_403,6,smina,0.58179657,0.81490499,1.6009458,0.24342719,0.99529623,1.0684163
3502,75,12676,1810,5je7_EVF_B_302,6,smina,0.58310219,0.81419419,1.6835607,0.17695969,0.00016567211,1.2293339
3503,75,14608,2086,6a1l_BEZ_A_403,6,smina,0.56574798,0.81416368,1.466177,0.16961195,1.832623e-06,0.64362578
3504,75,5583,797,2xhk_AKG_B_519,4,gnina,0.79246287,0.81415105,3.2665517,0.66031498,0.00043138965,2.1338581
3505,75,2596,370,1toq_AMG_A_501,6,smina,0.58263115,0.81366336,1.5850738,0.28163359,0.99724082,0.88260839
3506,75,14419,2059,5ybp_AKG_A_302,6,smina,0.58022352,0.81356311,1.566246,0.29378557,5.9948306e-05,1.2366393
3507,75,8733,1247,4iph_1FJ_A_201,4,gnina,0.79837898,0.81070676,2.8696823,1.1512874,0.32825542,3.3801218
3508,75,7382,1054,4bux_F35_C_2165,4,gnina,0.76613651,0.8104103,3.7216079,0.19341275,0.96013428,3.6864084
3509,75,2496,356,1tc2_7HP_A_800,4,gnina,0.56864051,0.80985106,1.7640938,0.13012108,0.99171433,1.5643716
3510,75,13908,1986,5vyr_B62_A_301,6,smina,0.5820951,0.80916673,1.6725456,0.26256222,0,0.84982806
3511,75,14594,2084,5zpt_HY1_B_703,6,smina,0.56311922,0.80836728,1.4529448,0.19700737,0,0.94965406
3512,75,4409,629,2iyq_SKM_A_201,6,smina,0.58556007,0.80769939,1.5335684,0.43209848,0.0097245743,0.85961833
3513,75,7375,1053,4bux_F35_A_2166,4,gnina,0.76797182,0.80627544,3.782696,0.22562556,0.92382908,4.3597016
3514,75,3112,444,1y8j_STS_A_900,4,gnina,0.71472526,0.80178408,2.8583419,0.69631082,0,3.5063322
3515,75,17527,2503,6xp1_T2C_A_401,6,smina,0.57364051,0.80052348,1.8612906,0.19665861,0,0.64282036
3516,75,17728,2532,7c7g_FJR_A_402,4,gnina,0.79980621,0.79998238,3.449199,0.80797952,0.0017118082,3.088658
3517,75,5240,748,2uyv_TLA_C_1275,4,gnina,0.80025613,0.79947443,3.4410832,0.83209699,0.63159596,2.8202262
3518,75,2036,290,1p1w_AMQ_A_428,6,smina,0.57021799,0.7994072,1.6836284,0.3882685,0,1.3712292
3519,75,10819,1545,5a02_GOL_E_1341,4,gnina,0.80034444,0.79877429,3.6626093,0.62711388,0.0024088277,5.018972
3520,75,13915,1987,5vyr_B62_B_301,6,smina,0.58166973,0.79285815,1.9452567,0.25335824,0.0035990669,0.83981475
3521,75,13717,1959,5uio_LG3_B_201,4,gnina,0.6824371,0.78735448,3.3921223,0.38831389,0.99255094,2.4132273
3522,75,11183,1597,5cjn_52F_A_809,4,gnina,0.79970375,0.78541966,3.8059995,0.77477789,0.27620025,3.6793639
3523,75,2951,421,1x09_IPE_A_902,4,gnina,0.54869906,0.78473828,1.4929289,0.37462556,1.4298886e-05,2.3673318
3524,75,5361,765,2vp5_DCZ_A_1210,6,smina,0.58103181,0.78241634,1.7036752,0.67266583,0,2.2148211
3525,75,3037,433,1xl0_OX2_A_998,6,smina,0.57513694,0.78124965,1.9651388,0.4204703,0.71233137,1.7238157
3526,75,5534,790,2x05_X05_A_1900,4,gnina,0.71472526,0.77917302,3.8028395,0.22355665,0.53919631,5.9403016
3527,75,14760,2108,6b9p_D0J_A_1001,4,gnina,0.69483505,0.77872377,3.1685421,0.81661701,2.260473e-08,13.173976
3528,75,6563,937,3vnj_PSJ_D_301,4,gnina,0.78571559,0.77797152,3.5844822,1.1182774,0.22836561,4.0155002
3529,75,5541,791,2x05_X05_B_1900,4,gnina,0.71472526,0.77791041,3.8308933,0.22306415,0.99715307,5.6524133
3530,75,5368,766,2vp5_DCZ_B_1210,6,smina,0.58011994,0.7774231,1.7382847,0.7216112,0,2.2247788
3531,75,7305,1043,4bbx_LKF_A_1760,4,gnina,0.79780476,0.77691919,3.6971886,1.0746304,6.3422381e-09,4.7393323
3532,75,17770,2538,7joc_ARZ_A_302,4,gnina,0.56695648,0.77689842,2.1904707,0.11725263,0.96316359,3.0039637
3533,75,1852,264,1now_IFG_B_558,4,gnina,0.56654597,0.77588907,2.1957216,0.098347552,0.99245148,2.9619459
3534,76,9769,1395,4qya_LU2_A_201,4,gnina,0.84706701,0.87460252,2.5524523,0.24462734,2.03726e-11,2.5448944
3535,76,9776,1396,4qya_LU2_B_201,4,gnina,0.75734718,0.84519933,2.5720417,0.2154765,9.3388017e-07,2.2739928
3536,76,6570,938,3vnm_SDD_A_301,4,gnina,0.8381314,0.8434633,3.2760544,0.032807399,0,4.8420542
3537,76,1565,223,1lqp_FCN_B_4001,4,gnina,0.75734718,0.83619811,2.4075639,0.53790045,0,1.7943603
3538,76,16895,2413,6rgg_K3Q_B_401,4,gnina,0.76272949,0.83239187,2.8936806,0.31056452,0.01816007,2.1844905
3539,76,6556,936,3vnj_PSJ_B_301,4,gnina,0.84127073,0.83151825,3.2957535,0.24504909,0.0038409607,3.9473556
3540,76,6479,925,3vbn_TYD_A_301,4,gnina,0.84415327,0.82700267,3.0321839,0.61060077,0.59744717,5.7968827
3541,76,16881,2411,6rgg_K3Q_A_402,4,gnina,0.75746294,0.82476207,2.8875062,0.30316412,0.00069195418,2.3398715
3542,76,1859,265,1ns4_BGC_A_1400,4,gnina,0.76845107,0.82340095,2.895462,0.67752957,0.64048264,2.0831136
3543,76,4281,611,2hdk_COI_B_900,4,gnina,0.75734718,0.82009216,2.5984173,0.6427483,0.48413384,2.4150628
3544,76,6486,926,3vbn_TYD_E_301,4,gnina,0.83851041,0.81978254,3.1073761,0.66088235,0.84560493,5.7749872
3545,76,16874,2410,6rgg_K3Q_A_401,4,gnina,0.75734718,0.81911778,2.9146881,0.34492862,0.018100136,2.6212231
3546,76,6577,939,3vnm_SDD_D_301,4,gnina,0.75734718,0.81723459,3.2130105,0.082452528,0.31267822,3.8203411
3547,76,5877,839,2zce_PYL_A_601,4,gnina,0.84104317,0.8157916,3.4019699,0.45103136,0.7276469,3.754757
3548,76,1929,275,1o29_UFP_C_813,4,gnina,0.75737702,0.80910805,3.0219221,0.46492401,0.97169727,4.4268935
3549,76,2498,356,1tc2_7HP_A_800,6,smina,0.56325899,0.80832445,1.3740808,0.29042357,1.0491379e-07,0.67305545
3550,76,5625,803,2xul_AKG_A_201,4,gnina,0.75734718,0.80631024,3.2034523,0.30493966,6.1139197e-08,2.1227151
3551,76,3294,470,1zmt_RNO_C_1003,4,gnina,0.75736717,0.80441208,2.9366004,0.64269966,0,3.5553088
3552,76,1873,267,1nsm_GAL_A_1400,4,gnina,0.69928087,0.80222191,2.9529181,0.42674354,0.014965331,2.054871
3553,76,7522,1074,4cjw_CBJ_A_1216,4,gnina,0.75734725,0.79926814,3.3284137,0.34816721,2.2569333e-06,3.6003533
3554,76,5226,746,2uyv_TLA_A_1277,4,gnina,0.75734718,0.79819074,3.3548539,0.31749457,0.0035942168,4.4034045
3555,76,8838,1262,4jb0_FER_A_401,4,gnina,0.75734718,0.79795205,3.0461521,0.63109177,0,2.590765
3556,76,5247,749,2uyv_TLA_D_1275,4,gnina,0.75734718,0.79662528,3.3774474,0.32708964,0.0012277301,2.8793869
3557,76,5219,745,2uyv_TLA_A_1275,4,gnina,0.75734718,0.79623358,3.3831165,0.32950398,0.16753244,2.8091275
3558,76,6549,935,3vnj_PSJ_A_301,4,gnina,0.69850034,0.79541765,3.2750866,0.23775014,0,4.210625
3559,76,9937,1419,4tsk_TLA_A_404,4,gnina,0.75734718,0.7952665,2.5341957,1.1984344,0.0015403094,1.8412924
3560,76,5233,747,2uyv_TLA_B_1275,4,gnina,0.75734718,0.79348829,3.4230337,0.34658104,0.027000597,2.7574515
3561,76,1042,148,1ia1_TQ3_A_194,6,smina,0.56525258,0.79266599,1.780035,0.31680086,0.99649422,1.7860153
3562,77,4106,586,2fu9_MP2_B_2410,4,gnina,0.70297138,0.82935658,2.6817672,0.27086598,0.51457615,4.3788307
3563,77,13724,1960,5uio_LG3_C_201,4,gnina,0.71100016,0.82896097,2.7097569,0.30081689,0.99395769,2.5473355
3564,77,13731,1961,5uio_LG3_E_201,4,gnina,0.71230292,0.82755216,2.7458074,0.30149499,0.99160355,2.3696727
3565,77,11162,1594,5cga_KP6_H_301,4,gnina,0.70751744,0.80772917,2.9068687,0.48670125,0.99145683,4.0388812
3566,77,2020,288,1owz_4FA_A_409,4,gnina,0.69940723,0.80721795,3.0026939,0.34154704,0.98990214,1.7733918
3567,77,11141,1591,5cga_KP6_B_301,4,gnina,0.70593312,0.80695559,2.9068687,0.48670125,0.60939695,3.8224896
3568,77,11148,1592,5cga_KP6_C_301,4,gnina,0.70510467,0.80647955,2.9068687,0.48670125,0.98809012,4.0045565
3569,77,17772,2538,7joc_ARZ_A_302,6,smina,0.55503233,0.80569556,1.5184909,0.27657825,0,2.6522039
3570,77,1733,247,1mrq_STR_A_501,4,gnina,0.70273661,0.80243342,3.0726681,0.38666236,0,2.4608852
3571,77,5415,773,2w1a_TSA_D_1091,4,gnina,0.70865545,0.80103742,2.6451142,0.88813275,0,3.9904543
3572,77,17735,2533,7c7g_FJR_B_402,4,gnina,0.70958052,0.79934401,3.1771133,0.39500046,0.0037554411,3.4803722
3573,77,5408,772,2w1a_TSA_C_1091,4,gnina,0.70539593,0.79855254,2.7052791,0.8483265,0.99227351,2.8757245
3574,77,11239,1605,5cyf_FLC_C_301,4,gnina,0.70086303,0.79545649,3.4256356,0.16449773,0.71267358,2.7308107
3575,77,6430,918,3uud_EST_B_600,4,gnina,0.70937252,0.79264364,2.9064858,0.80160475,0.99579504,2.4656049
3576,77,6423,917,3uud_EST_A_600,4,gnina,0.70216668,0.78990093,2.9064858,0.80160475,0.96961901,2.6971917
3577,77,984,140,1hkn_N2M_C_4138,4,gnina,0.70326266,0.78931119,3.3188565,0.41124645,0,2.5189412
3578,77,4883,697,2qb4_DSM_A_801,4,gnina,0.70656937,0.7890428,3.321559,0.44461131,0.85914879,3.0083285
3579,77,17693,2527,7bp1_CAQ_C_401,4,gnina,0.71233465,0.78882551,3.1351719,0.67342865,0.99411729,3.3183897
3580,77,17700,2528,7bp1_CAQ_D_401,4,gnina,0.7114952,0.7885355,3.1351719,0.67342865,0,3.6616311
3581,77,6325,903,3tky_N7I_D_369,4,gnina,0.66970644,0.78630912,2.9151409,0.10498181,0.00030304475,4.3398255
3582,77,17231,2461,6tog_NQH_A_201,4,gnina,0.70796391,0.78556698,3.42943,0.42120177,0.98322104,2.2152263
3583,77,11883,1697,5fqf_NGA_B_1585,4,gnina,0.69848242,0.78535531,3.2774734,0.50636649,0.98856648,3.4057177
3584,77,14965,2137,6cwr_6LA_A_201,6,smina,0.54494167,0.78395457,1.5876647,0.20346165,0.98292288,2.4983092
3585,77,14788,2112,6bkk_308_B_101,4,gnina,0.7116114,0.77844071,3.2823441,0.74461579,0.24380635,1.4362802
3586,77,1880,268,1nsm_GLA_B_2400,4,gnina,0.59427397,0.77812696,2.2577221,0.05688389,0.16334207,2.1255708
3587,77,9342,1334,4n4j_HG1_A_605,4,gnina,0.68243383,0.77772076,2.7386692,0.50483078,0.34090253,2.2123981
3588,77,7391,1055,4bvh_OCZ_B_1392,6,smina,0.57430853,0.77705136,2.0325549,0.26608783,0,1.9437386
3589,77,8152,1164,4evs_PHB_A_408,4,gnina,0.55454095,0.77698499,1.9985089,0.24300361,0.99611657,1.9902959
3590,77,11155,1593,5cga_KP6_E_301,4,gnina,0.69608992,0.77577465,2.9068687,0.48670125,0.91174818,3.7911878
3591,77,15726,2246,6jmd_ORO_A_402,4,gnina,0.56019012,0.77550341,1.901204,0.40773377,0.97213268,3.5923433
3592,77,7398,1056,4bvh_OCZ_C_1394,6,smina,0.57478479,0.77501514,2.0678885,0.27108642,0,1.7788536
3593,77,7326,1046,4bdr_KAI_B_900,4,gnina,0.68884998,0.77456824,3.2684653,0.081789501,0.95036284,2.4405444
3594,77,347,49,1dxy_COI_A_404,4,gnina,0.68091021,0.77411415,2.6042211,0.70080251,0.0057999504,1.647067
3595,77,2722,388,1uay_ADN_B_1002,6,smina,0.56753323,0.77404597,1.9376464,0.40716723,0.99770735,2.3885509
3596,77,1698,242,1mmx_FUC_A_348,4,gnina,0.61261135,0.77141883,2.3019109,0.16733856,0.0014398473,1.8390554
3597,77,4869,695,2qab_EI1_A_1,4,gnina,0.70618869,0.77041656,3.275851,0.8863017,0.97449855,5.4215955
3598,77,11323,1617,5die_5CJ_A_601,4,gnina,0.7112533,0.76981787,3.9120662,0.30460557,0.16329875,3.9511209
3599,77,1705,243,1mmx_FUC_B_348,4,gnina,0.59646644,0.76958242,2.3019109,0.16733856,0.99486867,1.8159408
3600,77,13719,1959,5uio_LG3_B_201,6,smina,0.54636105,0.76904119,1.649025,0.40437871,0,0.64738792
3601,77,2300,328,1r4s_MUA_A_800,4,gnina,0.61903389,0.76852985,1.9882418,0.55897969,0.98834243,1.8199798
3602,77,6061,865,3qhd_795_A_167,6,smina,0.55403372,0.76831971,1.7754961,0.57116121,0,0.92672351
3603,77,13712,1958,5uio_LG3_A_201,6,smina,0.54438413,0.76773518,1.649025,0.40437871,0,0.612557
3604,77,15740,2248,6jme_ORO_A_402,4,gnina,0.55309164,0.76538119,1.901204,0.40773377,6.2110735e-05,2.1174152
3605,77,16097,2299,6m9b_BTN_C_201,4,gnina,0.70477801,0.76099633,3.6513393,0.71369952,0.99403961,3.5240935
3606,77,3042,434,1xny_BTN_A_5602,4,gnina,0.5482094,0.75994924,1.7728029,0.47396746,0.03052433,3.6234059
3607,77,3287,469,1zmt_RNO_B_1001,4,gnina,0.69348039,0.75860473,2.8155587,0.91062081,0,2.751106
3608,77,3315,473,1zoy_UQ1_B_1201,4,gnina,0.55442897,0.75848337,2.2400849,0.32652164,1.7945595e-05,3.6455119
3609,77,11232,1604,5cyf_FLC_A_301,4,gnina,0.68807957,0.75759563,3.5234463,0.17653707,0.14918866,2.7254405
3610,77,1796,256,1nf0_13P_A_5001,4,gnina,0.67655918,0.75714899,2.9790351,0.6623798,0.81037383,2.6568177
3611,77,14403,2057,5ybl_AKG_C_302,4,gnina,0.55442188,0.75580429,2.3698511,0.24345528,0.00060066452,2.988072
3612,78,2302,328,1r4s_MUA_A_800,6,smina,0.64322663,0.85722016,1.1781297,0.018606035,0,0.73466372
3613,78,13726,1960,5uio_LG3_C_201,6,smina,0.57566453,0.85138909,1.1711117,0.008681071,0,0.83122077
3614,78,13733,1961,5uio_LG3_E_201,6,smina,0.57477931,0.84837542,1.1870767,0.031258915,0,0.74848328
3615,78,13843,1977,5vl0_BNF_C_404,4,gnina,0.71220743,0.8355767,2.3817866,0.49956042,0.59481012,4.0154088
3616,78,13836,1976,5vl0_BNF_B_404,4,gnina,0.70939073,0.83528326,2.3522971,0.51678103,0.70593462,3.3093084
3617,78,13990,1998,5w8q_BU4_B_400,4,gnina,0.66987973,0.83419862,1.9733901,0.21923287,0.75891852,1.8371706
3618,78,2022,288,1owz_4FA_A_409,6,smina,0.57243324,0.83264491,1.308623,0.1219758,0,0.88255164
3619,78,9517,1359,4o7g_ASC_B_303,4,gnina,0.70625974,0.83252089,2.5677955,0.34039903,0.012399145,2.0719088
3620,78,1707,243,1mmx_FUC_B_348,6,smina,0.6398954,0.83202102,1.3514687,0.18969364,0.99457609,0.66029852
3621,78,11885,1697,5fqf_NGA_B_1585,6,smina,0.57153648,0.82081195,1.5367637,0.063068755,0.98834972,1.482469
3622,78,15054,2150,6e43_BEZ_B_502,4,gnina,0.71390807,0.81927128,2.8413651,0.3492578,0.98653016,3.5363995
3623,78,15728,2246,6jmd_ORO_A_402,6,smina,0.6291643,0.81845277,1.4258329,0.29686326,0,0.82667711
3624,78,15068,2152,6e43_BEZ_D_502,4,gnina,0.70501897,0.81764964,2.8326852,0.34179828,0.9865475,3.6476039
3625,78,15061,2151,6e43_BEZ_C_502,4,gnina,0.70713854,0.81727527,2.8413651,0.3492578,0.9888876,4.090364
3626,78,15047,2149,6e43_BEZ_A_502,4,gnina,0.70236443,0.81630751,2.8413651,0.3492578,0.9843882,3.4370861
3627,78,13817,1973,5vjg_0BP_A_403,6,smina,0.54718324,0.81368318,1.2462257,0.091647267,0.00684306,0.75010783
3628,78,5548,792,2x0u_X0U_B_1291,4,gnina,0.6697257,0.80664112,2.063998,0.59269601,0.99488689,1.9296968
3629,78,3385,483,2a15_NCA_A_1001,4,gnina,0.54881714,0.79899339,1.3336259,0.23851092,0.99032072,1.6121397
3630,78,1943,277,1o68_KIV_B_275,4,gnina,0.70765607,0.79777704,2.7765112,0.79708767,0.75614116,3.380959
3631,78,6381,911,3u3o_3QV_A_297,4,gnina,0.6658508,0.79278437,2.7411849,0.1345471,1.4433102e-05,2.0358462
3632,78,5410,772,2w1a_TSA_C_1091,6,smina,0.57859048,0.79215653,1.6428579,0.42263085,0.092288641,1.1816213
3633,78,8154,1164,4evs_PHB_A_408,6,smina,0.55105914,0.7911729,1.6361669,0.087275237,0,1.04534
3634,78,10154,1450,4wbd_CIT_A_602,4,gnina,0.69554942,0.79036023,3.0698996,0.61218661,0.7018558,2.9639902
3635,78,17021,2431,6si4_LEK_B_402,4,gnina,0.71355518,0.78290393,3.4051313,0.51172173,9.7879364e-06,3.5822746
3636,78,17014,2430,6si4_LEK_A_402,4,gnina,0.7130599,0.78273048,3.4051313,0.51172173,0.98431142,3.3925392
3637,78,452,64,1fhv_OSB_A_789,4,gnina,0.55458758,0.77788781,1.7151197,0.28528836,0,2.7351022
3638,78,8369,1195,4hez_1MZ_A_304,4,gnina,0.55860167,0.77725324,2.043658,0.20074889,8.9247272e-05,1.3589196
3639,78,7749,1107,4d06_NAR_F_301,0,surfdock,0.5338028,0.77586548,1.3430705,0.1947701,0.97458134,2.9190977
3640,78,17233,2461,6tog_NQH_A_201,6,smina,0.57258259,0.77473809,1.9125639,0.43905041,0,1.4958205
3641,78,11442,1634,5dzh_5KG_A_900,4,gnina,0.69982749,0.77317134,3.7136765,0.34773985,0,5.4543121
3642,78,11904,1700,5fv3_OGA_A_1770,4,gnina,0.55922297,0.77250993,2.0068119,0.35932907,9.6099507e-05,2.1420857
3643,78,7328,1046,4bdr_KAI_B_900,6,smina,0.56247996,0.77164921,1.9229503,0.46878964,0.98536359,2.2062522
3644,78,9748,1392,4qpe_37E_A_901,4,gnina,0.55839288,0.77152694,1.8136855,0.51303315,0.63849856,3.3490291
3645,78,11610,1658,5eo8_TFU_A_405,4,gnina,0.58184696,0.77076587,2.0940065,0.34790874,0.98085887,1.8705674
3646,78,6374,910,3u3o_3QV_A_296,4,gnina,0.66748063,0.77040167,2.9998343,0.32173622,1.4329771e-06,2.4101409
3647,78,522,74,1fsa_F6P_B_338,4,gnina,0.70138335,0.77027499,3.3335197,0.79496926,0.9842941,3.447132
3648,78,14305,2043,5y7r_AKG_B_402,4,gnina,0.55859878,0.76870735,1.8819174,0.51216328,0.00015502519,2.0720746
3649,78,17707,2529,7bqu_EF2_A_501,4,gnina,0.70217942,0.76865766,3.0634193,1.1091349,0.99712986,2.6760591
3650,78,4148,592,2fzb_TOL_A_600,4,gnina,0.70709426,0.76816734,3.3401883,0.86404967,0.97854583,4.5774372
3651,78,3245,463,1zha_PEP_A_1268,4,gnina,0.5588741,0.76683867,2.2100136,0.24538158,0.020921135,1.8984997
3652,78,1894,270,1nux_F6P_A_2339,4,gnina,0.6972257,0.76678219,3.3354733,0.86019742,0.77438456,2.7049575
3653,78,17695,2527,7bp1_CAQ_C_401,6,smina,0.5758604,0.76473075,1.953956,0.58749807,0.1892896,0.63304373
3654,78,8530,1218,4i0b_CMP_A_302,4,gnina,0.70494098,0.764237,4.1093097,0.17298709,0.99580115,2.8533004
3655,78,1628,232,1lzz_IHG_B_1830,4,gnina,0.67120606,0.76404158,3.0541227,0.43294278,0.4955154,2.2741006
3656,78,4871,695,2qab_EI1_A_1,6,smina,0.56726973,0.76404003,1.9616801,0.57386494,0,2.7598091
3657,78,1854,264,1now_IFG_B_558,6,smina,0.55042631,0.76357442,1.8072776,0.36518201,0.98528131,1.2602346
3658,78,10826,1546,5a02_GOL_F_1342,4,gnina,0.63006358,0.76184296,2.3332069,0.35117716,1.3083337e-05,4.8732228
3659,78,9412,1344,4ndn_PPK_A_406,4,gnina,0.54055517,0.76110091,2.0292652,0.10804286,0.0068493319,6.0899548
3660,78,15320,2188,6flu_DTK_B_404,4,gnina,0.55795612,0.76100578,1.7703725,0.71145666,0.99333461,3.4037593
3661,78,1957,279,1o68_KIV_E_275,4,gnina,0.67367502,0.76064505,2.7765112,0.79708767,0.9452387,3.0948676
3662,79,11612,1658,5eo8_TFU_A_405,6,smina,0.61019726,0.85169279,1.1574398,0.046994913,0.98951449,0.78186585
3663,79,5513,787,2wzh_NGO_A_1589,4,gnina,0.71301271,0.81030274,2.700412,0.6093666,0.99405449,2.7362821
3664,79,8929,1275,4k5u_GAL_D_301,4,gnina,0.69354067,0.80104519,3.1182892,0.28958079,0.97369752,2.1917674
3665,79,9664,1380,4pxd_1AL_B_502,4,gnina,0.69293403,0.80013711,2.6890926,0.73444378,0,2.727872
3666,79,14494,2070,5ylf_BGC_A_401,4,gnina,0.67037074,0.79892975,2.2975752,0.40326872,0.0197927,2.0589642
3667,79,8915,1273,4k5u_GAL_B_301,4,gnina,0.69143566,0.79791134,3.1984234,0.25645646,0.98764343,2.0890665
3668,79,13992,1998,5w8q_BU4_B_400,6,smina,0.54393862,0.79736232,1.4100016,0.12525134,0.75503505,0.80036172
3669,79,6066,866,3qhd_MSR_A_166,4,gnina,0.69563822,0.79603024,3.3229735,0.19608027,0.0001756332,1.8665192
3670,79,5550,792,2x0u_X0U_B_1291,6,smina,0.62716292,0.79418059,1.7984341,0.28039357,0,0.98144384
3671,79,571,81,1g6n_CMP_B_622,4,gnina,0.69658528,0.79125779,2.8323333,0.79145181,0.99234586,4.3178425
3672,79,5758,822,2z1z_MLT_A_433,4,gnina,0.559513,0.79059806,1.4468433,0.33096275,0.16624079,3.0680566
3673,79,1285,183,1jl0_PUT_B_401,4,gnina,0.56178783,0.78943331,1.7407776,0.12557183,0.97865221,1.7420244
3674,79,8383,1197,4hez_1MZ_A_307,4,gnina,0.57190751,0.78778572,1.9578257,0.15262212,0.0004586778,1.2190649
3675,79,8460,1208,4hzf_CMP_A_302,4,gnina,0.701611,0.78736093,3.437783,0.28659666,0.99770562,3.6320901
3676,79,8495,1213,4i02_CMP_B_302,4,gnina,0.69384499,0.78733211,3.5672376,0.12339302,0.99747704,4.2324259
3677,79,3387,483,2a15_NCA_A_1001,6,smina,0.54161368,0.78628178,1.3971459,0.29970565,0,0.79279871
3678,79,8481,1211,4i02_CMP_A_302,4,gnina,0.7043487,0.78599916,3.6234124,0.13947308,0.23888144,3.9561825
3679,79,11246,1606,5d8u_0N8_A_203,4,gnina,0.70986973,0.78552423,3.5966237,0.19482878,2.3288307e-08,3.6876431
3680,79,550,78,1fwn_PEP_B_2268,4,gnina,0.56443959,0.78544925,2.0073953,0.10393737,0.882534,1.9632115
3681,79,16783,2397,6r0i_JNB_A_901,4,gnina,0.71730098,0.78509236,3.4189117,0.41762531,0.98931382,5.5612206
3682,79,17364,2480,6uzr_QM1_B_301,4,gnina,0.69276648,0.78194148,3.2244527,0.56879848,0.99557091,2.9642398
3683,79,4162,594,2fzb_TOL_A_900,4,gnina,0.68037238,0.78143893,2.8026435,0.28624341,9.7095543e-08,4.129758
3684,79,9755,1393,4qxc_OGA_A_600,4,gnina,0.71325561,0.78139786,3.436389,0.46573111,7.3929275e-05,2.2173919
3685,79,8502,1214,4i02_CMP_D_301,4,gnina,0.71459044,0.77956491,3.7530606,0.19506425,0.99357243,6.9819238
3686,79,8516,1216,4i02_CMP_F_301,4,gnina,0.69856345,0.77926862,3.7157052,0.17107312,0.99485296,4.3266278
3687,79,14872,2124,6c1i_KNA_A_502,4,gnina,0.69030078,0.77725189,3.3542347,0.51846367,3.1599622e-09,2.6165357
3688,79,15070,2152,6e43_BEZ_D_502,6,smina,0.54150203,0.77628439,1.5695139,0.2877821,0.12612577,0.84994349
3689,79,8488,1212,4i02_CMP_B_301,4,gnina,0.71484477,0.77592728,3.806288,0.22282885,0.99382756,6.8034283
3690,79,8537,1219,4i0b_CMP_B_301,4,gnina,0.71260614,0.77576442,3.4402294,0.57979333,0.99540471,3.7787866
3691,79,15056,2150,6e43_BEZ_B_502,6,smina,0.5426262,0.7756431,1.6007811,0.27477494,0.067339126,0.78914416
3692,79,16160,2308,6mwl_K5G_B_301,4,gnina,0.56299713,0.77561688,1.6386576,0.52272505,0.58065383,3.2350334
3693,79,15063,2151,6e43_BEZ_C_502,6,smina,0.54251079,0.77557666,1.6007811,0.27477494,0.10030386,0.8491615
3694,79,14501,2071,5ysh_5AD_D_605,4,gnina,0.69136683,0.77505953,3.5193732,0.41231871,0.0024414504,13.347835
3695,79,15049,2149,6e43_BEZ_A_502,6,smina,0.54041494,0.77504508,1.6007811,0.27477494,0.10446788,0.7632519
3696,79,8453,1207,4hzf_CMP_A_301,4,gnina,0.69739125,0.77489414,3.5914714,0.38432309,0.99443786,3.4799246
3697,79,5569,795,2xh0_PEP_B_1440,4,gnina,0.5635949,0.77424608,1.8919191,0.34737781,0.99727669,4.0450759
3698,79,8523,1217,4i0b_CMP_A_301,4,gnina,0.69888486,0.77373534,3.4484978,0.56170416,0.99414521,3.5531198
3699,79,4505,643,2jig_PD2_A_1254,4,gnina,0.69831173,0.77348585,2.8545446,1.1573557,0,2.2649153
3700,79,8467,1209,4hzf_CMP_B_301,4,gnina,0.69655504,0.77161632,3.6604786,0.38138932,0.99475842,3.6530321
3701,79,1453,207,1kuj_MMA_A_501,4,gnina,0.56082572,0.77117881,1.9304924,0.20073721,0.99593486,1.8538269
3702,79,9657,1379,4pxd_1AL_A_502,4,gnina,0.68775888,0.77073653,2.6890926,0.73444378,0.9971479,2.6062577
3703,79,5632,804,2xul_AKG_C_201,4,gnina,0.67711503,0.7699539,3.0958302,0.19404723,1.1395584e-06,2.1967779
3704,79,4925,703,2qcx_PF1_B_300,4,gnina,0.6912657,0.7688347,3.4885967,0.5781799,0.57505882,3.594051
3705,79,8474,1210,4i02_CMP_A_301,4,gnina,0.69704238,0.76799806,3.8695145,0.25851423,0.44397894,4.8181437
3706,79,3917,559,2ef9_PEP_A_1268,4,gnina,0.56392742,0.76767011,2.2468636,0.13547227,0.80141553,2.1271706
3707,79,466,66,1fm8_DDC_A_501,4,gnina,0.6965942,0.76750349,3.6733677,0.46453854,6.0014969e-08,2.8806823
3708,79,13829,1975,5vl0_BNF_A_404,4,gnina,0.69041305,0.76644349,3.6893194,0.42346451,0.73291573,3.7520729
3709,79,16293,2327,6nh0_KND_A_803,4,gnina,0.70385421,0.76596426,3.7952907,0.40345052,1.9893493e-08,5.88095
3710,79,2282,326,1qmh_CIT_A_401,0,surfdock,0.534449,0.76570629,1.4488482,0.24998085,0,2.6658342
3711,79,5639,805,2xul_AKG_E_201,4,gnina,0.66682483,0.764934,3.1230938,0.21295087,1.5467365e-07,2.7101756
3712,80,4918,702,2qcx_PF1_A_300,4,gnina,0.70369613,0.83000194,2.7020721,0.12222297,0.35760892,2.754275
3713,80,8628,1232,4i6y_MEV_A_501,4,gnina,0.70384269,0.81440562,2.8700049,0.24390058,0.00099556579,2.4189412
3714,80,1502,214,1kya_XYD_D_814,4,gnina,0.70064521,0.80876834,3.0166051,0.18659189,0.99324334,6.7108782
3715,80,10035,1433,4ugf_Q16_A_904,4,gnina,0.70333068,0.80669441,2.8071442,0.45152584,6.7127896e-07,5.2756455
3716,80,12191,1741,5ha7_WY1_A_402,4,gnina,0.69528349,0.80374452,2.9428666,0.34170929,0.00050580634,4.9550675
3717,80,9321,1331,4n36_2F8_A_401,4,gnina,0.70194786,0.80316395,3.0332584,0.28759211,0.91606176,2.9203129
3718,80,9328,1332,4n36_2F8_B_401,4,gnina,0.69513667,0.80184325,3.0332584,0.28759211,0.75492842,2.9705293
3719,80,9335,1333,4n36_2F8_C_401,4,gnina,0.69297575,0.80101,3.0460875,0.28412968,0,2.4736571
3720,80,9762,1394,4qxc_OGA_C_600,4,gnina,0.70610557,0.79762034,3.2141154,0.23773985,0,2.9292253
3721,80,8931,1275,4k5u_GAL_D_301,6,smina,0.6055484,0.7948127,1.5705012,0.44640926,0.89615582,0.82900095
3722,80,4120,588,2fyd_BGC_D_530,4,gnina,0.70961319,0.79437867,3.2641335,0.27303478,0.19660342,2.5734905
3723,80,8917,1273,4k5u_GAL_B_301,6,smina,0.60993249,0.79295949,1.5940109,0.45828992,0.98824991,0.81215222
3724,80,13227,1889,5o4j_9KH_C_302,4,gnina,0.69840936,0.78921667,3.0348489,0.55024308,0.00024096733,2.6893793
3725,80,13220,1888,5o4j_9KH_B_302,4,gnina,0.69589529,0.78898045,3.0348489,0.55024308,0.00048254295,2.6869679
3726,80,8803,1257,4j5h_1K4_A_303,4,gnina,0.68590216,0.7879644,3.0036361,0.56452918,0.90802991,5.1473083
3727,80,17366,2480,6uzr_QM1_B_301,6,smina,0.61116657,0.78761204,1.7584568,0.38567644,0,2.3342855
3728,80,4036,576,2fcu_AKG_B_898,4,gnina,0.57230843,0.78715582,2.0122511,0.041827209,0.00022896457,1.9822186
3729,80,4785,683,2prl_R2C_A_400,4,gnina,0.71232428,0.78700865,3.0691159,0.64356047,7.9024643e-09,4.6266075
3730,80,4029,575,2fcu_AKG_A_897,4,gnina,0.57209745,0.78623893,2.0122511,0.041827209,0.00021050051,2.2168114
3731,80,5002,714,2qhv_OC9_A_1001,4,gnina,0.71086734,0.78581678,3.5938511,0.13165708,3.1956239e-06,2.0857922
3732,80,16503,2357,6pk1_3PY_A_502,4,gnina,0.57229123,0.78506792,1.6386995,0.44973597,0.082156728,1.8718764
3733,80,12387,1769,5ice_2H4_A_402,4,gnina,0.70720227,0.78136685,3.2779248,0.52015901,0.77914328,3.3979973
3734,80,4456,636,2j5b_TYE_B_1338,4,gnina,0.68177818,0.7813454,2.4421751,0.63748282,0.53486462,2.5872255
3735,80,9659,1379,4pxd_1AL_A_502,6,smina,0.6126868,0.77867755,1.9448069,0.35853243,0.99719807,1.6253425
3736,80,1299,185,1jtk_THU_B_1138,4,gnina,0.57081791,0.77738393,1.9675112,0.13739181,0.96714939,2.3819461
3737,80,2671,381,1u1g_BBB_C_5300,4,gnina,0.70847075,0.77627477,3.8672993,0.047752813,0.32774737,8.2151757
3738,80,4855,693,2q28_TPP_B_5001,4,gnina,0.70659619,0.77372901,3.5785437,0.38243929,0.79933846,8.0374359
3739,80,4848,692,2q28_TPP_A_4001,4,gnina,0.70122131,0.77234312,3.5785437,0.38243929,0.10663528,7.5862427
3740,81,333,47,1dpm_EBP_B_903,4,gnina,0.70285561,0.81777384,2.3590138,0.7098611,7.1840838e-10,2.7964525
3741,81,326,46,1dpm_EBP_A_901,4,gnina,0.70210163,0.81759051,2.3590138,0.7098611,5.190402e-06,2.6702813
3742,81,1887,269,1nuw_F6P_A_2336,4,gnina,0.68181876,0.79134166,3.2796347,0.23109612,0.1741322,2.3552729
3743,81,11029,1575,5b4u_MLA_A_302,4,gnina,0.67771773,0.78576598,2.3734038,0.6201781,0,1.6594483
3744,81,1504,214,1kya_XYD_D_814,6,smina,0.63882244,0.78529111,1.7737266,0.44740054,0,0.68673723
3745,81,17098,2442,6szt_M4Q_B_601,4,gnina,0.70633457,0.78391092,3.3335629,0.43145859,0.0031281087,2.5494195
3746,81,6626,946,3vv5_SLZ_B_301,4,gnina,0.64297587,0.7808787,2.2524662,0.054013129,0.91289648,2.4918529
3747,81,9323,1331,4n36_2F8_A_401,6,smina,0.61500546,0.77689324,1.9585358,0.3925837,0.82176799,1.5965134
3748,81,10763,1537,4zvz_4TF_A_503,4,gnina,0.68686551,0.77656035,3.1020174,0.74472481,0.0037835134,4.3956965
3749,81,16272,2324,6ngp_KKY_A_803,4,gnina,0.69913456,0.77462884,3.497503,0.43609399,4.7234139e-06,5.3050388
3750,81,1754,250,1mvc_BM6_A_200,4,gnina,0.70627549,0.77381961,3.683326,0.30017346,0.99609982,6.263078
3751,81,14508,2072,5ysh_5AD_J_605,4,gnina,0.6959246,0.77229642,2.9895754,0.98283768,0.074807582,12.439989
3752,81,16475,2353,6ooi_PGA_F_301,4,gnina,0.56850586,0.77178967,2.1441236,0.17176196,0.5941182,7.6064911
3753,81,12898,1842,5l9v_OGA_B_502,4,gnina,0.5692965,0.77077486,1.9109726,0.46720004,0.00045241003,1.8492986
3754,81,17378,2482,6v8n_QS1_A_1704,4,gnina,0.71083564,0.76936425,2.8915751,1.2098689,0.92450931,8.766993
3755,81,1455,207,1kuj_MMA_A_501,6,smina,0.52676813,0.76855025,1.1804336,0.090182126,0.994993,1.053496
3756,81,16489,2355,6ooi_PGA_H_302,4,gnina,0.56759123,0.76760705,2.1441236,0.17176196,0.92883191,6.2565969
3757,81,16461,2351,6ooi_PGA_D_301,4,gnina,0.56788721,0.76703961,2.183327,0.17305599,0.95421701,6.9584164
3758,81,16447,2349,6ooi_PGA_B_301,4,gnina,0.56738579,0.76683488,2.1441236,0.17176196,0.96352225,5.5179601
3759,81,3518,502,2b3f_GAL_B_3311,4,gnina,0.56742399,0.76565932,2.0589273,0.28172657,0.99844754,6.8900822
3760,81,16223,2317,6nba_P1T_D_501,4,gnina,0.70814317,0.76316533,4.0917964,0.14112704,0.97476192,13.201151
3761,81,335,47,1dpm_EBP_B_903,6,smina,0.51436723,0.76199279,1.1681453,0.15093406,0.00027348366,2.0822606
3762,81,328,46,1dpm_EBP_A_901,6,smina,0.51404582,0.76171459,1.1681453,0.15093406,4.2039891e-07,2.1918186
3763,81,16468,2352,6ooi_PGA_E_301,4,gnina,0.56643149,0.76171428,2.183327,0.17305599,0.97022802,5.2548332
3764,81,11036,1576,5bk9_SIN_A_301,4,gnina,0.56873794,0.76111631,2.30811,0.22109237,0.9277497,2.0555638
3765,81,12389,1769,5ice_2H4_A_402,6,smina,0.57096458,0.75985809,1.994785,0.59627235,0,2.8027787
3766,81,16099,2299,6m9b_BTN_C_201,6,smina,0.53898907,0.75796649,1.8311791,0.31628653,0,2.4895822
3767,81,1287,183,1jl0_PUT_B_401,6,smina,0.52049229,0.75791844,1.2802335,0.13775986,0.9840279,0.81273194
3768,81,13598,1942,5u5g_7VD_D_302,4,gnina,0.56795584,0.7563096,2.4447114,0.11662579,0.80504719,3.0821258
3769,81,9330,1332,4n36_2F8_B_401,6,smina,0.56077237,0.75455692,1.9585358,0.3925837,0.871185,1.7133965
3770,81,1866,266,1ns4_BGC_B_2400,4,gnina,0.57828441,0.75364111,2.4724331,0.26948944,0.95373104,2.0995039
3771,81,15642,2234,6ijn_6MZ_A_401,4,gnina,0.70286225,0.75265838,3.7605197,0.6951617,0,5.7097685
3772,81,3546,506,2b3f_GAL_F_3315,4,gnina,0.5575363,0.75261999,2.0589273,0.28172657,0.99735715,7.7191492
3773,81,573,81,1g6n_CMP_B_622,6,smina,0.6427022,0.75255002,2.5046759,0.32958263,0,2.9658383
3774,81,6409,915,3uu7_2OH_A_1,4,gnina,0.56917606,0.75185717,2.2776601,0.45274743,0.98734571,2.5668337
3775,81,6416,916,3uu7_2OH_B_1,4,gnina,0.56914012,0.75179467,2.2776601,0.45274743,0.9849778,2.4361127
3776,81,17434,2490,6vo2_R67_A_403,4,gnina,0.62872538,0.7511637,2.3728139,0.47662041,0.04929356,1.9918776
3777,81,16440,2348,6ooi_PGA_A_301,4,gnina,0.552795,0.75064733,2.1700358,0.17146412,0.93821991,6.1671851
3778,81,13831,1975,5vl0_BNF_A_404,6,smina,0.55625722,0.7504286,1.8273697,0.53961074,0,0.99718043
3779,81,3882,554,2eb5_OXL_B_2002,4,gnina,0.56632892,0.74932654,2.3341138,0.24589986,0.026761768,3.6815013
3780,81,14382,2054,5yb7_ORN_D_602,4,gnina,0.56894602,0.74859483,2.6527083,0.13071293,0.024002727,8.4256872
3781,81,12093,1727,5gwt_SIN_A_302,4,gnina,0.56850156,0.74855011,2.5265577,0.2245817,0.015791442,2.554052
3782,81,8497,1213,4i02_CMP_B_302,6,smina,0.62524441,0.74840862,2.5194619,0.38124713,0,2.8016705
3783,81,606,86,1g8z_GAL_D_104,4,gnina,0.55730913,0.74790805,2.1798165,0.24744493,0.00023796911,2.2527514
3784,81,8805,1257,4j5h_1K4_A_303,6,smina,0.60938825,0.74749299,1.9913305,0.91039354,0.92141415,5.1191271
3785,81,13941,1991,5vys_1YJ_B_301,4,gnina,0.56751825,0.74716182,2.213372,0.47918159,0.94978735,1.6534684
3786,81,3280,468,1zmt_RNO_A_1002,4,gnina,0.67695879,0.74559841,3.4601367,0.3624796,5.949699e-05,2.9345736
3787,81,14144,2020,5x6r_7ZR_B_402,4,gnina,0.6958224,0.74506174,4.3721004,0.23755448,2.2208678e-10,6.2323787
3788,81,14347,2049,5yb7_ORN_A_602,4,gnina,0.566602,0.74446644,2.614114,0.075995639,0.029678287,7.9709709
3789,81,17016,2430,6si4_LEK_A_402,6,smina,0.54196873,0.74332997,1.7281675,0.70358372,0,2.5356935
3790,82,1868,266,1ns4_BGC_B_2400,6,smina,0.5956301,0.83523212,1.2526401,0.14276041,0.95397826,0.82664297
3791,82,12863,1837,5kxb_NGA_C_305,4,gnina,0.68929221,0.83100593,2.4801109,0.2975893,0.30038483,2.7599961
3792,82,12856,1836,5kxb_NGA_B_305,4,gnina,0.67444567,0.79670608,2.4801109,0.2975893,0.32887604,4.3512865
3793,82,6628,946,3vv5_SLZ_B_301,6,smina,0.58754025,0.7955489,1.60665,0.39555576,0.87615467,2.1193262
3794,82,17140,2448,6t5p_VD8_B_302,4,gnina,0.71126113,0.79144921,2.9337862,0.65900707,0.83411429,3.6964958
3795,82,2972,424,1x7j_GEN_B_202,4,gnina,0.71979599,0.78913831,3.1700487,0.49677825,0.19292268,3.272362
3796,82,17154,2450,6t5p_VD8_D_302,4,gnina,0.68420282,0.787714,2.9337862,0.65900707,0.99169574,3.4117349
3797,82,15145,2163,6f66_CUT_B_300,4,gnina,0.57652126,0.78565703,2.0387137,0.11177301,0.97144165,2.4714957
3798,82,4526,646,2npq_BOG_A_2000,4,gnina,0.69052519,0.78418581,3.3309867,0.35690302,0,4.3949989
3799,82,15138,2162,6f66_CUT_A_300,4,gnina,0.57612449,0.78212433,2.1003385,0.1022356,0.99216737,3.1603867
3800,82,4,0,19gs_BSP_B_210,4,gnina,0.71623752,0.78108342,2.8562803,0.96937639,2.4252396e-05,1.6902626
3801,82,3548,506,2b3f_GAL_F_3315,6,smina,0.53759332,0.78082302,1.4134871,0.3714942,0.99748793,1.6632268
3802,82,11799,1685,5fkl_TDC_A_222,4,gnina,0.68234946,0.77888652,3.6907294,0.082591459,0,3.6784918
3803,82,16398,2342,6ock_9KL_A_602,4,gnina,0.57586684,0.77497414,1.6936775,0.62007946,0.00010056827,3.0397401
3804,82,15922,2274,6l17_E2X_A_401,4,gnina,0.57480209,0.77224526,2.1396139,0.15713899,0.6151808,3.4615554
3805,82,1341,191,1k5s_GRO_B_601,4,gnina,0.70306984,0.77205359,2.8844869,1.108524,0.89925485,2.1381258
3806,82,8469,1209,4hzf_CMP_B_301,6,smina,0.6220168,0.76927043,2.1829007,0.31707269,0,3.5021233
3807,82,15292,2184,6flu_DTK_A_406,4,gnina,0.57287129,0.76814247,2.2203779,0.047953039,0.99458142,1.9598207
3808,82,13955,1993,5w3k_9TY_B_401,4,gnina,0.68303319,0.7661473,3.0931933,0.9636218,0.97672361,2.110169
3809,82,7515,1073,4cjw_CBJ_A_1215,4,gnina,0.6708596,0.76530397,3.2864692,0.0530276,0.0067639809,3.6623035
3810,82,4127,589,2fyd_NGA_B_404,4,gnina,0.57168538,0.76380306,1.9277216,0.37796342,0.00012987687,2.5067649
3811,82,1390,198,1kdo_C_A_5407,4,gnina,0.6878287,0.76305846,3.527792,0.61637497,0.98940465,4.2211384
3812,82,12828,1832,5kjw_53C_A_800,4,gnina,0.56441258,0.76181726,2.0434768,0.18948825,0.7654594,2.0164332
3813,82,963,137,1h8p_PC_A_1111,4,gnina,0.66101242,0.7608419,2.4143918,0.26549309,4.3345933e-06,1.7896995
3814,82,2324,332,1rum_BEZ_H_1601,0,surfdock,0.53515234,0.76079346,1.4421387,0.35554066,0.98712959,2.4060336
3815,82,4134,590,2fyd_NGA_D_529,4,gnina,0.56712513,0.75987388,1.924946,0.37703568,6.9903463e-05,2.5770094
3816,82,15313,2187,6flu_DTK_B_403,4,gnina,0.56183875,0.7596813,2.2340586,0.019839203,0.97549626,1.94885
3817,82,7200,1028,4ajj_MLI_A_1333,4,gnina,0.57559006,0.75963823,2.3024874,0.27780288,0.56591784,2.7841537
3818,82,746,106,1h18_DTL_B_9009,4,gnina,0.57528816,0.7592919,2.3038383,0.26263994,2.0181051e-06,4.4846193
3819,82,17709,2529,7bqu_EF2_A_501,6,smina,0.54535392,0.75823357,1.8526306,0.33849317,0,1.7760142
3820,82,8455,1207,4hzf_CMP_A_301,6,smina,0.57381701,0.75625485,2.1976669,0.32310119,0,3.1957326
3821,82,11722,1674,5faj_DCS_D_401,4,gnina,0.70684827,0.75549232,3.6896455,0.69246298,0,7.3203016
3822,82,11575,1653,5eo7_SFU_C_404,4,gnina,0.56964746,0.75456705,2.040992,0.39422452,0.0090471548,2.9404485
3823,82,1301,185,1jtk_THU_B_1138,6,smina,0.52267395,0.7526778,1.262805,0.29632854,0.96875062,1.7456616
3824,82,4113,587,2fyd_BGC_B_403,4,gnina,0.5732037,0.75256402,2.4673541,0.098078817,0.95983845,2.3820573
3825,82,8656,1236,4i9n_1E5_B_402,4,gnina,0.57479998,0.75243733,2.6249547,0.038658515,0.97073742,9.1492381
3826,82,1425,203,1klk_PMD_A_653,4,gnina,0.69369775,0.75179785,4.0620584,0.36374795,0.98987492,4.4645558
3827,82,3553,507,2bdg_PBZ_A_301,4,gnina,0.57583419,0.75163381,2.5907538,0.15681849,0.98897645,1.6914745
3828,82,5646,806,2xul_AKG_F_201,4,gnina,0.6427038,0.74966541,2.486588,0.4009251,0.0017602733,2.0037237
3829,82,3560,508,2bdg_PBZ_B_302,4,gnina,0.57486336,0.74856617,2.5907538,0.15681849,0.99663567,2.0442574
3830,82,6108,872,3r3z_GOA_B_305,4,gnina,0.59443511,0.74665833,2.5696166,0.33219761,0.47391131,2.4685449
3831,82,17238,2462,6toj_NQQ_A_201,4,gnina,0.69572584,0.74657689,3.7391624,0.82162976,0.45164225,4.8460525
3832,82,14011,2001,5wgk_AGJ_A_816,4,gnina,0.56863177,0.74651765,2.3099649,0.26445028,0.64658277,4.8084231
3833,82,15446,2206,6gpn_OGA_B_402,4,gnina,0.57630183,0.74622726,2.6203344,0.25901106,2.5254973e-10,3.1215179
3834,82,13507,1929,5tdt_MBN_D_502,4,gnina,0.57019925,0.7457527,2.4691324,0.14078593,2.3893224e-06,9.4965086
3835,82,8462,1208,4hzf_CMP_A_302,6,smina,0.53682294,0.7457384,2.1098003,0.28199726,0,3.1332111
3836,82,15322,2188,6flu_DTK_B_404,6,smina,0.53151018,0.74546471,1.4391336,0.27297705,0.99685739,0.53886405
3837,82,10105,1443,4uzi_IMD_B_1455,4,gnina,0.54553688,0.74536253,2.0905669,0.33844963,8.9129817e-06,1.9097633
3838,82,6843,977,3wsg_CIT_F_302,4,gnina,0.57401493,0.74517401,2.6280737,0.12096189,0.31520872,5.1614407
3839,82,12520,1788,5iuy_BOG_C_503,4,gnina,0.70022107,0.74438499,4.2204156,0.4179796,0.00072106536,7.6985428
3840,83,1343,191,1k5s_GRO_B_601,6,smina,0.58459464,0.84124983,1.1617281,0.1529633,0.94707091,1.0634992
3841,83,13957,1993,5w3k_9TY_B_401,6,smina,0.58372557,0.82553813,1.2553271,0.28548568,0,0.74527296
3842,83,15593,2227,6hqr_3DM_A_502,4,gnina,0.58029326,0.77571406,1.8279457,0.51269513,0.96189051,1.7752806
3843,83,3819,545,2dcf_ACA_A_501,4,gnina,0.7031016,0.77510735,3.1977065,0.71878314,0.97327166,3.1540417
3844,83,12254,1750,5hpu_IPH_C_101,4,gnina,0.57998314,0.77293733,1.8212938,0.55298549,3.1054782e-07,1.3860409
3845,83,12247,1749,5hpu_IPH_A_101,4,gnina,0.5795499,0.77203459,1.8212938,0.55298549,0.98905824,1.1539476
3846,83,16370,2338,6o04_DNA_C_603,4,gnina,0.71540369,0.77090526,2.6783857,1.3622869,0,7.2825814
3847,83,15838,2262,6k92_GT0_A_802,4,gnina,0.57945223,0.7707471,2.1283343,0.26107821,0.97320732,2.5461496
3848,83,15845,2263,6k92_GT0_B_602,4,gnina,0.57961963,0.7697132,2.1428668,0.27469492,0.92029185,2.2612779
3849,83,16363,2337,6o04_DNA_B_601,4,gnina,0.71685392,0.76916695,2.705591,1.3832949,0,11.796332
3850,83,15294,2184,6flu_DTK_A_406,6,smina,0.53672327,0.76906041,1.4454054,0.55429691,0.028848672,0.71716524
3851,83,3562,508,2bdg_PBZ_B_302,6,smina,0.53676424,0.76786585,1.9301672,0.091214955,0,0.82759347
3852,83,3520,502,2b3f_GAL_B_3311,6,smina,0.53762044,0.76543885,1.6969929,0.37216344,0.99888467,1.4530715
3853,83,7620,1088,4clr_FDB_D_1270,4,gnina,0.58087112,0.7590757,2.3307283,0.32822478,0.98718323,3.7388964
3854,83,1931,275,1o29_UFP_C_813,6,smina,0.62212325,0.75860233,2.49559,0.21724971,0.38081426,3.9593365
3855,83,11687,1669,5f35_FLC_A_302,4,gnina,0.57533122,0.75621617,1.8863349,0.58853924,3.4505883e-06,2.6840648
3856,83,10504,1500,4z1d_PEP_B_300,4,gnina,0.55242084,0.75517739,1.7871512,0.5353564,0.04670795,1.8748734
3857,83,7587,1083,4cle_JR2_B_1270,6,smina,0.54710098,0.75321197,1.7934952,0.55086941,0,1.2124448
3858,83,12327,1761,5i5t_67X_A_402,0,surfdock,0.53620267,0.75303126,1.5993191,0.35900921,0.96197103,3.0057838
3859,83,12334,1762,5i5t_67X_B_402,0,surfdock,0.53620267,0.75264325,1.6286021,0.33648455,0.99593959,3.0629267
3860,83,5786,826,2z48_A2G_A_1005,4,gnina,0.57828199,0.75252478,2.5210657,0.14111456,0.92433055,3.3525428
3861,83,5212,744,2uuj_896_B_1250,4,gnina,0.7122571,0.751824,4.0505962,0.42723563,0.99403521,5.5167349
3862,83,15803,2257,6jyg_FLC_E_401,4,gnina,0.70754082,0.75144916,3.4750531,0.99681813,0.32452613,6.0837207
3863,83,10497,1499,4z1d_PEP_A_300,4,gnina,0.53784626,0.75135879,1.7871512,0.5353564,0.00091743283,3.5664517
3864,83,5835,833,2z48_NGA_B_2003,4,gnina,0.57723594,0.7496997,2.5519152,0.11602801,0.70372509,2.6069494
3865,83,10469,1495,4yu7_DHC_A_204,4,gnina,0.61135355,0.74969223,2.6681061,0.20957148,1.507307e-08,2.029005
3866,83,10476,1496,4yu7_DHC_B_203,4,gnina,0.6253471,0.74916979,2.6955616,0.20622748,1.9919171e-07,2.1265174
3867,83,5828,832,2z48_NGA_B_2002,4,gnina,0.57591514,0.74785744,2.5063515,0.15075573,5.4945047e-05,2.5329831
3868,83,7370,1052,4buv_16I_C_2165,6,smina,0.55192307,0.74667836,2.3547578,0.12130439,0,2.6209312
3869,83,12786,1826,5kcj_6RM_B_302,4,gnina,0.7169796,0.74627293,3.7435715,0.88776767,0.70238409,6.2444419
3870,83,6227,889,3sj1_DXC_X_75,4,gnina,0.68017594,0.74506741,2.9787867,1.5908935,0,3.408633
3871,83,7643,1091,4cme_KTZ_C_1270,6,smina,0.556277,0.74414548,2.5209897,0.022848284,0,2.9035869
3872,83,5653,807,2xya_7L4_A_1181,4,gnina,0.57945895,0.74300856,2.7589042,0.16310103,0.99351733,1.728211
3873,83,5576,796,2xhk_AKG_A_519,4,gnina,0.60831565,0.74227212,2.370214,0.65257502,0.00030766263,1.7927736
3874,83,17126,2446,6t0a_M58_B_601,4,gnina,0.55121456,0.74165393,2.4088621,0.16212225,0,1.6681623
3875,83,10560,1508,4zb5_GLC_A_403,4,gnina,0.57630352,0.74094002,2.4920008,0.31492406,4.8949895e-05,1.8159972
3876,83,1831,261,1nmm_NAG_D_527,4,gnina,0.57389456,0.74087966,2.7032011,0.037553087,0.97613541,2.6617086
3877,83,1152,164,1ixo_G3P_B_1002,4,gnina,0.54084248,0.74066164,2.2562494,0.28105789,0.82159133,2.9302148
3878,83,15147,2163,6f66_CUT_B_300,6,smina,0.52644559,0.74024842,1.5043482,0.30380282,0,1.9351458
3879,83,8845,1263,4jh6_FCN_A_202,4,gnina,0.57998895,0.74014073,2.6263771,0.38062021,0.64751537,1.3961277
3880,83,16372,2338,6o04_DNA_C_603,6,smina,0.50866598,0.73978287,1.1080202,0.045598671,0.00020066346,1.2665864
3881,83,17609,2515,6zac_QDE_A_4000,4,gnina,0.69006138,0.73909263,3.7808287,0.96297318,0.96881303,7.7968864
3882,83,12394,1770,5icf_SAU_A_402,4,gnina,0.66865724,0.73895044,2.9286823,0.2691634,0.32372939,2.0458644
3883,83,16365,2337,6o04_DNA_B_601,6,smina,0.50917634,0.73869476,1.1191899,0.052487075,0.00040008891,1.3939139
3884,83,4729,675,2p1e_LAC_A_303,4,gnina,0.52135101,0.73867991,1.2832795,0.3250165,0.018681664,1.4006013
3885,83,4115,587,2fyd_BGC_B_403,6,smina,0.52322773,0.73807054,1.5153965,0.32124352,0.45587006,0.89969785
3886,83,15140,2162,6f66_CUT_A_300,6,smina,0.53457004,0.73715573,1.6005009,0.29205957,0,1.4136241
3887,83,13367,1909,5syi_NIZ_B_805,4,gnina,0.56699752,0.73566941,2.3008566,0.46361169,0.0079905635,3.6551963
3888,83,7392,1056,4bvh_OCZ_C_1394,0,surfdock,0.62307353,0.73507044,3.0443943,0.14650618,0.98447356,3.214962
3889,83,7385,1055,4bvh_OCZ_B_1392,0,surfdock,0.62271462,0.73492362,3.0266998,0.16602026,0.9877122,3.4313842
3890,84,2867,409,1w1a_NDG_2_1261,4,gnina,0.55675727,0.77735975,1.8848091,0.075960279,0.065471508,2.3109754
3891,84,11043,1577,5bkd_AKG_A_502,4,gnina,0.58127463,0.77317453,2.0804431,0.20930056,0.62261497,2.1932004
3892,84,2587,369,1tl2_NDG_A_241,4,gnina,0.58009301,0.77054196,2.1262252,0.16287686,0.00011101267,2.6650955
3893,84,2573,367,1tl2_NDG_A_239,4,gnina,0.57836625,0.77020438,2.0744321,0.16617994,0.98178096,2.2052337
3894,84,2559,365,1tl2_NDG_A_237,4,gnina,0.5789705,0.76902193,2.1209788,0.16271673,0.98518128,2.0308458
3895,84,11050,1578,5bkd_AKG_B_502,4,gnina,0.57692691,0.76594982,2.0804431,0.20930056,0.58856697,2.2807517
3896,84,2048,292,1p2s_ETF_A_400,4,gnina,0.55714027,0.76008572,2.0728481,0.18995842,0.0078780893,1.2525373
3897,84,6432,918,3uud_EST_B_600,6,smina,0.53941703,0.75944553,1.6194086,0.61733782,0,1.7784511
3898,84,12485,1783,5irw_D9P_A_202,4,gnina,0.56415219,0.75941443,2.1038454,0.19816899,0.73171199,3.1260429
3899,84,1936,276,1o2i_655_A_246,4,gnina,0.58241495,0.75905377,2.2753093,0.33634439,0.88124563,3.9086456
3900,84,12310,1758,5i0d_GLC_B_1122,4,gnina,0.57913438,0.75866405,2.2532556,0.22522463,1.8145499e-05,5.9337364
3901,84,11190,1598,5clo_NS8_M_101,4,gnina,0.69335768,0.75848973,3.672601,0.61899304,0.0062618977,2.3331127
3902,84,13577,1939,5u5g_7VD_A_302,4,gnina,0.55374069,0.75779672,2.1628706,0.13427246,0.4864854,2.7187395
3903,84,13584,1940,5u5g_7VD_B_302,4,gnina,0.54944259,0.75747146,2.1628706,0.13427246,0.69592775,3.3438993
3904,84,15817,2259,6jz4_EVA_A_701,4,gnina,0.57768548,0.75671793,2.2872906,0.18556699,0.021828691,3.2902162
3905,84,15824,2260,6jz4_EVA_B_701,4,gnina,0.57766089,0.75665369,2.2872906,0.18556699,0.023728291,3.102211
3906,84,1376,196,1kbq_936_B_704,4,gnina,0.67230192,0.7554835,4.2405586,0.059762605,1.1322975e-06,5.162938
3907,84,11449,1635,5dzh_5KG_B_901,4,gnina,0.69370968,0.75491678,3.9583824,0.41877842,0.46381498,4.3554414
3908,84,12282,1754,5htd_MYR_A_201,4,gnina,0.57931802,0.75395219,2.0193493,0.55131364,0.0010852526,3.6934443
3909,84,1761,251,1n1i_HIS_C_501,4,gnina,0.53827138,0.75350718,1.8149682,0.52017522,0.0014285187,1.9027157
3910,84,3821,545,2dcf_ACA_A_501,6,smina,0.64575216,0.75297879,2.0995817,0.73937613,0.83433157,2.3821127
3911,84,15404,2200,6g5q_EMZ_B_402,4,gnina,0.57540679,0.7528065,2.1899421,0.32620502,0.99190876,2.4961353
3912,84,14599,2085,6a1f_9OF_A_807,4,gnina,0.57873262,0.75124858,2.5852671,0.021140514,0.99859068,2.507577
3913,84,12249,1749,5hpu_IPH_A_101,6,smina,0.51834125,0.74785347,1.0793399,0.03873919,0,0.41955432
3914,84,5376,768,2vsu_V55_D_1251,0,surfdock,0.53764495,0.74708752,1.7583923,0.36504778,0.0038107567,2.7008038
3915,84,5369,767,2vss_V55_D_1250,0,surfdock,0.53764495,0.74667744,1.7205782,0.41023284,0.002850117,2.6354159
3916,84,16020,2288,6lj7_EFR_A_301,4,gnina,0.57348889,0.74650943,2.102711,0.51285815,4.1916056e-05,2.4855355
3917,84,7543,1077,4cld_JUO_A_1270,4,gnina,0.58308346,0.74490692,2.7421415,0.17550907,0.00060131922,3.3961189
3918,85,14571,2081,5zgr_ZZ7_B_303,4,gnina,0.58006966,0.79499279,1.7774172,0.1908379,0,5.3321988
3919,85,8525,1217,4i0b_CMP_A_301,6,smina,0.59347413,0.79181455,1.7261276,0.35594806,0,4.1101583
3920,85,12788,1826,5kcj_6RM_B_302,6,smina,0.55482065,0.7817063,1.5895373,0.3160868,0,6.2626357
3921,85,8532,1218,4i0b_CMP_A_302,6,smina,0.53771279,0.77748277,1.6679902,0.27567485,0,2.3773601
3922,85,13948,1992,5vys_GMP_B_303,4,gnina,0.57655474,0.77390735,1.9135484,0.28577775,0.0031482846,3.3987547
3923,85,8539,1219,4i0b_CMP_B_301,6,smina,0.54903349,0.76666321,1.7761151,0.3807157,0,2.9911316
3924,85,56,8,1aer_TIA_B_700,0,surfdock,0.53750965,0.75988529,1.6807252,0.24966131,0,2.8914188
3925,85,11792,1684,5fiu_Y3J_C_1299,4,gnina,0.57938996,0.7587279,2.2391386,0.32297164,0.98340815,4.5566605
3926,85,12744,1820,5jp9_DCM_A_401,4,gnina,0.65132445,0.75783409,2.454772,0.31494346,0.97559846,3.7852568
3927,85,6976,996,3zks_WZV_A_1398,4,gnina,0.66776282,0.75362269,2.9943964,0.6104123,0.0013204761,6.7521408
3928,85,8518,1216,4i02_CMP_F_301,6,smina,0.59422882,0.75334845,2.3142526,0.46794477,0,3.3858518
3929,85,15315,2187,6flu_DTK_B_403,6,smina,0.51376254,0.75259291,1.0527275,0,0.96787132,0.55155939
3930,85,413,59,1eow_U2G_A_130,0,surfdock,0.53750965,0.75236683,1.8156668,0.24547848,0,3.1242892
3931,85,5515,787,2wzh_NGO_A_1589,6,smina,0.536672,0.75057898,1.5445503,0.21430373,0.99409787,1.0414833
3932,85,17224,2460,6tof_NQE_A_201,4,gnina,0.5806243,0.75013855,2.527714,0.26926795,1.8441739e-07,2.7018151
3933,85,15572,2224,6ho2_GHN_A_301,4,gnina,0.6771699,0.74784914,4.3353562,0.19618878,0.926569,6.8044946
3934,85,4827,689,2pwf_BGC_D_9999,4,gnina,0.57061226,0.74773939,2.0421696,0.54904401,3.6474947e-05,5.7270698
3935,85,17142,2448,6t5p_VD8_B_302,6,smina,0.60048539,0.74702681,2.6717443,0.24183913,0.00065221674,1.8870872
3936,85,10735,1533,4zu3_4SD_E_301,4,gnina,0.57799448,0.74239573,2.5353487,0.28795385,0.90159167,4.307259
3937,85,8194,1170,4fra_GAL_A_402,4,gnina,0.57614708,0.74033167,1.8760287,0.9332779,0.95511636,1.5293155
3938,85,16785,2397,6r0i_JNB_A_901,6,smina,0.53483865,0.74031956,1.7550383,0.16892765,0.98906135,3.4722901
3939,85,15477,2211,6hgl_TES_A_401,0,surfdock,0.53750965,0.74002367,1.7721353,0.51238513,0.97795019,3.0527818
3940,85,3555,507,2bdg_PBZ_A_301,6,smina,0.51218543,0.73977266,1.125055,0.10228658,0,0.75301971
3941,85,10714,1530,4zu3_4SD_B_302,4,gnina,0.56919684,0.73903153,2.479291,0.26436689,0.94175236,3.2081338
3942,85,12751,1821,5jp9_DCM_B_401,4,gnina,0.63031708,0.73731122,2.7487366,0.39967275,0.98209601,3.6625617
3943,85,7032,1004,3zyx_MBT_A_601,4,gnina,0.58105332,0.73720576,2.5095265,0.56521022,0,3.0469671
3944,85,8145,1163,4evq_PHB_B_402,4,gnina,0.57947204,0.73602555,2.437757,0.58067316,0.99519428,2.3553053
3945,85,1978,282,1okm_SAB_A_555,4,gnina,0.57958535,0.73575883,2.4790325,0.55259597,0.97463114,3.7637088
3946,85,4907,701,2qca_DGP_A_300,0,surfdock,0.53750965,0.73569424,1.8875517,0.47799584,0.97119515,3.5347667
3947,85,10112,1444,4uzi_IMD_B_1456,4,gnina,0.55409517,0.73495399,2.500303,0.2553865,0.93724548,1.7136169
3948,85,10700,1528,4zu3_4SD_A_301,4,gnina,0.57069704,0.73427783,2.5557506,0.30333927,0.81227243,3.0856953
3949,85,3623,517,2bs8_NAG_A_1177,4,gnina,0.56024243,0.73332904,2.0214634,0.78956395,0.53439824,1.9764814
3950,85,1845,263,1now_IFG_A_557,4,gnina,0.56564042,0.73328364,2.3016164,0.53442872,0.98513541,2.744394
3951,85,8504,1214,4i02_CMP_D_301,6,smina,0.54067028,0.73321648,2.3289649,0.43749914,0,2.5061808
3952,85,10707,1529,4zu3_4SD_B_301,4,gnina,0.56586567,0.73255358,2.5570579,0.29759231,0.91529896,3.2700668
3953,85,17007,2429,6sds_L8N_A_302,4,gnina,0.57794339,0.73197353,2.5149851,0.51805407,0.99307996,4.4298732
3954,85,2317,331,1rnd_DGP_A_126,0,surfdock,0.53750965,0.73175021,1.8999201,0.54069501,0,3.1727591
3955,85,970,138,1h8p_PC_B_1110,4,gnina,0.57918417,0.73134337,2.6517134,0.44746661,0.36779961,1.7376522
3956,85,4900,700,2qca_DGP_A_200,0,surfdock,0.53750965,0.72993077,1.9062004,0.56945509,0.95858971,3.3449634
3957,85,12821,1831,5kf2_COA_A_401,4,gnina,0.5586617,0.72965946,2.3027344,0.57897693,0.46316492,6.1122801
3958,85,11680,1668,5ezp_IPJ_G_202,4,gnina,0.58011233,0.72929919,2.8403625,0.36196086,6.8820985e-07,2.8312242
3959,85,8490,1212,4i02_CMP_B_301,6,smina,0.540634,0.72862922,2.3729613,0.48501238,0,3.569568
3960,85,6425,917,3uud_EST_A_600,6,smina,0.52687783,0.72830026,1.5820481,0.50006813,0,1.9198191
3961,85,10539,1505,4za7_4LV_A_606,4,gnina,0.60479337,0.72756368,2.8338215,0.4926303,0.95496015,1.9807209
3962,85,5884,840,2zgw_ADN_A_1301,4,gnina,0.57985855,0.72743086,2.5422831,0.68430036,0.99241541,3.3184266
3963,85,9370,1338,4n5p_2H0_E_412,4,gnina,0.57968337,0.72729475,2.9128354,0.30747831,0.20330346,6.2709471
3964,85,15624,2232,6i4b_ORO_B_602,0,surfdock,0.53750965,0.72537378,1.9043493,0.66023159,0.0075869235,2.6159834
3965,85,9874,1410,4rql_SNE_A_505,4,gnina,0.57963687,0.72527175,2.8910511,0.37019473,0.0066785632,2.7942237
3966,85,11372,1624,5dnx_5LD_A_203,4,gnina,0.56542042,0.72506449,2.5877655,0.41475847,0.0023865991,2.8641253
3967,85,11659,1665,5ezp_IPJ_A_201,4,gnina,0.57866756,0.72488167,2.8481572,0.35823533,6.617497e-08,3.4339524
3968,86,12746,1820,5jp9_DCM_A_401,6,smina,0.60822123,0.7876676,1.7235657,0.44793689,0,3.0527157
3969,86,5285,755,2v7o_DRN_A_1303,0,surfdock,0.67007465,0.78241818,3.2096672,0.50312561,0.94648488,4.4563874
3970,86,17798,2542,8icd_ICT_A_418,4,gnina,0.54830946,0.78104296,1.6136985,0.31507179,0.03138311,3.9024302
3971,86,8299,1185,4gy9_ZIP_A_201,4,gnina,0.5836945,0.76593504,2.4384675,0.063018076,0.67768399,2.1198505
3972,86,2013,287,1ovk_NYL_A_405,4,gnina,0.57351695,0.75881181,1.8257165,0.58046103,0.99258249,2.0166419
3973,86,16132,2304,6mry_FLC_A_101,4,gnina,0.58197136,0.75449936,2.2281077,0.41246185,0.016340912,2.3552745
3974,86,8147,1163,4evq_PHB_B_402,6,smina,0.51241554,0.75415643,1.0517519,0,0,1.9415909
3975,86,16006,2286,6lit_2OH_A_501,4,gnina,0.59691238,0.75227381,2.4751229,0.33163518,0.99420795,2.9140955
3976,86,15971,2281,6l86_LMR_D_302,4,gnina,0.57203436,0.75147225,2.2901227,0.23003615,0.15227293,4.1230234
3977,86,16947,2421,6rq3_OUC_A_401,0,surfdock,0.537679,0.74525541,2.015521,0.2020185,0.028560803,3.8336933
3978,86,9062,1294,4l80_OXL_C_402,4,gnina,0.58422622,0.74299526,2.8054962,0.16148844,0.28365325,5.1431562
3979,86,9048,1292,4l80_OXL_A_402,4,gnina,0.58407549,0.74255817,2.8054962,0.16148844,0.94922082,5.295105
3980,86,9069,1295,4l80_OXL_D_402,4,gnina,0.58389062,0.74237085,2.8054962,0.16148844,0,5.0075979
3981,86,9083,1297,4l80_OXL_F_402,4,gnina,0.58322837,0.74099713,2.8054962,0.16148844,0.78572142,4.9089109
3982,86,7956,1136,4du7_DP6_A_401,4,gnina,0.58146912,0.7402679,2.6562905,0.23663554,0.94559839,4.4086001
3983,86,15574,2224,6ho2_GHN_A_301,6,smina,0.59220777,0.73926462,2.6392143,0.42463452,0,9.4066792
3984,86,7424,1060,4c2p_X8Z_A_709,4,gnina,0.58238699,0.73802432,1.9614553,1.021639,0.9800801,2.2055522
3985,86,7963,1137,4du7_DP6_B_401,4,gnina,0.58011961,0.7378489,2.6738768,0.23755084,0.9694456,4.081529
3986,86,10773,1539,4zvz_4TF_C_503,0,surfdock,0.62835417,0.7368736,2.9922113,0.16398391,0.97449052,3.232034
3987,86,10766,1538,4zvz_4TF_B_503,0,surfdock,0.62371556,0.73650356,2.9922113,0.16398391,0.87903441,3.2847384
3988,86,8778,1254,4j0k_EGR_B_501,0,surfdock,0.59880871,0.73542739,2.505758,0.64453411,0.9409488,2.7629207
3989,86,9055,1293,4l80_OXL_B_402,4,gnina,0.58009488,0.73506515,2.8054962,0.16148844,0,5.4170022
3990,86,2328,332,1rum_BEZ_H_1601,4,gnina,0.5818189,0.73446294,2.1512473,0.87827975,0.0063939891,2.0156254
3991,86,16013,2287,6lit_2OH_B_501,4,gnina,0.56103013,0.73441212,2.4751229,0.33163518,0.99427985,3.044853
3992,86,10780,1540,4zvz_4TF_D_503,0,surfdock,0.64281291,0.73328891,3.0845032,0.16843577,0.7568858,3.3443443
3993,86,1691,241,1ml4_PAL_A_385,4,gnina,0.58215229,0.73099415,3.0205879,0.10474823,0.99335002,3.5751873
3994,86,1257,179,1jho_RMB_A_990,4,gnina,0.5736544,0.73087503,2.4292965,0.52493596,0.99268842,3.9799574
3995,86,16776,2396,6qrn_RIP_A_500,4,gnina,0.5233066,0.72921996,1.3225127,0.20547952,0.97174706,1.3147044
3996,86,4708,672,2ot7_OGA_A_500,4,gnina,0.5838516,0.72910884,2.9217865,0.32088599,0.00053726649,2.8955784
3997,86,1847,263,1now_IFG_A_557,6,smina,0.51379986,0.72892881,1.3173596,0.14590345,0.98508921,1.2126305
3998,86,16744,2392,6qot_6SD_A_301,0,surfdock,0.537679,0.728542,2.0671356,0.46580905,0.99085635,2.9141685
3999,86,16751,2393,6qot_6SD_B_301,0,surfdock,0.537679,0.728542,2.0671356,0.46580905,0,2.9055812
4000,86,4225,603,2gnm_MAN_A_253,4,gnina,0.57192231,0.72764944,2.4269817,0.56432086,0.94370028,1.8480649
4001,86,11092,1584,5c7v_PYC_A_804,4,gnina,0.52440801,0.72644092,1.460795,0.14215714,0.97596914,1.9627511
4002,86,8971,1281,4kqx_HIO_A_402,4,gnina,0.53458306,0.72513834,1.6589947,0.57675564,0.75291498,1.949267
4003,86,16062,2294,6ly4_TES_A_501,4,gnina,0.58267384,0.72471355,2.2081552,1.0764924,0.98631157,1.9293295
4004,86,16225,2317,6nba_P1T_D_501,6,smina,0.60950976,0.72432758,3.1819537,0.22442928,0,3.7299327
4005,86,15595,2227,6hqr_3DM_A_502,6,smina,0.49906232,0.72401154,1.2209841,0.23933049,0,0.88582427
4006,86,1614,230,1luq_BTN_A_5100,4,gnina,0.58326351,0.72268666,3.2707472,0.0874644,0.98955304,3.2818691
4007,86,14186,2026,5xin_XLS_B_397,4,gnina,0.58170572,0.72236544,2.990839,0.29166225,0.022604521,3.7758627
4008,86,8978,1282,4kqx_HIO_B_401,4,gnina,0.53230015,0.72230947,1.6677008,0.58424312,0.44556243,2.278171
4009,86,12156,1736,5h5k_C5P_B_203,4,gnina,0.5815661,0.72225965,2.5287588,0.74672419,0.50518412,3.4946386
4010,86,5543,791,2x05_X05_B_1900,6,smina,0.56729383,0.72207607,2.4204378,0.66448337,0,0.97614051
4011,86,10791,1541,5a02_GOL_A_1341,4,gnina,0.61090366,0.72148555,3.2457063,0.22640795,1.4487754e-05,4.6822693
4012,86,3756,536,2coj_GBN_A_420,4,gnina,0.58269287,0.72114323,2.9423149,0.42306873,0.2209652,2.4129175
4013,86,10805,1543,5a02_GOL_C_1341,4,gnina,0.60691425,0.72112284,3.2457063,0.22640795,0.00066432178,5.1075043
4014,86,3763,537,2coj_GBN_B_420,4,gnina,0.58259973,0.72077809,2.9423149,0.42306873,0.94883069,2.453389
4015,86,15406,2200,6g5q_EMZ_B_402,6,smina,0.5134877,0.72054564,1.3217252,0.2793974,8.56782e-10,1.3060261
4016,86,1512,216,1l4f_NCN_A_991,0,surfdock,0.537679,0.72036944,2.4473295,0.24789687,0.9681295,3.9795237
4017,86,8771,1253,4j0k_EGR_A_501,0,surfdock,0.57279577,0.72007234,2.4834201,0.68128806,0.9034004,2.7448624
4018,87,16778,2396,6qrn_RIP_A_500,6,smina,0.57685008,0.83893181,1.1014208,0.068802662,0.05173119,0.51966646
4019,87,11094,1584,5c7v_PYC_A_804,6,smina,0.57985789,0.7896415,1.4190798,0.51810044,1.7746324e-05,0.64460536
4020,87,9972,1424,4ubp_HAE_C_800,4,gnina,0.53103991,0.77083869,1.1648315,0.079272874,0.97836021,1.5800916
4021,87,13472,1924,5tde_2HP_B_902,4,gnina,0.53103991,0.76707344,1.198289,0.10305021,0.009372456,1.9107184
4022,87,12814,1830,5kcp_PFB_B_379,4,gnina,0.56499132,0.76683308,2.0488236,0.17912346,0.14157073,2.3108665
4023,87,7914,1130,4do1_ANN_C_502,4,gnina,0.58736909,0.76314702,2.3963909,0.19593816,8.3470383e-08,6.0644234
4024,87,7907,1129,4do1_ANN_B_502,4,gnina,0.58691343,0.76288989,2.3963909,0.19593816,1.6661633e-08,4.6257299
4025,87,7921,1131,4do1_ANN_D_502,4,gnina,0.5865377,0.76237564,2.3963909,0.19593816,4.11256e-08,3.9001729
4026,87,2870,410,1w3t_3GR_B_1297,0,surfdock,0.53928312,0.75932397,1.6095034,0.38858193,0.97220018,2.0490043
4027,87,1971,281,1o8a_NXA_A_702,4,gnina,0.58513424,0.75631758,2.3455062,0.30936018,0.99091045,2.5808275
4028,87,12380,1768,5iav_MLI_B_302,4,gnina,0.54037917,0.75430957,2.2078979,0.19821073,0,1.7776187
4029,87,3658,522,2c3d_COM_A_1525,4,gnina,0.58559641,0.75377138,2.3979728,0.32674584,0.97526773,2.3223917
4030,87,7319,1045,4bdr_CYS_B_804,4,gnina,0.5433204,0.74611591,2.3270643,0.245463,0,3.817727
4031,87,5607,801,2xta_TPP_C_2001,0,surfdock,0.72085958,0.74570688,3.3591061,1.4503664,0.95225006,4.3915352
4032,87,10658,1522,4zo7_GLC_A_806,4,gnina,0.60024469,0.74300324,2.95644,0.043612994,0.99503436,4.5934627
4033,87,6094,870,3qwi_CUE_B_272,4,gnina,0.58737831,0.74219534,2.6431291,0.36064941,0.0057113971,2.7324614
4034,87,17000,2428,6s9g_L1Q_A_306,4,gnina,0.57368183,0.73944902,2.2525985,0.52987611,0.0021964177,2.2769825
4035,87,3672,524,2c3d_COM_B_1525,4,gnina,0.58146392,0.73798379,2.4599762,0.44450736,0.016208887,2.2784401
4036,87,3665,523,2c3d_COM_A_1526,4,gnina,0.58187483,0.73775284,2.4642746,0.45254755,2.6327133e-05,2.4282602
4037,87,694,99,1gxu_2HP_A_1092,1,unimol,0.92154935,0.73651538,5.254456,0.49713957,0.62895653,13.95
4038,87,17784,2540,7kjg_BTM_A_406,4,gnina,0.5825673,0.73443211,2.8774035,0.13048992,0,2.6408739
4039,87,1554,222,1lo3_AN1_Y_500,0,surfdock,0.53928312,0.73304171,1.9411987,0.53642499,0.99192112,3.6125652
4040,87,3840,548,2e40_LGC_A_1001,4,gnina,0.57659183,0.73240475,2.7313318,0.22676706,0.037004959,3.059255
4041,87,17322,2474,6ufd_Q6D_A_305,4,gnina,0.58595525,0.7319169,3.0339267,0.14872292,0.58782142,4.8144046
4042,87,9531,1361,4o95_245_A_602,4,gnina,0.57070001,0.73172936,2.4186764,0.50561517,8.0319187e-07,2.4597196
4043,87,9160,1308,4lz3_BTM_A_409,4,gnina,0.58420906,0.73163922,2.9120824,0.19413269,0.90449749,2.5607769
4044,87,1544,220,1ldo_SNR_B_350,4,gnina,0.58353688,0.73144599,2.7910955,0.30353805,0,2.8152114
4045,87,14718,2102,6axu_BTM_A_401,4,gnina,0.58344519,0.73128073,2.8773315,0.21295029,0.064060977,2.2710562
4046,87,3420,488,2a9z_26A_A_1001,4,gnina,0.58609,0.73096467,2.3712811,0.83552271,0.998523,4.2576045
4047,87,13318,1902,5ooa_URI_A_201,4,gnina,0.5846522,0.73013287,2.9076042,0.25127581,0.98657926,3.3745196
4048,87,3360,480,1zuw_DGL_C_3301,0,surfdock,0.53928312,0.72980668,1.8431206,0.69713688,0,2.954644
4049,87,6038,862,3qfx_CP6_A_602,4,gnina,0.58564097,0.72967866,2.7973621,0.41976464,0.98894938,2.688901
4050,87,3427,489,2a9z_26A_A_1002,4,gnina,0.5804803,0.72869244,2.282089,0.79857677,0.97359999,4.0752722
4051,87,3346,478,1zuw_DGL_A_1301,0,surfdock,0.53928312,0.72801368,1.8607467,0.71458572,0.0022358184,2.8110173
4052,87,9951,1421,4u7g_K17_B_303,4,gnina,0.53103991,0.72716884,1.6623621,0.30123684,3.2205703e-06,1.6042345
4053,87,3353,479,1zuw_DGL_B_2301,0,surfdock,0.53928312,0.72711956,1.8699099,0.72300953,0.0010481364,2.8044692
4054,87,7165,1023,4ajj_88R_C_1335,4,gnina,0.58601721,0.726697,2.8488109,0.44829226,0.99074973,4.7529997
4055,87,7158,1022,4ajj_88R_B_1333,4,gnina,0.58558717,0.72577698,2.8488109,0.44829226,0.98889625,4.8935772
4056,87,7426,1060,4c2p_X8Z_A_709,6,smina,0.49643384,0.72540118,1.2940302,0.17106381,0,1.2699075
4057,87,11204,1600,5cpn_531_A_401,4,gnina,0.5750278,0.72518837,2.7155826,0.36946732,0.0011261313,3.1678272
4058,87,6045,863,3qfx_CP6_B_702,4,gnina,0.58472508,0.72502873,2.8444901,0.42760441,0.98899696,2.7181297
4059,87,8271,1181,4gmu_OXL_A_705,4,gnina,0.53103991,0.72496094,1.7861949,0.21727028,0.39934617,1.5706914
4060,87,12338,1762,5i5t_67X_B_402,4,gnina,0.58679123,0.72431144,2.76034,0.61276728,9.2281678e-05,2.5891333
4061,87,1467,209,1kuj_MMA_G_504,4,gnina,0.53103991,0.72358469,1.884657,0.14384465,0.99545417,2.296349
4062,87,16811,2401,6r5o_BGC_B_801,4,gnina,0.5859374,0.72286188,3.0304334,0.34636056,0.029728356,3.4088823
4063,87,16055,2293,6lx5_C5F_B_502,4,gnina,0.60147091,0.72280835,3.2291667,0.20123824,0.10867837,2.9470347
4064,87,4232,604,2gx5_PCG_C_514,4,gnina,0.56242492,0.72233911,2.8406746,0.24282438,0.00051424062,3.803665
4065,87,6612,944,3vqe_FMQ_A_1006,4,gnina,0.58426969,0.7220546,2.5962088,0.71786749,0.94627712,2.0925718
4066,87,6318,902,3tky_N7I_C_369,4,gnina,0.58321896,0.7211211,2.7054288,0.59556925,4.1924649e-05,3.7686775
4067,87,2251,321,1q4g_BFL_B_1701,4,gnina,0.58548078,0.72088339,3.3468475,0.052057214,0.98989504,3.8214713
4068,88,1469,209,1kuj_MMA_G_504,6,smina,0.56795545,0.83352301,1.1257163,0.10250951,0.99496109,1.2220414
4069,88,9974,1424,4ubp_HAE_C_800,6,smina,0.56224817,0.81911583,1.2557033,0.15904982,0.84384405,0.47185558
4070,88,5159,737,2rhx_MLY_A_537,0,surfdock,0.54009076,0.77952594,1.4568462,0.2370144,0.95165604,2.6795228
4071,88,13976,1996,5w7b_MYR_B_208,4,gnina,0.57731064,0.76253052,2.0723426,0.3437334,4.7302411e-11,5.8724364
4072,88,424,60,1euu_GAL_A_2,4,gnina,0.56427379,0.76018751,1.7384969,0.64157891,0.08592342,1.909252
4073,88,2015,287,1ovk_NYL_A_405,6,smina,0.49383548,0.75542449,1.0532312,0,0.99273848,0.99935961
4074,88,1439,205,1km6_OMP_A_2001,4,gnina,0.58114071,0.75153864,2.5062783,0.16549349,0.98694232,4.3966206
4075,88,10266,1466,4x2f_3WJ_A_601,4,gnina,0.58689132,0.74796756,2.7617416,0.11918321,0.99200375,3.346599
4076,88,8631,1233,4i6y_MEV_B_1001,0,surfdock,0.54009076,0.7474978,1.7752399,0.46512172,0.99439308,2.6002915
4077,88,2923,417,1wc7_PP3_A_1214,4,gnina,0.62245144,0.74716392,2.6254275,0.30930683,9.453789e-06,5.1801009
4078,88,13115,1873,5nh9_XLS_C_504,4,gnina,0.5814094,0.74609381,2.6322975,0.15652096,0.17804614,4.1657171
4079,88,9685,1383,4q3a_2YC_C_904,4,gnina,0.56710518,0.74526985,2.3683143,0.3043808,0.94567573,5.7529853
4080,88,15075,2153,6e8i_PTR_A_201,4,gnina,0.58123035,0.74463407,2.3371215,0.47547251,0.21785012,2.8066689
4081,88,6220,888,3se2_LDR_B_2,4,gnina,0.58682177,0.74422818,2.545583,0.40893155,0.0010412299,3.2680542
4082,88,3777,539,2cxp_A5P_B_2601,4,gnina,0.58572259,0.74331024,2.8377514,0.1213256,0,3.5207276
4083,88,8873,1267,4jwx_1N4_A_301,4,gnina,0.5844839,0.7429842,2.5110178,0.41400596,0.98708271,3.0169853
4084,88,9604,1372,4p8c_2J3_A_504,0,surfdock,0.54009076,0.74273173,1.6250192,0.70276427,0.68942883,2.8718905
4085,88,9671,1381,4q3a_2YC_A_904,4,gnina,0.54991712,0.74224912,2.3722305,0.314329,0.91490274,5.0307149
4086,88,6213,887,3se2_LDR_A_1,4,gnina,0.58648706,0.7420348,2.5666368,0.42975569,0.9951603,2.6192888
4087,88,13122,1874,5nh9_XLS_D_504,4,gnina,0.58046125,0.74180279,2.6803029,0.17088953,0.27597213,4.439246
4088,88,14277,2039,5xvv_AKG_C_504,4,gnina,0.58272435,0.7415674,2.1752272,0.72500366,0.33409901,8.7071183
4089,88,3770,538,2cxp_A5P_A_1601,4,gnina,0.58559199,0.74095288,2.8940105,0.10524891,0.56572498,3.4200594
4090,88,5655,807,2xya_7L4_A_1181,6,smina,0.49136737,0.74078096,1.1939418,0.062793076,5.118026e-06,1.2425404
4091,88,3297,471,1zmt_RNO_D_1004,0,surfdock,0.54009076,0.73634799,2.354883,0.092666335,0,2.7522154
4092,88,319,45,1dpm_EBP_A_900,4,gnina,0.56897068,0.73286038,2.8146045,0.11246932,0.60968361,2.9678272
4093,88,6129,875,3ro7_TDR_A_300,4,gnina,0.53076929,0.73230337,1.6704059,0.24010278,0.04408724,1.3088778
4094,88,11295,1613,5di7_5CQ_A_601,4,gnina,0.56113651,0.73130508,2.5500724,0.37787169,0.60352761,3.0542424
4095,88,2818,402,1vkf_CIT_A_501,4,gnina,0.60535831,0.72828482,3.1493409,0.15191223,0.93882056,3.0797871
4096,89,7935,1133,4dta_ADN_A_401,4,gnina,0.58624728,0.7763518,1.9880409,0.31344268,0.061687314,3.5148293
4097,89,7942,1134,4dta_ADN_B_401,4,gnina,0.58380972,0.77184303,2.0049613,0.31214237,0.12228223,3.1810771
4098,89,7928,1132,4dt8_ADN_B_401,4,gnina,0.58275049,0.76792022,1.9989624,0.37537509,0.96478848,3.9268993
4099,89,10168,1452,4wdd_CIT_A_401,4,gnina,0.58543344,0.76625125,2.149317,0.30629995,0.15536286,2.1186957
4100,89,2195,313,1pwz_RSO_A_256,4,gnina,0.58812557,0.76480998,2.2159207,0.33680746,0.00086467767,1.517371
4101,89,2820,402,1vkf_CIT_A_501,6,smina,0.55934985,0.76273562,1.8168712,0.50997519,0.82759415,1.4395972
4102,89,13311,1901,5oo4_URI_A_201,4,gnina,0.58159585,0.75457551,2.5294428,0.07449735,0.99302518,2.8622135
4103,89,13094,1870,5n5k_HAE_A_306,4,gnina,0.51113788,0.75185716,1.0986392,0.065204889,0.83156046,1.3927118
4104,89,14739,2105,6b5k_TYD_B_304,4,gnina,0.58132431,0.74763585,2.4059854,0.32745954,2.5534735e-06,6.1204114
4105,89,5299,757,2vjb_CCD_A_1539,0,surfdock,0.54071338,0.741854,1.9971327,0.36344498,0.87407036,2.8168837
4106,89,11624,1660,5eso_ISC_A_602,4,gnina,0.58552289,0.74074372,2.7404535,0.20907645,0.99596121,12.607952
4107,89,11435,1633,5dz2_212_B_404,4,gnina,0.58620705,0.73996807,2.8617146,0.12781993,0.98175431,2.6576203
4108,89,15491,2213,6hl7_CP_C_401,0,surfdock,0.54071338,0.73734602,1.7839664,0.66124731,0.92243022,2.3841801
4109,89,5313,759,2vjb_CCD_B_1539,0,surfdock,0.54071338,0.73720974,2.0014837,0.44631222,0,2.8112015
4110,89,2356,336,1s1f_PIM_A_431,4,gnina,0.5306398,0.73692469,1.4673229,0.3750844,6.1802859e-09,3.5201254
4111,89,9153,1307,4lxi_22J_A_301,4,gnina,0.56083484,0.73470552,2.3911762,0.47985786,0.75705965,3.7300689
4112,89,2874,410,1w3t_3GR_B_1297,4,gnina,0.58098892,0.73399811,2.1814826,0.81701052,0.26933799,2.6846288
4113,89,6215,887,3se2_LDR_A_1,6,smina,0.49322892,0.73382798,1.2172002,0.17067581,0,1.0186351
4114,89,8057,1151,4e9z_651_A_301,0,surfdock,0.54071338,0.73283709,2.3067887,0.22464681,0.99823689,3.4438554
4115,89,5306,758,2vjb_CCD_A_1540,0,surfdock,0.54071338,0.73217235,1.8887119,0.65556967,0,2.4973902
4116,89,5320,760,2vjb_CCD_B_1540,0,surfdock,0.54071338,0.73184997,1.9342905,0.61623347,0.00014870783,2.4682249
4117,89,12331,1761,5i5t_67X_A_402,4,gnina,0.57805104,0.73180565,2.4527886,0.562401,0.21340523,3.1514823
4118,89,10917,1559,5adi_TUE_A_800,4,gnina,0.58618376,0.7304296,2.9639251,0.22092164,1.5762146e-06,4.1460885
4119,89,15596,2228,6hsg_GM5_A_504,0,surfdock,0.54071338,0.72976216,2.243551,0.34760395,0,3.6036237
4120,89,8071,1153,4ea0_651_B_305,0,surfdock,0.54071338,0.72956314,2.3175256,0.27751967,0.88660388,3.7618455
4121,89,8064,1152,4ea0_651_A_306,0,surfdock,0.54071338,0.72953973,2.3147554,0.28074771,0.82475567,3.6191851
4122,89,15610,2230,6hsg_GM5_D_504,0,surfdock,0.54071338,0.72823933,2.2899258,0.33108398,0,3.5893399
4123,89,15603,2229,6hsg_GM5_B_504,0,surfdock,0.54071338,0.72778184,2.3207452,0.3092694,0.99615439,3.5827768
4124,89,15208,2172,6f7r_CIT_A_1003,4,gnina,0.54531635,0.72669411,2.4937329,0.5076645,0.011988733,2.5060912
4125,89,8859,1265,4jhh_H35_A_201,4,gnina,0.58030868,0.72600394,2.548481,0.61166739,0.00090745135,2.1331689
4126,89,12464,1780,5ioq_DUR_B_303,4,gnina,0.57396701,0.72591944,2.8252861,0.27477279,1.3671399e-09,3.7058795
4127,89,5082,726,2qx4_ML1_B_233,0,surfdock,0.54071338,0.72578763,2.5998442,0.06962654,0.98086065,3.2205622
4128,89,17497,2499,6x9d_HYP_B_2002,4,gnina,0.57944372,0.72506131,2.7645481,0.40638095,0.99912904,12.769349
4129,89,5075,725,2qx4_ML1_A_233,0,surfdock,0.54071338,0.72451286,2.6182232,0.076640703,0.43266812,3.0179436
4130,89,5886,840,2zgw_ADN_A_1301,6,smina,0.49280103,0.72384204,1.2621393,0.28572088,0.99105103,2.5597317
4131,89,8810,1258,4j7u_YTZ_A_802,4,gnina,0.57542851,0.72369377,3.0942974,0.0607621,0.0011275768,4.3815988
4132,89,8817,1259,4j7u_YTZ_B_802,4,gnina,0.57420783,0.72344497,3.0942974,0.0607621,0.028202588,3.307477
4133,89,6913,987,3wxo_NIZ_A_802,4,gnina,0.5306398,0.72236065,2.0416601,0.060705908,0.053818481,3.1611157
4134,89,2713,387,1uay_ADN_A_1001,4,gnina,0.58014879,0.72132042,3.1049747,0.15415648,0.98484557,3.0327213
4135,89,116,16,1anc_BEN_A_290,4,gnina,0.5306398,0.72120242,1.7031127,0.42060605,0.99375656,1.7126518
4136,89,12660,1808,5j6y_GLC_A_309,4,gnina,0.5306398,0.72012837,1.6730288,0.47058171,0.053104879,1.668812
4137,89,186,26,1c3s_SHH_A_952,4,gnina,0.60885403,0.72006492,2.6549728,0.83377993,4.7177354e-05,4.3730559
4138,89,907,129,1h5r_THM_A_1292,4,gnina,0.58773818,0.71879296,3.1719093,0.31124985,1.6440774e-05,3.500051
4139,89,2776,396,1uxq_G1P_A_1503,4,gnina,0.5774697,0.71830512,3.0344284,0.26339641,0.00068559358,2.6071882
4140,89,3084,440,1y42_TYR_X_701,4,gnina,0.54855867,0.7180465,2.5133133,0.67750549,0.60631816,2.3670726
4141,89,921,131,1h5r_THM_B_1293,4,gnina,0.58432966,0.71758507,3.1004794,0.30634931,0.50497134,3.9880436
4142,89,15390,2198,6fw0_E92_B_602,4,gnina,0.58501142,0.71738745,3.2149801,0.20843926,0.9910779,5.1107774
4143,89,3868,552,2e56_MYR_A_701,4,gnina,0.58226977,0.71645299,3.2124302,0.18014309,0,3.9156047
4144,89,16748,2392,6qot_6SD_A_301,4,gnina,0.58634741,0.71544543,2.8345435,0.68685395,0.9941742,2.5626471
4145,89,4862,694,2q6m_P34_A_1002,4,gnina,0.57677643,0.71454843,3.0926344,0.27695245,0.85416859,2.613416
4146,90,118,16,1anc_BEN_A_290,6,smina,0.57613452,0.8316204,1.169304,0.16127554,0.98920182,0.88080557
4147,90,5537,791,2x05_X05_B_1900,0,surfdock,0.6693941,0.76347649,3.9527512,0.1316179,0,2.5883987
4148,90,6605,943,3vq5_MMJ_B_307,4,gnina,0.58449088,0.7535674,2.4522667,0.28908837,0.13876908,2.5218684
4149,90,6598,942,3vq5_MMJ_A_1007,4,gnina,0.58475555,0.75011689,2.5705118,0.24417338,0.88242219,2.2201556
4150,90,3966,566,2f3s_7GP_A_998,4,gnina,0.58124672,0.74509456,2.4076867,0.4191508,0.95983706,3.580426
4151,90,39,5,1a9r_HPA_A_290,4,gnina,0.52825706,0.74335513,1.4871451,0.2771166,0.9870541,2.0072693
4152,90,1764,252,1n3o_GYP_A_1001,0,surfdock,0.54123515,0.73800999,2.0015259,0.46462584,0,2.7042053
4153,90,1771,253,1n3o_GYP_B_1101,0,surfdock,0.54123515,0.73800999,2.0015259,0.46462584,0.042341654,2.7036229
4154,90,12107,1729,5gwx_SAR_A_302,4,gnina,0.52825706,0.7373128,1.4353313,0.43256432,0.82752785,1.5226408
4155,90,4463,637,2j9e_AKG_C_1119,4,gnina,0.57446178,0.73708453,2.3317449,0.58652484,0.86686622,1.6778219
4156,90,123,17,1anc_BEN_A_384,4,gnina,0.5272504,0.73458482,1.4302692,0.14517979,4.0040124e-06,1.3162544
4157,90,8635,1233,4i6y_MEV_B_1001,4,gnina,0.58475728,0.72910732,2.818032,0.42752928,0.86946354,2.5406881
4158,90,11736,1676,5fay_CHT_B_906,4,gnina,0.58336442,0.72734707,2.9563725,0.28435606,0.9954769,4.6867917
4159,90,9405,1343,4n9v_AZA_A_403,4,gnina,0.52825706,0.72648326,1.8264627,0.23368801,2.6852909e-08,1.5642093
4160,90,9398,1342,4n9v_AZA_A_402,4,gnina,0.52825706,0.72595694,1.8359655,0.23374878,5.1500805e-07,1.5036008
4161,90,9471,1353,4nkw_PLO_B_601,0,surfdock,0.54123515,0.72498252,2.0429142,0.67703432,0.99066857,3.9582903
4162,90,11729,1675,5fay_CHT_A_908,4,gnina,0.58060266,0.72461525,2.9563725,0.28435606,0.99036631,4.6534289
4163,90,9020,1288,4l1x_STR_A_402,4,gnina,0.58296116,0.7245698,3.1404912,0.1492504,7.4621985e-07,2.6328463
4164,90,4309,615,2ht8_G39_A_800,4,gnina,0.57667453,0.7243049,3.159215,0.041581616,0.9840305,3.597251
4165,90,10798,1542,5a02_GOL_B_1342,4,gnina,0.58583,0.72404953,3.1446877,0.22201562,0.00034967447,4.7605946
4166,90,6815,973,3wsg_CIT_B_302,4,gnina,0.58282097,0.72400166,3.2068338,0.091174573,0.23730957,5.5203692
4167,90,6808,972,3wsg_CIT_A_302,4,gnina,0.58327794,0.72355135,3.1591866,0.16063572,0.79585381,5.2961912
4168,90,13096,1870,5n5k_HAE_A_306,6,smina,0.49969907,0.72268795,1.2982,0.34356189,2.4947079e-07,0.41766418
4169,90,6003,857,2zwt_CAM_A_422,4,gnina,0.52825706,0.7222974,1.9779018,0.15888532,0.046702397,1.7606722
4170,90,9464,1352,4nkw_PLO_A_601,0,surfdock,0.54123515,0.72214344,2.0801246,0.69696635,0.98700299,3.884379
4171,90,9478,1354,4nkw_PLO_C_601,0,surfdock,0.54123515,0.72214344,2.0801246,0.69696635,7.6450406e-07,3.9125172
4172,90,9485,1355,4nkw_PLO_D_601,0,surfdock,0.54123515,0.72214344,2.0801246,0.69696635,0.98034375,3.9260768
4173,90,16765,2395,6qqs_JCZ_B_301,0,surfdock,0.54123515,0.72158598,2.5098546,0.27853471,0.92756935,2.9582012
4174,90,9034,1290,4l4d_CAM_A_503,4,gnina,0.52825706,0.72152718,1.9670063,0.1840284,0.047347539,1.4516746
4175,90,2601,371,1toq_AMG_E_503,4,gnina,0.52825706,0.72072367,1.9542966,0.21164982,0.9941913,2.462078
4176,90,16758,2394,6qqs_JCZ_A_301,0,surfdock,0.54123515,0.72023893,2.5592368,0.25656399,0.53484623,3.0488607
4177,90,4512,644,2nos_AGU_A_903,4,gnina,0.51689683,0.72011098,1.3529559,0.39196613,0.00029350186,1.4645331
4178,90,6850,978,3wug_XYP_B_2,4,gnina,0.52825706,0.72009919,1.5201389,0.65743089,1.7576778e-06,1.4548926
4179,90,16139,2305,6mry_FLC_B_101,4,gnina,0.53381538,0.71988976,2.1912756,0.26461467,0.8163096,2.5647794
4180,90,4169,595,2g21_L1B_A_885,4,gnina,0.58299759,0.71894807,3.1634338,0.25048062,0.99020939,5.441279
4181,90,8617,1231,4i6w_1CO_B_1001,0,surfdock,0.54096692,0.7187446,2.2042854,0.30325803,0.98595935,2.5322443
4182,90,7529,1075,4cjw_CBJ_B_1217,4,gnina,0.61594091,0.71836341,3.3508103,0.19204001,0.0078914951,3.5254699
4183,90,16076,2296,6m5m_NAG_B_202,4,gnina,0.52825706,0.7174102,2.1039782,0.12399016,0.84963001,2.0535527
4184,90,5156,736,2rbx_3AY_X_2001,4,gnina,0.52825706,0.71728598,1.8865427,0.34376851,0.67999946,1.4957822
4185,90,10448,1492,4ysx_MLI_A_701,4,gnina,0.58385552,0.71674868,2.9225838,0.56751543,0.96187262,7.0832824
4186,90,6822,974,3wsg_CIT_C_302,4,gnina,0.56201614,0.71571251,3.2068338,0.091174573,0.042814166,5.371531
4187,90,12117,1731,5gzz_GSH_D_301,0,surfdock,0.54123515,0.71558531,2.7391644,0.1725291,0.98052436,3.5312485
4188,90,10455,1493,4ysx_MLI_E_701,4,gnina,0.58317698,0.71545506,2.9282544,0.56755781,0.98534629,6.8124556
4189,90,231,33,1cgk_NAR_A_390,0,surfdock,0.54123515,0.71522881,2.5914528,0.32766289,0,3.6420491
4190,90,10812,1544,5a02_GOL_D_1341,4,gnina,0.56967092,0.71419516,3.1446877,0.22201562,7.2261559e-06,18.692393
4191,90,12124,1732,5gzz_GSH_E_301,0,surfdock,0.54123515,0.71409019,2.7582567,0.18464316,0.89858757,3.4725561
4192,90,15257,2179,6fld_NAG_A_603,4,gnina,0.52825706,0.71383273,2.0525401,0.24336585,3.643899e-10,2.4996145
4193,90,361,51,1e2s_CSN_P_701,4,gnina,0.55543846,0.71311239,2.8153145,0.52218729,0.029593188,2.6324167
4194,90,1404,200,1kep_TDX_A_3500,4,gnina,0.51761216,0.71294085,1.5286226,0.35181281,7.5800224e-05,1.7392364
4195,90,13313,1901,5oo4_URI_A_201,6,smina,0.491633,0.7127778,1.4200624,0.36403638,0,2.5144632
4196,91,2603,371,1toq_AMG_E_503,6,smina,0.57224013,0.82843533,1.2562783,0.092296347,0.99461845,1.0512784
4197,91,41,5,1a9r_HPA_A_290,6,smina,0.56995768,0.7756179,1.634415,0.53199732,0.22012759,0.5928253
4198,91,12109,1729,5gwx_SAR_A_302,6,smina,0.51895064,0.76532412,1.0596876,0,0.82482136,0.68654303
4199,91,7046,1006,3zzv_FUC_B_401,4,gnina,0.52919491,0.75377722,1.4957794,0.11924403,0.99761764,1.7968237
4200,91,11984,1712,5g44_I6G_A_1510,0,surfdock,0.5420643,0.75222787,1.5408322,0.68044132,0.99529456,2.8782603
4201,91,21,3,1a49_OXL_F_4133,0,surfdock,0.6660878,0.74694652,3.3663273,1.0913533,0.9892019,2.2614053
4202,91,15271,2181,6flu_DTK_A_403,4,gnina,0.56642379,0.74668006,2.6181133,0.060086843,7.9429325e-07,3.9957087
4203,91,7718,1102,4cw2_XDS_A_1303,4,gnina,0.52919491,0.74558014,1.66566,0.084918998,0,2.4517771
4204,91,12261,1751,5hss_64Z_A_402,4,gnina,0.58156261,0.74129248,2.7976363,0.073065676,0.18064841,4.9720226
4205,91,445,63,1f5f_DHT_A_253,4,gnina,0.58712363,0.73897118,2.6721904,0.34263879,0.99767391,2.0392128
4206,91,9090,1298,4l8q_XMM_A_303,4,gnina,0.55451362,0.73478618,2.5221848,0.36122337,0.042275572,3.392164
4207,91,17028,2432,6sj8_44V_A_901,4,gnina,0.52919491,0.72658594,2.0514557,0.031051958,0.92708296,1.8904579
4208,91,13797,1971,5ut1_7DZ_A_905,0,surfdock,0.5420643,0.72607917,2.2660928,0.44919536,0,3.6889991
4209,91,9811,1401,4rcv_DE2_A_403,4,gnina,0.52919491,0.72272555,2.0100091,0.14317805,0.00036552727,2.096886
4210,91,1558,222,1lo3_AN1_Y_500,4,gnina,0.58777688,0.72215737,2.8585262,0.53132725,0,2.8939417
4211,91,15285,2183,6flu_DTK_A_405,4,gnina,0.52919491,0.72135405,1.9338216,0.24475111,0.99696657,1.7114618
4212,91,5214,744,2uuj_896_B_1250,6,smina,0.57395026,0.72039166,2.6129043,0.63346833,0,5.4621169
4213,91,6857,979,3wug_XYP_C_2,4,gnina,0.51111558,0.72015661,1.5590061,0.18821563,6.1534215e-06,1.4150352
4214,91,8439,1205,4hrq_AZG_B_201,4,gnina,0.52919491,0.72003842,1.9264822,0.27657726,0,1.7424519
4215,91,7417,1059,4bz6_SHH_D_700,4,gnina,0.58700262,0.71949239,3.1614082,0.26127416,3.2331249e-09,7.0976593
4216,91,12992,1856,5m5a_KSA_A_404,0,surfdock,0.5420643,0.71819919,2.4471946,0.42764834,0.9903893,4.91918
4217,91,10203,1457,4wqq_MAN_C_204,4,gnina,0.52919491,0.71631853,2.0001619,0.27286473,0.024335351,1.889148
4218,91,11470,1638,5e4r_40E_A_504,4,gnina,0.48994388,0.71525804,1.4578805,0.30956692,0.10567557,1.6651551
4219,91,6024,860,3mk1_NPO_A_912,4,gnina,0.52919491,0.71438077,2.0938818,0.21602601,0.99480978,2.2434398
4220,91,3014,430,1xin_XYL_B_397,4,gnina,0.58716333,0.7140265,3.3590982,0.19387567,0.34689213,3.9566242
4221,91,7403,1057,4bz6_SHH_A_700,4,gnina,0.57806241,0.71394883,3.1614082,0.26127416,1.3235952e-05,6.3955821
4222,91,3028,432,1xin_XYL_D_397,4,gnina,0.58625142,0.7120888,3.3655756,0.20085686,0.01459389,3.6483464
4223,91,3021,431,1xin_XYL_C_397,4,gnina,0.58516977,0.71158266,3.3590982,0.19387567,0.001710163,5.4207767
4224,91,9734,1390,4qck_ASD_A_404,4,gnina,0.58346776,0.71101261,2.6715479,0.86386639,0.99830789,2.3668869
4225,91,9391,1341,4n9v_AZA_A_401,4,gnina,0.52788211,0.71072399,1.8196799,0.19435623,9.354593e-09,1.5762823
4226,91,12702,1814,5jg5_EVF_B_302,4,gnina,0.52919491,0.71010075,2.0226755,0.36976662,0.39567733,2.0392324
4227,91,2286,326,1qmh_CIT_A_401,4,gnina,0.52919491,0.70904995,1.8710918,0.54184175,0.70857955,2.514814
4228,91,2366,338,1s3v_TQD_A_187,0,surfdock,0.74104134,0.70867844,4.2033858,1.6352499,0.87342551,4.3183713
4229,91,1677,239,1m3u_KPL_J_265,4,gnina,0.58896011,0.70836576,3.4853766,0.23781687,0.99108144,7.0481988
4230,91,17511,2501,6xim_XLS_A_397,4,gnina,0.58868003,0.70832304,3.4343383,0.28281587,0.0029086705,4.6338744
4231,91,5086,726,2qx4_ML1_B_233,4,gnina,0.58443836,0.70820717,3.2186868,0.40439647,3.1383347e-07,2.5260533
4232,91,1649,235,1m3u_KPL_E_265,4,gnina,0.58851483,0.70800299,3.4853766,0.23781687,0.99054643,7.421332
4233,91,7410,1058,4bz6_SHH_C_700,4,gnina,0.571658,0.70778756,3.1991959,0.31498298,0.063757479,6.468829
4234,91,7788,1112,4d0z_BBK_B_1580,4,gnina,0.57727729,0.70772641,3.2127492,0.34039029,1.3578964e-07,12.425158
4235,91,3630,518,2bsc_NAG_A_1176,4,gnina,0.52919491,0.70768639,2.1358755,0.30378526,0.018844109,2.9876123
4236,91,12880,1840,5l7u_NGA_B_601,0,surfdock,0.5420643,0.70751127,2.3181055,0.78172648,0.96959322,2.8937726
4237,91,7795,1113,4d0z_BBK_E_1584,4,gnina,0.56717795,0.70659949,3.1871521,0.33454466,0.00011604205,95.4585
4238,91,5905,843,2zka_AZA_A_302,4,gnina,0.51771765,0.7065302,1.8215538,0.1984489,0.9862864,1.5729749
4239,91,130,18,1aog_MAE_A_500,4,gnina,0.52919491,0.70610609,2.2980919,0.17273878,0.8868754,2.2138741
4240,91,4092,584,2fr6_CTN_D_1004,4,gnina,0.58827225,0.70594177,3.1209698,0.64616144,0.99439649,4.3309865
4241,91,5439,777,2wdq_CBE_C_1130,0,surfdock,0.5420643,0.7058309,3.0926445,0.04349358,0.98982153,3.1474931
4242,91,2930,418,1wmz_NGA_C_503,4,gnina,0.52919491,0.70579199,1.8856891,0.59136158,0.0044891239,2.1519098
4243,91,4085,583,2fr6_CTN_C_1003,4,gnina,0.58799144,0.70576086,3.1209698,0.64616144,0.99602181,3.5172357
4244,91,10301,1471,4x3j_3WR_A_1201,4,gnina,0.58606214,0.70555454,3.4548681,0.25632018,0.98170602,7.6899506
4245,91,14193,2027,5xin_XLS_C_397,4,gnina,0.57680415,0.70547587,3.3457038,0.25058967,0.11197871,3.8612317
4246,92,7048,1006,3zzv_FUC_B_401,6,smina,0.56767154,0.84988197,1.0552651,0,0.99755056,0.60284298
4247,92,15287,2183,6flu_DTK_A_405,6,smina,0.5674727,0.8488847,1.0602862,0.0071009011,0.96103359,0.57719646
4248,92,5907,843,2zka_AZA_A_302,6,smina,0.55130667,0.82858756,1.1614559,0.15017647,0.98636755,0.71347765
4249,92,17030,2432,6sj8_44V_A_901,6,smina,0.54613072,0.82602666,1.2070845,0.13459852,0,0.76513313
4250,92,6026,860,3mk1_NPO_A_912,6,smina,0.56681399,0.79230903,1.4007912,0.4886477,0,0.70002191
4251,92,10836,1548,5a66_3PO_B_1000,0,surfdock,0.5434402,0.78297459,1.3903755,0.32329735,0.99077318,2.9398751
4252,92,10829,1547,5a66_3PO_A_1000,0,surfdock,0.5434402,0.77950777,1.4231211,0.34606057,0.98577299,2.8122869
4253,92,16078,2296,6m5m_NAG_B_202,6,smina,0.52248064,0.7482482,1.2672549,0.10728278,0.94115924,1.270149
4254,92,291,41,1dai_DSD_A_225,4,gnina,0.55596125,0.74144927,2.5815222,0.18594404,0,3.6259445
4255,92,9923,1417,4tqi_6BD_B_201,4,gnina,0.57483512,0.73372803,2.8336916,0.15003715,2.1020935e-08,3.679247
4256,92,6290,898,3te7_TE7_A_1,4,gnina,0.58254315,0.73271018,2.6330175,0.45123109,0.047596639,3.5659732
4257,92,2650,378,1tvw_UMP_A_317,4,gnina,0.58642329,0.7305597,3.124301,0.080012687,0.087126514,3.7059902
4258,92,2636,376,1tuu_PIS_B_2854,4,gnina,0.52596755,0.72940225,1.5448264,0.18429658,0,2.5181381
4259,92,9916,1416,4tqi_6BD_A_201,4,gnina,0.56591766,0.72855682,2.8784726,0.17651992,1.1004356e-06,4.017239
4260,92,6265,895,3t3q_9PL_A_501,0,surfdock,0.5434402,0.72789811,1.9339947,0.75759864,0.76479508,3.0337195
4261,92,6272,896,3t3q_9PL_B_501,0,surfdock,0.5434402,0.72789811,1.9339947,0.75759864,0.00011128351,3.1155567
4262,92,9741,1391,4qe1_RUU_A_403,4,gnina,0.52670092,0.72618995,1.9257507,0.18341157,0.66167179,2.1033612
4263,92,14060,2008,5x0j_SEP_A_302,4,gnina,0.52670092,0.72517077,1.6455655,0.4822239,0,2.7962089
4264,92,11067,1581,5c38_DA8_A_403,0,surfdock,0.5434402,0.72504456,2.4205132,0.3279011,0.8342698,3.9401416
4265,92,15152,2164,6f6a_CU5_B_301,4,gnina,0.55834477,0.72471611,2.8690026,0.24650148,0.99606021,3.8516056
4266,92,5009,715,2qim_ZEA_A_159,4,gnina,0.58610237,0.72428088,3.2210579,0.10686637,0,2.570492
4267,92,11988,1712,5g44_I6G_A_1510,4,gnina,0.58764703,0.72394747,3.114291,0.24782483,0.98994113,2.0028753
4268,92,14676,2096,6acn_TRC_A_899,4,gnina,0.56779624,0.72388518,2.9397373,0.22523901,4.7748096e-05,2.4009249
4269,92,8061,1151,4e9z_651_A_301,4,gnina,0.58855508,0.72242702,3.2252617,0.1795271,0.2014575,2.4657273
4270,92,3336,476,1zpd_CIT_E_610,4,gnina,0.58357256,0.72059393,2.8081906,0.54587829,0.049744436,6.471239
4271,92,132,18,1aog_MAE_A_500,6,smina,0.53385287,0.72051878,1.7382307,0.70496082,0,0.71096821
4272,92,3399,485,2a1m_CAM_B_2422,4,gnina,0.52670092,0.71728591,2.0393372,0.23525284,0.036889306,2.2104799
4273,92,16352,2336,6nyo_U94_A_301,0,surfdock,0.5434402,0.71648633,2.5224116,0.40050757,0,4.334854
4274,93,2702,386,1u6r_IOM_B_1601,0,surfdock,0.54382938,0.80371938,1.2551031,0.14956076,0.9270924,2.3682958
4275,93,1973,281,1o8a_NXA_A_702,6,smina,0.4839098,0.76086635,1.0466318,0,0.99092957,0.86518835
4276,93,9541,1363,4ofu_DHT_A_1001,0,surfdock,0.54382938,0.73897688,1.8890229,0.59901339,0.99281794,3.7577584
4277,93,8621,1231,4i6w_1CO_B_1001,4,gnina,0.58176035,0.73787771,2.3908558,0.59969735,0.010918322,2.4648888
4278,93,15432,2204,6gl4_GLU_B_301,4,gnina,0.52329528,0.73259751,1.9782614,0.023678336,0,2.0669966
4279,93,4739,677,2pin_LEG_A_501,0,surfdock,0.54382938,0.73028624,1.9706074,0.68518651,0.94474377,2.9131498
4280,93,4746,678,2pin_LEG_B_502,0,surfdock,0.54382938,0.73020912,1.9717013,0.68560708,8.4718178e-08,2.7373096
4281,93,2288,326,1qmh_CIT_A_401,6,smina,0.48681109,0.73000605,1.3869873,0.16364671,0.016457058,1.5121148
4282,93,15694,2242,6jea_NAG_A_501,0,surfdock,0.54382938,0.72792214,2.3258417,0.37662962,0,2.8826307
4283,93,11365,1623,5dne_ASN_D_601,4,gnina,0.52477027,0.72698702,2.1575668,0.1600734,0.99412384,6.9803881
4284,93,16064,2294,6ly4_TES_A_501,6,smina,0.48245489,0.72586784,1.2971197,0.26945969,0,1.1067513
4285,93,13283,1897,5oew_GLU_A_301,4,gnina,0.52329528,0.72582913,2.0836179,0.040498499,0,2.3138755
4286,93,13290,1898,5oew_GLU_B_902,4,gnina,0.52329528,0.72582913,2.0836179,0.040498499,0,2.730639
4287,93,14333,2047,5yaq_ISE_B_402,4,gnina,0.57738078,0.72560798,2.8432713,0.34589878,0.32380565,3.7338657
4288,93,15481,2211,6hgl_TES_A_401,4,gnina,0.57941941,0.72538851,2.8894451,0.32844239,0.99569856,2.002373
4289,93,15558,2222,6hmw_FUL_I_201,4,gnina,0.52329528,0.72520685,2.0418198,0.093701541,0.99453974,2.3234073
4290,93,7167,1023,4ajj_88R_C_1335,6,smina,0.48356729,0.72394652,1.3423425,0.27685434,1.0073222e-05,2.5322674
4291,93,7160,1022,4ajj_88R_B_1333,6,smina,0.4831407,0.72338341,1.3423425,0.27685434,0.98836276,2.6071791
4292,93,14053,2007,5wqp_NCA_A_302,4,gnina,0.52329528,0.72282937,1.6744798,0.50488675,5.5159792e-06,1.7056512
4293,93,5597,799,2xoz_AMP_B_1664,4,gnina,0.51620904,0.72271646,1.351832,0.43161833,0.22022367,1.735451
4294,93,16650,2378,6qa7_PLP_A_902,4,gnina,0.5841298,0.72214677,2.8007927,0.58281153,0.025386994,2.746093
4295,93,16622,2374,6q4r_MLT_A_1041,4,gnina,0.52329528,0.72146652,2.0112484,0.19344829,0,2.3457436
4296,93,12705,1815,5jj2_MLI_A_301,0,surfdock,0.54382938,0.72112751,2.2993557,0.53983527,0.9768498,2.2178925
4297,93,2575,367,1tl2_NDG_A_239,6,smina,0.48218424,0.7199017,1.302456,0.36179012,0.98124082,1.2203831
4298,93,2561,365,1tl2_NDG_A_237,6,smina,0.48302057,0.71926605,1.3114858,0.37456009,0.91973813,1.2622809
4299,93,1740,248,1msv_PUT_A_355,4,gnina,0.52329528,0.71904995,1.9878782,0.2620863,0.90418271,1.9319796
4300,93,2706,386,1u6r_IOM_B_1601,4,gnina,0.48152995,0.71883052,1.1860104,0.19711103,8.499711e-09,2.3247494
4301,93,1180,168,1j0y_BGC_B_2601,4,gnina,0.57207015,0.71846827,3.1382611,0.161366,0.91602912,6.8330639
4302,93,15154,2164,6f6a_CU5_B_301,6,smina,0.49356608,0.71795379,1.4720379,0.30965862,0.99598924,2.8939501
4303,93,2461,351,1sz6_NAG_B_5002,4,gnina,0.52329528,0.71680442,2.0822628,0.21017592,2.1621625e-05,2.0338941
4304,93,2454,350,1sz6_NAG_A_5003,4,gnina,0.52329528,0.71675885,2.0821955,0.21110898,0.00088095403,2.1106469
4305,93,4368,624,2ij7_TPF_F_2474,0,surfdock,0.54382938,0.71674061,2.7308319,0.19870503,0.91679073,3.6093863
4306,93,10840,1548,5a66_3PO_B_1000,4,gnina,0.58341136,0.71641673,3.2594769,0.23587424,0.61127011,2.7167797
4307,93,4361,623,2ij7_TPF_D_2473,0,surfdock,0.54382938,0.71631028,2.7342854,0.20420371,0,3.5463754
4308,93,12719,1817,5jj2_MLI_A_303,0,surfdock,0.54382938,0.71609877,2.3461711,0.59672391,0.99342226,2.2277855
4309,93,12712,1816,5jj2_MLI_A_302,0,surfdock,0.54382938,0.71594141,2.3480496,0.59812522,0.88094184,2.1428794
4310,93,11351,1621,5dne_ASN_B_601,4,gnina,0.52329528,0.71589714,2.1627877,0.14692536,0.99318145,6.8838173
4311,93,11358,1622,5dne_ASN_C_601,4,gnina,0.52329528,0.71589714,2.1627877,0.14692536,0.99329093,6.8388853
4312,93,11344,1620,5dne_ASN_A_601,4,gnina,0.52329528,0.71548195,2.1575668,0.1600734,0.99699319,7.2871982
4313,93,11990,1712,5g44_I6G_A_1510,6,smina,0.48312009,0.71469074,1.3450037,0.42196161,0.00043100361,1.0908396
4314,93,4354,622,2ij7_TPF_C_2471,0,surfdock,0.54382938,0.71444776,2.7473791,0.23004121,8.3067248e-05,5.5540348
4315,93,16958,2422,6s23_KSW_A_403,4,gnina,0.50779098,0.71407239,1.6698056,0.22254825,0.013875394,1.7561305
4316,93,10833,1547,5a66_3PO_A_1000,4,gnina,0.58185472,0.71294395,3.2480805,0.28106287,0.00010782283,2.394056
4317,93,4078,582,2fr6_CTN_A_1001,4,gnina,0.57818745,0.71284313,3.2540178,0.22473809,0.99356474,3.7137573
4318,93,630,90,1gck_PLP_A_413,0,surfdock,0.54382938,0.71174192,2.5297174,0.50480747,0,3.844498
4319,93,5163,737,2rhx_MLY_A_537,4,gnina,0.57123418,0.71107206,2.6571667,0.80041075,0.040457057,2.4034677
4320,93,17721,2531,7bzm_GIM_B_501,4,gnina,0.52329528,0.71065497,2.043252,0.36757272,0.90780873,3.5154371
4321,93,12726,1818,5jj2_MLI_A_305,0,surfdock,0.54382938,0.71021693,2.4258854,0.64111149,0.024031921,1.9220215
4322,93,4984,712,2qgw_EES_A_1,0,surfdock,0.54382938,0.70955603,2.4125147,0.66861999,0,3.415773
4323,93,11038,1576,5bk9_SIN_A_301,6,smina,0.46405533,0.7092809,1.0695838,0.026863635,0,0.89459345
4324,94,15560,2222,6hmw_FUL_I_201,6,smina,0.57275675,0.85161003,1.0478604,0,0.99454261,0.80875809
4325,94,1742,248,1msv_PUT_A_355,6,smina,0.54508554,0.83391157,1.1349653,0.08592394,0.89947524,0.69653748
4326,94,17723,2531,7bzm_GIM_B_501,6,smina,0.54619586,0.81979278,1.2068268,0.21532539,0,1.0406108
4327,94,12723,1817,5jj2_MLI_A_303,4,gnina,0.58412082,0.77498507,2.2347622,0.099827476,0.55265081,1.4692452
4328,94,12709,1815,5jj2_MLI_A_301,4,gnina,0.57894823,0.76373026,2.3519652,0.10222556,0.92516581,1.4929693
4329,94,12716,1816,5jj2_MLI_A_302,4,gnina,0.54901924,0.76343047,2.2312365,0.10553124,7.2630691e-05,1.4919656
4330,94,17611,2515,6zac_QDE_A_4000,6,smina,0.54579035,0.74866013,2.3581257,0.24408239,0,4.7902657
4331,94,3660,522,2c3d_COM_A_1525,6,smina,0.48419783,0.74817029,1.120211,0.10231923,0.95704071,0.71655274
4332,94,11346,1620,5dne_ASN_A_601,6,smina,0.57350818,0.74191405,2.3319228,0.49194506,0.99692051,1.2770631
4333,94,11367,1623,5dne_ASN_D_601,6,smina,0.57295816,0.74159109,2.3319228,0.49194506,0.34525333,1.116762
4334,94,11360,1622,5dne_ASN_C_601,6,smina,0.57237427,0.74096976,2.3382854,0.48893163,0.99312344,1.0224762
4335,94,11353,1621,5dne_ASN_B_601,6,smina,0.57234074,0.74090518,2.3382854,0.48893163,0.99323185,1.1494895
4336,94,4743,677,2pin_LEG_A_501,4,gnina,0.56892796,0.74089036,2.2546704,0.55749363,6.7850976e-08,2.6964167
4337,94,1861,265,1ns4_BGC_A_1400,6,smina,0.52755607,0.73342651,1.5235128,0.67267406,0.98345498,0.99738415
4338,94,15733,2247,6jme_BVU_A_409,4,gnina,0.58413313,0.73090713,3.0143101,0.17233893,0.99561846,5.5941877
4339,94,7384,1054,4bux_F35_C_2165,6,smina,0.56353886,0.72968988,2.7543957,0.26591736,0,3.7816529
4340,94,7377,1053,4bux_F35_A_2166,6,smina,0.55255768,0.72965244,2.7368376,0.25269145,0,3.5803534
4341,94,16769,2395,6qqs_JCZ_B_301,4,gnina,0.56356828,0.72923126,2.5520213,0.47908825,6.3193828e-06,2.4487346
4342,94,4283,611,2hdk_COI_B_900,6,smina,0.48995823,0.72872959,1.5284911,0.049053699,6.9365813e-07,0.98079147
4343,94,15840,2262,6k92_GT0_A_802,6,smina,0.48342979,0.72726529,1.3768344,0.17302245,0.97158807,1.2069136
4344,94,14938,2134,6cut_FEJ_A_401,0,surfdock,0.54331066,0.72561361,2.5154638,0.22031838,0,3.2570074
4345,94,14945,2135,6cut_FEJ_B_401,0,surfdock,0.54331066,0.72561361,2.5154638,0.22031838,0,4.5701004
4346,94,14952,2136,6cut_FEJ_C_401,0,surfdock,0.54331066,0.72561361,2.5154638,0.22031838,0.95382874,4.7010485
4347,94,10315,1473,4xfh_CYS_A_502,4,gnina,0.52258107,0.72307079,2.0670865,0.10694756,0.42501001,2.0102515
4348,94,10114,1444,4uzi_IMD_B_1456,6,smina,0.48059833,0.72118668,1.290823,0.34360102,0,0.37657917
4349,94,12121,1731,5gzz_GSH_D_301,4,gnina,0.58009511,0.72101585,3.1206176,0.2065389,1.8636896e-07,8.2325109
4350,94,2244,320,1q4g_BFL_A_701,4,gnina,0.58182343,0.72095585,2.9622593,0.38523981,0.98892805,4.5664956
4351,94,15719,2245,6jmd_BVO_A_408,4,gnina,0.58435614,0.71971524,3.3136322,0.11569592,0.99707209,7.8086095
4352,94,1980,282,1okm_SAB_A_555,6,smina,0.48411414,0.71749471,1.5461417,0.17481636,0,4.1404206
4353,94,1432,204,1klz_U_A_2001,4,gnina,0.57597746,0.71538333,3.1408494,0.25787789,0.96808301,3.6072961
4354,94,11199,1599,5cmb_GLY_A_301,6,smina,0.47948935,0.71377267,1.0920119,0.062439658,0.99879427,0.599091
4355,94,8572,1224,4i4v_NGA_B_202,4,gnina,0.52258107,0.71300491,2.1817856,0.18237357,0.81798704,3.0770289
4356,94,2715,387,1uay_ADN_A_1001,6,smina,0.48896118,0.71295913,1.7514744,0.089803912,0.98503771,2.3848195
4357,94,17280,2468,6tt4_FT8_A_709,4,gnina,0.58379661,0.71235073,3.2730331,0.3129636,0.98896537,9.7520074
4358,94,5345,763,2vmp_PLP_A_501,4,gnina,0.58354446,0.71221892,3.169009,0.41439411,1.1721139e-05,4.9923714
4359,94,16041,2291,6lx5_C5F_A_503,4,gnina,0.5471701,0.71217946,2.9685822,0.38530615,0.16064342,3.2154492
4360,94,12128,1732,5gzz_GSH_E_301,4,gnina,0.55452475,0.71214996,3.1498449,0.21986234,0,13.513908
4361,94,4414,630,2izf_BTN_B_300,4,gnina,0.58485172,0.71213223,3.4534931,0.15006752,0.99254101,2.7407104
4362,94,4421,631,2izf_BTN_D_301,4,gnina,0.5844061,0.71200941,3.4534931,0.15006752,0.99405643,2.6710958
4363,94,301,43,1dna_CB3_A_601,0,surfdock,0.54331066,0.71066883,2.7012837,0.34255099,0,4.999035
4364,94,84,12,1aiq_UMP_A_265,0,surfdock,0.54331066,0.71052359,2.628722,0.41820264,0.97899523,3.5748086
4365,94,557,79,1g4s_TPS_A_2001,4,gnina,0.58263777,0.71015283,3.1896904,0.42121625,0.99070117,4.5405057
4366,94,10905,1557,5abz_Z47_A_201,6,smina,0.53897638,0.71008464,1.7434877,0.96706355,0,3.752921
4367,94,4465,637,2j9e_AKG_C_1119,6,smina,0.45866111,0.70988187,1.0498886,0.0028684021,0.99432455,1.1557366
4368,94,8565,1223,4i4v_NGA_B_201,4,gnina,0.52258107,0.70939499,2.2620919,0.17223202,0.86158138,2.1885873
4369,94,10196,1456,4wqq_MAN_B_204,4,gnina,0.52124536,0.7091788,1.9625076,0.12165926,0.045734904,1.7754386
4370,94,6488,926,3vbn_TYD_E_301,6,smina,0.54732881,0.70884928,2.871125,0.55823988,0,7.9024058
4371,94,11330,1618,5dky_NOJ_A_1000,4,gnina,0.52258107,0.70882883,2.0244911,0.42093283,0.99409784,2.2622694
4372,94,5158,736,2rbx_3AY_X_2001,6,smina,0.4764802,0.70838081,1.1078016,0.084769733,0.67344959,0.70641437
4373,94,8586,1226,4i4v_NGA_D_202,4,gnina,0.52258107,0.70732634,2.307554,0.16746138,0.81738689,2.3198687
4374,95,11197,1599,5cmb_GLY_A_301,4,gnina,0.85508767,0.86368118,2.5282924,0.2928057,0.99882663,2.5438189
4375,95,11332,1618,5dky_NOJ_A_1000,6,smina,0.6016028,0.82552695,1.3089191,0.20065664,0.99427407,0.81158828
4376,95,8567,1223,4i4v_NGA_B_201,6,smina,0.5598547,0.82051823,1.2490487,0.1746929,1.0038648e-10,1.444961
4377,95,8574,1224,4i4v_NGA_B_202,6,smina,0.54612149,0.81987536,1.2376009,0.17040376,8.7304767e-06,1.4054247
4378,95,8588,1226,4i4v_NGA_D_202,6,smina,0.54593243,0.81805574,1.2551855,0.17717604,0.00052865784,1.4241971
4379,95,10541,1505,4za7_4LV_A_606,6,smina,0.49298508,0.75923444,1.0273149,0,0,0.97751068
4380,95,3602,514,2bk3_FOF_A_1503,4,gnina,0.5644911,0.74657833,2.5100958,0.16813733,0.44863987,3.783067
4381,95,8446,1206,4hxk_1AJ_A_201,4,gnina,0.52188844,0.74501758,1.4378654,0.11348779,1.5934067e-05,1.7914203
4382,95,1959,279,1o68_KIV_E_275,6,smina,0.49757615,0.73681841,1.1897397,0.22970341,0.63647904,0.69919028
4383,95,9743,1391,4qe1_RUU_A_403,6,smina,0.49688516,0.73655224,1.1900765,0.2301795,0.00069800512,0.70890236
4384,95,11869,1695,5fqf_NGA_A_1588,4,gnina,0.57829208,0.73169633,2.9029446,0.124253,0.98934478,3.1660884
4385,95,12730,1818,5jj2_MLI_A_305,4,gnina,0.52017486,0.72968351,1.5233761,0.1765285,0.001456144,1.2899932
4386,95,7756,1108,4d06_NAR_F_302,0,surfdock,0.54305083,0.72962085,1.8492483,0.79905969,0.9941494,2.0347751
4387,95,8782,1254,4j0k_EGR_B_501,4,gnina,0.57486569,0.72924518,2.9945478,0.059657201,0.00053170677,3.1887955
4388,95,3479,497,2ajv_COC_L_501,0,surfdock,0.54305083,0.72880195,2.4174139,0.24703792,0.75708418,3.3738056
4389,95,2839,405,1vzd_UFP_A_317,4,gnina,0.58558426,0.72798973,3.044482,0.1253446,1.882708e-06,4.4665665
4390,95,9125,1303,4lo1_GAL_B_301,4,gnina,0.52188958,0.72709659,1.7622951,0.33037072,0.74117009,2.3403595
4391,95,12929,1847,5lik_W8X_X_402,0,surfdock,0.54305083,0.7259382,2.0184879,0.70285374,0.98541046,3.9179927
4392,95,9736,1390,4qck_ASD_A_404,6,smina,0.48609264,0.72479949,1.3201734,0.21684498,0,1.3754795
4393,95,10017,1431,4ug6_XFJ_A_904,0,surfdock,0.54305083,0.72466378,2.2744777,0.47239831,0.038658154,3.4637802
4394,95,8775,1253,4j0k_EGR_A_501,4,gnina,0.5583411,0.723503,3.0411921,0.080100946,0.00083448998,3.679975
4395,95,487,69,1fqo_F6R_A_1268,4,gnina,0.57072602,0.72347808,2.8752925,0.28552029,0.30529828,3.1454778
4396,95,753,107,1h18_PYR_A_1001,4,gnina,0.52188958,0.72298041,1.6935167,0.47479632,0.9379037,3.7234212
4397,95,494,70,1fqo_F6R_B_2268,4,gnina,0.57391547,0.72204565,2.9149396,0.28724244,0.8639032,3.130363
4398,95,1950,278,1o68_KIV_D_275,4,gnina,0.56787433,0.72131781,2.7510586,0.45048565,0.9821337,3.2517429
4399,95,760,108,1h18_PYR_B_1001,4,gnina,0.52188958,0.72099202,1.7141328,0.49118647,0.075282129,3.3477261
4400,95,4927,703,2qcx_PF1_B_300,6,smina,0.51124614,0.72095975,1.5697156,0.21318062,0,1.9347204
4401,95,10161,1451,4wca_CIT_A_401,4,gnina,0.52188958,0.72040289,1.893651,0.32269242,0.073860612,2.2048417
4402,95,1047,149,1ia1_TQ3_B_196,4,gnina,0.52188958,0.72029284,1.9531937,0.26521119,0.99739114,2.6194083
4403,95,515,73,1fsa_F6P_A_338,4,gnina,0.60519908,0.72021864,3.1452601,0.26294926,0.029052086,3.0089587
4404,95,10024,1432,4ug7_1EV_A_904,0,surfdock,0.54305083,0.71834664,2.4509246,0.42453226,0.96100584,3.9405823
4405,95,12023,1717,5g4r_LF1_C_1739,4,gnina,0.58616906,0.71727544,2.9698915,0.44415769,0.99647359,4.8568879
4406,95,10660,1522,4zo7_GLC_A_806,6,smina,0.50151676,0.71725535,1.5126492,0.24814004,0.99504636,0.93845347
4407,95,14886,2126,6c6w_TFX_A_502,4,gnina,0.52188958,0.71607195,1.702933,0.59528631,5.8058256e-09,2.3585489
4408,95,16387,2341,6ock_9KL_A_601,0,surfdock,0.54305083,0.71568482,2.8793068,0.051352181,0.86336569,3.6795148
4409,95,11127,1589,5cak_4Z9_A_802,4,gnina,0.58327658,0.7139544,2.918813,0.52759618,0.88575084,2.4435903
4410,95,7067,1009,4a3u_NCA_B_1359,4,gnina,0.51822807,0.71385552,1.8151503,0.14159071,0.016413314,2.1268482
4411,95,3784,540,2d0e_NQ_A_409,4,gnina,0.52044937,0.71384063,1.7460133,0.23734193,6.3525041e-05,1.786018
4412,95,7753,1107,4d06_NAR_F_301,4,gnina,0.58215407,0.71342376,2.8517749,0.59676862,6.360607e-10,4.8000887
4413,95,12009,1715,5g4r_LF1_A_1739,4,gnina,0.57110817,0.71198075,2.9698915,0.44415769,0.6351329,4.6833859
4414,95,9211,1315,4ma8_Z80_C_301,6,smina,0.44924775,0.71075365,1.0273149,0,0,2.3902081
4415,95,17065,2437,6sxr_KHP_A_507,6,smina,0.46748151,0.71062955,1.0387512,0.016173432,0,2.7410449
4416,95,8075,1153,4ea0_651_B_305,4,gnina,0.55435799,0.70955166,2.9453132,0.47012553,9.1467988e-07,3.5022238
4417,95,10038,1434,4ugg_S5D_A_904,0,surfdock,0.54305083,0.70843193,2.3914607,0.69278139,0.10672969,3.5479889
4418,95,2895,413,1w55_C_A_1373,4,gnina,0.58428513,0.70807637,3.202256,0.39412296,0.95703139,3.4989802
4419,95,3924,560,2ef9_PEP_B_2268,4,gnina,0.52188958,0.70795784,2.3442318,0.11144783,0.79352428,2.5526111
4420,95,8131,1161,4ekr_0R0_B_203,4,gnina,0.52188958,0.70781184,2.2806432,0.17791881,0.12591395,1.8804431
4421,95,5571,795,2xh0_PEP_B_1440,6,smina,0.48416257,0.70752746,1.4825753,0.33183703,0.99461301,1.6031575
4422,95,2832,404,1vl1_CIT_A_300,4,gnina,0.54818644,0.70723297,3.0590773,0.39451912,0.048999102,2.4360782
4423,95,844,120,1h48_CDI_B_902,4,gnina,0.56034779,0.70548308,2.6548548,0.87228477,0.96092771,2.5242741
4424,96,1049,149,1ia1_TQ3_B_196,6,smina,0.5954532,0.84865007,1.101832,0.061973795,0.99761943,1.9262566
4425,96,755,107,1h18_PYR_A_1001,6,smina,0.57624753,0.78539568,1.44809,0.54652488,0.048898879,0.60586928
4426,96,2737,391,1um4_SH4_H_1001,0,surfdock,0.54393915,0.77609709,1.4657446,0.36719993,0.95339115,3.7760069
4427,96,3926,560,2ef9_PEP_B_2268,6,smina,0.52964289,0.77503322,1.4279013,0.10123681,0.78803941,1.0306002
4428,96,15495,2213,6hl7_CP_C_401,4,gnina,0.56694921,0.76815649,2.0339282,0.23830329,0.0021838172,2.7511867
4429,96,9127,1303,4lo1_GAL_B_301,6,smina,0.51274836,0.76715503,1.0142066,0,0.028775082,0.74563326
4430,96,9638,1376,4pbr_2L7_A_401,6,smina,0.51704375,0.75548656,1.2288884,0.035682134,0,4.1218418
4431,96,4379,625,2ipf_FFA_A_3,4,gnina,0.54738253,0.75177278,2.3538332,0.1950088,0.012948833,3.8159797
4432,96,14601,2085,6a1f_9OF_A_807,6,smina,0.49013677,0.74929374,1.0803441,0.093532346,0,1.1771372
4433,96,12523,1789,5ivg_FPS_B_704,0,surfdock,0.54393915,0.74326352,2.3198748,0.088959575,0,4.4480399
4434,96,12537,1791,5ivg_FPS_D_704,0,surfdock,0.54393915,0.74044509,2.35499,0.10687895,0,4.3841401
4435,96,9002,1286,4kux_FPS_D_704,0,surfdock,0.54393915,0.73704956,2.4805601,0.046012156,0,4.2423635
4436,96,12530,1790,5ivg_FPS_C_704,0,surfdock,0.54393915,0.73658797,2.4027431,0.13269441,0,4.4405719
4437,96,8988,1284,4kux_FPS_B_405,0,surfdock,0.54393915,0.73611701,2.4927776,0.051722035,0,4.2869735
4438,96,8995,1285,4kux_FPS_C_705,0,surfdock,0.54393915,0.73611701,2.4927776,0.051722035,0,4.2115209
4439,96,17009,2429,6sds_L8N_A_302,6,smina,0.48743669,0.73588803,1.2955389,0.06411241,0,2.961542
4440,96,17560,2508,6xzx_O5H_B_302,4,gnina,0.58319965,0.73542163,2.51882,0.43925807,0.6876984,5.2998979
4441,96,8981,1283,4kux_FPS_A_704,0,surfdock,0.54393915,0.73325741,2.5285854,0.071313411,0.86740178,4.359318
4442,96,3486,498,2ajx_TGN_L_501,0,surfdock,0.54393915,0.73208417,2.4021947,0.22062266,0.02223558,3.7427729
4443,96,16750,2392,6qot_6SD_A_301,6,smina,0.48747101,0.72829618,1.4532341,0.031337515,0,1.8361869
4444,96,5303,757,2vjb_CCD_A_1539,4,gnina,0.55132416,0.72770179,2.5648148,0.4677209,0.066573815,3.5134884
4445,96,524,74,1fsa_F6P_B_338,6,smina,0.52427402,0.72689534,1.8497399,0.46086848,2.1935784e-05,2.1922011
4446,96,1427,203,1klk_PMD_A_653,6,smina,0.52395746,0.72445528,1.8504137,0.50389385,0,4.344061
4447,96,17105,2443,6t02_M5E_A_601,4,gnina,0.52194735,0.72373497,2.0370352,0.11882918,0.0015942901,2.0751026
4448,96,16671,2381,6qdb_HWQ_A_1003,4,gnina,0.58800366,0.72318133,2.7942002,0.47439733,7.572648e-09,4.2193111
4449,96,14312,2044,5y8k_SER_A_301,4,gnina,0.52194735,0.72169734,1.6994352,0.49431929,1.675565e-05,1.7238242
4450,96,5044,720,2qs2_UBF_B_602,4,gnina,0.58473339,0.72152119,2.8064137,0.45444489,0.50263432,5.3234633
4451,96,15484,2212,6hl7_CP_A_401,0,surfdock,0.54241548,0.72131914,2.17856,0.34002236,0.99479686,2.3298442
4452,97,12884,1840,5l7u_NGA_B_601,4,gnina,0.58012355,0.74187188,2.5159905,0.3038407,0.9776628,3.2731983
4453,97,16384,2340,6o2z_LJV_A_500,4,gnina,0.58528574,0.73821816,2.6552718,0.27940312,0.99444416,4.8990346
4454,97,8180,1168,4fh7_TBP_A_202,4,gnina,0.51820112,0.73434279,1.2752481,0.37014285,4.0272779e-05,2.6861073
4455,97,5887,841,2zgw_BTN_A_1401,0,surfdock,0.54281273,0.7313918,2.4538257,0.17284375,0.95145951,3.2053579
4456,97,8768,1252,4ixw_IXW_B_302,4,gnina,0.52021326,0.7297809,1.4327184,0.36435807,0.0038590219,1.8948756
4457,97,2055,293,1p7c_THM_B_501,4,gnina,0.58618169,0.7296896,2.8519351,0.27728158,0.98697997,3.5099759
4458,97,447,63,1f5f_DHT_A_253,6,smina,0.48528277,0.72774454,1.2423402,0.32360417,0,1.3851088
4459,97,15847,2263,6k92_GT0_B_602,6,smina,0.45934738,0.71670412,1.0135175,0,0.003774098,1.2592953
4460,97,91,13,1aj8_CIT_A_1000,0,surfdock,0.54281273,0.71611837,2.7049057,0.23080273,0,2.9107914
4461,97,98,14,1aj8_CIT_B_2000,0,surfdock,0.54281273,0.71590475,2.7183216,0.22184984,0.060059918,3.0147146
4462,97,4564,652,2ntk_IMP_C_207,0,surfdock,0.54281273,0.71432746,2.3871155,0.58613271,0,3.6942313
4463,97,15617,2231,6i4b_E2N_A_603,0,surfdock,0.54281273,0.71418077,2.4942927,0.48204315,0.99096788,3.7158556
4464,97,8973,1281,4kqx_HIO_A_402,6,smina,0.42479356,0.71385768,1.0135175,0,0.005095586,0.82364087
4465,97,14809,2115,6bqx_9AG_A_201,4,gnina,0.60716266,0.71110594,2.8107746,0.78258467,1.9870696e-06,2.4429225
4466,97,9846,1406,4rje_PYR_C_402,4,gnina,0.52027876,0.71107221,2.2751546,0.1464522,0.32609573,5.1303687
4467,97,7826,1118,4d5e_TPP_A_1589,0,surfdock,0.54281273,0.71086424,2.2741306,0.77252018,0.36990274,4.8050634
4468,97,7930,1132,4dt8_ADN_B_401,6,smina,0.47574473,0.71007308,1.1309794,0.05203164,0.00070465027,1.934692
4469,97,63,9,1aia_PMP_A_411,0,surfdock,0.54281273,0.70940761,2.2336955,0.84415174,0.21621794,3.3163292
4470,97,70,10,1aia_PMP_B_411,0,surfdock,0.54281273,0.70916197,2.2396157,0.8435089,0.2344142,3.3198868
4471,97,4550,650,2ntk_IMP_A_205,0,surfdock,0.54281273,0.70906724,2.4450352,0.64012778,0,3.6712351
4472,97,3413,487,2a5t_GLY_A_1001,4,gnina,0.52027876,0.70757477,2.2729163,0.21769737,0,1.7062074
4473,97,15488,2212,6hl7_CP_A_401,4,gnina,0.58636197,0.70738886,3.1041977,0.51773375,3.3135942e-06,4.6746925
4474,97,12170,1738,5h8q_GLU_A_302,4,gnina,0.52027876,0.70663687,2.0042841,0.50501019,0,2.5711413
4475,97,3422,488,2a9z_26A_A_1001,6,smina,0.48515676,0.70656289,1.5505975,0.38449287,0,3.1667546
4476,97,3406,486,2a5t_GLU_B_2002,4,gnina,0.52027876,0.70643027,2.0505521,0.46286654,0,2.4515288
4477,97,4400,628,2ixi_TYD_B_1182,4,gnina,0.58332682,0.70557273,3.4363129,0.18760686,0.017339826,4.840262
4478,97,12163,1737,5h8f_GLU_A_302,4,gnina,0.52027876,0.70517097,2.0131588,0.52548146,0,2.6400776
4479,97,16141,2305,6mry_FLC_B_101,6,smina,0.44480827,0.70506746,1.1102809,0.0689402,0.97431607,1.3399124
4480,97,5047,721,2qse_1HP_A_1,0,surfdock,0.54281273,0.70488642,3.0428708,0.13303477,0.99307504,3.305021
4481,97,2279,325,1qit_MAE_A_411,4,gnina,0.52027876,0.70414461,2.4109371,0.1483594,2.0989431e-05,1.7306052
4482,97,13405,1915,5tbo_78Z_A_1001,0,surfdock,0.54281273,0.70406702,2.773061,0.42081878,0.97538858,4.3741434
4483,97,9926,1418,4trj_665_A_501,0,surfdock,0.54281273,0.70349783,2.7360814,0.47032136,0.87354375,3.7462651
4484,97,200,28,1ca7_ENO_A_501,4,gnina,0.52027876,0.70316032,2.4330699,0.14611983,0.97297985,1.99551
4485,97,16314,2330,6nig_NAG_A_604,4,gnina,0.52027876,0.70299059,2.2389927,0.34363654,1.3383661e-05,6.3544341
4486,97,1418,202,1ki2_GA2_B_2,4,gnina,0.58648712,0.70296355,3.2163618,0.51156604,0.00046980284,3.937106
4487,97,5464,780,2wdq_TEO_A_1589,4,gnina,0.57627586,0.70291814,3.2258694,0.40517992,0.0023192583,10.860682
4488,97,13335,1905,5r28_RDJ_A_401,0,surfdock,0.54281273,0.7027598,2.0684352,1.1542504,0.9852464,3.0764899
4489,97,7256,1036,4aw0_MJF_A_600,4,gnina,0.52027876,0.70260112,2.3375726,0.25295728,1.715285e-10,6.3581428
4490,97,10639,1519,4zo7_BGC_A_801,6,smina,0.42217384,0.70142322,1.0135175,0,3.7122335e-06,0.90776496
4491,97,12046,1720,5gnx_BGC_A_502,6,smina,0.42217384,0.70142322,1.0135175,0,0.00068479845,0.87669171
4492,97,2524,360,1thc_FL9_B_130,4,gnina,0.52027876,0.70137347,2.269541,0.34597874,1.7245159e-08,2.6749357
4493,97,12053,1721,5gnx_BGC_B_503,6,smina,0.42217384,0.70128252,1.0144411,0.0013062151,0.00023209025,0.88586054
4494,97,4571,653,2ntk_IMP_D_208,0,surfdock,0.54281273,0.69987548,2.5483668,0.73844683,0,3.7238533
4495,97,3252,464,1zha_PEP_B_2268,4,gnina,0.52027876,0.69964897,2.4576995,0.19314627,0.025008269,2.3865343
4496,97,17441,2491,6vo2_R67_B_403,4,gnina,0.52027876,0.69939032,2.1746819,0.48148608,0,2.1136315
4497,97,4557,651,2ntk_IMP_B_206,0,surfdock,0.54261761,0.69932153,2.3871155,0.58613271,0.98439979,3.7809618
4498,97,12870,1838,5l1u_7PF_A_401,4,gnina,0.52027876,0.69931591,2.1071868,0.5505116,0.99431735,2.6229356
4499,97,10028,1432,4ug7_1EV_A_904,4,gnina,0.57734904,0.69843378,3.4640834,0.27952564,7.4270546e-07,5.5785465
4500,97,1693,241,1ml4_PAL_A_385,6,smina,0.48401598,0.69830012,2.0510077,0.023951009,0.7954115,2.2569962
4501,97,1411,201,1ki2_GA2_A_1,4,gnina,0.5741159,0.69825927,3.1434739,0.58099926,0,3.597544
4502,98,202,28,1ca7_ENO_A_501,6,smina,0.58589505,0.82942487,1.196987,0.15994535,0.53163124,1.1756886
4503,98,12872,1838,5l1u_7PF_A_401,6,smina,0.59289792,0.74915232,1.9330157,0.81831068,1.8954547e-06,1.4338161
4504,98,1516,216,1l4f_NCN_A_991,4,gnina,0.5805437,0.72668328,2.4064581,0.69256055,0.99647566,3.7359912
4505,98,13559,1937,5tvr_AKG_B_402,0,surfdock,0.5434662,0.72605591,2.5880768,0.14456575,0.99751272,2.7110469
4506,98,5898,842,2zi2_24U_H_801,4,gnina,0.5735855,0.72568673,2.8733339,0.21293773,0.99146739,4.5621295
4507,98,16517,2359,6pmv_M16_B_803,4,gnina,0.57847737,0.71803129,2.9119921,0.36150295,2.5545968e-06,3.6229899
4508,98,14014,2002,5wgr_PM7_A_711,0,surfdock,0.5434662,0.71742369,2.5992243,0.30980474,0,3.8542843
4509,98,1621,231,1luq_BTN_B_5200,4,gnina,0.58700127,0.71715046,3.1883876,0.17787001,0.98253231,2.8913876
4510,98,16303,2329,6nhd_KNV_B_803,0,surfdock,0.5434662,0.71665933,2.8471596,0.077795595,0.61085218,3.7010077
4511,98,13612,1944,5u5z_7VP_A_302,4,gnina,0.51683745,0.71585355,1.6177659,0.45057285,1.7737456e-09,1.5947554
4512,98,16296,2328,6nhd_KNV_A_803,0,surfdock,0.5434662,0.71337658,2.9482,0.045739207,0.97458954,2.6762011
4513,98,5100,728,2qx9_ML2_A_234,4,gnina,0.51685257,0.71322794,2.3099012,0.066380106,1.6245054e-05,4.3381421
4514,98,1952,278,1o68_KIV_D_275,6,smina,0.48160771,0.71286026,1.5524801,0.23678747,0.99047589,0.74524271
4515,98,5093,727,2qx9_ML2_A_233,4,gnina,0.51685257,0.71264178,2.3183415,0.069343671,0.001549975,2.6214693
4516,98,8196,1170,4fra_GAL_A_402,6,smina,0.46724755,0.71067104,1.0601395,0.085955739,4.1850984e-06,1.0584717
4517,98,17380,2482,6v8n_QS1_A_1704,6,smina,0.58993479,0.71052012,3.0875473,0.47117895,0,16.367767
4518,98,4227,603,2gnm_MAN_A_253,6,smina,0.46659093,0.71027975,1.0617542,0.08823926,0.96363483,0.83986788
4519,98,4323,617,2i1v_F6P_B_720,4,gnina,0.51685257,0.70970628,2.1185246,0.3266983,0,2.613236
4520,98,11540,1648,5eo7_SFU_B_404,4,gnina,0.51685257,0.70956011,2.2188339,0.22927216,0.0061792143,3.1940707
4521,98,816,116,1h48_C5P_D_204,4,gnina,0.58582204,0.70880314,3.176239,0.35773259,0.94676052,4.5594618
4522,98,9475,1353,4nkw_PLO_B_601,4,gnina,0.58818476,0.70878181,3.384696,0.18962178,2.0627168e-07,6.1765526
4523,98,13748,1964,5unx_8F1_A_803,0,surfdock,0.5434662,0.70796126,3.0907915,0.019049728,0.97968162,3.8866005
4524,98,11561,1651,5eo7_SFU_C_402,4,gnina,0.51685257,0.70791808,2.2372773,0.24334639,0.94458545,2.3370572
4525,98,11582,1654,5eo7_SFU_C_405,4,gnina,0.51685257,0.70791808,2.2372773,0.24334639,0.92516502,2.4674365
4526,98,9468,1352,4nkw_PLO_A_601,4,gnina,0.58694202,0.70779689,3.4157512,0.15977649,2.1286123e-07,9.8472804
4527,98,809,115,1h48_C5P_C_901,4,gnina,0.58196717,0.70724561,3.176239,0.35773259,0.9799157,3.9892134
4528,98,4813,687,2pvy_ACP_A_802,4,gnina,0.58786897,0.7069376,3.1815357,0.42808044,0.85341808,5.157957
4529,98,1768,252,1n3o_GYP_A_1001,4,gnina,0.51685257,0.70662733,2.1243021,0.38204098,0.9763628,1.9631277
4530,98,9489,1355,4nkw_PLO_D_601,4,gnina,0.5846844,0.70661619,3.4157512,0.15977649,1.8629093e-07,6.0445507
4531,98,12711,1815,5jj2_MLI_A_301,6,smina,0.45747641,0.7062965,1.0989901,0.10467563,0.20184878,0.62462655
4532,98,8743,1249,4itu_1HS_A_302,0,surfdock,0.5434662,0.70576811,1.8933076,1.2642332,7.9335427e-06,4.5421114
4533,98,8750,1250,4itu_1HS_B_302,0,surfdock,0.5434662,0.70576811,1.8933076,1.2642332,7.3478855e-06,2.9050543
4534,98,8757,1251,4itu_1HS_D_302,0,surfdock,0.5434662,0.70576811,1.8933076,1.2642332,5.1528215e-06,2.9139994
4535,98,4326,618,2i1v_FDP_B_710,0,surfdock,0.5434662,0.70497359,2.8703158,0.3046155,0,3.6652548
4536,98,830,118,1h48_C5P_F_901,4,gnina,0.59005764,0.70453476,3.3298919,0.37014061,0.97576667,4.0291775
4537,98,552,78,1fwn_PEP_B_2268,6,smina,0.44139975,0.70434721,1.1153632,0.092405215,0.0020633448,0.95430076
4538,98,13755,1965,5unx_8F1_B_803,0,surfdock,0.5434662,0.70419699,3.1505432,0.04144334,0.98437922,4.0167592
4539,98,11512,1644,5eo7_SFU_A_402,4,gnina,0.51685257,0.70409106,2.2795322,0.27776375,0.96358229,2.196907
4540,98,802,114,1h48_C5P_A_203,4,gnina,0.58825171,0.70387513,3.3219855,0.3689321,0.9627664,4.0630918
4541,98,5030,718,2qim_ZEA_A_162,4,gnina,0.51685257,0.70374537,2.3487546,0.21552829,1.8596019e-09,3.2560419
4542,98,11514,1644,5eo7_SFU_A_402,6,smina,0.41820567,0.70353383,0.99935961,0,0.97566781,0.85376501
4543,98,11542,1648,5eo7_SFU_B_404,6,smina,0.41820567,0.70353383,0.99935961,0,0.99585731,0.89992085
4544,98,11563,1651,5eo7_SFU_C_402,6,smina,0.41820567,0.70353383,0.99935961,0,0.98953764,0.79206083
4545,98,11584,1654,5eo7_SFU_C_405,6,smina,0.41820567,0.70353383,0.99935961,0,0.98015925,1.3072662
4546,98,823,117,1h48_C5P_E_901,4,gnina,0.58713794,0.70345829,3.3140986,0.36778858,0.95012735,4.4517401
4547,98,4820,688,2pvy_ACP_D_802,4,gnina,0.58413644,0.70324292,3.1986191,0.44930631,0.0014472393,5.5538189
4548,98,13320,1902,5ooa_URI_A_201,6,smina,0.47632023,0.70320741,1.7324224,0.16032396,0,2.6530971
4549,98,1082,154,1iri_E4P_B_602,4,gnina,0.58784474,0.70265556,3.6940544,0.013905467,0.00065815938,6.3802822
4550,98,17119,2445,6t0a_M58_A_601,4,gnina,0.516654,0.70199219,2.0519507,0.23814738,0.0038696588,2.0810584
4551,98,3938,562,2euq_BVC_A_401,4,gnina,0.50131828,0.70157536,1.8225342,0.33104536,0.67039515,1.4175088
4552,99,1770,252,1n3o_GYP_A_1001,6,smina,0.59457816,0.80879428,1.388543,0.3092826,0.0021016581,1.1452795
4553,99,5709,815,2y5a_3AP_A_1295,4,gnina,0.50587915,0.75290749,1.255443,0.046430435,0.44215715,1.5910185
4554,99,11053,1579,5bkd_RCF_B_503,0,surfdock,0.54366571,0.75139526,2.0343964,0.22284371,0.78975612,3.4879136
4555,99,12054,1722,5goo_FRU_A_501,0,surfdock,0.54366571,0.73047914,2.2400596,0.41272154,0.97635857,2.6561236
4556,99,5891,841,2zgw_BTN_A_1401,4,gnina,0.57840705,0.72818103,2.7132034,0.32084543,0.97960222,3.5096533
4557,99,12061,1723,5goo_FRU_B_501,0,surfdock,0.54366571,0.72650397,2.3125582,0.41928667,0,2.7413969
4558,99,12068,1724,5goo_FRU_C_501,0,surfdock,0.54366571,0.72650397,2.3125582,0.41928667,0.99390848,2.7607518
4559,99,7760,1108,4d06_NAR_F_302,4,gnina,0.59326867,0.7253415,2.6325581,0.57799065,0.0044526342,4.0543879
4560,99,8082,1154,4ejh_0QA_A_502,4,gnina,0.59269112,0.7250701,2.8730698,0.33782741,0.83547295,18.037179
4561,99,8950,1278,4kp7_1UQ_B_502,4,gnina,0.6168678,0.72399739,2.9435184,0.3315568,0.95483281,3.4873563
4562,99,8257,1179,4gim_PSU_B_400,4,gnina,0.58775225,0.72229495,2.7546833,0.45827433,0.10406538,3.9761234
4563,99,4857,693,2q28_TPP_B_5001,6,smina,0.53556892,0.72163351,2.0833557,0.4169682,0.93246613,8.488011
4564,99,12215,1745,5hfa_FP1_A_608,0,surfdock,0.54366571,0.72020309,2.0716684,0.78818697,0.0055357731,2.569883
4565,99,12359,1765,5i8z_JA1_A_302,4,gnina,0.59094086,0.71848669,3.2486188,0.082953118,0.9835488,4.1100667
4566,99,2853,407,1vzu_UDP_B_2371,4,gnina,0.58683185,0.71651513,2.92751,0.40426412,0.88303613,5.0302468
4567,99,17084,2440,6sz3_M1H_B_601,4,gnina,0.51776396,0.71603357,1.9542938,0.11595204,0.049964074,1.6896186
4568,99,8637,1233,4i6y_MEV_B_1001,6,smina,0.43519958,0.71548006,1.0236015,0.030287545,0.48466494,1.0876596
4569,99,8208,1172,4g1x_TQU_A_409,4,gnina,0.51780088,0.7137764,1.8571137,0.52584922,3.7308404e-06,1.9226227
4570,99,11871,1695,5fqf_NGA_A_1588,6,smina,0.47819437,0.7122962,1.6555754,0.18060426,0.92670362,1.5607649
4571,99,16349,2335,6ny7_L8J_A_303,4,gnina,0.5168808,0.71000801,1.7678308,0.35695231,7.5711598e-05,3.5971101
4572,99,12208,1744,5hfa_FP1_A_607,0,surfdock,0.54366571,0.70966593,2.2102144,0.87138659,0.00070349745,2.5721982
4573,99,12222,1746,5hfa_FP1_B_609,0,surfdock,0.54366571,0.70966593,2.2102144,0.87138659,0.0041199842,2.4820926
4574,99,1259,179,1jho_RMB_A_990,6,smina,0.47997693,0.70913774,1.826754,0.079193383,0,4.0386781
4575,99,1278,182,1jl0_PUT_A_401,4,gnina,0.51434277,0.70662975,2.0321887,0.11746266,0.92656634,3.3126203
4576,99,16300,2328,6nhd_KNV_A_803,4,gnina,0.58645892,0.70651687,3.1472702,0.40492523,3.887511e-08,5.6008453
4577,99,15656,2236,6ix8_B3O_B_408,4,gnina,0.59217797,0.7062896,2.8549201,0.76712048,0.97162843,3.2478596
4578,99,9379,1339,4n6w_FLC_A_203,6,smina,0.42695629,0.70607547,0.994183,0,0.99632401,1.4920637
4579,99,14426,2060,5ybp_AKG_B_302,6,smina,0.42695629,0.70607547,0.994183,0,0.31201769,1.2169334
4580,99,14454,2064,5ybq_AKG_B_302,6,smina,0.42695629,0.70607547,0.994183,0,9.7007669e-05,1.229574
4581,99,17751,2535,7cwd_GLC_A_901,6,smina,0.42695629,0.70607547,0.994183,0,0.00022970443,0.86632524
4582,99,10049,1435,4umd_CIT_A_1174,4,gnina,0.51150624,0.70577384,1.8817005,0.26073694,0.013306951,2.353263
4583,99,13360,1908,5syi_NIZ_A_805,4,gnina,0.51768268,0.70476776,1.9888667,0.28029642,0.0082002149,5.5334642
4584,99,7676,1096,4cmk_FQW_D_1270,4,gnina,0.59203745,0.70464078,3.5519514,0.10405204,0.004571419,4.5179852
4585,99,17385,2483,6vlu_CIT_A_701,4,gnina,0.49279703,0.704453,1.4273671,0.61261475,0.00025217842,2.4076298
4586,99,2335,333,1rvt_NDG_H_742,4,gnina,0.49395672,0.70397223,1.8130955,0.26641765,4.6338268e-07,3.8310396
4587,99,9050,1292,4l80_OXL_A_402,6,smina,0.46099345,0.70363792,1.1083272,0.1614242,0.052766983,0.61265428
4588,99,12184,1740,5h9i_XAN_A_301,4,gnina,0.51780088,0.70356977,2.2669818,0.31865913,0.97615154,1.5149688
4589,99,15628,2232,6i4b_ORO_B_602,4,gnina,0.51722429,0.70346242,1.6848073,0.57535905,6.3670224e-05,2.1951371
4590,99,10553,1507,4zb2_GLC_A_403,4,gnina,0.51780088,0.70299585,2.5331786,0.064120963,0.35648588,1.6518814
4591,99,16706,2386,6qni_GLC_A_402,4,gnina,0.51780088,0.70299585,2.5331786,0.064120963,3.0515154e-05,1.727489
4592,99,15504,2214,6hl9_SIN_A_402,6,smina,0.42695629,0.702906,1.0149485,0.029366717,0,0.81958907
4593,99,2307,329,1rf2_BV4_E_105,4,gnina,0.51780088,0.70192948,2.3721573,0.24688265,0.42467202,4.5281759
4594,99,7655,1093,4cmk_FQW_A_1270,4,gnina,0.58038994,0.70182146,3.5213578,0.1062917,0.003509029,4.4398871
4595,99,14319,2045,5y8k_SER_B_301,4,gnina,0.51780088,0.70087191,2.3486941,0.29200327,6.20462e-06,2.0084953
4596,99,15474,2210,6h8p_OGA_A_504,4,gnina,0.51780088,0.70054866,2.3866,0.26073703,0,2.2460099
4597,99,5788,826,2z48_A2G_A_1005,6,smina,0.45377395,0.70044571,1.1559972,0.1620218,4.0244369e-07,1.5058515
4598,99,1351,193,1kae_HSO_A_1001,0,surfdock,0.54366571,0.69971352,2.4436913,0.8566159,0.97038463,2.5879972
4599,99,12688,1812,5jep_EVF_B_303,4,gnina,0.48299438,0.69933519,1.9361478,0.17178072,0.51415964,2.2638527
4600,99,1154,164,1ixo_G3P_B_1002,6,smina,0.43917052,0.69930473,1.1839094,0.13602142,0.024492461,1.4803993
4601,99,2468,352,1sz6_NAG_B_5004,4,gnina,0.51779615,0.69924569,2.0847337,0.33548543,2.4218257e-07,3.0541486
4602,100,9377,1339,4n6w_FLC_A_203,4,gnina,0.87427448,0.84777519,2.517977,0.56561774,0.99702905,2.4970976
4603,100,1280,182,1jl0_PUT_A_401,6,smina,0.56846587,0.78594834,1.5259308,0.40819007,0.41996822,0.71532412
4604,100,1392,198,1kdo_C_A_5407,6,smina,0.52939734,0.77183684,1.2878603,0.3064914,0,4.7544412
4605,100,12186,1740,5h9i_XAN_A_301,6,smina,0.58997273,0.75300497,1.9038261,0.67527628,0.97503983,0.63819466
4606,100,5072,724,2qvr_FDP_A_333,4,gnina,0.58853722,0.74705078,2.1994953,0.48447016,0.94848265,3.2298502
4607,100,2986,426,1xc7_GL6_A_998,4,gnina,0.5826204,0.7401584,2.4793217,0.3097119,0.80567889,3.5244938
4608,100,12401,1771,5igs_GMP_A_403,4,gnina,0.59040112,0.73238823,2.3572636,0.63058281,0.99104438,3.2234797
4609,100,4477,639,2jhp_GUN_A_1647,4,gnina,0.51614195,0.72969793,1.4579697,0.2893233,0.011613809,1.9110721
4610,100,10864,1552,5a86_D7E_B_1432,0,surfdock,0.54420385,0.72903161,2.4309766,0.23903318,0,4.5542455
4611,100,11164,1594,5cga_KP6_H_301,6,smina,0.52786056,0.7289333,2.0728998,0.26146758,0,1.0189503
4612,100,10857,1551,5a86_D7E_A_1433,0,surfdock,0.54420385,0.7288531,2.4300437,0.24349457,0.98957987,4.4317822
4613,100,11150,1592,5cga_KP6_C_301,6,smina,0.52581038,0.72872946,2.0728998,0.26146758,0,1.0793684
4614,100,4484,640,2jhp_GUN_A_1648,4,gnina,0.51630899,0.72852651,1.4620525,0.32633334,0.001057896,1.8909332
4615,100,14,2,1a49_OXL_D_2333,0,surfdock,0.54420385,0.72499861,2.9761705,0.058646686,0.99569192,2.031792
4616,100,9930,1418,4trj_665_A_501,4,gnina,0.55242196,0.72434041,2.4709549,0.59387785,0.0012420697,3.3424057
4617,100,12142,1734,5h24_LQG_A_501,4,gnina,0.59531898,0.72115553,2.9581645,0.31402677,3.2715486e-06,3.2653601
4618,100,17156,2450,6t5p_VD8_D_302,6,smina,0.52382583,0.71861735,2.002198,0.52023065,0.98988526,1.9271888
4619,100,7599,1085,4clo_XP0_D_1270,4,gnina,0.58516818,0.71845263,2.5651405,0.68824023,0.98833029,4.0646312
4620,100,5270,752,2v32_BEZ_D_1221,6,smina,0.43496805,0.71833333,0.99118561,0,0.072497837,0.73931623
4621,100,6192,884,3ryd_SRT_A_271,4,gnina,0.516607,0.71629968,2.0877457,0.38139489,3.093599e-08,1.9506226
4622,100,4150,592,2fzb_TOL_A_600,6,smina,0.53855966,0.7156626,1.9532989,0.6820367,0,4.3733173
4623,100,321,45,1dpm_EBP_A_900,6,smina,0.49275567,0.71420895,1.5130707,0.29685804,0.00024718902,2.4189629
4624,100,11018,1574,5b4o_6DQ_C_201,0,surfdock,0.54420385,0.71393678,2.428308,0.54953158,1.2912694e-06,3.0408666
4625,100,10997,1571,5b4o_6DQ_A_201,0,surfdock,0.54420385,0.71323319,2.4365699,0.55609691,3.9933693e-06,2.9824868
4626,100,11004,1572,5b4o_6DQ_B_201,0,surfdock,0.54420385,0.71323319,2.4365699,0.55609691,0.91413971,3.1405133
4627,100,1012,144,1hsb_ALA_A_1001,4,gnina,0.5164159,0.7127483,1.6463321,0.69615817,4.5035936e-10,4.0967604
4628,100,17598,2514,6yta_IYZ_A_702,0,surfdock,0.54420385,0.71231796,2.5096426,0.50237638,0.98236373,3.7045621
4629,100,17346,2478,6uvj_QJ1_A_205,0,surfdock,0.54420385,0.71084261,2.3269708,0.71640176,0.90871613,3.057739
4630,101,3443,491,2agw_TSS_H_2001,6,smina,0.5505462,0.7975334,1.648209,0.048468433,0.00060152545,1.0592789
4631,101,3436,490,2agw_TSS_D_3001,6,smina,0.5505462,0.7970818,1.6430229,0.060706612,0.00057872677,0.97711872
4632,101,16036,2290,6lx5_C5F_A_502,6,smina,0.5505462,0.79040908,1.473312,0.33603075,0,2.2033652
4633,101,10100,1442,4uy7_HIS_B_800,6,smina,0.5505462,0.78992942,1.3313324,0.48570603,0.68924053,1.1693678
4634,101,10093,1441,4uy7_HIS_A_800,6,smina,0.5505462,0.78954304,1.3339039,0.48934266,0.51130064,1.2308151
4635,101,9561,1365,4ox5_DAL_A_307,6,smina,0.5505462,0.78882343,1.5289041,0.30593166,0.59426775,0.58673516
4636,101,10590,1512,4zbc_GLC_A_407,6,smina,0.54244294,0.78021312,1.2791313,0.13738501,0.0010367392,0.86591948
4637,101,6579,939,3vnm_SDD_D_301,6,smina,0.51859687,0.76849734,1.3564278,0.19793989,0.4431793,1.5529006
4638,101,5879,839,2zce_PYL_A_601,6,smina,0.56542779,0.76693549,1.7182403,0.52464455,0,3.469617
4639,101,139,19,1aua_BOG_A_1,6,smina,0.5505462,0.76405486,1.7447432,0.50912255,1.7985892e-08,4.2936534
4640,101,12928,1846,5la2_ARB_B_606,6,smina,0.49041809,0.76390112,1.0087332,0.024056669,7.4678572e-05,0.57306567
4641,101,10128,1446,4v36_LYN_A_1851,6,smina,0.5505462,0.76389618,1.6830568,0.55540663,1.9726198e-09,1.9193881
4642,101,12921,1845,5la2_ARB_A_606,6,smina,0.48105911,0.76180418,1.0049933,0.024192741,0.86217566,0.67001609
4643,101,7027,1003,3zwt_ORO_A_1398,6,smina,0.53239783,0.76014503,1.5217896,0.18446214,0,0.80371694
4644,101,11255,1607,5d9w_ASC_A_301,6,smina,0.53322213,0.75624629,1.447793,0.32524163,0.011661129,0.9058582
4645,101,4451,635,2j5b_TYE_A_1336,6,smina,0.5505462,0.75486216,1.8454355,0.57454383,0,1.4058195
4646,101,1805,257,1nf0_13P_B_1150,6,smina,0.5505462,0.75124418,1.9259332,0.56110328,0.013422669,1.168884
4647,101,12760,1822,5jtt_6MY_A_902,6,smina,0.5505462,0.75098247,2.1271079,0.36481693,0.63970914,2.875648
4648,101,266,38,1d7a_AIR_B_350,0,surfdock,0.54480158,0.74883878,1.7811645,0.44576696,0.95471767,3.5235584
4649,101,6110,872,3r3z_GOA_B_305,6,smina,0.48330367,0.7486947,1.0909995,0.14582378,0.96450152,0.57054572
4650,101,273,39,1d7a_AIR_C_400,0,surfdock,0.54480158,0.74868821,1.7617927,0.46785566,0,3.386709
4651,101,280,40,1d7a_AIR_D_450,0,surfdock,0.54480158,0.74868821,1.7617927,0.46785566,0.97994517,3.3899028
4652,101,17254,2464,6tor_PMP_B_504,6,smina,0.5505462,0.74833363,2.2433224,0.29836592,1.423287e-07,3.1437736
4653,101,16050,2292,6lx5_C5F_B_501,6,smina,0.58394357,0.74776978,2.1043768,0.52683055,0,1.8616452
4654,101,15042,2148,6e40_BBJ_D_502,6,smina,0.5505462,0.74675544,2.1351745,0.43641478,0,8.9238635
4655,101,587,83,1g72_PQQ_C_703,6,smina,0.55054557,0.74633097,1.9056053,0.65370107,0.99238536,3.9037469
4656,101,10884,1554,5a8k_COM_D_555,6,smina,0.5505462,0.74613963,2.176141,0.40716782,2.821489e-06,1.138821
4657,101,11633,1661,5eso_ISC_B_602,6,smina,0.5505462,0.7430089,1.6735977,0.96974218,0.96180469,1.7386814
4658,101,16790,2398,6r4j_GLU_A_704,4,gnina,0.51854011,0.74286436,1.6784199,0.12162193,0,3.6454778
4659,101,17394,2484,6vmz_NAG_A_402,6,smina,0.5505462,0.74003153,2.0428076,0.65833032,1.1336423e-11,1.514293
4660,101,17350,2478,6uvj_QJ1_A_205,4,gnina,0.56636023,0.73873733,2.5951531,0.17557824,0.98269995,2.0213178
4661,101,5242,748,2uyv_TLA_C_1275,6,smina,0.51633559,0.73859861,1.4267515,0.12828821,0.02263719,0.91128877
4662,101,9804,1400,4r3n_3GQ_B_404,4,gnina,0.54855063,0.73555287,2.486748,0.26861462,0.087253294,2.5532345
4663,101,17401,2485,6vmz_NAG_C_402,6,smina,0.5505462,0.73510379,2.112242,0.68610227,1.0292973e-10,1.4847697
4664,101,17408,2486,6vmz_NAG_E_402,6,smina,0.5505462,0.73510379,2.112242,0.68610227,3.9733008e-10,1.5950553
4665,101,16211,2315,6nba_P1T_A_501,6,smina,0.5505462,0.7343891,2.3929806,0.41962448,0,6.5359062
4666,101,16218,2316,6nba_P1T_B_501,6,smina,0.5505462,0.7343891,2.3929806,0.41962448,0,4.1329387
4667,101,5221,745,2uyv_TLA_A_1275,6,smina,0.48309231,0.73272519,1.3983108,0.091216177,0.16785782,1.1374636
4668,101,6411,915,3uu7_2OH_A_1,6,smina,0.474324,0.73272077,1.1819798,0.22675106,0,1.5443812
4669,101,5536,790,2x05_X05_A_1900,6,smina,0.53625555,0.73271205,2.0099747,0.18549064,0,1.0378519
4670,101,12956,1850,5lwy_OLB_A_406,6,smina,0.5505462,0.73209043,2.7267883,0.13196811,4.3040388e-10,14.659834
4671,101,10219,1459,4ws1_URF_A_301,6,smina,0.54580128,0.73083862,2.0434666,0.79552919,2.7236541e-05,0.6585103
4672,101,9204,1314,4m72_M72_B_402,6,smina,0.50076622,0.72942733,1.347773,0.25177896,0.94051593,1.6687304
4673,101,16113,2301,6mae_JBA_A_301,6,smina,0.611466,0.72869327,2.6579821,0.47012123,0,11.995787
4674,101,3590,512,2bgc_DTT_F_1238,6,smina,0.51985343,0.72809195,1.7337595,0.5153693,0.034002664,0.84724644
4675,101,13164,1880,5nuk_Z80_A_201,4,gnina,0.59230607,0.72782364,2.5519454,0.51867086,0,3.4358687
4676,101,9526,1360,4o7g_ASC_B_304,6,smina,0.53936882,0.72599643,2.0742815,0.25637603,0.0018785348,0.90914043
4677,101,13383,1911,5t63_ALA_C_1,6,smina,0.5505462,0.72548593,2.4574561,0.53635234,0,4.2682885
4678,101,930,132,1h69_ARH_C_1275,6,smina,0.5505462,0.72498743,2.2879391,0.71621335,0,2.8945782
4679,101,7770,1110,4d06_X8W_D_303,0,surfdock,0.54480158,0.722368,2.2315748,0.49927607,0.99223868,2.2802877
4680,102,7986,1140,4e7v_CRS_1_101,6,smina,0.54782435,0.83248158,1.0432462,0.10074771,0.27925035,0.46011247
4681,102,10098,1442,4uy7_HIS_B_800,4,gnina,0.71167184,0.81056133,2.6077538,0.33599436,0.47961638,3.0954742
4682,102,11157,1593,5cga_KP6_E_301,6,smina,0.5593328,0.8090091,1.2811288,0.22342415,0,1.0267956
4683,102,8042,1148,4e7v_CRS_S_101,6,smina,0.537824,0.79085697,1.0915788,0.16910063,0.047936036,0.52871998
4684,102,8000,1142,4e7v_CRS_E_101,6,smina,0.53020247,0.78710346,1.1077129,0.19191748,0.049165754,0.5885503
4685,102,1945,277,1o68_KIV_B_275,6,smina,0.53294239,0.77584346,1.3253022,0.15065628,0.65560804,0.69853849
4686,102,13985,1997,5w8q_BU4_A_400,6,smina,0.52985202,0.77171836,1.2041398,0.32828581,0.75537341,0.63231106
4687,102,1602,228,1lti_GAL_E_104,6,smina,0.5095827,0.76810684,0.97603989,0.0057038455,0.99247915,0.80494931
4688,102,11631,1661,5eso_ISC_B_602,4,gnina,0.85659357,0.76629874,4.023396,0.54509503,0.96883954,8.1148637
4689,102,9386,1340,4n94_2HO_A_401,6,smina,0.51454361,0.76517776,1.0443532,0.061630886,0,1.0463051
4690,102,3226,460,1zei_CRS_F_55,6,smina,0.51687954,0.76332558,1.0467271,0.10567058,0.059056671,0.56734599
4691,102,5949,849,2ztl_3HL_D_301,6,smina,0.50073753,0.76305155,0.97211486,0.00015310547,0.00067215566,0.66336302
4692,102,12368,1766,5i9m_69K_A_302,6,smina,0.57790317,0.7628585,1.63775,0.6530779,0.00071310436,1.9688509
4693,102,4122,588,2fyd_BGC_D_530,6,smina,0.5337559,0.76196575,1.3748497,0.32334152,0.38487729,0.85892049
4694,102,4920,702,2qcx_PF1_A_300,6,smina,0.5562342,0.7616381,2.0850713,0.18959694,0,2.2601057
4695,102,433,61,1eyw_PEL_A_404,6,smina,0.51880623,0.75782978,1.1040721,0.16296348,0,0.65063999
4696,102,11241,1605,5cyf_FLC_C_301,6,smina,0.52340947,0.75756662,1.4532572,0.28913397,0.05744854,1.5413094
4697,102,11521,1645,5eo7_SFU_A_403,6,smina,0.48166533,0.75666819,0.97200662,5.9604645e-08,0.58374412,0.91207341
4698,102,10296,1470,4x36_CHT_A_412,6,smina,0.47845994,0.75605853,0.97200662,5.9604645e-08,0,0.61875306
4699,102,3275,467,1zk0_SS2_A_1260,6,smina,0.50558683,0.75550591,1.0538021,0.060563579,0.00026403213,0.5974912
4700,102,10583,1511,4zbc_FRU_B_408,6,smina,0.50350524,0.75373842,1.085488,0.044112485,0.001646051,1.1925785
4701,102,7146,1020,4a9j_TYL_C_1184,6,smina,0.51416661,0.75341116,1.18932,0.086315706,0,0.95992297
4702,102,17793,2541,8cpp_TCM_A_422,6,smina,0.51335753,0.75151034,1.1061589,0.18971993,0,0.57924401
4703,102,11031,1575,5b4u_MLA_A_302,6,smina,0.48560555,0.74943863,1.0242258,0.073849149,0.0010097194,0.84327419
4704,102,8105,1157,4ek1_CAM_A_502,6,smina,0.50932613,0.74942411,1.0900275,0.16690664,0,0.78740985
4705,102,12914,1844,5la1_XYP_A_602,6,smina,0.51134046,0.74792746,1.1096903,0.19471405,0.00014619765,0.60684208
4706,102,9559,1365,4ox5_DAL_A_307,4,gnina,0.6655432,0.7477935,3.0277364,0.49985626,0.15291809,1.3746919
4707,102,8056,1150,4e7v_CRS_Y_101,6,smina,0.47553498,0.74355246,1.0432462,0.10074771,0.28516806,0.55514563
4708,102,1798,256,1nf0_13P_A_5001,6,smina,0.51988059,0.74154298,1.690937,0.30235755,0.00049362274,1.023543
4709,102,13563,1937,5tvr_AKG_B_402,4,gnina,0.5990844,0.74015083,2.5597286,0.28731516,0.00055039333,2.343973
4710,102,14496,2070,5ylf_BGC_A_401,6,smina,0.49322689,0.73843195,1.1093525,0.19423622,0.014519174,0.83515575
4711,102,6971,995,3zjq_NCA_B_300,6,smina,0.4729146,0.73792334,1.071579,0.14081649,0,0.74031017
4712,102,8014,1144,4e7v_CRS_I_101,6,smina,0.49010683,0.73779381,1.1077129,0.19191748,0.010759305,0.56379253
4713,102,8364,1194,4hez_1MZ_A_302,6,smina,0.50889901,0.73719416,1.1683635,0.27769029,0,0.41428609
4714,102,10091,1441,4uy7_HIS_A_800,4,gnina,0.6277638,0.73708946,2.6196277,0.33133373,0,2.5516217
4715,102,1700,242,1mmx_FUC_A_348,6,smina,0.48579206,0.73666707,1.1063612,0.19000593,0.99569496,0.88147922
4716,102,14790,2112,6bkk_308_B_101,6,smina,0.47450045,0.73634814,1.1081513,0.13471302,0,0.53088782
4717,102,1882,268,1nsm_GLA_B_2400,6,smina,0.50015522,0.73570033,1.1798239,0.20503704,0.052204213,0.80779477
4718,102,9666,1380,4pxd_1AL_B_502,6,smina,0.50923546,0.73557753,1.4120554,0.061522573,0.99686467,1.3423634
4719,102,8329,1189,4h9x_HL4_A_404,6,smina,0.54006966,0.7351287,1.5145797,0.66489393,0,1.2534985
4720,102,11143,1591,5cga_KP6_B_301,6,smina,0.5096822,0.73441754,1.2811288,0.22342415,0,0.98667437
4721,102,3814,544,2d3n_GLC_A_608,6,smina,0.48472912,0.73256588,1.1840736,0.17187236,5.8077887e-07,0.82139278
4722,102,13838,1976,5vl0_BNF_B_404,6,smina,0.52538117,0.73182051,1.9018164,0.29659015,0,0.99510403
4723,102,585,83,1g72_PQQ_C_703,4,gnina,0.87370788,0.73007447,4.8815327,0.64723104,0.99263592,5.6577901
4724,102,6404,914,3ucl_CYH_A_543,6,smina,0.50094964,0.72978672,1.1859273,0.30252931,0.00010864387,0.44438181
4725,102,13159,1879,5nov_93B_A_201,6,smina,0.47551874,0.72857203,1.2324975,0.14636338,0,0.44560302
4726,102,6068,866,3qhd_MSR_A_166,6,smina,0.5114398,0.72591726,1.5319284,0.13459182,0,0.78437588
4727,102,10156,1450,4wbd_CIT_A_602,6,smina,0.52826953,0.72513393,1.6938757,0.63580078,0.97958002,1.7966679
4728,102,16729,2389,6qol_JB5_B_301,6,smina,0.51259381,0.72455005,1.4146239,0.31853887,0,0.78555618
4729,102,2477,353,1t87_CAM_B_2422,6,smina,0.50254668,0.72427075,1.2281443,0.36223337,0,0.55726958
4730,103,1756,250,1mvc_BM6_A_200,6,smina,0.60729669,0.77091006,1.9746528,0.22734419,0,5.6474899
4731,103,12758,1822,5jtt_6MY_A_902,4,gnina,0.79130688,0.74702495,4.2949319,0.4830063,0.99699959,4.0455604
4732,103,11225,1603,5cr1_STL_B_201,4,gnina,0.51726556,0.74450671,1.3219136,0.3449775,2.3943964e-07,2.3355965
4733,103,11907,1701,5fwd_GJV_A_1446,0,surfdock,0.54533553,0.7328541,2.05983,0.41160837,0.97693357,4.1263993
4734,103,12072,1724,5goo_FRU_C_501,4,gnina,0.60110111,0.73159828,2.5557909,0.38034806,4.083696e-07,6.2185475
4735,103,16008,2286,6lit_2OH_A_501,6,smina,0.52897488,0.73127535,1.9377966,0.18649423,0,1.5432496
4736,103,4885,697,2qb4_DSM_A_801,6,smina,0.56030087,0.72721985,2.1499615,0.7224682,0,2.2200166
4737,103,12058,1722,5goo_FRU_A_501,4,gnina,0.59454255,0.72403604,2.5754774,0.45470923,4.2896074e-06,3.5775643
4738,103,1966,280,1o6g_SIN_A_724,6,smina,0.49031884,0.72089354,1.4276196,0.17269744,2.8431668e-08,3.3850285
4739,103,16023,2289,6lql_F0C_A_702,0,surfdock,0.54533553,0.72025787,2.2734175,0.44829544,0.9818878,3.441678
4740,103,16596,2370,6q4b_HHN_A_301,6,smina,0.41218578,0.71098531,0.89366436,0,0.0034727076,0.42090857
4741,103,13647,1949,5uap_82S_A_505,4,gnina,0.51399883,0.70994001,1.9134101,0.018297648,0.043442223,2.449768
4742,103,16629,2375,6q4y_MAN_A_402,4,gnina,0.51704985,0.70993456,1.6804136,0.31764323,0.10381571,2.1804319
4743,103,1896,270,1nux_F6P_A_2339,6,smina,0.52198483,0.70977,2.122545,0.3869724,6.7003181e-06,1.7674498
4744,103,2057,293,1p7c_THM_B_501,6,smina,0.4788117,0.70905894,1.6039915,0.11866866,0,2.7296292
4745,103,5051,721,2qse_1HP_A_1,4,gnina,0.60078962,0.70814901,3.271548,0.17198499,0.98208981,3.0473085
4746,103,16916,2416,6rgr_RM4_A_403,4,gnina,0.50035837,0.70654414,1.8457618,0.043556843,0.23026258,1.6662779
4747,103,16939,2419,6rlt_MLI_B_511,6,smina,0.40226226,0.70638751,0.90218562,0.0071425489,0.63673615,0.6106585
4748,103,17458,2494,6wdv_TWM_A_701,0,surfdock,0.54533553,0.70631892,2.7412403,0.27317986,0.9648928,3.7267135
4749,103,10289,1469,4x36_CHT_A_411,6,smina,0.39782235,0.70631885,0.89366436,0,0,0.55468747
4750,103,9545,1363,4ofu_DHT_A_1001,4,gnina,0.60069353,0.70507458,3.3250673,0.18750346,0.99005079,2.1080136
4751,103,4022,574,2fc0_DGP_A_239,4,gnina,0.51714464,0.70447655,1.7537723,0.36049181,5.0921204e-05,3.6061206
4752,103,16636,2376,6q4y_MAN_B_402,4,gnina,0.51031971,0.70394679,1.6826849,0.30191904,0.046564699,2.3601457
4753,103,16909,2415,6rgr_RM4_A_402,4,gnina,0.51309048,0.70392895,1.9218465,0.11567806,0.70274651,1.582826
4754,103,7634,1090,4cme_KTZ_B_1270,4,gnina,0.59955152,0.70381701,3.2630575,0.26257056,0.98978889,4.6275806
4755,103,7627,1089,4cme_KTZ_A_1270,4,gnina,0.59950799,0.70375407,3.2630575,0.26257056,0.99200478,4.5153803
4756,103,12753,1821,5jp9_DCM_B_401,6,smina,0.57141889,0.70372691,2.7342551,0.66279906,0,2.858663
4757,103,10947,1563,5afy_WCE_H_1248,6,smina,0.41320936,0.70364447,0.94509751,0.072737478,0,0.8216839
4758,103,655,93,1gim_HDA_A_438,4,gnina,0.51726556,0.70324641,1.7416829,0.68479949,0.72330822,1.6614125
4759,103,12403,1771,5igs_GMP_A_403,6,smina,0.48135326,0.70242121,1.4703817,0.41183549,0,2.307206
4760,103,2813,401,1vje_MSE_A_401,6,smina,0.39006106,0.70194877,0.91582423,0.020148106,1.1335214e-06,1.0245533
4761,103,4991,713,2qgw_EES_B_1,0,surfdock,0.54533553,0.70180927,2.7326183,0.38025561,0,3.4282159
4762,103,7648,1092,4cme_KTZ_D_1270,4,gnina,0.58630904,0.70163703,3.2362835,0.2435586,0.95681769,4.4286532
4763,103,3940,562,2euq_BVC_A_401,6,smina,0.39234365,0.70084162,0.92348617,0.042174414,0,0.67615727
4764,103,1833,261,1nmm_NAG_D_527,6,smina,0.47631173,0.70028022,1.6775595,0.17771652,0.98193309,1.5614033
4765,103,2666,380,1u1g_BBB_B_4300,6,smina,0.52156194,0.70025321,2.5760977,0.12579927,0,9.4608439
4766,103,2680,382,1u1g_BBB_D_6300,6,smina,0.52038577,0.70012043,2.5760977,0.12579927,0,9.1159708
4767,103,16422,2346,6ofr_BOG_A_805,0,surfdock,0.54533553,0.69941059,2.7363389,0.42967993,1.6278771e-08,2.9521139
4768,103,17352,2478,6uvj_QJ1_A_205,6,smina,0.48497735,0.69923866,1.5747739,0.3970989,0,1.4857788
4769,103,2398,342,1sep_BIO_A_801,4,gnina,0.51726556,0.69909432,1.9602474,0.5502075,0.82863904,2.036483
4770,103,9821,1403,4rii_TYD_A_401,0,surfdock,0.54533553,0.69672836,2.9184978,0.30760023,0,4.1710492
4771,103,5474,782,2whq_HI6_A_1543,0,surfdock,0.51056771,0.69667747,1.8441448,0.29580072,0.0044690692,2.6967645
4772,103,17667,2523,6zjw_GAL_A_1102,6,smina,0.43315357,0.6966306,1.0437684,0.16143315,0.0039612279,0.85415947
4773,103,12303,1757,5i0d_GLC_A_1124,4,gnina,0.56759071,0.69551198,3.3164337,0.26377004,7.9565379e-06,6.1677719
4774,103,9230,1318,4mig_G3F_B_802,4,gnina,0.62886996,0.69550418,3.5141098,0.27922845,0.47691941,7.5263404
4775,103,16415,2345,6ofr_BOG_A_804,0,surfdock,0.54533553,0.69525917,2.8104603,0.4488405,0,3.1608001
4776,103,12488,1784,5irw_D9P_B_202,0,surfdock,0.54533553,0.69456318,3.0740416,0.20106274,0.92073588,3.5065143
4777,103,16408,2344,6ofr_BOG_A_803,0,surfdock,0.54533553,0.69440393,2.8237493,0.45497626,0,3.1727597
4778,103,5634,804,2xul_AKG_C_201,6,smina,0.39872376,0.69408794,0.97642881,0.11704657,1.8312659e-06,1.263373
4779,103,16433,2347,6oha_XAN_A_501,4,gnina,0.51710046,0.69401444,2.1359835,0.17472133,0,1.8827391
4780,104,16911,2415,6rgr_RM4_A_402,6,smina,0.48057088,0.72973159,1.18077,0.23514704,0.1183336,0.64634927
4781,104,9944,1420,4tyv_BGC_B_701,4,gnina,0.51439992,0.72276843,1.3396521,0.43335974,0.0079766368,2.5212614
4782,104,1481,211,1kwu_MMA_B_601,4,gnina,0.51348628,0.71499634,1.8181686,0.054828394,0.93648164,1.8807873
4783,104,1488,212,1kwu_MMA_C_701,4,gnina,0.51344416,0.71492562,1.8181686,0.054828394,0.88839844,1.9116484
4784,104,2400,342,1sep_BIO_A_801,6,smina,0.54345762,0.71490172,2.0700083,0.4139387,1.534551e-08,1.600964
4785,104,17112,2444,6t07_M45_B_601,4,gnina,0.51467749,0.71273263,1.7831855,0.21686944,0.00017573677,2.1462824
4786,104,15483,2211,6hgl_TES_A_401,6,smina,0.4833543,0.7118423,1.3811127,0.37179396,0,0.96720565
4787,104,8852,1264,4jh6_FCN_B_202,4,gnina,0.51469358,0.71003282,2.2175884,0.097394101,0.95369612,1.3581118
4788,104,4507,643,2jig_PD2_A_1254,6,smina,0.39136171,0.70906592,0.94078559,0.070458487,0,1.0190994
4789,104,4843,691,2q1a_2KT_X_295,6,smina,0.388038,0.70699338,0.9687385,0.057408538,0.86930508,0.59924946
4790,104,8740,1248,4iph_1FJ_A_202,4,gnina,0.55830353,0.70553929,3.18242,0.13494506,0.0052194573,2.9709883
4791,104,8376,1196,4hez_1MZ_A_306,4,gnina,0.50181723,0.70486221,1.7496523,0.19699138,1.0054297e-06,1.3454882
4792,104,657,93,1gim_HDA_A_438,6,smina,0.49742807,0.70414687,1.4200798,0.52022511,0.010349419,0.78473519
4793,104,459,65,1fk1_DAO_A_201,4,gnina,0.58694126,0.70387679,2.367461,1.0425847,0.0027017322,3.2541763
4794,104,6881,983,3wur_O4B_B_202,0,surfdock,0.65484641,0.70375983,2.7991631,0.80797654,0.63647398,2.9475527
4795,104,8119,1159,4ekr_0R0_A_202,6,smina,0.38717517,0.70125919,0.98079211,0.13450125,0.98582054,1.0475558
4796,104,13339,1905,5r28_RDJ_A_401,4,gnina,0.60225384,0.7004424,3.4190311,0.16270728,5.437714e-05,2.3809201
4797,104,10983,1569,5av4_GEN_A_400,0,surfdock,0.54474651,0.69998613,2.4740512,0.61882222,1.1952507e-06,3.3302101
4798,104,2804,400,1v5y_4HC_B_1201,4,gnina,0.51454629,0.69902212,1.869615,0.3605251,4.1809602e-06,1.748019
4799,104,8432,1204,4hrq_AZG_A_201,4,gnina,0.51383437,0.69794754,1.8522879,0.36109206,0.037300879,1.5904357
4800,104,14879,2125,6c1x_DNX_A_203,4,gnina,0.51469358,0.69726114,2.4919748,0.079680905,0.97625687,1.9418892
4801,104,13696,1956,5uio_8DM_D_202,4,gnina,0.51469358,0.69613296,1.8500814,0.74492985,0.98803698,3.8281344
4802,104,1292,184,1jtk_THU_A_138,4,gnina,0.51469358,0.69603169,2.3875713,0.20954151,0.97278509,2.6432747
4803,104,14770,2110,6ba2_7KM_A_809,0,surfdock,0.54474651,0.69451282,2.7857702,0.4292734,0.99141067,4.2318875
4804,104,10350,1478,4xpq_FUL_A_1004,4,gnina,0.51431414,0.69429467,2.2495725,0.053750109,0.00046264559,1.968597
4805,104,4311,615,2ht8_G39_A_800,6,smina,0.47970364,0.69391296,1.5371909,0.50802648,0.0002985737,3.5182311
4806,104,3919,559,2ef9_PEP_A_1268,6,smina,0.40104613,0.69324993,1.1211694,0.16801861,0.9153514,0.95702924
4807,104,8796,1256,4j4b_0TF_B_301,4,gnina,0.59867964,0.69316225,3.4849946,0.23548618,0.94029711,4.7200186
4808,105,8854,1264,4jh6_FCN_B_202,6,smina,0.57792052,0.80321697,1.4680543,0.055864722,0,0.62644235
4809,105,1483,211,1kwu_MMA_B_601,6,smina,0.56858007,0.79940554,1.1751369,0.39295298,0.029012238,0.99409237
4810,105,1490,212,1kwu_MMA_C_701,6,smina,0.54873524,0.7961394,1.1751369,0.39295298,0.024385922,0.99732339
4811,105,14881,2125,6c1x_DNX_A_203,6,smina,0.5872042,0.78764383,1.3437358,0.44097403,0,1.0194681
4812,105,1294,184,1jtk_THU_A_138,6,smina,0.58577526,0.75792557,1.6868621,0.6081264,0.97610867,1.5691375
4813,105,7077,1011,4a7a_RGZ_A_601,0,surfdock,0.5446167,0.73617095,1.9060568,0.43851542,0.99485876,3.6948041
4814,105,7084,1012,4a7a_RGZ_B_601,0,surfdock,0.5446167,0.73617095,1.9060568,0.43851542,0.98458192,3.7679005
4815,105,13698,1956,5uio_8DM_D_202,6,smina,0.59205356,0.7347054,2.2147415,0.55152118,0,2.0480814
4816,105,12933,1847,5lik_W8X_X_402,4,gnina,0.60194339,0.73071103,2.7746344,0.13230725,1.8965233e-05,4.01842
4817,105,10409,1487,4y14_C0A_A_407,0,surfdock,0.5446167,0.72416808,2.1821406,0.39550179,0.96805373,3.7273408
4818,105,10416,1488,4y14_C0A_B_404,0,surfdock,0.5446167,0.72200465,2.2183664,0.40252665,0.97211292,3.7984939
4819,105,16027,2289,6lql_F0C_A_702,4,gnina,0.60060128,0.71938653,2.5651581,0.56549776,4.1876293e-07,4.0365027
4820,105,11008,1572,5b4o_6DQ_B_201,4,gnina,0.57480459,0.7186035,2.8184993,0.23122738,0.91596001,2.8875444
4821,105,7175,1025,4ajj_88S_B_1332,0,surfdock,0.5446167,0.71183624,2.6020877,0.22739831,0.99295854,3.3437698
4822,105,7182,1026,4ajj_88S_C_1334,0,surfdock,0.5446167,0.71183624,2.6020877,0.22739831,0.99264221,3.1753445
4823,105,7189,1027,4ajj_88S_D_1332,0,surfdock,0.5446167,0.71183624,2.6020877,0.22739831,0.96835044,3.4454768
4824,105,391,55,1e8g_FCR_B_601,6,smina,0.39294499,0.71112145,0.90524119,0.016980138,0,1.4793713
4825,105,8952,1278,4kp7_1UQ_B_502,6,smina,0.56188367,0.71037271,2.5427206,0.67029077,0,2.8396667
4826,105,17651,2521,6zi7_RAM_D_503,4,gnina,0.55595684,0.70876717,2.4778471,0.74928319,0.073458542,6.5655652
4827,105,6614,944,3vqe_FMQ_A_1006,6,smina,0.45842387,0.70783914,1.0441505,0.1185227,0,1.5744252
4828,105,11129,1589,5cak_4Z9_A_802,6,smina,0.43532394,0.70586264,1.0202857,0.11571699,0.81595932,1.4228338
4829,105,536,76,1fuy_FIP_A_269,4,gnina,0.51621035,0.70482286,2.1798496,0.22192693,0.82269911,3.7363464
4830,105,4423,631,2izf_BTN_D_301,6,smina,0.47682373,0.70335231,1.5363189,0.33254582,0,2.4296025
4831,105,9363,1337,4n4j_HG1_A_608,4,gnina,0.51609259,0.7030639,1.9298716,0.21711937,0,1.8195928
4832,105,6600,942,3vq5_MMJ_A_1007,6,smina,0.43259294,0.70256267,1.0518225,0.13101831,0.00092565632,1.6636025
4833,105,16541,2363,6png_OSG_A_803,0,surfdock,0.5446167,0.70156005,2.8705337,0.17903727,0.21349137,3.5545441
4834,105,1166,166,1j0n_CEG_A_780,4,gnina,0.51621035,0.70125133,2.4034345,0.070135891,8.1131681e-06,2.4557456
4835,105,9356,1336,4n4j_HG1_A_607,4,gnina,0.51621035,0.70098778,2.1276319,0.14460084,3.2952515e-05,2.7376944
4836,105,700,100,1gz5_G6P_A_901,0,surfdock,0.54449158,0.70073065,2.5718889,0.20468584,0.70041485,3.2760552
4837,105,13943,1991,5vys_1YJ_B_301,6,smina,0.45957382,0.70001114,1.1527854,0.14390466,0.98250282,0.74199178
4838,105,17756,2536,7est_0Z2_E_1,4,gnina,0.59701318,0.69976834,3.2138433,0.33433136,0.93689354,7.2120064
4839,105,6,0,19gs_BSP_B_210,6,smina,0.40813628,0.6997035,1.0489494,0.12785494,2.9078849e-06,0.67157019
4840,105,4176,596,2g5v_22M_A_301,4,gnina,0.51621035,0.69888655,1.9931282,0.52858573,0.91245337,2.462844
4841,105,956,136,1h8p_PC_A_1110,4,gnina,0.51621035,0.6988246,2.4375792,0.085402913,0.98762949,1.9626369
4842,105,7168,1024,4ajj_88S_A_1332,0,surfdock,0.54315758,0.69627529,2.6158609,0.24158023,0.97726652,3.4788457
4843,105,14354,2050,5yb7_ORN_A_603,4,gnina,0.59997477,0.69597706,3.3880608,0.27035129,0.0002232725,8.0371215
4844,105,17311,2473,6u6c_PZV_F_802,0,surfdock,0.5446167,0.69561797,2.743418,0.43788823,0.82493413,4.0728295
4845,105,14389,2055,5yb7_ORN_D_603,4,gnina,0.59908892,0.69547496,3.3880608,0.27035129,0.30046943,8.3436733
4846,105,14585,2083,5zpt_HY1_A_702,4,gnina,0.51579812,0.69533503,2.2449248,0.031662021,0.5505773,2.7815153
4847,105,16722,2388,6qol_JB5_A_301,6,smina,0.39307264,0.6948131,1.011654,0.18172289,0,0.76447415
4848,105,10569,1509,4zbc_FRU_A_409,6,smina,0.3820028,0.69460439,1.0029727,0.11382032,6.6816229e-06,1.3250788
4849,105,11410,1630,5dw3_TRP_C_402,0,surfdock,0.5446167,0.69286461,3.0532677,0.19023305,0,3.3197525
4850,105,10709,1529,4zu3_4SD_B_301,6,smina,0.45077238,0.6922945,1.3655595,0.047269028,0.92738975,0.99572944
4851,105,914,130,1h5r_THM_B_1292,4,gnina,0.59136321,0.69155532,3.4850788,0.22523573,3.9230732e-05,4.4224118
4852,105,9097,1299,4l91_X29_A_301,4,gnina,0.56870904,0.69106099,3.1996067,0.46532261,0.97637226,2.9611319
4853,105,15645,2235,6ix8_B3O_A_408,0,surfdock,0.5446167,0.69097175,3.1275518,0.15913777,0,3.8416893
4854,105,9898,1414,4tq4_DMA_C_403,0,surfdock,0.5446167,0.69093189,2.9814622,0.30614027,0.95790485,3.1383623
4855,105,9905,1415,4tq4_DMA_D_403,0,surfdock,0.5446167,0.69001998,2.9987814,0.30975848,0.9842704,3.1070621
4856,105,13677,1953,5uda_CAE_A_502,6,smina,0.41344175,0.68990476,1.1193182,0.24021432,0,0.48520498
4857,105,5499,785,2wj4_HQD_D_1278,4,gnina,0.5158514,0.6898826,2.2867928,0.10214714,0.99412005,2.7759294
4858,106,5501,785,2wj4_HQD_D_1278,6,smina,0.61411507,0.77801725,1.6667207,0.38876492,0.99431803,1.1244735
4859,106,958,136,1h8p_PC_A_1110,6,smina,0.61175687,0.74011762,1.9004583,0.85434318,0,1.2094074
4860,106,1075,153,1iki_REY_A_400,4,gnina,0.56828338,0.73985359,2.52897,0.05793466,0.81633863,5.7832692
4861,106,2072,296,1p7l_PPK_C_684,0,surfdock,0.5459156,0.73194646,2.0139055,0.43705153,0.98636298,2.961343
4862,106,2079,297,1p7l_PPK_D_884,0,surfdock,0.5459156,0.73194646,2.0139055,0.43705153,0.0071423959,2.9455863
4863,106,4178,596,2g5v_22M_A_301,6,smina,0.5770419,0.7303871,2.0418727,0.74776489,0,1.7420287
4864,106,538,76,1fuy_FIP_A_269,6,smina,0.53567591,0.72912633,1.8712982,0.31720331,0,2.3003838
4865,106,7763,1109,4d06_X8W_B_301,0,surfdock,0.5459156,0.72143549,2.524009,0.13434222,0.99502186,3.1881013
4866,106,17044,2434,6sjs_THH_B_901,6,smina,0.38030317,0.72033375,0.88163924,0,0,0.91424076
4867,106,12375,1767,5iav_MLI_A_302,6,smina,0.37434307,0.71689831,0.89907712,0.024660908,5.400759e-05,0.90055451
4868,106,11298,1614,5di7_5CQ_B_601,0,surfdock,0.5459156,0.71493274,2.6149852,0.17627864,0.98966724,3.6158434
4869,106,88,12,1aiq_UMP_A_265,4,gnina,0.60072884,0.71405672,2.9476652,0.26948187,0.90941846,3.4344387
4870,106,7872,1124,4dch_4DC_A_502,4,gnina,0.59665019,0.71042586,2.9425724,0.33047244,0.74005399,5.2030361
4871,106,10665,1523,4zqp_IMP_A_601,4,gnina,0.60535539,0.70873306,3.0161285,0.36530837,0.91449427,3.7672996
4872,106,14587,2083,5zpt_HY1_A_702,6,smina,0.41107591,0.70652796,1.0547154,0.12870778,0,0.98256514
4873,106,7336,1048,4bu7_25F_A_2165,0,surfdock,0.5459156,0.70488668,2.2893569,0.71451712,0.99542246,3.3200582
4874,106,496,70,1fqo_F6R_B_2268,6,smina,0.43640044,0.70449623,1.0845042,0.15229721,0.034743563,2.409616
4875,106,1362,194,1kar_HSM_A_502,4,gnina,0.54876792,0.7038746,3.0646532,0.24831423,0.30388834,2.1414879
4876,106,9162,1308,4lz3_BTM_A_409,6,smina,0.45055549,0.70317819,1.2358851,0.03536614,0,1.4009039
4877,106,5485,783,2wj4_HQD_A_1281,4,gnina,0.51606273,0.70313855,1.872599,0.53498977,0.98940949,3.2142797
4878,106,12886,1840,5l7u_NGA_B_601,6,smina,0.48540345,0.70264226,1.6113296,0.28769162,5.6208175e-05,1.3770132
4879,106,7343,1049,4bu7_25F_C_2165,0,surfdock,0.5459156,0.70252392,2.2940905,0.76111853,0.99673568,3.2144172
4880,106,9891,1413,4tq4_DMA_B_403,0,surfdock,0.5459156,0.70178957,2.9831448,0.088123761,0,3.0358262
4881,106,1616,230,1luq_BTN_A_5100,6,smina,0.48825804,0.70114594,1.8437546,0.11087936,0,2.392937
4882,106,14165,2023,5xdt_MB3_A_404,4,gnina,0.48969342,0.70064098,1.7719969,0.21733224,2.3614621e-05,1.5086745
4883,106,7622,1088,4clr_FDB_D_1270,6,smina,0.48647018,0.70044944,1.5083116,0.44613245,0,0.71031515
4884,106,1623,231,1luq_BTN_B_5200,6,smina,0.48565746,0.70030702,1.8286572,0.1152052,0,3.2187792
4885,106,6418,916,3uu7_2OH_B_1,6,smina,0.48570072,0.69952624,1.5280247,0.43447068,0,1.511677
4886,106,9440,1348,4ni1_2JX_A_204,4,gnina,0.51606273,0.69947827,2.253185,0.22809285,0.029865494,1.8601706
4887,106,4416,630,2izf_BTN_B_300,6,smina,0.48925267,0.69686265,1.9174228,0.13968687,0,2.279233
4888,106,6860,980,3wur_O4B_A_201,0,surfdock,0.52079411,0.69676442,2.5623853,0.22178024,0,1.751724
4889,106,5900,842,2zi2_24U_H_801,6,smina,0.49418845,0.69675559,1.8165296,0.27355883,0,4.2449299
4890,106,5555,793,2x6o_2TC_A_1209,4,gnina,0.54883988,0.69671821,3.1999743,0.28705099,4.399401e-07,5.3383199
4891,106,5053,721,2qse_1HP_A_1,6,smina,0.48480215,0.69667234,1.5209537,0.48483226,0,2.3894522
4892,106,6888,984,3wur_O4B_B_204,0,surfdock,0.51756714,0.69623173,2.5623853,0.22178024,0.61499371,5.0012376
4893,106,6040,862,3qfx_CP6_A_602,6,smina,0.48807159,0.69604708,1.6946691,0.35522425,0,1.6859594
4894,106,5718,816,2ye5_2A7_A_1224,6,smina,0.41316823,0.69572017,1.0927327,0.2747893,0.0071464511,0.70677945
4895,106,10457,1493,4ysx_MLI_E_701,6,smina,0.4867387,0.69552827,1.7004286,0.34865129,0.10787287,0.83398846
4896,106,4080,582,2fr6_CTN_A_1001,6,smina,0.49215622,0.69512945,1.8545164,0.25886551,0,2.6647211
4897,106,6047,863,3qfx_CP6_B_702,6,smina,0.48846905,0.69510033,1.7278675,0.34693152,0,1.5815582
4898,106,12037,1719,5g6i_M85_A_904,4,gnina,0.59460566,0.69492596,3.3703072,0.24357606,4.55622e-06,3.7174605
4899,106,4087,583,2fr6_CTN_C_1003,6,smina,0.49118518,0.69480611,1.8592809,0.25089696,0,2.669621
4900,106,9729,1389,4qbz_D80_B_901,6,smina,0.48898868,0.69456277,1.6481919,0.44912189,0.21661766,1.828915
4901,106,4094,584,2fr6_CTN_D_1004,6,smina,0.49034181,0.69452673,1.8592809,0.25089696,0,2.6765682
4902,106,847,121,1h48_CDI_C_902,0,surfdock,0.5459156,0.69443321,2.7146409,0.52033675,0.89463906,3.0871488
4903,106,833,119,1h48_CDI_A_201,0,surfdock,0.5459156,0.69430356,2.712676,0.52523339,0,3.1579558
4904,106,861,123,1h48_CDI_E_902,0,surfdock,0.5459156,0.69372065,2.703088,0.54802334,0.96100581,2.9929156
4905,106,3765,537,2coj_GBN_B_420,6,smina,0.47007428,0.69349993,1.2477322,0.21339685,0.0017205918,1.2543886
4906,106,11925,1703,5fwe_OGA_B_1359,4,gnina,0.51606273,0.69333008,2.5489185,0.058770519,0,3.2212425
4907,106,15078,2154,6ezf_C6Z_A_1003,0,surfdock,0.51612946,0.69296149,2.2015097,0.63409579,0.99549646,3.1078533
4908,107,5487,783,2wj4_HQD_A_1281,6,smina,0.58155623,0.75070228,1.6933473,0.69547212,0.98978407,1.1730227
4909,107,9510,1358,4nv0_MG7_B_402,4,gnina,0.5550033,0.73133249,2.4776099,0.24922286,0.53074633,4.565971
4910,107,14224,2032,5xmq_PLG_C_501,0,surfdock,0.54662524,0.72836657,2.025039,0.45934442,0.99155092,3.5081732
4911,107,14210,2030,5xmq_PLG_A_501,0,surfdock,0.54662524,0.7266346,2.1572027,0.36105257,0,3.6743093
4912,107,14217,2031,5xmq_PLG_B_501,0,surfdock,0.54662524,0.7261089,2.1778972,0.35068592,2.7062575e-05,3.4261503
4913,107,11451,1635,5dzh_5KG_B_901,6,smina,0.52453558,0.72090932,2.2274787,0.095653392,0,3.2905302
4914,107,2519,359,1thc_FL9_A_131,6,smina,0.40451418,0.7205437,0.89444607,0.018253069,7.6225485e-07,0.55800475
4915,107,2533,361,1thc_FL9_B_131,6,smina,0.40457714,0.72028514,0.89658087,0.021271992,1.2601285e-09,0.79699283
4916,107,16967,2423,6s23_KSW_B_402,6,smina,0.392174,0.71859964,0.89352894,0.016956015,0,0.44735647
4917,107,7179,1025,4ajj_88S_B_1332,4,gnina,0.60556604,0.71859918,2.890168,0.267373,0.035706876,4.218517
4918,107,7186,1026,4ajj_88S_C_1334,4,gnina,0.60544475,0.71853396,2.890168,0.267373,0,4.4383174
4919,107,1476,210,1kwc_BPY_B_401,6,smina,0.38164792,0.71839615,0.88153917,5.9604645e-08,8.2689359e-05,1.2696285
4920,107,12207,1743,5hc0_NPO_A_402,6,smina,0.37651694,0.71513882,0.88153917,5.9604645e-08,0,0.61542171
4921,107,7193,1027,4ajj_88S_D_1332,4,gnina,0.59613198,0.71488195,2.890168,0.267373,0.0089882123,4.5766282
4922,107,965,137,1h8p_PC_A_1111,6,smina,0.37062708,0.7134326,0.88153917,5.9604645e-08,0,1.028639
4923,107,7172,1024,4ajj_88S_A_1332,4,gnina,0.59760507,0.71304744,2.9156754,0.28902379,0.91896708,6.4849692
4924,107,7074,1010,4a78_JZ3_A_1296,4,gnina,0.49734496,0.70989685,1.6305016,0.22279896,0.19416268,1.6259077
4925,107,10226,1460,4ws6_WBU_A_301,6,smina,0.39635445,0.70889735,0.98945475,0.084239699,0,0.67056763
4926,107,5478,782,2whq_HI6_A_1543,4,gnina,0.55484991,0.70800984,2.6948869,0.51911992,0.00020978055,3.0329267
4927,107,8399,1199,4hgg_SYN_B_502,6,smina,0.36983867,0.70721286,0.91821939,0.051873665,5.6953334e-07,0.68021619
4928,107,7441,1063,4c67_L5S_A_1170,0,surfdock,0.54662524,0.70674113,2.2294567,0.69587439,0,3.2432911
4929,107,17702,2528,7bp1_CAQ_D_401,6,smina,0.3827128,0.70577205,1.0620185,0.027652433,0.99569098,0.63468186
4930,107,6383,911,3u3o_3QV_A_297,6,smina,0.40770939,0.70555169,1.0410435,0.11884813,0,1.0096654
4931,107,1586,226,1lro_PEP_B_2268,4,gnina,0.51471684,0.70435544,2.0433223,0.075828306,0.22775219,1.8763821
4932,107,11064,1580,5bwr_4VT_A_402,4,gnina,0.51497349,0.70349565,2.2960064,0.13955554,1.7144744e-08,3.5663891
4933,107,13486,1926,5tdt_MBN_A_502,4,gnina,0.51497349,0.70136165,2.16553,0.31298557,0.11663416,19.554269
4934,107,3380,482,227l_BNZ_A_169,6,smina,0.38161734,0.70129539,0.99284154,0.15740533,0,0.32164495
4935,107,13066,1866,5mxh_GAL_A_402,4,gnina,0.50697459,0.7012894,1.7245167,0.35804471,0.98743605,1.9609062
4936,107,13059,1865,5mxh_GAL_A_401,4,gnina,0.50667138,0.70107864,1.7245167,0.35804471,0.9886336,1.666507
4937,107,2860,408,1w1a_NDG_1_1261,4,gnina,0.51497349,0.70096447,2.403487,0.08306627,0.0012541785,2.3474687
4938,107,9582,1368,4p5y_NGA_A_201,6,smina,0.41297669,0.70044836,1.1049657,0.15819903,0.93758387,1.6269399
4939,107,1159,165,1ixo_G3P_D_1004,4,gnina,0.51497349,0.69820731,2.4297059,0.11302461,0.015634324,2.3641862
4940,107,11010,1572,5b4o_6DQ_B_201,6,smina,0.43017107,0.69752675,1.1464816,0.20285533,0,1.5765993
4941,107,1630,232,1lzz_IHG_B_1830,6,smina,0.4146288,0.69706737,1.2552031,0.070178755,0.0020482913,0.67060711
4942,107,9594,1370,4p7q_NAG_A_704,4,gnina,0.514319,0.69667234,2.0839159,0.17016016,1.6376658e-05,2.2576863
4943,107,11386,1626,5dnx_5LD_B_205,4,gnina,0.51497349,0.69659883,2.427748,0.14806281,0.3184792,3.6957106
4944,107,6376,910,3u3o_3QV_A_296,6,smina,0.40886035,0.69647971,1.2043623,0.11450463,0,0.97101127
4945,107,11766,1680,5fe4_5WY_A_903,6,smina,0.38506542,0.69601111,1.0391778,0.22293441,0,0.93100747
4946,107,14910,2130,6cgc_F0A_B_402,0,surfdock,0.54662524,0.69512555,2.8137443,0.36559916,0.96937185,4.819187
4947,107,14158,2022,5x86_TMP_B_207,4,gnina,0.60405713,0.69477101,3.5460863,0.1339509,0.98594595,4.1345109
4948,107,11773,1681,5fe4_5WY_B_904,6,smina,0.38164048,0.69466109,1.0391778,0.22293441,0,0.89251122
4949,107,4256,608,2gzm_DGL_A_501,0,surfdock,0.54662524,0.69427754,2.7757957,0.42259377,0.9912032,2.9393125
4950,107,4270,610,2gzm_DGL_C_503,0,surfdock,0.54662524,0.69404523,2.792577,0.41104349,0,2.6148527
4951,107,8551,1221,4i4v_NGA_A_201,4,gnina,0.51497349,0.69385755,2.5226524,0.11006825,0.9838492,3.183956
4952,107,1035,147,1i8a_BGC_A_189,6,smina,0.37048241,0.6937604,1.0113778,0.18361942,0.046825916,0.78134617
4953,107,5135,733,2r4t_250_A_503,4,gnina,0.51497348,0.69365621,2.1457911,0.2754426,1.9627898e-07,2.9956889
4954,107,4263,609,2gzm_DGL_B_502,0,surfdock,0.54662524,0.6936297,2.8222454,0.39074212,0,2.5897945
4955,107,15019,2145,6e2w_DP6_A_403,4,gnina,0.60306745,0.69325171,3.4565537,0.25230452,0.96630616,3.3580928
4956,107,4388,626,2isf_PAC_A_317,6,smina,0.37790822,0.69232396,1.0418991,0.2267831,0.0012103723,0.78140332
4957,107,5121,731,2r3d_ACM_A_303,4,gnina,0.50224126,0.69228427,1.9756392,0.23001902,0.9937472,1.3016927
4958,108,9512,1358,4nv0_MG7_B_402,6,smina,0.69303129,0.88003673,1.2825532,0.29685074,0,3.9821452
4959,108,13061,1865,5mxh_GAL_A_401,6,smina,0.55556539,0.8306387,0.9203856,0.077233508,0.98364106,0.7463849
4960,108,13068,1866,5mxh_GAL_A_402,6,smina,0.55544694,0.83048483,0.9203856,0.077233508,0.96641087,0.98548801
4961,108,1364,194,1kar_HSM_A_502,6,smina,0.61521653,0.80632918,1.4558553,0.045222405,0.0042349464,0.79073427
4962,108,11598,1656,5eo8_TFU_A_402,6,smina,0.54660915,0.80500511,0.89717287,0.0384336,0.97902047,0.84152608
4963,108,8112,1158,4ek1_CAM_B_502,6,smina,0.53936122,0.80203361,0.89754862,0.044937138,0,0.6672469
4964,108,9883,1411,4rql_SNE_B_502,6,smina,0.64600998,0.79914883,1.3679773,0.44030619,0,0.6109382
4965,108,13005,1857,5m62_BGC_A_409,6,smina,0.52885683,0.79891539,0.89680213,0.043881416,0.01039744,0.76543478
4966,108,2106,300,1pke_2FD_A_446,6,smina,0.63060721,0.79855674,1.5760645,0.16368696,0.99626836,2.6827104
4967,108,2113,301,1pke_2FD_B_447,6,smina,0.63060721,0.79855674,1.5760645,0.16368696,0.1553345,2.7592175
4968,108,2547,363,1tkh_DPN_A_913,6,smina,0.53787379,0.79661342,0.9276976,0.087574206,0.0077869709,1.9334245
4969,108,2120,302,1pke_2FD_C_448,6,smina,0.63060721,0.79357089,1.6980089,0.12199998,3.5142707e-06,2.3794604
4970,108,440,62,1eyw_TEN_A_403,6,smina,0.62747131,0.7911552,1.2647558,0.48064202,0.53925373,1.1978176
4971,108,14538,2076,5z9p_AX7_A_301,6,smina,0.60522034,0.79112734,1.498354,0.20911841,0,0.64855242
4972,108,8553,1221,4i4v_NGA_A_201,6,smina,0.56446448,0.79049005,1.4898833,0.10628666,0.98213771,1.2492217
4973,108,5235,747,2uyv_TLA_B_1275,6,smina,0.53437656,0.78798575,0.98047996,0.12682132,0.15769175,1.0469099
4974,108,5228,746,2uyv_TLA_A_1277,6,smina,0.52836855,0.78710339,0.98086387,0.12152994,1.4692507e-05,0.94638599
4975,108,5249,749,2uyv_TLA_D_1275,6,smina,0.52776864,0.78653556,0.98073292,0.12327094,0.79043126,0.97719177
4976,108,1714,244,1mmy_G6D_A_348,6,smina,0.52889298,0.78464448,1.0189033,0.12727889,0.0026153768,0.59315169
4977,108,1721,245,1mmy_G6D_B_348,6,smina,0.52831837,0.78356088,1.0229746,0.13022573,0.0034278876,0.68694007
4978,108,16876,2410,6rgg_K3Q_A_401,6,smina,0.53207605,0.78295467,1.0855536,0.092313744,0.028854947,1.1505125
4979,108,741,105,1h18_DTL_A_9009,6,smina,0.55825622,0.78089622,1.3640236,0.37774545,4.641402e-08,0.87338772
4980,108,8357,1193,4hey_4MZ_A_308,6,smina,0.54516254,0.78037161,1.1285692,0.1433191,5.9772251e-08,0.36657153
4981,108,10597,1513,4zbc_GLC_A_408,6,smina,0.52868374,0.78013237,1.0077931,0.20084633,0.00031172023,0.87204468
4982,108,16897,2413,6rgg_K3Q_B_401,6,smina,0.53247997,0.7800112,1.1125771,0.11144906,0.020266255,1.1207159
4983,108,342,48,1duc_DUD_A_201,6,smina,0.63023686,0.77860166,1.8287474,0.2251886,0,4.5561038
4984,108,6481,925,3vbn_TYD_A_301,6,smina,0.70260486,0.77756484,2.9677343,0.40575099,0,6.6903077
4985,108,16883,2411,6rgg_K3Q_A_402,6,smina,0.527642,0.77741828,1.1207763,0.11730828,0.0021321993,1.1777439
4986,109,2104,300,1pke_2FD_A_446,4,gnina,1.0047205,0.77593481,4.3157525,0.1644356,0.049715168,3.0784113
4987,109,5123,731,2r3d_ACM_A_303,6,smina,0.49177643,0.74373764,0.99813348,0.20937859,0.99373575,0.42243411
4988,109,11253,1607,5d9w_ASC_A_301,4,gnina,0.51711436,0.73571007,1.5153862,0.45899633,0.47769333,1.5866502
4989,109,14088,2012,5x2m_GLN_A_951,4,gnina,0.6194592,0.73170354,2.5292847,0.33506671,0.68679809,8.7067265
4990,109,14095,2013,5x2m_GLN_D_951,4,gnina,0.55977003,0.71686995,2.5988898,0.3618679,0,8.607527
4991,109,7613,1087,4clr_FDB_C_1270,4,gnina,0.50285875,0.71599544,1.6790662,0.080706082,0.94024436,2.3911399
4992,109,378,54,1e7h_PLM_A_1001,0,surfdock,0.54655623,0.71501496,2.1238077,0.59001088,0.96268238,2.935885
4993,109,7606,1086,4clr_FDB_A_1270,4,gnina,0.50361726,0.71461617,1.7057195,0.081385881,0.96986567,3.6196229
4994,109,13572,1938,5tzr_MLI_A_2403,6,smina,0.37157583,0.7144975,0.85008049,0,4.9461216e-06,0.63128084
4995,109,14580,2082,5zi4_OAA_A_401,6,smina,0.38333923,0.71365609,0.86941534,0.02734364,1.5186214e-05,0.88053217
4996,109,300,42,1diw_GAL_A_1400,6,smina,0.41901473,0.71175035,0.9246096,0.10540005,0.00096965744,0.8265303
4997,109,10462,1494,4yu7_DHC_A_203,4,gnina,0.52740447,0.71107097,2.3600261,0.12197935,0.0042653599,2.1584455
4998,109,3647,521,2bxh_IOS_B_1002,0,surfdock,0.54655623,0.70604733,2.4524195,0.44945151,0.00019830868,2.7457917
4999,109,16825,2403,6r6i_H50_B_201,4,gnina,0.51897861,0.70588292,1.9292234,0.61893767,0.15044841,3.1906343
5000,109,11220,1602,5cpp_ADO_A_422,6,smina,0.40622955,0.70389123,1.0889292,0.042207792,0,0.54984823
5001,109,13040,1862,5mdh_MAK_A_335,6,smina,0.36730477,0.70279338,0.85008049,0,0.50891523,0.68769853
5002,109,3499,499,2as1_TP5_A_500,6,smina,0.39550114,0.70201863,0.96733093,0.16581722,0,0.85793296
5003,109,14326,2046,5y8p_3OH_B_301,4,gnina,0.48416682,0.7018324,1.5964365,0.3038218,0.00034065989,1.8173199
5004,109,3640,520,2bxh_IOS_A_1002,0,surfdock,0.54655623,0.70149453,2.5323598,0.46775487,0.21960481,2.7667199
5005,109,16146,2306,6mry_FLC_C_102,4,gnina,0.52198993,0.6986622,2.3556631,0.35608482,0.96441395,2.3356227
5006,109,10245,1463,4wxb_CIT_B_501,4,gnina,0.57695304,0.69838734,3.0372632,0.3765198,0,5.2043334
5007,109,189,27,1c9c_PP3_A_413,0,surfdock,0.54655623,0.69666807,3.0314972,0.074878149,0,4.2114545
5008,109,3588,512,2bgc_DTT_F_1238,4,gnina,0.53808315,0.69638173,2.4471433,0.36437982,0.84692595,5.2638659
5009,109,9538,1362,4ocu_NDG_A_401,4,gnina,0.51394664,0.69538868,1.9579617,0.59427047,3.9679713e-05,2.5882696
5010,109,2764,394,1uxi_FUM_A_1311,6,smina,0.36730477,0.69531654,0.93995219,0.028885923,0,0.79352868
5011,109,10716,1530,4zu3_4SD_B_302,6,smina,0.44272782,0.69427719,1.3609114,0.029161762,0.71791004,1.2696684
5012,109,529,75,1fuq_CIT_A_1001,4,gnina,0.50829024,0.69320728,2.1148503,0.10313185,1.6959119e-05,3.63351
5013,109,480,68,1fp2_HMO_A_2000,4,gnina,0.51394664,0.69230452,2.468626,0.147853,3.7590801e-09,2.840696
5014,109,2981,425,1x8x_TYR_A_952,6,smina,0.37771491,0.69229425,1.0878891,0.13549414,2.1509289e-06,1.4547262
5015,109,2727,389,1ubs_SER_B_398,4,gnina,0.59778546,0.69170897,3.3297822,0.29495457,0.84783539,5.2591741
5016,109,12492,1784,5irw_D9P_B_202,4,gnina,0.58116974,0.6902728,3.3909633,0.21943028,0.98274255,3.6585534
5017,109,12793,1827,5kcp_PFB_A_378,4,gnina,0.51394664,0.68971228,2.5398276,0.13131702,0.96436567,2.8168902
5018,109,11437,1633,5dz2_212_B_404,6,smina,0.45535875,0.68933903,1.2776179,0.23336466,0,1.8974159
5019,109,9764,1394,4qxc_OGA_C_600,6,smina,0.42081539,0.68920271,1.3195506,0.091597922,0.00060091925,0.94164942
5020,109,7209,1029,4ajj_MLI_D_1333,6,smina,0.36730477,0.68917656,0.94087011,0.12839587,0.95990453,0.65268193
5021,109,3947,563,2evd_D10_A_304,6,smina,0.38134132,0.68902213,1.0326567,0.25820166,0,1.006139
5022,109,10217,1459,4ws1_URF_A_301,4,gnina,0.50008991,0.6881026,2.0742283,0.1494853,3.8771334e-07,1.4220731
5023,109,9909,1415,4tq4_DMA_D_403,4,gnina,0.60607722,0.68806228,3.3253467,0.44727975,0.016302459,3.7310589
5024,109,3392,484,2a1m_CAM_A_1422,4,gnina,0.47830779,0.68800703,2.0206738,0.12438519,0.12311961,1.9372162
5025,109,15607,2229,6hsg_GM5_B_504,4,gnina,0.61074045,0.68788492,3.758543,0.067863055,0.38165738,6.6613511
5026,109,4715,673,2ot7_OGA_B_500,4,gnina,0.51394664,0.68786447,2.6154287,0.095061541,0.69061319,2.1926839
5027,109,396,56,1e8m_P0H_A_724,4,gnina,0.60216696,0.68721259,3.177213,0.58226407,0.22087112,4.2926255
5028,109,9902,1414,4tq4_DMA_C_403,4,gnina,0.59573582,0.68697177,3.3116512,0.41670969,0.0060718716,4.8860553
5029,109,2769,395,1uxi_FUM_B_1311,4,gnina,0.52985782,0.6869394,2.9648011,0.030957542,0.14989793,2.0901183
5030,109,1250,178,1ja9_PYQ_A_406,4,gnina,0.51394664,0.68690339,2.4243295,0.30675113,0.013991928,1.826398
5031,109,9519,1359,4o7g_ASC_B_303,6,smina,0.38770384,0.68667303,1.1949672,0.16392563,3.6517667e-07,0.86067752
5032,109,11302,1614,5di7_5CQ_B_601,4,gnina,0.60819478,0.68619619,3.6360283,0.20414783,0.91039536,3.641317
5033,109,865,123,1h48_CDI_E_902,4,gnina,0.59695177,0.68603707,3.615262,0.14364855,0.9893664,2.5770713
5034,109,3154,450,1z6k_OAA_A_274,4,gnina,0.51394664,0.685845,2.3034441,0.45041087,0.00016303905,1.8028205
5035,109,3343,477,1zpd_CIT_F_610,4,gnina,0.57247126,0.68566115,3.6350498,0.077479213,0.93513786,6.5132296
5036,110,7207,1029,4ajj_MLI_D_1333,4,gnina,0.89089666,0.86810594,1.9768214,0.57879335,0.95931022,3.1582882
5037,110,12795,1827,5kcp_PFB_A_378,6,smina,0.58384212,0.83751323,0.91367453,0.046253689,0.20405932,0.88081266
5038,110,7615,1087,4clr_FDB_C_1270,6,smina,0.55052132,0.80047165,1.2562345,0.18430766,0,0.72663789
5039,110,7608,1086,4clr_FDB_A_1270,6,smina,0.56510985,0.80004395,1.2764074,0.18990502,0,0.74761011
5040,110,8890,1270,4jzx_IPE_A_401,0,surfdock,0.54645848,0.73208032,1.9338323,0.43635595,0,2.9595068
5041,110,17773,2539,7kje_NRD_A_405,0,surfdock,0.54645848,0.73049393,2.1549289,0.2457497,0,3.1184695
5042,110,9573,1367,4oxy_1TN_B_302,4,gnina,0.61016022,0.72678201,2.8545234,0.046237085,0.98568679,5.9149761
5043,110,4904,700,2qca_DGP_A_200,4,gnina,0.59882924,0.72017666,2.7073994,0.26751342,5.5223923e-09,3.478242
5044,110,15082,2154,6ezf_C6Z_A_1003,4,gnina,0.64071352,0.71951815,2.8772309,0.2503764,0.96685908,2.8316116
5045,110,4911,701,2qca_DGP_A_300,4,gnina,0.60389658,0.71531083,2.8192205,0.28250873,0.22357045,3.9196784
5046,110,12317,1759,5i0m_UMP_B_201,4,gnina,0.55899358,0.7147443,2.6906745,0.3093271,0.53329478,3.371054
5047,110,1068,152,1iki_DAL_A_500,4,gnina,0.4771692,0.70792389,1.4770521,0.31182396,6.2995826e-06,1.5896343
5048,110,6453,921,3v1s_0LH_B_401,6,smina,0.38404177,0.70764372,0.97099423,0.084755599,0,0.97815093
5049,110,3231,461,1zfj_IMP_A_500,4,gnina,0.60874613,0.70734202,2.7870016,0.51358229,0.90681112,4.2464544
5050,110,11911,1701,5fwd_GJV_A_1446,4,gnina,0.60620389,0.70672298,2.777765,0.52209508,0.9703424,6.8824086
5051,110,5282,754,2v60_C17_B_1498,4,gnina,0.65044062,0.70560008,3.4949181,0.57067198,0.99355552,4.4042875
5052,110,12102,1728,5gwt_SIN_C_301,6,smina,0.36831879,0.70391714,0.86152834,0.0095907273,0,0.81414823
5053,110,14102,2014,5x5d_UMP_A_401,4,gnina,0.60192043,0.70349954,3.2669992,0.086616971,0.98818523,10.958258
5054,110,6682,954,3w8x_FTK_A_601,4,gnina,0.51292838,0.70239237,1.8224128,0.39953664,4.2572477e-05,3.5258255
5055,110,8630,1232,4i6y_MEV_A_501,6,smina,0.4126075,0.70222539,1.1219745,0.083828703,0.48337873,1.1264956
5056,110,5275,753,2v60_C17_A_1503,4,gnina,0.64760239,0.70206367,3.4727905,0.60955667,0.99624544,5.3815696
5057,110,14130,2018,5x5d_UMP_E_401,4,gnina,0.60089595,0.70199737,3.3098061,0.073622189,0.99051924,5.7696244
5058,110,8883,1269,4jzx_476_A_402,0,surfdock,0.54645848,0.70175924,2.719589,0.26967445,0.98889299,3.7889907
5059,110,14109,2015,5x5d_UMP_B_401,4,gnina,0.60013603,0.70161505,3.3159606,0.071768083,0.99141311,6.3354995
5060,110,1684,240,1m9j_CLW_A_906,4,gnina,0.51285174,0.70008549,1.6410433,0.54924673,3.6529426e-06,2.1763167
5061,110,5310,758,2vjb_CCD_A_1540,4,gnina,0.51292839,0.69873523,2.2102525,0.28862929,0.00042257663,2.6888473
5062,110,382,54,1e7h_PLM_A_1001,4,gnina,0.60047431,0.69854667,2.4851875,0.97473598,0.63660115,2.9658274
5063,110,1355,193,1kae_HSO_A_1001,4,gnina,0.6035707,0.69847371,3.2166793,0.26140347,0.9758712,2.565715
5064,110,10959,1565,5agn_4JK_A_800,4,gnina,0.51292839,0.69792058,2.3164368,0.19912627,5.6689466e-06,4.3348988
5065,110,11234,1604,5cyf_FLC_A_301,6,smina,0.38918617,0.69716679,1.0712885,0.16594301,0.072548995,1.5458822
5066,110,1581,225,1lro_PEP_A_1268,6,smina,0.37066166,0.69696231,1.1181315,0.046148479,0.037611107,0.92150848
5067,110,6010,858,2zyv_NPO_X_1601,4,gnina,0.51292839,0.69684833,2.2995491,0.2380598,7.123906e-06,1.5364488
5068,110,7340,1048,4bu7_25F_A_2165,4,gnina,0.6136398,0.69623716,3.4887784,0.11861314,0.992241,2.7649632
5069,110,7347,1049,4bu7_25F_C_2165,4,gnina,0.61416806,0.69611536,3.4897611,0.12657814,0.99359914,3.1281784
5070,110,11456,1636,5e4o_L57_A_201,4,gnina,0.51285135,0.69514631,2.1731546,0.11318573,0.87180585,3.0068142
5071,110,979,139,1hdi_3PG_A_419,6,smina,0.37482792,0.69490993,1.0007209,0.21579711,0.044621543,1.217632
5072,110,11626,1660,5eso_ISC_A_602,6,smina,0.46045905,0.69413554,1.2162042,0.27249444,0.65527448,2.2731514
5073,110,851,121,1h48_CDI_C_902,4,gnina,0.57315124,0.69189831,3.1118543,0.44364828,0.99347825,2.5763234
5074,110,10450,1492,4ysx_MLI_A_701,6,smina,0.44549707,0.69186993,1.2309707,0.23746368,0.075302474,0.83341553
5075,110,17170,2452,6tbx_N0Z_A_302,6,smina,0.41916259,0.69037174,1.4166216,0.0087450463,0,1.0867481
5076,110,4260,608,2gzm_DGL_A_501,4,gnina,0.61194265,0.69013657,3.1661825,0.57229781,0.99304708,4.928495
5077,110,16148,2306,6mry_FLC_C_102,6,smina,0.47388626,0.69013366,1.2894282,0.3143734,0.018377331,1.334549
5078,110,16261,2323,6nga_KL7_A_803,0,surfdock,0.54645848,0.68995101,3.0811436,0.17157765,0,3.5969197
5079,110,599,85,1g79_PLP_A_270,4,gnina,0.51292815,0.68914363,2.4001613,0.069775529,1.7753979e-07,2.3610622
5080,110,13038,1862,5mdh_MAK_A_335,4,gnina,0.61232904,0.6883665,3.115777,0.67359984,0.70234831,1.8247603
5081,110,15777,2253,6jx9_CQC_A_501,6,smina,0.52509183,0.68724109,2.4209909,0.56312215,0,4.3126965
5082,110,7767,1109,4d06_X8W_B_301,4,gnina,0.61347866,0.68706043,3.5262203,0.30146366,0.0011293498,5.1327611
5083,110,10966,1566,5agn_4JK_B_800,4,gnina,0.51292819,0.68701236,2.3164368,0.19912627,1.4849271e-06,3.2028326
5084,110,5492,784,2wj4_HQD_C_1277,4,gnina,0.51101563,0.6866114,2.1826947,0.21583435,0.99203035,3.3147542
5085,110,371,53,1e5f_PLP_B_405,0,surfdock,0.54300036,0.68649832,2.8016975,0.2314847,0.39337695,3.3245858
5086,111,5494,784,2wj4_HQD_C_1277,6,smina,0.58529991,0.77636412,1.7410097,0.14133829,0,1.24355
5087,111,11458,1636,5e4o_L57_A_201,6,smina,0.53641776,0.7550193,1.488212,0.22315337,0,2.9509948
5088,111,3749,535,2ci0_1CM_A_1450,4,gnina,0.57046375,0.73284624,2.2391722,0.40286282,8.2726627e-06,3.3475092
5089,111,2611,373,1tsd_UMP_A_267,0,surfdock,0.54698811,0.71588396,2.3872368,0.3139078,0.96169717,3.6706363
5090,111,2618,374,1tsd_UMP_B_265,0,surfdock,0.54698811,0.71564218,2.391448,0.314657,0.97418974,3.4521133
5091,111,34,4,1a59_CIT_A_379,6,smina,0.36441289,0.70996719,0.92110223,0.052204981,0.0063502094,1.4689222
5092,111,15530,2218,6hmw_FUL_C_203,4,gnina,0.51273454,0.70229385,1.9582709,0.13460349,3.7350092e-10,2.2994875
5093,111,60,8,1aer_TIA_B_700,4,gnina,0.51836349,0.7010272,1.8680073,0.60704809,0.19126473,2.307893
5094,111,9982,1426,4uc9_ASP_B_1300,0,surfdock,0.54698811,0.70010288,2.562783,0.47308555,0,3.2400434
5095,111,10507,1501,4z69_DIF_A_1006,0,surfdock,0.54698811,0.6981342,2.4640245,0.61520171,0,3.3421721
5096,111,6633,947,3w4i_8LG_A_402,4,gnina,0.49147458,0.69693165,1.5878067,0.47427374,0.015176675,2.9468469
5097,111,1350,192,1k8z_IAG_A_501,6,smina,0.36753952,0.69692719,1.0370762,0.15850057,0,2.100078
5098,111,9169,1309,4lz7_1YW_B_804,6,smina,0.48133354,0.69678985,1.8180801,0.21117264,0,3.4048035
5099,111,9433,1347,4ni1_2JX_A_203,4,gnina,0.51836331,0.69678326,2.2922504,0.049354743,9.7643079e-06,1.8669673
5100,111,12614,1802,5j61_A3G_C_501,0,surfdock,0.54698811,0.6953014,2.2970181,0.84524292,0,3.9663754
5101,111,7081,1011,4a7a_RGZ_A_601,4,gnina,0.62218545,0.69450265,3.3162222,0.34367374,1.0724182e-08,4.8127617
5102,111,17345,2477,6urx_JMG_A_316,6,smina,0.38689914,0.69368371,1.0436769,0.27772877,0.98906749,1.203978
5103,111,12628,1804,5j61_A3G_E_501,0,surfdock,0.54698811,0.6935576,2.2836139,0.89783448,0,3.9847741
5104,111,9757,1393,4qxc_OGA_A_600,6,smina,0.3738641,0.69351444,1.2153319,0.068826593,0.00046379457,0.98822936
5105,111,2902,414,1w55_GPP_A_1374,4,gnina,0.51836349,0.69339717,2.2813089,0.3512134,8.7802426e-08,4.0859594
5106,111,7088,1012,4a7a_RGZ_B_601,4,gnina,0.61789904,0.69252037,3.3162222,0.34367374,0.026439241,4.5650125
5107,111,4767,681,2prg_BRL_B_2,0,surfdock,0.54698811,0.69240114,3.0606687,0.1469316,0.79932773,4.086803
5108,111,12607,1801,5j61_A3G_A_501,0,surfdock,0.54698811,0.69182562,2.2676973,0.95296526,0.98920645,3.6518427
5109,111,11,1,1a49_OXL_A_533,4,gnina,0.64617301,0.6918238,3.4804981,0.27927199,0.00010669079,26.874878
5110,111,886,126,1h5r_G1P_A_1294,4,gnina,0.55940936,0.69178017,3.1067054,0.41196436,0.3542036,3.6449329
5111,111,12319,1759,5i0m_UMP_B_201,6,smina,0.37891401,0.69089301,1.1969169,0.15707238,0,3.6133707
5112,111,12642,1806,5j61_A3G_G_501,0,surfdock,0.54698811,0.69071194,2.2585633,0.98747134,0,3.728182
5113,111,12649,1807,5j61_A3G_H_501,0,surfdock,0.54698811,0.69071194,2.2585633,0.98747134,0,3.6711074
5114,111,18,2,1a49_OXL_D_2333,4,gnina,0.62253299,0.69018784,3.4726083,0.29604149,9.8789352e-05,17.972973
5115,111,4760,680,2prg_BRL_A_1,0,surfdock,0.54698811,0.68987424,3.0713418,0.19385844,0.94496135,4.1129869
5116,111,25,3,1a49_OXL_F_4133,4,gnina,0.63615523,0.68955378,3.4526794,0.34230366,0.13037441,27.762517
5117,111,12621,1803,5j61_A3G_D_501,0,surfdock,0.54698811,0.68898552,2.2499914,1.0356172,0.97440373,3.7482396
5118,111,867,123,1h48_CDI_E_902,6,smina,0.45826735,0.6888375,1.2671584,0.34937879,0.98930827,1.0671479
5119,111,5590,798,2xmi_FLC_A_1379,4,gnina,0.51758918,0.68846267,2.2432783,0.17823634,0.0093724617,2.0739271
5120,111,12635,1805,5j61_A3G_F_501,0,surfdock,0.54698811,0.68839357,2.2477267,1.0515207,0,3.7475688
5121,111,853,121,1h48_CDI_C_902,6,smina,0.4675691,0.6882045,1.3230036,0.31980306,0.99475667,1.2198066
5122,111,1985,283,1om5_INE_A_790,4,gnina,0.51834785,0.68807341,2.057936,0.41863927,2.7932529e-05,2.1976963
5123,111,13845,1977,5vl0_BNF_C_404,6,smina,0.46186349,0.68784347,1.3265637,0.31881177,0,1.0178707
5124,111,9524,1360,4o7g_ASC_B_304,4,gnina,0.5123065,0.68757591,2.2870815,0.092897192,0.0017570331,1.8351811
5125,111,846,120,1h48_CDI_B_902,6,smina,0.45217552,0.6867674,1.2496833,0.35894859,0.9614032,1.649782
5126,111,9148,1306,4lvb_20N_B_601,6,smina,0.37625098,0.68653028,1.1924332,0.22609532,0,2.0768702
5127,111,1383,197,1kbq_936_C_701,4,gnina,0.65055524,0.68586758,4.327076,0.22227488,8.1288974e-08,5.532584
5128,111,16538,2362,6pna_M16_B_803,4,gnina,0.54890256,0.68579911,3.3407183,0.30696857,8.6516959e-07,3.5184237
5129,111,2946,420,1x09_IPE_A_901,6,smina,0.36454514,0.68579688,1.1166425,0.26069057,0.11013749,0.81749
5130,111,9216,1316,4mgj_CPZ_A_502,4,gnina,0.5183569,0.68507405,2.0300653,0.52050263,2.4505765e-05,1.801561
5131,111,17100,2442,6szt_M4Q_B_601,6,smina,0.41070012,0.68504931,1.506442,0.0262003,0,2.0393888
5132,111,17660,2522,6zjw_GAL_A_1101,6,smina,0.36636588,0.68444516,1.2370604,0.1667138,0.075118723,0.978312
5133,111,62,8,1aer_TIA_B_700,6,smina,0.36441289,0.68382623,1.0071675,0.22008027,0,2.023159
5134,111,854,122,1h48_CDI_D_201,0,surfdock,0.53635528,0.68373712,2.8767011,0.22669742,0,2.959965
5135,111,12079,1725,5gri_CIT_B_401,4,gnina,0.5068205,0.68332256,2.3499296,0.087566338,0.028861052,3.252911
5136,112,5277,753,2v60_C17_A_1503,6,smina,0.58023574,0.75284584,2.163635,0.12866016,0,3.524999
5137,112,5284,754,2v60_C17_B_1498,6,smina,0.58078648,0.75069624,2.2163808,0.11697286,0,3.7058181
5138,112,17212,2458,6to7_SUV_A_401,6,smina,0.55598745,0.736947,2.440233,0.13685495,0,5.8527945
5139,112,17219,2459,6to7_SUV_B_401,6,smina,0.55568491,0.73687815,2.440233,0.13685495,0,7.5228022
5140,112,16114,2302,6md2_GW9_B_501,0,surfdock,0.54669904,0.72497279,2.3358879,0.21849509,0,2.3453176
5141,112,3371,481,1zwp_NIM_A_401,4,gnina,0.60107705,0.72181776,2.8035204,0.14124225,0.00024279211,3.3769507
5142,112,4717,673,2ot7_OGA_B_500,6,smina,0.44171261,0.71792209,0.92576265,0.10344339,0.0001279635,1.2295159
5143,112,12396,1770,5icf_SAU_A_402,6,smina,0.48364356,0.71715052,1.6816751,0.028723702,0,1.4883876
5144,112,8476,1210,4i02_CMP_A_301,6,smina,0.56153433,0.71039788,3.0339572,0.09698914,0,3.0818693
5145,112,17534,2504,6xu3_GAB_B_402,6,smina,0.47215737,0.70991069,1.6792406,0.11764243,0,0.77038088
5146,112,13045,1863,5mdh_MAK_B_335,4,gnina,0.47217211,0.70914111,1.688251,0.12393393,2.3498881e-07,2.4677277
5147,112,8938,1276,4k90_MLA_A_704,6,smina,0.36708824,0.7085071,0.91295069,0.091671333,0.77167957,0.67762676
5148,112,14861,2123,6c1i_EEY_B_501,0,surfdock,0.54669904,0.70846479,2.3675492,0.52600616,0.99469493,3.2989511
5149,112,14727,2103,6ayv_MLI_A_409,6,smina,0.45755462,0.70823185,1.0958576,0.18574081,0.87773787,0.61732073
5150,112,14854,2122,6c1i_EEY_A_501,0,surfdock,0.54669904,0.70700673,2.3958035,0.52885675,0.9899883,3.342108
5151,112,11920,1702,5fwe_OGA_A_1358,6,smina,0.36485937,0.70586855,0.92890972,0.11424085,0.00033973026,1.2278487
5152,112,6244,892,3sp6_IL2_A_901,0,surfdock,0.54669904,0.70445153,2.9121377,0.067496896,0,4.3345224
5153,112,16946,2420,6rlt_MLI_B_512,6,smina,0.36373072,0.7021012,0.96519524,0.13279466,0.9857655,0.61622298
5154,112,10737,1533,4zu3_4SD_E_301,6,smina,0.42085773,0.70206733,1.1406232,0.089935176,0.91181571,0.93003366
5155,112,1889,269,1nuw_F6P_A_2336,6,smina,0.47381471,0.70173769,1.6566762,0.30454969,0.93309476,2.0274933
5156,112,10079,1439,4ur9_BK9_B_1717,6,smina,0.47425946,0.69987843,1.7714443,0.23170972,1.7833965e-06,0.98320832
5157,112,13020,1860,5m66_ADN_D_502,0,surfdock,0.54669904,0.69980601,2.9345379,0.14659356,0.98273753,3.5209557
5158,112,1369,195,1kar_HSM_B_503,4,gnina,0.51643454,0.69967075,2.0875809,0.12970066,3.8082026e-06,2.4403294
5159,112,13013,1859,5m66_ADN_B_502,0,surfdock,0.54669904,0.69910662,2.9340045,0.16258359,0.99174247,3.4764264
5160,112,13334,1904,5r0i_SYV_A_2501,6,smina,0.41064824,0.6988178,1.0506085,0.21793354,0,0.69163333
5161,112,1511,215,1l4f_150_A_990,6,smina,0.41046748,0.69774157,1.1900901,0.094110794,5.2107776e-06,0.60300285
5162,112,13006,1858,5m66_ADN_A_502,0,surfdock,0.54669904,0.69752917,2.9614172,0.17020103,0.98782215,3.4935027
5163,112,10702,1528,4zu3_4SD_A_301,6,smina,0.38909993,0.69733239,1.1658601,0.068588473,0.91845638,1.1604228
5164,113,14090,2012,5x2m_GLN_A_951,6,smina,0.78214956,0.86524039,2.0921853,0.11795179,0,1.37244
5165,113,6565,937,3vnj_PSJ_D_301,6,smina,0.68328122,0.84926216,1.6306518,0.32343778,0.051081607,1.4636763
5166,113,17569,2509,6y4f_GLU_A_202,6,smina,0.68450616,0.84685838,1.6052853,0.38855255,0.0011851029,1.1393703
5167,113,8343,1191,4hey_4MZ_A_303,6,smina,0.63166141,0.84379448,0.96278101,0.094397053,0.99094859,0.45658915
5168,113,7020,1002,3zwt_KFZ_A_1401,6,smina,0.70982114,0.83999604,1.8689638,0.3026453,0,4.6448767
5169,113,2554,364,1tkj_MED_A_913,6,smina,0.63490907,0.83962966,1.3059502,0.23046049,0,1.1191352
5170,113,7573,1081,4cle_JR2_A_1270,6,smina,0.65144837,0.83783003,1.4367996,0.21241263,0,1.1747373
5171,113,5585,797,2xhk_AKG_B_519,6,smina,0.64688561,0.834242,1.5345281,0.15213656,0.00042350863,1.1945872
5172,113,12802,1828,5kcp_PFB_A_379,6,smina,0.62782573,0.83172386,1.0867983,0.13265985,0.01043589,0.77103219
5173,113,2659,379,1u18_HSM_A_401,6,smina,0.65433802,0.83093883,1.3050987,0.45790648,4.3048206e-08,0.77813568
5174,113,8350,1192,4hey_4MZ_A_307,6,smina,0.55339016,0.82566548,0.94507784,0.082718655,0.0044113436,0.42562252
5175,113,8735,1247,4iph_1FJ_A_201,6,smina,0.70904814,0.81493279,2.20822,0.38276625,0,3.4368389
5176,113,10821,1545,5a02_GOL_E_1341,6,smina,0.65189369,0.81326151,1.6932503,0.34293956,1.0922324e-05,0.88737124
5177,113,11185,1597,5cjn_52F_A_809,6,smina,0.7002901,0.80772224,1.8705324,0.81533599,0,1.6819028
5178,113,1077,153,1iki_REY_A_400,6,smina,0.79717607,0.80062951,2.9308062,0.50718158,7.6439142e-08,6.1899493
5179,113,17730,2532,7c7g_FJR_A_402,6,smina,0.65144731,0.79873097,1.9654016,0.31350422,0,2.4712988
5180,113,15812,2258,6jyg_FLC_E_402,6,smina,0.64929025,0.79693233,1.80091,0.49946213,4.4857468e-05,1.4861184
5181,113,944,134,1h7q_TYD_A_1258,6,smina,0.66632219,0.79557392,2.5268371,0.3180804,0,5.6100149
5182,113,6649,949,3w4i_8LG_C_402,6,smina,0.65380601,0.79426462,2.1729228,0.19390582,0,0.62266533
5183,113,5298,756,2vez_G6P_A_202,6,smina,0.63754944,0.79211653,1.8574842,0.46691075,0.00053982239,1.5574529
5184,113,9771,1395,4qya_LU2_A_201,6,smina,0.65074306,0.79184052,1.8123728,0.58500552,4.8022599e-08,2.2593974
5185,113,6901,985,3wwc_BUA_A_402,6,smina,0.54617466,0.78869534,1.0207809,0.11383354,0.077460388,0.57567001
5186,113,6558,936,3vnj_PSJ_B_301,6,smina,0.62459048,0.78352913,1.6306518,0.32343778,0.14649393,1.6967441
5187,113,6187,883,3ryd_SRT_A_267,6,smina,0.60588492,0.78349824,1.3887259,0.34186804,0.20625193,0.91953563
5188,113,10975,1567,5ahn_IMP_A_1468,6,smina,0.6528381,0.78285128,1.9074478,0.66139644,0,3.4109858
5189,113,6894,984,3wur_O4B_B_204,6,smina,0.64035545,0.78077738,2.0820453,0.46394268,0,0.81156706
5190,113,4381,625,2ipf_FFA_A_3,6,smina,0.65209114,0.77884249,2.2827616,0.35792625,0,0.95769474
5191,113,12515,1787,5iuy_BOG_B_503,6,smina,0.69658607,0.77598053,2.8503902,0.43102193,3.6326165e-12,4.6428859
5192,113,6537,933,3vca_PRO_A_504,6,smina,0.61691609,0.77404713,1.7329189,0.36632895,0.48848969,0.72719573
5193,113,6985,997,3zog_A2Q_A_200,6,smina,0.54743589,0.77327661,1.0704451,0.32149073,5.2171254e-06,0.47850642
5194,113,1574,224,1lqp_FCN_B_4003,6,smina,0.54645677,0.76949639,1.1659569,0.27827045,0,0.62454159
5195,113,2169,309,1pr0_NOS_C_1247,6,smina,0.65435029,0.7666354,2.3108618,0.58345848,0.99591391,2.1079051
5196,113,2162,308,1pr0_NOS_B_1246,6,smina,0.65435029,0.76648371,2.3134177,0.58388561,0.0071646285,2.585492
5197,113,15084,2154,6ezf_C6Z_A_1003,6,smina,0.8107119,0.76643604,3.2365372,0.96426588,0,1.4663643
5198,113,6572,938,3vnm_SDD_A_301,6,smina,0.60587384,0.76497728,1.6501306,0.39147893,0.36631227,1.3578854
5199,113,2260,322,1q6r_LX1_A_7301,6,smina,0.66250512,0.76309015,2.1573932,0.85002881,0.1764175,1.6974625
5200,113,9939,1419,4tsk_TLA_A_404,6,smina,0.54644918,0.76301682,1.143485,0.4033263,0.0070485528,1.0627821
5201,113,2267,323,1q6r_LX1_B_9301,6,smina,0.65601824,0.76201811,2.1573932,0.85002881,0.14510876,1.4298405
5202,113,6922,988,3wxo_NIZ_A_804,6,smina,0.54497394,0.76187641,1.1292413,0.40464118,0,1.161286
5203,113,15582,2226,6hpx_GKQ_A_205,0,surfdock,0.54753393,0.76130258,1.2559323,0.54533368,0.95569734,3.718744
5204,113,5998,856,2zvq_1NP_X_502,6,smina,0.54617313,0.75973024,1.240661,0.33302104,0,0.79669204
5205,113,1567,223,1lqp_FCN_B_4001,6,smina,0.54617465,0.75756826,1.3022519,0.31062305,0,0.7929238
5206,113,13152,1878,5nnw_GCS_D_302,6,smina,0.546176,0.75655249,1.2798405,0.36334017,6.3879794e-07,1.1432888
5207,113,3296,470,1zmt_RNO_C_1003,6,smina,0.54618763,0.75593519,1.3277179,0.32818949,0,1.121318
5208,113,7251,1035,4aql_TXC_A_1452,6,smina,0.62056999,0.74822231,2.1601763,0.42103556,0,8.988647
5209,113,10177,1453,4wdx_WDX_A_402,6,smina,0.62056999,0.74770859,1.9524307,0.63870883,0,2.9739626
5210,113,6642,948,3w4i_8LG_B_402,6,smina,0.58409808,0.7456972,2.1362355,0.20015819,0,0.61591707
5211,113,12179,1739,5h8q_GLY_B_301,6,smina,0.54620957,0.7437773,1.5561748,0.30855,0,0.57528092
5212,113,9708,1386,4q40_VAL_C_404,6,smina,0.54617472,0.742213,1.7045341,0.17743716,1.4088198e-05,0.86238402
5213,113,5627,803,2xul_AKG_A_201,6,smina,0.54617466,0.73927497,1.7076031,0.22374798,1.456169e-06,1.3962471
5214,114,2167,309,1pr0_NOS_C_1247,4,gnina,1.0018641,0.79823685,3.5133505,0.43657526,0.98695175,2.7472282
5215,114,7774,1110,4d06_X8W_D_303,4,gnina,0.61767426,0.72580469,2.7553318,0.14224598,0.0002565592,4.1564013
5216,114,1218,174,1j3k_UMP_D_711,0,surfdock,0.54782912,0.72071518,2.3314512,0.24158376,0.9814067,3.4910235
5217,114,1197,171,1j3i_UMP_D_711,0,surfdock,0.54782912,0.71776697,2.3473866,0.28514254,0.98312368,3.5666614
5218,114,12345,1763,5i7r_68W_A_402,4,gnina,0.59202573,0.71046677,2.9370079,0.17445442,0.99404188,4.1879873
5219,114,7151,1021,4adl_LMR_D_1468,4,gnina,0.51447882,0.70856957,2.1969931,0.07443846,0,6.6651585
5220,114,13229,1889,5o4j_9KH_C_302,6,smina,0.41998969,0.70753579,1.0461012,0.11510836,0,1.0772731
5221,114,13222,1888,5o4j_9KH_B_302,6,smina,0.41789269,0.70730439,1.0461012,0.11510836,0,1.4752664
5222,114,1539,219,1ldo_SNR_A_150,6,smina,0.35135557,0.70603265,0.83606595,0.011183807,0,1.8512103
5223,114,6797,971,3wqs_KBK_B_503,0,surfdock,0.54782912,0.70515798,2.6133697,0.28208175,0.99157589,3.6004611
5224,114,7153,1021,4adl_LMR_D_1468,6,smina,0.35135557,0.7044664,0.85368681,0.018052554,0,1.4265195
5225,114,1357,193,1kae_HSO_A_1001,6,smina,0.45748476,0.70415532,1.2775139,0.036072213,0.97239001,1.4615583
5226,114,349,49,1dxy_COI_A_404,6,smina,0.36893419,0.70347759,0.94640416,0.16722566,2.5624335e-06,0.83420636
5227,114,6178,882,3rsc_TYD_B_397,4,gnina,0.59684678,0.70038135,3.1588666,0.18987562,0.95954458,4.9946286
5228,114,17679,2525,7a2h_QX2_A_401,4,gnina,0.51447882,0.69992834,2.1015284,0.34196678,0.0031100341,1.4572699
5229,114,5107,729,2qxf_TMP_A_3000,4,gnina,0.61184012,0.69912118,2.6596453,0.76781648,0.0069316859,4.2481249
5230,114,17129,2447,6t10_M6Z_A_601,0,surfdock,0.54782912,0.69889845,2.5372851,0.49400768,0.99516666,2.8624808
5231,114,12865,1837,5kxb_NGA_C_305,6,smina,0.47610728,0.69861275,1.7066512,0.27481106,0.98135855,1.7121204
5232,114,3450,492,2ahc_VNL_A_166,6,smina,0.42386168,0.69825842,1.2215095,0.10177376,0,0.99663051
5233,114,3002,428,1xid_ASC_A_389,6,smina,0.35174784,0.69821062,0.96392995,0.19201075,0.0027791524,0.95651449
5234,114,1537,219,1ldo_SNR_A_150,4,gnina,0.51447882,0.69673728,2.1190493,0.3896102,0,2.4836275
5235,114,580,82,1g6t_S3P_A_601,6,smina,0.4265197,0.69599194,1.1167713,0.2533755,0.99609102,1.5352641
5236,114,16869,2409,6rbx_JYT_A_301,6,smina,0.4614851,0.69578509,1.1652031,0.30473626,0,1.5535053
5237,114,2093,299,1pi3_TZD_A_530,0,surfdock,0.54782912,0.69449059,2.8272283,0.30193275,0.88033853,4.1706101
5238,114,7860,1122,4d96_5PA_C_402,6,smina,0.53863858,0.69441263,2.1330564,0.71863669,0,4.3077064
5239,114,5502,786,2wu4_HBP_B_1545,0,surfdock,0.54782912,0.69424047,2.5417655,0.59300691,0.98368864,4.3131564
5240,114,868,124,1h48_GPP_C_904,0,surfdock,0.54782912,0.69412773,2.516341,0.62096202,0.96648463,3.7375205
5241,114,875,125,1h48_GPP_E_904,0,surfdock,0.54782912,0.6941246,2.517931,0.61944026,0,3.1058468
5242,114,7853,1121,4d96_5PA_B_501,6,smina,0.53418985,0.69400527,2.1330564,0.71863669,0,7.3551118
5243,114,15792,2256,6jyg_FLC_D_401,0,surfdock,0.59863756,0.69393992,3.1081855,0.39747572,0.88282996,2.860752
5244,114,4946,706,2qd4_CHD_A_802,4,gnina,0.55052955,0.69323314,3.4184363,0.013586301,2.2153881e-08,4.1855827
5245,114,15782,2254,6jyg_FLC_A_401,4,gnina,0.6448814,0.69290769,4.0572224,0.27645561,0.51718771,13.054833
5246,114,3457,493,2ahc_VNL_B_266,6,smina,0.37409605,0.69262232,1.1918272,0.11712557,0,1.0053793
5247,114,4458,636,2j5b_TYE_B_1338,6,smina,0.4509316,0.69178642,1.2201304,0.29273534,0,1.5111492
5248,114,16862,2408,6rbr_JXN_A_302,6,smina,0.37348969,0.69152673,1.0967926,0.22975591,0,1.1548387
5249,114,16657,2379,6qaw_HVE_A_402,4,gnina,0.51447882,0.6905193,2.0620687,0.57617348,0.99028299,4.0220631
5250,114,858,122,1h48_CDI_D_201,4,gnina,0.52487749,0.69012026,2.7917175,0.1180129,0.98409532,3.1540632
5251,114,8866,1266,4jp3_CIT_A_301,4,gnina,0.51447882,0.68895926,2.3771086,0.29419741,0.060732711,2.1750515
5252,114,3441,491,2agw_TSS_H_2001,4,gnina,0.52458145,0.6886245,2.5395508,0.39860824,0.050957705,3.3444697
5253,114,10976,1568,5av3_KMP_A_300,0,surfdock,0.54782912,0.68858161,2.4985924,0.76472831,0.99742038,3.5196989
5254,114,15785,2255,6jyg_FLC_C_401,0,surfdock,0.58524656,0.68803759,3.2108078,0.40277383,0.99005395,2.9761095
5255,114,4696,670,2oci_TYC_A_401,6,smina,0.34801897,0.68795678,0.82815772,5.9604645e-08,2.3054853e-05,1.5300719
5256,114,3434,490,2agw_TSS_D_3001,4,gnina,0.52457514,0.68787467,2.5668211,0.38640815,0.072105097,2.3672911
5257,114,13430,1918,5tch_MLI_D_501,4,gnina,0.6191913,0.68761553,3.3232899,0.44270113,7.6492707e-07,8.2867494
5258,114,10072,1438,4ur9_BK9_A_1717,6,smina,0.39946547,0.68711842,1.1915289,0.27479976,5.7791018e-06,1.0810713
5259,114,4249,607,2gyw_OBI_A_952,0,surfdock,0.54782912,0.68668148,3.1940353,0.11316362,0.98696586,3.7537951
5260,114,12940,1848,5lqs_NTM_A_302,4,gnina,0.51042922,0.68665106,2.0783036,0.27335742,0.0046690651,1.8444439
5261,114,15805,2257,6jyg_FLC_E_401,6,smina,0.50309684,0.68655521,1.7341899,0.59076887,0.0040056042,1.4503076
5262,114,13444,1920,5tch_MLI_F_501,4,gnina,0.62006387,0.686186,3.3099606,0.5116567,0.21282054,8.256084
5263,114,3234,462,1zg3_2HI_A_365,0,surfdock,0.54782912,0.68524318,2.2327569,1.1078992,0.80538256,3.2325869
5264,115,2163,309,1pr0_NOS_C_1247,0,surfdock,0.80994336,0.74866341,4.0510063,0.54521525,0.97562186,3.2876785
5265,115,860,122,1h48_CDI_D_201,6,smina,0.57534216,0.73961366,1.9983301,0.47630033,0.97633968,1.0918876
5266,115,16659,2379,6qaw_HVE_A_402,6,smina,0.57135201,0.73741129,1.6548957,0.85820222,0,2.141834
5267,115,12347,1763,5i7r_68W_A_402,6,smina,0.62847108,0.71615535,2.3811586,0.74123138,0,3.9077711
5268,115,6801,971,3wqs_KBK_B_503,4,gnina,0.61814601,0.71161293,2.6623316,0.52125549,0.91971244,3.5166697
5269,115,15201,2171,6f77_PLP_E_600,4,gnina,0.60719523,0.71115026,2.9000061,0.21766379,0.9306998,7.5011263
5270,115,9496,1356,4np7_DPJ_A_403,4,gnina,0.51365597,0.7097898,1.7221471,0.53085065,0.91772187,1.7613499
5271,115,7025,1003,3zwt_ORO_A_1398,4,gnina,0.5383267,0.69895297,2.3051331,0.44299313,0.00013061549,1.6802519
5272,115,9608,1372,4p8c_2J3_A_504,4,gnina,0.49006523,0.6988057,1.783506,0.26465952,0.011979095,3.0786021
5273,115,10490,1498,4ywd_NTM_A_704,4,gnina,0.50991056,0.69840747,1.5822731,0.54828793,0.00082228475,2.3954784
5274,115,9041,1291,4l7p_M95_A_601,4,gnina,0.61100391,0.696481,3.0945446,0.36830431,0.00045034415,4.7657374
5275,115,14697,2099,6auq_BYJ_B_803,4,gnina,0.61630326,0.69637182,3.4345915,0.070464097,7.2020778e-06,4.2461472
5276,115,10588,1512,4zbc_GLC_A_407,4,gnina,0.51544019,0.69613916,2.6804922,0.05164247,0.3476107,2.288042
5277,115,1028,146,1hsr_BHO_A_800,6,smina,0.37891364,0.69567364,1.0364747,0.29158261,7.7953214e-10,0.96723915
5278,115,11934,1704,5fzn_FB2_A_1615,6,smina,0.38151141,0.69565144,1.2326303,0.10497323,0,0.72013269
5279,115,11400,1628,5dt0_SKE_A_401,4,gnina,0.60852091,0.69229737,3.4612217,0.090531148,0,4.7680711
5280,115,2111,301,1pke_2FD_B_447,4,gnina,0.59906945,0.69184164,3.3544281,0.17574105,0.031569023,3.5000441
5281,115,9344,1334,4n4j_HG1_A_605,6,smina,0.40657376,0.69076317,1.2275759,0.21877229,8.2795518e-05,1.4711472
5282,115,14228,2032,5xmq_PLG_C_501,4,gnina,0.61813528,0.68753273,3.3599205,0.3792685,0.89712726,4.7933541
5283,115,2118,302,1pke_2FD_C_448,4,gnina,0.55425561,0.68711412,3.4309971,0.12159833,0.070094079,3.5484852
5284,115,594,84,1g79_PLP_A_260,6,smina,0.38122357,0.68698327,1.1969286,0.29096854,0.00021267812,1.7451962
5285,115,15742,2248,6jme_ORO_A_402,6,smina,0.35529754,0.68677479,1.204456,0.20413302,0,0.76177657
5286,115,17252,2464,6tor_PMP_B_504,4,gnina,0.52568509,0.68638961,2.640734,0.35456041,0.19892391,5.0009781
5287,115,16069,2295,6m5m_NAG_A_202,4,gnina,0.51363508,0.68588789,2.1256778,0.3436161,6.1126849e-05,2.3632084
5288,115,5641,805,2xul_AKG_E_201,6,smina,0.34881731,0.68484561,1.2780887,0.14983511,0.015398723,1.5020595
5289,115,15131,2161,6f48_XQB_A_302,4,gnina,0.51365597,0.68445737,2.6032631,0.16892917,0,3.2325065
5290,115,1518,216,1l4f_NCN_A_991,6,smina,0.47020391,0.68419637,2.0287168,0.23036522,0,4.2252167
5291,115,17436,2490,6vo2_R67_A_403,6,smina,0.36705105,0.68399464,1.1978942,0.29224476,0,0.82037563
5292,115,16932,2418,6rlt_MLI_A_508,6,smina,0.34032037,0.68392088,0.83029479,5.9604645e-08,0.62911768,0.63262324
5293,115,1201,171,1j3i_UMP_D_711,4,gnina,0.61451298,0.68372193,3.6609995,0.12424532,0.97627229,4.3846852
5294,115,1775,253,1n3o_GYP_B_1101,4,gnina,0.5101029,0.68333035,2.3820515,0.058999699,0.0016164724,2.4224077
5295,115,6262,894,3t2e_F6R_A_3469,4,gnina,0.51365597,0.68259226,2.6001501,0.2125701,1.1495919e-09,3.166503
5296,115,12291,1755,5hxi_5HN_A_403,6,smina,0.35133448,0.68224532,1.0992547,0.38036695,2.2305846e-07,0.83306974
5297,115,468,66,1fm8_DDC_A_501,6,smina,0.42923344,0.68155173,1.4559302,0.21343048,0,2.0214162
5298,115,10777,1539,4zvz_4TF_C_503,4,gnina,0.62421,0.68108935,3.6408927,0.29268378,0.0056445703,4.2811702
5299,115,10492,1498,4ywd_NTM_A_704,6,smina,0.34262231,0.68041122,0.86812598,0.053501461,0,0.94929151
5300,115,9289,1327,4mpr_TPP_A_602,0,surfdock,0.54992866,0.67962927,3.1758926,0.28570497,0,4.1714944
5301,115,17133,2447,6t10_M6Z_A_601,4,gnina,0.6196896,0.67925157,3.2707207,0.68512684,0.9613588,1.9965328
5302,115,1222,174,1j3k_UMP_D_711,4,gnina,0.61377503,0.67906034,3.7195928,0.17522138,0.99328345,4.7507824
5303,115,7550,1078,4cld_JUO_B_1270,4,gnina,0.51365597,0.67837034,2.7025931,0.20310117,0,6.0418077
5304,115,7557,1079,4cld_JUO_C_1270,4,gnina,0.51365597,0.67837034,2.7025931,0.20310117,0.0001313266,3.2532454
5305,115,7564,1080,4cld_JUO_D_1270,4,gnina,0.51365597,0.67837034,2.7025931,0.20310117,0.0016900192,3.4561772
5306,115,13293,1899,5oip_9WE_A_302,0,surfdock,0.54992866,0.67823767,3.0703926,0.42445847,0.93587628,3.5959265
5307,115,5016,716,2qim_ZEA_A_160,4,gnina,0.51365597,0.67775942,2.6561682,0.26312268,0.77505353,2.2551645
5308,115,9337,1333,4n36_2F8_C_401,6,smina,0.41011034,0.67748132,1.5299581,0.16404071,0.91756857,1.4557807
5309,115,242,34,1cq1_BGC_A_455,4,gnina,0.50407001,0.67737724,2.2432067,0.28586662,0.0005490441,2.5970248
5310,115,6993,999,3zr0_8OG_A_1157,0,surfdock,0.54992866,0.6765895,2.7281694,0.80633163,0.9732504,3.8000082
5311,115,13591,1941,5u5g_7VD_C_302,4,gnina,0.51365597,0.67597878,2.7320397,0.22709665,0.74006961,2.6339639
5312,115,16855,2407,6rbo_JXQ_A_302,6,smina,0.36278523,0.67473126,1.3443017,0.3082087,2.5258768e-06,2.2959928
5313,115,721,103,1gz5_UDP_D_900,0,surfdock,0.54854384,0.67458729,2.8736582,0.43525055,0,4.3763847
5314,116,9498,1356,4np7_DPJ_A_403,6,smina,0.5381039,0.78212184,1.0281258,0.23947339,0.94365657,1.1039447
5315,116,15897,2271,6kxh_DY9_B_402,0,surfdock,0.55032173,0.73643977,1.6641922,0.6008507,0.024699116,3.6683992
5316,116,15911,2273,6kxh_DY9_D_402,0,surfdock,0.55032173,0.7351084,1.6797771,0.6102159,0.99606636,3.613444
5317,116,15904,2272,6kxh_DY9_C_402,0,surfdock,0.55032173,0.73486485,1.6826264,0.61194587,0.025170642,3.5320594
5318,116,11738,1676,5fay_CHT_B_906,6,smina,0.46580172,0.71836504,1.1412107,0.063014328,0,0.73850606
5319,116,5018,716,2qim_ZEA_A_160,6,smina,0.47537786,0.71688498,1.3808736,0.30735704,1.6855805e-06,1.8369448
5320,116,11731,1675,5fay_CHT_A_908,6,smina,0.46419206,0.7165062,1.1412107,0.063014328,0,0.79423688
5321,116,872,124,1h48_GPP_C_904,4,gnina,0.609489,0.70943336,3.0663586,0.086066574,0.08741935,4.1632337
5322,116,5681,811,2y00_Y00_A_601,4,gnina,0.65862621,0.70641157,3.4344389,0.56898439,0.95648764,4.6735275
5323,116,17499,2499,6x9d_HYP_B_2002,6,smina,0.46885274,0.70616794,1.5616657,0.30321833,0.99915038,1.0290334
5324,116,11178,1596,5ci9_549_A_402,6,smina,0.37546259,0.70564035,1.0195456,0.15442325,0,1.1552565
5325,116,5688,812,2y00_Y00_B_601,4,gnina,0.66320387,0.70136736,3.5918331,0.56126249,0.98743094,4.451045
5326,116,4108,586,2fu9_MP2_B_2410,6,smina,0.45556412,0.70083374,1.288249,0.12935975,8.7977627e-06,4.3669546
5327,116,1182,168,1j0y_BGC_B_2601,6,smina,0.43388258,0.69964937,1.3483467,0.03462832,0.99200104,0.98735226
5328,116,16079,2297,6m9b_BTN_A_201,0,surfdock,0.55032173,0.69937099,2.9400768,0.073835827,0.9921411,3.3735297
5329,116,16086,2298,6m9b_BTN_B_201,0,surfdock,0.55032173,0.69937099,2.9400768,0.073835827,0,3.3693171
5330,116,16100,2300,6m9b_BTN_D_201,0,surfdock,0.55032173,0.69937099,2.9400768,0.073835827,0.99366944,6.2409042
5331,116,16244,2320,6ncx_ADA_D_601,4,gnina,0.512592,0.69869732,2.4463444,0.037703022,0.00105751,7.4967684
5332,116,17602,2514,6yta_IYZ_A_702,4,gnina,0.61648531,0.69833151,3.0541537,0.37153208,0.90923012,4.2537224
5333,116,7448,1064,4c7g_NGO_A_1495,0,surfdock,0.55032173,0.69717981,2.498636,0.56331795,0,2.8809428
5334,116,4449,635,2j5b_TYE_A_1336,4,gnina,0.52112444,0.69705993,2.4249666,0.31763896,0.18788128,3.1861167
5335,116,16230,2318,6ncx_ADA_A_601,4,gnina,0.512592,0.69690156,2.4713998,0.049290538,0.00069010586,6.3786462
5336,116,4284,612,2hi4_BHF_A_800,0,surfdock,0.55222627,0.6959202,3.2136278,0.13016827,0.99774251,3.7382557
5337,116,3126,446,1yik_MM1_A_501,4,gnina,0.48345056,0.69486993,1.9118284,0.22552149,0.00053327132,1.7877393
5338,116,2741,391,1um4_SH4_H_1001,4,gnina,0.60372166,0.69429711,3.161479,0.30888575,0.77252682,4.8239939
5339,116,4262,608,2gzm_DGL_A_501,6,smina,0.46465501,0.69325327,1.4469267,0.16107866,0.99320177,1.5348839
5340,116,14200,2028,5xin_XLS_D_397,4,gnina,0.60331488,0.69026662,3.3667126,0.19682418,0.14759603,3.9932391
5341,116,4617,659,2nz5_226_A_432,4,gnina,0.51240031,0.68872514,2.1540015,0.24743509,4.3177406e-07,2.0492219
5342,117,5683,811,2y00_Y00_A_601,6,smina,0.58509446,0.73780084,2.0946581,0.4130252,0,5.8160363
5343,117,5690,812,2y00_Y00_B_601,6,smina,0.59270139,0.72788934,2.1606963,0.55603993,0,6.253308
5344,117,3794,542,2d1j_D01_A_700,0,surfdock,0.55051213,0.72389097,2.4124162,0.095650703,0,4.4753754
5345,117,14168,2024,5xdt_ZI7_A_403,0,surfdock,0.55051213,0.71468719,2.1529331,0.53963155,0.76888049,4.1793473
5346,117,11479,1639,5e9m_BAE_A_2001,6,smina,0.38249874,0.71325097,0.94240683,0.13975871,0.0020392714,0.72566078
5347,117,7454,1064,4c7g_NGO_A_1495,6,smina,0.34904387,0.71310756,0.83014679,0.0022807908,0.00072600716,1.0494616
5348,117,7445,1063,4c67_L5S_A_1170,4,gnina,0.51277308,0.71201924,2.1226966,0.10451854,0.99747818,2.8730161
5349,117,17149,2449,6t5p_VD8_C_302,6,smina,0.4879487,0.70877773,1.6886854,0.19739848,0.99316166,2.3804605
5350,117,5172,738,2ri1_GLP_A_234,6,smina,0.37117338,0.69924397,1.0631696,0.21158342,0.026492459,1.5202157
5351,117,6867,981,3wur_O4B_A_202,0,surfdock,0.5169294,0.69859246,2.3818696,0.31414548,0.97220594,2.8915291
5352,117,6887,983,3wur_O4B_B_202,6,smina,0.38802043,0.69837675,1.2186838,0.12156672,0,0.79318039
5353,117,13530,1932,5thu_GGG_B_405,6,smina,0.43237513,0.69751409,1.1779877,0.24796867,5.424622e-08,2.0386528
5354,117,8714,1244,4i9n_1E6_F_401,6,smina,0.54557569,0.69178236,2.4952967,0.41928405,0.93153309,10.111533
5355,117,475,67,1foi_14W_A_810,6,smina,0.44201824,0.69158985,1.2884034,0.27496508,1.1915409e-07,1.0185815
5356,117,10651,1521,4zo7_BGC_A_805,4,gnina,0.52049779,0.69149903,2.8381393,0.038112376,6.2179074e-07,3.321725
5357,117,16755,2393,6qot_6SD_B_301,4,gnina,0.51277308,0.68992616,2.6116474,0.060423851,0.99437303,2.3768527
5358,117,8245,1177,4ghf_4NC_C_402,6,smina,0.34904387,0.68833972,1.1215221,0.10956138,0,1.2487784
5359,117,1131,161,1iwe_IMP_B_1443,4,gnina,0.61588693,0.68796541,3.5316741,0.11933944,0.011203601,4.5156244
5360,117,14018,2002,5wgr_PM7_A_711,4,gnina,0.51277308,0.68710087,2.5022883,0.22978689,0,3.1470697
5361,117,16449,2349,6ooi_PGA_B_301,6,smina,0.45452586,0.68629805,1.5954624,0.090802804,0.071158905,1.1045404
5362,117,11248,1606,5d8u_0N8_A_203,6,smina,0.38125626,0.68621104,1.2339298,0.30155849,2.5664386e-08,3.7009423
5363,117,12361,1765,5i8z_JA1_A_302,6,smina,0.46320225,0.68596099,1.5321547,0.19596423,0,4.6983573
5364,117,2253,321,1q4g_BFL_B_1701,6,smina,0.46572246,0.68575361,2.0921972,0.11997377,0,1.5874746
5365,117,9853,1407,4rkz_3S4_B_401,4,gnina,0.51277308,0.68541751,2.6187603,0.14942057,0.95019174,2.8667634
5366,117,16470,2352,6ooi_PGA_E_301,6,smina,0.45766033,0.68471062,1.6120571,0.11030981,0.12410474,1.3217641
5367,117,17147,2449,6t5p_VD8_C_302,4,gnina,0.52265047,0.68428768,2.9380081,0.10592481,0.99362511,3.6204005
5368,117,16491,2355,6ooi_PGA_H_302,6,smina,0.43974827,0.68413495,1.5954624,0.090802804,0.53983538,1.044435
5369,117,16442,2348,6ooi_PGA_A_301,6,smina,0.44773511,0.68403685,1.6064897,0.10357137,0.68629142,1.0568295
5370,117,16463,2351,6ooi_PGA_D_301,6,smina,0.45042227,0.6838181,1.6120571,0.11030981,0.63102214,1.0905825
5371,117,12858,1836,5kxb_NGA_B_305,6,smina,0.47393543,0.68371852,1.8356136,0.47759083,0.94351,1.5517801
5372,117,8273,1181,4gmu_OXL_A_705,6,smina,0.3298195,0.68282504,0.82853395,5.9604645e-08,3.5458718e-05,0.61950761
5373,117,3927,561,2ei7_D93_A_700,0,surfdock,0.55051213,0.68209016,2.7918327,0.61532217,0,4.5935335
5374,117,3903,557,2ef9_A5P_A_1269,4,gnina,0.51277308,0.68207693,2.4372938,0.4033286,0.14690924,2.6256854
5375,117,2566,366,1tl2_NDG_A_238,4,gnina,0.51274802,0.68169831,2.4258108,0.15193704,0.98335812,2.4517397
5376,117,10980,1568,5av3_KMP_A_300,4,gnina,0.62428666,0.68050919,3.7932866,0.13107501,7.4367066e-07,2.7251144
5377,117,16104,2300,6m9b_BTN_D_201,4,gnina,0.62261874,0.68022187,3.593643,0.32989091,0.99107935,3.3436855
5378,117,16083,2297,6m9b_BTN_A_201,4,gnina,0.62193916,0.68009374,3.593643,0.32989091,0.99416538,3.4638671
5379,117,3639,519,2bx7_34D_B_1313,6,smina,0.3393708,0.67998772,0.89588594,0.051840726,0.013457812,1.0365207
5380,117,7452,1064,4c7g_NGO_A_1495,4,gnina,0.51277308,0.67979805,2.4252591,0.4653953,0.98097349,2.1578102
5381,117,7349,1049,4bu7_25F_C_2165,6,smina,0.46698234,0.67948562,2.0242863,0.33756816,0,1.5496769
5382,117,6892,984,3wur_O4B_B_204,4,gnina,0.55904257,0.67902019,3.3630388,0.40622216,0.9262004,1.5026222
5383,117,10471,1495,4yu7_DHC_A_204,6,smina,0.34997839,0.67901358,1.192719,0.38977292,0,1.418276
5384,117,5065,723,2qui_LTN_B_478,4,gnina,0.51277308,0.67886929,2.563395,0.34779611,0.074536037,2.9417284
5385,117,10478,1496,4yu7_DHC_B_203,6,smina,0.35344541,0.67883863,1.1976709,0.39899683,0,1.7202652
5386,117,7342,1048,4bu7_25F_A_2165,6,smina,0.46647515,0.67845497,2.0071688,0.364216,0,2.0353322
5387,117,5058,722,2qui_LTN_A_501,4,gnina,0.51277308,0.67837466,2.5662222,0.35593992,0.0093701276,3.0026054
5388,117,8385,1197,4hez_1MZ_A_307,6,smina,0.3270271,0.67821048,0.84000891,0.016227998,0,0.3942376
5389,117,7802,1114,4d3s_BOG_F_1000,4,gnina,0.65464773,0.67782094,4.0869575,0.63597053,0.91158733,7.9378122
5390,117,11780,1682,5fh3_OXL_A_703,6,smina,0.32332135,0.67776886,0.82853395,5.9604645e-08,7.311055e-06,0.53336895
5391,117,986,140,1hkn_N2M_C_4138,6,smina,0.38029648,0.67776881,1.4134477,0.27053058,0,1.0757368
5392,118,2568,366,1tl2_NDG_A_238,6,smina,0.56777417,0.81588122,1.0409672,0.15005657,0.98017502,1.1909251
5393,118,16757,2393,6qot_6SD_B_301,6,smina,0.57274721,0.76108182,1.5567141,0.50326866,0,1.4271856
5394,118,9855,1407,4rkz_3S4_B_401,6,smina,0.55297829,0.7351718,2.0000305,0.50003475,0.2163614,1.9472618
5395,118,11095,1585,5c8w_PCG_A_302,0,surfdock,0.55010229,0.70821169,2.6935194,0.11551798,0.99197156,3.7918229
5396,118,11102,1586,5c8w_PCG_B_303,0,surfdock,0.55010229,0.70702128,2.698508,0.13552587,0,3.6234255
5397,118,11116,1588,5c8w_PCG_F_302,0,surfdock,0.55010229,0.70586573,2.7024419,0.15597798,0,3.5784222
5398,118,13054,1864,5mot_HBD_A_402,6,smina,0.34830522,0.70074903,1.0205269,0.21954481,0,0.68978519
5399,118,3891,555,2eb5_OXL_C_2003,6,smina,0.34335633,0.69750201,0.82665998,5.9604645e-08,0.028213748,0.57849242
5400,118,3366,480,1zuw_DGL_C_3301,6,smina,0.34613858,0.69133864,1.159129,0.056189317,0.99425373,1.517351
5401,118,3877,553,2eb5_OXL_A_2001,6,smina,0.33491458,0.69008864,0.82665998,5.9604645e-08,0.084324625,0.59314971
5402,118,12725,1817,5jj2_MLI_A_303,6,smina,0.3325366,0.68710327,0.83302611,0.0090029323,0.80087995,0.56946669
5403,118,8175,1167,4f8n_PC_A_202,6,smina,0.35586128,0.6869026,1.1913462,0.29901797,0,1.0794709
5404,118,16806,2400,6r5o_BGC_A_802,6,smina,0.34584229,0.68651956,0.94895428,0.093227632,6.2702144e-07,0.92217549
5405,118,13810,1972,5v31_ARG_A_401,6,smina,0.34613858,0.68553526,1.1029247,0.21140449,9.7121824e-06,2.4792369
5406,118,15637,2233,6i6r_H62_A_704,6,smina,0.35047762,0.6847048,1.1689448,0.3538366,0.036343028,0.96125659
5407,118,4561,651,2ntk_IMP_B_206,4,gnina,0.6210535,0.68469623,3.611105,0.14769216,0.98638931,4.3099784
5408,118,1679,239,1m3u_KPL_J_265,6,smina,0.45947451,0.68357391,1.7596546,0.029844152,0.25874524,1.0062959
5409,118,1651,235,1m3u_KPL_E_265,6,smina,0.45933817,0.68349964,1.7596546,0.029844152,0.98668302,1.0558685
5410,118,13808,1972,5v31_ARG_A_401,4,gnina,0.51371484,0.68338944,2.2617638,0.55231595,2.2027105e-07,2.7105649
5411,118,9790,1398,4r2n_PHE_C_402,4,gnina,0.51364012,0.6831458,2.0443399,0.49887478,0.00033469632,3.7266011
5412,118,11169,1595,5ci9_549_A_401,4,gnina,0.51371484,0.68280882,2.4548585,0.37184897,3.1141058e-07,2.2561226
5413,118,13593,1941,5u5g_7VD_C_302,6,smina,0.46021684,0.68194555,1.3834943,0.44637313,0.9364544,0.77821483
5414,118,8847,1263,4jh6_FCN_A_202,6,smina,0.34273023,0.68186526,1.0235511,0.046028804,0,0.65006639
5415,118,17590,2512,6yaw_P9H_B_502,6,smina,0.53373053,0.68181131,2.6487567,0.45924056,0.69172576,18.197718
5416,118,4764,680,2prg_BRL_A_1,4,gnina,0.60372406,0.68148725,3.3292029,0.42546931,0.033131172,5.4600369
5417,118,9286,1326,4mop_2H5_C_703,4,gnina,0.60848785,0.68085469,3.6702678,0.11433123,0.59579586,7.8134848
5418,118,7447,1063,4c67_L5S_A_1170,6,smina,0.57413887,0.6804764,2.621793,1.1130301,0,2.5477126
5419,118,8260,1180,4gim_PSU_C_400,0,surfdock,0.55010229,0.68008365,3.0523727,0.38287812,0.94561269,3.8482246
5420,118,9111,1301,4lm7_U5P_A_201,4,gnina,0.51964192,0.67981936,2.5882146,0.53737688,0.11201742,3.6309621
5421,118,2170,310,1pr6_XYA_A_1245,0,surfdock,0.55010229,0.67911154,2.9912484,0.46704611,0.98852205,3.0507016
5422,118,13766,1966,5uo3_8EY_A_803,4,gnina,0.62460251,0.67860721,3.8516369,0.098422922,5.8257169e-06,4.9549634
5423,118,10343,1477,4xpq_FUL_A_1003,4,gnina,0.51215415,0.67851402,2.3028848,0.28918195,0.0014670546,2.0473653
5424,118,17359,2479,6uxr_K6G_B_202,6,smina,0.49800538,0.67821996,2.1254435,0.395749,0.00094209117,6.4541643
5425,118,2177,311,1pr6_XYA_C_1247,0,surfdock,0.55010229,0.67810631,2.9987953,0.48343131,0.95218787,3.3425518
5426,118,16820,2402,6r5o_BGC_B_802,6,smina,0.33678869,0.67798854,0.94814587,0.093968764,1.446089e-06,0.9768059
5427,118,11568,1652,5eo7_SFU_C_403,4,gnina,0.50795809,0.67792125,2.4850109,0.079522677,0.85826809,2.1989231
5428,118,13888,1984,5vv5_9OJ_A_803,0,surfdock,0.55010229,0.67776362,3.1925135,0.29789725,0.06298845,3.3779899
5429,118,11171,1595,5ci9_549_A_401,6,smina,0.34613858,0.67767561,1.0858899,0.36660641,0,1.5641601
5430,118,9237,1319,4mig_G3F_D_802,4,gnina,0.65616625,0.67748238,4.0916595,0.61672002,0.52596377,8.2696657
5431,118,14615,2087,6a1l_BEZ_A_404,6,smina,0.33391154,0.67745459,0.90540838,0.11136692,0.37966528,0.58247424
5432,118,9223,1317,4mig_G3F_A_802,4,gnina,0.65107498,0.67706279,4.0633259,0.64474428,0.0076048913,7.4356154
5433,118,2827,403,1vkf_CIT_D_503,6,smina,0.34840096,0.67693896,1.5052023,0.15488011,0.0005962425,1.4937243
5434,118,17406,2486,6vmz_NAG_E_402,4,gnina,0.51827452,0.67608336,2.9185312,0.285,2.8668874e-06,4.5224866
5435,118,17399,2485,6vmz_NAG_C_402,4,gnina,0.51827452,0.67601614,2.9185312,0.285,0.00057656782,4.060131
5436,118,3884,554,2eb5_OXL_B_2002,6,smina,0.31048187,0.67590653,0.82665998,5.9604645e-08,0.070084887,0.52881262
5437,118,17392,2484,6vmz_NAG_A_402,4,gnina,0.51827452,0.67571593,2.910183,0.29873604,0.067424982,4.1950506
5438,118,14865,2123,6c1i_EEY_B_501,4,gnina,0.62590471,0.67567115,3.3148587,0.7146399,3.5019191e-10,3.2078931
5439,118,9461,1351,4nir_6DH_B_306,4,gnina,0.51371396,0.67563859,2.680783,0.0613744,0.004971992,2.4373744
5440,118,10723,1531,4zu3_4SD_C_301,6,smina,0.34188646,0.67525511,1.0756315,0.097618349,0.91737285,1.0318125
5441,118,14858,2122,6c1i_EEY_A_501,4,gnina,0.62380476,0.67523457,3.3088043,0.71551263,0.98264032,2.8374682
5442,119,3364,480,1zuw_DGL_C_3301,4,gnina,0.84053945,0.83222502,2.6572316,0.28266326,0.98220046,2.5073306
5443,119,10721,1531,4zu3_4SD_C_301,4,gnina,0.83537653,0.81398687,2.8041656,0.43891972,0.93362789,3.3884787
5444,119,11570,1652,5eo7_SFU_C_403,6,smina,0.44917913,0.72474921,0.95671922,0.11011782,0.80519618,0.89212561
5445,119,9307,1329,4mr8_2BW_A_507,4,gnina,0.51230502,0.71442585,1.6938537,0.51190454,0.00041973873,3.3471246
5446,119,13545,1935,5tlg_7EG_B_601,0,surfdock,0.55043271,0.70940271,2.2607269,0.5449695,0.9922672,4.2588869
5447,119,17779,2539,7kje_NRD_A_405,6,smina,0.34721399,0.70733382,0.8997677,0.075396888,0.045513768,2.4326217
5448,119,3282,468,1zmt_RNO_A_1002,6,smina,0.42403527,0.70449711,1.2231995,0.10676412,0,1.117568
5449,119,13600,1942,5u5g_7VD_D_302,6,smina,0.38453947,0.70335603,1.1672087,0.12067275,0.93651939,0.82089849
5450,119,17777,2539,7kje_NRD_A_405,4,gnina,0.51230502,0.70271903,2.1549113,0.27989298,0,3.0632896
5451,119,4864,694,2q6m_P34_A_1002,6,smina,0.40440369,0.70063122,1.1524166,0.20509443,0,2.6494063
5452,119,2974,424,1x7j_GEN_B_202,6,smina,0.49370802,0.69777099,1.9641155,0.16998304,0,2.7023345
5453,119,13306,1900,5oir_9W8_A_302,6,smina,0.41771739,0.69700253,1.3188925,0.1115716,0,1.6236539
5454,119,3289,469,1zmt_RNO_B_1001,6,smina,0.37356116,0.69617233,1.2569405,0.12145926,0,1.1282308
5455,119,5648,806,2xul_AKG_F_201,6,smina,0.34814381,0.69283905,1.1788906,0.21051891,1.1211021e-06,1.547764
5456,119,8371,1195,4hez_1MZ_A_304,6,smina,0.33452395,0.69150485,0.82139277,0,0,0.48904621
5457,119,5457,779,2wdq_CBE_K_1130,4,gnina,0.62484155,0.69030821,3.5501444,0.097766012,3.4621361e-06,10.613055
5458,119,1938,276,1o2i_655_A_246,6,smina,0.41387197,0.6901676,1.2602695,0.28503934,0,4.9790762
5459,119,9309,1329,4mr8_2BW_A_507,6,smina,0.34721399,0.69000993,1.0772934,0.18193643,0.00053486694,2.1813901
5460,119,5443,777,2wdq_CBE_C_1130,4,gnina,0.62391645,0.68991536,3.5519314,0.095958881,3.5757344e-06,11.452718
5461,119,2043,291,1p1w_AMQ_B_427,6,smina,0.4224121,0.68968693,1.2464337,0.34009323,0,1.4749585
5462,119,6327,903,3tky_N7I_D_369,6,smina,0.36488031,0.68933014,1.4263954,0.059344903,0,1.356352
5463,119,11312,1616,5did_5CK_B_601,0,surfdock,0.55043271,0.68860569,2.968405,0.29210156,0,3.6121037
5464,119,11305,1615,5did_5CK_A_601,0,surfdock,0.55043271,0.68854493,3.0021946,0.25970131,0.99497961,3.6881318
5465,119,6243,891,3sli_SKD_A_760,6,smina,0.34721399,0.68846311,1.2142206,0.071420416,0,2.4848865
5466,119,15203,2171,6f77_PLP_E_600,6,smina,0.43591543,0.68705148,1.5374752,0.12829243,0,2.9383094
5467,119,8301,1185,4gy9_ZIP_A_201,6,smina,0.34799717,0.68674061,1.3922662,0.10284466,0.0031092819,1.1414113
5468,119,7469,1067,4cb5_93G_A_1484,0,surfdock,0.55043271,0.68633762,2.6349983,0.67762494,0,3.6555479
5469,119,12830,1832,5kjw_53C_A_800,6,smina,0.37078899,0.68615047,1.2261459,0.32169446,0,0.83265762
5470,119,3303,471,1zmt_RNO_D_1004,6,smina,0.34721399,0.68589052,1.2231995,0.10676412,0,1.1452736
5471,119,16118,2302,6md2_GW9_B_501,4,gnina,0.51230502,0.68572532,2.4770968,0.31129611,0,2.6788485
5472,119,1000,142,1ho5_ADN_B_2604,6,smina,0.38052779,0.68522104,1.3075385,0.28030011,0.11377593,2.8643298
5473,119,1061,151,1ij8_BNI_B_502,4,gnina,0.55267475,0.68509928,3.1816776,0.40997237,0.18729102,5.8174048
5474,119,5382,768,2vsu_V55_D_1251,6,smina,0.34666758,0.68364414,0.94019413,0.16801043,1.9703024e-07,1.38022
5475,119,14923,2131,6cgn_DA_A_801,6,smina,0.48131859,0.68354989,1.9923338,0.39323232,0.00014145737,5.358857
5476,119,5375,767,2vss_V55_D_1250,6,smina,0.34680531,0.6820389,0.9524582,0.18535453,6.0635982e-07,1.1663947
5477,119,9601,1371,4p7q_NAG_A_706,4,gnina,0.50241289,0.68177332,2.3159206,0.16202538,4.4280901e-06,2.2061889
5478,119,2027,289,1oxp_IK2_A_411,4,gnina,0.61413817,0.68134771,3.5950305,0.18153383,8.2486259e-06,4.4989422
5479,119,12151,1735,5h24_LQG_B_501,6,smina,0.38943863,0.67919815,1.5580996,0.16811045,0,3.4969864
5480,119,15586,2226,6hpx_GKQ_A_205,4,gnina,0.60848825,0.67908553,2.7983739,1.0196513,5.2846481e-12,4.8539609
5481,119,16401,2343,6ofr_BOG_A_802,0,surfdock,0.55043271,0.67895665,3.0763416,0.4095124,0,3.0557283
5482,119,14874,2124,6c1i_KNA_A_502,6,smina,0.44937763,0.67887853,1.5286822,0.332892,1.6652359e-07,1.6417772
5483,119,13853,1979,5vut_9OG_A_803,0,surfdock,0.55043271,0.67867407,3.1265299,0.36606833,0.93034317,3.2684947
5484,119,15330,2190,6flu_DTK_B_406,0,surfdock,0.55034805,0.67860843,3.0640152,0.18127616,0.11624599,3.2869045
5485,119,713,101,1gz5_G6P_B_901,6,smina,0.34721399,0.67813479,1.3806156,0.086035609,1.2296307e-06,1.9706202
5486,119,15784,2254,6jyg_FLC_A_401,6,smina,0.40910665,0.6780033,1.6375581,0.12785722,0.02219523,1.6013919
5487,119,720,102,1gz5_G6P_C_901,6,smina,0.34721399,0.67799007,1.3901581,0.079088382,6.8706661e-06,2.4637235
5488,119,15931,2275,6l59_CIT_B_403,6,smina,0.34721399,0.67781761,1.4410702,0.031271506,0,1.7256828
5489,119,10373,1481,4xv4_25T_A_302,6,smina,0.31118227,0.6776699,0.82139277,0,0.42025833,0.60348342
5490,119,2141,305,1pl6_572_C_409,6,smina,0.34721399,0.67753284,1.2201899,0.25726771,0,2.6751478
5491,119,6306,900,3tky_N7I_A_369,6,smina,0.34721399,0.67728345,1.3031732,0.17876914,0,1.6402068
5492,120,3828,546,2dm5_ODI_A_312,6,smina,0.33920657,0.71756732,0.82865763,0.01062359,0.15456901,1.3862739
5493,120,3826,546,2dm5_ODI_A_312,4,gnina,0.51134989,0.71632709,1.5984606,0.57975197,0.82854696,1.9903694
5494,120,4288,612,2hi4_BHF_A_800,4,gnina,0.62668963,0.71450405,2.6544085,0.45925909,0.99702579,2.9009067
5495,120,16085,2297,6m9b_BTN_A_201,6,smina,0.46365589,0.69983299,1.8149652,0.21058547,0,3.6051664
5496,120,6871,981,3wur_O4B_A_202,4,gnina,0.58263033,0.69236367,3.4198895,0.014574046,0.78454159,1.7274669
5497,120,13586,1940,5u5g_7VD_B_302,6,smina,0.34606984,0.69030259,1.312452,0.15314724,0.85159144,0.8436617
5498,120,12471,1781,5ioq_DUR_C_302,4,gnina,0.52124009,0.69004992,2.8119812,0.0988575,9.8145322e-07,3.6211824
5499,120,12494,1784,5irw_D9P_B_202,6,smina,0.46283984,0.68907972,1.9073868,0.31813917,0.98180725,6.6937768
5500,120,13682,1954,5uda_CAE_B_502,4,gnina,0.46623828,0.68636229,1.9256268,0.39177588,0.051776905,1.9225434
5501,120,5564,794,2xh0_PEP_A_1440,6,smina,0.33920657,0.68519273,1.2212305,0.14478098,0.99572164,1.3832842
5502,120,6384,912,3ucc_2PG_A_601,0,surfdock,0.55038367,0.68403879,2.7677326,0.59586769,0,2.5801554
5503,120,6391,913,3ucc_2PG_B_601,0,surfdock,0.55038367,0.68296771,2.7842281,0.60438943,0,2.8605478
5504,120,6101,871,3qwi_CUE_D_272,4,gnina,0.51134953,0.68295478,2.2572231,0.38079652,6.3207392e-07,3.0645171
5505,120,12478,1782,5ioq_DUR_D_302,4,gnina,0.51134989,0.67973581,2.8455961,0.082693972,0.00045323262,3.2452737
5506,120,839,119,1h48_CDI_A_201,6,smina,0.33920657,0.67956538,1.3343445,0.13098335,0.00028864406,1.2193671
5507,120,4752,678,2pin_LEG_B_502,6,smina,0.33920656,0.67944425,1.2394403,0.044130459,0,2.154753
5508,120,7804,1114,4d3s_BOG_F_1000,6,smina,0.54697916,0.67903955,3.1824529,0.037934393,6.1716387e-10,4.2524147
5509,120,9750,1392,4qpe_37E_A_901,6,smina,0.34015694,0.67859898,1.2718941,0.39795515,9.8130057e-07,2.2369668
5510,120,10268,1466,4x2f_3WJ_A_601,6,smina,0.46236954,0.6779454,1.5892172,0.4073754,0,2.033594
5511,120,15764,2252,6jwy_PH2_A_802,0,surfdock,0.55038367,0.67758326,3.1363957,0.37978604,0.9927468,2.8593223
5512,120,6369,909,3u1t_MLI_B_350,6,smina,0.30353909,0.67749797,0.82114571,5.9604645e-08,0.00018737299,0.64567667
5513,120,3136,448,1z11_8MO_C_501,0,surfdock,0.55038367,0.67636659,2.5620403,0.98339021,0.98998631,3.0708971
5514,120,3651,521,2bxh_IOS_B_1002,4,gnina,0.51133189,0.67635473,2.7087605,0.031838086,2.4831414e-08,4.5166532
5515,120,4876,696,2qb3_PMP_A_700,4,gnina,0.51134989,0.676002,2.7985351,0.21321544,0.24972116,4.1193097
5516,120,16106,2300,6m9b_BTN_D_201,6,smina,0.46222571,0.67594916,1.8149652,0.21058547,0,2.397752
5517,120,11304,1614,5di7_5CQ_B_601,6,smina,0.42779044,0.67575334,1.7241741,0.1631515,0,1.5473431
5518,120,14034,2004,5wgv_PM7_A_713,6,smina,0.33920657,0.67551662,1.4096154,0.12870899,0,1.2614784
5519,120,13080,1868,5mzp_CFF_A_2401,4,gnina,0.50726,0.67529218,2.3117061,0.35950628,0.040571855,1.6443486
5520,121,5562,794,2xh0_PEP_A_1440,4,gnina,0.83423914,0.76346001,3.517925,0.82839966,0.99472856,4.1877164
5521,121,6997,999,3zr0_8OG_A_1157,4,gnina,0.61682239,0.71401645,2.8134356,0.19899517,0.77570494,4.6531047
5522,121,17135,2447,6t10_M6Z_A_601,6,smina,0.44670414,0.70562084,1.212245,0.20313391,0,0.97398819
5523,121,9694,1384,4q40_VAL_A_403,6,smina,0.33872917,0.70484831,0.94185418,0.1200885,1.8802408e-05,0.80496365
5524,121,9701,1385,4q40_VAL_B_403,6,smina,0.33872917,0.70484831,0.94185418,0.1200885,8.2591593e-07,0.8341732
5525,121,6873,981,3wur_O4B_A_202,6,smina,0.3941717,0.70457408,1.0263282,0.28989246,0,0.87504114
5526,121,4095,585,2fr6_URI_B_1002,0,surfdock,0.55032436,0.7023826,2.6205113,0.32405379,0,3.3668069
5527,121,6878,982,3wur_O4B_B_201,4,gnina,0.51332559,0.69342612,2.3273504,0.4957372,0.88813638,1.6296105
5528,121,17157,2451,6t9c_MX8_A_501,0,surfdock,0.55032436,0.69306406,3.0517874,0.096988976,0,4.213201
5529,121,8392,1198,4hgg_SYN_A_502,6,smina,0.33137081,0.69065891,0.86139411,0.056640252,3.0795128e-07,0.61991787
5530,121,10143,1449,4w1v_3GS_B_502,0,surfdock,0.55032436,0.68995346,2.2063046,1.0124894,0,3.9740663
5531,121,4610,658,2nz5_226_A_431,4,gnina,0.50779122,0.68480941,1.9277548,0.56700581,2.1495134e-06,2.2380872
5532,121,6864,980,3wur_O4B_A_201,4,gnina,0.51445371,0.68418082,2.3062363,0.72338235,2.5142775e-07,2.689284
5533,121,622,88,1g8z_GAL_G_104,6,smina,0.32965352,0.68374054,0.92112547,0.094656162,3.1325451e-07,0.90068702
5534,121,426,60,1euu_GAL_A_2,6,smina,0.32505111,0.68372207,0.91697317,0.067622483,0.25925457,0.75891931
5535,121,1525,217,1l5o_2MP_A_990,6,smina,0.3044234,0.68246214,0.82134336,0,0,0.5097731
5536,121,13922,1988,5vyr_GMP_B_302,6,smina,0.33872917,0.68231838,1.343955,0.097992212,0,3.0984113
5537,121,15945,2277,6l86_LMR_A_302,6,smina,0.33872917,0.68222964,1.181283,0.2622366,0.6539197,0.94335803
5538,121,8980,1282,4kqx_HIO_B_401,6,smina,0.30475855,0.68178828,0.82846802,0.010075766,0.045117141,1.0237191
5539,121,15952,2278,6l86_LMR_B_302,6,smina,0.33872917,0.68133522,1.1946155,0.26477861,0.8606717,1.2852904
5540,121,4290,612,2hi4_BHF_A_800,6,smina,0.46124121,0.68000614,1.6169634,0.35401466,0,1.405068
5541,121,5821,831,2z48_NGA_A_1004,4,gnina,0.51048613,0.67957541,2.604605,0.32534829,0.14613653,2.4726046
5542,121,5842,834,2z48_NGA_B_2004,4,gnina,0.51048613,0.67957541,2.604605,0.32534829,0.1194217,2.6482996
5543,121,9715,1387,4q40_VAL_D_403,6,smina,0.32249712,0.67953686,0.91150075,0.12750177,0.00063821345,0.98148945
5544,121,5319,759,2vjb_CCD_B_1539,6,smina,0.33872917,0.67937499,1.3381276,0.15627666,0,1.0594315
5545,121,5807,829,2z48_NGA_A_1002,4,gnina,0.51048613,0.6793117,2.6139474,0.32185322,5.4928245e-05,2.6025467
5546,121,15768,2252,6jwy_PH2_A_802,4,gnina,0.62575345,0.67872899,3.592335,0.34432337,0.97439447,3.6011282
5547,121,16344,2334,6nsu_DYA_A_402,6,smina,0.33872917,0.67863235,1.2845849,0.22316287,0.010686055,0.84947911
5548,121,5779,825,2z48_A2G_A_1001,4,gnina,0.51048613,0.67838094,2.6468906,0.30960009,0.66874474,2.9817969
5549,121,5814,830,2z48_NGA_A_1003,4,gnina,0.51048613,0.67838094,2.6468906,0.30960009,0.8858936,2.8103148
5550,121,5800,828,2z48_A2G_B_2005,4,gnina,0.51048613,0.67824692,2.6516278,0.30784827,0.88704387,2.7595972
5551,121,2204,314,1pym_OXL_A_1001,6,smina,0.30308262,0.6782283,0.82134336,0,0.010642768,0.60933813
5552,121,10793,1541,5a02_GOL_A_1341,6,smina,0.3323674,0.6780092,0.95293075,0.17957248,1.0032423e-05,0.75023248
5553,121,5704,814,2y4j_LAC_B_400,6,smina,0.31079281,0.67770755,0.88129193,0.084780097,5.3116648e-05,0.59849242
5554,121,13656,1950,5uap_82S_B_505,6,smina,0.30573782,0.67740288,0.87582093,0.050440338,0,0.58220535
5555,121,16562,2366,6po9_OS7_A_803,0,surfdock,0.55032436,0.67662426,3.4689515,0.06088246,0.26412292,3.7755204
5556,121,16569,2367,6po9_OS7_B_804,0,surfdock,0.55032436,0.67661214,3.4662411,0.063884236,0.40392794,3.8649129
5557,121,11045,1577,5bkd_AKG_A_502,6,smina,0.33536532,0.67640451,1.0126599,0.18614003,3.7492852e-06,1.1304436
5558,121,6019,859,3mk1_NPO_A_911,6,smina,0.30533447,0.67633964,0.86981744,0.068552643,0,0.74160383
5559,121,16342,2334,6nsu_DYA_A_402,4,gnina,0.51048613,0.6760357,2.5595734,0.44942838,0,1.7174791
5560,121,9085,1297,4l80_OXL_F_402,6,smina,0.37630784,0.6755798,1.4120855,0.39005268,0.073805683,0.63046289
5561,121,10807,1543,5a02_GOL_C_1341,6,smina,0.32736238,0.67555465,0.95293075,0.17957248,3.7947752e-05,0.74496187
5562,121,14811,2115,6bqx_9AG_A_201,6,smina,0.34856796,0.6749485,1.3029102,0.46010405,0.0019581392,1.943745
5563,121,6293,899,3te7_TE7_B_1,0,surfdock,0.55032436,0.67484781,3.2797468,0.29293853,0,3.6430426
5564,121,16391,2341,6ock_9KL_A_601,4,gnina,0.5665673,0.67453061,3.7018754,0.13606907,0,3.3604691
5565,121,13929,1989,5vyr_GMP_B_303,6,smina,0.3032812,0.6738616,0.8620162,0.057520136,0.00043544301,0.61173574
5566,121,10828,1546,5a02_GOL_F_1342,6,smina,0.3269102,0.67318436,0.97233325,0.19519031,1.0092719e-05,0.66363761
5567,121,14728,2104,6b5k_TYD_A_304,0,surfdock,0.55018219,0.67294102,2.7188959,0.65492654,0.94791251,3.8337928
5568,121,13579,1939,5u5g_7VD_A_302,6,smina,0.31370976,0.67278683,0.99218464,0.074349403,0.88740571,0.93316682
5569,121,11052,1578,5bkd_AKG_B_502,6,smina,0.32957469,0.67262571,1.0126599,0.18614003,1.4474867e-06,1.2192784
5570,122,6874,982,3wur_O4B_B_201,0,surfdock,0.7123114,0.83684765,1.8788429,0.22313458,0.83349925,2.8370223
5571,122,15950,2278,6l86_LMR_B_302,4,gnina,0.83003028,0.82054439,2.9806812,0.12958197,0.0029775904,4.9244449
5572,122,15943,2277,6l86_LMR_A_302,4,gnina,0.70514489,0.78284458,2.8958695,0.13592207,0.0059220457,3.7889123
5573,122,6880,982,3wur_O4B_B_201,6,smina,0.46710099,0.75988443,0.96934849,0.077873021,0,0.80772248
5574,122,5816,830,2z48_NGA_A_1003,6,smina,0.52021648,0.7132278,1.8931507,0.51431316,0.88621048,1.3535767
5575,122,5802,828,2z48_A2G_B_2005,6,smina,0.52073811,0.71319834,1.8947166,0.51473475,3.5234666e-07,1.4316511
5576,122,5004,714,2qhv_OC9_A_1001,6,smina,0.37179104,0.70852185,1.0487814,0.17409937,0.80130958,1.3481386
5577,122,4339,619,2i6p_4NP_A_401,6,smina,0.33788319,0.70511729,1.0124646,0.20938045,0,1.5637746
5578,122,2506,358,1thc_FL9_A_130,0,surfdock,0.54930917,0.70360432,2.2695725,0.61882544,3.6158123e-07,3.0397459
5579,122,14398,2056,5ybl_AKG_A_302,6,smina,0.33571197,0.69744107,0.88111186,0.090454437,0.0026718137,1.380149
5580,122,1992,284,1om5_INE_B_791,4,gnina,0.49334973,0.69228319,2.0748358,0.18471032,0.00029421017,2.2517857
5581,122,15411,2201,6gck_EUB_A_302,4,gnina,0.5500528,0.68994343,3.1902516,0.2263047,0.00040353673,3.8875155
5582,122,12704,1814,5jg5_EVF_B_302,6,smina,0.31704581,0.6887896,0.87947392,0.029011695,0.00010441745,0.93827125
5583,122,9954,1422,4u8p_UDP_C_603,0,surfdock,0.54922184,0.68868495,2.1841652,0.80300885,0.97078699,2.6824547
5584,122,6691,955,3wat_BGC_A_403,6,smina,0.3342495,0.68846159,0.96086854,0.12777725,8.4966266e-05,1.1088193
5585,122,6698,956,3wat_BGC_B_403,6,smina,0.33401576,0.6876643,0.96086854,0.12777725,6.5421146e-05,1.1658338
5586,122,10010,1430,4udc_DEX_A_1778,0,surfdock,0.54930917,0.68753887,2.7657449,0.47628838,0.99319767,4.4621984
5587,122,4753,679,2pir_NK_A_933,0,surfdock,0.54930917,0.68736569,2.4482501,0.79773122,0.021549995,2.2585213
5588,122,13327,1903,5osf_A9E_A_404,6,smina,0.37280839,0.68632968,1.4861552,0.12155989,0,2.518607
5589,122,13629,1947,5u8z_83D_C_602,0,surfdock,0.54930917,0.6861234,2.9987619,0.27562606,2.5714219e-07,3.4398438
5590,122,15915,2273,6kxh_DY9_D_402,4,gnina,0.62953453,0.68552302,3.6463642,0.63944793,0,3.7902399
5591,122,12816,1830,5kcp_PFB_B_379,6,smina,0.30480345,0.68539615,0.84060973,0.021010844,0.86263017,0.81476481
5592,122,6388,912,3ucc_2PG_A_601,4,gnina,0.50954396,0.68389013,2.5377176,0.27979535,0.99474864,2.3813394
5593,122,13615,1945,5u8z_83D_A_602,0,surfdock,0.54930917,0.68321467,3.058593,0.28291157,0,3.429471
5594,122,6395,913,3ucc_2PG_B_601,4,gnina,0.50954396,0.68256921,2.5475352,0.29868054,0,2.3806948
5595,122,6689,955,3wat_BGC_A_403,4,gnina,0.50859849,0.68147117,2.4005315,0.18379678,9.098236e-05,2.3900385
5596,122,3807,543,2d20_NPO_B_953,6,smina,0.29677761,0.68136462,0.81391877,0.0042144037,0,0.6844058
5597,122,6696,956,3wat_BGC_B_403,4,gnina,0.50845208,0.6813293,2.4005315,0.18379678,3.2307756e-05,2.0956614
5598,122,11995,1713,5g44_SWX_A_1511,4,gnina,0.50954275,0.68072633,2.220546,0.44251025,2.076966e-06,2.0348691
5599,122,9547,1363,4ofu_DHT_A_1001,6,smina,0.45452961,0.6800953,1.5307804,0.39205456,0,1.4385062
5600,122,9839,1405,4rje_PYR_A_402,4,gnina,0.5157363,0.68001783,2.8806489,0.22400491,0,3.0438745
5601,122,5578,796,2xhk_AKG_A_519,6,smina,0.32295505,0.67984216,0.94216847,0.13463877,0.00030277252,1.0404794
5602,122,3345,477,1zpd_CIT_F_610,6,smina,0.43643148,0.67965582,1.6542169,0.20867863,0.29120456,1.5410847
5603,122,10605,1515,4zhd_4OZ_B_202,0,surfdock,0.54930917,0.67953622,2.5752079,0.8524127,0.017621969,3.2836428
5604,122,12256,1750,5hpu_IPH_C_101,6,smina,0.29657634,0.6795291,0.81093866,5.9604645e-08,0,0.40604514
5605,122,13237,1891,5o4k_9KE_A_405,0,surfdock,0.54930917,0.6786841,3.0398233,0.40794745,0.94895827,3.6962761
5606,122,1019,145,1hsb_ALA_C_1,4,gnina,0.50954396,0.67847174,2.3180993,0.61822271,0,10.826444
5607,122,2330,332,1rum_BEZ_H_1601,6,smina,0.29664545,0.67833547,0.82476825,0.019557878,0.0085915776,0.61898304
5608,122,4589,655,2nu7_COA_B_1325,4,gnina,0.50954396,0.67789559,2.6409695,0.3081539,2.279036e-08,6.5098415
5609,122,417,59,1eow_U2G_A_130,4,gnina,0.50954396,0.67778001,2.7993286,0.15236567,0.57127266,3.1578841
5610,122,9139,1305,4luu_BTM_A_704,4,gnina,0.50950025,0.67757478,2.6667824,0.03359282,0,2.0630656
5611,122,10612,1516,4zhd_4OZ_C_202,0,surfdock,0.54930917,0.67702625,2.6770706,0.81011742,0.015308782,3.5120573
5612,122,6248,892,3sp6_IL2_A_901,4,gnina,0.50954396,0.67683185,2.9306164,0.042227823,0.9470916,6.287205
5613,122,12221,1745,5hfa_FP1_A_608,6,smina,0.33496055,0.67656042,1.0900139,0.20703201,0,1.000826
5614,122,10485,1497,4ywb_OXD_C_704,6,smina,0.29668986,0.6764203,0.85229236,0.033370972,9.1255734e-06,0.56323742
5615,122,12837,1833,5kjw_53C_B_800,6,smina,0.29699174,0.67625598,0.86848336,0.040910576,0,0.82836471
5616,122,14307,2043,5y7r_AKG_B_402,6,smina,0.29655694,0.67615771,0.83004743,0.02702383,1.5085619e-05,1.2767575
5617,122,1735,247,1mrq_STR_A_501,6,smina,0.36984829,0.6751021,1.5059248,0.29972687,0,1.4031264
5618,122,5711,815,2y5a_3AP_A_1295,6,smina,0.30901282,0.67471163,0.97805053,0.083053969,0,0.50854161
5619,122,8875,1267,4jwx_1N4_A_301,6,smina,0.45339692,0.67470182,1.5370697,0.48453352,0,1.6951742
5620,123,6390,912,3ucc_2PG_A_601,6,smina,0.56770597,0.78374598,1.2881714,0.32408807,0.99496091,1.1839913
5621,123,3140,448,1z11_8MO_C_501,4,gnina,0.62674159,0.72574361,2.381361,0.44325408,0.00024697782,4.9202029
5622,123,3262,466,1zjp_DR4_A_1,0,surfdock,0.54853641,0.70543852,2.5944941,0.24328132,0.92249257,3.8631107
5623,123,5390,770,2vzu_PNJ_B_1904,0,surfdock,0.54853641,0.70209692,2.8037128,0.10490016,0.99140071,3.3208998
5624,123,5383,769,2vzu_PNJ_A_1901,0,surfdock,0.54853641,0.70127786,2.8299096,0.09622103,0,3.4364823
5625,123,5781,825,2z48_A2G_A_1001,6,smina,0.42191132,0.70082928,1.4649267,0.0056710071,0.96055526,1.4363315
5626,123,5837,833,2z48_NGA_B_2003,6,smina,0.34289164,0.69159758,1.45727,0.023062844,0.90068636,1.4762016
5627,123,11309,1615,5did_5CK_A_601,4,gnina,0.62906943,0.68857145,3.9757481,0.2082281,0.64527221,3.8857918
5628,123,9134,1304,4lol_1YE_A_402,6,smina,0.36289321,0.68342041,1.4996748,0.14897645,0,1.7752074
5629,123,16979,2425,6s4h_KUQ_A_901,4,gnina,0.62791765,0.68313506,3.8117237,0.48409575,0.55387147,4.6733957
5630,123,14924,2132,6cqu_HI6_A_601,0,surfdock,0.54853641,0.68222486,2.9276314,0.42397711,0,3.6771858
5631,123,16505,2357,6pk1_3PY_A_502,6,smina,0.30023697,0.68197859,0.86176807,0.076629207,8.2027209e-07,0.62670502
5632,123,8876,1268,4jxh_HRC_A_301,0,surfdock,0.54853641,0.68187864,3.0528543,0.30681768,0.98481105,3.1521944
5633,123,11022,1574,5b4o_6DQ_C_201,4,gnina,0.50664822,0.68077505,2.5761955,0.10142392,0.6078156,2.0097878
5634,123,17177,2453,6tbx_N0Z_D_302,6,smina,0.33329404,0.68006651,1.4367048,0.074012086,0,1.0590808
5635,123,5326,760,2vjb_CCD_B_1540,6,smina,0.33327241,0.67849543,1.1514524,0.16564955,0,1.3166006
5636,123,14265,2037,5xvv_AKG_A_508,6,smina,0.33329404,0.67845341,1.3852559,0.15448937,0.00044500508,1.1887547
5637,123,11001,1571,5b4o_6DQ_A_201,4,gnina,0.50664798,0.67834006,2.6141183,0.11422568,0.64306672,2.1167686
5638,123,10387,1483,4xz9_G3P_B_302,6,smina,0.31318752,0.67814791,0.97230643,0.12880856,0.0074782438,0.91559487
5639,123,3968,566,2f3s_7GP_A_998,6,smina,0.43973865,0.67795585,1.6039845,0.33096361,0.65451171,3.0877655
5640,123,9029,1289,4l1x_STR_B_402,6,smina,0.33329404,0.67786539,1.2893571,0.26102042,0,1.356542
5641,123,14272,2038,5xvv_AKG_B_506,6,smina,0.33329404,0.67780145,1.385245,0.16629049,0.013092889,1.1854991
5642,123,10317,1473,4xfh_CYS_A_502,6,smina,0.32508868,0.67708517,1.0233523,0.17527038,0.16594253,1.0354564
5643,123,11015,1573,5b4o_6DQ_B_202,4,gnina,0.48346775,0.67621662,2.5007615,0.074550204,0.27767462,3.6889805
5644,123,14340,2048,5yaq_ISE_D_402,4,gnina,0.50664834,0.67593344,2.8265922,0.16674171,0.96639665,3.7346925
5645,123,14070,2010,5x23_LSN_A_503,0,surfdock,0.54853641,0.67567495,2.8232377,0.68301827,0,3.7762575
5646,123,14931,2133,6cqu_HI6_B_601,0,surfdock,0.54853641,0.67564996,3.1464634,0.3603906,0,3.7611742
5647,123,2246,320,1q4g_BFL_A_701,6,smina,0.45223869,0.67515932,1.8773502,0.15960965,0,1.9863121
5648,123,8068,1152,4ea0_651_A_306,4,gnina,0.54985838,0.67425033,3.6769979,0.097301826,4.7640612e-07,3.9312205
5649,123,5473,781,2wdq_TEO_E_1589,6,smina,0.33329404,0.67404406,1.2906207,0.32953638,0.9623516,1.0322953
5650,123,1819,259,1nme_159_B_9002,6,smina,0.36118749,0.67371645,1.3283483,0.4983438,0,2.6061579
5651,123,15250,2178,6fld_NAG_A_602,4,gnina,0.45839089,0.6735559,2.3288765,0.23787571,2.2550837e-08,2.0782875
5652,123,12242,1748,5hgz_MLA_A_303,6,smina,0.29182098,0.67344531,0.81580943,0.011633823,0.017982742,0.64646212
5653,123,3898,556,2eb5_OXL_E_2005,6,smina,0.29268823,0.67334578,0.85429424,0.066059537,0.033610164,0.55209421
5654,123,14342,2048,5yaq_ISE_D_402,6,smina,0.33329404,0.67299011,1.4860855,0.15352747,0.08979739,1.0030998
5655,123,5760,822,2z1z_MLT_A_433,6,smina,0.30658638,0.67277592,0.99739987,0.13647079,1.2495812e-06,0.93385406
5656,123,8334,1190,4h9x_HL4_B_404,4,gnina,0.46085184,0.67266948,2.4595778,0.13970807,0.61854745,2.6419038
5657,123,13241,1891,5o4k_9KE_A_405,4,gnina,0.60762081,0.67253848,3.3836689,0.50901949,0.00053507212,4.5537094
5658,123,10770,1538,4zvz_4TF_B_503,4,gnina,0.59134934,0.67243241,3.6918879,0.17047884,0.17897515,6.2337663
5659,123,12212,1744,5hfa_FP1_A_607,4,gnina,0.50658407,0.67211357,2.7000716,0.12113292,0.0012453548,2.6795277
5660,123,15621,2231,6i4b_E2N_A_603,4,gnina,0.62719918,0.67174933,4.0565457,0.022360733,0.054876931,4.5321869
5661,123,12226,1746,5hfa_FP1_B_609,4,gnina,0.50627198,0.67127299,2.7000716,0.12113292,0.0016849908,3.0958827
5662,123,10394,1484,4xz9_G3P_C_302,6,smina,0.30252138,0.67115253,0.99246073,0.14326514,0.0095464658,0.8051149
5663,123,10227,1461,4wua_3UL_A_701,0,surfdock,0.54853641,0.67085574,3.1969478,0.42599636,0.98708508,4.1555126
5664,123,8406,1200,4hmx_WUB_A_302,6,smina,0.33327531,0.67075062,1.3350159,0.12060046,0,1.2245327
5665,123,10555,1507,4zb2_GLC_A_403,6,smina,0.30405207,0.67072292,1.0336242,0.11760237,0.035948937,0.86420052
5666,123,9239,1319,4mig_G3F_D_802,6,smina,0.43037741,0.66943351,1.9653591,0.11020027,0.026031548,0.90522631
5667,123,11673,1667,5ezp_IPJ_C_201,4,gnina,0.50664834,0.66941714,2.9530251,0.18859434,0.00029999675,2.8189389
5668,123,9092,1298,4l8q_XMM_A_303,6,smina,0.34859068,0.66938806,1.5241169,0.36982012,0,3.0381033
5669,123,5793,827,2z48_A2G_B_2001,4,gnina,0.50325477,0.66901142,2.5862944,0.23147584,0.89976222,2.6216648
5670,124,5795,827,2z48_A2G_B_2001,6,smina,0.52252774,0.76518688,1.448464,0.058624044,0.90086712,1.4934126
5671,124,3143,449,1z4k_T3P_A_4341,0,surfdock,0.54823987,0.7312735,2.0585773,0.25747463,0.99006705,3.6414356
5672,124,5471,781,2wdq_TEO_E_1589,4,gnina,0.82827838,0.71559428,4.6714721,0.8529107,0.96847194,10.370341
5673,124,8712,1244,4i9n_1E6_F_401,4,gnina,0.81707371,0.71423636,5.3452168,0.06132061,0.80910911,13.983468
5674,124,8336,1190,4h9x_HL4_B_404,6,smina,0.33181454,0.71281523,1.0131921,0.12564579,0,1.175926
5675,124,8880,1268,4jxh_HRC_A_301,4,gnina,0.62340376,0.70479394,2.3980196,0.84578925,0.0011788271,3.669468
5676,124,1785,255,1ne4_RP1_A_401,0,surfdock,0.54823987,0.70042732,2.4827967,0.4538154,0.9695519,3.6174853
5677,124,9155,1307,4lxi_22J_A_301,6,smina,0.35921067,0.69261374,1.4081922,0.089380383,0.75580724,2.2258305
5678,124,12838,1834,5kjz_PCG_A_401,0,surfdock,0.54823987,0.69151104,2.3409882,0.79065239,0.9532402,3.673476
5679,124,15399,2199,6g3f_FUM_A_601,6,smina,0.29278985,0.6871909,0.80622274,5.9604645e-08,0,0.64683766
5680,124,16743,2391,6qor_JBK_B_301,6,smina,0.29352719,0.68717645,0.81810236,0.01680024,0,0.92318494
5681,124,16736,2390,6qor_JBK_A_301,6,smina,0.29345233,0.68692983,0.81810236,0.01680024,0,0.88081274
5682,124,13416,1916,5tch_MLI_A_301,4,gnina,0.62843504,0.6843753,4.1489139,0.12326629,0.88528734,7.5036774
5683,124,14860,2122,6c1i_EEY_A_501,6,smina,0.45070371,0.68366767,1.6978354,0.20666438,0,2.3603312
5684,124,2268,324,1q92_DRM_A_1001,0,surfdock,0.54823987,0.68359477,2.8996532,0.41157517,0.98807652,3.3656483
5685,124,17520,2502,6xim_XLS_C_397,6,smina,0.33109502,0.6834561,1.350987,0.12249361,0.34211676,1.1136695
5686,124,405,57,1ei6_PPF_A_410,6,smina,0.31196857,0.6810827,0.96315908,0.11233019,0.39004258,0.63925077
5687,124,14559,2079,5zge_ZZ7_B_302,6,smina,0.33109502,0.68080827,1.4000472,0.12059385,3.3937472e-07,5.0585256
5688,124,5289,755,2v7o_DRN_A_1303,4,gnina,0.63319532,0.68011095,4.0879903,0.33765659,0,7.6829124
5689,124,10952,1564,5agl_CCW_B_800,4,gnina,0.55092259,0.67976809,3.2967339,0.33408117,0.12736723,4.1361795
5690,124,6796,970,3wlf_FEH_C_401,6,smina,0.29244599,0.67902652,0.86728573,0.020348975,0.02112609,0.79566612
5691,124,3513,501,2b3f_GAL_A_3310,6,smina,0.33109502,0.67865596,1.3648323,0.19455066,0.99726733,1.3528613
5692,124,15329,2189,6flu_DTK_B_405,6,smina,0.33109502,0.67858451,1.4174151,0.14326131,0.53588805,3.1922617
5693,124,11864,1694,5fp9_4SV_A_1342,6,smina,0.29308993,0.67755168,0.87343073,0.095046423,0,0.8458416
5694,124,15301,2185,6flu_DTK_B_401,6,smina,0.33109502,0.67744632,1.435358,0.14596175,0.14078958,2.715437
5695,124,6311,901,3tky_N7I_B_369,4,gnina,0.49790233,0.67698042,2.4724617,0.16220562,0,3.6360056
5696,124,9575,1367,4oxy_1TN_B_302,6,smina,0.4522387,0.67695004,1.9080259,0.1330297,0,3.4725328
5697,124,4276,610,2gzm_DGL_C_503,6,smina,0.33109502,0.67645413,1.4791101,0.120291,0.99347535,1.6097062
5698,125,4274,610,2gzm_DGL_C_503,4,gnina,0.82831386,0.82017157,2.8718407,0.23935147,0.99337429,2.9386778
5699,125,3511,501,2b3f_GAL_A_3310,4,gnina,0.82837505,0.76649008,4.0220084,0.20485075,0.99721077,12.332759
5700,125,10014,1430,4udc_DEX_A_1778,4,gnina,0.62739585,0.7309071,2.6880405,0.47185254,0.99512038,3.8317328
5701,125,12900,1842,5l9v_OGA_B_502,6,smina,0.29353496,0.6836178,0.83995438,0.033621967,0.00057084481,1.0359458
5702,125,8798,1256,4j4b_0TF_B_301,6,smina,0.43217026,0.68262088,1.5562925,0.29894081,1.0313586e-08,5.0055022
5703,125,7202,1028,4ajj_MLI_A_1333,6,smina,0.31931156,0.68070234,0.9996255,0.14061873,0.95322187,0.68619756
5704,125,5025,717,2qim_ZEA_A_161,6,smina,0.33252189,0.68002397,1.4705178,0.078181088,9.8116473e-08,1.7756027
5705,125,97,13,1aj8_CIT_A_1000,6,smina,0.33252189,0.67799158,1.2796063,0.30585614,0.96176815,1.5250084
5706,125,13297,1899,5oip_9WE_A_302,4,gnina,0.60064407,0.6771148,3.0889552,0.64585161,0.99749967,3.5098526
5707,125,10730,1532,4zu3_4SD_D_301,6,smina,0.31826096,0.67706262,1.1001536,0.093535185,0.92144207,0.94440911
5708,125,6230,890,3sjh_LAR_A_503,0,surfdock,0.54880471,0.67703023,2.9769695,0.47679427,0,4.2261876
5709,125,16456,2350,6ooi_PGA_C_302,6,smina,0.33252189,0.67624861,1.4885254,0.12872928,0.61582659,1.0785746
5710,125,16484,2354,6ooi_PGA_G_301,6,smina,0.33252189,0.67624861,1.4885254,0.12872928,0.051679523,1.1186382
5711,125,4605,657,2nu7_COA_E_1325,6,smina,0.30723981,0.67595737,0.9979673,0.13712269,0.00032591424,1.2895869
5712,125,8887,1269,4jzx_476_A_402,4,gnina,0.62538608,0.67404903,3.7128775,0.27310193,0.94457069,4.0413793
5713,125,7692,1098,4cno_9PY_C_301,6,smina,0.32655204,0.67357448,1.1443924,0.18912394,0.43542829,1.2103805
5714,125,15327,2189,6flu_DTK_B_405,4,gnina,0.62322612,0.67230626,3.463727,0.54496497,0.23906928,4.5176855
5715,125,2629,375,1tt6_DES_A_129,4,gnina,0.47455368,0.67175723,2.5646079,0.099715926,0,2.4205983
5716,125,10107,1443,4uzi_IMD_B_1455,6,smina,0.28607142,0.6712657,0.80511314,0,0,0.38204619
5717,125,13017,1859,5m66_ADN_B_502,4,gnina,0.62671643,0.67118215,3.7647965,0.81201375,0.99594017,10.391794
5718,125,12095,1727,5gwt_SIN_A_302,6,smina,0.29464322,0.6711261,1.0352978,0.08240205,0,1.0710271
5719,125,15875,2267,6krs_CIT_F_301,6,smina,0.33252189,0.67094256,1.2956547,0.41991365,0.01043843,1.6779914
5720,125,15868,2266,6krs_CIT_D_301,6,smina,0.33252189,0.67087977,1.298894,0.41785252,0.7971693,1.5055798
5721,125,15511,2215,6hl9_SIN_B_402,6,smina,0.29259014,0.67065293,0.8683669,0.089454353,0,0.79032603
5722,125,4073,581,2fkm_G16_X_464,6,smina,0.33252115,0.67051216,1.4438335,0.091197953,9.8347923e-06,2.558767
5723,125,5695,813,2y2f_YI1_A_1469,4,gnina,0.55259955,0.67044103,3.263993,0.58388913,0.56709888,3.6295391
5724,125,7265,1037,4b1f_DGL_A_1257,6,smina,0.33231221,0.66999313,1.2430137,0.26193455,0.96934558,1.4881355
5725,125,8264,1180,4gim_PSU_C_400,4,gnina,0.60518624,0.66938034,3.7662556,0.16835335,0.00043871067,3.9031911
5726,125,4267,609,2gzm_DGL_B_502,4,gnina,0.5047732,0.66932101,2.8881614,0.24838711,0.99104021,4.4445594
5727,125,1547,221,1lfw_AEP_A_683,0,surfdock,0.54880471,0.66878794,3.0370591,0.61579758,0,3.3151864
5728,125,14732,2104,6b5k_TYD_A_304,4,gnina,0.60607083,0.66831442,3.2989495,0.66617399,2.6706697e-06,6.5744906
5729,125,3394,484,2a1m_CAM_A_1422,6,smina,0.27740285,0.66829147,0.80511314,0,0,0.55109197
5730,125,7601,1085,4clo_XP0_D_1270,6,smina,0.45425572,0.6682483,1.941913,0.30622348,0,2.8376633
5731,125,10604,1514,4zdz_TPF_A_602,6,smina,0.45550329,0.66809211,1.8501649,0.41165626,0,2.7884226
5732,125,8789,1255,4j4b_0TF_A_904,4,gnina,0.61956121,0.66792698,3.8097866,0.28815043,0.8492999,5.1780007
5733,125,17091,2441,6szl_M3E_B_604,4,gnina,0.47353443,0.66779356,2.1835392,0.56230772,0.99260877,2.2494261
5734,125,1070,152,1iki_DAL_A_500,6,smina,0.27610632,0.66763054,0.80511314,0,3.4741622e-06,0.63388101
5735,125,17555,2507,6xu3_PLP_D_401,6,smina,0.33252189,0.66726059,1.5803437,0.2048301,0.98538643,2.8486682
5736,125,10850,1550,5a7p_6Z1_B_1361,0,surfdock,0.54880471,0.66725226,3.2429571,0.4478116,0.9926639,3.7124536
5737,125,7580,1082,4cle_JR2_A_1271,6,smina,0.33252189,0.6671162,1.4202493,0.36767718,0,1.4364279
5738,125,14447,2063,5ybq_AKG_A_302,6,smina,0.29345428,0.66667759,1.0766224,0.067696683,0.00027452361,1.2336808
5739,125,14298,2042,5y7r_58K_B_403,4,gnina,0.5047732,0.66618883,2.7777641,0.43146008,0,3.3731051
5740,125,11577,1653,5eo7_SFU_C_404,6,smina,0.29254863,0.66601713,0.93731046,0.093700834,0.99002,0.88516313
5741,125,4584,654,2nu7_COA_B_1025,6,smina,0.33252189,0.66591479,1.7400904,0.070812859,1.6292504e-09,4.6545819
5742,125,17079,2439,6syz_M1E_A_601,6,smina,0.29442272,0.66543613,1.0177511,0.19354606,0.9974067,0.82997299
5743,125,4183,597,2g8t_MI2_A_401,4,gnina,0.5047732,0.66539461,3.0339515,0.19386517,0.84265686,2.652903
5744,125,6269,895,3t3q_9PL_A_501,4,gnina,0.52112752,0.66537942,3.2916386,0.14626358,0.037860187,5.3979653
5745,125,4269,609,2gzm_DGL_B_502,6,smina,0.33252189,0.66535996,1.7636834,0.057872862,0.99151646,1.4957585
5746,125,3674,524,2c3d_COM_B_1525,6,smina,0.29364213,0.66490683,1.0006812,0.19211493,7.3106425e-06,0.76287002
5747,125,2050,292,1p2s_ETF_A_400,6,smina,0.29902425,0.66453613,1.0035024,0.28056476,0.10524747,0.43564666
5748,126,10728,1532,4zu3_4SD_D_301,4,gnina,0.82335208,0.79278579,3.3775728,0.22646999,0.89565204,3.15768
5749,126,95,13,1aj8_CIT_A_1000,4,gnina,0.82598255,0.77247214,3.5829878,0.53116286,0,2.4958698
5750,126,15866,2266,6krs_CIT_D_301,4,gnina,0.79251404,0.76552087,3.8183775,0.071553372,0.27715179,7.604546
5751,126,7263,1037,4b1f_DGL_A_1257,4,gnina,0.82602704,0.74080209,4.0995855,0.77757281,0.97114198,3.4418722
5752,126,11192,1598,5clo_NS8_M_101,6,smina,0.46256411,0.72612609,1.2613436,0.3488695,0.05487094,0.8949845
5753,126,16454,2350,6ooi_PGA_C_302,4,gnina,0.67046643,0.7168989,4.0116343,0.30224872,0.97204413,5.82451
5754,126,2174,310,1pr6_XYA_A_1245,4,gnina,0.62850626,0.71665593,3.2112141,0.23390271,0.53011637,3.0768915
5755,126,9958,1422,4u8p_UDP_C_603,4,gnina,0.61994144,0.70704606,2.1815774,0.96685702,1.9734331e-05,5.8281538
5756,126,7329,1047,4bq5_GAL_C_1,0,surfdock,0.5485543,0.70696432,2.525991,0.25326708,0,3.550776
5757,126,17093,2441,6szl_M3E_B_604,6,smina,0.52694669,0.70424163,2.0338633,0.57014531,0,1.0539688
5758,126,6250,892,3sp6_IL2_A_901,6,smina,0.55369258,0.6997586,3.029417,0.11487351,0.98685608,7.9047227
5759,126,5893,841,2zgw_BTN_A_1401,6,smina,0.45442974,0.69870986,1.6191014,0.041039839,0,3.5778538
5760,126,1789,255,1ne4_RP1_A_401,4,gnina,0.61958475,0.69828811,2.7026093,0.63905406,0.99409321,3.4710146
5761,126,13299,1899,5oip_9WE_A_302,6,smina,0.4637451,0.69608443,1.9059089,0.25196847,0,3.4348858
5762,126,11099,1585,5c8w_PCG_A_302,4,gnina,0.63012877,0.69315971,3.788614,0.22846097,0.99748107,3.5445683
5763,126,17553,2507,6xu3_PLP_D_401,4,gnina,0.82624741,0.6925974,4.7029157,1.5457352,0.99131844,4.0457376
5764,126,13787,1969,5uo5_M4R_B_803,4,gnina,0.62830088,0.69071159,3.5581131,0.49866018,0.88944907,7.997515
5765,126,13759,1965,5unx_8F1_B_803,4,gnina,0.62655774,0.68853423,3.7822702,0.29297638,5.054284e-06,7.7350676
5766,126,2181,311,1pr6_XYA_C_1247,4,gnina,0.61142068,0.6882388,3.2474606,0.23149717,0.048018603,2.9323943
5767,126,16974,2424,6s39_K5Z_A_301,6,smina,0.33469716,0.68719481,1.0535074,0.19263706,4.51464e-10,2.9668473
5768,126,10184,1454,4wmz_TPF_A_602,6,smina,0.46223874,0.68712645,2.013025,0.31548887,0,3.8059387
5769,126,13780,1968,5uo5_M4R_A_803,4,gnina,0.62612753,0.68654156,3.5975511,0.50813526,9.7530062e-05,7.6623359
5770,126,10861,1551,5a86_D7E_A_1433,4,gnina,0.62900381,0.68486878,3.8887002,0.32085308,0.99174548,6.4000885
5771,126,10940,1562,5af9_SJR_H_1250,6,smina,0.33469858,0.68317679,1.2362909,0.094841585,0,1.7120511
5772,126,2422,346,1sjc_SMG_B_1100,0,surfdock,0.5485543,0.68317004,2.409147,0.89083242,0.97844694,3.5033967
5773,126,2415,345,1sjc_SMG_A_1000,0,surfdock,0.5485543,0.68300179,2.4117815,0.89207584,0.93247286,3.2808589
5774,126,2429,347,1sjc_SMG_D_1300,0,surfdock,0.5485543,0.68300179,2.4117815,0.89207584,0,3.2672914
5775,126,7312,1044,4bbx_LKF_B_1760,4,gnina,0.57460329,0.68281145,3.3892009,0.1523014,0.31252281,5.0552121
5776,126,2510,358,1thc_FL9_A_130,4,gnina,0.50665277,0.68170099,2.5025091,0.16957645,4.4278506e-08,3.1392394
5777,126,12611,1801,5j61_A3G_A_501,4,gnina,0.62882817,0.67893542,4.1002431,0.26170835,0.30661128,5.3674406
5778,126,13745,1963,5unt_8J1_B_803,4,gnina,0.61452588,0.67811064,3.4481163,0.28445074,6.0379245e-06,4.7521292
5779,126,13773,1967,5uo3_8EY_B_804,4,gnina,0.62628117,0.6778243,3.9432049,0.39209619,1.8925637e-06,6.4837442
5780,126,972,138,1h8p_PC_B_1110,6,smina,0.31537327,0.67694751,1.132305,0.051696714,0,1.2930017
5781,126,10938,1562,5af9_SJR_H_1250,4,gnina,0.50665278,0.67484261,2.3492463,0.47384837,0.97465303,2.3582668
5782,126,13752,1964,5unx_8F1_A_803,4,gnina,0.6243484,0.67459067,3.671622,0.25046498,8.3994277e-06,6.237691
5783,126,14027,2003,5wgr_PM7_A_712,6,smina,0.33469862,0.67456705,1.3012733,0.35298568,0,1.3036054
5784,126,4438,634,2j51_DKI_A_1314,0,surfdock,0.5485543,0.67435555,2.6683884,0.83862329,0,5.5936205
5785,126,9587,1369,4p7q_NAG_A_703,4,gnina,0.4988985,0.67429599,2.5693667,0.13287093,0.0017362879,2.6947899
5786,126,8238,1176,4ghf_4NC_A_402,6,smina,0.33469862,0.67422623,1.1584917,0.50206012,0,1.2354983
5787,126,8252,1178,4ghf_4NC_D_402,6,smina,0.33469862,0.67422623,1.1584917,0.50206012,0,1.214496
5788,126,9568,1366,4oxy_1TN_A_302,6,smina,0.37664215,0.67376744,1.6789068,0.19345401,0,2.6320099
5789,126,16972,2424,6s39_K5Z_A_301,4,gnina,0.50665189,0.67349182,2.5108545,0.32326537,0.95771196,3.2881883
5790,126,3147,449,1z4k_T3P_A_4341,4,gnina,0.62923296,0.67316085,3.8148139,0.70444894,3.6264113e-07,4.7378138
5791,126,8896,1270,4jzx_IPE_A_401,6,smina,0.33469862,0.67298539,1.4544067,0.22913466,1.0604135e-05,2.560776
5792,126,10058,1436,4uoc_NCN_B_400,6,smina,0.33469862,0.67291319,1.3531877,0.33169556,0,3.7096357
5793,126,3163,451,1zb6_DIN_A_401,6,smina,0.29798122,0.67189614,0.97812289,0.12382577,0,0.62635218
5794,126,188,26,1c3s_SHH_A_952,6,smina,0.34664017,0.67179166,1.4853278,0.3856951,4.3502039e-05,4.815063
5795,126,7713,1101,4cvb_PQQ_A_1608,6,smina,0.33469862,0.67130248,1.4294758,0.28545076,2.7020321e-09,3.5290285
5796,126,5417,773,2w1a_TSA_D_1091,6,smina,0.38574436,0.6710446,1.5253209,0.42572358,0.092464829,1.1904165
5797,126,10562,1508,4zb5_GLC_A_403,6,smina,0.2969915,0.67057668,0.89485002,0.10019645,0.070965102,0.85123438
5798,127,7035,1005,3zzm_JLN_A_1526,0,surfdock,0.54853081,0.72074374,2.1389282,0.38148901,0.96898039,4.0108715
5799,127,1791,255,1ne4_RP1_A_401,6,smina,0.4588158,0.71321647,1.7126046,0.1399453,0,3.2267827
5800,127,12277,1753,5hss_650_B_402,6,smina,0.3636908,0.70123152,1.21992,0.16643849,1.2159889e-05,0.87128772
5801,127,11003,1571,5b4o_6DQ_A_201,6,smina,0.40829513,0.69974572,1.2953485,0.18389733,0,1.5484426
5802,127,11024,1574,5b4o_6DQ_C_201,6,smina,0.39325362,0.69923625,1.2813317,0.19043875,0,1.6689201
5803,127,11465,1637,5e4o_L57_B_201,6,smina,0.33835986,0.69694961,1.2737005,0.16832106,0,2.8739955
5804,127,4185,597,2g8t_MI2_A_401,6,smina,0.49680975,0.69352262,1.6858606,0.64971483,0,1.7944721
5805,127,10854,1550,5a7p_6Z1_B_1361,4,gnina,0.63117617,0.68905338,3.2889097,0.84525645,0.001306454,4.6878508
5806,127,4528,646,2npq_BOG_A_2000,6,smina,0.43413979,0.688906,1.5086704,0.27600524,0,5.0141041
5807,127,2001,285,1opr_ORO_A_220,6,smina,0.31565745,0.6845887,0.99718875,0.13659057,0,0.83656344
5808,127,13964,1994,5w5t_9X7_A_506,6,smina,0.3301099,0.68293866,1.2996727,0.22418529,0.00027594973,2.5235201
5809,127,13971,1995,5w5t_9X7_D_508,6,smina,0.3301099,0.68293866,1.2996727,0.22418529,0.0016447594,2.1510639
5810,127,15959,2279,6l86_LMR_B_303,6,smina,0.32951369,0.67947637,1.3082205,0.048991892,0.0029716466,1.2834855
5811,127,15966,2280,6l86_LMR_C_302,6,smina,0.32961897,0.67809101,1.3205936,0.066383086,0.0041471852,0.89905396
5812,127,16666,2380,6qdb_HWQ_A_1002,6,smina,0.3301099,0.67804531,1.5751997,0.036818087,0,3.800945
5813,127,5774,824,2z20_PLP_B_801,6,smina,0.3301099,0.67795368,1.2612653,0.35242164,0,1.4625388
5814,127,4242,606,2gyv_HBP_B_545,0,surfdock,0.54853081,0.67752223,3.0501454,0.40273505,0,4.0471019
5815,127,11101,1585,5c8w_PCG_A_302,6,smina,0.45899507,0.67733674,2.4906445,0.06557788,0,2.4562666
5816,127,5767,823,2z20_PLP_A_701,6,smina,0.3301099,0.67692979,1.2753605,0.35702407,0,1.4353592
5817,127,11906,1700,5fv3_OGA_A_1770,6,smina,0.29616003,0.67671346,0.92033404,0.15829907,8.7153091e-05,0.94789951
5818,127,14279,2039,5xvv_AKG_C_504,6,smina,0.31322063,0.67657901,1.0850784,0.15271953,0.067669,1.1397344
5819,127,3863,551,2e56_MYR_A_601,6,smina,0.3301099,0.67649307,1.5707116,0.069673054,5.8843662e-07,5.0713625
5820,127,16386,2340,6o2z_LJV_A_500,6,smina,0.45801892,0.67607127,1.9882396,0.57483077,2.1512187e-09,5.691281
5821,127,15518,2216,6hmw_FUL_A_203,6,smina,0.30023332,0.67598476,1.0161816,0.15226544,0.99782233,0.67990168
5822,127,10765,1537,4zvz_4TF_A_503,6,smina,0.43873847,0.67550094,1.7147589,0.34047484,0.050944493,2.6566438
5823,127,16127,2303,6mpa_NAG_B_502,6,smina,0.33006765,0.67517489,1.2024118,0.25849152,0.0051221782,1.3829122
5824,127,4164,594,2fzb_TOL_A_900,6,smina,0.44523439,0.67465005,1.9609065,0.15383214,0,4.7061132
5825,127,7517,1073,4cjw_CBJ_A_1215,6,smina,0.36586088,0.67421361,1.7855958,0.088517942,0,6.604188
5826,127,15980,2282,6l86_MLT_A_303,6,smina,0.32887169,0.67415669,1.3362445,0.095114864,0.0038394938,1.3714992
5827,127,7531,1075,4cjw_CBJ_B_1217,6,smina,0.35783179,0.67383326,1.7855958,0.088517942,0,3.2828347
5828,127,10863,1551,5a86_D7E_A_1433,6,smina,0.45659206,0.67339195,2.0805705,0.12011603,0,5.7610339
5829,127,16057,2293,6lx5_C5F_B_502,6,smina,0.38661504,0.67333249,1.7121388,0.21090621,0,2.9553847
5830,127,350,50,1e26_GPB_A_208,0,surfdock,0.54853081,0.67329987,2.9113092,0.6424135,0.61697191,4.7087464
5831,127,5506,786,2wu4_HBP_B_1545,4,gnina,0.62693602,0.67315855,3.8743973,0.6165446,0.0018817005,6.8573732
5832,127,12137,1733,5gzz_JAA_A_601,6,smina,0.3301099,0.67290955,1.4325253,0.27409607,0,1.6376973
5833,127,517,73,1fsa_F6P_A_338,6,smina,0.35263466,0.67256264,1.662644,0.22997725,1.454127e-05,2.5790842
5834,127,3758,536,2coj_GBN_A_420,6,smina,0.31478175,0.67213548,1.177349,0.15968418,0.0027682582,1.0931357
5835,127,6033,861,3mk1_NPO_A_913,6,smina,0.29599119,0.67166135,1.119366,0.019717865,0,0.686727
5836,127,5772,824,2z20_PLP_B_801,4,gnina,0.50794128,0.67159799,2.8471334,0.29624695,0.93804712,2.8053024
5837,127,7538,1076,4cjw_CBJ_B_1218,6,smina,0.36306454,0.67060516,1.8793253,0.061304148,0,3.7720187
5838,127,16043,2291,6lx5_C5F_A_503,6,smina,0.36020263,0.67044407,1.6445569,0.29626119,0,2.5083076
5839,127,5765,823,2z20_PLP_A_701,4,gnina,0.50794128,0.67035844,2.8710814,0.30081984,0.91180688,3.1777387
5840,127,16813,2401,6r5o_BGC_B_801,6,smina,0.29834237,0.67019327,1.1642324,0.082845099,0.86344889,0.87449563
5841,127,16960,2422,6s23_KSW_A_403,6,smina,0.2678454,0.67002666,0.80470282,0,0,0.45115883
5842,127,5394,770,2vzu_PNJ_B_1904,4,gnina,0.63057939,0.66968927,3.658684,0.97517174,0.80974869,6.7813958
5843,127,14783,2111,6bds_DJ4_A_303,6,smina,0.33010615,0.66946044,1.4428811,0.13699202,0,2.0586483
5844,127,5396,770,2vzu_PNJ_B_1904,6,smina,0.33037285,0.66931815,1.4490606,0.48863634,0,3.5689465
5845,127,6705,957,3wat_BMA_A_404,6,smina,0.29728385,0.66843551,1.1637038,0.094445482,0.016810906,0.83440258
5846,127,4253,607,2gyw_OBI_A_952,4,gnina,0.62848422,0.66837015,3.6039238,1.0382124,0.73773655,5.2067963
5847,127,1224,174,1j3k_UMP_D_711,6,smina,0.45774692,0.66813197,2.4688628,0.2598682,0,4.0207555
5848,128,4977,711,2qg6_NMN_A_301,0,surfdock,0.54877851,0.72417634,1.9592609,0.48522654,0,3.6988981
5849,128,384,54,1e7h_PLM_A_1001,6,smina,0.32347392,0.71109592,1.0140293,0.16884491,2.4858789e-06,2.3063361
5850,128,14755,2107,6b83_6NA_B_201,6,smina,0.29455239,0.6961737,0.82221192,0.025633039,0.00069610032,1.0395649
5851,128,11337,1619,5dmm_HCS_A_505,4,gnina,0.45713168,0.69605886,1.6577001,0.13727942,0.0009088102,1.6957932
5852,128,11794,1684,5fiu_Y3J_C_1299,6,smina,0.4518523,0.69550654,1.5592103,0.20242654,0.98388759,3.4122242
5853,128,13418,1916,5tch_MLI_A_301,6,smina,0.40948611,0.69191174,1.506475,0.11768433,0.65645534,0.80704947
5854,128,3170,452,1zb6_GST_A_502,6,smina,0.4572893,0.69103655,1.7443424,0.14604202,0,4.2362693
5855,128,3686,526,2c5b_5F1_C_500,4,gnina,0.51082705,0.68977342,2.4649191,0.27889809,0,3.9836804
5856,128,3688,526,2c5b_5F1_C_500,6,smina,0.31813964,0.68857567,1.1662022,0.21977527,0,2.4850961
5857,128,3667,523,2c3d_COM_A_1526,6,smina,0.29288395,0.68838882,0.80408663,0,2.3624236e-05,0.86319958
5858,128,3679,525,2c5b_5F1_A_500,4,gnina,0.51082705,0.68768087,2.4905841,0.29768977,0,3.7077901
5859,128,3168,452,1zb6_GST_A_502,4,gnina,0.52219132,0.68695954,2.8130987,0.16274442,0.3985028,4.3346398
5860,128,11325,1617,5die_5CJ_A_601,6,smina,0.39366498,0.68661304,1.573202,0.12545936,0,2.6942456
5861,128,3681,525,2c5b_5F1_A_500,6,smina,0.31813964,0.68628203,1.1881896,0.23753095,0,2.9454473
5862,128,2272,324,1q92_DRM_A_1001,4,gnina,0.62904635,0.68599962,3.2625759,0.92348826,0.90616134,2.8860929
5863,128,16477,2353,6ooi_PGA_F_301,6,smina,0.31935148,0.68288614,1.3329867,0.30507085,0.58604062,1.142049
5864,128,15658,2236,6ix8_B3O_B_408,6,smina,0.44662659,0.68260215,1.6226448,0.36392355,0,2.0139443
5865,128,2076,296,1p7l_PPK_C_684,4,gnina,0.62823733,0.68087663,3.6848519,0.61624289,0.0063636828,3.9750363
5866,128,3465,495,2ai1_P1G_A_293,0,surfdock,0.54877851,0.68079233,2.5745435,0.78979212,0.89927666,4.1533424
5867,128,55,7,1aej_NVI_A_296,6,smina,0.28748267,0.68021364,0.8077569,0.0051905811,0,0.60063798
5868,128,109,15,1amq_PMP_A_413,4,gnina,0.51082705,0.67821757,2.7683399,0.22614355,0.4671525,2.5934
5869,128,3247,463,1zha_PEP_A_1268,6,smina,0.2957346,0.6773145,1.0845991,0.096719399,0.0036218456,1.0019213
5870,128,7965,1137,4du7_DP6_B_401,6,smina,0.44606127,0.67695248,1.7742831,0.31742141,0.93118625,3.2091541
5871,128,14424,2060,5ybp_AKG_B_302,4,gnina,0.51396461,0.67612148,2.8661051,0.3481569,0.99382219,2.283016
5872,128,12991,1855,5m0t_AKG_B_302,6,smina,0.29398003,0.67564099,1.0764108,0.049758594,1.0037154e-05,1.2533546
5873,128,1834,262,1nmz_NYM_A_301,0,surfdock,0.54877851,0.67534748,3.13746,0.35500392,0.97243404,3.718592
5874,128,3429,489,2a9z_26A_A_1002,6,smina,0.44821368,0.6750021,1.8451973,0.2968072,0,2.8883687
5875,128,1203,171,1j3i_UMP_D_711,6,smina,0.44896818,0.67200362,2.1592624,0.047085695,0,3.0522689
5876,129,4547,649,2nry_STU_D_501,4,gnina,0.67026362,0.70601267,4.0937295,0.49346974,0.98483138,7.5633217
5877,129,4540,648,2nry_STU_C_503,4,gnina,0.67138585,0.70426871,4.1216474,0.51585448,0.98965443,5.9292285
5878,129,4533,647,2nry_STU_A_504,4,gnina,0.67035742,0.70414069,4.1216474,0.51585448,0.99614686,6.7616787
5879,129,1313,187,1jyw_147_A_2001,4,gnina,0.62867462,0.70090684,3.7735302,0.25947297,0.13454226,19.043372
5880,129,2622,374,1tsd_UMP_B_265,4,gnina,0.62319126,0.69441163,3.4208596,0.05377391,0.98862058,3.8353716
5881,129,3625,517,2bs8_NAG_A_1177,6,smina,0.30434742,0.69363876,0.87843436,0.10444629,6.2355563e-05,1.3262374
5882,129,3576,510,2bf7_HBI_C_1290,6,smina,0.31653565,0.6934891,1.2447782,0.064878941,0,1.447119
5883,129,2615,373,1tsd_UMP_A_267,4,gnina,0.61727052,0.69302997,3.4120529,0.061270498,0.97223778,3.7072868
5884,129,3583,511,2bf7_HBI_D_1290,6,smina,0.31653565,0.69265937,1.2726377,0.051060177,0,1.6670371
5885,129,3569,509,2bf7_HBI_B_1290,6,smina,0.31653565,0.69240656,1.2777549,0.050232176,0,1.573233
5886,129,7055,1007,4a01_2PN_A_1773,6,smina,0.31653565,0.68980758,1.2731259,0.099217899,0,0.96960832
5887,129,1434,204,1klz_U_A_2001,6,smina,0.44719892,0.689805,1.6479268,0.23162965,0,3.0355493
5888,129,2274,324,1q92_DRM_A_1001,6,smina,0.41964331,0.6871002,1.5736722,0.17110676,0,2.3170032
5889,129,7844,1120,4d6z_PK9_A_1600,4,gnina,0.51109037,0.68686137,2.2134929,0.40270212,1.8683987e-05,5.4231314
5890,129,664,94,1giu_ADE_A_300,6,smina,0.30679791,0.68660679,1.0205489,0.096346579,0.0500229,0.67378554
5891,129,2799,399,1v5y_4HC_A_1455,6,smina,0.29540108,0.68521817,0.90273768,0.10291215,7.7755802e-06,0.66149747
5892,129,16678,2382,6qdc_HXE_A_1003,4,gnina,0.61373907,0.68424151,3.2826777,0.292631,1.6308105e-07,5.8811419
5893,129,13129,1875,5nj0_8YW_A_301,4,gnina,0.66425616,0.68410316,4.2493153,0.41751888,0.98039207,3.9233466
5894,129,2538,362,1tiw_TFB_A_2002,4,gnina,0.46331364,0.68281447,1.7263618,0.79258752,0.46832062,1.7718881
5895,129,419,59,1eow_U2G_A_130,6,smina,0.36066611,0.68044618,1.4129753,0.37054297,0,2.0522595
5896,129,17800,2542,8icd_ICT_A_418,6,smina,0.2892539,0.68025181,0.82172865,0.024252364,0.0012382394,1.4760562
5897,129,4627,661,2o1o_RIS_B_400,0,surfdock,0.5489666,0.67838219,2.4510868,0.96540958,0.92457638,3.2041633
5898,129,237,33,1cgk_NAR_A_390,6,smina,0.31653565,0.67713417,1.3253984,0.27061513,0,2.6955904
5899,129,14111,2015,5x5d_UMP_B_401,6,smina,0.45776919,0.67570168,2.4896116,0.14807771,0,4.8056117
5900,129,14132,2018,5x5d_UMP_E_401,6,smina,0.45729304,0.6756916,2.4844306,0.14885606,0,3.8792581
5901,129,235,33,1cgk_NAR_A_390,4,gnina,0.51109122,0.67534468,2.5051854,0.55418545,0,3.2945778
5902,129,1406,200,1kep_TDX_A_3500,6,smina,0.26373714,0.6738033,0.81409216,0.013452796,0.0012196359,0.6272378
5903,129,10646,1520,4zo7_BGC_A_802,6,smina,0.29461915,0.67342744,0.96215993,0.14198889,6.3444466e-06,0.95827037
5904,129,811,115,1h48_C5P_C_901,6,smina,0.45224413,0.67305341,2.0829422,0.14150648,0,4.9015354
5905,129,4620,660,2o1o_RIS_A_400,0,surfdock,0.5489666,0.67304357,2.5035226,1.0398176,0,3.2806648
5906,129,13614,1944,5u5z_7VP_A_302,6,smina,0.26162443,0.67180949,0.80457956,5.9604645e-08,0.00014689545,1.1283798
5907,129,12718,1816,5jj2_MLI_A_302,6,smina,0.28809561,0.67175457,0.90009975,0.069617189,2.1948505e-05,0.62494686
5908,129,10842,1548,5a66_3PO_B_1000,6,smina,0.32180973,0.67170725,1.7410599,0.13632658,0.99432739,1.2349146
5909,129,3842,548,2e40_LGC_A_1001,6,smina,0.29573622,0.67130263,1.1787839,0.10125738,0.037046778,0.89598068
5910,129,10667,1523,4zqp_IMP_A_601,6,smina,0.42313489,0.67126558,1.8398666,0.21121188,0,3.287703
5911,129,13538,1934,5tix_OQR_B_302,0,surfdock,0.5489666,0.67124401,2.9669533,0.61982608,0,3.5958046
5912,129,13531,1933,5tix_OQR_A_302,0,surfdock,0.5489666,0.67110183,2.9410827,0.64914405,0,3.651984
5913,129,832,118,1h48_C5P_F_901,6,smina,0.44955806,0.67063444,2.0842485,0.18309852,0,3.9572043
5914,129,8133,1161,4ekr_0R0_B_203,6,smina,0.26241098,0.67047484,0.83978003,0.025097888,0.99016093,0.9767278
5915,129,244,34,1cq1_BGC_A_455,6,smina,0.26300553,0.67034222,0.8368575,0.039593074,6.5584112e-05,0.81624536
5916,129,8378,1196,4hez_1MZ_A_306,6,smina,0.26424969,0.66991937,0.84166098,0.052440993,0,0.38019193
5917,129,16986,2426,6s51_KVQ_A_901,4,gnina,0.60036614,0.66984705,3.7045925,0.18315162,0.99558929,4.6816886
5918,129,14427,2061,5ybq_8T0_A_303,0,surfdock,0.5489666,0.66923797,3.2495363,0.38608241,0.94937369,4.857475
5919,129,804,114,1h48_C5P_A_203,6,smina,0.44404057,0.66867601,2.0840662,0.1807896,0,3.1124765
5920,129,704,100,1gz5_G6P_A_901,4,gnina,0.4939202,0.66845696,2.8275881,0.067683473,1.6373853e-06,5.2726861
5921,129,2624,374,1tsd_UMP_B_265,6,smina,0.32473935,0.66757886,1.4810848,0.49677962,0,2.708193
5922,129,6712,958,3wat_BMA_B_404,6,smina,0.2961446,0.66739723,1.1737679,0.18456028,0.013965045,0.8050132
5923,129,17462,2494,6wdv_TWM_A_701,4,gnina,0.61878497,0.66739017,3.650974,0.45731735,0.94020952,4.2193777
5924,129,3793,541,2d0e_NQ_A_410,6,smina,0.29513795,0.66690539,1.0950131,0.17060266,6.1722315e-06,0.8559856
5925,129,2617,373,1tsd_UMP_A_267,6,smina,0.32261895,0.66687611,1.4782795,0.4999626,0,3.1843451
5926,130,15701,2243,6jk9_BU0_A_501,0,surfdock,0.54934044,0.69810918,2.6833324,0.28738871,0,4.6756169
5927,130,15708,2244,6jk9_BU0_B_501,0,surfdock,0.54934044,0.69685296,2.7065032,0.29133609,0,4.5876108
5928,130,2197,313,1pwz_RSO_A_256,6,smina,0.29283277,0.6944934,0.8508029,0.067347743,0.88854085,0.55998218
5929,130,10231,1461,4wua_3UL_A_701,4,gnina,0.63257108,0.69328507,3.7908096,0.49295527,0,4.0667252
5930,130,16762,2394,6qqs_JCZ_A_301,4,gnina,0.45905399,0.69300208,2.2014387,0.098538026,0.99681659,2.8413338
5931,130,4038,576,2fcu_AKG_B_898,6,smina,0.29266079,0.69193012,0.85830992,0.077964164,0.00022465322,1.6610745
5932,130,9064,1294,4l80_OXL_C_402,6,smina,0.30849566,0.68938901,1.0058821,0.14611,0.07067587,0.83350301
5933,130,13024,1860,5m66_ADN_D_502,4,gnina,0.63048101,0.68702987,3.8439865,0.57917958,0.061282038,7.084786
5934,130,15448,2206,6gpn_OGA_B_402,6,smina,0.29275186,0.6852553,0.97386724,0.088512912,2.3333729e-10,1.2322197
5935,130,13010,1858,5m66_ADN_A_502,4,gnina,0.63292543,0.68418552,3.9228718,0.60069859,0.98751088,6.7753219
5936,130,4031,575,2fcu_AKG_A_897,6,smina,0.29089918,0.6831136,0.85830992,0.077964164,0.00022507216,1.3051607
5937,130,14405,2057,5ybl_AKG_C_302,6,smina,0.29267045,0.68262398,1.0573932,0.032032788,0.67335344,1.2268027
5938,130,15749,2249,6jq8_CIT_A_302,6,smina,0.29260546,0.68259668,0.91464764,0.15763783,8.0601932e-08,1.5524052
5939,130,12382,1768,5iav_MLI_B_302,6,smina,0.27493829,0.68078478,0.80318087,0,0.39216844,0.68787072
5940,130,15798,2256,6jyg_FLC_D_401,6,smina,0.31387624,0.67901566,1.5357013,0.21308222,0.00042984273,1.580367
5941,130,3238,462,1zg3_2HI_A_365,4,gnina,0.54535916,0.67883576,2.8751676,0.31229618,2.6605662e-05,3.1415633
5942,130,4757,679,2pir_NK_A_933,4,gnina,0.51139013,0.67862711,2.3003502,0.44057196,0.0040232903,1.699928
5943,130,14774,2110,6ba2_7KM_A_809,4,gnina,0.63465068,0.67840935,4.2582946,0.4290601,4.6528061e-10,5.1770765
5944,130,9071,1295,4l80_OXL_D_402,6,smina,0.29262419,0.67804877,1.0058821,0.14611,0.27765711,0.83216594
5945,130,12942,1848,5lqs_NTM_A_302,6,smina,0.25874165,0.67691142,0.80318087,0,0,0.97401767
5946,130,12732,1818,5jj2_MLI_A_305,6,smina,0.25856015,0.6764904,0.80318087,0,1.1302135e-07,0.63079936
5947,130,3786,540,2d0e_NQ_A_409,6,smina,0.25855614,0.6764062,0.80318087,0,6.4729174e-07,0.79278549
5948,130,9078,1296,4l80_OXL_E_402,6,smina,0.29242321,0.67625391,1.0058821,0.14611,0.26180432,0.63265468
5949,130,15791,2255,6jyg_FLC_C_401,6,smina,0.32430398,0.67596937,1.60383,0.2629149,0.011043333,1.5749633
5950,130,6346,906,3tye_YTZ_B_902,4,gnina,0.49638735,0.67574445,2.4355762,0.30994886,4.7010081e-05,2.5435031
5951,130,15973,2281,6l86_LMR_D_302,6,smina,0.30040144,0.67521421,1.1579245,0.15449862,0.0046149491,0.90781528
5952,130,1838,262,1nmz_NYM_A_301,4,gnina,0.62552798,0.67488488,4.2263412,0.45750254,0.3615752,3.8429287
5953,130,2589,369,1tl2_NDG_A_241,6,smina,0.29194606,0.67483239,1.0204071,0.10740381,0.9122928,1.2248132
5954,130,2881,411,1w3t_3GR_C_1297,4,gnina,0.45648487,0.67405908,1.8487116,0.4354246,0.15890863,6.2772438
5955,130,13250,1892,5ocm_9RH_A_302,6,smina,0.3123221,0.67400757,1.3333516,0.14238313,0,1.3626018
5956,130,13264,1894,5ocm_9RH_C_302,6,smina,0.31232182,0.67392821,1.3333516,0.14238313,0,1.0257525
5957,130,13460,1922,5tch_MLI_H_501,6,smina,0.31355304,0.67362394,1.6341082,0.21289036,0.687427,0.78469516
5958,130,14459,2065,5yfj_RUB_A_401,4,gnina,0.58344879,0.67361636,3.5750015,0.18786751,0.85270405,4.0121388
5959,130,15553,2221,6hmw_FUL_H_201,6,smina,0.29017209,0.67358412,0.96038628,0.097787194,0.98921896,0.66222533
5960,130,10191,1455,4wqq_MAN_A_204,6,smina,0.28876066,0.67338935,0.89372683,0.12805125,0.049962727,0.76268856
5961,130,13047,1863,5mdh_MAK_B_335,6,smina,0.26748674,0.67280089,0.84597301,0.06051717,1.1796391e-06,0.66512162
5962,130,13257,1893,5ocm_9RH_B_302,6,smina,0.3123267,0.67239674,1.3632255,0.14281137,0,1.0716212
5963,130,9057,1293,4l80_OXL_B_402,6,smina,0.29169237,0.67225627,1.0058821,0.14611,0.066336833,0.61229659
5964,130,1763,251,1n1i_HIS_C_501,6,smina,0.2822904,0.67209591,0.87771529,0.10540756,1.6626319e-07,0.98522199
5965,130,12996,1856,5m5a_KSA_A_404,4,gnina,0.63415963,0.67146985,4.6961656,0.17764387,0.9847279,6.8318512
5966,130,17749,2535,7cwd_GLC_A_901,4,gnina,0.44655719,0.67143847,2.1746264,0.079488061,0.013983677,2.6057889
5967,130,10212,1458,4wqq_MAN_D_204,6,smina,0.28658367,0.67140855,0.89372683,0.12805125,0.021299423,0.75350462
5968,130,9407,1343,4n9v_AZA_A_403,6,smina,0.25842958,0.67126979,0.80318087,0,0.11257748,0.5483482
5969,130,5205,743,2tmk_ATM_B_217,4,gnina,0.6342952,0.67089096,4.3025022,0.58934927,0.43577392,4.6645112
5970,130,9393,1341,4n9v_AZA_A_401,6,smina,0.25853604,0.67041473,0.85007882,0.047749083,0.99818656,0.67481189
5971,130,9400,1342,4n9v_AZA_A_402,6,smina,0.25842957,0.67027138,0.80755568,0.0061869044,2.7624551e-06,0.59432914
5972,130,14160,2022,5x86_TMP_B_207,6,smina,0.44627921,0.66932986,2.0798469,0.14129166,0,3.2995357
5973,130,6885,983,3wur_O4B_B_202,4,gnina,0.48157461,0.66876864,2.6158535,0.24604507,0.66718391,1.5647469
5974,130,4710,672,2ot7_OGA_A_500,6,smina,0.292652,0.66821569,1.2603465,0.070401214,0.64262793,1.1268018
5975,130,4892,698,2qb4_DSM_A_802,6,smina,0.36391578,0.66792608,1.8998152,0.15067571,0,1.9679111
5976,131,13458,1922,5tch_MLI_H_501,4,gnina,0.8896582,0.73487016,4.8403091,0.35503277,0.93353675,7.2343925
5977,131,16764,2394,6qqs_JCZ_A_301,6,smina,0.48509891,0.72131137,1.3540105,0.46967706,0,1.2812873
5978,131,2370,338,1s3v_TQD_A_187,4,gnina,0.62740196,0.70035355,3.7883222,0.25695464,0.99643915,4.9979143
5979,131,10800,1542,5a02_GOL_B_1342,6,smina,0.30553075,0.69998665,0.90748233,0.033212744,0.00024366674,1.0324717
5980,131,111,15,1amq_PMP_A_413,6,smina,0.31580064,0.68856036,1.449313,0.1320789,0.11163794,2.121488
5981,131,2359,337,1s3u_TQD_A_187,0,surfdock,0.54936927,0.68757139,3.0158789,0.16855337,0.5475266,4.0551084
5982,131,15126,2160,6f3s_PLP_A_901,6,smina,0.31016445,0.68582696,1.3831859,0.070103459,0.021723768,1.6919562
5983,131,13439,1919,5tch_MLI_E_301,6,smina,0.31159623,0.68518931,1.3276882,0.29569048,0.82725085,0.73114181
5984,131,16988,2426,6s51_KVQ_A_901,6,smina,0.45694221,0.68461419,2.1882346,0.25604668,3.1062005e-08,2.7631201
5985,131,13446,1920,5tch_MLI_F_501,6,smina,0.3108294,0.68448854,1.3211226,0.30779645,0.55652378,0.78059395
5986,131,16134,2304,6mry_FLC_A_101,6,smina,0.29718112,0.68192285,1.0174779,0.14206702,0.30527774,1.4070047
5987,131,629,89,1g8z_GAL_H_104,6,smina,0.29455464,0.68128947,0.88746071,0.10053617,2.2046911e-05,0.77850897
5988,131,6859,979,3wug_XYP_C_2,6,smina,0.2631819,0.68070353,0.79279661,0,2.3293574e-05,0.67801249
5989,131,608,86,1g8z_GAL_D_104,6,smina,0.2930559,0.67829954,0.88746071,0.10053617,1.3832775e-05,0.78324387
5990,131,6810,972,3wsg_CIT_A_302,6,smina,0.37043772,0.67680088,1.7127975,0.20441967,0.011178379,1.6051467
5991,131,10261,1465,4wxb_CIT_D_501,6,smina,0.31016445,0.6764125,1.2139462,0.40739909,0.00048475968,1.6480309
5992,131,14914,2130,6cgc_F0A_B_402,4,gnina,0.62398337,0.67601508,4.4093328,0.21112226,0.97462333,7.0480961
5993,131,10170,1452,4wdd_CIT_A_401,6,smina,0.30618298,0.67584242,1.0890511,0.26161399,0.0021672794,1.3897693
5994,131,16275,2325,6ngu_KMJ_A_803,0,surfdock,0.54936927,0.67579991,3.2573283,0.19862343,0.50490236,3.6459669
5995,131,16282,2326,6ngu_KMJ_B_803,0,surfdock,0.54936927,0.67579991,3.2573283,0.19862343,0.73171411,3.5740327
5996,131,11339,1619,5dmm_HCS_A_505,6,smina,0.27259257,0.6753313,0.8375873,0.063343562,0.0011430061,0.91119312
5997,131,17737,2533,7c7g_FJR_B_402,6,smina,0.35456242,0.67497869,1.7193766,0.21066067,0,3.004661
5998,131,14167,2023,5xdt_MB3_A_404,6,smina,0.26655601,0.67448693,0.83707637,0.062621005,0,0.48555769
5999,131,10814,1544,5a02_GOL_D_1341,6,smina,0.27808177,0.67437941,0.90748233,0.033212744,1.1294917e-05,0.6601311
6000,131,14335,2047,5yaq_ISE_B_402,6,smina,0.30573372,0.67423326,1.2427791,0.12900107,0.054592476,0.86954072
6001,131,6852,978,3wug_XYP_B_2,6,smina,0.25838356,0.67376966,0.79279661,0,1.9270191e-06,0.52593529
6002,131,3415,487,2a5t_GLY_A_1001,6,smina,0.2583836,0.67216053,0.81874329,0.036694199,0,0.53479806
6003,131,1371,195,1kar_HSM_B_503,6,smina,0.25841668,0.67120564,0.84667587,0.062789395,0.00032031736,0.72811958
6004,131,2806,400,1v5y_4HC_B_1201,6,smina,0.25840323,0.67098872,0.84145612,0.068814874,1.169379e-05,0.65897733
6005,131,6817,973,3wsg_CIT_B_302,6,smina,0.31107441,0.67078941,1.7117051,0.17332512,0.13855452,1.7255237
6006,131,10511,1501,4z69_DIF_A_1006,4,gnina,0.51443816,0.67058469,2.9979713,0.16421942,0.82222964,7.1429264
6007,131,11071,1581,5c38_DA8_A_403,4,gnina,0.55870462,0.67038556,3.4393795,0.37294281,1.167558e-05,6.8069255
6008,131,13124,1874,5nh9_XLS_D_504,6,smina,0.30807389,0.67013576,1.3424958,0.14755388,0.20587611,1.1709977
6009,131,13117,1873,5nh9_XLS_C_504,6,smina,0.30705657,0.67002647,1.337626,0.1329293,0.19396828,1.1536391
6010,131,17128,2446,6t0a_M58_B_601,6,smina,0.28910623,0.66997767,0.90796757,0.16287638,0,0.67647056
6011,131,3310,472,1zng_HE4_A_202,6,smina,0.29593165,0.66974912,1.0542358,0.18613683,0,1.2191688
6012,131,15021,2145,6e2w_DP6_A_403,6,smina,0.44149552,0.6692928,1.9699854,0.23017226,0.00075448676,4.2220337
6013,131,17205,2457,6tgl_LVP_B_201,6,smina,0.29596144,0.66927947,0.98329735,0.26940873,3.4512735e-07,2.1695309
6014,131,13565,1937,5tvr_AKG_B_402,6,smina,0.29686854,0.66872349,1.1441174,0.23278269,0.83775767,1.1458006
6015,131,3044,434,1xny_BTN_A_5602,6,smina,0.29635196,0.66843038,1.1914289,0.11410221,0,2.3500059
6016,131,16624,2374,6q4r_MLT_A_1041,6,smina,0.2583836,0.66821627,0.86595184,0.053394992,0.0055882558,0.93453971
6017,131,9288,1326,4mop_2H5_C_703,6,smina,0.31046167,0.6676118,1.7046728,0.23870558,0.00051532968,0.95678934
6018,131,5198,742,2tmk_ATM_A_217,4,gnina,0.62933825,0.66665063,3.8658822,1.0912957,0.97791068,4.3221298
6019,131,9253,1321,4mog_G3F_A_802,6,smina,0.29337059,0.66655698,0.99447507,0.1971024,0.0012544621,1.1654251
6020,131,12984,1854,5m0t_AKG_A_302,6,smina,0.29449769,0.66629574,1.0540706,0.18280382,4.8489843e-06,1.2304615
6021,131,2692,384,1u2o_NEC_A_1001,4,gnina,0.63032554,0.66604751,4.409893,0.57716668,0.87010244,3.7885364
6022,131,7958,1136,4du7_DP6_A_401,6,smina,0.43250137,0.66515395,2.0385132,0.20444693,0.8868785,3.3972334
6023,131,13453,1921,5tch_MLI_G_301,6,smina,0.30902738,0.66479331,1.3458897,0.26625907,0.62485001,0.81403328
6024,131,8623,1231,4i6w_1CO_B_1001,6,smina,0.29490078,0.66364361,1.1233188,0.16836475,0.53250516,1.0257928
6025,131,17443,2491,6vo2_R67_B_403,6,smina,0.2583836,0.66360525,0.94177413,0.05373624,0,1.0277696
6026,132,17074,2439,6syz_M1E_A_601,1,unimol,0.81569853,0.74544757,3.9035385,0.69625586,0.9932638,19.41
6027,132,2729,389,1ubs_SER_B_398,6,smina,0.3931241,0.72518909,1.0615765,0.039601382,0.87363587,4.138218
6028,132,4631,661,2o1o_RIS_B_400,4,gnina,0.60465558,0.70295869,2.9126446,0.16474722,0.89850276,3.5894562
6029,132,1526,218,1lc8_33P_A_800,0,surfdock,0.54999172,0.69638186,2.3318255,0.64735276,0,4.0614858
6030,132,2426,346,1sjc_SMG_B_1100,4,gnina,0.63094691,0.6961723,3.3377225,0.82632989,0.4088544,4.8426189
6031,132,10420,1488,4y14_C0A_B_404,4,gnina,0.627855,0.69288911,3.8474348,0.37084162,0.95733781,5.562419
6032,132,10413,1487,4y14_C0A_A_407,4,gnina,0.62587362,0.69193055,3.8337841,0.3936767,0.9954446,5.5430532
6033,132,15026,2146,6e40_BBJ_A_502,4,gnina,0.65019258,0.69118461,3.9918118,0.42699289,1.5178846e-06,66.568288
6034,132,9841,1405,4rje_PYR_A_402,6,smina,0.27886877,0.68682065,0.78559953,5.9604645e-08,0.9411885,0.80944059
6035,132,15091,2155,6f2b_AKG_A_402,6,smina,0.30534261,0.68631372,1.3257982,0.1012053,0.76210396,1.3526269
6036,132,2381,340,1s6h_4BZ_A_1,1,unimol,0.81886888,0.68578007,5.9017258,0.43948817,0.97821881,18.9
6037,132,9848,1406,4rje_PYR_C_402,6,smina,0.27091201,0.68478261,0.78559953,5.9604645e-08,0.0010161957,0.63903934
6038,132,17604,2514,6yta_IYZ_A_702,6,smina,0.41900429,0.68397232,1.7970653,0.045545161,0,3.0549178
6039,132,12002,1714,5g44_YTZ_A_1512,4,gnina,0.51753924,0.68224981,2.52373,0.16311324,0.89602537,2.3980073
6040,132,14006,2000,5wcz_NOJ_B_601,6,smina,0.30139278,0.68170032,0.99691105,0.24600357,0.0046810373,0.90902049
6041,132,17130,2447,6t10_M6Z_A_601,1,unimol,0.81739598,0.68153395,5.7704062,0.66298449,0,18.69
6042,132,6762,966,3wgc_PLG_D_401,0,surfdock,0.54999172,0.68030326,3.0662212,0.27279699,0.97951194,3.7549692
6043,132,6748,964,3wgc_PLG_A_401,0,surfdock,0.54999172,0.68029319,3.0909841,0.24826638,0,3.721126
6044,132,6755,965,3wgc_PLG_B_401,0,surfdock,0.54999172,0.68029319,3.0909841,0.24826638,0.99242287,3.8141048
6045,132,7039,1005,3zzm_JLN_A_1526,4,gnina,0.62632593,0.6799406,4.2167053,0.32980356,0.99370554,6.2704354
6046,132,8182,1168,4fh7_TBP_A_202,6,smina,0.25388317,0.67970026,0.79435188,0.01237763,9.9408767e-06,0.66088771
6047,132,2428,346,1sjc_SMG_B_1100,6,smina,0.321578,0.67951174,1.5713857,0.218106,0.95542855,3.1281386
6048,132,2421,345,1sjc_SMG_A_1000,6,smina,0.31306522,0.67913855,1.5534524,0.19946206,0.55398552,3.4633164
6049,132,6845,977,3wsg_CIT_F_302,6,smina,0.30568515,0.67890656,1.5556269,0.15239449,0.81738388,1.5036927
6050,132,14230,2032,5xmq_PLG_C_501,6,smina,0.41367105,0.67852533,1.455232,0.48592141,4.0833952e-07,4.2278205
6051,132,4330,618,2i1v_FDP_B_710,4,gnina,0.51755056,0.67805036,2.6718013,0.31368214,0.73499334,3.6451436
6052,132,3618,516,2bs3_CIT_D_1657,6,smina,0.29588487,0.67782431,1.0979406,0.15410942,6.8432718e-06,1.9097154
6053,132,748,106,1h18_DTL_B_9009,6,smina,0.29500613,0.67777157,1.0187186,0.17310664,5.4925283e-07,0.89311613
6054,133,15089,2155,6f2b_AKG_A_402,4,gnina,0.78577097,0.7480601,4.0561604,0.30088237,0.82883501,5.7769201
6055,133,284,40,1d7a_AIR_D_450,4,gnina,0.63317776,0.71758461,3.2029517,0.44777155,1.5505939e-06,7.5332613
6056,133,2419,345,1sjc_SMG_A_1000,4,gnina,0.80436349,0.70958423,5.1241717,0.40966612,0.22523458,5.0078313
6057,133,13549,1935,5tlg_7EG_B_601,4,gnina,0.63920519,0.70399235,3.7551086,0.24929307,0.99243756,5.9967395
6058,133,270,38,1d7a_AIR_B_350,4,gnina,0.62083908,0.6926046,3.2469425,0.44429657,0.0024426256,5.6155114
6059,133,90,12,1aiq_UMP_A_265,6,smina,0.42225386,0.68917678,1.5398461,0.16609988,0,2.8668014
6060,133,3324,474,1zpd_CIT_A_610,6,smina,0.3097748,0.68704539,1.172146,0.27575597,0.30172994,1.5015098
6061,133,3331,475,1zpd_CIT_B_610,6,smina,0.3097748,0.68704539,1.172146,0.27575597,0.036868219,1.5314123
6062,133,2491,355,1t93_FLV_A_432,6,smina,0.29130901,0.68522117,1.0030359,0.095310375,0.0027046301,1.1910457
6063,133,13684,1954,5uda_CAE_B_502,6,smina,0.26735368,0.6851379,0.78541541,0,0,0.49312815
6064,133,14328,2046,5y8p_3OH_B_301,6,smina,0.26203565,0.68445693,0.78541541,0,1.3522448e-08,0.69845922
6065,133,15392,2198,6fw0_E92_B_602,6,smina,0.45805918,0.68439456,2.3269463,0.098812409,0,2.7632967
6066,133,6229,889,3sj1_DXC_X_75,6,smina,0.35430288,0.68328781,1.5828508,0.16907102,0,3.6743886
6067,133,12004,1714,5g44_YTZ_A_1512,6,smina,0.49348242,0.68283261,1.7466598,0.82414484,0,1.467832
6068,133,2484,354,1t93_FLV_A_431,6,smina,0.29095896,0.68250834,1.0042299,0.092465676,3.6435712e-05,0.88366405
6069,133,3982,568,2f64_12Q_B_471,6,smina,0.25524466,0.68173306,0.78541541,0,0,0.84615216
6070,133,8784,1254,4j0k_EGR_B_501,6,smina,0.30222939,0.68159041,1.0109197,0.25140044,2.0937666e-10,2.2300168
6071,133,13425,1917,5tch_MLI_B_501,6,smina,0.2949435,0.68136857,1.1406145,0.083861306,0.51514403,0.77306751
6072,133,4220,602,2gn2_C5P_A_400,6,smina,0.3097748,0.67937424,1.4296536,0.15429854,0,3.2787041
6073,133,7629,1089,4cme_KTZ_A_1270,6,smina,0.45837258,0.67729691,2.4107907,0.1648792,0,3.142832
6074,133,10051,1435,4umd_CIT_A_1174,6,smina,0.2770301,0.67719251,0.85212582,0.094342798,0.44486526,1.4260892
6075,133,8217,1173,4g1x_TQU_A_410,6,smina,0.30311858,0.67700723,1.1103607,0.23504816,0,1.3254339
6076,133,13432,1918,5tch_MLI_D_501,6,smina,0.29128786,0.67640004,1.1803076,0.061939176,0.8164263,0.8798255
6077,133,3101,443,1y5x_E89_D_1500,0,surfdock,0.55008079,0.67536732,3.0174618,0.44455132,0,4.2996906
6078,133,3357,479,1zuw_DGL_B_2301,4,gnina,0.51709041,0.67523984,2.7585762,0.073907286,0.98191536,2.4024351
6079,133,3094,442,1y5x_E89_A_500,0,surfdock,0.55008079,0.6748858,3.030196,0.44324356,0,4.2749783
6080,133,3087,441,1y5v_NE8_A_500,0,surfdock,0.55008079,0.67480238,3.028815,0.44660541,0,4.0185554
6081,133,3350,478,1zuw_DGL_A_1301,4,gnina,0.51696084,0.67471775,2.7481632,0.090990998,0.99264585,2.4690437
6082,133,286,40,1d7a_AIR_D_450,6,smina,0.32225817,0.6745279,1.8002338,0.068950541,1.6476325e-06,2.9717015
6083,133,8777,1253,4j0k_EGR_A_501,6,smina,0.29095664,0.67418184,1.0053965,0.23005801,2.9673024e-08,1.4987609
6084,133,15532,2218,6hmw_FUL_C_203,6,smina,0.27471342,0.67402666,0.90165192,0.08278738,1.1505356e-08,0.66707161
6085,133,2771,395,1uxi_FUM_B_1311,6,smina,0.28730162,0.67353908,0.95539063,0.13632587,0,0.79067833
6086,133,3975,567,2f64_12Q_A_472,6,smina,0.2549034,0.67202928,0.78541541,0,0,0.66955546
6087,133,6012,858,2zyv_NPO_X_1601,6,smina,0.25522232,0.67165412,0.81933641,0.047971513,0,0.71212748
6088,133,9365,1337,4n4j_HG1_A_608,6,smina,0.2552285,0.67106471,0.85387021,0.096809737,0,0.69744006
6089,133,13649,1949,5uap_82S_A_505,6,smina,0.25466994,0.67066735,0.78541541,0,0,0.57040711
6090,133,15700,2242,6jea_NAG_A_501,6,smina,0.3097748,0.67000878,1.463792,0.29263654,0.0001441617,1.3293126
6091,133,272,38,1d7a_AIR_B_350,6,smina,0.31760467,0.66969402,1.8306593,0.11497056,1.3100869e-06,3.2000128
6092,133,7069,1009,4a3u_NCA_B_1359,6,smina,0.27794829,0.66963297,0.90490371,0.16898194,0,0.84043066
6093,133,3338,476,1zpd_CIT_E_610,6,smina,0.2937762,0.66806002,1.172146,0.27575597,0.035783236,2.1702433
6094,133,1812,258,1njr_XYL_A_285,6,smina,0.28720025,0.66769092,0.95276839,0.23667288,2.1740645e-06,1.1517725
6095,133,1728,246,1mrj_ADN_A_300,6,smina,0.29105446,0.66764748,1.0921059,0.27559355,0,0.93660907
6096,133,2540,362,1tiw_TFB_A_2002,6,smina,0.25826081,0.66730985,0.93384165,0.11776633,0.97557413,0.6407121
6097,133,13474,1924,5tde_2HP_B_902,6,smina,0.25507786,0.66712932,0.82306331,0.053242121,7.0745561e-05,0.41984355
6098,133,14195,2027,5xin_XLS_C_397,6,smina,0.29623326,0.66701263,1.1956315,0.28699583,0.10989176,1.062696
6099,133,9946,1420,4tyv_BGC_B_701,6,smina,0.25510929,0.66695086,0.8265385,0.058156777,0.004443237,1.0762234
6100,133,3016,430,1xin_XYL_B_397,6,smina,0.30368665,0.66676583,1.2524391,0.28104937,0.0042073303,1.0778243
6101,133,9806,1400,4r3n_3GQ_B_404,6,smina,0.28784552,0.66656422,1.1268454,0.09330716,0,1.4696475
6102,133,13087,1869,5n5k_8NW_A_307,4,gnina,0.51410791,0.66637909,2.7727606,0.21098298,0.52232736,2.8941852
6103,133,14202,2028,5xin_XLS_D_397,6,smina,0.29855004,0.66628664,1.2110938,0.29337084,0.14407991,1.433371
6104,134,3352,478,1zuw_DGL_A_1301,6,smina,0.53055173,0.72745497,1.7610308,0.38402918,0.9926218,1.3854461
6105,134,3359,479,1zuw_DGL_B_2301,6,smina,0.52578403,0.72651937,1.7705179,0.38895518,0.95160411,1.6602299
6106,134,6766,966,3wgc_PLG_D_401,4,gnina,0.63355161,0.70987515,3.4242866,0.39441052,8.9902259e-06,5.3571591
6107,134,6759,965,3wgc_PLG_B_401,4,gnina,0.63986915,0.70973726,3.4569967,0.40998533,0.45592065,5.3747352
6108,134,3952,564,2ex1_C5P_A_1427,4,gnina,0.51822975,0.6934658,2.4574096,0.19012298,0.99127305,4.1560469
6109,134,13089,1869,5n5k_8NW_A_307,6,smina,0.32665828,0.69170095,1.4304076,0.13930596,0,2.9478792
6110,134,6607,943,3vq5_MMJ_B_307,6,smina,0.29787893,0.68757366,0.99639446,0.1661336,2.0719189e-06,1.470655
6111,134,1397,199,1kdo_C_B_6407,4,gnina,0.62561829,0.68102309,4.1040034,0.38196537,0.63907508,4.2836485
6112,134,16155,2307,6mry_FLC_K_101,6,smina,0.28845981,0.6808676,1.1237867,0.076419175,0.018606391,1.7527462
6113,134,2344,334,1rvz_NAG_A_3321,6,smina,0.30420213,0.67723118,1.302271,0.13203928,3.5141672e-07,1.6913799
6114,134,4633,661,2o1o_RIS_B_400,6,smina,0.41870288,0.67538146,1.8872267,0.09099973,0,2.3139808
6115,134,4731,675,2p1e_LAC_A_303,6,smina,0.24998894,0.67473072,0.7819522,5.9604645e-08,0,0.51042195
6116,134,10443,1491,4ynu_LGC_A_602,6,smina,0.25018602,0.67408257,0.79178858,0.013910623,0.015088213,0.80496164
6117,134,6131,875,3ro7_TDR_A_300,6,smina,0.2497106,0.67379039,0.7819522,5.9604645e-08,0,0.59031464
6118,134,2351,335,1rvz_NAG_F_3331,6,smina,0.30419428,0.67370833,1.3605295,0.12777318,3.5316398e-09,1.7693563
6119,134,9218,1316,4mgj_CPZ_A_502,6,smina,0.25028994,0.67231632,0.84170967,0.054808483,0,0.95013283
6120,134,14321,2045,5y8k_SER_B_301,6,smina,0.25028983,0.6711005,0.8341608,0.073834062,1.988193e-05,0.73400011
6121,134,15770,2252,6jwy_PH2_A_802,6,smina,0.45106757,0.67085116,1.8695451,0.29552442,0,0.98215648
6122,134,14314,2044,5y8k_SER_A_301,6,smina,0.25028964,0.67032687,0.85291624,0.058038153,1.844563e-05,0.79308025
6123,134,6222,888,3se2_LDR_B_2,6,smina,0.2885875,0.67014331,1.2510864,0.1428186,0,0.89561456
6124,134,7636,1090,4cme_KTZ_B_1270,6,smina,0.45797483,0.66987109,2.4667747,0.25634626,0,2.9013736
6125,134,16918,2416,6rgr_RM4_A_403,6,smina,0.24747836,0.66960015,0.7966134,0.020734029,0.89728833,0.58758163
6126,134,16610,2372,6q4k_HHW_A_302,6,smina,0.33809495,0.6687735,1.8690181,0.14772123,0,3.3095415
6127,134,5177,739,2ri1_GLP_B_234,4,gnina,0.48033635,0.66751422,2.4119966,0.45060292,0.12293717,2.3048183
6128,134,5165,737,2rhx_MLY_A_537,6,smina,0.2877601,0.6643843,1.1199166,0.28865197,0,2.153562
6129,134,9036,1290,4l4d_CAM_A_503,6,smina,0.24968697,0.66338304,0.87021106,0.077166229,0,0.56537121
6130,134,4171,595,2g21_L1B_A_885,6,smina,0.45819321,0.66336552,2.7380981,0.1313609,0,5.9999745
6131,134,5170,738,2ri1_GLP_A_234,4,gnina,0.45947444,0.66290918,2.4476464,0.44011581,0.32933184,2.3953408
6132,134,9274,1324,4mop_2H5_A_802,6,smina,0.30284328,0.66278065,1.3137808,0.34816405,0.0024081128,1.0220344
6133,134,6005,857,2zwt_CAM_A_422,6,smina,0.24969141,0.66277932,0.88547593,0.073292769,0,0.54247913
6134,134,13409,1915,5tbo_78Z_A_1001,4,gnina,0.63153407,0.66220958,4.3518729,0.70750588,0.9840683,5.0311317
6135,134,10205,1457,4wqq_MAN_C_204,6,smina,0.24991326,0.66187618,0.89356965,0.092803009,0.0065203781,0.84767631
6136,134,10198,1456,4wqq_MAN_B_204,6,smina,0.24965485,0.66038136,0.89497399,0.099567123,0.0073612754,0.77380397
6137,134,6831,975,3wsg_CIT_D_302,6,smina,0.30420501,0.660263,1.7971478,0.13654308,0.21308463,1.5847257
6138,134,6838,976,3wsg_CIT_E_302,6,smina,0.30420501,0.66020406,1.79746,0.13738672,0.12936088,1.8205666
6139,134,4626,660,2o1o_RIS_A_400,6,smina,0.30420501,0.65999964,1.8513011,0.087554768,0,2.5705647
6140,134,3086,440,1y42_TYR_X_701,6,smina,0.30196866,0.65999659,1.585575,0.1093758,3.968174e-06,1.6961852
6141,134,5592,798,2xmi_FLC_A_1379,6,smina,0.24795209,0.65990612,0.86756271,0.11246949,0.092777569,1.602977
6142,134,13236,1890,5o4j_PJL_A_304,6,smina,0.27445386,0.65978563,1.0656213,0.20225036,7.8432664e-05,1.1885327
6143,134,9232,1318,4mig_G3F_B_802,6,smina,0.34074579,0.65887513,2.0003603,0.22411694,0.00060204633,0.88501016
6144,134,16603,2371,6q4k_HHW_A_301,6,smina,0.34041762,0.65873934,2.0452201,0.180489,0,2.8758188
6145,134,2342,334,1rvz_NAG_A_3321,4,gnina,0.51822716,0.65857818,3.0200624,0.19901599,0,9.3131823
6146,134,12025,1717,5g4r_LF1_C_1739,6,smina,0.46101338,0.65845928,2.5405991,0.4626528,0,4.2995657
6147,134,9225,1317,4mig_G3F_A_802,6,smina,0.34004496,0.65818972,2.0229509,0.21249786,0.00043361116,0.98683643
6148,134,6803,971,3wqs_KBK_B_503,6,smina,0.42703257,0.65798387,2.2755272,0.084818564,0,3.6798104
6149,134,4514,644,2nos_AGU_A_903,6,smina,0.25214551,0.65788615,0.99975365,0.23381767,7.2369047e-07,0.52248096
6150,134,7669,1095,4cmk_FQW_C_1270,4,gnina,0.62299568,0.65777719,4.286572,0.34071371,0.00060229797,4.4933492
6151,134,2876,410,1w3t_3GR_B_1297,6,smina,0.30022639,0.65744417,1.4161836,0.2972258,0.046959138,0.6441708
6152,134,2349,335,1rvz_NAG_F_3331,4,gnina,0.51822007,0.65743224,3.0674231,0.1686814,0.0004935975,9.0966654
6153,134,9890,1412,4s38_CDI_A_900,6,smina,0.25020049,0.65741127,0.9859972,0.095546253,9.0243764e-05,1.0472519
6154,135,5599,799,2xoz_AMP_B_1664,6,smina,0.24420256,0.68543956,0.80083251,0.032031041,0.0023664657,0.53896753
6155,135,8441,1205,4hrq_AZG_B_201,6,smina,0.24401686,0.68081348,0.81241721,0.048414167,0,0.9080903
6156,135,11472,1638,5e4r_40E_A_504,6,smina,0.26944796,0.67854586,0.91198689,0.10944036,0.044764487,0.82152507
6157,135,9610,1372,4p8c_2J3_A_504,6,smina,0.2661796,0.6759264,0.97091752,0.084900208,9.7816295e-06,2.3184231
6158,135,10331,1475,4xp0_42A_A_404,6,smina,0.28748794,0.67582713,1.1963835,0.19610189,0,0.69659052
6159,135,10653,1521,4zo7_BGC_A_805,6,smina,0.269979,0.67557156,0.95205569,0.12058575,4.6578789e-06,0.88112148
6160,135,8434,1204,4hrq_AZG_A_201,6,smina,0.24345847,0.67514755,0.80523735,0.03826043,0.040063501,0.63738286
6161,135,16708,2386,6qni_GLC_A_402,6,smina,0.24401624,0.67497222,0.847812,0.053966857,0.021217893,0.8150103
6162,135,15077,2153,6e8i_PTR_A_201,6,smina,0.29992514,0.67494414,1.420714,0.46515054,4.6629395e-07,2.8256119
6163,135,1588,226,1lro_PEP_B_2268,6,smina,0.24901382,0.67318232,0.93911391,0.11757167,0.59693929,0.95757428
6164,135,7076,1010,4a78_JZ3_A_1296,6,smina,0.2425101,0.67284761,0.81243438,0.04843853,0.15206974,0.64112792
6165,135,12662,1808,5j6y_GLC_A_309,6,smina,0.24327192,0.67198599,0.82261044,0.062829658,0.96221287,0.75737975
6166,135,12067,1723,5goo_FRU_B_501,6,smina,0.29893187,0.67160439,1.3831488,0.40894699,0.96094262,0.97418614
6167,135,11892,1698,5fqf_NGA_B_1586,6,smina,0.28489948,0.66933781,1.2238632,0.11649833,0.00092392153,1.3884521
6168,135,8861,1265,4jhh_H35_A_201,6,smina,0.28452498,0.66927932,1.2582283,0.071761675,0.98798569,1.5245426
6169,135,10238,1462,4wxb_CIT_A_501,4,gnina,0.54531831,0.66921741,3.2646425,0.14656231,0.76652937,4.4983541
6170,135,16177,2311,6n0z_DP6_E_401,0,surfdock,0.54970886,0.668824,3.0265439,0.61381626,0.97835863,3.5882475
6171,135,16184,2312,6n0z_DP6_F_401,0,surfdock,0.54970886,0.668824,3.0265439,0.61381626,0,5.7352749
6172,135,3233,461,1zfj_IMP_A_500,6,smina,0.41897191,0.66855306,1.8071541,0.38269773,0,3.7023094
6173,135,3772,538,2cxp_A5P_A_1601,6,smina,0.30589055,0.66781848,1.883872,0.16250809,0.98424829,2.572278
6174,135,5312,758,2vjb_CCD_A_1540,6,smina,0.24400824,0.66761506,0.97706598,0.027118465,0,1.250913
6175,135,3401,485,2a1m_CAM_B_2422,6,smina,0.24342114,0.66760642,0.88186985,0.080963776,0,0.54504882
6176,135,3849,549,2e40_LGC_B_2001,6,smina,0.24341488,0.66755053,0.88523793,0.077124156,0.029858488,1.008914
6177,135,895,127,1h5r_G1P_C_1294,6,smina,0.29893187,0.66699198,1.6419574,0.23704383,2.1540432e-06,1.6598593
6178,135,10352,1478,4xpq_FUL_A_1004,6,smina,0.24406446,0.66689705,1.001313,0.12071048,0.0037429782,0.63755258
6179,135,14539,2077,5zg2_ZK1_A_901,0,surfdock,0.54970886,0.66676635,3.1958401,0.49465361,0.91170789,4.32761
6180,135,6150,878,3roe_THM_D_265,4,gnina,0.51844626,0.66673278,3.0371921,0.23855212,0.98352505,9.8918127
6181,135,6143,877,3roe_THM_B_265,4,gnina,0.51844626,0.66649533,3.0593178,0.22194703,0.96261141,9.453656
6182,135,6157,879,3roe_THM_E_265,4,gnina,0.51844626,0.66649533,3.0593178,0.22194703,0.98448371,5.9358345
6183,135,6136,876,3roe_THM_A_265,4,gnina,0.51844626,0.66645511,3.0622513,0.21994857,0.10150533,6.1004609
6184,135,902,128,1h5r_G1P_D_1294,6,smina,0.29893187,0.66626843,1.6634425,0.22935635,0,1.6148066
6185,135,8763,1251,4itu_1HS_D_302,6,smina,0.29893125,0.66579174,1.2708846,0.45684326,1.8979311e-06,1.7480627
6186,135,17744,2534,7cwd_GAL_A_902,6,smina,0.25771513,0.66563745,1.1153836,0.091331527,0.00064360178,0.78814403
6187,135,8756,1250,4itu_1HS_B_302,6,smina,0.29893098,0.66563292,1.2708846,0.45684326,1.5778906e-06,1.5848136
6188,135,14546,2078,5zg2_ZK1_B_901,0,surfdock,0.54970886,0.665632,3.2011957,0.51713604,0,4.1227278
6189,135,8749,1249,4itu_1HS_A_302,6,smina,0.29893091,0.6655535,1.2708846,0.45684326,1.7810799e-06,1.8328295
6190,135,14720,2102,6axu_BTM_A_401,6,smina,0.2897266,0.66473008,1.2917571,0.3332893,0,1.3955833
6191,135,3254,464,1zha_PEP_B_2268,6,smina,0.2435765,0.66432908,1.0038258,0.019714676,0.0032420671,1.0086472
6192,135,3527,503,2b3f_GAL_C_3312,6,smina,0.29893187,0.66421841,1.7631721,0.16896367,0.99557411,1.3174211
6193,135,3534,504,2b3f_GAL_D_3313,6,smina,0.29893187,0.66421841,1.7631721,0.16896367,0.99762187,1.2768968
6194,135,3541,505,2b3f_GAL_E_3314,6,smina,0.29893187,0.66421841,1.7631721,0.16896367,0.99703009,1.3319096
6195,135,16170,2310,6n0z_DP6_C_401,0,surfdock,0.54970886,0.66384305,3.0803127,0.68221068,0,3.3434854
6196,135,11120,1588,5c8w_PCG_F_302,4,gnina,0.51844626,0.66378468,3.2708662,0.073834702,0.99769005,4.3455306
6197,135,9267,1323,4mol_2FG_D_802,6,smina,0.29807215,0.66368897,1.6456157,0.082823537,0.17331627,0.96995375
6198,135,9260,1322,4mol_2FG_C_703,6,smina,0.2980227,0.66353015,1.6456157,0.082823537,0.17488794,0.92489256
6199,135,2321,331,1rnd_DGP_A_126,4,gnina,0.51844626,0.66344023,3.2378967,0.11491977,1.2575528e-08,4.0959424
6200,135,8868,1266,4jp3_CIT_A_301,6,smina,0.24322886,0.66323681,0.91500443,0.10986336,0.087993149,1.4735558
6201,135,9190,1312,4m2c_DAR_D_402,6,smina,0.29893187,0.66295761,1.8122422,0.14426711,0.87531709,2.6011313
6202,135,10345,1477,4xpq_FUL_A_1003,6,smina,0.24418266,0.66293733,1.0734711,0.12406915,0.97555087,0.90356767
6203,135,12270,1752,5hss_64Z_D_403,6,smina,0.29893187,0.66290198,1.5845925,0.37299538,0.37296076,1.1979818
6204,136,12065,1723,5goo_FRU_B_501,4,gnina,0.81699643,0.76604115,3.610033,0.69202042,2.9199673e-06,3.9463689
6205,136,3525,503,2b3f_GAL_C_3312,4,gnina,0.81675323,0.74446026,4.3338838,0.46761355,0.99623799,7.0612758
6206,136,3539,505,2b3f_GAL_E_3314,4,gnina,0.8167434,0.74439448,4.3338838,0.46761355,0.99699715,6.8812584
6207,136,3532,504,2b3f_GAL_D_3313,4,gnina,0.81673942,0.7443287,4.3338838,0.46761355,0.99755872,7.0222101
6208,136,9188,1312,4m2c_DAR_D_402,4,gnina,0.81767469,0.72196951,4.2546229,1.1259547,0,5.2266432
6209,136,11122,1588,5c8w_PCG_F_302,6,smina,0.54123053,0.70027072,2.0451198,0.84223586,0,2.2297382
6210,136,9449,1349,4nir_6DH_A_307,6,smina,0.28837661,0.69331776,1.0635971,0.2163824,0,1.8111277
6211,136,11423,1631,5dw3_TRP_D_402,6,smina,0.30149054,0.69231636,1.5233642,0.098063476,0.48326717,1.4407
6212,136,11409,1629,5dw3_TRP_A_402,6,smina,0.30149054,0.69116765,1.5383624,0.10248574,0.50745142,1.6024589
6213,136,10506,1500,4z1d_PEP_B_300,6,smina,0.28294307,0.6910949,1.04658,0.066340342,0.91020797,1.076547
6214,136,11416,1630,5dw3_TRP_C_402,6,smina,0.30149054,0.69070679,1.5443883,0.10427872,0.35183236,1.5361821
6215,136,3128,446,1yik_MM1_A_501,6,smina,0.2582158,0.69003276,0.90366888,0.12816516,0,0.66418774
6216,136,3954,564,2ex1_C5P_A_1427,6,smina,0.53823926,0.688924,2.54019,0.57843518,0,4.0464171
6217,136,1897,271,1o28_UFP_B_708,0,surfdock,0.54873318,0.68852685,3.1015663,0.23219708,0,3.5742421
6218,136,10499,1499,4z1d_PEP_A_300,6,smina,0.27623706,0.68810018,1.04658,0.066340342,0.0039833175,0.98049827
6219,136,1904,272,1o28_UFP_C_713,0,surfdock,0.54873318,0.68770385,3.1222782,0.22956707,0,3.6866722
6220,136,1911,273,1o28_UFP_D_718,0,surfdock,0.54873318,0.68742651,3.1292088,0.22874367,9.5050001e-05,3.593496
6221,136,15826,2260,6jz4_EVA_B_701,6,smina,0.28832613,0.68629731,1.1384406,0.2436626,0.16075643,0.94720034
6222,136,15819,2259,6jz4_EVA_A_701,6,smina,0.28821347,0.68562947,1.1384406,0.2436626,0.0057564934,0.95592754
6223,136,1987,283,1om5_INE_A_790,6,smina,0.24514047,0.68428224,0.8954522,0.16378868,2.8345976e-05,0.8530172
6224,136,1994,284,1om5_INE_B_791,6,smina,0.24862969,0.68414504,0.90997505,0.18592903,9.2685945e-06,0.98874702
6225,136,16639,2377,6qa7_HTW_A_901,0,surfdock,0.54873318,0.68382876,3.1415699,0.2962932,0,4.3105448
6226,136,4332,618,2i1v_FDP_B_710,6,smina,0.42048771,0.68055361,2.1188567,0.020434324,6.93364e-05,3.0237794
6227,136,2841,405,1vzd_UFP_A_317,6,smina,0.28762542,0.67992757,1.2784748,0.14398533,1.7066449e-05,2.8131185
6228,136,2652,378,1tvw_UMP_A_317,6,smina,0.29370945,0.67893329,1.2753091,0.31691632,0,3.9594605
6229,136,15252,2178,6fld_NAG_A_602,6,smina,0.26323152,0.67871328,1.0804905,0.13600092,4.359441e-07,1.4975065
6230,136,7776,1110,4d06_X8W_D_303,6,smina,0.2881673,0.67861094,1.2900448,0.20428938,3.7738387e-08,1.336615
6231,136,16771,2395,6qqs_JCZ_B_301,6,smina,0.28327146,0.67859354,1.0721818,0.24849291,0,1.3495928
6232,137,12625,1803,5j61_A3G_D_501,4,gnina,0.63458844,0.69541379,3.8162699,0.31547976,0.8917282,6.4602092
6233,137,11407,1629,5dw3_TRP_A_402,4,gnina,0.62214746,0.69346697,3.4374411,0.23421854,0.5162837,4.5007537
6234,137,4472,638,2jfv_FLC_A_1271,6,smina,0.28744905,0.6922716,0.91116267,0.16334194,0.019819547,1.3959691
6235,137,16638,2376,6q4y_MAN_B_402,6,smina,0.24339,0.68788457,0.77080369,0.00013739873,0.97069181,0.87590167
6236,137,5079,725,2qx4_ML1_A_233,4,gnina,0.46964183,0.68529321,2.382808,0.054992769,1.1428709e-05,2.4948478
6237,137,10240,1462,4wxb_CIT_A_501,6,smina,0.36226264,0.6838575,1.56733,0.19517526,0.26274747,1.9376679
6238,137,2412,344,1sff_IK2_C_450,4,gnina,0.64034933,0.68245856,4.2457218,0.2827259,0.96626312,6.7195646
6239,137,5527,789,2wzv_FMN_B_801,4,gnina,0.63910942,0.67858587,4.0801558,0.53421777,0.94119692,6.6802823
6240,137,16631,2375,6q4y_MAN_A_402,6,smina,0.24257936,0.67856525,0.77070647,5.9604645e-08,0.97919966,1.1562367
6241,137,9209,1315,4ma8_Z80_C_301,4,gnina,0.46916782,0.67632102,2.5482423,0.074026071,8.2069673e-07,3.1229275
6242,137,4669,667,2o7d_DHC_A_701,0,surfdock,0.54781347,0.67597806,3.0178535,0.3593652,0.98973217,2.9650377
6243,137,4676,668,2o7d_DHC_B_701,0,surfdock,0.54781347,0.67597806,3.0178535,0.3593652,0.99689158,3.0411967
6244,137,11421,1631,5dw3_TRP_D_402,4,gnina,0.6080946,0.67421275,3.4407012,0.22947825,0.46244041,4.56931
6245,137,11927,1703,5fwe_OGA_B_1359,6,smina,0.24326662,0.67296378,0.89919186,0.072514974,0.00051081234,0.9390962
6246,137,11953,1707,5g09_6DF_B_1474,4,gnina,0.68404848,0.6725509,4.987854,0.60807782,0.99251462,11.22518
6247,137,1147,163,1ixo_G3P_A_1001,6,smina,0.27871838,0.67233251,0.98807031,0.15418036,0.21934923,1.0950547
6248,137,11263,1609,5ddu_PMP_A_601,0,surfdock,0.54781347,0.67231166,3.2310674,0.23260571,0.98996833,3.4104584
6249,137,11270,1610,5ddu_PMP_B_601,0,surfdock,0.54781347,0.67231166,3.2310674,0.23260571,0.21266363,3.185501
6250,137,6684,954,3w8x_FTK_A_601,6,smina,0.24326572,0.67215503,0.86327285,0.065527365,0.0018548253,2.5460017
6251,137,15476,2210,6h8p_OGA_A_504,6,smina,0.24326662,0.67094715,0.93742067,0.067395568,0.93765158,0.95566607
6252,137,4687,669,2o7d_DHC_G_701,4,gnina,0.63927676,0.67076853,4.3340154,0.49832362,0.99698834,59.704802
6253,137,15735,2247,6jme_BVU_A_409,6,smina,0.46059056,0.67028239,2.2578967,0.46178585,0,4.4811726
6254,137,7874,1124,4dch_4DC_A_502,6,smina,0.35118719,0.67019967,1.7374482,0.28252903,0,4.8196541
6255,137,11277,1611,5ddu_PMP_C_601,0,surfdock,0.54781347,0.67007517,3.2816517,0.23545791,0.9915381,3.33637
6256,137,6635,947,3w4i_8LG_A_402,6,smina,0.25137785,0.66983777,0.96612549,0.13920839,0,0.59571317
6257,137,3030,432,1xin_XYL_D_397,6,smina,0.28712588,0.66969681,1.3996758,0.054534748,0.0038490129,1.1568895
6258,137,17387,2483,6vlu_CIT_A_701,6,smina,0.25016621,0.66911671,0.91795701,0.19246121,1.2714963e-05,1.7438252
6259,137,14188,2026,5xin_XLS_B_397,6,smina,0.28763347,0.66900699,1.3842236,0.091070369,0.11210808,1.0789195
6260,137,11284,1612,5ddu_PMP_D_601,0,surfdock,0.54781347,0.66862033,3.3126714,0.23948593,0.99385418,3.3943615
6261,137,5340,762,2vlf_PLI_B_1459,6,smina,0.30046314,0.66861665,1.3232046,0.47612011,2.3826586e-06,5.3132217
6262,137,125,17,1anc_BEN_A_384,6,smina,0.241119,0.66790171,0.8367328,0.093375221,3.0732622e-07,0.59769511
6263,137,17513,2501,6xim_XLS_A_397,6,smina,0.2870092,0.66761425,1.4244248,0.059855912,0.18266953,1.131789
6264,137,4129,589,2fyd_NGA_B_404,6,smina,0.28541586,0.66745459,1.2084488,0.14350256,1.8509693e-05,1.3145725
6265,137,9281,1325,4mop_2H5_B_802,6,smina,0.28762186,0.66735086,1.3333329,0.17032814,0.056191623,0.95202229
6266,137,4486,640,2jhp_GUN_A_1648,6,smina,0.24325864,0.66695486,0.89497823,0.10801399,5.9324427e-06,0.5977636
6267,137,6264,894,3t2e_F6R_A_3469,6,smina,0.24326662,0.6667629,0.89705104,0.15837078,5.307697e-09,2.9350689
6268,137,4136,590,2fyd_NGA_D_529,6,smina,0.28389691,0.66509793,1.2067621,0.14043713,0.034002733,1.64256
6269,137,15721,2245,6jmd_BVO_A_408,6,smina,0.46122942,0.66473602,2.3807266,0.46527937,0,5.7378758
6270,137,3023,431,1xin_XYL_C_397,6,smina,0.28601162,0.66461645,1.3954406,0.050655227,0,1.0957264
6271,137,4479,639,2jhp_GUN_A_1647,6,smina,0.24306563,0.66441052,0.90050775,0.11809609,0.20526832,0.64738315
6272,137,2883,411,1w3t_3GR_C_1297,6,smina,0.26282652,0.66420391,1.1232175,0.093868963,0.023939091,0.63599057
6273,137,16520,2360,6pn9_OU7_A_803,0,surfdock,0.54781347,0.66249275,3.3695958,0.33272073,0,3.726505
6274,137,15651,2235,6ix8_B3O_A_408,6,smina,0.30046314,0.66244936,1.657589,0.26009434,0,2.2459564
6275,137,16848,2406,6r7w_CIT_A_406,6,smina,0.2881827,0.66242217,1.119184,0.48646048,0.052627004,1.4470652
6276,137,16527,2361,6pn9_OU7_B_803,0,surfdock,0.54781347,0.66181611,3.3826253,0.33652875,0.53555805,3.7540299
6277,137,11689,1669,5f35_FLC_A_302,6,smina,0.28538647,0.66168579,1.3275684,0.12588336,0.019750358,1.5035638
6278,137,4689,669,2o7d_DHC_G_701,6,smina,0.3192902,0.66084152,1.6485052,0.53169537,0,2.0849243
6279,137,4655,665,2o7b_HC4_E_701,0,surfdock,0.54781347,0.65984907,3.1713181,0.59707898,0.99667241,2.9592286
6280,137,762,108,1h18_PYR_B_1001,6,smina,0.24243116,0.65952165,0.90367049,0.17315926,0.044328048,0.64310784
6281,137,14062,2008,5x0j_SEP_A_302,6,smina,0.24326662,0.6589067,1.0309371,0.17792806,0.97571952,1.4872243
6282,138,15463,2209,6gxk_FFW_B_402,0,surfdock,0.54856181,0.68245942,3.0555513,0.1669701,0.99106229,4.0637079
6283,138,15456,2208,6gxk_FFW_A_402,0,surfdock,0.54856181,0.68058627,3.0674915,0.19770736,0.98787049,4.2977756
6284,138,4815,687,2pvy_ACP_A_802,6,smina,0.39294945,0.67875855,1.7020019,0.17215911,0.0015779511,1.409839
6285,138,2316,330,1rf2_BV4_H_108,6,smina,0.2998923,0.67820711,1.2465235,0.18582496,0.032103827,3.810141
6286,138,7916,1130,4do1_ANN_C_502,6,smina,0.28450556,0.67635204,1.2866453,0.047664389,0,1.06954
6287,138,7909,1129,4do1_ANN_B_502,6,smina,0.28437688,0.67585685,1.2866453,0.047664389,0,0.96018997
6288,138,2309,329,1rf2_BV4_E_105,6,smina,0.29588758,0.67566977,1.2465235,0.18582496,0.44423549,3.6976332
6289,138,7923,1131,4do1_ANN_D_502,6,smina,0.2842709,0.67519659,1.2866453,0.047664389,0,0.99000879
6290,138,15882,2268,6krs_CIT_H_301,6,smina,0.3008419,0.67338552,1.5255011,0.0040557892,0.79381223,1.6648055
6291,138,15854,2264,6krs_CIT_B_301,6,smina,0.30065515,0.67314195,1.5255011,0.0040557892,0.011914928,1.8795937
6292,138,4374,624,2ij7_TPF_F_2474,6,smina,0.30314419,0.67213469,1.4319538,0.46759045,0,3.3142228
6293,138,15889,2269,6krs_CIT_I_301,6,smina,0.30088425,0.67077012,1.5539155,0.024377968,0.81477041,1.5939465
6294,138,15896,2270,6krs_CIT_J_301,6,smina,0.30083537,0.67052753,1.5539155,0.024377968,0.70372516,1.8231591
6295,138,14244,2034,5xrv_F6R_A_702,6,smina,0.30281001,0.66944078,1.5149745,0.29146591,0.00012062773,3.4801582
6296,138,16071,2295,6m5m_NAG_A_202,6,smina,0.24161742,0.66931721,0.94740629,0.12601627,0.99228549,1.146273
6297,138,15861,2265,6krs_CIT_C_301,6,smina,0.29863511,0.66898227,1.5556718,0.022781871,0.014850249,1.6816791
6298,138,6496,928,3vc3_C6P_B_501,0,surfdock,0.54856181,0.66858947,3.2298543,0.31723154,3.2435431e-05,4.2278885
6299,138,6503,929,3vc3_C6P_C_501,0,surfdock,0.54856181,0.66858947,3.2298543,0.31723154,0,4.1588311
6300,138,6489,927,3vc3_C6P_A_501,0,surfdock,0.54856181,0.6683849,3.2290812,0.32294291,0,4.2403747
6301,138,6510,930,3vc3_C6P_D_501,0,surfdock,0.54856181,0.6683849,3.2290812,0.32294291,0,4.2683375
6302,138,12074,1724,5goo_FRU_C_501,6,smina,0.28418699,0.66835625,1.2270139,0.21314155,0.96130441,1.3411879
6303,138,6517,931,3vc3_C6P_E_501,0,surfdock,0.54856181,0.66815137,3.2282073,0.32946032,0.95757499,4.2312206
6304,138,6159,879,3roe_THM_E_265,6,smina,0.53902448,0.66705673,2.7438424,0.63123047,0,2.0928902
6305,138,6145,877,3roe_THM_B_265,6,smina,0.52886254,0.66634604,2.7438424,0.63123047,0,3.0666337
6306,138,2295,327,1r4f_AD3_B_330,6,smina,0.30281001,0.6661948,1.3838342,0.48440522,0,3.2074574
6307,138,17121,2445,6t0a_M58_A_601,6,smina,0.24156553,0.66613507,0.91762561,0.11148624,0,0.64204297
6308,138,12312,1758,5i0d_GLC_B_1122,6,smina,0.28319119,0.66599236,1.2391548,0.15993355,1.5495395e-06,0.96262694
6309,138,3072,438,1y2x_NAG_C_2144,6,smina,0.2817514,0.66561845,1.308761,0.05324107,0.99447237,1.8361141
6310,138,10163,1451,4wca_CIT_A_401,6,smina,0.24103419,0.66521826,0.9041515,0.114803,0.017833404,1.3358277
6311,138,6152,878,3roe_THM_D_265,6,smina,0.53857875,0.66512855,2.7484045,0.67081618,0,3.1995304
6312,138,2293,327,1r4f_AD3_B_330,4,gnina,0.51719806,0.66444199,2.563123,0.68711609,0.0008071043,4.5841823
6313,138,4367,623,2ij7_TPF_D_2473,6,smina,0.30281001,0.66422242,1.4595175,0.44671729,0,3.0155893
6314,138,11668,1666,5ezp_IPJ_B_201,6,smina,0.30281001,0.66349045,1.6883553,0.23206535,0,1.7098772
6315,138,9813,1401,4rcv_DE2_A_403,6,smina,0.2416096,0.66206096,0.96868736,0.14323424,0.98782625,0.63259898
6316,138,8658,1236,4i9n_1E5_B_402,6,smina,0.44465769,0.66196454,1.8854609,0.44455281,0,4.1453233
6317,138,4759,679,2pir_NK_A_933,6,smina,0.24174599,0.6614406,1.027244,0.197537,0.53546217,0.60850799
6318,138,12060,1722,5goo_FRU_A_501,6,smina,0.28285484,0.66119608,1.1734626,0.29110274,3.892378e-06,1.2530614
6319,138,16435,2347,6oha_XAN_A_501,6,smina,0.24163495,0.66098638,1.0839072,0.14007948,0.98474906,0.83852701
6320,138,10338,1476,4xp3_DX4_A_401,6,smina,0.24130702,0.66080055,0.96218151,0.13967325,0.98830967,0.82034583
6321,138,13642,1948,5u8z_83D_D_602,6,smina,0.30281001,0.66069953,1.8170706,0.15787478,0,4.0030824
6322,138,12690,1812,5jep_EVF_B_303,6,smina,0.26687627,0.66037621,1.2435952,0.071079947,0.51538962,0.9476024
6323,138,8670,1238,4i9n_1E5_F_402,4,gnina,0.61801536,0.66008769,3.9377601,0.52843827,0.96253824,9.3802751
6324,138,363,51,1e2s_CSN_P_701,6,smina,0.27857709,0.65980299,1.2124959,0.18424639,0,1.8872498
6325,138,15210,2172,6f7r_CIT_A_1003,6,smina,0.27438241,0.65958662,1.1479893,0.2143909,0.012231345,1.5199694
6326,138,7762,1108,4d06_NAR_F_302,6,smina,0.28448789,0.65917661,1.1291052,0.51274478,1.6169152e-08,0.67914358
6327,138,9673,1381,4q3a_2YC_A_904,6,smina,0.42455261,0.65860696,2.0660093,0.2751281,0,3.6884986
6328,138,14133,2019,5x6r_7ZR_A_402,0,surfdock,0.54856181,0.65851675,3.5805998,0.21515778,0.87822792,4.5189668
6329,138,11666,1666,5ezp_IPJ_B_201,4,gnina,0.51719806,0.65845823,3.1340754,0.25802714,2.4363858e-09,2.8857282
6330,138,2897,413,1w55_C_A_1373,6,smina,0.43881406,0.65737991,2.0315371,0.3863501,0,3.212182
6331,138,15490,2212,6hl7_CP_A_401,6,smina,0.28394056,0.65686535,1.3739926,0.25086182,0.015824515,0.77371535
6332,139,15887,2269,6krs_CIT_I_301,4,gnina,0.81472328,0.71722158,4.3952394,0.9925493,0.69429343,7.2534855
6333,139,15880,2268,6krs_CIT_H_301,4,gnina,0.80000163,0.71187678,4.3931961,1.0197543,0.015114598,10.081079
6334,139,15894,2270,6krs_CIT_J_301,4,gnina,0.73780409,0.70279895,4.3952394,0.9925493,0.014343283,7.1556868
6335,139,8287,1183,4gt9_MEF_A_304,6,smina,0.30524008,0.69624098,1.1934165,0.30342081,0,2.6381222
6336,139,17542,2506,6xu3_PLG_C_401,0,surfdock,0.54804106,0.68356502,3.089695,0.2256366,0.98334706,3.8449804
6337,139,13691,1955,5uio_8DM_C_202,6,smina,0.30524008,0.68354063,1.4034605,0.31157157,0,3.1094403
6338,139,15497,2213,6hl7_CP_C_401,6,smina,0.27980882,0.68292734,1.0246066,0.1656893,0.03636165,0.79929888
6339,139,14678,2096,6acn_TRC_A_899,6,smina,0.28026982,0.68221166,1.0755504,0.13457382,1.9524921e-05,1.3677118
6340,139,1252,178,1ja9_PYQ_A_406,6,smina,0.24209626,0.68208571,0.84158498,0.10790593,0,0.62096191
6341,139,1553,221,1lfw_AEP_A_683,6,smina,0.30524008,0.68205152,1.3193263,0.4220894,0,2.8566047
6342,139,17535,2505,6xu3_PLG_B_401,0,surfdock,0.54804106,0.68195271,3.1312797,0.22020051,0,3.7595429
6343,139,3009,429,1xin_XYL_A_397,6,smina,0.27552792,0.68194498,1.1262968,0.037279446,0.010465592,1.1567792
6344,139,559,79,1g4s_TPS_A_2001,6,smina,0.44966001,0.67756575,1.590291,0.59636533,0.0011261879,4.7250988
6345,139,15467,2209,6gxk_FFW_B_402,4,gnina,0.64426024,0.67628484,4.6309891,0.17792444,0.00058527566,5.4079701
6346,139,15460,2208,6gxk_FFW_A_402,4,gnina,0.64267342,0.67617781,4.6399407,0.15580317,0.00042606784,5.3489017
6347,139,13670,1952,5ud3_P6F_B_404,6,smina,0.30524008,0.67608893,1.5267396,0.32207608,0.48846927,7.2691
6348,139,16827,2403,6r6i_H50_B_201,6,smina,0.27732374,0.67500059,1.223569,0.066042311,0,2.5090913
6349,139,13860,1980,5vut_9OG_B_803,0,surfdock,0.54804106,0.67492062,3.4136696,0.09852118,0,3.2789326
6350,139,5830,832,2z48_NGA_B_2002,6,smina,0.28362963,0.67431764,1.3352256,0.07442791,4.9751395e-06,1.5315395
6351,139,7466,1066,4can_M7K_B_800,4,gnina,0.51507668,0.67418281,3.0214627,0.13475454,7.1998869e-09,4.4789276
6352,139,2961,423,1x2a_PDG_A_413,0,surfdock,0.54804106,0.67391464,3.3482335,0.18736126,0.8805022,4.4378362
6353,139,10016,1430,4udc_DEX_A_1778,6,smina,0.45141836,0.67373212,1.9363722,0.33520263,0,3.3007592
6354,139,2470,352,1sz6_NAG_B_5004,6,smina,0.2423751,0.67321917,0.94254559,0.25068581,8.9375181e-12,1.3572346
6355,139,3632,518,2bsc_NAG_A_1176,6,smina,0.24201288,0.67249548,0.9794814,0.11863123,7.4872225e-05,1.1859627
6356,139,7459,1065,4can_M7K_A_800,4,gnina,0.51507668,0.67178456,3.0473006,0.16239706,5.735535e-12,4.4131267
6357,139,5985,855,2zuw_NDG_D_4004,0,surfdock,0.54804106,0.6714054,3.028096,0.56633061,0.99186384,2.9389008
6358,139,12051,1721,5gnx_BGC_B_503,4,gnina,0.45375975,0.67087596,2.2043505,0.23447755,0,2.3978883
6359,139,12044,1720,5gnx_BGC_A_502,4,gnina,0.4537884,0.67087309,2.216625,0.23620179,0.085306647,2.3615307
6360,139,6096,870,3qwi_CUE_B_272,6,smina,0.28533745,0.67070342,1.2500314,0.34982425,0,1.1022448
6361,139,5950,850,2zut_A2G_A_4001,0,surfdock,0.54804106,0.6700413,3.0327117,0.59397638,0,2.8569745
6362,139,5957,851,2zut_A2G_B_4002,0,surfdock,0.54804106,0.6700413,3.0327117,0.59397638,0.00016298939,2.9798526
6363,139,5964,852,2zut_A2G_D_4004,0,surfdock,0.54804106,0.6700413,3.0327117,0.59397638,0.98132327,2.886992
6364,139,482,68,1fp2_HMO_A_2000,6,smina,0.24237448,0.66980131,1.0275468,0.18556675,0,2.6379271
6365,139,5971,853,2zuw_NDG_B_4002,0,surfdock,0.54804106,0.66935942,3.0341244,0.60876453,0,2.9261829
6366,139,5921,845,2zm9_ACA_A_501,6,smina,0.30524008,0.66885136,1.9325165,0.050543178,0,5.5096223
6367,139,14363,2051,5yb7_ORN_B_602,6,smina,0.30524008,0.66878385,1.7732078,0.21112522,0.00089183754,1.2564889
6368,139,14039,2005,5wgw_MB5_A_714,4,gnina,0.5147086,0.6684164,3.0473163,0.028141761,0,4.7241431
6369,139,3744,534,2caq_GSH_A_1208,6,smina,0.30524008,0.66839654,1.8805817,0.11106033,3.0575157e-05,4.5305029
6370,139,13110,1872,5nh9_XLS_A_503,6,smina,0.27734944,0.66834384,1.2469529,0.15783559,0.06352995,1.2577136
6371,139,566,80,1g4s_TPS_B_2002,6,smina,0.32749673,0.66831752,1.6063223,0.59730011,0.98985005,9.0327686
6372,139,9358,1336,4n4j_HG1_A_607,6,smina,0.24237376,0.66804513,0.97510034,0.23475495,2.4527108e-10,2.7028708
6373,139,2463,351,1sz6_NAG_B_5002,6,smina,0.24237401,0.66781668,0.95158225,0.26346558,3.428949e-09,1.3559282
6374,139,2456,350,1sz6_NAG_A_5003,6,smina,0.24235538,0.66694585,0.95114946,0.26285359,2.6643445e-07,1.0680097
6375,139,14046,2006,5wgw_MB5_A_715,4,gnina,0.45728898,0.66663763,2.7110243,0.22288558,2.5172938e-07,2.408134
6376,139,5978,854,2zuw_NDG_C_4003,0,surfdock,0.54804106,0.66626486,3.0498142,0.6672228,8.3746197e-05,2.9175198
6377,139,3961,565,2exs_TRP_B_2100,6,smina,0.24237448,0.66555738,1.1134843,0.18891472,2.8800246e-11,2.5043364
6378,139,14370,2052,5yb7_ORN_B_603,6,smina,0.30524008,0.66467426,1.8019047,0.26063648,0.96210958,1.7048697
6379,139,825,117,1h48_C5P_E_901,6,smina,0.43137011,0.66464043,2.3545618,0.02683752,0,3.5193425
6380,139,6915,987,3wxo_NIZ_A_802,6,smina,0.24163962,0.66420092,1.0001609,0.22422197,0,0.79332054
6381,139,3469,495,2ai1_P1G_A_293,4,gnina,0.59863444,0.66414456,3.2411196,0.76424533,0.98789627,6.1949719
6382,140,14368,2052,5yb7_ORN_B_603,4,gnina,0.81693338,0.73147755,4.7276187,0.26055723,1.8982984e-08,8.24479
6383,140,5723,817,2yi6_6QM_A_1225,4,gnina,0.63482706,0.6954525,3.5216181,0.62214708,0.00028484779,5.09556
6384,140,1686,240,1m9j_CLW_A_906,6,smina,0.23941286,0.69168126,0.80908489,0.047195051,0,0.79986711
6385,140,9953,1421,4u7g_K17_B_303,6,smina,0.23940343,0.67960241,0.86878586,0.11972776,1.6533587e-05,0.63992256
6386,140,12081,1725,5gri_CIT_B_401,6,smina,0.26536564,0.67842116,1.1174971,0.025632372,0.1709131,1.4005519
6387,140,2281,325,1qit_MAE_A_411,6,smina,0.23940308,0.6776758,0.90600151,0.099424824,0,0.73933411
6388,140,11941,1705,5g03_OE2_A_1263,6,smina,0.30391579,0.67702618,1.6933402,0.094007112,0.37743604,3.9694825
6389,140,7720,1102,4cw2_XDS_A_1303,6,smina,0.2394035,0.67482517,0.96286821,0.1364269,0,1.1377234
6390,140,13369,1909,5syi_NIZ_B_805,6,smina,0.27516671,0.67395316,1.0855237,0.17954849,0,1.0086402
6391,140,14055,2007,5wqp_NCA_A_302,6,smina,0.23940339,0.67390294,0.90081739,0.1765078,0,0.66879156
6392,140,11311,1615,5did_5CK_A_601,6,smina,0.31207258,0.67028853,2.0233734,0.068044633,0,1.7651172
6393,140,7062,1008,4a01_2PN_B_1773,6,smina,0.28169433,0.66964324,1.4535087,0.076081626,0,1.1939853
6394,140,9792,1398,4r2n_PHE_C_402,6,smina,0.23940437,0.66935944,1.0164224,0.19087403,1.0080883e-05,1.4827296
6395,140,5851,835,2z48_NGA_B_2006,6,smina,0.28591674,0.66835826,1.539557,0.082011312,0.80516141,1.3325625
6396,140,9435,1347,4ni1_2JX_A_203,6,smina,0.23940332,0.66731019,1.1367363,0.045165449,0.00014336016,1.0371535
6397,140,9442,1348,4ni1_2JX_A_204,6,smina,0.23894213,0.66679524,1.0602927,0.084737577,5.4002187e-05,1.1282322
6398,140,17070,2438,6sxr_KHP_A_513,4,gnina,0.51248897,0.66529412,3.2297552,0.067637555,0.97360822,3.1340212
6399,140,11997,1713,5g44_SWX_A_1511,6,smina,0.23940357,0.66326376,1.1099207,0.19954656,1.261645e-06,1.1796136
6400,140,14377,2053,5yb7_ORN_C_603,6,smina,0.30391579,0.66290548,1.8244089,0.2295229,0.99178823,1.2315516
6401,140,17198,2456,6tgi_N8Z_B_508,6,smina,0.28312369,0.66288329,1.4076122,0.29142898,0,1.6471059
6402,140,14452,2064,5ybq_AKG_B_302,4,gnina,0.45150634,0.66163409,2.3270051,0.24622867,0.0004105101,2.5555243
6403,140,17191,2455,6tgi_N8Z_A_508,6,smina,0.28289681,0.66141702,1.4200214,0.30159909,0,1.6488109
6404,140,11318,1616,5did_5CK_B_601,6,smina,0.30391579,0.66136992,1.9906555,0.093299493,0,1.7179807
6405,140,13362,1908,5syi_NIZ_A_805,6,smina,0.23926039,0.66099245,1.0488154,0.20418854,0,0.8748719
6406,140,17086,2440,6sz3_M1H_B_601,6,smina,0.23880024,0.66038733,1.0193614,0.22954367,0,0.72457672
6407,140,2085,297,1p7l_PPK_D_884,6,smina,0.30296108,0.65943562,1.7029647,0.2199167,0.013147268,1.5738157
6408,140,5530,790,2x05_X05_A_1900,0,surfdock,0.48380124,0.65889328,3.0536716,0.07454215,0.98629595,2.6149212
6409,140,16239,2319,6ncx_ADA_C_601,6,smina,0.29883019,0.65840383,1.5969573,0.30587208,0.0012575475,1.1818219
6410,141,5849,835,2z48_NGA_B_2006,4,gnina,0.81533609,0.8077592,3.1747019,0.19547845,0.024638742,2.4628108
6411,141,564,80,1g4s_TPS_B_2002,4,gnina,0.81913384,0.71764841,4.980926,0.5284819,0,4.1829467
6412,141,5970,852,2zut_A2G_D_4004,6,smina,0.3098241,0.68951391,1.7748691,0.066524029,5.1335633e-05,1.7978859
6413,141,5991,855,2zuw_NDG_D_4004,6,smina,0.3117635,0.68853609,1.8109158,0.062189262,5.9823439e-06,1.6019189
6414,141,17072,2438,6sxr_KHP_A_513,6,smina,0.54440552,0.68575314,2.6788309,0.43285403,0,2.5655863
6415,141,17786,2540,7kjg_BTM_A_406,6,smina,0.279197,0.68514613,1.2599063,0.058214501,0,1.3800038
6416,141,5977,853,2zuw_NDG_B_4002,6,smina,0.3026722,0.6805502,1.7583882,0.077556111,0.85860414,1.6809277
6417,141,5956,850,2zut_A2G_A_4001,6,smina,0.3026722,0.68024559,1.7748691,0.066524029,0.97666967,1.4785086
6418,141,11267,1609,5ddu_PMP_A_601,4,gnina,0.64423352,0.6782504,4.4709878,0.30522382,0.016526033,6.5139666
6419,141,11281,1611,5ddu_PMP_C_601,4,gnina,0.64502332,0.67749541,4.520576,0.28110012,0.00067841933,7.1355055
6420,141,11288,1612,5ddu_PMP_D_601,4,gnina,0.64618861,0.67704469,4.551661,0.26920405,0.078194155,6.1923942
6421,141,15420,2202,6gck_EUB_C_302,6,smina,0.27997098,0.67567075,1.482123,0.051567279,0,2.8365009
6422,141,15427,2203,6gck_EUB_D_302,6,smina,0.280191,0.67526176,1.5043749,0.059214547,0,2.8182706
6423,141,8770,1252,4ixw_IXW_B_302,6,smina,0.236921,0.67259575,0.94508821,0.25487688,0.00044829318,0.86268123
6424,141,9141,1305,4luu_BTM_A_704,6,smina,0.2369893,0.67251506,1.1966524,0.087089635,0,1.4717148
6425,141,3156,450,1z6k_OAA_A_274,6,smina,0.23698195,0.6723803,0.95346433,0.26672253,0.00022556493,0.86701069
6426,141,5984,854,2zuw_NDG_C_4003,6,smina,0.30266098,0.67136354,1.6977555,0.13663401,0.82641936,1.6387475
6427,141,5963,851,2zut_A2G_B_4002,6,smina,0.30265037,0.67065207,1.7748691,0.066524029,0.97659539,1.7772417
6428,141,14375,2053,5yb7_ORN_C_603,4,gnina,0.81659621,0.67049064,5.7297759,1.1064737,8.4247704e-09,16.662712
6429,141,11206,1600,5cpn_531_A_401,6,smina,0.27726368,0.67010807,1.4175688,0.091199785,0,1.6638516
6430,141,5989,855,2zuw_NDG_D_4004,4,gnina,0.6451872,0.66911872,4.4287629,0.60272056,3.9478236e-05,10.020864
6431,141,14888,2126,6c6w_TFX_A_502,6,smina,0.23698504,0.66862825,1.2171692,0.095633723,0,1.6858235
6432,141,7594,1084,4clo_XP0_B_1270,6,smina,0.3026722,0.6685015,1.7117652,0.34542847,0,2.7529625
6433,141,5968,852,2zut_A2G_D_4004,4,gnina,0.63988397,0.66848179,4.4052439,0.58911192,0.97842607,100.23682
6434,141,4612,658,2nz5_226_A_431,6,smina,0.23733476,0.66836853,1.1859179,0.17945516,4.3509303e-07,0.98398604
6435,141,2708,386,1u6r_IOM_B_1601,6,smina,0.27539997,0.66752535,1.4228193,0.10021652,0,1.0428401
6436,141,14482,2068,5ykt_PMP_A_501,6,smina,0.28946908,0.66666179,1.6485103,0.15593316,0.96964837,2.9539541
6437,141,4619,659,2nz5_226_A_432,6,smina,0.2370048,0.66659484,1.2073458,0.18078737,1.1578051e-05,0.93645764
6438,141,14489,2069,5ykt_PMP_B_501,6,smina,0.28778978,0.66609095,1.6485103,0.15593316,0.96930818,2.5989148
6439,141,12263,1751,5hss_64Z_A_402,6,smina,0.28987768,0.66590588,1.6868073,0.13286783,0.24374141,1.2979486
6440,141,9022,1288,4l1x_STR_A_402,6,smina,0.27976915,0.66553616,1.5505232,0.14291801,0,1.5070432
6441,141,7650,1092,4cme_KTZ_D_1270,6,smina,0.43505768,0.66516711,2.3028278,0.13045867,0,3.0287606
6442,141,7545,1077,4cld_JUO_A_1270,6,smina,0.28037003,0.66513452,1.5836776,0.18036532,0.00020413118,1.9570093
6443,141,3829,547,2dv0_ZST_A_600,0,surfdock,0.54752041,0.66511374,3.7176888,0.045328312,0,4.2443255
6444,141,16022,2288,6lj7_EFR_A_301,6,smina,0.27767167,0.66441366,1.5488124,0.078051828,9.6629975e-07,1.8373464
6445,141,6866,980,3wur_O4B_A_201,6,smina,0.20120583,0.66379916,0.87448597,0.10120022,0,0.82016242
6446,141,15413,2201,6gck_EUB_A_302,6,smina,0.26852735,0.66375773,1.4852843,0.052446011,0,2.778861
6447,141,15502,2214,6hl9_SIN_A_402,4,gnina,0.45112592,0.66307964,2.314522,0.27353147,0.0027613893,2.7285187
6448,141,4137,591,2fz8_ZST_A_600,0,surfdock,0.54752041,0.66277884,3.7578156,0.061737504,0,4.363632
6449,141,12333,1761,5i5t_67X_A_402,6,smina,0.29128475,0.66266697,1.6152025,0.28041711,0.92630777,1.8123267
6450,141,11227,1603,5cr1_STL_B_201,6,smina,0.23698504,0.66222404,1.1993128,0.20713167,0,1.6396577
6451,141,2988,426,1xc7_GL6_A_998,6,smina,0.36770524,0.66130717,2.1633315,0.25073004,0.81519252,2.3580226
6452,141,32,4,1a59_CIT_A_379,4,gnina,0.45152704,0.66116711,2.3937285,0.33533174,0,3.0711551
6453,141,6297,899,3te7_TE7_B_1,4,gnina,0.51185204,0.66112847,2.8732908,0.61343229,0.00018748548,3.7570595
6454,141,17023,2431,6si4_LEK_B_402,6,smina,0.30909235,0.66025575,2.2097127,0.17697412,0,2.3355993
6455,141,7755,1107,4d06_NAR_F_301,6,smina,0.27877596,0.65981267,1.6074258,0.12838514,0,2.0189813
6456,141,15105,2157,6f2b_AKG_C_402,6,smina,0.26087694,0.65967635,1.4555315,0.12900525,0.62510664,1.8287492
6457,141,6299,899,3te7_TE7_B_1,6,smina,0.3026722,0.65950905,1.940773,0.28950962,0,5.3282364
6458,141,4732,676,2pd5_ZST_A_600,0,surfdock,0.54752041,0.65875802,3.8608029,0.057523008,0.99154006,4.3385824
6459,141,15259,2179,6fld_NAG_A_603,6,smina,0.23698504,0.65836701,1.3398489,0.15199451,2.1078032e-06,1.5345229
6460,142,15103,2157,6f2b_AKG_C_402,4,gnina,0.79702707,0.71611457,4.8735633,0.30733019,1.6155747e-09,5.6617854
6461,142,7321,1045,4bdr_CYS_B_804,6,smina,0.24306353,0.69643802,0.79014587,0.033540238,0,0.58652525
6462,142,10752,1536,4zvv_GN0_C_403,0,surfdock,0.54736199,0.68754818,2.4175432,0.68972993,0,4.3553307
6463,142,10745,1535,4zvv_GN0_B_404,0,surfdock,0.54736199,0.68533767,2.4498549,0.70615381,0.81865592,4.3992568
6464,142,10738,1534,4zvv_GN0_A_405,0,surfdock,0.54736199,0.6808688,2.515578,0.74040896,0.40960682,4.2341449
6465,142,7119,1017,4a8p_PAO_F_1340,0,surfdock,0.54736199,0.67768189,3.1314523,0.19704537,0,3.2253182
6466,142,7105,1015,4a8p_PAO_D_1340,0,surfdock,0.54736199,0.67559902,3.1666133,0.20982948,0.88022415,3.155383
6467,142,10835,1547,5a66_3PO_A_1000,6,smina,0.27972379,0.67415453,1.3806661,0.031906638,0.99064232,1.2252499
6468,142,16330,2332,6nig_NAG_C_802,6,smina,0.3002407,0.67401933,1.4395164,0.17885101,1.3019599e-08,1.4470923
6469,142,7091,1013,4a8p_PAO_B_1340,0,surfdock,0.54736199,0.6729485,3.205857,0.23224415,0.98914774,3.270282
6470,142,7112,1016,4a8p_PAO_E_1338,0,surfdock,0.54736199,0.6729485,3.205857,0.23224415,0.96495038,3.2936178
6471,142,4736,676,2pd5_ZST_A_600,4,gnina,0.6445878,0.67277151,3.7853954,1.0130752,0.98865625,5.4678977
6472,142,10402,1486,4xzh_48I_B_402,0,surfdock,0.54736199,0.67210759,2.7799854,0.67782974,0.99490213,3.931736
6473,142,10395,1485,4xzh_48I_A_402,0,surfdock,0.54736199,0.67175076,2.796464,0.66973948,0.99561665,3.9394605
6474,142,16323,2331,6nig_NAG_A_605,6,smina,0.2917258,0.67091753,1.4353126,0.1826776,1.0173681e-08,1.4260809
6475,142,2638,376,1tuu_PIS_B_2854,6,smina,0.23658141,0.67082746,1.0136904,0.18768808,0,0.76527297
6476,142,1168,166,1j0n_CEG_A_780,6,smina,0.2365029,0.66781643,0.98768681,0.20989166,0.00040304714,1.2520293
6477,142,15630,2232,6i4b_ORO_B_602,6,smina,0.23656302,0.66774818,1.0280057,0.22403584,0,0.82380405
6478,142,7944,1134,4dta_ADN_B_401,6,smina,0.28710622,0.66710129,1.5211605,0.14081293,0.0047934545,1.9304569
6479,142,7937,1133,4dta_ADN_A_401,6,smina,0.28389341,0.6667469,1.5203495,0.13762303,5.8986343e-05,1.9154198
6480,142,7098,1014,4a8p_PAO_C_1340,0,surfdock,0.54592807,0.66509419,3.205857,0.23224415,0,3.2840949
6481,142,4442,634,2j51_DKI_A_1314,4,gnina,0.50919783,0.66504205,2.7922924,0.46383795,0.66240364,5.1917702
6482,142,13341,1905,5r28_RDJ_A_401,6,smina,0.2796819,0.66387917,1.2636005,0.32541835,0.00024046419,2.5094897
6483,142,17114,2444,6t07_M45_B_601,6,smina,0.23650184,0.6626233,1.0893873,0.18661693,0.00067186538,0.76125415
6484,142,12845,1835,5kmj_6UF_A_901,0,surfdock,0.54736199,0.66261876,2.5829594,1.1025386,0.00087032259,4.3439181
6485,142,1777,253,1n3o_GYP_B_1101,6,smina,0.23695939,0.66174803,1.0944525,0.26707703,0.96391073,0.92576179
6486,142,2778,396,1uxq_G1P_A_1503,6,smina,0.27788172,0.66055685,1.3653959,0.21060382,0.00079274531,1.5508836
6487,142,3912,558,2ef9_A5P_B_2269,6,smina,0.28127355,0.66029851,1.5807365,0.1693847,0.13942276,1.7994601
6488,142,2631,375,1tt6_DES_A_129,6,smina,0.24543248,0.65917799,1.3197907,0.1256468,0,1.9340778
6489,142,16254,2322,6ng5_KMD_B_803,0,surfdock,0.54736199,0.65906562,3.6410844,0.13221243,0,3.8154047
6490,142,7335,1047,4bq5_GAL_C_1,6,smina,0.30432856,0.65830013,1.7346033,0.40112171,0.99557529,2.5096101
6491,142,8315,1187,4h4c_10D_B_402,6,smina,0.30432856,0.65772256,2.1232626,0.024008637,0,2.1395658
6492,142,8210,1172,4g1x_TQU_A_409,6,smina,0.23650297,0.65765066,1.2850971,0.090937257,0,1.3400404
6493,142,6320,902,3tky_N7I_C_369,6,smina,0.27950038,0.65745706,1.5021616,0.19293651,0,2.3385831
6494,142,15434,2204,6gl4_GLU_B_301,6,smina,0.23650303,0.65740575,1.1166133,0.29494524,2.4383845e-05,2.1282445
6495,142,12088,1726,5gto_MYR_A_502,6,smina,0.30432856,0.65734,1.9239541,0.23098032,8.8720452e-07,3.6846628
6496,142,1112,158,1itw_ICT_B_744,6,smina,0.30432856,0.6570606,1.8211085,0.33943251,2.4540418e-06,2.2218847
6497,142,16400,2342,6ock_9KL_A_602,6,smina,0.28039377,0.65699744,1.5733899,0.21752444,0,2.3805742
6498,142,11081,1583,5c4i_TPP_F_402,0,surfdock,0.54736199,0.65548095,3.7364368,0.1268876,0.12796442,4.6679064
6499,142,8308,1186,4h4c_10D_A_402,6,smina,0.30432856,0.65526809,2.1660988,0.030578289,0,2.1880003
6500,142,17640,2520,6zi7_QR8_F_503,0,surfdock,0.54736199,0.65517648,3.8191097,0.051930644,0,3.5872403
6501,142,5305,757,2vjb_CCD_A_1539,6,smina,0.27567269,0.65502558,1.4125624,0.21968262,0,1.4510066
6502,142,17612,2516,6zi7_QR8_A_502,0,surfdock,0.54736199,0.65494134,3.8201885,0.056817535,0,3.9709411
6503,142,16090,2298,6m9b_BTN_B_201,4,gnina,0.50919783,0.65429185,3.4686861,0.042267911,0.99271549,3.5148817
6504,142,17619,2517,6zi7_QR8_B_502,0,surfdock,0.54736199,0.65423278,3.8234589,0.07156156,0.92980244,3.9360716
6505,142,17633,2519,6zi7_QR8_D_502,0,surfdock,0.54736199,0.65423278,3.8234589,0.07156156,2.0707183e-06,3.8965149
6506,142,993,141,1hkn_N2M_D_5139,6,smina,0.24571278,0.65320131,1.1974254,0.35763651,0,1.1685389
6507,142,5074,724,2qvr_FDP_A_333,6,smina,0.43234294,0.65318767,2.3467712,0.19466211,4.223438e-06,3.0543688
6508,142,15903,2271,6kxh_DY9_B_402,6,smina,0.30097315,0.65312308,1.622264,0.39910927,0,1.7818403
6509,142,16898,2414,6rgg_K3Q_B_402,0,surfdock,0.54736199,0.65308481,3.280508,0.64382392,0.0071367634,3.5844502
6510,143,16092,2298,6m9b_BTN_B_201,6,smina,0.55952756,0.7314639,2.1407821,0.39532065,0,2.5581577
6511,143,7333,1047,4bq5_GAL_C_1,4,gnina,0.81601428,0.69864887,5.5559373,0.41287431,0.99531233,5.3109267
6512,143,5373,767,2vss_V55_D_1250,4,gnina,0.44912575,0.69843412,1.7493497,0.27154639,0.049314917,4.0962787
6513,143,5975,853,2zuw_NDG_B_4002,4,gnina,0.81710192,0.69620281,5.8459816,0.22230297,0.0023379972,10.05747
6514,143,5954,850,2zut_A2G_A_4001,4,gnina,0.81614886,0.69463946,5.8756776,0.21833432,0.97535299,10.262783
6515,143,17546,2506,6xu3_PLG_C_401,4,gnina,0.64007765,0.69458555,4.110682,0.21926679,0.98537327,5.8886333
6516,143,5961,851,2zut_A2G_B_4002,4,gnina,0.81614548,0.69451348,5.8756776,0.21833432,1.5791426e-05,10.89685
6517,143,5982,854,2zuw_NDG_C_4003,4,gnina,0.81327087,0.69394686,5.7478027,0.30512774,3.9824174e-05,10.246234
6518,143,5380,768,2vsu_V55_D_1251,4,gnina,0.44913134,0.69260247,1.8208305,0.30674547,0.54310222,3.9883934
6519,143,4563,651,2ntk_IMP_B_206,6,smina,0.44950821,0.68779653,2.1641846,0.074489228,0,3.6523549
6520,143,9589,1369,4p7q_NAG_A_703,6,smina,0.23578438,0.68531093,1.0091335,0.16441751,0.9125523,1.4551269
6521,143,2358,336,1s1f_PIM_A_431,6,smina,0.23444066,0.6852283,1.0879637,0.040482946,0,0.71466821
6522,143,8203,1171,4g1q_T27_A_601,6,smina,0.30262317,0.68403903,1.7249484,0.10822697,0,8.0404188
6523,143,2582,368,1tl2_NDG_A_240,6,smina,0.27223769,0.68370509,1.085475,0.22242385,0.97585545,1.1357488
6524,143,9603,1371,4p7q_NAG_A_706,6,smina,0.23659857,0.68275168,1.118475,0.099575341,0.061666058,1.9024226
6525,143,17548,2506,6xu3_PLG_C_401,6,smina,0.30906091,0.68064149,1.9311682,0.12027117,0.90618198,3.5153561
6526,143,15561,2223,6hnz_GH5_A_301,0,surfdock,0.54622664,0.67971549,3.11148,0.31520516,0.97526871,4.2329427
6527,143,9596,1370,4p7q_NAG_A_704,6,smina,0.23222403,0.67873578,1.0056525,0.16986103,2.9299448e-08,1.4584618
6528,143,9113,1301,4lm7_U5P_A_201,6,smina,0.26813954,0.67702534,1.2498527,0.14183973,0,2.7119541
6529,143,1546,220,1ldo_SNR_B_350,6,smina,0.27760864,0.67598637,1.4560957,0.093882009,0,1.7019932
6530,143,6103,871,3qwi_CUE_D_272,6,smina,0.23444068,0.67555961,1.2575725,0.052566033,0,1.4353766
6531,143,14391,2055,5yb7_ORN_D_603,6,smina,0.29126234,0.6740135,1.674795,0.081806533,0.0017726506,1.1930814
6532,143,16351,2335,6ny7_L8J_A_303,6,smina,0.23454787,0.67293296,1.2301717,0.13156888,0.0011636268,2.6623969
6533,143,9897,1413,4tq4_DMA_B_403,6,smina,0.30262317,0.67291781,1.715005,0.31926221,0.96618452,1.6789654
6534,143,12879,1839,5l7u_NGA_A_601,6,smina,0.2784784,0.67259876,1.1708653,0.51274836,0.81528177,1.3762272
6535,143,14384,2054,5yb7_ORN_D_602,6,smina,0.27997931,0.67213089,1.6708735,0.050166897,0.00063249683,1.2580633
6536,143,10247,1463,4wxb_CIT_B_501,6,smina,0.27230117,0.67180369,1.3998622,0.10638056,0.7553303,1.8245141
6537,143,16181,2311,6n0z_DP6_E_401,4,gnina,0.63756019,0.67176484,4.7143388,0.17600121,0.90992776,6.3833897
6538,143,6194,884,3ryd_SRT_A_271,6,smina,0.2244695,0.67144881,0.88207603,0.12532292,7.8617525e-08,1.0627979
6539,143,8063,1151,4e9z_651_A_301,6,smina,0.29170536,0.67121385,1.5997905,0.20808889,0,1.7412289
6540,143,9533,1361,4o95_245_A_602,6,smina,0.27417893,0.67055913,1.1461239,0.40009302,4.3826212e-08,1.6228558
6541,143,17541,2505,6xu3_PLG_B_401,6,smina,0.30262317,0.66966514,1.9830414,0.11194262,0.96482165,4.0041657
6542,143,14461,2065,5yfj_RUB_A_401,6,smina,0.39413884,0.66953056,2.0956886,0.23114075,0.85713375,2.9709036
6543,143,14349,2049,5yb7_ORN_A_602,6,smina,0.27950529,0.66932309,1.6651739,0.10122813,0.0019406813,1.3009473
6544,143,5823,831,2z48_NGA_A_1004,6,smina,0.23685988,0.66892767,1.2570283,0.18874083,6.7392776e-06,1.775109
6545,143,104,14,1aj8_CIT_B_2000,6,smina,0.29450455,0.66836004,1.5956559,0.2830143,0.87412835,1.4568068
6546,143,5844,834,2z48_NGA_B_2004,6,smina,0.23542543,0.66833231,1.2570283,0.18874083,7.4545354e-06,1.4548143
6547,143,1161,165,1ixo_G3P_D_1004,6,smina,0.23420823,0.66629116,1.2680846,0.1216028,0.36068918,1.1317329
6548,143,489,69,1fqo_F6R_A_1268,6,smina,0.28616162,0.66619011,1.6795106,0.17893976,0.034036905,2.4400941
6549,143,636,90,1gck_PLP_A_413,6,smina,0.30262317,0.66559334,1.5808474,0.59139991,2.8632988e-11,11.555579
6550,143,7095,1013,4a8p_PAO_B_1340,4,gnina,0.64300505,0.66543625,4.9956713,0.13138151,0.69495888,6.6492991
6551,143,2869,409,1w1a_NDG_2_1261,6,smina,0.27508392,0.66445395,1.3442688,0.32129565,5.8839044e-06,1.3787921
6552,143,5809,829,2z48_NGA_A_1002,6,smina,0.23443971,0.66432473,1.2609638,0.18642417,5.0627104e-06,1.3968012
6553,143,10254,1464,4wxb_CIT_C_501,6,smina,0.26046809,0.66432334,1.4302726,0.14803132,2.1206378e-07,2.4366952
6554,143,9722,1388,4qbz_D80_A_917,6,smina,0.30261433,0.66415933,1.7808965,0.2521739,0.033174843,1.9881793
6555,143,2890,412,1w55_C_A_1372,6,smina,0.30262121,0.66399829,2.0046332,0.03754342,0,3.2190395
6556,143,14356,2050,5yb7_ORN_A_603,6,smina,0.27734871,0.66316635,1.674795,0.081806533,0.0024499293,1.2299309
6557,143,12219,1745,5hfa_FP1_A_608,4,gnina,0.44914147,0.66252949,2.422606,0.29732481,0.022337836,3.0239866
6558,143,16582,2368,6ps7_ZMA_A_1201,6,smina,0.30262317,0.66219679,2.0742588,0.16353436,0,3.925518
6559,143,4570,652,2ntk_IMP_C_207,6,smina,0.30262317,0.6621515,2.1641846,0.074489228,0,5.0272396
6560,144,102,14,1aj8_CIT_B_2000,4,gnina,0.81557585,0.83576042,2.8982804,0.19343898,0.96574497,3.5601769
6561,144,12877,1839,5l7u_NGA_A_601,4,gnina,0.8147611,0.7854036,3.5488279,0.45888522,0.99733982,3.8375011
6562,144,9895,1413,4tq4_DMA_B_403,4,gnina,0.81625356,0.74496112,4.7278852,0.19293174,0.36287912,3.6884295
6563,144,9421,1345,4ndn_PPK_C_404,6,smina,0.30394862,0.71206878,1.3316742,0.10432184,0.009351784,1.6672465
6564,144,3471,495,2ai1_P1G_A_293,6,smina,0.45981171,0.70819168,2.1064947,0.31473699,0,5.9537438
6565,144,5118,731,2r3d_ACM_A_303,1,unimol,0.82094925,0.70549547,5.0957913,1.0257772,0.99277008,19.43
6566,144,12305,1757,5i0d_GLC_A_1124,6,smina,0.27190658,0.69806977,1.2768662,0.04884797,6.2300799e-07,0.93482656
6567,144,16421,2345,6ofr_BOG_A_804,6,smina,0.30522327,0.69493708,1.6568484,0.21957833,1.9470265e-11,5.8319743
6568,144,16414,2344,6ofr_BOG_A_803,6,smina,0.30522327,0.69463781,1.6696577,0.21175341,1.8185546e-10,4.4694535
6569,144,5130,732,2r4j_13P_A_1968,6,smina,0.23398069,0.69418253,1.0384558,0.19347157,0.00021538478,1.246474
6570,144,11130,1590,5cfw_53W_A_201,0,surfdock,0.54631833,0.69293365,2.8489883,0.47846413,6.2280362e-05,4.1074991
6571,144,16407,2343,6ofr_BOG_A_802,6,smina,0.30522327,0.69219132,1.7762686,0.14612521,0.013690281,4.4092144
6572,144,8904,1272,4k5g_Q13_B_803,0,surfdock,0.54631833,0.69177977,3.1860228,0.16558057,0.22522573,3.8466717
6573,144,5466,780,2wdq_TEO_A_1589,6,smina,0.27523257,0.69129612,1.3910837,0.07680396,0.0013792425,1.4334238
6574,144,9414,1344,4ndn_PPK_A_406,6,smina,0.27217331,0.69108838,1.3316742,0.10432184,0.010142655,1.6073773
6575,144,8897,1271,4k5g_Q13_A_803,0,surfdock,0.54631833,0.69039903,3.2244427,0.15621914,0.021061927,3.7725091
6576,144,16428,2346,6ofr_BOG_A_805,6,smina,0.30522327,0.69000349,1.5489691,0.28654945,8.0192568e-09,5.110455
6577,144,17539,2505,6xu3_PLG_B_401,4,gnina,0.81626363,0.68832267,5.6899223,0.74518365,0.88567603,5.7518894
6578,144,1441,205,1km6_OMP_A_2001,6,smina,0.45363365,0.68559122,2.2220163,0.59576815,0.60637307,4.7240834
6579,144,398,56,1e8m_P0H_A_724,6,smina,0.29151535,0.68550434,1.625286,0.15324117,0,4.1934158
6580,144,2953,421,1x09_IPE_A_902,6,smina,0.27196322,0.68178208,1.1752436,0.40481493,4.7284273e-06,1.6311204
6581,144,5088,726,2qx4_ML1_B_233,6,smina,0.27748701,0.67897413,1.4860088,0.24196285,0,1.9407206
6582,144,12100,1728,5gwt_SIN_C_301,4,gnina,0.44889477,0.67694431,2.4663088,0.084179863,0.84291507,6.8288195
6583,144,7721,1103,4cx6_Q16_B_800,0,surfdock,0.54631833,0.67683809,3.3285313,0.34704661,1.7980389e-11,3.5666788
6584,144,13397,1913,5t6b_TMP_D_503,6,smina,0.30522327,0.67634547,1.8535048,0.34519562,0,3.5256462
6585,144,6544,934,3vmg_9CA_C_2002,6,smina,0.30522327,0.67516111,1.9001161,0.32002029,0.91755955,1.0463699
6586,144,2855,407,1vzu_UDP_B_2371,6,smina,0.40574391,0.67392239,2.2022784,0.2755594,0,6.0248461
6587,144,15196,2170,6f77_PLP_D_600,6,smina,0.30522327,0.67259046,2.2490084,0.018047625,0,2.8606292
6588,145,6542,934,3vmg_9CA_C_2002,4,gnina,0.81670566,0.74475944,4.0643659,0.69589841,0.94651671,5.1074637
6589,145,6713,959,3wca_FPS_A_501,0,surfdock,0.54547645,0.69598418,2.8056576,0.23985232,0,4.0993361
6590,145,6720,960,3wca_FPS_B_401,0,surfdock,0.54547645,0.69489272,2.7815335,0.28674877,0,4.1531931
6591,145,6727,961,3wca_FPS_C_401,0,surfdock,0.54547645,0.69489272,2.7815335,0.28674877,0.93488302,4.0652777
6592,145,6734,962,3wca_FPS_C_402,0,surfdock,0.54547645,0.69448395,2.7677157,0.30912223,0,3.9739704
6593,145,6741,963,3wca_FPS_D_401,0,surfdock,0.54394332,0.68749954,2.7745864,0.29782924,0,3.7972246
6594,145,17002,2428,6s9g_L1Q_A_306,6,smina,0.27302508,0.68697822,1.2510284,0.049413309,0.0018887934,1.3049235
6595,145,3646,520,2bxh_IOS_A_1002,6,smina,0.27384711,0.68690504,1.1701293,0.15370101,4.4278673e-06,1.8660515
6596,145,13082,1868,5mzp_CFF_A_2401,6,smina,0.23243047,0.68574879,0.99280429,0.12739529,0,0.74888658
6597,145,15308,2186,6flu_DTK_B_402,6,smina,0.29321153,0.6837359,1.5938841,0.015132908,0.27144741,2.9463915
6598,145,454,64,1fhv_OSB_A_789,6,smina,0.27560241,0.68313038,1.2324122,0.20331584,0.85686902,1.873266
6599,145,17681,2525,7a2h_QX2_A_401,6,smina,0.23274489,0.68263978,0.99100637,0.18602118,0.0099326878,0.55316691
6600,145,15336,2190,6flu_DTK_B_406,6,smina,0.28639169,0.68242774,1.5476099,0.042077664,0.54816003,3.5196528
6601,145,12228,1746,5hfa_FP1_B_609,6,smina,0.23277358,0.68218549,0.97739869,0.21785061,0,1.1152803
6602,145,12214,1744,5hfa_FP1_A_607,6,smina,0.232768,0.68192305,0.97739869,0.21785061,0,0.88361223
6603,145,3653,521,2bxh_IOS_B_1002,6,smina,0.23278143,0.67857319,1.150503,0.15556902,2.0482927e-07,1.2731309
6604,145,15266,2180,6flu_DTK_A_401,6,smina,0.28293407,0.67838272,1.6375442,0.012674012,0.81034132,2.7124008
6605,145,10989,1569,5av4_GEN_A_400,6,smina,0.30443264,0.67440939,1.5860618,0.28073058,0,1.6513546
6606,145,11381,1625,5dnx_5LD_B_201,6,smina,0.27607248,0.67399333,1.502142,0.12076979,0,1.486944
6607,145,4200,600,2giq_NN2_A_1001,0,surfdock,0.54547645,0.67372964,3.3420255,0.1899115,0.99421199,4.5222768
6608,145,7951,1135,4dtb_GMP_A_401,6,smina,0.3044328,0.67360412,1.8239994,0.19941282,0,2.6751523
6609,145,4297,613,2hjp_PPR_A_291,6,smina,0.18160755,0.67339932,0.89861375,0.093901895,0,0.9635085
6610,145,13857,1979,5vut_9OG_A_803,4,gnina,0.61746665,0.66991883,3.9892161,0.15495765,7.835862e-13,5.4715062
6611,145,2176,310,1pr6_XYA_A_1245,6,smina,0.29327639,0.66979736,1.8079504,0.046756107,3.0300839e-06,2.1787834
6612,145,12487,1783,5irw_D9P_A_202,6,smina,0.34156415,0.66945868,1.8137765,0.46639836,0.93168131,4.2286458
6613,145,4207,601,2giq_NN2_B_2001,0,surfdock,0.54547645,0.66916474,3.4209201,0.21683879,0.98879051,4.5174491
6614,145,16904,2414,6rgg_K3Q_B_402,6,smina,0.30343876,0.66903062,1.7885388,0.14153402,7.7819968e-06,4.8392919
6615,145,15280,2182,6flu_DTK_A_404,6,smina,0.2725474,0.66806261,1.5867167,0.019230451,0.013754316,2.72614
6616,145,510,72,1fs5_16G_B_2267,6,smina,0.3020434,0.66793234,1.5596517,0.37551561,1.2081998e-07,2.9028297
6617,145,10513,1501,4z69_DIF_A_1006,6,smina,0.48375111,0.66776871,2.3642876,0.69397199,0,3.1687505
6618,145,193,27,1c9c_PP3_A_413,4,gnina,0.50870865,0.66597041,2.906203,0.4741343,0,4.5185593
6619,145,3408,486,2a5t_GLU_B_2002,6,smina,0.23278082,0.66571835,1.2933708,0.21345581,1.3153815e-07,1.8342831
6620,145,2862,408,1w1a_NDG_1_1261,6,smina,0.23276593,0.66511684,1.1080121,0.36177218,4.5442916e-06,1.230873
6621,145,15273,2181,6flu_DTK_A_403,6,smina,0.2709494,0.66508468,1.6329471,0.011791483,4.471192e-07,2.9046335
6622,145,11878,1696,5fqf_NGA_A_1589,6,smina,0.23284087,0.66471615,1.4771019,0.063767292,0.0022042294,1.4933757
6623,145,12268,1752,5hss_64Z_D_403,4,gnina,0.53476288,0.66446096,2.994791,0.58114344,0.19179703,7.7889055
6624,145,13285,1897,5oew_GLU_A_301,6,smina,0.23278082,0.66425568,1.4165268,0.11545014,4.2324782e-05,1.791062
6625,145,13292,1898,5oew_GLU_B_902,6,smina,0.23278082,0.66425568,1.4165268,0.11545014,4.7408746e-05,2.1701581
6626,145,12172,1738,5h8q_GLU_A_302,6,smina,0.23278082,0.66416442,1.2838377,0.24971406,4.2929981e-07,1.6964463
6627,145,5317,759,2vjb_CCD_B_1539,4,gnina,0.44999753,0.66390163,2.4814889,0.11416437,0.19389386,3.0363065
6628,145,3266,466,1zjp_DR4_A_1,4,gnina,0.6134561,0.66369086,3.3032596,0.69399232,3.9146134e-07,7.412579
6629,145,12165,1737,5h8f_GLU_A_302,6,smina,0.23278082,0.66316805,1.2868574,0.2639294,1.9111024e-07,1.7431801
6630,145,3597,513,2bgc_DTU_A_1238,6,smina,0.23440613,0.66301212,1.3515531,0.22916006,0.1518423,0.86635649
6631,145,7949,1135,4dtb_GMP_A_401,4,gnina,0.50870865,0.66247151,3.2661555,0.1944422,0.98272948,3.271057
6632,145,2183,311,1pr6_XYA_C_1247,6,smina,0.27627518,0.66199263,1.8161865,0.048358623,0.99820066,2.0772546
6633,145,10968,1566,5agn_4JK_B_800,6,smina,0.23278081,0.66196159,1.3494638,0.19505227,1.6326438e-08,3.2537451
6634,145,16001,2285,6l8a_BAL_E_503,6,smina,0.29331199,0.66194688,1.7213844,0.27926439,6.7640213e-08,0.69668168
6635,145,10961,1565,5agn_4JK_A_800,6,smina,0.23278075,0.66187681,1.3494638,0.19505227,2.6228226e-05,2.1119963
6636,145,14984,2140,6dl7_ONC_C_301,4,gnina,0.64680449,0.66057922,4.9020252,0.34738594,0,7.4557971
6637,145,11787,1683,5fiu_Y3J_B_1299,6,smina,0.3044328,0.66005997,2.149935,0.13141145,0.98611511,3.3743306
6638,146,15264,2180,6flu_DTK_A_401,4,gnina,0.81485379,0.75100273,4.0734429,0.67498124,3.7168075e-07,8.088573
6639,146,11785,1683,5fiu_Y3J_B_1299,4,gnina,0.81585878,0.72455727,4.6737599,0.74051201,0.99027605,4.2962782
6640,146,11430,1632,5dz2_212_A_404,6,smina,0.27598316,0.70609827,1.3544325,0.062477596,0,1.6434141
6641,146,2064,294,1p7l_MET_A_485,6,smina,0.27496117,0.69965726,1.260589,0.17658855,1.8441435e-06,1.1407258
6642,146,2071,295,1p7l_MET_B_385,6,smina,0.27460851,0.69856901,1.2629994,0.17737399,1.8172762e-06,1.1685153
6643,146,2932,418,1wmz_NGA_C_503,6,smina,0.23103338,0.69679326,1.0059229,0.2298523,5.837495e-06,1.4352797
6644,146,13234,1890,5o4j_PJL_A_304,4,gnina,0.44631412,0.69346524,2.0145862,0.18558381,7.6158928e-05,2.9409359
6645,146,15994,2284,6l8a_BAL_D_507,6,smina,0.29050061,0.69169523,1.4951457,0.2113672,0.0019563319,0.68547792
6646,146,531,75,1fuq_CIT_A_1001,6,smina,0.25711714,0.68738849,1.1493752,0.34052926,0.00013096266,1.4892645
6647,146,8404,1200,4hmx_WUB_A_302,4,gnina,0.4495863,0.6849163,2.2050686,0.28486404,0.0012224197,2.7979222
6648,146,4981,711,2qg6_NMN_A_301,4,gnina,0.50826987,0.68321834,3.1499894,0.065756738,0.98589242,4.2708438
6649,146,15987,2283,6l8a_BAL_C_504,6,smina,0.28820752,0.68296041,1.5743555,0.26196808,0.78067883,0.73308066
6650,146,11939,1705,5g03_OE2_A_1263,4,gnina,0.53755407,0.68259329,3.2024744,0.18085466,0.040872468,4.608559
6651,146,4983,711,2qg6_NMN_A_301,6,smina,0.30205067,0.68252666,1.9691128,0.11886145,0,3.7111498
6652,146,15334,2190,6flu_DTK_B_406,4,gnina,0.6321504,0.68050912,4.0949092,0.64078873,3.4084104e-07,4.300279
6653,146,15698,2242,6jea_NAG_A_501,4,gnina,0.44959363,0.6796742,2.3637621,0.23253186,0.97165207,2.2394973
6654,146,8889,1269,4jzx_476_A_402,6,smina,0.43836882,0.67915523,1.9249878,0.52242661,0,3.5847822
6655,146,685,97,1gsi_TMP_A_1210,6,smina,0.29002413,0.67863966,1.8686188,0.050906777,0,5.1408372
6656,146,818,116,1h48_C5P_D_204,6,smina,0.43964522,0.6783195,2.3355525,0.13049741,0,3.334058
6657,146,17367,2481,6v1e_5SW_A_301,0,surfdock,0.54497612,0.67766773,2.95578,0.68557477,0.98806437,3.7344751
6658,146,13411,1915,5tbo_78Z_A_1001,6,smina,0.45763871,0.67765808,2.3617866,0.63255715,0,5.8918649
6659,146,3261,465,1zha_R5P_A_1269,6,smina,0.23123541,0.67741822,1.3497559,0.23641619,3.3635884e-08,1.8365382
6660,146,5011,715,2qim_ZEA_A_159,6,smina,0.27545222,0.67486099,1.4767176,0.39499134,4.5357142e-05,2.3404233
6661,146,2834,404,1vl1_CIT_A_300,6,smina,0.26909361,0.67472786,1.5482334,0.18522848,0.00040064112,1.4982997
6662,146,14700,2100,6av2_BY7_A_803,0,surfdock,0.54497612,0.6744751,3.2585762,0.4542315,0.43517616,3.9608741
6663,146,5032,718,2qim_ZEA_A_162,6,smina,0.23108512,0.67432008,1.5632633,0.049324643,4.1085605e-07,1.5788493
6664,146,9785,1397,4r08_URI_D_901,6,smina,0.30205067,0.67402442,1.8979788,0.34171766,0,3.2926486
6665,146,14707,2101,6av2_BY7_B_803,0,surfdock,0.54497612,0.67354353,3.2667248,0.46712336,0.64943977,3.9817669
6666,146,3259,465,1zha_R5P_A_1269,4,gnina,0.45335208,0.67271582,2.8159142,0.25923568,2.1169192e-05,2.6064972
6667,146,15133,2161,6f48_XQB_A_302,6,smina,0.23108512,0.67226741,1.436041,0.22225939,0,1.9423473
6668,146,3240,462,1zg3_2HI_A_365,6,smina,0.2618069,0.67139711,1.6742898,0.083470136,0,2.6708927
6669,146,2233,319,1q3a_NGH_B_479,0,surfdock,0.54497612,0.67128894,3.4854872,0.29964629,0.96675714,3.7231677
6670,146,8231,1175,4gcq_0JM_B_401,6,smina,0.30201809,0.66994567,1.8274297,0.32536161,1.3648693e-07,6.40997
6671,146,14468,2066,5yfj_RUB_B_401,6,smina,0.30205067,0.66981821,2.1752841,0.14161581,0.80597813,2.8589537
6672,146,14475,2067,5yfj_RUB_C_401,6,smina,0.30205067,0.66981821,2.1752841,0.14161581,0.84191633,4.2919238
6673,146,11710,1672,5faj_DCS_B_401,6,smina,0.30205067,0.66969278,2.0910349,0.22818948,0,5.9920797
6674,146,10982,1568,5av3_KMP_A_300,6,smina,0.2760241,0.66962301,1.8082074,0.20534709,0,1.8056857
6675,146,11717,1673,5faj_DCS_C_401,6,smina,0.30205067,0.66908529,2.1010449,0.2294576,0,4.8129447
6676,146,15112,2158,6f2v_AMP_B_1001,6,smina,0.30205067,0.66875357,2.0589063,0.27776611,0,4.4239541
6677,146,12158,1736,5h5k_C5P_B_203,6,smina,0.29220642,0.66844782,1.944882,0.17240991,0,3.7188353
6678,146,601,85,1g79_PLP_A_270,6,smina,0.23108513,0.66817592,1.4235659,0.31222096,0.00058290428,2.4941618
6679,146,17247,2463,6tol_NQW_A_201,6,smina,0.30205067,0.66816706,1.95681,0.39079601,0,8.0260068
6680,146,8224,1174,4gcq_0JM_A_401,6,smina,0.29730653,0.6675533,1.8274297,0.32536161,8.7788002e-09,5.3999695
6681,146,11703,1671,5faj_DCS_A_401,6,smina,0.30205067,0.66725249,2.1312809,0.23343085,0,4.8273753
6682,146,16246,2320,6ncx_ADA_D_601,6,smina,0.23107233,0.66712568,1.5366796,0.1707202,0.0019318826,1.165438
6683,146,16232,2318,6ncx_ADA_A_601,6,smina,0.23107673,0.66689736,1.5477915,0.16488065,0.0013417143,1.1658535
6684,146,6824,974,3wsg_CIT_C_302,6,smina,0.27242853,0.66688612,1.800529,0.096593931,0.11439658,1.4665319
6685,146,12340,1762,5i5t_67X_B_402,6,smina,0.27591122,0.66666679,1.8533241,0.2067522,0.95594087,1.2734369
6686,146,14104,2014,5x5d_UMP_A_401,6,smina,0.46011214,0.66605802,3.1016476,0.14915286,0,2.6818153
6687,146,2512,358,1thc_FL9_A_130,6,smina,0.23108512,0.66572224,1.6037782,0.17209265,4.8664819e-08,3.3100496
6688,147,17371,2481,6v1e_5SW_A_301,4,gnina,0.64799893,0.72057646,3.1224988,0.63842702,0.95424,3.7767069
6689,147,16316,2330,6nig_NAG_A_604,6,smina,0.22802867,0.68049648,1.2840805,0.058657728,3.1525341e-05,1.2657592
6690,147,4703,671,2okk_ABU_A_585,6,smina,0.19207084,0.68022314,0.88050717,0.15626922,0,0.81103139
6691,147,9911,1415,4tq4_DMA_D_403,6,smina,0.27288197,0.67529293,1.6684843,0.072659701,0.67556563,1.8054956
6692,147,503,71,1fs5_16G_A_1267,6,smina,0.26835781,0.6750082,1.4789129,0.10832866,5.5937244e-08,2.6789855
6693,147,1007,143,1hot_16G_B_271,6,smina,0.26240901,0.67410049,1.4784294,0.082194559,4.207831e-08,2.5986399
6694,147,13978,1996,5w7b_MYR_B_208,6,smina,0.27283788,0.6721333,1.5652351,0.2297017,5.9725503e-14,5.1598806
6695,147,14473,2067,5yfj_RUB_C_401,4,gnina,0.81678816,0.67187443,5.717495,1.0643426,0.81605438,5.6760314
6696,147,12284,1754,5htd_MYR_A_201,6,smina,0.27163794,0.66980094,1.5405194,0.21255957,0.010783164,3.914191
6697,147,13551,1935,5tlg_7EG_B_601,6,smina,0.4590106,0.66907006,2.6280949,0.37570035,0,3.3297661
6698,147,9904,1414,4tq4_DMA_C_403,6,smina,0.27009872,0.66815395,1.6735635,0.071409851,0.73320581,2.0902871
6699,147,11260,1608,5dav_58J_A_402,4,gnina,0.50698238,0.66809876,3.0339763,0.13360192,0.99450685,3.1535375
6700,147,17226,2460,6tof_NQE_A_201,6,smina,0.27257614,0.66795111,1.623511,0.2278119,0,2.0506361
6701,147,4738,676,2pd5_ZST_A_600,6,smina,0.45726877,0.66764909,2.8337643,0.19385295,0,6.867778
6702,147,8826,1260,4j7u_YTZ_D_802,6,smina,0.27261367,0.6673315,1.6165291,0.25039226,0,1.5124073
6703,147,2237,319,1q3a_NGH_B_479,4,gnina,0.63703346,0.66672852,4.7109761,0.26927099,0.92756993,4.5037333
6704,147,14466,2066,5yfj_RUB_B_401,4,gnina,0.79857943,0.66599437,5.717495,1.0643426,0.86307711,4.0290474
6705,147,12410,1772,5ihe_D5M_A_701,6,smina,0.29991124,0.66417134,2.0111806,0.23727687,0.0037859471,3.3482445
6706,147,17464,2494,6wdv_TWM_A_701,6,smina,0.43591282,0.66375322,2.4007628,0.13803801,0,4.9885138
6707,147,12842,1834,5kjz_PCG_A_401,4,gnina,0.6300772,0.66258608,4.1030726,0.89235091,0,3.9011344
6708,147,8819,1259,4j7u_YTZ_B_802,6,smina,0.27082422,0.66198683,1.6165291,0.25039226,0,1.554662
6709,147,4829,689,2pwf_BGC_D_9999,6,smina,0.26958483,0.66153295,1.4880108,0.3584094,0.00041119874,0.92755796
6710,147,16162,2308,6mwl_K5G_B_301,6,smina,0.29946896,0.66036969,1.790064,0.35946843,0,2.9619011
6711,147,8812,1258,4j7u_YTZ_A_802,6,smina,0.26937809,0.66006609,1.6165291,0.25039226,0,1.5195053
6712,147,837,119,1h48_CDI_A_201,4,gnina,0.44907109,0.65962452,2.7892568,0.049009033,0.99373842,5.9344193
6713,147,16804,2400,6r5o_BGC_A_802,4,gnina,0.44906707,0.6595494,2.6730394,0.1635422,1.0989753e-07,3.4497687
6714,147,10406,1486,4xzh_48I_B_402,4,gnina,0.6515179,0.65951815,4.8237514,0.49328563,6.5610199e-07,4.2449728
6715,147,5137,733,2r4t_250_A_503,6,smina,0.22802881,0.65937335,1.247306,0.45429298,0,2.9070022
6716,147,10399,1485,4xzh_48I_A_402,4,gnina,0.65188562,0.65932273,4.8377914,0.49246737,0,4.2597093
6717,147,2029,289,1oxp_IK2_A_411,6,smina,0.27050976,0.65903301,1.8270057,0.08611688,6.5273528e-07,3.9309324
6718,147,17415,2487,6vmz_R3P_A_404,6,smina,0.29991124,0.65844989,2.167186,0.192497,0,2.3433546
6719,147,5425,775,2wch_B7M_A_1145,0,surfdock,0.54506933,0.65798676,2.6948586,1.2112418,0,3.7129995
6720,147,5422,774,2w7k_PLP_A_501,4,gnina,0.55075437,0.65725593,3.661669,0.42545483,6.7505466e-06,5.0944517
6721,147,11374,1624,5dnx_5LD_A_203,6,smina,0.26822007,0.65688229,1.5310189,0.37270701,0,1.4233637
6722,147,12502,1786,5ita_6DC_B_801,0,surfdock,0.54506933,0.65644663,2.9679041,0.9759208,0.51378784,4.4532884
6723,147,4836,690,2pye_7PE_A_504,6,smina,0.29991124,0.65622031,1.9671713,0.43664503,1.9219944e-07,8.4363032
6724,147,6754,964,3wgc_PLG_A_401,6,smina,0.29991124,0.65584673,2.0752671,0.3359881,0.94045521,4.679314
6725,147,12495,1785,5ita_6DC_A_801,0,surfdock,0.54506933,0.65576013,2.9802237,0.98050183,0.97928989,4.5431021
6726,147,1005,143,1hot_16G_B_271,4,gnina,0.47843509,0.65567034,3.2360821,0.11307459,4.3482707e-07,2.8319864
6727,147,501,71,1fs5_16G_A_1267,4,gnina,0.48307478,0.654735,3.2605693,0.13390492,1.2464404e-07,2.8563562
6728,147,12193,1741,5ha7_WY1_A_402,6,smina,0.28011621,0.65430971,1.9679664,0.2023299,0,3.3832282
6729,147,6313,901,3tky_N7I_B_369,6,smina,0.22899532,0.65408645,1.4486996,0.37943447,0,1.6030688
6730,147,15707,2243,6jk9_BU0_A_501,6,smina,0.29991124,0.65289199,2.2457297,0.22481169,0,6.5124496
6731,147,1378,196,1kbq_936_B_704,6,smina,0.3006173,0.65224215,2.5892441,0.028032472,0,4.9204857
6732,147,11262,1608,5dav_58J_A_402,6,smina,0.29512721,0.65205337,2.0026782,0.271375,0,3.4564371
6733,147,14867,2123,6c1i_EEY_B_501,6,smina,0.27262385,0.65204021,1.7645973,0.38818309,0,2.4470471
6734,147,69,9,1aia_PMP_A_411,6,smina,0.27022247,0.65201293,1.9723476,0.068361647,0.95587966,2.3191766
6735,147,10464,1494,4yu7_DHC_A_203,6,smina,0.19743353,0.65188066,1.4247681,0.07201425,0,1.3449761
6736,147,17422,2488,6vmz_R3P_C_404,6,smina,0.29991122,0.65174698,2.167186,0.192497,0,2.2547817
6737,147,16818,2402,6r5o_BGC_B_802,4,gnina,0.44796614,0.65174281,2.6789141,0.16886194,2.0561331e-06,4.2472484
6738,148,67,9,1aia_PMP_A_411,4,gnina,0.81600658,0.8125587,3.5973618,0.054313369,0.95144949,3.2216116
6739,148,4066,580,2fib_GLY_B_2,6,smina,0.29796147,0.7293702,1.4279121,0.1027846,0,10.0062
6740,148,11388,1626,5dnx_5LD_B_205,6,smina,0.26136992,0.70328251,1.2697513,0.2332117,0,1.606975
6741,148,11017,1573,5b4o_6DQ_B_202,6,smina,0.22578899,0.70218727,1.3049182,0.090862423,0,1.1723494
6742,148,17668,2524,6zug_QPW_H_1001,0,surfdock,0.5450101,0.69960986,2.7983646,0.50022429,0.99218168,4.7803496
6743,148,14396,2056,5ybl_AKG_A_302,4,gnina,0.44880402,0.69308051,2.4739127,0.3244881,0,3.5452749
6744,148,881,125,1h48_GPP_E_904,6,smina,0.29796147,0.69014171,1.8690654,0.26969346,0,5.7384162
6745,148,3317,473,1zoy_UQ1_B_1201,6,smina,0.26967682,0.6889924,1.4842491,0.39017656,0,1.9748815
6746,148,6752,964,3wgc_PLG_A_401,4,gnina,0.81576334,0.68898645,5.9584908,0.54949975,0.93901007,5.3748127
6747,148,14048,2006,5wgw_MB5_A_715,6,smina,0.24057969,0.6854373,1.6233112,0.10415088,0,1.888515
6748,148,888,126,1h5r_G1P_A_1294,6,smina,0.26575288,0.68217826,1.6660514,0.18294579,0.345579,1.7635483
6749,148,6397,913,3ucc_2PG_B_601,6,smina,0.22580513,0.68215203,1.4043456,0.32660884,0.99453015,1.5354273
6750,148,10637,1519,4zo7_BGC_A_801,4,gnina,0.44864482,0.68210858,2.8205032,0.1568784,0.99254537,3.9763089
6751,148,5179,739,2ri1_GLP_B_234,6,smina,0.25325145,0.68193955,1.5374932,0.27059063,0.03554256,1.7268202
6752,148,5023,717,2qim_ZEA_A_161,4,gnina,0.44864461,0.68130026,2.6400414,0.32848188,0.0099547218,2.2475026
6753,148,13621,1945,5u8z_83D_A_602,6,smina,0.29796147,0.68079242,2.2769794,0.022426054,0,2.6142652
6754,148,11682,1668,5ezp_IPJ_G_202,6,smina,0.26945326,0.68046537,1.7377609,0.26367578,0,1.7642069
6755,148,9687,1383,4q3a_2YC_C_904,6,smina,0.43955821,0.68041873,2.5681436,0.019538809,0,3.8876918
6756,148,15924,2274,6l17_E2X_A_401,6,smina,0.30579334,0.68010066,2.1239586,0.32370666,0,3.4691211
6757,148,3905,557,2ef9_A5P_A_1269,6,smina,0.22998449,0.67885511,1.7637205,0.042241916,0.48700468,1.8225344
6758,148,15649,2235,6ix8_B3O_A_408,4,gnina,0.44864461,0.67857635,2.7880538,0.17969622,0.99588047,3.065793
6759,148,11661,1665,5ezp_IPJ_A_201,6,smina,0.26901456,0.67839143,1.7345089,0.25875977,0,2.0608637
6760,148,11414,1630,5dw3_TRP_C_402,4,gnina,0.52740711,0.67616283,3.5687988,0.065347888,0.030468958,5.908895
6761,148,13262,1894,5ocm_9RH_C_302,4,gnina,0.44865513,0.6756539,2.7023888,0.41986611,0.024758382,4.6200743
6762,148,13248,1892,5ocm_9RH_A_302,4,gnina,0.44865512,0.67557585,2.7023888,0.41986611,0.70145434,4.0199675
6763,148,9540,1362,4ocu_NDG_A_401,6,smina,0.22580481,0.67557557,1.3734251,0.43919834,0.97923778,1.9546536
6764,148,3301,471,1zmt_RNO_D_1004,4,gnina,0.44864461,0.6754137,2.7670622,0.26299837,0,2.4641958
6765,148,874,124,1h48_GPP_C_904,6,smina,0.27342037,0.67501559,1.8698515,0.26993597,0,3.2792765
6766,149,16652,2378,6qa7_PLP_A_902,6,smina,0.27036611,0.71371339,1.3669596,0.21052699,0.019108435,3.0008562
6767,149,9981,1425,4uc9_ASP_A_1300,6,smina,0.29884183,0.70963472,1.7443126,0.15170035,5.5977424e-08,2.9181579
6768,149,8448,1206,4hxk_1AJ_A_201,6,smina,0.22536608,0.69318409,1.2691578,0.35550568,0,0.8969783
6769,149,5389,769,2vzu_PNJ_A_1901,6,smina,0.29884183,0.69193075,2.1278839,0.052494042,0,3.6378271
6770,149,5067,723,2qui_LTN_B_478,6,smina,0.22610291,0.6881842,1.4135298,0.31308281,0.99003313,1.8544842
6771,149,2078,296,1p7l_PPK_C_684,6,smina,0.26851674,0.6865011,1.4739031,0.48225278,0.014396916,1.6133406
6772,149,11955,1707,5g09_6DF_B_1474,6,smina,0.46520676,0.68632844,2.9410989,0.13387738,0.99165245,3.9299473
6773,149,5060,722,2qui_LTN_A_501,6,smina,0.22532609,0.68592705,1.4196029,0.30094308,0.98901349,1.8502442
6774,149,17618,2516,6zi7_QR8_A_502,6,smina,0.29884183,0.68515419,2.1006649,0.19443698,0.00012799026,1.3301994
6775,149,17646,2520,6zi7_QR8_F_503,6,smina,0.29884183,0.68505558,2.104629,0.19216731,0.00024415529,1.2915387
6776,149,17653,2521,6zi7_RAM_D_503,6,smina,0.17883822,0.6849402,1.1087865,0.34820113,2.0185657e-05,0.81515329
6777,149,5324,760,2vjb_CCD_B_1540,4,gnina,0.44849429,0.68425219,2.9473181,0.054625016,0.030340774,2.6799656
6778,149,17107,2443,6t02_M5E_A_601,6,smina,0.22535713,0.68411495,1.4919854,0.26223782,0.070080203,1.4255699
6779,149,15124,2160,6f3s_PLP_A_901,4,gnina,0.44990534,0.68221248,2.6803105,0.41038954,0.022631377,3.630435
6780,149,14032,2004,5wgv_PM7_A_713,4,gnina,0.44849338,0.68198438,2.8512299,0.11260291,2.8890057e-05,2.9933464
6781,149,2223,317,1q20_PLO_A_401,4,gnina,0.50714487,0.68193255,2.4638915,0.83295059,0.95749823,3.3820645
6782,149,3779,539,2cxp_A5P_B_2601,6,smina,0.26872751,0.6813685,1.8332714,0.22095554,0.25964518,2.1032852
6783,149,10149,1449,4w1v_3GS_B_502,6,smina,0.29884183,0.6811079,2.3260262,0.039216649,0,4.5509183
6784,149,16120,2302,6md2_GW9_B_501,6,smina,0.2253662,0.6802352,1.5620689,0.28326207,1.67707e-08,2.3805407
6785,149,1084,154,1iri_E4P_B_602,6,smina,0.26839156,0.68015117,1.8915362,0.15729694,0.7592962,1.4887979
6786,149,12466,1780,5ioq_DUR_B_303,6,smina,0.26506037,0.67979965,1.7028316,0.26253617,0,2.3981207
6787,149,9925,1417,4tqi_6BD_B_201,6,smina,0.26552578,0.67958043,1.8638377,0.11076774,3.3652731e-07,2.604297
6788,149,17639,2519,6zi7_QR8_D_502,6,smina,0.29884154,0.67820994,2.0888369,0.20153983,7.9558799e-07,1.2987776
6789,149,5753,821,2yp6_C6W_B_1186,6,smina,0.29884181,0.67810274,1.6314163,0.67101824,0,4.176141
6790,149,13502,1928,5tdt_MBN_D_501,6,smina,0.28648348,0.67785815,1.8863109,0.3216041,0.93351141,0.61623162
6791,149,9918,1416,4tqi_6BD_A_201,6,smina,0.26331684,0.67717699,1.8609673,0.13472283,7.9810697e-06,2.3365475
6792,149,12473,1781,5ioq_DUR_C_302,6,smina,0.25210583,0.67694952,1.7028316,0.26253617,0,1.8465995
6793,149,5403,771,2w0b_CMW_A_1450,6,smina,0.29884102,0.6765652,2.0982728,0.21780628,0,5.6505537
6794,149,17625,2517,6zi7_QR8_B_502,6,smina,0.29805897,0.67653099,2.0888369,0.20153983,8.0185423e-06,1.3700248
6795,149,6775,967,3wjz_NUP_A_301,6,smina,0.29884183,0.67629293,2.0105875,0.4397659,0.78685662,3.3385701
6796,149,13495,1927,5tdt_MBN_A_503,6,smina,0.28690479,0.67620296,1.9157985,0.32344693,0.99838318,0.61907767
6797,149,14025,2003,5wgr_PM7_A_712,4,gnina,0.44849338,0.67602044,2.9737208,0.10627239,2.3301768e-05,2.6303035
6798,149,16792,2398,6r4j_GLU_A_704,6,smina,0.2253662,0.67568055,1.837046,0.081820086,0,1.7194451
6799,149,17275,2467,6tt4_BMA_C_3,6,smina,0.17554426,0.67543938,1.2492036,0.34255061,1.5582774e-08,0.84606079
6800,149,3751,535,2ci0_1CM_A_1450,6,smina,0.17554408,0.67528172,1.2460213,0.34266269,0.88010179,2.193361
6801,149,9692,1384,4q40_VAL_A_403,4,gnina,0.44849441,0.67527566,3.0107718,0.16918069,5.8593925e-07,3.6125031
6802,149,4955,707,2qd4_CHD_A_803,6,smina,0.29884183,0.67494686,2.263397,0.21107718,0,4.7707747
6803,149,9699,1385,4q40_VAL_B_403,4,gnina,0.44849342,0.67410209,3.0107718,0.16918069,3.6309704e-07,3.9098932
6804,149,14781,2111,6bds_DJ4_A_303,4,gnina,0.44849354,0.67375857,3.1307461,0.0718541,4.4369736e-07,3.1853877
6805,149,16029,2289,6lql_F0C_A_702,6,smina,0.26772819,0.67349274,1.57505,0.55399221,0,2.5194343
6806,149,13850,1978,5vrj_R07_A_204,4,gnina,0.50714492,0.67333953,2.7472229,0.86218923,0.76275858,6.0344
6807,149,9183,1311,4m2c_DAR_C_402,6,smina,0.26756742,0.67264936,1.8902698,0.24587964,0.17925047,1.6356111
6808,149,6304,900,3tky_N7I_A_369,4,gnina,0.44849338,0.67252315,2.9702122,0.17934066,0,4.0179039
6809,149,5459,779,2wdq_CBE_K_1130,6,smina,0.26852275,0.67231432,2.0092585,0.18491939,0,1.7426339
6810,149,2225,317,1q20_PLO_A_401,6,smina,0.29884176,0.67174565,1.5854521,0.82162666,0,1.5976871
6811,149,9960,1422,4u8p_UDP_C_603,6,smina,0.26518372,0.67158041,1.7833891,0.3202568,0,1.2983903
6812,149,17324,2474,6ufd_Q6D_A_305,6,smina,0.29884656,0.67134389,2.5325222,0.11885493,0,4.0915982
6813,149,9932,1418,4trj_665_A_501,6,smina,0.2596126,0.67110035,1.7819486,0.29946333,0,3.5136675
6814,149,17429,2489,6vmz_R3P_E_403,6,smina,0.29884179,0.67069743,2.1466978,0.28361237,0,2.3616933
6815,149,3483,497,2ajv_COC_L_501,4,gnina,0.53100404,0.67060653,3.4257791,0.38380232,0.80486634,3.722762
6816,150,13493,1927,5tdt_MBN_A_503,4,gnina,0.81409019,0.76169855,3.995944,0.58894479,0.19925902,9.2815363
6817,150,13500,1928,5tdt_MBN_D_501,4,gnina,0.81415935,0.7552017,4.0091624,0.72456145,0.99751706,9.5945682
6818,150,17184,2454,6tfb_N6W_B_202,6,smina,0.28993011,0.72838158,1.3099023,0.011675855,0,1.6250366
6819,150,6773,967,3wjz_NUP_A_301,4,gnina,0.77849171,0.72417188,4.8831258,0.31181195,0.22804329,3.6109306
6820,150,7578,1082,4cle_JR2_A_1271,4,gnina,0.44672191,0.68845239,2.2993534,0.41080981,6.3886891e-05,2.8110026
6821,150,4218,602,2gn2_C5P_A_400,4,gnina,0.44672191,0.68814768,2.4786208,0.23726898,3.6028831e-07,4.0968171
6822,150,16645,2377,6qa7_HTW_A_901,6,smina,0.30053448,0.68684583,2.1175196,0.027777728,0,4.0032204
6823,150,13999,1999,5wct_GY4_A_303,6,smina,0.30053448,0.68582859,1.7964101,0.36639929,0,5.7368858
6824,150,13950,1992,5vys_GMP_B_303,6,smina,0.26731438,0.68414552,1.6223855,0.21966647,0,2.7600336
6825,150,377,53,1e5f_PLP_B_405,6,smina,0.25690247,0.68135987,1.6360399,0.17350052,0.4022451,1.8102193
6826,150,1336,190,1jyx_IPT_C_2001,6,smina,0.30053448,0.67784591,1.9950724,0.30791128,0.97887138,1.6847287
6827,150,7041,1005,3zzm_JLN_A_1526,6,smina,0.45947336,0.67777471,2.9077556,0.19255896,1.4604829e-07,6.8669305
6828,150,1322,188,1jyx_IPT_A_2001,6,smina,0.30053448,0.67711042,2.0087922,0.3073568,0.98760474,1.6057546
6829,150,3093,441,1y5v_NE8_A_500,6,smina,0.30053448,0.67615027,2.2522664,0.081132561,2.4828784e-07,3.5821703
6830,150,7769,1109,4d06_X8W_B_301,6,smina,0.26845987,0.67384796,1.9641175,0.11623678,0,3.9894562
6831,150,5081,725,2qx4_ML1_A_233,6,smina,0.23529172,0.67370267,1.6620588,0.22394937,0,1.894251
6832,150,3605,515,2brk_CMF_A_1534,0,surfdock,0.54439014,0.67303746,3.384737,0.38274121,0,4.5479988
6833,150,1329,189,1jyx_IPT_A_2002,6,smina,0.30044506,0.67108855,1.9644531,0.32364413,0.00046079002,1.6572542
6834,150,11066,1580,5bwr_4VT_A_402,6,smina,0.22499701,0.66983796,1.3623424,0.30161458,2.6624167e-05,2.1990381
6835,150,14013,2001,5wgk_AGJ_A_816,6,smina,0.31099636,0.66877193,2.2925153,0.31283322,0,5.2911477
6836,150,10415,1487,4y14_C0A_A_407,6,smina,0.46036355,0.66855022,3.1855881,0.11168793,0.97576256,6.2261701
6837,150,13509,1929,5tdt_MBN_D_502,6,smina,0.26646373,0.66827898,1.5205566,0.5666104,9.6661642e-06,0.75907085
6838,150,6349,907,3tyn_CXW_A_800,0,surfdock,0.54439014,0.66810527,3.7303131,0.14862272,0,3.9236538
6839,150,6356,908,3tyn_CXW_B_800,0,surfdock,0.54439014,0.66810527,3.7303131,0.14862272,0,3.8819488
6840,150,17282,2468,6tt4_FT8_A_709,6,smina,0.45573273,0.66766672,3.0669556,0.2294078,0,7.3667805
6841,150,7664,1094,4cmk_FQW_B_1270,6,smina,0.30053448,0.66756497,2.3510327,0.13994345,1.1173496e-05,3.4589647
6842,150,9611,1373,4p8c_Y22_B_502,0,surfdock,0.54439014,0.66655195,3.5391328,0.37541842,0,4.4290013
6843,150,4878,696,2qb3_PMP_A_700,6,smina,0.24639903,0.66611394,1.8096781,0.2366637,0.9925727,3.3675375
6844,150,7053,1007,4a01_2PN_A_1773,4,gnina,0.44672191,0.66508523,2.5786667,0.59368438,0,3.5814632
6845,150,4745,677,2pin_LEG_A_501,6,smina,0.26447098,0.66445431,1.965415,0.15622722,0,2.4674091
6846,150,1672,238,1m3u_KPL_I_265,6,smina,0.26745345,0.66334501,1.8406681,0.35933176,0.39089578,1.1327087
6847,150,6285,897,3t3q_9PL_D_501,6,smina,0.30052491,0.66301783,2.2365129,0.21034911,0,1.5679793
6848,150,9988,1426,4uc9_ASP_B_1300,6,smina,0.30053448,0.66191762,2.2694445,0.3285442,2.6568843e-10,5.4626169
6849,150,13488,1926,5tdt_MBN_A_502,6,smina,0.22793228,0.66150557,1.516255,0.56316561,0.12084137,0.7317734
6850,150,76,10,1aia_PMP_B_411,6,smina,0.26728194,0.66130944,2.0737803,0.15989321,0.00028166046,2.1406798
6851,150,14172,2024,5xdt_ZI7_A_403,4,gnina,0.53775345,0.66065195,3.7474873,0.14760371,0.959208,5.2516496
6852,150,6278,896,3t3q_9PL_B_501,6,smina,0.3005187,0.66057363,2.2759981,0.21063025,0,1.9396744
6853,150,1658,236,1m3u_KPL_F_265,6,smina,0.26183343,0.65947907,1.8406681,0.35933176,0.59247501,1.0788771
6854,150,9197,1313,4m54_AE5_A_403,6,smina,0.24071715,0.65867674,1.8415971,0.31827873,0.00052666377,2.7355568
6855,150,2762,394,1uxi_FUM_A_1311,4,gnina,0.44672191,0.65860208,2.7041276,0.60525489,0.86098064,1.8001216
6856,150,7592,1084,4clo_XP0_B_1270,4,gnina,0.44672191,0.65777766,3.128587,0.1985119,0.0088290075,4.3315694
6857,150,9463,1351,4nir_6DH_B_306,6,smina,0.22497859,0.65776389,1.4805521,0.3664082,0,1.7943381
6858,150,9456,1350,4nir_6DH_A_308,6,smina,0.22497278,0.65767724,1.4805521,0.3664082,0,2.1243048
6859,150,17175,2453,6tbx_N0Z_D_302,4,gnina,0.44672191,0.65718808,3.236263,0.10354619,0.056130628,2.5877724
6860,150,16643,2377,6qa7_HTW_A_901,4,gnina,0.50488535,0.65696986,3.4576085,0.38002786,0.34310385,5.5152419
6861,150,1665,237,1m3u_KPL_G_265,6,smina,0.24177477,0.65670567,1.8406681,0.35933176,0.62253412,1.0040796
6862,150,1637,233,1m3u_KPL_A_265,6,smina,0.24070891,0.65636951,1.8406681,0.35933176,0.55967398,1.1556237
6863,150,1644,234,1m3u_KPL_B_265,6,smina,0.22793539,0.65485675,1.8406681,0.35933176,0.88857418,1.0973088
6864,150,13997,1999,5wct_GY4_A_303,4,gnina,0.50488535,0.6538827,3.3971989,0.51228869,6.8158649e-10,5.0095506
6865,150,8077,1153,4ea0_651_B_305,6,smina,0.26015822,0.65349362,1.9308153,0.37102172,0,2.4522011
6866,151,1334,190,1jyx_IPT_C_2001,4,gnina,0.81466753,0.79221547,4.0989504,0.23271964,0.98479017,18.196277
6867,151,1320,188,1jyx_IPT_A_2001,4,gnina,0.8146124,0.78623527,4.1611485,0.28395379,0.64785474,26.090567
6868,151,1642,234,1m3u_KPL_B_265,4,gnina,0.84472768,0.76378672,4.401073,0.68803513,0.93483745,14.314166
6869,151,8672,1238,4i9n_1E5_F_402,6,smina,0.44841213,0.7274622,2.1286547,0.38915899,0,4.4563075
6870,151,1663,237,1m3u_KPL_G_265,4,gnina,0.71662956,0.72248952,4.401073,0.68803513,0.98914215,6.9949774
6871,151,923,131,1h5r_THM_B_1293,6,smina,0.28746419,0.72217184,1.6698204,0.11167359,0,2.8999384
6872,151,4990,712,2qgw_EES_A_1,6,smina,0.30226571,0.72162206,1.8478082,0.11411701,0,2.389848
6873,151,3142,448,1z11_8MO_C_501,6,smina,0.26796681,0.72137893,1.6035429,0.085149884,0,0.98485322
6874,151,4997,713,2qgw_EES_B_1,6,smina,0.30226571,0.71957181,1.8581165,0.13375488,0,3.1843947
6875,151,2694,384,1u2o_NEC_A_1001,6,smina,0.40204651,0.71639034,2.0273647,0.17364056,3.2642326e-06,2.9159055
6876,151,7174,1024,4ajj_88S_A_1332,6,smina,0.42423675,0.71521195,2.1528871,0.10239995,0,2.7196409
6877,151,916,130,1h5r_THM_B_1292,6,smina,0.26542298,0.70648298,1.7079512,0.13502571,0,1.6963492
6878,151,909,129,1h5r_THM_A_1292,6,smina,0.26840445,0.70557954,1.7606778,0.17835584,0,1.6962305
6879,151,7704,1100,4crg_J4X_A_1493,4,gnina,0.50270355,0.70513791,2.8774664,0.24506074,0.77980335,5.3094857
6880,151,1635,233,1m3u_KPL_A_265,4,gnina,0.67026452,0.70494174,4.401073,0.68803513,0.026650278,9.7989947
6881,151,1656,236,1m3u_KPL_F_265,4,gnina,0.6693065,0.70473032,4.401073,0.68803513,0.99172852,15.778527
6882,151,2701,385,1u2o_NEC_B_1002,6,smina,0.30226571,0.70211583,2.0752831,0.18226822,0.97241114,2.9775767
6883,151,13390,1912,5t6b_TMP_B_504,6,smina,0.30226571,0.69987913,2.0957601,0.19727789,0,3.6142561
6884,151,2100,300,1pke_2FD_A_446,0,surfdock,0.44571434,0.69814236,2.8480165,0.13672607,0,3.3336873
6885,151,15910,2272,6kxh_DY9_C_402,6,smina,0.29861333,0.69784319,2.0068188,0.16686712,0,1.3307674
6886,151,13131,1875,5nj0_8YW_A_301,6,smina,0.46166372,0.6971581,2.8458331,0.23314919,0,3.1913076
6887,151,3485,497,2ajv_COC_L_501,6,smina,0.38563245,0.69682694,2.3173163,0.16652417,0,2.6697025
6888,151,6460,922,3v7u_MTA_A_301,6,smina,0.28072127,0.69644029,1.8113452,0.32555422,2.899878e-05,2.6002111
6889,151,7706,1100,4crg_J4X_A_1493,6,smina,0.30226571,0.69554337,2.1241443,0.23866081,0,6.6212312
6890,151,15917,2273,6kxh_DY9_D_402,6,smina,0.26843261,0.69091632,1.9994055,0.16926008,0,1.3492088
6891,151,8091,1155,4ejh_0QA_D_502,6,smina,0.30226571,0.69038044,2.237859,0.20974533,0,2.4072225
6892,151,6467,923,3v7u_MTA_A_302,6,smina,0.26763959,0.68835298,1.835215,0.32425663,0.00016267302,3.4831079
6893,151,6271,895,3t3q_9PL_A_501,6,smina,0.25402816,0.68762379,1.8811547,0.20842494,0,1.44219
6894,151,13874,1982,5vuu_9OJ_B_803,0,surfdock,0.54318108,0.68718239,3.5131912,0.2549611,0.69973667,3.5522171
6895,151,7181,1025,4ajj_88S_B_1332,6,smina,0.27069303,0.68716209,2.1352253,0.10156697,0,2.6745498
6896,151,13867,1981,5vuu_9OJ_A_805,0,surfdock,0.54318108,0.68645912,3.5141745,0.26884928,0.0001329821,3.5126246
6897,151,8882,1268,4jxh_HRC_A_301,6,smina,0.26762194,0.68643355,2.0564764,0.1320996,0.024936202,1.8658536
6898,151,14020,2002,5wgr_PM7_A_711,6,smina,0.22514635,0.68590443,1.5915866,0.24063684,0,2.4741987
6899,151,13628,1946,5u8z_83D_B_602,6,smina,0.30226566,0.68565168,1.9231496,0.49602827,0,2.4209059
6900,151,5102,728,2qx9_ML2_A_234,6,smina,0.2251463,0.68562119,1.5475608,0.2734195,0,1.9279081
6901,151,7188,1026,4ajj_88S_C_1334,6,smina,0.26816034,0.68559996,2.1352253,0.10156697,0,2.6760738
6902,151,6348,906,3tye_YTZ_B_902,6,smina,0.20526449,0.68508358,1.4462948,0.33032608,0,2.3164056
6903,151,5095,727,2qx9_ML2_A_233,6,smina,0.22514219,0.6847676,1.5566734,0.27030957,0,1.8522765
6904,151,15113,2159,6f3s_CKW_A_902,0,surfdock,0.54318108,0.683007,3.743386,0.11127204,0.99020573,4.4854593
6905,151,13166,1880,5nuk_Z80_A_201,6,smina,0.26710401,0.68280547,2.0613496,0.16870721,0,2.5584537
6906,151,1140,162,1iwe_IMP_B_1452,6,smina,0.30226571,0.6824483,2.4281533,0.15350136,0,3.8389074
6907,151,6180,882,3rsc_TYD_B_397,6,smina,0.44654646,0.68235856,2.8504229,0.44461486,0,5.5875747
6908,151,7195,1027,4ajj_88S_D_1332,6,smina,0.26686543,0.68221535,2.1352253,0.10156697,0,2.8327308
6909,151,16981,2425,6s4h_KUQ_A_901,6,smina,0.29376502,0.6820515,2.3471396,0.063704237,0.53725617,3.0321035
6910,151,16393,2341,6ock_9KL_A_601,6,smina,0.25845306,0.68125194,2.0102041,0.18880604,0,2.9453813
6911,151,706,100,1gz5_G6P_A_901,6,smina,0.24608419,0.6808033,1.8539677,0.33123365,2.0346666e-05,3.2491896
6912,151,13635,1947,5u8z_83D_C_602,6,smina,0.30226568,0.68051232,1.9912524,0.51586086,0,2.0100302
6913,151,1560,222,1lo3_AN1_Y_500,6,smina,0.2681031,0.68049093,1.7557579,0.56001216,0,2.0540651
6914,151,4395,627,2ixi_TYD_A_1182,6,smina,0.30226571,0.68030155,2.2686713,0.35007152,0,5.3923737
6915,151,1420,202,1ki2_GA2_B_2,6,smina,0.2679269,0.67958817,2.1776435,0.13738286,0,2.3894595
6916,152,2699,385,1u2o_NEC_B_1002,4,gnina,0.81505562,0.81143746,3.6954668,0.23037092,0.96731487,3.9004134
6917,152,14174,2024,5xdt_ZI7_A_403,6,smina,0.45827846,0.71802672,2.4842508,0.15392838,0,6.1926315
6918,152,5726,818,2yjd_YJD_A_1498,0,surfdock,0.54296322,0.71404691,2.8507826,0.31853986,0.99391657,3.6635991
6919,152,5733,819,2yjd_YJD_B_1498,0,surfdock,0.54296322,0.71404691,2.8507826,0.31853986,0,6.6417426
6920,152,4255,607,2gyw_OBI_A_952,6,smina,0.34178462,0.71343555,1.7320284,0.41049418,0,4.1677058
6921,152,15929,2275,6l59_CIT_B_403,4,gnina,0.44650834,0.69744337,2.5632951,0.24999163,0.041312805,2.7426597
6922,152,9027,1289,4l1x_STR_B_402,4,gnina,0.44650834,0.69671306,2.6926925,0.1335714,0.006287124,3.9720615
6923,152,4234,604,2gx5_PCG_C_514,6,smina,0.20000867,0.69419438,1.5396341,0.072646402,0,3.2264236
6924,152,16498,2356,6p9t_O5D_A_307,6,smina,0.29970026,0.6902378,1.9737567,0.30870086,2.0627904e-09,7.8995774
6925,152,10920,1560,5aew_BNL_C_462,0,surfdock,0.72370834,0.68608645,5.1774859,0.85976553,0,2.7472478
6926,152,5200,742,2tmk_ATM_A_217,6,smina,0.45007136,0.68593858,2.7978952,0.38983506,0,5.3804232
6927,152,10135,1447,4v3w_E2Z_A_800,6,smina,0.29958676,0.68567856,2.2437012,0.099909261,0,6.1844272
6928,152,5732,818,2yjd_YJD_A_1498,6,smina,0.22327827,0.68488625,1.7713114,0.16413432,0,2.5582209
6929,152,5739,819,2yjd_YJD_B_1498,6,smina,0.22327827,0.68488625,1.7713114,0.16413432,0,2.5760435
6930,152,15565,2223,6hnz_GH5_A_301,4,gnina,0.65117771,0.68478132,4.845161,0.15551528,0.97543327,4.6765815
6931,152,6731,961,3wca_FPS_C_401,4,gnina,0.62963224,0.68450258,4.2513723,0.56121099,0.00021400814,7.5404765
6932,152,11108,1586,5c8w_PCG_B_303,6,smina,0.29970286,0.68414466,2.4575367,0.030904077,0,2.5018498
6933,152,17682,2526,7ak3_RH8_A_501,0,surfdock,0.54296322,0.68352535,2.9127414,0.85395634,0,4.2271518
6934,152,2743,391,1um4_SH4_H_1001,6,smina,0.35655808,0.68324417,2.3779573,0.26725519,0.23787646,4.6585176
6935,152,10142,1448,4v3w_E2Z_B_800,6,smina,0.27190715,0.68283734,2.1729417,0.10352342,0,5.2206906
6936,152,5138,734,2r5e_QLP_A_430,0,surfdock,0.54296322,0.68253785,3.60219,0.18518355,0,4.5880256
6937,152,2337,333,1rvt_NDG_H_742,6,smina,0.16678933,0.68120675,1.4751115,0.32225212,0.0012984567,1.5563775
6938,152,2526,360,1thc_FL9_B_130,6,smina,0.22146546,0.68116632,1.7421799,0.11072644,0.0001801194,2.1607183
6939,152,7489,1069,4cdt_M48_A_801,6,smina,0.29448512,0.68091298,2.2129753,0.17184192,0,5.0473018
6940,152,4318,616,2htu_BCZ_A_801,6,smina,0.29970286,0.67956669,2.4671929,0.10049421,0.99050918,4.602376
6941,152,14216,2030,5xmq_PLG_A_501,6,smina,0.29970286,0.6791627,2.3841002,0.19065759,0.98103566,4.8102193
6942,152,12144,1734,5h24_LQG_A_501,6,smina,0.26330274,0.67738435,1.9408326,0.37773371,0,2.6940944
6943,152,2155,307,1pr0_NOS_A_1245,6,smina,0.23861014,0.67736478,2.026041,0.16997813,0.98143408,2.2498082
6944,153,2153,307,1pr0_NOS_A_1245,4,gnina,0.80076426,0.80590907,3.3778603,0.22060043,0.98120033,3.057119
6945,153,4316,616,2htu_BCZ_A_801,4,gnina,0.81509816,0.7490961,4.6701312,0.25666356,0.98366966,4.4457964
6946,153,15211,2173,6fa1_D2Z_A_203,0,surfdock,0.54227188,0.71379117,2.4054484,0.53500289,0.0022376178,3.3110667
6947,153,14214,2030,5xmq_PLG_A_501,4,gnina,0.81515831,0.71378023,5.3673387,0.43326646,0,5.8792859
6948,153,10847,1549,5a7p_6Z1_A_1361,4,gnina,0.62437784,0.71011425,3.1352615,0.58189064,0.0011269688,4.8239101
6949,153,15225,2175,6fa1_D2Z_F_203,0,surfdock,0.54227188,0.69910162,2.6438551,0.57743371,0.07383777,3.5673856
6950,153,16163,2309,6n0z_DP6_B_401,0,surfdock,0.54227188,0.69531909,3.2648649,0.031637382,0.98471677,4.1453131
6951,153,5480,782,2whq_HI6_A_1543,6,smina,0.17297801,0.69506355,1.1882806,0.17942759,0,1.3114414
6952,153,15218,2174,6fa1_D2Z_B_203,0,surfdock,0.54227188,0.69131642,2.7735889,0.60385072,0.13906551,3.6498885
6953,153,12823,1831,5kf2_COA_A_401,6,smina,0.27099455,0.6875499,1.8823189,0.10505216,0.36853679,6.520731
6954,153,17672,2524,6zug_QPW_H_1001,4,gnina,0.66060429,0.67819877,4.7795548,0.33149508,0.99362453,8.9147323
6955,153,3504,500,2b04_CHO_A_200,4,gnina,0.50301633,0.67535453,2.8441303,0.56500614,1.1109683e-13,5.7355556
6956,153,4962,708,2qd4_CHD_B_926,6,smina,0.2990534,0.67513987,2.373987,0.051128305,0,3.6842691
6957,153,16519,2359,6pmv_M16_B_803,6,smina,0.26124183,0.67237931,2.0114772,0.12250481,0,2.9239925
6958,153,6089,869,3qt8_FM0_B_328,6,smina,0.2990534,0.67195178,2.2615225,0.22159414,0.59715475,4.2989244
6959,153,4969,709,2qd4_CHD_B_927,6,smina,0.2990534,0.66721138,2.2791879,0.18837972,0,5.3169202
6960,153,6474,924,3v8n_5NB_A_301,6,smina,0.26139226,0.6660091,1.9705997,0.27801746,0,2.3059591
6961,153,15567,2223,6hnz_GH5_A_301,6,smina,0.44800833,0.66582619,2.9616401,0.39903846,0.97909173,4.1304928
6962,153,14930,2132,6cqu_HI6_A_601,6,smina,0.2990534,0.66577215,2.3862107,0.21171588,0,3.7025125
6963,153,16834,2404,6r73_LMP_A_301,6,smina,0.2990534,0.66535003,2.3883543,0.21753153,0,8.3617562
6964,153,13019,1859,5m66_ADN_B_502,6,smina,0.45669262,0.66533735,3.0687191,0.33533072,0.97330705,2.9464805
6965,153,13012,1858,5m66_ADN_A_502,6,smina,0.45292025,0.66459077,3.0964653,0.31686646,0.97255891,2.4375647
6966,153,8483,1211,4i02_CMP_A_302,6,smina,0.29918055,0.6639904,2.6718972,0.060208328,0,2.737086
6967,153,3506,500,2b04_CHO_A_200,6,smina,0.2990534,0.66380403,1.887508,0.74765795,0,9.58151
6968,153,10849,1549,5a7p_6Z1_A_1361,6,smina,0.29758326,0.66347161,2.0020702,0.49924263,0,3.7150653
6969,153,14300,2042,5y7r_58K_B_403,6,smina,0.22057246,0.66267627,1.5764498,0.36232498,0,2.4159536
6970,153,7833,1119,4d5e_TPP_B_1590,0,surfdock,0.54227188,0.66251056,3.7800312,0.22382876,0,4.6451007
6971,153,16328,2332,6nig_NAG_C_802,4,gnina,0.44676809,0.6621744,3.1227236,0.28912672,7.5100423e-07,8.5701382
6972,153,11115,1587,5c8w_PCG_D_302,6,smina,0.29735309,0.66169128,2.3358233,0.19720031,0,2.6538506
6973,153,15215,2173,6fa1_D2Z_A_203,4,gnina,0.44607945,0.66070531,2.6993389,0.42789614,1.0133335e-11,6.1826053
6974,153,2912,416,1w78_PD8_A_1421,0,surfdock,0.54227188,0.66045862,3.3556154,0.69601923,0,5.7886982
6975,153,16701,2385,6qde_HWW_A_503,6,smina,0.2990534,0.66000178,2.3033035,0.40475258,0,5.6812534
6976,153,4549,649,2nry_STU_D_501,6,smina,0.45946216,0.6593712,3.3218429,0.219274,0.98302985,4.0231149
6977,153,13404,1914,5t85_44G_L_301,6,smina,0.17285221,0.6591056,1.624751,0.306458,5.2720656e-05,4.3491934
6978,153,10674,1524,4zsy_RW2_A_502,6,smina,0.33605756,0.65905733,2.6301024,0.2399101,8.2692632e-06,6.6981951
6979,153,16953,2421,6rq3_OUC_A_401,6,smina,0.29490085,0.65877828,2.3230436,0.25242522,0,3.8623762
6980,153,4976,710,2qd4_CHD_B_928,6,smina,0.2990534,0.6587711,2.5639272,0.16799253,0,4.4831818
6981,153,5697,813,2y2f_YI1_A_1469,6,smina,0.27590186,0.65854824,2.0324495,0.47848594,0,3.0567917
6982,153,14937,2133,6cqu_HI6_B_601,6,smina,0.2990534,0.65790141,2.5389745,0.20988896,0,3.4430748
6983,153,4535,647,2nry_STU_A_504,6,smina,0.46471103,0.65669483,3.3851025,0.23873065,0.99266674,4.0395243
6984,153,10772,1538,4zvz_4TF_B_503,6,smina,0.27946818,0.65630371,2.3730934,0.19122142,0.72124788,2.490093
6985,153,4542,648,2nry_STU_C_503,6,smina,0.46220836,0.65623555,3.3851025,0.23873065,0.99782376,4.8165285
6986,153,6657,951,3w7f_FPS_A_302,0,surfdock,0.54227188,0.65587253,3.8386574,0.32138056,0.96497093,4.4375359
6987,153,8259,1179,4gim_PSU_B_400,6,smina,0.26981343,0.6557879,2.2425537,0.30166641,0,2.597821
6988,153,14543,2077,5zg2_ZK1_A_901,4,gnina,0.61763172,0.6556926,3.7732172,0.92702311,0,4.851127
6989,153,10779,1539,4zvz_4TF_C_503,6,smina,0.27568915,0.65564136,2.3730934,0.19122142,0.064993554,2.7923822
6990,153,14671,2095,6abm_9VR_A_505,6,smina,0.2990534,0.65551601,2.438483,0.35720265,1.3863942e-09,12.984722
6991,153,1903,271,1o28_UFP_B_708,6,smina,0.2990534,0.65472514,2.5060358,0.30528551,0.00044210494,3.2321504
6992,153,8294,1184,4gt9_UMP_A_302,6,smina,0.22683098,0.65438633,1.8367581,0.52121073,0,3.3674489
6993,153,10877,1553,5a8k_COM_A_556,6,smina,0.17305607,0.65406528,1.6149746,0.40746444,4.6477801e-08,1.0774379
6994,154,10063,1437,4upd_7P9_B_1550,4,gnina,0.50093217,0.71450464,2.5734968,0.36054876,0,12.363922
6995,154,2995,427,1xdj_HCS_A_1049,6,smina,0.36451493,0.7055982,1.6410495,0.58411062,0.43332523,0.90537059
6996,154,8840,1262,4jb0_FER_A_401,6,smina,0.15543818,0.69823279,1.2812296,0.26937336,0,2.0758991
6997,154,10065,1437,4upd_7P9_B_1550,6,smina,0.30122989,0.69190036,1.527584,0.68297815,5.057529e-05,16.379949
6998,154,9995,1427,4uc9_ASP_C_1300,6,smina,0.25312106,0.68914138,1.7118713,0.31580338,0.49024924,3.9056701
6999,154,16687,2383,6qdc_HXE_A_1004,6,smina,0.30102017,0.68815885,2.0131044,0.24760398,0,4.0059871
7000,154,2372,338,1s3v_TQD_A_187,6,smina,0.49100525,0.68740332,2.9755523,0.24414076,0,4.7870474
7001,154,17518,2502,6xim_XLS_C_397,4,gnina,0.51439878,0.68616776,3.4378879,0.057423089,0,3.8522381
7002,154,9993,1427,4uc9_ASP_C_1300,4,gnina,0.50782361,0.68456672,3.2994416,0.2251662,2.171486e-05,4.2822951
7003,154,2134,304,1pl6_572_B_407,6,smina,0.2356009,0.68376808,2.0528612,0.025537224,0,2.8088701
7004,154,2127,303,1pl6_572_A_405,6,smina,0.24498579,0.68359378,2.0719328,0.023503631,0,2.7818848
7005,154,14846,2120,6bxk_MTA_B_401,6,smina,0.26884261,0.68269375,1.9005226,0.35314164,6.9483617e-05,4.0385392
7006,154,8266,1180,4gim_PSU_C_400,6,smina,0.2581137,0.68222071,2.0126889,0.13940787,0,2.6559411
7007,154,3007,429,1xin_XYL_A_397,4,gnina,0.51386482,0.67995921,3.5468843,0.074069813,0.0017350299,3.6486477
7008,154,7097,1013,4a8p_PAO_B_1340,6,smina,0.33271726,0.67764631,2.3324997,0.36224684,0,2.9810897
7009,154,16540,2362,6pna_M16_B_803,6,smina,0.24865638,0.67687286,2.1144519,0.10020567,0,2.7458496
7010,154,7118,1016,4a8p_PAO_E_1338,6,smina,0.30877021,0.67614413,2.3324997,0.36224684,0,2.6235469
7011,154,7972,1138,4dvw_0M4_B_512,6,smina,0.2363182,0.67568158,1.9319164,0.28231275,0.51498492,5.6222555
7012,154,146,20,1aua_BOG_A_2,6,smina,0.27783645,0.67532798,2.1386034,0.257716,5.2274098e-05,4.3618998
7013,154,2925,417,1wc7_PP3_A_1214,6,smina,0.28456252,0.67515605,2.152602,0.26446575,1.1723819e-05,6.6478204
7014,154,12480,1782,5ioq_DUR_D_302,6,smina,0.22178615,0.6748666,1.8706328,0.10057084,0,1.8796728
7015,154,14699,2099,6auq_BYJ_B_803,6,smina,0.2614563,0.67278093,2.2523305,0.11694957,5.3526708e-08,3.9631819
7016,154,16295,2327,6nh0_KND_A_803,6,smina,0.30181951,0.67273204,2.7283056,0.00744271,0,8.0439535
7017,154,11276,1610,5ddu_PMP_B_601,6,smina,0.26957725,0.67254645,2.4253638,0.0059297667,0.95153077,2.0750591
7018,154,11269,1609,5ddu_PMP_A_601,6,smina,0.26296527,0.67152279,2.4253638,0.0059297667,0.024633794,3.0889532
7019,154,17450,2492,6vv9_RQ1_A_202,6,smina,0.30103443,0.67125758,2.3954334,0.15755746,1.368556e-09,7.0657824
7020,154,9302,1328,4mr7_2BV_A_501,6,smina,0.3012416,0.67045842,2.3899047,0.29435083,0,7.8994865
7021,154,13026,1860,5m66_ADN_D_502,6,smina,0.26589459,0.67019988,2.4196384,0.042356599,0.96440149,3.4070634
7022,154,1413,201,1ki2_GA2_A_1,6,smina,0.25455108,0.66937075,2.0923312,0.26766828,0,2.3101254
7023,154,7125,1017,4a8p_PAO_F_1340,6,smina,0.3012416,0.6693077,2.2879703,0.41736752,0,2.9590137
7024,154,11290,1612,5ddu_PMP_D_601,6,smina,0.26822048,0.66848446,2.4626005,0.03425353,0.95747374,2.8793459
7025,154,9624,1374,4pb4_PLP_A_401,6,smina,0.3012416,0.66847444,2.2509792,0.46969396,0,6.9745383
7026,154,9631,1375,4pb4_PLP_B_401,6,smina,0.3012416,0.66847444,2.2509792,0.46969396,0,7.357197
7027,154,11283,1611,5ddu_PMP_C_601,6,smina,0.26185987,0.66843465,2.4489627,0.020168429,0.96735237,3.8557775
7028,154,2888,412,1w55_C_A_1372,4,gnina,0.44449668,0.66841242,2.9571199,0.18948564,1.9918047e-06,4.1094006
7029,154,6292,898,3te7_TE7_A_1,6,smina,0.26446704,0.66557546,2.2926805,0.24859801,0,3.3335935
7030,154,16680,2382,6qdc_HXE_A_1003,6,smina,0.258769,0.66557484,2.1492195,0.29371056,0,5.6618635
7031,154,15182,2168,6f77_PLP_A_600,6,smina,0.3012416,0.6653416,2.3513143,0.42752749,0,2.9347455
7032,154,279,39,1d7a_AIR_C_400,6,smina,0.3012416,0.66529925,2.5738204,0.20581298,1.1449563e-06,2.9218873
7033,154,15189,2169,6f77_PLP_C_600,6,smina,0.3012416,0.66371086,2.3703833,0.4390645,1.5280249e-05,2.6211234
7034,154,12998,1856,5m5a_KSA_A_404,6,smina,0.46301435,0.66344791,3.5448427,0.11800294,0.99607813,4.6821117
7035,154,16167,2309,6n0z_DP6_B_401,4,gnina,0.65981807,0.66317661,5.342083,0.16251935,0.96379025,6.3939571
7036,154,7104,1014,4a8p_PAO_C_1340,6,smina,0.30010311,0.66308359,2.3324997,0.36224684,0,2.7866682
7037,154,6087,869,3qt8_FM0_B_328,4,gnina,0.64602097,0.66279566,4.6240354,0.77362442,0.002624238,4.5617171
7038,154,4822,688,2pvy_ACP_D_802,6,smina,0.26086305,0.6626405,2.2044268,0.32575527,2.5507597e-05,1.4828317
7039,154,8292,1184,4gt9_UMP_A_302,4,gnina,0.45395232,0.6625993,3.4895706,0.14493072,0,3.0829383
7040,154,11675,1667,5ezp_IPJ_C_201,6,smina,0.2217856,0.66157945,1.9584495,0.23088154,0,1.8709362
7041,154,7111,1015,4a8p_PAO_D_1340,6,smina,0.29067596,0.66038706,2.3105235,0.39168778,0,4.1956885
7042,154,3611,515,2brk_CMF_A_1534,6,smina,0.3012416,0.66002535,2.8183498,0.061104625,0,11.238423
7043,154,6829,975,3wsg_CIT_D_302,4,gnina,0.47429212,0.65924071,3.4631522,0.30581316,0.1702115,9.4507052
7044,155,5109,729,2qxf_TMP_A_3000,6,smina,0.26060458,0.72745864,1.6900563,0.067625672,0,3.027035
7045,155,11274,1610,5ddu_PMP_B_601,4,gnina,0.81599148,0.71220891,5.8006458,0.47564939,0.08820023,6.2863712
7046,155,1119,159,1itw_ICT_C_743,6,smina,0.26504182,0.70226931,2.0399597,0.12381963,2.1848661e-06,1.6626341
7047,155,1126,160,1itw_ICT_D_743,6,smina,0.26083886,0.70073027,2.0240486,0.12643689,1.9571152e-06,1.5816677
7048,155,17373,2481,6v1e_5SW_A_301,6,smina,0.45271663,0.69703133,2.8066292,0.34677589,0,3.8882291
7049,155,9793,1399,4r2n_PLP_A_401,0,surfdock,0.54188639,0.69625252,3.2976143,0.31181756,0,4.3457625
7050,155,8070,1152,4ea0_651_A_306,6,smina,0.2480875,0.69490456,1.8565764,0.31190807,0,2.4298132
7051,155,14503,2071,5ysh_5AD_D_605,6,smina,0.28403213,0.69247389,2.1474183,0.21178135,0,1.0031548
7052,155,14510,2072,5ysh_5AD_J_605,6,smina,0.28110533,0.69131369,2.1520321,0.21028595,0,0.88755834
7053,155,14791,2113,6bmm_OLB_A_404,0,surfdock,0.54188639,0.68865613,2.754797,1.0050822,0,4.1245335
7054,155,5431,775,2wch_B7M_A_1145,6,smina,0.30029492,0.6872546,1.9717846,0.62653929,0,3.097375
7055,155,14798,2114,6bmm_OLB_B_404,0,surfdock,0.54188639,0.68699292,2.7702103,1.0232763,0.41789111,4.0121179
7056,155,2414,344,1sff_IK2_C_450,6,smina,0.45874255,0.68444107,2.8127129,0.59876066,0,5.9607764
7057,155,14203,2029,5xj7_87O_A_309,0,surfdock,0.54188639,0.68402727,3.5441654,0.30985659,0.94204549,4.3936477
7058,155,5611,801,2xta_TPP_C_2001,4,gnina,0.68448381,0.68044161,5.2135563,0.53894317,0,16.944621
7059,155,10023,1431,4ug6_XFJ_A_904,6,smina,0.29455404,0.67896695,2.4361446,0.17308082,9.8059185e-09,5.8755988
7060,155,7566,1080,4cld_JUO_D_1270,6,smina,0.22018295,0.67865552,2.0699556,0.085807033,0.00035195309,1.7184213
7061,155,7559,1079,4cld_JUO_C_1270,6,smina,0.22017536,0.67856611,2.0699556,0.085807033,0.00041674971,2.0988238
7062,155,7552,1078,4cld_JUO_B_1270,6,smina,0.22017476,0.67771667,2.0699556,0.085807033,0.00025177489,1.7942531
7063,155,10987,1569,5av4_GEN_A_400,4,gnina,0.44335321,0.67613342,3.0161507,0.17055975,0.98818979,2.9601885
7064,155,4750,678,2pin_LEG_B_502,4,gnina,0.4433532,0.67574115,2.9061861,0.27558556,7.6301262e-07,2.8368617
7065,155,16358,2336,6nyo_U94_A_301,6,smina,0.30029492,0.67466623,2.5151422,0.30054805,0.75828904,12.024617
7066,155,14146,2020,5x6r_7ZR_B_402,6,smina,0.28273764,0.67453454,2.1335621,0.5149278,0,6.1621523
7067,155,14041,2005,5wgw_MB5_A_714,6,smina,0.21814273,0.67339435,1.8737841,0.33708006,0,1.9288439
7068,155,12039,1719,5g6i_M85_A_904,6,smina,0.25876362,0.67293894,2.1851513,0.37877202,0,3.7684147
7069,155,13514,1930,5thu_B3N_A_404,4,gnina,0.61890824,0.67174246,4.6093602,0.21560667,3.0764625e-06,6.4672746
7070,155,1910,272,1o28_UFP_C_713,6,smina,0.30029492,0.67064662,2.7996862,0.088003911,0.00024364902,3.5563559
7071,155,10086,1440,4ur9_OAN_B_1718,6,smina,0.29554981,0.66997751,2.5371039,0.23132244,0.048900499,6.9170057
7072,155,2449,349,1syf_THP_A_180,6,smina,0.30029492,0.6699422,2.5832102,0.31723028,0,4.2474479
7073,155,8894,1270,4jzx_IPE_A_401,4,gnina,0.4433537,0.66802263,3.0845356,0.28437769,0.00027107356,3.5562462
7074,155,195,27,1c9c_PP3_A_413,6,smina,0.22017476,0.66763978,1.9755121,0.34231114,0.91724237,3.7588031
7075,155,3373,481,1zwp_NIM_A_401,6,smina,0.25809251,0.66757992,2.1013374,0.5416289,0,3.1925383
7076,155,17240,2462,6toj_NQQ_A_201,6,smina,0.31485217,0.66710473,2.8843505,0.18016596,0,6.4022906
7077,155,16169,2309,6n0z_DP6_B_401,6,smina,0.45759663,0.66650392,3.0695221,0.69294965,0.88943597,3.3568692
7078,155,14797,2113,6bmm_OLB_A_404,6,smina,0.22326332,0.66630299,2.0160651,0.46801913,9.887511e-15,13.05393
7079,155,9351,1335,4n4j_HG1_A_606,6,smina,0.22684729,0.66519612,2.3575017,0.26580545,5.7641084e-08,4.9796029
7080,155,14804,2114,6bmm_OLB_B_404,6,smina,0.22326332,0.6648686,2.0244553,0.48406255,1.3436686e-15,11.886856
7081,155,1917,273,1o28_UFP_D_718,6,smina,0.3002808,0.66475449,2.8076656,0.085034885,0.83562159,3.3174324
7082,155,1924,274,1o29_UFP_A_803,6,smina,0.30027709,0.66467069,2.8076656,0.085034885,5.1065944e-06,3.4109066
7083,155,14511,2073,5z54_0HZ_A_303,0,surfdock,0.54188639,0.66444337,4.1278877,0.14644946,0.19287987,3.440524
7084,155,3870,552,2e56_MYR_A_701,6,smina,0.25990835,0.66373812,2.6530247,0.08464314,1.1473271e-06,3.6191959
7085,155,2447,349,1syf_THP_A_180,4,gnina,0.49891503,0.66336298,3.6637528,0.34516791,0.43906068,5.0040687
7086,155,727,103,1gz5_UDP_D_900,6,smina,0.29911012,0.66330035,2.7619283,0.14511324,0,5.657816
7087,155,14139,2019,5x6r_7ZR_A_402,6,smina,0.29131641,0.66325861,2.3584185,0.5202632,0,7.7546181
7088,155,508,72,1fs5_16G_B_2267,4,gnina,0.44349537,0.66303825,3.1627605,0.34182429,1.8410498e-06,3.188571
7089,155,2967,423,1x2a_PDG_A_413,6,smina,0.29181507,0.66248146,2.6089716,0.28698549,0,9.6779315
7090,155,5594,799,2xoz_AMP_B_1664,1,unimol,0.62829254,0.66127695,5.2676644,0.1878376,0,16.81
7091,155,14998,2142,6dl7_ONC_F_301,4,gnina,0.6355325,0.66088678,5.3256049,0.19893324,0,6.3816275
7092,155,7970,1138,4dvw_0M4_B_512,4,gnina,0.68856164,0.65997242,5.7132411,0.6535635,0.65702038,3.7081996
7093,155,14826,2118,6btq_E8S_A_305,0,surfdock,0.54188639,0.65984464,3.9617355,0.41676593,0,3.3289807
7094,156,1915,273,1o28_UFP_D_718,4,gnina,0.80067566,0.78369919,4.4449682,0.35187545,0.97546343,4.1035026
7095,156,12627,1803,5j61_A3G_D_501,6,smina,0.42118272,0.73596102,2.2500746,0.27906433,0.98591974,4.6517554
7096,156,461,65,1fk1_DAO_A_201,6,smina,0.25572456,0.72702652,1.8565813,0.40457058,0,2.3138762
7097,156,12641,1805,5j61_A3G_F_501,6,smina,0.29875118,0.72618598,2.22877,0.28209215,0.98028666,5.2609128
7098,156,12648,1806,5j61_A3G_G_501,6,smina,0.29875118,0.72083291,2.3176634,0.2683681,0.96826855,5.859872
7099,156,12655,1807,5j61_A3G_H_501,6,smina,0.29875118,0.72083291,2.3176634,0.2683681,0.97737906,3.9326053
7100,156,12634,1804,5j61_A3G_E_501,6,smina,0.29875118,0.71290801,2.4431512,0.25729117,0.98526916,6.302696
7101,156,293,41,1dai_DSD_A_225,6,smina,0.25138427,0.71149607,2.273102,0.18799931,8.9489172e-07,3.8670656
7102,156,12613,1801,5j61_A3G_A_501,6,smina,0.28181649,0.70852049,2.3632822,0.26230147,0.98098989,5.0291055
7103,156,4661,665,2o7b_HC4_E_701,6,smina,0.31480339,0.70821145,2.5361493,0.3314057,0,2.402591
7104,156,12620,1802,5j61_A3G_C_501,6,smina,0.29875118,0.706287,2.5311615,0.26783395,0.21707787,5.7861972
7105,156,11913,1701,5fwd_GJV_A_1446,6,smina,0.45962057,0.70573706,3.2984066,0.20778558,0.96969867,6.0070987
7106,156,15231,2175,6fa1_D2Z_F_203,6,smina,0.28779137,0.7027647,2.1980393,0.53103256,0,5.5796953
7107,156,13885,1983,5vv0_9OM_B_803,4,gnina,0.50483823,0.70267614,3.6032159,0.2008101,3.5623766e-10,5.0938019
7108,156,4634,662,2o7b_HC4_A_701,0,surfdock,0.54118493,0.7000161,3.7904041,0.19538142,0.99474963,2.86893
7109,156,4641,663,2o7b_HC4_C_701,0,surfdock,0.54118493,0.7000161,3.7904041,0.19538142,0.99752334,2.9806997
7110,156,4648,664,2o7b_HC4_D_701,0,surfdock,0.54118493,0.7000161,3.7904041,0.19538142,0.99309925,2.9847246
7111,156,4662,666,2o7b_HC4_G_701,0,surfdock,0.54118493,0.7000161,3.7904041,0.19538142,0.99643873,3.0117049
7112,156,14153,2021,5x86_TMP_A_205,6,smina,0.29875118,0.69967986,2.6900589,0.21008489,0,5.2418938
7113,156,13887,1983,5vv0_9OM_B_803,6,smina,0.25072091,0.69902361,2.2783515,0.36117414,0,4.7771404
7114,156,10611,1515,4zhd_4OZ_B_202,6,smina,0.29613534,0.69822705,2.2205527,0.59741616,0,3.260882
7115,156,14916,2130,6cgc_F0A_B_402,6,smina,0.46221391,0.69746705,3.4611008,0.19787045,0,6.0530225
7116,156,16884,2412,6rgg_K3Q_A_403,0,surfdock,0.54118493,0.69698219,3.6280682,0.4145804,2.8875836e-06,3.4864596
7117,156,15957,2279,6l86_LMR_B_303,4,gnina,0.44224504,0.69671349,3.3004291,0.26858559,5.2428017e-09,4.2189118
7118,156,15217,2173,6fa1_D2Z_A_203,6,smina,0.21819379,0.6947182,2.025836,0.40816647,0,5.3418935
7119,156,2786,398,1v5g_HTL_A_1602,0,surfdock,0.54118493,0.69438748,3.0881977,1.0036734,0.17612155,4.2329617
7120,156,14819,2117,6btn_E8M_A_304,0,surfdock,0.54118493,0.69381021,3.1177304,0.9851684,0,3.943499
7121,156,10618,1516,4zhd_4OZ_C_202,6,smina,0.29647871,0.69355642,2.3299003,0.56310761,0,3.3765434
7122,157,12646,1806,5j61_A3G_G_501,4,gnina,0.81349545,0.72315496,6.0536003,0.19500555,0.2935875,6.1943503
7123,157,12653,1807,5j61_A3G_H_501,4,gnina,0.81344999,0.72308633,6.0536003,0.19500555,0.97075508,5.1084928
7124,157,12639,1805,5j61_A3G_F_501,4,gnina,0.81343592,0.72268069,6.0506516,0.20634243,0.97041666,6.3863613
7125,157,12632,1804,5j61_A3G_E_501,4,gnina,0.81341231,0.72249201,6.0739899,0.18599668,0,6.6695914
7126,157,375,53,1e5f_PLP_B_405,4,gnina,0.54753255,0.71404422,3.3222046,0.34109864,0.99235377,3.1050375
7127,157,1803,257,1nf0_13P_B_1150,4,gnina,0.41313831,0.71027431,2.5376933,0.15948825,5.8260375e-08,2.0255284
7128,157,4325,617,2i1v_F6P_B_720,6,smina,0.21963909,0.70922285,1.6294489,0.45834818,1.1663864e-07,1.7660731
7129,157,4647,663,2o7b_HC4_C_701,6,smina,0.31732495,0.70892541,2.5537348,0.14519031,0,1.9125341
7130,157,4668,666,2o7b_HC4_G_701,6,smina,0.31708805,0.70874897,2.5537348,0.14519031,0,1.3016339
7131,157,4640,662,2o7b_HC4_A_701,6,smina,0.31671913,0.70866076,2.5537348,0.14519031,0,1.986692
7132,157,4654,664,2o7b_HC4_D_701,6,smina,0.31635866,0.70848432,2.5537348,0.14519031,0,1.8434703
7133,157,2435,347,1sjc_SMG_D_1300,6,smina,0.30032985,0.70788664,2.3853621,0.22613011,0.63719531,2.5827368
7134,157,2132,304,1pl6_572_B_407,4,gnina,0.46934558,0.70276812,3.3550832,0.055340223,9.4804642e-06,5.6896393
7135,157,4682,668,2o7d_DHC_B_701,6,smina,0.31718697,0.70239267,2.6280367,0.17120184,0,1.6821243
7136,157,2125,303,1pl6_572_A_405,4,gnina,0.47908453,0.70190718,3.3933022,0.049712762,5.8115657e-07,4.8115726
7137,157,4675,667,2o7d_DHC_A_701,6,smina,0.31562324,0.70186817,2.6280367,0.17120184,0,1.5398351
7138,157,14097,2013,5x2m_GLN_D_951,6,smina,0.16181381,0.70129614,1.7011003,0.45940512,1.7817596e-08,2.292989
7139,157,4101,585,2fr6_URI_B_1002,6,smina,0.30032985,0.70056647,2.6019239,0.12204554,0,2.4299119
7140,157,11801,1685,5fkl_TDC_A_222,6,smina,0.27000928,0.69984387,2.1799319,0.38530147,0,3.492366
7141,157,6948,992,3wzo_ZOE_D_201,4,gnina,0.63984082,0.69377653,4.344357,0.65926242,0,6.5054417
7142,157,10521,1503,4z69_DIF_I_1006,0,surfdock,0.54104257,0.6934372,3.4744205,0.35587355,0.97985257,3.5106864
7143,157,10126,1446,4v36_LYN_A_1851,4,gnina,0.41317378,0.69274768,2.6906872,0.30514699,2.1146423e-09,2.6581059
7144,157,10514,1502,4z69_DIF_A_1008,0,surfdock,0.54104257,0.69269716,3.475359,0.36898747,0,3.4110982
7145,157,10786,1540,4zvz_4TF_D_503,6,smina,0.28225279,0.69222229,2.3621514,0.35528862,0.43304494,2.3491246
7146,157,3595,513,2bgc_DTU_A_1238,4,gnina,0.44334072,0.69063461,3.3709757,0.18256174,0.5825949,4.810656
7147,157,4724,674,2oxp_THP_A_300,6,smina,0.25956194,0.68920896,2.3457696,0.31629533,0,5.2160838
7148,157,6950,992,3wzo_ZOE_D_201,6,smina,0.30623331,0.68894141,2.8808823,0.10966837,0,11.339393
7149,157,17297,2471,6u6c_P1T_D_505,0,surfdock,0.54115875,0.68675885,3.7857761,0.28280216,0.97175868,4.0909413
7150,157,17304,2472,6u6c_P1T_H_504,0,surfdock,0.54115875,0.68675885,3.7857761,0.28280216,0.93312254,4.1822315
7151,157,14270,2038,5xvv_AKG_B_506,4,gnina,0.4425577,0.68515514,3.2290566,0.41344231,0.078857365,11.288606
7152,157,6929,989,3wzo_ZOE_A_201,6,smina,0.30032985,0.68408547,2.8808823,0.10966837,0,9.6258866
7153,157,6936,990,3wzo_ZOE_B_201,6,smina,0.30032985,0.68408547,2.8808823,0.10966837,0,9.5003347
7154,157,9484,1354,4nkw_PLO_C_601,6,smina,0.30032973,0.68376585,2.4470088,0.46628875,0,2.3893744
7155,157,10954,1564,5agl_CCW_B_800,6,smina,0.25786816,0.68271036,2.3445351,0.40394956,9.8445202e-06,3.2561749
7156,157,6943,991,3wzo_ZOE_C_201,6,smina,0.30032985,0.68192692,2.9073026,0.11960159,0,8.8169385
7157,157,13108,1872,5nh9_XLS_A_503,4,gnina,0.51463981,0.68025302,3.7632473,0.30218413,0.17136124,5.9546729
7158,157,2139,305,1pl6_572_C_409,4,gnina,0.44191494,0.67940069,3.311837,0.062821433,0.27721091,4.650796
7159,157,893,127,1h5r_G1P_C_1294,4,gnina,0.44191504,0.67924001,3.2099931,0.25707987,1.6174966e-05,3.2891252
7160,157,9477,1353,4nkw_PLO_B_601,6,smina,0.26153387,0.67857329,2.4085209,0.46590847,0,2.2062187
7161,157,13255,1893,5ocm_9RH_B_302,4,gnina,0.44192716,0.67814445,3.2188282,0.30473438,0.74162006,3.8378174
7162,157,2904,414,1w55_GPP_A_1374,6,smina,0.21963909,0.67804197,2.3995011,0.15326495,0,4.451287
7163,157,6276,896,3t3q_9PL_B_501,4,gnina,0.44191576,0.67763534,3.4154091,0.099327236,0.13052166,5.1791387
7164,157,6283,897,3t3q_9PL_D_501,4,gnina,0.44191544,0.67731069,3.4252384,0.092456616,0.12300214,5.5714749
7165,157,14252,2036,5xvt_8FL_A_709,0,surfdock,0.54115875,0.67706163,4.0375304,0.22755618,0.43280237,3.925252
7166,157,15964,2280,6l86_LMR_C_302,4,gnina,0.4421309,0.67686869,3.3906586,0.39670104,0.94393725,4.3077575
7167,157,15278,2182,6flu_DTK_A_404,4,gnina,0.51284736,0.6758157,3.9338913,0.21963814,0.1855054,4.5745646
7168,157,9470,1352,4nkw_PLO_A_601,6,smina,0.26122263,0.67528584,2.4470088,0.46628875,0,2.2842498
7169,157,900,128,1h5r_G1P_D_1294,4,gnina,0.44191494,0.67497897,3.2133253,0.24174476,0,3.3175506
7170,157,9491,1355,4nkw_PLO_D_601,6,smina,0.26065975,0.67450706,2.4470088,0.46628875,0,2.1402446
7171,157,13243,1891,5o4k_9KE_A_405,6,smina,0.25809226,0.67286443,2.6410956,0.27072358,0,3.6482212
7172,158,10784,1540,4zvz_4TF_D_503,4,gnina,0.69855423,0.75643527,4.3522549,0.18473126,0.52164871,4.4809759
7173,158,13747,1963,5unt_8J1_B_803,6,smina,0.2568071,0.72967617,2.0512419,0.1874644,3.5277879e-12,4.0393479
7174,158,15901,2271,6kxh_DY9_B_402,4,gnina,0.44120799,0.72942627,2.9722784,0.0395399,0.99782159,3.7200828
7175,158,12417,1773,5ihe_D5M_B_701,6,smina,0.22203508,0.72699906,2.0809462,0.13855939,0.011212512,3.1211324
7176,158,15908,2272,6kxh_DY9_C_402,4,gnina,0.44121149,0.72621629,3.0356224,0.02696697,0.00013810416,3.7042099
7177,158,7475,1067,4cb5_93G_A_1484,6,smina,0.29884163,0.72336234,1.9796166,0.55831474,0,4.53401
7178,158,7678,1096,4cmk_FQW_D_1270,6,smina,0.25984683,0.71118791,2.3997397,0.13904108,0.20907125,3.6170914
7179,158,7657,1093,4cmk_FQW_A_1270,6,smina,0.25693802,0.70975674,2.3782208,0.13662335,0.070685963,3.7344299
7180,158,16526,2360,6pn9_OU7_A_803,6,smina,0.29884163,0.70959603,2.5503218,0.18759948,0,5.525155
7181,158,16547,2363,6png_OSG_A_803,6,smina,0.26704976,0.70865893,2.3781855,0.21423893,1.3882327e-08,5.5694237
7182,158,14517,2073,5z54_0HZ_A_303,6,smina,0.27011725,0.70719912,2.3392134,0.28381023,0,2.1459679
7183,158,15453,2207,6gqk_F88_A_1001,4,gnina,0.66169285,0.70669056,4.2428594,0.84014875,0.99012321,8.0320705
7184,158,7671,1095,4cmk_FQW_C_1270,6,smina,0.25678144,0.7057613,2.4251277,0.14212859,0.37809199,4.1132385
7185,158,10525,1503,4z69_DIF_I_1006,4,gnina,0.65913378,0.70571392,4.8512464,0.19973075,6.2971082e-05,3.9592091
7186,158,10044,1434,4ugg_S5D_A_904,6,smina,0.2829438,0.70570952,2.5831616,0.092466541,1.2449659e-08,6.0968416
7187,158,16554,2364,6png_OSG_B_801,6,smina,0.23288277,0.70564421,2.3168452,0.20989941,1.965683e-08,4.6607307
7188,158,2239,319,1q3a_NGH_B_479,6,smina,0.44153495,0.70493566,3.3375952,0.084289633,0,4.3100371
7189,158,16561,2365,6png_OSG_B_804,6,smina,0.23011467,0.70421418,2.3309896,0.21249808,8.8280756e-06,4.3267833
7190,158,13789,1969,5uo5_M4R_B_803,6,smina,0.42170258,0.70326112,2.9195328,0.074707009,0.99485386,6.0658114
7191,158,13768,1966,5uo3_8EY_A_803,6,smina,0.2595888,0.70068239,2.4633267,0.22566208,5.6091763e-07,5.0215834
7192,158,13754,1964,5unx_8F1_A_803,6,smina,0.25855944,0.69908058,2.4569485,0.22777861,3.6575773e-10,5.075245
7193,158,16309,2329,6nhd_KNV_B_803,6,smina,0.23141905,0.69812294,2.4030087,0.23138995,0,4.8038899
7194,158,2433,347,1sjc_SMG_D_1300,4,gnina,0.66294602,0.69727665,4.7261,0.58970428,0.51207928,5.2756784
7195,158,4906,700,2qca_DGP_A_200,6,smina,0.25678977,0.69558781,2.4838331,0.23606247,0,3.2484906
7196,158,3574,510,2bf7_HBI_C_1290,4,gnina,0.44103813,0.69533365,2.9323971,0.50350851,0.011155367,3.0705113
7197,158,16302,2328,6nhd_KNV_A_803,6,smina,0.25812862,0.69457287,2.5091555,0.23849148,0,4.5911927
7198,158,9778,1396,4qya_LU2_B_201,6,smina,0.16337999,0.69370391,2.2615345,0.18509139,1.862577e-09,2.0323993
7199,158,16288,2326,6ngu_KMJ_B_803,6,smina,0.25779419,0.69297715,2.6013234,0.16671047,0,5.1315998
7200,158,4913,701,2qca_DGP_A_300,6,smina,0.27628046,0.69263933,2.5743134,0.28025866,0,4.1694365
7201,158,3581,511,2bf7_HBI_D_1290,4,gnina,0.44103813,0.69249916,2.9938738,0.49127293,0.0015194765,2.9985872
7202,158,3567,509,2bf7_HBI_B_1290,4,gnina,0.44103813,0.69209393,3.0027454,0.48948988,9.0654154e-07,3.1139434
7203,158,10527,1503,4z69_DIF_I_1006,6,smina,0.31171562,0.69170819,2.711729,0.39445698,0,3.2340963
7204,158,10919,1559,5adi_TUE_A_800,6,smina,0.25946107,0.69153,2.4503806,0.37174007,0,3.7715782
7205,158,13775,1967,5uo3_8EY_B_804,6,smina,0.25890754,0.68986739,2.6164131,0.2136783,2.1373913e-06,5.8841974
7206,158,10037,1433,4ugf_Q16_A_904,6,smina,0.26885354,0.68958046,2.4907615,0.39666799,1.3857501e-08,5.9274894
7207,158,16281,2325,6ngu_KMJ_A_803,6,smina,0.2241916,0.68887828,2.6013234,0.16671047,0,5.5630646
7208,158,5347,763,2vmp_PLP_A_501,6,smina,0.25957209,0.68781852,2.605006,0.27962059,1.8090978e-06,5.7592126
7209,158,13761,1965,5unx_8F1_B_803,6,smina,0.25895777,0.68781392,2.6035891,0.2601701,2.2144278e-07,5.6514915
7210,158,4988,712,2qgw_EES_A_1,4,gnina,0.44103813,0.68776059,3.3676417,0.20118646,6.0958722e-07,3.2683801
7211,158,13523,1931,5thu_B3N_B_404,6,smina,0.27217751,0.68696032,2.7253125,0.21223506,0,9.3419191
7212,158,15602,2228,6hsg_GM5_A_504,6,smina,0.29884163,0.68685132,2.884217,0.21085086,0,3.9011421
7213,158,12026,1718,5g4r_LF1_D_1739,0,surfdock,0.54097244,0.68658734,3.8556464,0.32098114,0.36085273,4.3883815
7214,158,5354,764,2vmw_PLP_A_501,6,smina,0.29422288,0.6862356,2.7651024,0.23774001,1.8867364e-06,6.2609713
7215,158,17623,2517,6zi7_QR8_B_502,4,gnina,0.57063268,0.68580165,4.1792536,0.13981992,0.99513931,8.3486256
7216,158,12408,1772,5ihe_D5M_A_701,4,gnina,0.44120602,0.68577774,3.6212828,0.12177417,2.2519875e-05,4.4518273
7217,158,9106,1300,4lek_1DN_X_202,6,smina,0.29884163,0.68548144,2.645916,0.47180533,0,6.3501739
7218,158,13516,1930,5thu_B3N_A_404,6,smina,0.28154585,0.68471459,2.7658947,0.23048177,0,5.9851979
7219,158,13852,1978,5vrj_R07_A_204,6,smina,0.47054491,0.68438124,3.4942894,0.37943491,0,7.0999374
7220,158,4995,713,2qgw_EES_B_1,4,gnina,0.44103813,0.68387767,3.4275377,0.21116315,6.3747921e-07,2.9422494
7221,158,13740,1962,5unr_8EV_A_803,6,smina,0.29884163,0.68366158,2.598088,0.54993606,0,4.2227903
7222,159,10926,1560,5aew_BNL_C_462,6,smina,0.34752191,0.74065292,1.958745,0.70385796,0.00049513032,1.4803055
7223,159,8236,1176,4ghf_4NC_A_402,4,gnina,0.44007434,0.73498324,2.5703743,0.49837604,0.002936082,5.3948219
7224,159,8250,1178,4ghf_4NC_D_402,4,gnina,0.44007434,0.73498324,2.5703743,0.49837604,0,5.7387673
7225,159,8243,1177,4ghf_4NC_C_402,4,gnina,0.44007434,0.72377988,2.9468031,0.28708324,0.002341934,5.5800991
7226,159,9680,1382,4q3a_2YC_B_904,6,smina,0.29639552,0.71993512,2.5031483,0.35253763,0,3.4363862
7227,159,14839,2119,6bvl_EBY_B_2001,6,smina,0.23629378,0.71795444,2.2643249,0.3965753,0,10.12881
7228,159,15385,2197,6fw0_E92_A_602,6,smina,0.21828993,0.71691871,2.1771569,0.30724955,0,2.0614128
7229,159,8791,1255,4j4b_0TF_A_904,6,smina,0.40283176,0.7107043,2.8720496,0.21775998,8.7735336e-09,5.3198732
7230,159,5914,844,2zm7_ACA_A_501,6,smina,0.29639552,0.710661,2.6551435,0.33400026,8.0300292e-12,4.742191
7231,159,10933,1561,5aew_BNL_I_462,6,smina,0.21974786,0.71052917,1.9595103,0.70332658,0.9823986,1.9077222
7232,159,15616,2230,6hsg_GM5_D_504,6,smina,0.29639552,0.7094264,2.9287007,0.078605652,0,4.0619296
7233,159,7034,1004,3zyx_MBT_A_601,6,smina,0.25631775,0.70773378,2.6320279,0.24272692,0,1.6935999
7234,159,10927,1561,5aew_BNL_I_462,0,surfdock,0.54082542,0.70592322,3.2394953,0.80642986,0.99844431,2.7621883
7235,159,9419,1345,4ndn_PPK_C_404,4,gnina,0.43834236,0.70575983,3.0394707,0.20224641,0.00051717749,14.325642
7236,159,16580,2368,6ps7_ZMA_A_1201,4,gnina,0.44007434,0.70574839,3.4891369,0.027230376,2.6371419e-05,4.4335977
7237,159,11316,1616,5did_5CK_B_601,4,gnina,0.44007434,0.70572081,3.0112746,0.50554019,0.21551187,2.9601017
7238,159,1014,144,1hsb_ALA_A_1001,6,smina,0.2147271,0.70255982,2.2169397,0.44770235,9.0514476e-09,4.3846752
7239,159,12110,1730,5gzz_GSH_C_301,0,surfdock,0.54082542,0.7023112,3.6041985,0.50639015,0.9453332,3.6136343
7240,159,12135,1733,5gzz_JAA_A_601,4,gnina,0.44007434,0.70201673,2.8484452,0.72911561,6.5754048e-05,5.1555996
7241,159,15609,2229,6hsg_GM5_B_504,6,smina,0.2798672,0.69988969,2.9355812,0.095686525,0,4.1223332
7242,159,6439,919,3uwb_BB2_A_154,6,smina,0.43672095,0.69972827,2.7141783,0.60422397,0,7.1396467
7243,159,13796,1970,5urz_BOG_B_201,6,smina,0.24836457,0.69964021,2.5376778,0.40363565,0,4.1247172
7244,159,5039,719,2qs2_UBF_A_603,6,smina,0.29639552,0.69861421,3.0614214,0.10907885,0,4.3194925
7245,159,4157,593,2fzb_TOL_A_800,6,smina,0.28779093,0.69855186,2.7661245,0.30554467,0,5.3369801
7246,159,16589,2369,6pvi_OZ7_A_501,6,smina,0.29639552,0.69820783,2.6133533,0.56342864,0,2.6465411
7247,159,9720,1388,4qbz_D80_A_917,4,gnina,0.44201632,0.69488442,3.4002457,0.45683324,0.010785658,4.7324277
7248,159,3604,514,2bk3_FOF_A_1503,6,smina,0.27045025,0.69271218,2.6299841,0.49294508,4.9209616e-10,2.6917435
7249,159,17562,2508,6xzx_O5H_B_302,6,smina,0.33102933,0.69270341,2.8144989,0.54250008,0,5.9084051
7250,159,2156,308,1pr0_NOS_B_1246,0,surfdock,0.42807818,0.69156635,3.2403247,0.20120931,0,3.3212781
7251,159,12123,1731,5gzz_GSH_D_301,6,smina,0.25500949,0.69152176,2.9795277,0.10973922,7.0259186e-10,5.8714212
7252,159,5046,720,2qs2_UBF_B_602,6,smina,0.28357221,0.69124086,3.0614214,0.10907885,0,4.2311106
7253,159,2107,301,1pke_2FD_B_447,0,surfdock,0.40022828,0.69078189,3.0978401,0.30010661,0,3.3519925
7254,159,11395,1627,5dr9_SKE_A_401,6,smina,0.29639552,0.68906169,3.0738862,0.24723363,0,4.1634064
7255,159,4360,622,2ij7_TPF_C_2471,6,smina,0.29638314,0.68884256,3.1817625,0.062517345,0,3.045952
7256,159,12935,1847,5lik_W8X_X_402,6,smina,0.25542976,0.6883015,2.4196045,0.72226107,0,5.0215715
7257,159,12130,1732,5gzz_GSH_E_301,6,smina,0.24827133,0.68820344,2.9832652,0.1297911,5.2959235e-09,6.3995065
7258,159,15806,2258,6jyg_FLC_E_402,0,surfdock,0.42961818,0.68816202,3.3742237,0.12493446,0.0017093796,2.5325328
7259,159,2114,302,1pke_2FD_C_448,0,surfdock,0.41520149,0.68759574,3.1905482,0.3094748,0.99291476,3.3048873
7260,159,4934,704,2qd1_CHD_D_802,6,smina,0.29639552,0.68702384,2.8350174,0.44946122,0,4.5118662
7261,159,8742,1248,4iph_1FJ_A_202,6,smina,0.15989484,0.68583096,2.6656463,0.20525368,0,3.4208707
7262,159,8285,1183,4gt9_MEF_A_304,4,gnina,0.44007434,0.68550072,3.7864952,0.074016027,4.637946e-06,3.1341844
7263,159,4204,600,2giq_NN2_A_1001,4,gnina,0.66929053,0.68500465,5.5485282,0.54450136,0.0025082608,6.2802015
7264,159,1840,262,1nmz_NYM_A_301,6,smina,0.27630902,0.68458559,2.7180459,0.54381573,0,4.6229049
7265,159,4235,605,2gyv_HBP_A_1409,0,surfdock,0.54082542,0.68357472,4.395864,0.066768773,0,3.9260173
7266,159,2440,348,1sqk_LAR_A_378,4,gnina,0.49386493,0.68257022,3.7032852,0.55220652,0,3.0834133
7267,159,4556,650,2ntk_IMP_A_205,6,smina,0.29639552,0.68253083,3.1508858,0.27686858,0,4.5275415
7268,159,10175,1453,4wdx_WDX_A_402,4,gnina,0.40525874,0.6810459,3.3435154,0.23372939,0.00058387903,3.699328
7269,159,7419,1059,4bz6_SHH_D_700,6,smina,0.25576776,0.68055933,3.2151401,0.059407294,0.46611149,4.7670242
7270,159,7412,1058,4bz6_SHH_C_700,6,smina,0.25648551,0.68025978,3.2513669,0.046431795,0.61286102,4.7093294
7271,159,16321,2331,6nig_NAG_A_605,4,gnina,0.43965346,0.68009331,3.6778419,0.22221281,1.3892135e-08,8.5387275
7272,160,17182,2454,6tfb_N6W_B_202,4,gnina,0.43739466,0.77093727,2.5342898,0.30128935,0.99839897,1.7863525
7273,160,15687,2241,6jc7_F0G_D_601,0,surfdock,0.54020243,0.75120865,3.105566,0.3520129,0.9843174,4.1559317
7274,160,4603,657,2nu7_COA_E_1325,4,gnina,0.43560886,0.74410902,2.1981502,0.66064072,3.6358971e-07,4.2109559
7275,160,15666,2238,6jc7_F0G_A_601,0,surfdock,0.57265109,0.74148347,3.4504216,0.25559884,0.99311049,3.8970423
7276,160,8313,1187,4h4c_10D_B_402,4,gnina,0.43729443,0.73677879,2.8954322,0.28280142,0.040354752,3.4329845
7277,160,4302,614,2hs3_FGR_A_2166,4,gnina,0.63177998,0.73468956,4.0558562,0.5309394,0,4.5036382
7278,160,4304,614,2hs3_FGR_A_2166,6,smina,0.29843312,0.73338059,2.7418005,0.16708425,5.5618419e-06,4.5257521
7279,160,8306,1186,4h4c_10D_A_402,4,gnina,0.43729443,0.73332439,2.9254267,0.30182737,0.80311995,4.0170773
7280,160,15673,2239,6jc7_F0G_B_601,0,surfdock,0.54020243,0.73178756,3.4699116,0.28187591,0,4.0291964
7281,160,15680,2240,6jc7_F0G_C_601,0,surfdock,0.54020243,0.73178756,3.4699116,0.28187591,0.96058201,3.8868572
7282,160,14573,2081,5zgr_ZZ7_B_303,6,smina,0.25370948,0.72741785,2.5783799,0.21181217,0.034876088,5.6360964
7283,160,5445,777,2wdq_CBE_C_1130,6,smina,0.25352039,0.72708853,2.5041885,0.28541011,0,1.8273683
7284,160,2323,331,1rnd_DGP_A_126,6,smina,0.21273219,0.71937322,2.5391304,0.10967886,0,3.3762173
7285,160,3644,520,2bxh_IOS_A_1002,4,gnina,0.43524979,0.71917227,2.7525032,0.44346872,4.7310786e-06,3.410759
7286,160,2160,308,1pr0_NOS_B_1246,4,gnina,0.4025368,0.71666221,2.9261291,0.24498042,0.022340558,2.7327091
7287,160,14741,2105,6b5k_TYD_B_304,6,smina,0.25211148,0.71381324,2.5474014,0.40838623,0,5.0150355
7288,160,14734,2104,6b5k_TYD_A_304,6,smina,0.24837684,0.71189143,2.5605774,0.40792009,0,4.938743
7289,160,14566,2080,5zgr_ZZ7_A_303,6,smina,0.21679738,0.71065477,2.5766637,0.20237038,0.033785488,4.9443504
7290,160,11876,1696,5fqf_NGA_A_1589,4,gnina,0.44738856,0.70945956,3.5225906,0.26040044,3.0577442e-05,4.853524
7291,160,6661,951,3w7f_FPS_A_302,4,gnina,0.65244085,0.70766786,5.1118674,0.17834479,0,6.6969536
7292,160,10422,1488,4y14_C0A_B_404,6,smina,0.45589838,0.70762588,3.5977662,0.23630048,0.83172858,6.9628152
7293,160,3108,444,1y8j_STS_A_900,0,surfdock,0.40546799,0.70277397,2.5623014,0.8360607,0.87107372,3.3909367
7294,160,10931,1561,5aew_BNL_I_462,4,gnina,0.97204982,0.70067226,5.7993817,1.682996,0.99104103,202.31083
7295,160,12522,1788,5iuy_BOG_C_503,6,smina,0.26309487,0.70000666,2.9568365,0.23690225,1.6136138e-07,4.3640239
7296,160,9170,1310,4lz7_1YW_C_804,0,surfdock,0.54020243,0.69878412,3.5451717,0.76398933,0,3.7917553
7297,160,11890,1698,5fqf_NGA_B_1586,4,gnina,0.43654029,0.69861785,3.4758084,0.23154098,3.8888974e-06,17.172556
7298,160,15623,2231,6i4b_E2N_A_603,6,smina,0.25811485,0.69746306,3.1161287,0.11296255,0,3.3019677
7299,160,10856,1550,5a7p_6Z1_B_1361,6,smina,0.25387088,0.69655713,2.8977184,0.32883254,0,3.9187856
7300,161,15644,2234,6ijn_6MZ_A_401,6,smina,0.28228543,0.72845041,2.3710892,0.54119784,0.98911803,5.5247734
7301,161,12499,1785,5ita_6DC_A_801,4,gnina,0.66050913,0.72832235,4.118629,0.91846752,0.99488663,7.2551825
7302,161,6241,891,3sli_SKD_A_760,4,gnina,0.43680655,0.72741974,3.1999321,0.18225174,0.97718353,3.6644985
7303,161,11402,1628,5dt0_SKE_A_401,6,smina,0.25138121,0.72736206,2.77578,0.081665516,0,4.4206931
7304,161,14637,2091,6a2m_UMP_B_703,0,surfdock,0.43909244,0.72634111,3.353781,0.20566347,0.97735796,3.4903549
7305,161,14630,2090,6a2m_UMP_A_703,0,surfdock,0.43909244,0.72322225,3.4000454,0.20678425,0.9910418,3.5199014
7306,161,16197,2313,6n9r_OHN_A_303,6,smina,0.29310918,0.72144998,3.0097265,0.086913317,0,6.4554413
7307,161,16204,2314,6n9r_OHN_X_305,6,smina,0.29310918,0.72082356,3.0386307,0.066736653,0,5.2607735
7308,161,4024,574,2fc0_DGP_A_239,6,smina,0.21171985,0.72062464,1.9962631,0.72373825,0,4.1618703
7309,161,14651,2093,6a2n_UMP_B_703,0,surfdock,0.43909244,0.72000704,3.3508031,0.30552164,0.97628209,3.5616251
7310,161,13537,1933,5tix_OQR_A_302,6,smina,0.29310918,0.71531022,2.8640852,0.3190904,0,2.5901011
7311,161,4591,655,2nu7_COA_B_1325,6,smina,0.21174146,0.71501039,2.3049874,0.49569058,1.9962582e-06,4.1115283
7312,161,13920,1988,5vyr_GMP_B_302,4,gnina,0.43680655,0.71142801,3.3026657,0.32069093,1.9450684e-06,3.2701963
7313,161,13544,1934,5tix_OQR_B_302,6,smina,0.29310918,0.71105823,2.8936417,0.35078162,0,2.6827052
7314,161,7536,1076,4cjw_CBJ_B_1218,4,gnina,0.44219154,0.71102853,3.6497669,0.16492265,1.2422221e-05,3.5464267
7315,161,10912,1558,5abz_Z47_B_201,6,smina,0.21294706,0.70958326,2.6989288,0.17807759,0,3.5180495
7316,161,14895,2127,6cdy_EY1_A_501,6,smina,0.29310918,0.70822332,2.8166323,0.4692404,0,3.6565794
7317,161,14902,2128,6cdy_EY1_B_501,6,smina,0.29310918,0.70822332,2.8166323,0.4692404,0,6.6124605
7318,161,4071,581,2fkm_G16_X_464,4,gnina,0.43680702,0.70761298,3.2543666,0.52409267,7.0294861e-06,3.399908
7319,161,7524,1074,4cjw_CBJ_A_1216,6,smina,0.16269277,0.70544024,2.8145447,0.079349361,0,3.5303198
7320,161,15978,2282,6l86_MLT_A_303,4,gnina,0.43472302,0.70472753,3.2179916,0.27573875,0.0060030823,3.8318384
7321,161,1399,199,1kdo_C_B_6407,6,smina,0.31206827,0.70305943,3.197417,0.24877043,0,4.8356442
7322,161,1021,145,1hsb_ALA_C_1,6,smina,0.21174146,0.70270774,2.6290169,0.33269051,0,2.810108
7323,161,8939,1277,4kfj_1R0_A_202,0,surfdock,0.48239563,0.702647,3.5280819,0.50241357,0,4.4056958
7324,161,11059,1579,5bkd_RCF_B_503,6,smina,0.26707482,0.70249008,2.5602269,0.68543005,0,3.2004716
7325,161,6251,893,3sru_Q26_X_169,0,surfdock,0.54047456,0.70038363,4.0089221,0.33422855,0,4.4777316
7326,161,4577,653,2ntk_IMP_D_208,6,smina,0.29310918,0.70000046,3.1627624,0.24619918,0,7.818897
7327,161,4444,634,2j51_DKI_A_1314,6,smina,0.41560566,0.69929527,3.0245371,0.53579611,0,5.7477594
7328,161,7490,1070,4cjs_L0Y_A_1217,0,surfdock,0.54047456,0.69805044,3.9028676,0.48223984,0,4.4605303
7329,161,7497,1071,4cjs_L0Y_B_1217,0,surfdock,0.54047456,0.69805044,3.9028676,0.48223984,0.98314179,4.4628124
7330,161,11074,1582,5c4i_TPP_C_402,0,surfdock,0.54047456,0.69713961,3.8993587,0.50224209,0.10518923,4.8035628
7331,161,7090,1012,4a7a_RGZ_B_601,6,smina,0.25484313,0.69364372,3.0473087,0.3187677,5.1278685e-06,3.5192954
7332,161,7083,1011,4a7a_RGZ_A_601,6,smina,0.25360224,0.69293,3.0473087,0.3187677,5.6383404e-07,3.4520593
7333,161,27,3,1a49_OXL_F_4133,6,smina,0.28117689,0.6926773,3.1492169,0.27126467,2.3377895e-05,0.71893951
7334,161,13,1,1a49_OXL_A_533,6,smina,0.27870779,0.69199005,3.1686134,0.25562811,4.3796092e-05,0.74133918
7335,161,4598,656,2nu7_COA_E_1025,6,smina,0.21644466,0.69190546,2.8311179,0.30628344,6.0176115e-11,5.7055218
7336,161,12230,1747,5hgz_MLA_A_302,1,unimol,0.77866913,0.69130785,5.7256007,1.3244681,0.95220147,22.58
7337,161,15117,2159,6f3s_CKW_A_902,4,gnina,0.66666295,0.69099467,5.3002028,0.80250382,0.54046421,7.0966508
7338,161,2918,416,1w78_PD8_A_1421,6,smina,0.29310918,0.69068711,2.9888589,0.56485969,0,5.9703681
7339,161,5730,818,2yjd_YJD_A_1498,4,gnina,0.59786654,0.69058646,4.4471869,0.21453756,0.001734402,5.9974226
7340,161,6999,999,3zr0_8OG_A_1157,6,smina,0.36824086,0.68985828,3.2769954,0.38506955,5.5442939e-08,4.0858662
7341,161,10303,1471,4x3j_3WR_A_1201,6,smina,0.46730688,0.68972012,3.8514338,0.37771764,0,5.3585123
7342,161,20,2,1a49_OXL_D_2333,6,smina,0.25368314,0.68957208,3.1633072,0.25990543,2.9561683e-05,0.70891272
7343,161,11493,1641,5edh_5MF_B_803,6,smina,0.29310918,0.6892017,3.1938238,0.38352722,0,6.8937866
7344,161,12536,1790,5ivg_FPS_C_704,6,smina,0.29310918,0.68919272,3.1696675,0.4078272,0,5.5742391
7345,161,3835,547,2dv0_ZST_A_600,6,smina,0.29310918,0.68798846,3.1795321,0.41723391,0,6.3994189
7346,161,11500,1642,5edh_5MF_D_803,6,smina,0.29310918,0.68781114,3.2074668,0.3921454,0,4.7904032
7347,161,4143,591,2fz8_ZST_A_600,6,smina,0.29310918,0.6876551,3.1896889,0.41243026,0,6.374454
7348,161,7018,1002,3zwt_KFZ_A_1401,4,gnina,0.50760517,0.68751361,4.2470202,0.22077851,5.3647083e-07,3.5655027
7349,161,12543,1791,5ivg_FPS_D_704,6,smina,0.29310918,0.68723492,3.1716194,0.43725741,0,6.2550744
7350,162,15999,2285,6l8a_BAL_E_503,4,gnina,0.43663737,0.76925229,2.5731294,0.16749901,0.53487891,8.0506256
7351,162,10233,1461,4wua_3UL_A_701,6,smina,0.25058116,0.72494208,2.4024792,0.32892945,0,4.3577074
7352,162,3114,444,1y8j_STS_A_900,6,smina,0.19075157,0.72206276,2.0894847,0.43427002,0,3.0142857
7353,162,6990,998,3zp7_PRE_A_1118,4,gnina,0.43659362,0.7199436,3.151104,0.15741745,0.96707904,4.1647626
7354,162,2407,343,1sff_IK2_B_450,6,smina,0.2897707,0.71188196,2.7903337,0.26912987,0,6.716205
7355,162,7258,1036,4aw0_MJF_A_600,6,smina,0.20902013,0.70909772,2.3435071,0.37785837,0,8.7946503
7356,162,1054,150,1ij8_BNI_A_501,4,gnina,0.52613705,0.70647418,3.6512375,0.29543698,0.0017244195,6.6766604
7357,162,15371,2195,6fs7_E4Z_E_903,6,smina,0.2897707,0.70294703,3.1124628,0.080703259,0,4.3392074
7358,162,15350,2192,6fs7_E4Z_B_903,6,smina,0.2897707,0.70170541,3.1573725,0.054778647,0,4.3481786
7359,162,1056,150,1ij8_BNI_A_501,6,smina,0.25455774,0.70017559,2.8813484,0.22714779,0,6.7968842
7360,162,1063,151,1ij8_BNI_B_502,6,smina,0.25205858,0.69999515,2.8813484,0.22714779,0,5.9321551
7361,162,4771,681,2prg_BRL_B_2,4,gnina,0.55878988,0.69902205,3.7532187,0.53363222,0.48127914,5.3691954
7362,162,10520,1502,4z69_DIF_A_1008,6,smina,0.28816498,0.69765782,2.9598129,0.24174052,0,3.5987774
7363,162,3856,550,2e56_MYR_A_501,6,smina,0.23591967,0.69688614,2.5603342,0.53787094,1.476801e-08,4.6607215
7364,162,6978,996,3zks_WZV_A_1398,6,smina,0.25095974,0.69585514,2.6470029,0.5107007,0,7.0628787
7365,162,15169,2167,6f76_CVK_C_203,0,surfdock,0.54030214,0.69442562,2.7712648,1.4918851,0.98460263,4.0931243
7366,162,12844,1834,5kjz_PCG_A_401,6,smina,0.24765152,0.69328878,2.9344738,0.23645036,0,3.2763974
7367,162,11970,1710,5g0v_JDD_B_1271,0,surfdock,0.54030214,0.6932289,4.0014954,0.28387335,2.0925589e-10,4.3098058
7368,162,15162,2166,6f76_CVK_B_203,0,surfdock,0.54030214,0.69322509,2.7890403,1.4963984,0.48931418,4.0262364
7369,162,17303,2471,6u6c_P1T_D_505,6,smina,0.30719126,0.69318507,3.2133439,0.20649466,0,3.7836783
7370,162,17310,2472,6u6c_P1T_H_504,6,smina,0.2983474,0.69248374,3.2133439,0.20649466,0,4.7618404
7371,162,15155,2165,6f76_CVK_A_203,0,surfdock,0.54030214,0.69242524,2.8009393,1.4994147,0,4.0684282
7372,162,5529,789,2wzv_FMN_B_801,6,smina,0.44711559,0.69190359,3.4276888,0.54695284,0,8.5593286
7373,162,17427,2489,6vmz_R3P_E_403,4,gnina,0.43659362,0.69188619,3.5816071,0.2590057,0,4.8177553
7374,162,17420,2488,6vmz_R3P_C_404,4,gnina,0.43659362,0.69180165,3.5816071,0.2590057,0,4.5137176
7375,162,14125,2017,5x5d_UMP_D_401,6,smina,0.2897707,0.68908652,3.3401058,0.070853598,0,2.7632114
7376,162,14825,2117,6btn_E8M_A_304,6,smina,0.2897707,0.68901263,2.7485478,0.66360772,0,5.1005331
7377,162,15364,2194,6fs7_E4Z_D_903,6,smina,0.22133729,0.68837451,3.1226265,0.088420413,0,5.0413044
7378,162,7405,1057,4bz6_SHH_A_700,6,smina,0.24820773,0.68765631,3.0326147,0.23172463,0.48393553,4.4258786
7379,162,17413,2487,6vmz_R3P_A_404,4,gnina,0.43659362,0.68732096,3.5816071,0.2590057,0.94672091,10.540711
7380,162,15357,2193,6fs7_E4Z_C_903,6,smina,0.22745351,0.68731185,3.2103097,0.024384901,0,4.1130929
7381,162,16267,2323,6nga_KL7_A_803,6,smina,0.2897707,0.68593154,3.0291531,0.43323463,0,4.9675534
7382,162,4787,683,2prl_R2C_A_400,6,smina,0.2811372,0.68572628,3.1030128,0.27416846,0,5.0099016
7383,162,16664,2380,6qdb_HWQ_A_1002,4,gnina,0.43659362,0.68499799,3.6423442,0.23908252,4.5346732e-07,4.6744953
7384,162,11976,1710,5g0v_JDD_B_1271,6,smina,0.21498859,0.68468758,3.0930538,0.08332739,3.346712e-05,7.0869816
7385,162,13894,1984,5vv5_9OJ_A_803,6,smina,0.28056364,0.68450369,3.3626759,0.031471942,3.9064046e-15,4.845485
7386,162,8084,1154,4ejh_0QA_A_502,6,smina,0.39545229,0.68281291,3.1880381,0.45682639,0,2.5583294
7387,162,15686,2240,6jc7_F0G_C_601,6,smina,0.30463271,0.68278503,3.3548539,0.23501326,8.5592851e-08,5.4796883
7388,162,15173,2167,6f76_CVK_C_203,4,gnina,0.43447943,0.68197396,2.8745136,0.90407264,0,7.0498338
7389,162,14118,2016,5x5d_UMP_C_401,6,smina,0.25392067,0.68083924,3.3401058,0.070853598,0,3.2361968
7390,162,15378,2196,6fs7_E4Z_F_903,6,smina,0.21498859,0.6804324,3.2080395,0.035379149,0,6.1511992
7391,162,3107,443,1y5x_E89_D_1500,6,smina,0.2897707,0.6803938,3.0997508,0.45464224,0,4.8449088
7392,162,15166,2166,6f76_CVK_B_203,4,gnina,0.43447943,0.68033504,2.893379,0.91388613,2.4457992e-09,5.821548
7393,162,7287,1041,4b98_PXG_C_470,0,surfdock,0.54030214,0.68018313,3.8406906,0.69455391,0,4.3627894
7394,162,7294,1042,4b98_PXG_D_470,0,surfdock,0.54030214,0.68018313,3.8406906,0.69455391,0.99305579,4.3619536
7395,162,7280,1040,4b98_PXG_B_470,0,surfdock,0.54030214,0.68018286,3.8336868,0.70156324,0,6.2248244
7396,162,4788,684,2pt6_S4M_A_501,0,surfdock,0.54030214,0.67994519,4.1199856,0.41995049,0,4.3588629
7397,162,11724,1674,5faj_DCS_D_401,6,smina,0.25169033,0.67968336,3.1250122,0.30205008,0.98276286,3.9019619
7398,162,13873,1981,5vuu_9OJ_A_805,6,smina,0.28975125,0.67967719,3.0794117,0.41718784,6.8467562e-10,5.5378236
7399,162,3100,442,1y5x_E89_A_500,6,smina,0.2897707,0.67917042,3.1180031,0.4570199,0,5.2757034
7400,163,7741,1105,4d06_NAR_C_301,6,smina,0.21307811,0.73365699,2.3683329,0.086264841,0,3.8147001
7401,163,7748,1106,4d06_NAR_E_301,6,smina,0.21307811,0.73066217,2.3932769,0.099959902,0,2.7524703
7402,163,2442,348,1sqk_LAR_A_378,6,smina,0.20699328,0.7155618,2.486763,0.12037636,0,3.5396927
7403,163,13202,1886,5o3f_9HT_A_501,0,surfdock,0.53950515,0.70915026,3.3278055,0.59757048,0,4.3465242
7404,163,1133,161,1iwe_IMP_B_1443,6,smina,0.24792446,0.7012854,2.7775009,0.25786781,0,3.614499
7405,163,12767,1823,5jtu_6NE_A_902,6,smina,0.28718339,0.69765668,2.9522285,0.27167624,0.99643267,3.8033121
7406,163,9258,1322,4mol_2FG_C_703,4,gnina,0.4594914,0.69485119,3.7624352,0.1270742,0.090086444,73.077993
7407,163,9265,1323,4mol_2FG_D_802,4,gnina,0.45920327,0.69476704,3.7624352,0.1270742,0.23393983,6.8153479
7408,163,6236,890,3sjh_LAR_A_503,6,smina,0.28718339,0.69146797,2.7871597,0.53515381,0,3.3289194
7409,163,13195,1885,5o3d_9J5_A_501,0,surfdock,0.53950515,0.68780901,3.554538,0.75995469,0.9679773,4.2287389
7410,163,12445,1777,5ijz_AKG_D_502,6,smina,0.21307811,0.68699316,2.6873772,0.42793944,0.00075522284,1.4844275
7411,163,4795,685,2pt6_S4M_B_502,0,surfdock,0.53950515,0.68591232,4.1828098,0.16803309,0,5.8572961
7412,163,12424,1774,5ijz_AKG_A_502,6,smina,0.21307811,0.6851431,2.7108605,0.43346637,0.023286878,1.8460064
7413,163,15119,2159,6f3s_CKW_A_902,6,smina,0.28514282,0.68494779,3.173332,0.18325621,0,3.9142038
7414,163,6521,931,3vc3_C6P_E_501,4,gnina,0.64753045,0.68459054,5.096787,0.47953644,0.14070435,8.4492013
7415,163,4099,585,2fr6_URI_B_1002,4,gnina,0.43581121,0.68446218,3.3727257,0.45498034,0.99320035,3.5808626
7416,163,12431,1775,5ijz_AKG_B_502,6,smina,0.21307811,0.68429605,2.7204237,0.43726364,0.012043709,2.3457317
7417,163,14076,2010,5x23_LSN_A_503,6,smina,0.28718339,0.68387469,2.807934,0.63879222,0,9.1167897
7418,163,12438,1776,5ijz_AKG_C_502,6,smina,0.21307811,0.68385366,2.7252464,0.4394384,0,2.0400196
7419,163,6166,880,3roe_THM_F_265,6,smina,0.22950642,0.68381664,3.0607185,0.20219016,0,2.4774311
7420,163,12452,1778,5ijz_AKG_H_502,6,smina,0.21307811,0.68339903,2.7300966,0.44179443,0,1.283537
7421,163,14207,2029,5xj7_87O_A_309,4,gnina,0.63876835,0.68306321,4.8049645,0.68873698,0.85377942,6.8989222
7422,163,16125,2303,6mpa_NAG_B_502,4,gnina,0.43607536,0.67956838,3.4564943,0.62546873,7.807765e-05,3.0166562
7423,163,17325,2475,6uqd_QF4_A_501,0,surfdock,0.53950515,0.67898594,4.4198837,0.066302188,0,4.6175255
7424,163,15588,2226,6hpx_GKQ_A_205,6,smina,0.24507609,0.67581085,3.2678897,0.15133619,0,6.6322214
7425,163,3133,447,1yw9_A84_A_482,4,gnina,0.48885356,0.67461728,4.1559963,0.2245312,0.95440083,7.0153512
7426,163,9979,1425,4uc9_ASP_A_1300,4,gnina,0.43581122,0.67391542,3.5273046,0.58149701,6.0201099e-08,4.2354153
7427,163,11113,1587,5c8w_PCG_D_302,4,gnina,0.43597217,0.67368809,3.8143368,0.36999395,0.99516523,3.729611
7428,163,4494,642,2ji6_TPW_B_1566,0,surfdock,0.53950515,0.67314895,3.910671,0.69283003,0,4.8316653
7429,163,15469,2209,6gxk_FFW_B_402,6,smina,0.24816325,0.6729695,3.0344965,0.45939386,0,4.4664419
7430,163,12011,1715,5g4r_LF1_A_1739,6,smina,0.30663232,0.67279318,3.6053782,0.10443611,0,4.5517153
7431,163,15663,2237,6j4t_IMP_A_401,4,gnina,0.38942825,0.67231255,3.3925278,0.35311493,0,5.071452
7432,163,13552,1936,5tm5_7EV_B_601,0,surfdock,0.53950515,0.6719533,3.6685057,0.9594031,0,4.2876879
7433,163,6138,876,3roe_THM_A_265,6,smina,0.21071192,0.67192328,3.0642776,0.19997652,0,1.8755474
7434,163,3149,449,1z4k_T3P_A_4341,6,smina,0.2480292,0.67171311,3.0885289,0.42388511,0,2.5454633
7435,163,14657,2093,6a2n_UMP_B_703,6,smina,0.25798929,0.67156389,3.3412912,0.19158801,0,2.8174872
7436,163,4487,641,2ji6_TPW_A_1566,0,surfdock,0.53950515,0.67108136,3.9263401,0.71945119,0,4.530183
7437,163,8098,1156,4ejh_0QA_F_502,6,smina,0.28718339,0.67080681,2.8584824,0.81233054,0,2.2462963
7438,163,15462,2208,6gxk_FFW_A_402,6,smina,0.2478719,0.66981421,3.0472171,0.49491546,0,4.3586229
7439,163,12415,1773,5ihe_D5M_B_701,4,gnina,0.45047517,0.66976382,4.131268,0.21233852,0.00025643383,7.4137502
7440,163,8679,1239,4i9n_1E5_H_402,6,smina,0.28722918,0.66910634,3.0480855,0.70923841,0,3.1369938
7441,163,12018,1716,5g4r_LF1_B_1739,6,smina,0.28718339,0.66860798,3.6053782,0.10443611,0,4.5539514
7442,163,7735,1105,4d06_NAR_C_301,0,surfdock,0.53950515,0.66798675,4.0824795,0.62734544,0,3.5536592
7443,163,10408,1486,4xzh_48I_B_402,6,smina,0.24845212,0.66786692,3.4089291,0.17607002,0,8.0458665
7444,163,10401,1485,4xzh_48I_A_402,6,smina,0.24851471,0.66733703,3.423764,0.17352487,0,5.5123582
7445,163,14685,2097,6ald_2FP_A_700,6,smina,0.28718339,0.6663429,2.678812,1.0715846,0,4.4303482
7446,163,14692,2098,6ald_2FP_B_700,6,smina,0.28718339,0.6663429,2.678812,1.0715846,1.7238832e-05,4.0655429
7447,163,7742,1106,4d06_NAR_E_301,0,surfdock,0.53950515,0.66600758,4.1005125,0.65073431,0.99419914,3.5008715
7448,163,11106,1586,5c8w_PCG_B_303,4,gnina,0.43581121,0.66494859,3.8418853,0.34772387,0.99425099,3.6083582
7449,163,8747,1249,4itu_1HS_A_302,4,gnina,0.43581135,0.66373158,3.6499708,0.68119645,0,2.7460983
7450,164,12765,1823,5jtu_6NE_A_902,4,gnina,0.81073018,0.77810422,5.0102282,0.66252208,0.99640524,5.2754325
7451,164,10996,1570,5awd_IDQ_A_901,6,smina,0.28438759,0.7497102,2.6280892,0.29055521,0,7.5731481
7452,164,3115,445,1yee_PNB_H_551,0,surfdock,0.53810376,0.7496422,3.4744442,0.23443636,0.98948095,3.9869009
7453,164,15161,2165,6f76_CVK_A_203,6,smina,0.28438833,0.74214406,2.8457334,0.21643776,0,5.4757962
7454,164,15175,2167,6f76_CVK_C_203,6,smina,0.24528075,0.73800341,2.8470287,0.15382409,0,5.4275164
7455,164,4766,680,2prg_BRL_A_1,6,smina,0.2444908,0.73536978,2.7101943,0.32048893,0,7.7899296
7456,164,15168,2166,6f76_CVK_B_203,6,smina,0.2135665,0.73259087,2.8421793,0.18742284,0,5.3863675
7457,164,4773,681,2prg_BRL_B_2,6,smina,0.24876452,0.72922413,2.7538106,0.37250555,0,6.0965399
7458,164,14433,2061,5ybq_8T0_A_303,6,smina,0.29669443,0.72517087,3.0256388,0.31392679,0,3.3864522
7459,164,11981,1711,5g21_YN4_A_1002,4,gnina,0.64847291,0.71836402,5.0496655,0.21008047,0.89426831,9.2635589
7460,164,14643,2091,6a2m_UMP_B_703,6,smina,0.25594541,0.71220566,2.9995041,0.36379582,0,2.9733769
7461,164,17758,2536,7est_0Z2_E_1,6,smina,0.44116486,0.71197008,3.6322258,0.37399283,0,7.8524581
7462,164,3135,447,1yw9_A84_A_482,6,smina,0.55320636,0.71158966,3.0299003,1.3511419,0,8.2798553
7463,164,12501,1785,5ita_6DC_A_801,6,smina,0.46962905,0.71156382,3.6788752,0.37963405,0,8.7782151
7464,164,9043,1291,4l7p_M95_A_601,6,smina,0.24448468,0.70896731,2.9083493,0.47736681,0,4.4819504
7465,164,16673,2381,6qdb_HWQ_A_1003,6,smina,0.24553753,0.70711206,2.9834425,0.43673214,0,3.422138
7466,164,14636,2090,6a2m_UMP_A_703,6,smina,0.25856294,0.70694939,3.0847569,0.3589004,0,2.8620493
7467,164,14431,2061,5ybq_8T0_A_303,4,gnina,0.64341746,0.70618352,4.9157968,0.53327304,0.98904324,5.3887753
7468,164,6768,966,3wgc_PLG_D_401,6,smina,0.24484156,0.70494079,3.1816432,0.26460254,6.0492355e-08,4.5658683
7469,164,6761,965,3wgc_PLG_B_401,6,smina,0.27257314,0.70301995,3.2673256,0.25235626,1.2689565e-05,6.6381208
7470,164,11444,1634,5dzh_5KG_A_900,6,smina,0.27723499,0.70282929,3.1056254,0.42357662,0,3.4768287
7471,164,9372,1338,4n5p_2H0_E_412,6,smina,0.26316891,0.70278209,2.9350672,0.57338649,0,7.4933828
7472,164,16183,2311,6n0z_DP6_E_401,6,smina,0.42762281,0.70235139,3.1991909,0.53096908,0.24550605,4.2485632
7473,164,9295,1327,4mpr_TPP_A_602,6,smina,0.28438833,0.70074204,3.0341079,0.60330158,0.83147879,9.4107674
7474,164,3689,527,2c6q_IMP_A_1337,0,surfdock,0.53810376,0.70051459,3.6131318,0.87610221,0.95838321,3.8342806
7475,164,3696,528,2c6q_IMP_B_1339,0,surfdock,0.53810376,0.70051459,3.6131318,0.87610221,0,3.8397259
7476,164,3703,529,2c6q_IMP_C_1337,0,surfdock,0.53810376,0.70051459,3.6131318,0.87610221,0.99548347,3.7831181
7477,164,3710,530,2c6q_IMP_D_1337,0,surfdock,0.53810376,0.70051459,3.6131318,0.87610221,0.95736072,3.9253672
7478,165,734,104,1h0v_UN4_A_1299,6,smina,0.28375298,0.75401976,1.9927109,0.9289602,1.0691243e-08,2.1174041
7479,165,3707,529,2c6q_IMP_C_1337,4,gnina,0.67048328,0.74406432,4.2055068,0.9493863,2.8661999e-05,10.334157
7480,165,12446,1778,5ijz_AKG_H_502,0,surfdock,0.57454974,0.7412816,3.4405479,0.47959924,0,2.5232767
7481,165,12432,1776,5ijz_AKG_C_502,0,surfdock,0.57454974,0.74119802,3.4380791,0.48332611,0,2.6837369
7482,165,12425,1775,5ijz_AKG_B_502,0,surfdock,0.57150243,0.74043928,3.4356365,0.48728442,0,2.7554986
7483,165,12418,1774,5ijz_AKG_A_502,0,surfdock,0.56865935,0.74001297,3.4308331,0.49587041,0,2.6673436
7484,165,12439,1777,5ijz_AKG_D_502,0,surfdock,0.57435861,0.7396564,3.3933747,0.54666305,0.99187262,2.6546177
7485,165,3709,529,2c6q_IMP_C_1337,6,smina,0.30444736,0.732817,2.9006393,0.3528347,0,3.5072206
7486,165,3695,527,2c6q_IMP_A_1337,6,smina,0.29618384,0.73197522,2.9006393,0.3528347,0,3.5069571
7487,165,3716,530,2c6q_IMP_D_1337,6,smina,0.29595612,0.73188169,2.9006393,0.3528347,0,5.2844321
7488,165,3702,528,2c6q_IMP_B_1339,6,smina,0.28375298,0.72809367,2.9006393,0.3528347,0,5.4236902
7489,165,3492,498,2ajx_TGN_L_501,6,smina,0.28053871,0.72330338,2.54862,0.70449382,0,5.3812253
7490,165,3693,527,2c6q_IMP_A_1337,4,gnina,0.64954278,0.72310029,4.2055068,0.9493863,0.93292619,10.264015
7491,165,3714,530,2c6q_IMP_D_1337,4,gnina,0.64896566,0.72270324,4.2055068,0.9493863,0.92395518,13.224582
7492,165,8665,1237,4i9n_1E5_C_402,6,smina,0.27502847,0.72038052,3.0537393,0.23033452,0,3.4182491
7493,165,4402,628,2ixi_TYD_B_1182,6,smina,0.24392804,0.71306372,2.9195588,0.43644053,0,5.1143062
7494,165,3723,531,2c6q_IMP_E_1337,6,smina,0.2101675,0.71270779,2.9006393,0.3528347,0,3.3781443
7495,165,3730,532,2c6q_IMP_G_1338,6,smina,0.2101675,0.71270779,2.9006393,0.3528347,0,3.3120282
7496,165,3737,533,2c6q_IMP_H_1337,6,smina,0.2101675,0.71270779,2.9006393,0.3528347,0,4.4372707
7497,165,2083,297,1p7l_PPK_D_884,4,gnina,0.43724922,0.71079449,3.4877653,0.49989632,0.0035126094,5.3895675
7498,165,732,104,1h0v_UN4_A_1299,4,gnina,0.48951503,0.70724565,2.7694149,1.440617,0.97385433,2.4287675
7499,165,1232,176,1j3k_WRA_B_709,0,surfdock,0.53860992,0.70566252,4.0217328,0.37613788,0.98990463,4.0548766
7500,165,5424,774,2w7k_PLP_A_501,6,smina,0.22865669,0.70372967,3.1674042,0.29041487,4.3136047e-05,7.313946
7501,165,1225,175,1j3k_WRA_A_609,0,surfdock,0.53778203,0.70153534,4.0217328,0.37613788,0.97624103,4.1311499
7502,165,13199,1885,5o3d_9J5_A_501,4,gnina,0.65495794,0.69841266,5.23809,0.46465239,0.94692149,5.1390644
7503,165,1204,172,1j3i_WRA_A_609,0,surfdock,0.53860992,0.69558563,4.1186285,0.4559148,0,3.989063
7504,165,1211,173,1j3i_WRA_B_709,0,surfdock,0.53860992,0.69462651,4.1315856,0.46017411,0.97842315,3.9564379
7505,165,13859,1979,5vut_9OG_A_803,6,smina,0.23848931,0.69319283,3.0553806,0.57419169,0,5.167359
7506,165,13866,1980,5vut_9OG_B_803,6,smina,0.28375298,0.69269403,3.1264999,0.64157671,0,4.8411301
7507,165,3717,531,2c6q_IMP_E_1337,0,surfdock,0.53860992,0.69206266,4.0370202,0.6011163,0.52824311,3.8296305
7508,165,3724,532,2c6q_IMP_G_1338,0,surfdock,0.53860992,0.69206266,4.0370202,0.6011163,0.99621839,3.9007411
7509,165,3731,533,2c6q_IMP_H_1337,0,surfdock,0.53860992,0.69206266,4.0370202,0.6011163,0,3.9403654
7510,165,3322,474,1zpd_CIT_A_610,4,gnina,0.49581098,0.69091968,4.2603602,0.30400348,0.079467393,6.4221768
7511,165,16890,2412,6rgg_K3Q_A_403,6,smina,0.28375256,0.69037563,3.229831,0.51946205,1.8063713e-06,4.4076266
7512,165,3854,550,2e56_MYR_A_501,4,gnina,0.47267249,0.68908363,4.2877011,0.16331618,5.1003655e-05,3.6686693
7513,165,13794,1970,5urz_BOG_B_201,4,gnina,0.48310082,0.68698178,4.2157321,0.28617877,0.14810985,4.7393899
7514,165,2848,406,1vzu_UDP_A_1371,6,smina,0.28375298,0.68698084,3.3724167,0.48625144,0,6.5050975
7515,165,11087,1583,5c4i_TPP_F_402,6,smina,0.26526146,0.68691081,3.1490405,0.6169166,0.99580665,5.8300879
7516,165,8677,1239,4i9n_1E5_H_402,4,gnina,0.55755666,0.68633953,4.6089163,0.21738653,8.9851661e-09,9.4344582
7517,165,6509,929,3vc3_C6P_C_501,6,smina,0.28375298,0.68566205,3.7596388,0.12026246,0.99649901,5.1997505
7518,165,11080,1582,5c4i_TPP_C_402,6,smina,0.26855124,0.68555988,3.1756268,0.61736321,0.99666659,8.667355
7519,165,13880,1982,5vuu_9OJ_B_803,6,smina,0.23872921,0.6853542,3.6659899,0.086584613,4.1056667e-09,4.6223086
7520,165,7846,1120,4d6z_PK9_A_1600,6,smina,0.20393894,0.6850726,3.258229,0.32288772,3.4985896e-07,6.0672643
7521,165,14903,2129,6cgc_F0A_A_402,0,surfdock,0.53860992,0.68467522,4.608511,0.16618076,0.72459197,4.8100504
7522,165,9293,1327,4mpr_TPP_A_602,4,gnina,0.80154792,0.6843686,5.5548344,2.0068023,0.066398459,8.4519269
7523,165,14223,2031,5xmq_PLG_B_501,6,smina,0.28374907,0.68372017,3.4895723,0.36404094,0.98007759,4.8560931
7524,165,16482,2354,6ooi_PGA_G_301,4,gnina,0.44031598,0.68368776,3.5339315,0.95060539,0.97590874,5.6318671
7525,165,6495,927,3vc3_C6P_A_501,6,smina,0.28375298,0.68364807,3.818289,0.094276614,0.63976275,4.7013314
7526,165,6516,930,3vc3_C6P_D_501,6,smina,0.28375298,0.68364807,3.818289,0.094276614,0.58070389,4.5140557
7527,165,14655,2093,6a2n_UMP_B_703,4,gnina,0.50948977,0.68263358,4.4294419,0.29297897,0.98224664,4.7746679
7528,166,14221,2031,5xmq_PLG_B_501,4,gnina,0.81105945,0.81994977,5.2054696,0.2059055,0.98032854,5.6334016
7529,166,16951,2421,6rq3_OUC_A_401,4,gnina,0.43625762,0.7812855,3.4542439,0.067400806,7.8062697e-06,4.3147429
7530,166,1236,176,1j3k_WRA_B_709,4,gnina,0.66795759,0.7588398,4.7413735,0.55535251,0.054633894,6.1899319
7531,166,10758,1536,4zvv_GN0_C_403,6,smina,0.28379855,0.75564532,3.1444376,0.28245008,0,6.4460268
7532,166,10751,1535,4zvv_GN0_B_404,6,smina,0.2641952,0.74772063,3.1702678,0.28319129,0,6.6909345
7533,166,10744,1534,4zvv_GN0_A_405,6,smina,0.22478842,0.73904372,3.2206306,0.29461417,0,6.3010104
7534,166,17500,2500,6xeb_V1P_A_411,0,surfdock,0.53825621,0.73831892,3.6733091,0.67124456,0,4.4025306
7535,166,1215,173,1j3i_WRA_B_709,4,gnina,0.66147112,0.7378023,4.9531879,0.46381044,0.35374769,6.7819969
7536,166,7501,1071,4cjs_L0Y_B_1217,4,gnina,0.66413691,0.73754726,5.1393905,0.32167307,0.00065909587,10.435569
7537,166,1229,175,1j3k_WRA_A_609,4,gnina,0.64784157,0.73646333,4.7413735,0.55535251,0.97867757,6.8221324
7538,166,7468,1066,4can_M7K_B_800,6,smina,0.20422181,0.7353608,3.2809772,0.15521884,0,4.1645538
7539,166,13803,1971,5ut1_7DZ_A_905,6,smina,0.28379855,0.73314318,2.9551773,0.74886662,0,3.0835812
7540,166,7461,1065,4can_M7K_A_800,6,smina,0.20422181,0.73000676,3.3349247,0.16567913,0,3.6434503
7541,166,6507,929,3vc3_C6P_C_501,4,gnina,0.81099219,0.72122614,6.7396874,0.55121303,0.94894499,8.1998613
7542,166,13558,1936,5tm5_7EV_B_601,6,smina,0.28379855,0.72089975,3.2774227,0.58844173,0,3.6290321
7543,166,13801,1971,5ut1_7DZ_A_905,4,gnina,0.48906789,0.72077616,3.7274845,0.74706471,1.608975e-08,3.1642951
7544,166,3119,445,1yee_PNB_H_551,4,gnina,0.66771823,0.71786175,5.1537118,0.88170832,0.16173101,5.5081153
7545,166,15306,2186,6flu_DTK_B_402,4,gnina,0.4807451,0.71462357,4.4479179,0.070837155,0.061509909,3.9756417
7546,166,10609,1515,4zhd_4OZ_B_202,4,gnina,0.43615782,0.71445859,4.1161151,0.28547856,0.017091423,4.5692445
7547,166,13969,1995,5w5t_9X7_D_508,4,gnina,0.43609101,0.71284858,4.0024028,0.42102119,0.0020690356,63.152983
7548,166,7711,1101,4cvb_PQQ_A_1608,4,gnina,0.43600748,0.71260998,3.8370807,0.52832109,0.98932721,4.1767554
7549,166,17255,2465,6tot_NRK_A_401,0,surfdock,0.53825621,0.71236234,4.3313661,0.41124201,0,4.6962485
7550,166,7300,1042,4b98_PXG_D_470,6,smina,0.30211986,0.712235,3.4383867,0.60591906,0,7.7632986
7551,166,13962,1994,5w5t_9X7_A_506,4,gnina,0.43602133,0.71223276,4.0024028,0.42102119,0,259.14313
7552,166,17262,2466,6tot_NRK_B_401,0,surfdock,0.53825621,0.71205536,4.3452907,0.40228751,8.9394841e-07,4.7003205
7553,166,340,48,1duc_DUD_A_201,4,gnina,0.40762318,0.71164339,3.7919588,0.30373394,0.042842225,4.1980608
7554,166,1238,176,1j3k_WRA_B_709,6,smina,0.30143403,0.7114249,3.8116658,0.24287957,0.05307699,7.4987744
7555,166,6173,881,3rsc_TYD_A_397,6,smina,0.28379855,0.71124571,3.6569622,0.34243545,0,5.0815933
7556,166,5436,776,2wd2_MS5_A_1263,4,gnina,0.48778537,0.70825273,4.487093,0.1372589,0.58799277,4.9187597
7557,166,7293,1041,4b98_PXG_C_470,6,smina,0.28379855,0.70808508,3.4383867,0.60591906,0,8.8663637
7558,166,10616,1516,4zhd_4OZ_C_202,4,gnina,0.43613736,0.70722984,4.0793443,0.43227899,5.2323397e-07,4.3123367
7559,166,4011,573,2f7x_4EA_E_351,0,surfdock,0.57483745,0.70714945,4.7311759,0.18123356,0.97317141,4.3032171
7560,166,15691,2241,6jc7_F0G_D_601,4,gnina,0.66480107,0.70650492,5.7096729,0.49492714,4.752329e-06,7.6880615
7561,166,2792,398,1v5g_HTL_A_1602,6,smina,0.25833961,0.70580072,3.6194077,0.37729758,0,14.138432
7562,166,7286,1040,4b98_PXG_B_470,6,smina,0.28379855,0.7044421,3.4660842,0.63073587,0,5.8318526
7563,166,9246,1320,4mju_27S_A_501,6,smina,0.23321197,0.70313577,3.1936319,0.80841208,0.00017287432,4.3475016
7564,166,3490,498,2ajx_TGN_L_501,4,gnina,0.43619931,0.70228763,3.9992111,0.59746474,0.93081373,3.9239026
7565,166,5508,786,2wu4_HBP_B_1545,6,smina,0.24286884,0.70145895,3.741956,0.29859725,0,7.8330434
7566,166,15299,2185,6flu_DTK_B_401,4,gnina,0.45301826,0.70126423,4.546845,0.14150843,3.7667334e-07,3.5509825
7567,166,16034,2290,6lx5_C5F_A_502,4,gnina,0.40133875,0.70117619,3.59126,0.63481295,0,3.0483064
7568,166,6458,922,3v7u_MTA_A_301,4,gnina,0.43454236,0.70018599,3.9364398,0.47459355,0.18004913,3.5624839
7569,166,14151,2021,5x86_TMP_A_205,4,gnina,0.43600748,0.6994497,4.0687547,0.42101407,0,4.4380964
7570,166,16237,2319,6ncx_ADA_C_601,4,gnina,0.43622107,0.69763225,4.0845623,0.588727,0.00094015983,7.0166567
7571,166,5438,776,2wd2_MS5_A_1263,6,smina,0.23224635,0.69581048,3.745753,0.36125022,0,4.9601338
7572,166,15383,2197,6fw0_E92_A_602,4,gnina,0.4505686,0.69570065,4.2171292,0.5572058,0.99149301,3.9612437
7573,166,12298,1756,5hyv_TPP_A_701,6,smina,0.27127325,0.6953494,3.6809657,0.47841829,0.75792227,7.70447
7574,166,16176,2310,6n0z_DP6_C_401,6,smina,0.28379855,0.69424204,3.9753168,0.27296141,0.89377971,3.4949788
7575,166,14251,2035,5xsm_8EO_A_705,6,smina,0.21034389,0.6941031,3.6653397,0.38602209,0,8.5946666
7576,166,10259,1465,4wxb_CIT_D_501,4,gnina,0.43603186,0.69382977,4.2183075,0.50195217,0.018699635,7.3303185
7577,166,11486,1640,5edh_5MF_A_803,6,smina,0.28379855,0.69364325,4.108295,0.14908281,0,7.5110434
7578,167,8754,1250,4itu_1HS_B_302,4,gnina,0.43459246,0.76334414,3.1829062,0.27475244,0.48153044,4.2613559
7579,167,8761,1251,4itu_1HS_D_302,4,gnina,0.43459246,0.76324939,3.1829062,0.27475244,0.935659,2.9405659
7580,167,14515,2073,5z54_0HZ_A_303,4,gnina,0.43237382,0.759037,3.2953594,0.053082537,0.99127067,3.6430501
7581,167,16174,2310,6n0z_DP6_C_401,4,gnina,0.8108871,0.74951745,5.9497623,0.50940996,0.42066499,6.6036019
7582,167,14818,2116,6br1_E3Y_B_505,6,smina,0.2090317,0.74447379,2.3839033,0.77828729,0,2.9081698
7583,167,7861,1123,4d96_5PA_D_501,0,surfdock,0.43991224,0.73822692,3.8130026,0.049579602,0,4.1416012
7584,167,14242,2034,5xrv_F6R_A_702,4,gnina,0.43459836,0.72283227,3.7949352,0.23250443,0.38875384,4.9826488
7585,167,11057,1579,5bkd_RCF_B_503,4,gnina,0.5140068,0.72038764,3.851115,0.44472644,0,4.0825036
7586,167,12296,1756,5hyv_TPP_A_701,4,gnina,0.9040346,0.71795373,5.7996306,1.6024929,0.009534525,6.714965
7587,167,15750,2250,6jws_PT1_A_801,0,surfdock,0.53737321,0.71305112,4.2084842,0.27634239,0.99481599,4.1123534
7588,167,15757,2251,6jws_PT1_B_801,0,surfdock,0.5372434,0.71015062,4.1768079,0.2956242,0.99679335,3.967422
7589,167,5912,844,2zm7_ACA_A_501,4,gnina,0.43459233,0.71003686,3.9608948,0.20418468,6.596368e-09,4.8009106
7590,167,14979,2139,6dl7_ONC_B_301,6,smina,0.28226188,0.70604953,3.6889191,0.16641629,0,4.8603112
7591,167,13689,1955,5uio_8DM_C_202,4,gnina,0.43459233,0.70220718,4.0286551,0.18934655,0.67561793,4.40571
7592,167,15007,2143,6dl7_ONC_G_301,6,smina,0.28226185,0.70124276,3.7495139,0.13327301,0,5.0619105
7593,167,11073,1581,5c38_DA8_A_403,6,smina,0.23044751,0.70085232,3.3663807,0.45058644,4.1242047e-09,8.0245342
7594,167,15000,2142,6dl7_ONC_F_301,6,smina,0.23834663,0.70039233,3.7106075,0.11989385,0,5.0511214
7595,167,14993,2141,6dl7_ONC_D_301,6,smina,0.28226188,0.69982445,3.8739827,0.074337997,0,5.2200727
7596,167,9176,1310,4lz7_1YW_C_804,6,smina,0.28226188,0.69810926,3.5283604,0.44601926,0,3.1726232
7597,167,9828,1404,4rii_TYD_B_401,0,surfdock,0.53573562,0.69574254,4.0539622,0.6605773,0.94001228,4.3053027
7598,167,11134,1590,5cfw_53W_A_201,4,gnina,0.48757045,0.69429097,4.628902,0.08446753,0.012098236,6.557225
7599,167,14972,2138,6dl7_ONC_A_301,6,smina,0.28685578,0.69314388,4.0194125,0.074058995,0,4.1839406
7600,167,14986,2140,6dl7_ONC_C_301,6,smina,0.24238243,0.69294228,3.8819101,0.071584657,0,4.8285355
7601,167,942,134,1h7q_TYD_A_1258,4,gnina,0.40299243,0.69232451,3.9053543,0.25298411,0.00012674876,6.5943719
7602,167,14812,2116,6br1_E3Y_B_505,0,surfdock,0.53737321,0.69125462,3.8205602,1.0379212,0,3.8733641
7603,167,12198,1742,5ha7_WY1_B_402,4,gnina,0.43459233,0.68811139,4.0494232,0.39896056,0.00021459129,4.2579838
7604,167,5751,821,2yp6_C6W_B_1186,4,gnina,0.43459233,0.6863007,3.6613171,0.90791029,0,4.1726475
7605,167,11136,1590,5cfw_53W_A_201,6,smina,0.2822529,0.68557166,4.0341063,0.086308852,0,7.7899063
7606,167,7270,1038,4b1f_KRH_A_1256,4,gnina,0.62840688,0.68520318,5.1639886,0.74466956,4.0960437e-06,6.8158612
7607,167,10252,1464,4wxb_CIT_C_501,4,gnina,0.43238175,0.68487466,4.2627954,0.1593513,0,5.4464161
7608,167,7487,1069,4cdt_M48_A_801,4,gnina,0.43488139,0.68254072,4.1361289,0.56715655,3.4183517e-08,5.6012896
7609,167,7805,1115,4d3s_BOG_H_1000,0,surfdock,0.53737321,0.68220459,4.7819133,0.24233542,0.95094108,3.8536142
7610,167,9244,1320,4mju_27S_A_501,4,gnina,0.47610708,0.68072271,4.759191,0.092926279,0.82674956,4.8758192
7611,167,16552,2364,6png_OSG_B_801,4,gnina,0.43774786,0.68002281,4.6125526,0.16734903,0.12329537,4.4860271
7612,167,16559,2365,6png_OSG_B_804,4,gnina,0.43923457,0.67972945,4.6229987,0.16370673,9.5026989e-06,4.723086
7613,167,13892,1984,5vv5_9OJ_A_803,4,gnina,0.43513692,0.67953468,4.5445204,0.21997893,2.1060541e-08,5.414675
7614,167,16190,2312,6n0z_DP6_F_401,6,smina,0.28226188,0.67920543,3.8611348,0.41364914,0.37845675,4.414478
7615,167,5919,845,2zm9_ACA_A_501,4,gnina,0.43459233,0.67870088,4.2370257,0.37321874,9.5734583e-11,5.1003806
7616,167,74,10,1aia_PMP_B_411,4,gnina,0.43201896,0.67594963,4.2973094,0.14583664,0.94866523,3.4244382
7617,167,14412,2058,5ybp_8SX_B_303,6,smina,0.1893814,0.67548045,3.6623089,0.38514808,0,4.2019395
7618,167,6355,907,3tyn_CXW_A_800,6,smina,0.28226188,0.67527774,4.1436095,0.1967777,0,8.0052375
7619,167,6362,908,3tyn_CXW_B_800,6,smina,0.28226188,0.67527774,4.1436095,0.1967777,0,7.7783299
7620,167,5207,743,2tmk_ATM_B_217,6,smina,0.26744163,0.67513727,3.9201348,0.34726965,0,4.8593598
7621,167,3861,551,2e56_MYR_A_601,4,gnina,0.43459236,0.67405358,4.2938142,0.50309092,8.3647027e-10,4.6346502
7622,167,14956,2136,6cut_FEJ_C_401,4,gnina,0.64855459,0.67361961,5.9312806,0.431559,0.98810039,10.29518
7623,167,9167,1309,4lz7_1YW_B_804,4,gnina,0.45733777,0.67330683,4.468843,0.4849326,3.3472084e-09,4.1383936
7624,167,13899,1985,5vv5_9OJ_B_803,4,gnina,0.43459233,0.67241788,4.5792174,0.22921062,3.090196e-10,5.797696
7625,167,7496,1070,4cjs_L0Y_A_1217,6,smina,0.28226188,0.67179147,3.9968376,0.40274516,0,11.12129
7626,167,14970,2138,6dl7_ONC_A_301,4,gnina,0.63022843,0.67146581,6.0392914,0.18465494,0.80113347,6.5968751
7627,167,1385,197,1kbq_936_C_701,6,smina,0.27627114,0.67098494,4.0936537,0.25233129,0,4.5614225
7628,168,15245,2177,6fld_DQ5_A_604,6,smina,0.28027094,0.75857058,2.9418602,0.19533505,0,8.5732414
7629,168,12851,1835,5kmj_6UF_A_901,6,smina,0.28014594,0.7572243,2.7110054,0.40473986,0.95626855,4.2435914
7630,168,4186,598,2g9z_VNP_A_602,0,surfdock,0.53683096,0.7491923,3.0883329,0.79305762,0,4.2046523
7631,168,4193,599,2g9z_VNP_B_601,0,surfdock,0.53683096,0.7491923,3.0883329,0.79305762,0,4.1621263
7632,168,2365,337,1s3u_TQD_A_187,6,smina,0.20665415,0.74310776,2.9597845,0.16148564,0,4.8289497
7633,168,4192,598,2g9z_VNP_A_602,6,smina,0.20740198,0.74216471,2.5400705,0.64198011,7.5291343e-08,10.3572
7634,168,4199,599,2g9z_VNP_B_601,6,smina,0.20740198,0.74216471,2.5400705,0.64198011,7.9841998e-08,9.9470915
7635,168,14263,2037,5xvv_AKG_A_508,4,gnina,0.43264377,0.74166393,3.7104905,0.025390547,0.00089210218,8.9707861
7636,168,12849,1835,5kmj_6UF_A_901,4,gnina,0.48587086,0.7240484,3.2416179,0.93645936,0.00062762797,5.7110978
7637,168,7783,1111,4d0z_BBK_A_1581,6,smina,0.28814573,0.71954016,3.3414392,0.33806157,0.00018220982,1.6325387
7638,168,6740,962,3wca_FPS_C_402,6,smina,0.28027094,0.71722432,3.6179473,0.057599865,0,7.0150985
7639,168,7797,1113,4d0z_BBK_E_1584,6,smina,0.23181376,0.71645137,3.255985,0.3336513,0.00012755483,1.6206571
7640,168,6726,960,3wca_FPS_B_401,6,smina,0.28027094,0.71459406,3.6491337,0.063856058,0,7.2338039
7641,168,6747,963,3wca_FPS_D_401,6,smina,0.27913327,0.71271806,3.6335785,0.060615648,0,6.9427465
7642,168,7790,1112,4d0z_BBK_B_1580,6,smina,0.23823207,0.71216424,3.3199179,0.33658329,9.7915904e-08,1.77447
7643,168,6719,959,3wca_FPS_A_501,6,smina,0.28027094,0.7089864,3.7127864,0.081425063,0,6.6375786
7644,168,13201,1885,5o3d_9J5_A_501,6,smina,0.43854248,0.70814246,3.3348758,0.93816173,0,5.7413901
7645,168,6733,961,3wca_FPS_C_401,6,smina,0.23645978,0.70812798,3.6491337,0.063856058,0,7.6007999
7646,168,9617,1373,4p8c_Y22_B_502,6,smina,0.28027094,0.70631176,3.1212637,0.71237111,0,6.1056886
7647,168,17688,2526,7ak3_RH8_A_501,6,smina,0.28027094,0.70120265,3.4417708,0.46842813,0,4.8746977
7648,168,16611,2373,6q4r_HJ5_A_1009,0,surfdock,0.59556859,0.69819257,3.9562681,0.82285911,0,4.7933326
7649,168,15110,2158,6f2v_AMP_B_1001,4,gnina,0.43262092,0.69815463,4.2112765,0.048072148,0.90041331,6.7190371
7650,168,650,92,1gij_2PU_A_501,6,smina,0.20740198,0.69809888,2.9146192,0.86432189,0,3.1147003
7651,168,6335,905,3tye_XTZ_A_801,0,surfdock,0.53683096,0.69537388,3.9707463,0.75999826,0.92288041,4.4937103
7652,168,2363,337,1s3u_TQD_A_187,4,gnina,0.42914657,0.6897368,4.0713792,0.11667506,0.98746266,5.1361792
7653,168,5725,817,2yi6_6QM_A_1225,6,smina,0.239492,0.68896163,3.4837048,0.52343363,0,4.9483493
7654,168,4948,706,2qd4_CHD_A_802,6,smina,0.22881506,0.68781466,3.7185681,0.29389647,0,4.0173248
7655,168,16373,2339,6o1s_7SD_E_803,0,surfdock,0.53683096,0.68680498,4.0514455,0.83326614,0.93003853,3.3648307
7656,169,4500,642,2ji6_TPW_B_1566,6,smina,0.27901338,0.76079243,2.7017505,0.17403282,0,6.6515886
7657,169,4493,641,2ji6_TPW_A_1566,6,smina,0.27901338,0.75997163,2.7150662,0.17060198,0,5.9844368
7658,169,15761,2251,6jws_PT1_B_801,4,gnina,0.67392187,0.75433993,4.2149758,0.67139274,0.9945555,5.7176016
7659,169,4521,645,2npq_BOG_A_1000,6,smina,0.27901338,0.75191956,2.6666591,0.31770042,0.9386955,4.9848866
7660,169,15754,2250,6jws_PT1_A_801,4,gnina,0.67292585,0.74861129,4.2546339,0.72706658,0.98923041,9.0083319
7661,169,6836,976,3wsg_CIT_E_302,4,gnina,0.44800089,0.72403779,3.7330961,0.099441431,0.38587088,5.1593996
7662,169,13265,1895,5oew_9TE_B_901,0,surfdock,0.53639859,0.72336268,3.8288572,0.2042338,0.98736748,3.9360865
7663,169,13272,1896,5oew_9TE_C_301,0,surfdock,0.53639859,0.72273485,3.8051808,0.23787001,0.75081606,3.3578079
7664,169,4850,692,2q28_TPP_A_4001,6,smina,0.27773197,0.71846206,3.1671216,0.22368205,0.80282524,7.8635208
7665,169,11085,1583,5c4i_TPP_F_402,4,gnina,0.81067572,0.71547513,6.5232577,0.47023225,0.45696125,10.485259
7666,169,11078,1582,5c4i_TPP_C_402,4,gnina,0.81019006,0.7144572,6.5560493,0.45700023,0.46208042,10.252192
7667,169,5557,793,2x6o_2TC_A_1209,6,smina,0.14362565,0.71306804,2.6947095,0.57378221,0,5.1337542
7668,169,9827,1403,4rii_TYD_A_401,6,smina,0.27901338,0.71151367,3.0798941,0.45134762,0,9.355648
7669,169,9834,1404,4rii_TYD_B_401,6,smina,0.2882536,0.70746961,3.1385658,0.48969212,0,7.4948229
7670,169,7811,1115,4d3s_BOG_H_1000,6,smina,0.29088297,0.70745768,3.5149176,0.11627149,5.9587577e-10,4.4727648
7671,169,13138,1876,5njb_BB2_A_502,6,smina,0.31778512,0.6980677,3.1894581,0.59595281,0,11.975725
7672,169,13145,1877,5njb_BB2_C_502,6,smina,0.31885305,0.69708488,3.2101352,0.59216607,0,12.832878
7673,169,4519,645,2npq_BOG_A_1000,4,gnina,0.48580929,0.69599513,3.9921627,0.37677661,0.94715117,4.2800804
7674,169,10688,1526,4zsy_RW2_C_502,6,smina,0.18740022,0.69503203,2.7779481,0.77037406,0.99436256,9.9133236
7675,169,10681,1525,4zsy_RW2_B_502,6,smina,0.18740022,0.69357228,2.7969863,0.77344155,0.99031391,8.3306331
7676,169,10695,1527,4zsy_RW2_D_502,6,smina,0.18740022,0.69319539,2.8013422,0.77481568,1.3975031e-05,7.7945001
7677,169,12086,1726,5gto_MYR_A_502,4,gnina,0.43275054,0.69150129,3.5140302,0.74506491,0,4.2408337
7678,169,4941,705,2qd4_CHD_A_801,6,smina,0.27901337,0.69038917,3.3766718,0.44354299,0,3.3655402
7679,169,14958,2136,6cut_FEJ_C_401,6,smina,0.45812615,0.69038049,4.1589675,0.23950069,0.98439731,5.3208214
7680,169,17588,2512,6yaw_P9H_B_502,4,gnina,0.75161014,0.68995997,5.210896,1.79497,0.51745813,9.4899265
7681,169,8994,1284,4kux_FPS_B_405,6,smina,0.27901338,0.68781326,3.3841722,0.51363635,0,6.1375055
7682,169,9001,1285,4kux_FPS_C_705,6,smina,0.27901338,0.68781326,3.3841722,0.51363635,0,6.4656543
7683,169,9008,1286,4kux_FPS_D_704,6,smina,0.27901338,0.68776908,3.3816051,0.51692241,0,5.7707848
7684,169,7867,1123,4d96_5PA_D_501,6,smina,0.21131825,0.68740844,3.5046272,0.2914387,0,4.2198635
7685,169,13143,1877,5njb_BB2_C_502,4,gnina,0.69844897,0.68548878,6.1905632,0.30516672,0.96179374,9.3295151
7686,169,13136,1876,5njb_BB2_A_502,4,gnina,0.69463056,0.68514029,6.168673,0.31426221,0.95091423,9.9573424
7687,169,8987,1283,4kux_FPS_A_704,6,smina,0.27255735,0.68477574,3.390569,0.50736898,0,6.0746103
7688,169,13271,1895,5oew_9TE_B_901,6,smina,0.20649851,0.68466725,3.2881422,0.49203488,0,4.2006208
7689,169,1901,271,1o28_UFP_B_708,4,gnina,0.43277346,0.68228542,4.3007188,0.15712114,1.0721248e-05,4.9811356
7690,169,9174,1310,4lz7_1YW_C_804,4,gnina,0.4327505,0.68150808,4.0421214,0.27859801,4.1166882e-08,4.2767253
7691,169,7307,1043,4bbx_LKF_A_1760,6,smina,0.18929339,0.68139162,3.2124043,0.55601019,0,3.2417964
7692,169,144,20,1aua_BOG_A_2,4,gnina,0.43107371,0.68122549,4.0842628,0.15519084,9.016949e-09,3.9377428
7693,169,15789,2255,6jyg_FLC_C_401,4,gnina,0.60735499,0.68081813,4.4319682,0.46397299,0.026896269,5.3898483
7694,169,12529,1789,5ivg_FPS_B_704,6,smina,0.27901338,0.68054352,3.4952819,0.52271235,0,7.3045754
7695,169,1908,272,1o28_UFP_C_713,4,gnina,0.43276313,0.67988547,4.3348031,0.16348429,0.9507085,4.5425378
7696,169,5740,820,2ynf_WHU_A_1563,0,surfdock,0.53639859,0.67927724,3.8593321,0.94176924,0,4.4764038
7697,169,2673,381,1u1g_BBB_C_5300,6,smina,0.29792447,0.67858472,3.7943132,0.30149984,0,9.1355077
7698,169,1922,274,1o29_UFP_A_803,4,gnina,0.43275169,0.67846952,4.3460908,0.16569301,7.9691224e-06,4.5643243
7699,169,15796,2256,6jyg_FLC_D_401,4,gnina,0.56126662,0.67835169,4.435812,0.45541748,0.35726869,5.7094393
7700,169,13278,1896,5oew_9TE_C_301,6,smina,0.20649851,0.67821123,3.1842844,0.7006796,0,3.6381095
7701,169,15679,2239,6jc7_F0G_B_601,6,smina,0.27901338,0.67654605,3.7989118,0.28682739,6.772339e-08,8.6899014
7702,169,6670,952,3w7f_FPS_B_301,6,smina,0.27901338,0.67647068,3.8132002,0.27382761,0,6.0861301
7703,169,13395,1913,5t6b_TMP_D_503,4,gnina,0.4327505,0.67557695,4.1702838,0.25657555,1.5910565e-06,5.4191233
7704,169,6656,950,3w7f_FPS_A_301,6,smina,0.27901338,0.6743291,3.8364003,0.28742915,0,5.8029212
7705,169,17469,2495,6wdw_TWV_A_701,4,gnina,0.45823893,0.67426219,4.4344406,0.26055422,0.63457327,5.2870272
7706,170,10682,1526,4zsy_RW2_C_502,0,surfdock,0.69523617,0.75092977,4.2350111,0.91925442,0,4.5498309
7707,170,10675,1525,4zsy_RW2_B_502,0,surfdock,0.69373993,0.74748476,4.2800736,0.93243378,0,4.3207179
7708,170,17674,2524,6zug_QPW_H_1001,6,smina,0.46115496,0.71126351,4.0146499,0.090061598,0,8.1054471
7709,170,14832,2118,6btq_E8S_A_305,6,smina,0.27866954,0.7060978,2.9408474,0.74657303,0,10.629349
7710,170,14893,2127,6cdy_EY1_A_501,4,gnina,0.43357511,0.69351418,2.9519224,1.2209707,0.95784545,5.9603789
7711,170,14900,2128,6cdy_EY1_B_501,4,gnina,0.43357511,0.69351418,2.9519224,1.2209707,0.10458001,6.6577713
7712,170,5737,819,2yjd_YJD_B_1498,4,gnina,0.43357511,0.69251342,3.9506261,0.23905167,0.0016560646,5.0063115
7713,170,4624,660,2o1o_RIS_A_400,4,gnina,0.43357511,0.68603403,4.0996146,0.20051962,0.16671777,3.4871184
7714,170,5872,838,2z7s_P01_A_1,6,smina,0.25294221,0.68443415,3.2616053,0.71499413,0.86744091,4.4045108
7715,170,13276,1896,5oew_9TE_C_301,4,gnina,0.49949609,0.68060042,3.8973091,0.83727705,3.1051339e-09,4.1144386
7716,170,7279,1039,4b1f_KRH_B_1257,6,smina,0.27866954,0.68004998,3.3948123,0.70778286,0,9.8997133
7717,170,17261,2465,6tot_NRK_A_401,6,smina,0.27866954,0.6793948,3.9083812,0.20527618,0.90011638,6.2760039
7718,170,15693,2241,6jc7_F0G_D_601,6,smina,0.23999438,0.67932947,3.8095553,0.2308563,1.9152359e-07,5.9662486
7719,170,14552,2078,5zg2_ZK1_B_901,6,smina,0.27866954,0.67923147,3.7323544,0.38406536,0,3.6996818
7720,170,11829,1689,5fli_QUE_E_301,6,smina,0.20653489,0.67755364,2.706604,1.2804402,0,2.9511113
7721,170,11843,1691,5fli_QUE_G_301,6,smina,0.20653489,0.67755364,2.706604,1.2804402,0,2.4298453
7722,170,11850,1692,5fli_QUE_H_301,6,smina,0.20653489,0.67755364,2.706604,1.2804402,0,2.67019
7723,170,11857,1693,5fli_QUE_J_301,6,smina,0.20653489,0.67755364,2.706604,1.2804402,0,2.7422374
7724,170,15763,2251,6jws_PT1_B_801,6,smina,0.46112385,0.677415,4.0340233,0.65657002,0,4.5398121
7725,170,17268,2466,6tot_NRK_B_401,6,smina,0.27866941,0.67633133,3.9406502,0.19509785,0.87590499,8.0937229
7726,170,7272,1038,4b1f_KRH_A_1256,6,smina,0.23451766,0.67619127,3.3843701,0.69982755,0,9.9065797
7727,170,16694,2384,6qde_HWW_A_502,6,smina,0.27866954,0.67587242,3.8700409,0.30364427,0,7.0088285
7728,170,15756,2250,6jws_PT1_A_801,6,smina,0.45883715,0.67441405,4.0967846,0.6438545,0,4.273807
7729,170,11836,1690,5fli_QUE_F_301,6,smina,0.20653489,0.67313895,2.7499447,1.3110229,0,3.3413852
7730,170,6234,890,3sjh_LAR_A_503,4,gnina,0.43357511,0.67236605,3.9311354,0.61256236,0.99864198,3.4094107
7731,170,14545,2077,5zg2_ZK1_A_901,6,smina,0.23398017,0.67066467,3.7807913,0.39645663,0,5.1673956
7732,170,11808,1686,5fli_QUE_A_301,6,smina,0.20653489,0.66995639,2.7814372,1.3337317,0,2.3135126
7733,170,11815,1687,5fli_QUE_C_301,6,smina,0.20653489,0.66995639,2.7814372,1.3337317,0,2.7701989
7734,170,13269,1895,5oew_9TE_B_901,4,gnina,0.60130879,0.66907053,4.2678027,0.875875,0.54794392,6.1370192
7735,170,11822,1688,5fli_QUE_D_301,6,smina,0.20468943,0.66651665,2.7814372,1.3337317,0,2.9279246
7736,170,13208,1886,5o3f_9HT_A_501,6,smina,0.27866954,0.66626177,4.2297654,0.11257021,0,8.0962284
7737,170,14641,2091,6a2m_UMP_B_703,4,gnina,0.50502097,0.66453214,4.5789852,0.47041869,0.98375005,4.3769662
7738,170,10518,1502,4z69_DIF_A_1008,4,gnina,0.43397691,0.66326418,4.4716554,0.42947415,0.014437936,5.6755911
7739,170,14406,2058,5ybp_8SX_B_303,0,surfdock,0.43144952,0.66267349,4.4132648,0.2154144,0,4.8683879
7740,170,12032,1718,5g4r_LF1_D_1739,6,smina,0.22719746,0.66093696,3.9926693,0.35522681,0,5.0331798
7741,170,8945,1277,4kfj_1R0_A_202,6,smina,0.24918953,0.65801458,4.1011176,0.32685357,2.5587374e-05,6.7624517
7742,170,14823,2117,6btn_E8M_A_304,4,gnina,0.43357511,0.65795639,3.7840545,1.0330362,0.22348533,5.1635454
7743,170,14634,2090,6a2m_UMP_A_703,4,gnina,0.51064927,0.65769452,4.6852951,0.50540024,0.99129983,4.5884637
7744,170,6502,928,3vc3_C6P_B_501,6,smina,0.2786649,0.65606586,4.385416,0.11046214,0.60601819,4.8604035
7745,170,14944,2134,6cut_FEJ_A_401,6,smina,0.27866954,0.6554363,3.900203,0.64105839,0.96674825,5.4878495
7746,170,14951,2135,6cut_FEJ_B_401,6,smina,0.27866954,0.6554363,3.900203,0.64105839,0.97164883,6.2223854
7747,170,12971,1853,5m0e_7CR_A_922,0,surfdock,0.53619995,0.65480588,3.7204695,1.6086788,0.89477815,4.7786531
7748,170,1315,187,1jyw_147_A_2001,6,smina,0.25125016,0.65431283,3.8349085,0.66500694,0,4.1337864
7749,170,14830,2118,6btq_E8S_A_305,4,gnina,0.48624109,0.65352701,4.2921462,0.93490124,0.00071552896,8.5367686
7750,170,4967,709,2qd4_CHD_B_927,4,gnina,0.43357511,0.65285878,4.9177456,0.10441623,3.6144474e-08,4.4128993
7751,170,6530,932,3vc3_C6P_F_501,6,smina,0.25266042,0.65160196,4.4491,0.10515586,0.65369008,5.0200715
7752,170,4206,600,2giq_NN2_A_1001,6,smina,0.24104458,0.65106415,3.955127,0.59481233,0,4.5226841
7753,170,17338,2476,6uqd_QF4_B_501,6,smina,0.27744469,0.65092974,4.063385,0.52631176,0,17.96453
7754,170,2099,299,1pi3_TZD_A_530,6,smina,0.27727446,0.65045989,4.2699909,0.32707193,0,9.3188683
7755,170,4213,601,2giq_NN2_B_2001,6,smina,0.30165544,0.64922624,4.0630279,0.63776696,0,5.9249781
7756,171,17266,2466,6tot_NRK_B_401,4,gnina,0.81033987,0.72758107,6.126411,0.83006662,0.82665079,7.4333939
7757,171,17259,2465,6tot_NRK_A_401,4,gnina,0.8101866,0.72730332,6.1036677,0.85577142,0.80648131,6.4207163
7758,171,9967,1423,4u8y_MIY_B_1102,6,smina,0.27872094,0.72079452,3.4382689,0.32741925,0,4.4900331
7759,171,644,92,1gij_2PU_A_501,0,surfdock,0.57495976,0.71199757,4.1391125,0.42690799,0.89587387,4.2407293
7760,171,6528,932,3vc3_C6P_F_501,4,gnina,0.85266565,0.71195536,6.9772048,0.42968854,0.93901863,8.8147631
7761,171,5858,836,2z6j_TUI_A_501,6,smina,0.27872094,0.71160626,3.0459023,0.83189791,3.9338088e-09,14.322136
7762,171,5865,837,2z6j_TUI_B_502,6,smina,0.27126028,0.70923361,3.062808,0.84004265,3.9244441e-13,12.513573
7763,171,1551,221,1lfw_AEP_A_683,4,gnina,0.43186561,0.7050647,4.0304909,0.21859968,0.0002049184,3.3171116
7764,171,7314,1044,4bbx_LKF_B_1760,6,smina,0.20792178,0.7007609,3.867342,0.11719462,0,3.7574865
7765,171,16274,2324,6ngp_KKY_A_803,6,smina,0.27105121,0.69899276,3.4127953,0.64142001,0,4.7813297
7766,171,10002,1428,4uch_OLW_A_800,6,smina,0.27872094,0.69771726,3.524622,0.57985538,0,3.9695658
7767,171,11393,1627,5dr9_SKE_A_401,4,gnina,0.43186561,0.6967229,4.3351336,0.046966881,0,4.6891394
7768,171,15224,2174,6fa1_D2Z_B_203,6,smina,0.25865198,0.69507014,3.7331858,0.37428775,0,6.574502
7769,171,14942,2134,6cut_FEJ_A_401,4,gnina,0.80984632,0.69477589,7.5258794,0.21874717,0.96912011,7.8016719
7770,171,14949,2135,6cut_FEJ_B_401,4,gnina,0.80982612,0.69470572,7.5258794,0.21874717,0.97066546,9.3956749
7771,171,7249,1035,4aql_TXC_A_1452,4,gnina,0.40129012,0.69003925,3.9426625,0.32949391,0.93783965,7.6846685
7772,171,10030,1432,4ug7_1EV_A_904,6,smina,0.23637618,0.6868827,3.3660057,0.84890628,1.1954215e-09,8.9770903
7773,171,14434,2062,5ybq_8T0_B_303,0,surfdock,0.43647406,0.68563861,4.2833877,0.48751357,0,4.8460158
7774,171,637,91,1gey_PPE_A_413,0,surfdock,0.53525217,0.68095009,4.5763774,0.45546654,0,3.9491909
7775,171,7662,1094,4cmk_FQW_B_1270,4,gnina,0.43186615,0.67795961,4.4845414,0.34700516,0.072009048,4.6334466
7776,171,16260,2322,6ng5_KMD_B_803,6,smina,0.27872094,0.67573666,3.4987144,0.96125734,0,7.6689985
7777,171,13535,1933,5tix_OQR_A_302,4,gnina,0.43186561,0.67469536,4.1803432,0.57700545,0.060977967,4.6633628
7778,171,5522,788,2wzv_FMN_A_801,6,smina,0.27866669,0.67445725,3.7767992,0.68098456,0,11.532632
7779,171,16253,2321,6ng5_KMD_A_803,6,smina,0.25649451,0.6732724,3.4987144,0.96125734,0,7.6904823
7780,171,5037,719,2qs2_UBF_A_603,4,gnina,0.43186561,0.6731681,4.2926326,0.4921079,0.69927724,4.9581718
7781,171,4659,665,2o7b_HC4_E_701,4,gnina,0.60862581,0.67186387,5.0522614,0.27958164,0.98073718,18.039524
7782,171,2314,330,1rf2_BV4_H_108,4,gnina,0.43426225,0.67140935,4.7298417,0.29047719,0.78308449,6.4210959
7783,171,13542,1934,5tix_OQR_B_302,4,gnina,0.43186561,0.67131369,4.2253938,0.592857,0.065940444,3.8655086
7784,171,356,50,1e26_GPB_A_208,6,smina,0.21774521,0.67068218,3.9658811,0.50979543,0,8.5097511
7785,171,11969,1709,5g09_6DF_D_1476,6,smina,0.19358215,0.67056231,3.9441483,0.41215906,0.98832998,4.6817617
7786,171,11948,1706,5g09_6DF_A_1475,6,smina,0.19358215,0.67015636,3.9653575,0.39777064,0.98866,4.4753554
7787,171,4645,663,2o7b_HC4_C_701,4,gnina,0.60904089,0.66983855,5.0853915,0.28969333,0.97979032,16.394807
7788,171,4666,666,2o7b_HC4_G_701,4,gnina,0.60851186,0.66959337,5.0853915,0.28969333,0.99728374,17.271832
7789,171,4638,662,2o7b_HC4_A_701,4,gnina,0.60768858,0.66942991,5.0853915,0.28969333,0.97827822,20.880618
7790,171,8089,1155,4ejh_0QA_D_502,4,gnina,0.43186561,0.66935057,4.6161518,0.2378784,0.0047171411,21.767655
7791,171,4652,664,2o7b_HC4_D_701,4,gnina,0.60688488,0.66926646,5.0853915,0.28969333,0.97906581,25.351461
7792,171,4248,606,2gyv_HBP_B_545,6,smina,0.27872094,0.66909811,4.1293778,0.44490871,0,7.760707
7793,171,6677,953,3w7f_FPS_B_302,6,smina,0.27872094,0.66879421,4.2759438,0.30365765,0,7.2670164
7794,171,15852,2264,6krs_CIT_B_301,4,gnina,0.43269969,0.66827235,4.8312545,0.21812125,0.016204057,7.5060709
7795,171,3121,445,1yee_PNB_H_551,6,smina,0.25189427,0.66792096,4.0500693,0.4990837,0.20134637,7.3953873
7796,171,14776,2110,6ba2_7KM_A_809,6,smina,0.23882415,0.66758048,4.1203876,0.42251915,0.996747,7.1925055
7797,171,17289,2469,6tt4_FT8_B_711,6,smina,0.21588735,0.66704092,4.2884884,0.2455477,0,6.9518653
7798,171,15859,2265,6krs_CIT_C_301,4,gnina,0.43308612,0.66698084,4.8712068,0.20585784,0.016074281,7.4440263
7799,171,15873,2267,6krs_CIT_F_301,4,gnina,0.43242508,0.66691791,4.8637643,0.20653878,0.0088533478,8.9745621
7800,171,9799,1399,4r2n_PLP_A_401,6,smina,0.27872094,0.66618128,4.0296311,0.59596664,0.97918659,11.09552
7801,171,11690,1670,5f79_4V7_A_4000,0,surfdock,0.57495976,0.66613393,4.6825175,0.71514356,0.96011011,4.4131304
7802,171,11962,1708,5g09_6DF_C_1475,6,smina,0.19358215,0.66535393,4.0459895,0.39878687,0.98763188,5.9464501
7803,171,137,19,1aua_BOG_A_1,4,gnina,0.40129012,0.66416089,4.0949779,0.60836637,1.1729994e-07,4.1077861
7804,171,5387,769,2vzu_PNJ_A_1901,4,gnina,0.43186561,0.66336002,4.3563046,0.60887682,0.34050616,6.8931338
7805,171,3268,466,1zjp_DR4_A_1,6,smina,0.23337448,0.66253685,3.9605386,0.66352069,0.890226,8.9878228
7806,172,6124,874,3rgz_BLD_A_800,6,smina,0.20650808,0.72010091,2.3935061,0.86431891,0.98551077,4.8833064
7807,172,6472,924,3v8n_5NB_A_301,4,gnina,0.43110863,0.70724346,3.1564014,0.54627603,0.021190585,2.9460339
7808,172,4794,684,2pt6_S4M_A_501,6,smina,0.27882203,0.70352499,3.3766305,0.22363921,0.98876726,4.7757969
7809,172,4801,685,2pt6_S4M_B_502,6,smina,0.27882203,0.7007604,3.4293365,0.21398799,0.99001806,9.0965086
7810,172,11963,1709,5g09_6DF_D_1476,0,surfdock,0.68952761,0.69898978,4.9718394,0.98932964,0.9898245,4.1086181
7811,172,11942,1706,5g09_6DF_A_1475,0,surfdock,0.68964946,0.69733144,5.0090518,0.99101526,0,4.2912402
7812,172,11956,1708,5g09_6DF_C_1475,0,surfdock,0.68926988,0.69651271,5.0219159,0.99315411,0,4.3781633
7813,172,648,92,1gij_2PU_A_501,4,gnina,0.56221058,0.6732727,3.8461792,0.9797622,0,4.8155066
7814,172,15455,2207,6gqk_F88_A_1001,6,smina,0.45743614,0.67301399,4.2234225,0.39207515,0,16.029498
7815,172,6118,874,3rgz_BLD_A_800,0,surfdock,0.53465165,0.67222479,3.4303505,1.3480903,0.025871044,4.6754073
7816,172,6339,905,3tye_XTZ_A_801,4,gnina,0.63878084,0.66554803,5.0278535,1.0448937,0.79584104,6.1402578
7817,172,14928,2132,6cqu_HI6_A_601,4,gnina,0.43369393,0.6651303,4.3455014,0.18986244,0.0018079118,4.8749637
7818,172,1138,162,1iwe_IMP_B_1452,4,gnina,0.43369393,0.66274093,4.5371251,0.044333126,0.00098386525,5.3405556
7819,172,7889,1127,4dd8_BAT_B_1000,0,surfdock,0.53465165,0.66172636,4.2249417,0.76535147,0.93643228,4.561592
7820,172,4939,705,2qd4_CHD_A_801,4,gnina,0.43369393,0.66155749,4.4449954,0.26610667,6.6848361e-08,4.0934455
7821,172,3329,475,1zpd_CIT_B_610,4,gnina,0.43605635,0.65950417,4.7405653,0.11370885,0.9069543,6.3800515
7822,172,4960,708,2qd4_CHD_B_926,4,gnina,0.43369393,0.65901911,4.4069209,0.24733627,7.7195174e-06,4.2280959
7823,172,12963,1851,5lwy_OLB_A_407,6,smina,0.27882203,0.65768436,4.0922942,0.29359463,2.5687368e-08,14.989501
7824,172,7882,1126,4dd8_BAT_A_1000,0,surfdock,0.53465165,0.656171,4.3083158,0.79821855,0,4.5834627
7825,172,4974,710,2qd4_CHD_B_928,4,gnina,0.43369393,0.65615617,4.4449954,0.26610667,1.3717421e-07,4.391
7826,172,14935,2133,6cqu_HI6_B_601,4,gnina,0.43369393,0.65545775,4.4866195,0.23846219,0.13503135,5.8452352
7827,172,12116,1730,5gzz_GSH_C_301,6,smina,0.29213247,0.65269365,4.1994176,0.31108838,4.7908883e-06,4.9387334
7828,172,15372,2196,6fs7_E4Z_F_903,0,surfdock,0.57470716,0.65075534,4.9973521,0.31325406,0.00056997011,4.6432709
7829,172,6493,927,3vc3_C6P_A_501,4,gnina,0.66785865,0.6438671,6.6000271,0.52818906,3.7563758e-05,8.0894238
7830,172,11823,1689,5fli_QUE_E_301,0,surfdock,0.57470716,0.64250012,5.1081271,0.38755584,0.99697999,3.8073196
7831,172,11837,1691,5fli_QUE_G_301,0,surfdock,0.57470716,0.64250012,5.1081271,0.38755584,0.82699134,3.8072462
7832,172,11844,1692,5fli_QUE_H_301,0,surfdock,0.57470716,0.64250012,5.1081271,0.38755584,0,3.7948451
7833,172,11851,1693,5fli_QUE_J_301,0,surfdock,0.57470716,0.64250012,5.1081271,0.38755584,0,3.7753083
7834,173,776,110,1h1i_QUE_C_1358,6,smina,0.20681964,0.70648423,2.5128479,0.33526149,0,2.7134559
7835,173,783,111,1h1i_QUE_D_1357,6,smina,0.20681964,0.70577581,2.5299432,0.32923999,0,2.9930078
7836,173,769,109,1h1i_QUE_B_1356,6,smina,0.20681964,0.70506063,2.5471461,0.32324961,0,2.7370534
7837,173,790,112,1h1m_KMP_A_1360,6,smina,0.20681964,0.68431108,2.7322483,0.47894904,0,2.6738992
7838,173,797,113,1h1m_KMP_C_1358,6,smina,0.20681964,0.68024481,2.776509,0.50515461,0,2.6754386
7839,173,770,110,1h1i_QUE_C_1358,0,surfdock,0.53352727,0.65884048,3.7522335,0.71972287,0,3.7784095
7840,173,16377,2339,6o1s_7SD_E_803,4,gnina,0.64172461,0.65857204,4.8927326,0.83736461,0.31377997,7.8122605
7841,173,777,111,1h1i_QUE_D_1357,0,surfdock,0.53352727,0.65841417,3.7622926,0.7189101,0.99102434,3.9360502
7842,173,7896,1128,4dd8_BAT_C_1000,0,surfdock,0.53352727,0.65839062,4.3738151,0.10789984,0.59027314,4.893446
7843,173,763,109,1h1i_QUE_B_1356,0,surfdock,0.53352727,0.65798471,3.7724991,0.71803659,0.99406393,3.8209774
7844,173,16587,2369,6pvi_OZ7_A_501,4,gnina,0.43207161,0.65484574,3.7530754,0.41139904,0,4.0707065
7845,173,4792,684,2pt6_S4M_A_501,4,gnina,0.81008067,0.64984356,6.6039433,1.3791915,0.98863972,6.4535641
7846,173,11830,1690,5fli_QUE_F_301,0,surfdock,0.57469498,0.64943775,4.4010887,0.36324796,0,2.8296642
7847,173,11816,1688,5fli_QUE_D_301,0,surfdock,0.57775265,0.64752068,4.4352317,0.37870479,0,3.8000864
7848,173,11802,1686,5fli_QUE_A_301,0,surfdock,0.57469498,0.64728077,4.4352317,0.37870479,0,3.7880706
7849,173,11809,1687,5fli_QUE_C_301,0,surfdock,0.57469498,0.64728077,4.4352317,0.37870479,0,5.7402666
7850,173,7893,1127,4dd8_BAT_B_1000,4,gnina,0.64541628,0.6463277,5.3167553,0.77646303,3.0038879e-07,10.171913
7851,173,784,112,1h1m_KMP_A_1360,0,surfdock,0.53352727,0.6445163,4.2233481,0.56938708,0,3.7219702
7852,173,791,113,1h1m_KMP_C_1358,0,surfdock,0.53352727,0.64421137,4.243629,0.5561676,0,3.8149461
7853,173,15337,2191,6fs7_E4Z_A_903,0,surfdock,0.53352727,0.64383872,4.205544,0.60289735,0,4.3990724
7854,173,7832,1118,4d5e_TPP_A_1589,6,smina,0.22617623,0.64376763,3.503257,0.53814566,0,6.3808969
7855,173,4799,685,2pt6_S4M_B_502,4,gnina,0.81007634,0.64326206,6.7502999,1.449608,0.98951126,6.3642084
7856,173,13626,1946,5u8z_83D_B_602,4,gnina,0.43207161,0.6348846,4.4900723,0.23558675,1.5370638e-06,30.061559
7857,173,17506,2500,6xeb_V1P_A_411,6,smina,0.27892942,0.63432612,3.8847778,0.41133398,0,13.463013
7858,173,16307,2329,6nhd_KNV_B_803,4,gnina,0.46034879,0.63395695,4.82795,0.053330619,5.2273014e-12,4.9723682
7859,173,2954,422,1x29_PMG_B_1413,0,surfdock,0.53352727,0.63341642,4.5538764,0.50253886,0,4.4424267
7860,173,4953,707,2qd4_CHD_A_803,4,gnina,0.43207161,0.63328414,4.4250603,0.21240835,3.1758291e-07,4.0629989
7861,173,13633,1947,5u8z_83D_C_602,4,gnina,0.43207161,0.63290236,4.5244374,0.24570651,3.5625618e-07,10.990908
7862,173,2681,383,1u1g_BBB_F_8300,0,surfdock,0.43499725,0.63192221,4.6786346,0.21892831,0,4.5532124
7863,173,17457,2493,6vv9_RQ1_B_304,6,smina,0.20957221,0.63080341,3.9370832,0.37183696,7.5524823e-10,6.8858042
7864,173,13640,1948,5u8z_83D_D_602,4,gnina,0.43207161,0.62949467,4.4900723,0.23558675,4.3888664e-08,10.547421
7865,173,16426,2346,6ofr_BOG_A_805,4,gnina,0.43207161,0.62774013,4.121357,0.76583624,2.2532843e-10,4.7311932
7866,173,17317,2473,6u6c_PZV_F_802,6,smina,0.26388678,0.62762788,3.9762638,0.44601956,0,4.0076973
7867,173,11967,1709,5g09_6DF_D_1476,4,gnina,0.92155536,0.62726167,7.6946778,1.7191982,0.79698222,7.8298521
7868,173,8544,1220,4i2p_G73_A_601,4,gnina,0.67419795,0.62669109,6.0827084,1.0819176,0.99336257,10.332049
7869,173,13619,1945,5u8z_83D_A_602,4,gnina,0.43207161,0.62603994,4.554203,0.25325406,0,10.229188
7870,173,16419,2345,6ofr_BOG_A_804,4,gnina,0.43207161,0.62348808,4.2192817,0.75769573,0.00071881402,5.3617663
7871,173,16412,2344,6ofr_BOG_A_803,4,gnina,0.43207161,0.62322172,4.229187,0.75820619,0.00027012175,4.4837395
7872,173,16405,2343,6ofr_BOG_A_802,4,gnina,0.43276275,0.62315112,4.3421879,0.74434966,0.00027605543,4.7617952
7873,173,4241,605,2gyv_HBP_A_1409,6,smina,0.27892942,0.62293696,3.9308929,0.62210053,0,11.106429
7874,173,17472,2496,6wiw_I14_A_601,0,surfdock,0.53352727,0.62176958,4.9697108,0.37870005,0.97131085,4.1481539
7875,173,7895,1127,4dd8_BAT_B_1000,6,smina,0.28799609,0.62173821,4.3023763,0.3059656,0,13.585846
7876,173,14245,2035,5xsm_8EO_A_705,0,surfdock,0.57469498,0.62079757,5.2704616,0.19522372,0.96814297,4.0302039
7877,173,17644,2520,6zi7_QR8_F_503,4,gnina,0.43208249,0.62058657,4.9160533,0.21499293,0.98630957,6.9950933
7878,173,17616,2516,6zi7_QR8_A_502,4,gnina,0.43207731,0.6203662,4.91436,0.21631876,0.99600034,7.4665222
7879,173,7839,1119,4d5e_TPP_B_1590,6,smina,0.27892942,0.62008579,3.7395537,0.87997234,0.96079979,6.5056724
7880,173,774,110,1h1i_QUE_C_1358,4,gnina,0.42952689,0.61952057,4.0577712,0.72362643,0.98421302,4.755034
7881,173,14116,2016,5x5d_UMP_C_401,4,gnina,0.4977785,0.61902531,4.7215171,0.61393964,0.98271806,5.6065292
7882,173,17637,2519,6zi7_QR8_D_502,4,gnina,0.43207165,0.61899977,4.9092841,0.22029927,0.00070660118,7.11091
7883,173,781,111,1h1i_QUE_D_1357,4,gnina,0.42952689,0.61877888,4.0716419,0.72761852,0,4.621351
7884,174,4046,578,2fhk_MFN_B_602,0,surfdock,0.53193297,0.70587724,3.7045183,0.3645618,0,4.7510751
7885,174,4039,577,2fhk_MFN_A_600,0,surfdock,0.53193297,0.70376381,3.7473996,0.35792679,0,4.7241905
7886,174,10686,1526,4zsy_RW2_C_502,4,gnina,0.7974669,0.68036321,7.2434273,0.025340533,0.99101208,11.812075
7887,174,10679,1525,4zsy_RW2_B_502,4,gnina,0.79749801,0.67897087,7.2797112,0.028871583,0,9.349308
7888,174,7746,1106,4d06_NAR_E_301,4,gnina,0.61052894,0.67893526,4.3312335,0.32436886,0.98659306,5.868262
7889,174,11946,1706,5g09_6DF_A_1475,4,gnina,0.79751083,0.67537311,6.7170568,0.69246596,0.25308546,8.532569
7890,174,11960,1708,5g09_6DF_C_1475,4,gnina,0.79751883,0.6744337,6.7297883,0.70781076,0.81448353,7.9466749
7891,174,14209,2029,5xj7_87O_A_309,6,smina,0.39039671,0.67344812,3.7275074,0.39123887,0.90779839,7.6440134
7892,174,10430,1490,4yjs_4DN_A_701,0,surfdock,0.53193297,0.67330713,4.2482438,0.41792271,0,4.5337288
7893,174,10882,1554,5a8k_COM_D_555,4,gnina,0.38989122,0.67316458,3.8148854,0.29313961,0,13.413628
7894,174,767,109,1h1i_QUE_B_1356,4,gnina,0.61046224,0.66941587,4.7005029,0.14281474,0,4.6660092
7895,174,643,91,1gey_PPE_A_413,6,smina,0.2776441,0.66606928,4.0557361,0.14989032,0,10.440591
7896,174,9645,1377,4pgi_Y69_A_303,6,smina,0.20602883,0.66357866,3.4141486,0.73668218,2.9622434e-11,8.0617402
7897,174,16533,2361,6pn9_OU7_B_803,6,smina,0.20519335,0.66352408,3.8954449,0.21375073,0,7.2436753
7898,174,2567,366,1tl2_NDG_A_238,5,autodock,0.13459843,0.65983737,2.5828645,1.1073519,0.98014289,20.072807
7899,174,6523,931,3vc3_C6P_E_501,6,smina,0.24928279,0.65962239,4.2626019,0.032865863,0.5682615,6.465399
7900,174,6122,874,3rgz_BLD_A_800,4,gnina,0.80949291,0.65803736,6.1229072,2.0214133,0.9708063,5.6475863
7901,174,7739,1105,4d06_NAR_C_301,4,gnina,0.43098062,0.65733653,4.3071175,0.33528131,0.99165115,26.565815
7902,174,16568,2366,6po9_OS7_A_803,6,smina,0.24010309,0.65711334,4.2841921,0.047548965,7.5325515e-14,4.618569
7903,174,17163,2451,6t9c_MX8_A_501,6,smina,0.2776441,0.65650776,4.0248156,0.36162111,0,8.2190449
7904,174,16575,2367,6po9_OS7_B_804,6,smina,0.22037255,0.65556146,4.3083758,0.044878989,8.7493072e-12,4.4263257
7905,174,277,39,1d7a_AIR_C_400,4,gnina,0.43098067,0.6540466,4.436235,0.39886409,1.1507757e-06,5.0408707
7906,174,711,101,1gz5_G6P_B_901,4,gnina,0.43098067,0.65207731,4.3353367,0.54258156,1.2221562e-06,5.079922
7907,174,16356,2336,6nyo_U94_A_301,4,gnina,0.74626777,0.65151867,6.8340259,0.94374782,0.92698156,6.8659777
7908,174,928,132,1h69_ARH_C_1275,4,gnina,0.38989122,0.64957626,3.8381157,0.72773105,4.7567371e-06,4.3270485
7909,174,718,102,1gz5_G6P_C_901,4,gnina,0.43098093,0.6478265,4.4345355,0.54216403,3.3112043e-06,5.2826121
7910,174,16496,2356,6p9t_O5D_A_307,4,gnina,0.43098074,0.6470953,4.1811328,0.80948192,1.5596822e-09,6.1931396
7911,174,4393,627,2ixi_TYD_A_1182,4,gnina,0.43098062,0.64549579,4.7462945,0.14043233,0.0060292577,4.6633699
7912,174,9797,1399,4r2n_PLP_A_401,4,gnina,0.80967704,0.64379799,8.117527,0.48293364,0.97958681,9.2934236
7913,174,14440,2062,5ybq_8T0_B_303,6,smina,0.23683619,0.64119388,4.0522704,0.59127361,0,4.1578568
7914,174,6500,928,3vc3_C6P_B_501,4,gnina,0.64497248,0.64099319,6.5741539,0.08907868,0.94751591,13.556924
7915,174,14816,2116,6br1_E3Y_B_505,4,gnina,0.43098062,0.64007154,4.8955097,0.10769922,0.023130243,8.7751442
7916,174,14361,2051,5yb7_ORN_B_602,4,gnina,0.43102205,0.6390745,4.3534188,0.83981323,0.12745456,35.101254
7917,174,9639,1377,4pgi_Y69_A_303,0,surfdock,0.53193297,0.63796365,4.2871699,1.1331574,0.96262219,4.4458797
7918,174,15672,2238,6jc7_F0G_A_601,6,smina,0.24119155,0.63793792,4.1078525,0.61287487,4.334176e-08,5.6134386
7919,174,5352,764,2vmw_PLP_A_501,4,gnina,0.43103033,0.63720953,4.9120746,0.32853699,0.036986506,5.3835308
7920,174,15343,2191,6fs7_E4Z_A_903,6,smina,0.2776441,0.63686019,4.4841862,0.29967526,0,4.1097238
7921,174,2960,422,1x29_PMG_B_1413,6,smina,0.2776441,0.63366723,4.3044224,0.54754019,0.88389943,6.3966713
7922,174,879,125,1h48_GPP_E_904,4,gnina,0.43098062,0.63276588,4.6813641,0.48348796,0.071346744,4.5912288
7923,174,7837,1119,4d5e_TPP_B_1590,4,gnina,0.80974431,0.6319168,7.9514046,1.0543149,0.99438554,7.6225723
7924,174,15810,2258,6jyg_FLC_E_402,4,gnina,0.3904603,0.63170843,4.5522542,0.39769542,1.9979184e-06,6.3412933
7925,174,15187,2169,6f77_PLP_C_600,4,gnina,0.43098132,0.62977325,4.682466,0.70117038,3.3601838e-05,7.1131681
7926,174,6514,930,3vc3_C6P_D_501,4,gnina,0.62917859,0.62916731,6.6444545,0.12099937,0.93963866,9.8743895
7927,174,14713,2101,6av2_BY7_B_803,6,smina,0.22587428,0.62592582,4.2781634,0.68858141,0,6.7581557
7928,174,15194,2170,6f77_PLP_D_600,4,gnina,0.43098062,0.62561592,4.6038284,0.72473723,0.98392027,7.3605864
7929,174,4052,578,2fhk_MFN_B_602,6,smina,0.20602883,0.62537205,3.9327202,0.98719233,0,15.490016
7930,174,692,98,1gsq_GDN_A_203,6,smina,0.20602883,0.6248233,4.6327529,0.29924306,5.0084023e-06,12.871435
7931,174,16286,2326,6ngu_KMJ_B_803,4,gnina,0.49555206,0.62461176,5.0062604,0.66283965,0,5.3721606
7932,174,15180,2168,6f77_PLP_A_600,4,gnina,0.43098062,0.62412275,4.6537151,0.70975155,0,7.3028052
7933,174,13215,1887,5o3g_9J8_B_501,6,smina,0.24990419,0.62410129,4.7192397,0.31001967,0,7.5230775
7934,175,9195,1313,4m54_AE5_A_403,4,gnina,0.3836652,0.77462505,3.4492066,0.17653106,0,3.1661107
7935,175,17476,2496,6wiw_I14_A_601,4,gnina,0.67167878,0.73543521,4.6277947,1.1559432,0.12974085,5.1618245
7936,175,12108,1729,5gwx_SAR_A_302,5,autodock,0.17039093,0.71374625,3.4304054,0.67925495,0.82748064,4.5740634
7937,175,9678,1382,4q3a_2YC_B_904,4,gnina,0.43063989,0.70215103,4.5734563,0.19090368,0.97992052,4.1014986
7938,175,13091,1870,5n5k_HAE_A_306,1,unimol,0.66807862,0.690911,6.3270493,0.2936554,0.96926924,21
7939,175,6164,880,3roe_THM_F_265,4,gnina,0.43174858,0.68934949,4.5199451,0.58981341,0.98829403,6.3524501
7940,175,17478,2496,6wiw_I14_A_601,6,smina,0.30040831,0.68887422,3.6090736,1.1619678,0,5.3500486
7941,175,16841,2405,6r73_LMP_B_301,6,smina,0.21094066,0.68756768,4.316195,0.41664049,0,8.0588347
7942,175,10870,1552,5a86_D7E_B_1432,6,smina,0.27883117,0.68697212,4.1998305,0.58290976,0,5.4029563
7943,175,14123,2017,5x5d_UMP_D_401,4,gnina,0.43063989,0.68615606,4.5425758,0.48103747,0.57401564,5.638374
7944,175,3742,534,2caq_GSH_A_1208,4,gnina,0.4306413,0.68458818,4.8172665,0.34999514,0.00028941252,4.3956822
7945,175,15775,2253,6jx9_CQC_A_501,4,gnina,0.46352154,0.68211207,4.9074955,0.3709141,0.030228069,4.1697231
7946,175,13381,1911,5t63_ALA_C_1,4,gnina,0.38366716,0.67862371,4.3741441,0.58000857,0,5.0681908
7947,175,17485,2497,6wiw_I14_B_601,6,smina,0.2058291,0.67823819,3.6889725,1.1583493,0,5.7429879
7948,175,10868,1552,5a86_D7E_B_1432,4,gnina,0.48310788,0.67576043,5.0100961,0.40975931,2.7101685e-06,5.4973562
7949,175,16545,2363,6png_OSG_A_803,4,gnina,0.42838521,0.67188366,4.9116087,0.26003596,0.071864658,4.2746433
7950,175,13556,1936,5tm5_7EV_B_601,4,gnina,0.43063989,0.66944516,4.990252,0.32431129,0,5.9534922
7951,175,10910,1558,5abz_Z47_B_201,4,gnina,0.38188702,0.66564016,5.0019164,0.16619277,0.36599928,4.3640303
7952,175,17479,2497,6wiw_I14_B_601,0,surfdock,0.53054272,0.66506146,4.4389052,1.2496166,0.95102656,4.1794404
7953,175,14907,2129,6cgc_F0A_A_402,4,gnina,0.52701821,0.66320492,5.1733932,0.51066303,0.047204281,5.9907433
7954,175,1210,172,1j3i_WRA_A_609,6,smina,0.27883117,0.65997922,5.0820737,0.16102026,7.4726446e-06,6.7027073
7955,175,1217,173,1j3i_WRA_B_709,6,smina,0.26326369,0.65915347,5.0767822,0.1640228,8.4858114e-06,5.9307645
7956,175,14564,2080,5zgr_ZZ7_A_303,4,gnina,0.44117474,0.65880989,5.154726,0.53034788,0.96568782,4.7907153
7957,175,13878,1982,5vuu_9OJ_B_803,4,gnina,0.48441593,0.65762817,5.179913,0.601928,0,4.9628244
7958,175,14909,2129,6cgc_F0A_A_402,6,smina,0.24417321,0.65758644,4.3333564,0.92334735,0,7.8151044
7959,175,7109,1015,4a8p_PAO_D_1340,4,gnina,0.55659173,0.6575604,5.3007817,0.58794284,0.1008177,8.6417413
7960,175,13864,1980,5vut_9OG_B_803,4,gnina,0.43063989,0.6573912,5.0438581,0.49448949,2.4527493e-13,6.407593
7961,175,4372,624,2ij7_TPF_F_2474,4,gnina,0.57358775,0.65730569,5.1550126,0.74713147,8.8298915e-06,10.01731
7962,175,7727,1103,4cx6_Q16_B_800,6,smina,0.27883117,0.65724104,5.1116495,0.16712375,7.5478345e-09,8.1845856
7963,175,16902,2414,6rgg_K3Q_B_402,4,gnina,0.43068676,0.65608197,5.3293295,0.37645197,0.00017064237,5.1465576
7964,175,14557,2079,5zge_ZZ7_B_302,4,gnina,0.43063991,0.65563651,5.154726,0.53034788,0.95815713,4.560066
7965,175,13871,1981,5vuu_9OJ_A_805,4,gnina,0.43064074,0.65505008,5.1233959,0.58628118,0,5.3134771
7966,175,16888,2412,6rgg_K3Q_A_403,4,gnina,0.43064,0.65331528,5.3372421,0.39845431,0.00022155766,5.2054792
7967,175,3933,561,2ei7_D93_A_700,6,smina,0.27883117,0.65280132,4.2653313,1.1098915,0,6.2486476
7968,175,7116,1016,4a8p_PAO_E_1338,4,gnina,0.59673288,0.65225557,5.3865962,0.63890076,0.89500987,6.6766957
7969,175,180,25,1bqp_MAN_C_402,5,autodock,0.17443967,0.65210648,4.8547616,0.28091982,0.98157457,24.430943
7970,175,6257,893,3sru_Q26_X_169,6,smina,0.27883117,0.65180064,5.0539517,0.34003851,0,7.500317
7971,175,12975,1853,5m0e_7CR_A_922,4,gnina,0.62680075,0.65166789,6.0813084,0.84355831,0.92014125,8.1763124
7972,175,14550,2078,5zg2_ZK1_B_901,4,gnina,0.43063989,0.65085603,5.0166078,0.6482982,0.979768,4.8255014
7973,175,10056,1436,4uoc_NCN_B_400,4,gnina,0.43063989,0.6507669,5.1042023,0.56245697,0.95792048,4.1058233
7974,175,9783,1397,4r08_URI_D_901,4,gnina,0.43063989,0.64914219,5.0289035,0.66982609,8.1160254e-05,13.352879
7975,175,15159,2165,6f76_CVK_A_203,4,gnina,0.43063989,0.64862852,5.3133802,0.39554039,0.22856339,6.9733956
7976,175,15714,2244,6jk9_BU0_B_501,6,smina,0.27883117,0.64853815,4.5590138,0.89676785,0,8.3910295
7977,175,2846,406,1vzu_UDP_A_1371,4,gnina,0.43063989,0.64782236,4.970921,0.75404036,0.77646263,5.2704683
7978,175,4932,704,2qd1_CHD_D_802,4,gnina,0.43063989,0.64726929,5.2174535,0.61114526,5.6557695e-11,5.4673389
7979,175,13187,1883,5o3b_9HZ_C_501,6,smina,0.2058291,0.64610825,4.830194,0.58585912,0,6.6673954
7980,175,10885,1555,5a8k_TP7_A_558,0,surfdock,0.53054272,0.6460817,4.6229515,1.4483583,0,2.9580491
7981,175,12016,1716,5g4r_LF1_B_1739,4,gnina,0.43063989,0.64605736,4.701055,1.0592372,0.57918902,5.0168445
7982,175,13173,1881,5o3b_9HZ_A_501,6,smina,0.2058291,0.64592323,4.8355217,0.58405477,0,7.4754867
7983,175,10689,1527,4zsy_RW2_D_502,0,surfdock,0.42386875,0.64581208,5.2317367,0.33545566,0,4.4039708
7984,176,8006,1143,4e7v_CRS_G_101,5,autodock,0.21906127,0.73298379,2.1315472,1.1801922,0.92394001,30.394555
7985,176,8027,1146,4e7v_CRS_O_101,5,autodock,0.21529902,0.72740707,2.1315472,1.1801922,0.80625289,57.330887
7986,176,12691,1813,5jfx_6K4_A_4000,0,surfdock,0.52934499,0.7159219,3.550452,0.92353654,0.94136716,5.14817
7987,176,7985,1140,4e7v_CRS_1_101,5,autodock,0.21041077,0.71012426,2.0826643,1.188761,0.27906952,4.192688
7988,176,15008,2144,6dmi_5T5_A_504,0,surfdock,0.52934499,0.67709595,4.9057422,0.23442852,0.98771329,4.1082817
7989,176,5401,771,2w0b_CMW_A_1450,4,gnina,0.42988427,0.6687063,4.476666,0.65571463,0,4.9777995
7990,176,3800,542,2d1j_D01_A_700,6,smina,0.27570373,0.6672757,4.3117204,0.51691818,0,4.5899051
7991,176,8041,1148,4e7v_CRS_S_101,5,autodock,0.20094486,0.66398339,2.1177976,1.1823226,0.047936036,28.744547
7992,176,5746,820,2ynf_WHU_A_1563,6,smina,0.27570373,0.65638056,4.9066434,0.12288667,0,8.0489161
7993,176,16685,2383,6qdc_HXE_A_1004,4,gnina,0.42989343,0.65357331,4.9542661,0.49375919,0.016836085,4.8541099
7994,176,5429,775,2wch_B7M_A_1145,4,gnina,0.42988423,0.65348401,4.9214582,0.39544511,1.7528431e-06,4.0295008
7995,176,10021,1431,4ug6_XFJ_A_904,4,gnina,0.43015514,0.65008156,5.2155795,0.31060106,4.008391e-09,4.6112421
7996,176,1670,238,1m3u_KPL_I_265,4,gnina,0.5269779,0.65002812,5.3269677,0.3119328,0.94391972,7.0535466
7997,176,5145,735,2r5e_QLP_B_430,0,surfdock,0.52934499,0.64949765,5.1266193,0.56146175,0,4.4178894
7998,176,12697,1813,5jfx_6K4_A_4000,6,smina,0.20397909,0.64548502,3.3298702,0.63822889,0,14.472708
7999,176,13782,1968,5uo5_M4R_A_803,6,smina,0.23895159,0.64439311,4.7580795,0.32307062,0.99294021,6.8947199
8000,176,8663,1237,4i9n_1E5_C_402,4,gnina,0.54972696,0.64427506,5.6171861,0.23018509,0.93864857,10.060153
8001,176,5291,755,2v7o_DRN_A_1303,6,smina,0.24881328,0.64000742,4.4535513,0.87513089,0,13.891648
8002,176,6951,993,3zcm_PX3_A_1214,0,surfdock,0.52934499,0.63482144,5.8528943,0.15609141,0,4.6804358
8003,176,6958,994,3zcm_PX3_B_1216,0,surfdock,0.52934499,0.63482144,5.8528943,0.15609141,0,4.7254709
8004,176,10042,1434,4ugg_S5D_A_904,4,gnina,0.42924943,0.63384875,5.448729,0.18426377,6.972228e-09,5.2866837
8005,176,6341,905,3tye_XTZ_A_801,6,smina,0.36420283,0.63242532,4.4491019,1.0767728,0,6.1221861
8006,176,6663,951,3w7f_FPS_A_302,6,smina,0.23736816,0.63144278,4.7875848,0.5197916,0,6.452828
8007,176,9482,1354,4nkw_PLO_C_601,4,gnina,0.42988424,0.62996555,5.0620332,0.86244279,0.99258858,6.3839773
8008,176,9349,1335,4n4j_HG1_A_606,4,gnina,0.45288018,0.62918107,4.8881154,1.1325736,6.1360333e-09,5.0660855
8009,176,14706,2100,6av2_BY7_A_803,6,smina,0.21393482,0.62879073,4.1774387,0.56131685,0,5.8420282
8010,176,4568,652,2ntk_IMP_C_207,4,gnina,0.42988423,0.62751131,5.593998,0.27125487,0.98463583,4.1454206
8011,176,16699,2385,6qde_HWW_A_503,4,gnina,0.42988423,0.62728723,5.79814,0.072142586,0,5.9598357
8012,177,14063,2009,5x23_LSN_A_502,0,surfdock,0.52874502,0.80658836,3.8998318,0.3286365,0,4.8955941
8013,177,14077,2011,5x23_LSN_A_504,0,surfdock,0.56777832,0.78434685,4.142858,0.36207941,0.05913547,4.4571975
8014,177,5656,808,2xyj_WLM_A_1442,0,surfdock,0.52874502,0.77110484,3.9299843,0.6946578,0,4.4595814
8015,177,5670,810,2xyj_WLM_B_1442,0,surfdock,0.52874502,0.7674349,3.9844377,0.68434417,0.92627018,4.93018
8016,177,3105,443,1y5x_E89_D_1500,4,gnina,0.42954969,0.75103173,4.6205602,0.061198965,0.93575804,4.3976203
8017,177,3098,442,1y5x_E89_A_500,4,gnina,0.42954969,0.74907184,4.6334233,0.072758451,0.98055976,4.5296764
8018,177,2958,422,1x29_PMG_B_1413,4,gnina,0.80932686,0.74265778,6.5251389,0.6447311,0.88123728,7.3705224
8019,177,3091,441,1y5v_NE8_A_500,4,gnina,0.4295497,0.71745743,4.476809,0.73557639,0.99138177,3.7686461
8020,177,13668,1952,5ud3_P6F_B_404,4,gnina,0.57799027,0.71498562,5.3306031,0.096131727,0.91866482,4.5385435
8021,177,15600,2228,6hsg_GM5_A_504,4,gnina,0.42954969,0.71438096,5.0010185,0.17128547,3.8754286e-06,6.7247013
8022,177,15614,2230,6hsg_GM5_D_504,4,gnina,0.42954969,0.71110272,5.0542531,0.16565982,0.61323574,6.6920624
8023,177,7123,1017,4a8p_PAO_F_1340,4,gnina,0.42954969,0.70967578,5.0906878,0.15015437,0.76571764,13.610535
8024,177,13097,1871,5n8c_8Q8_A_403,0,surfdock,0.50697757,0.70915288,4.8447509,0.58710271,0,5.0410398
8025,177,9986,1426,4uc9_ASP_B_1300,4,gnina,0.42954969,0.70532264,4.3839321,0.99349827,2.8807033e-09,5.1517273
8026,177,795,113,1h1m_KMP_C_1358,4,gnina,0.42954969,0.70246943,4.5053525,0.84314477,0.99258705,4.7804437
8027,177,14763,2109,6b9p_D0J_B_1001,0,surfdock,0.52874502,0.700878,4.4780879,1.1154164,0.17947829,4.1147184
8028,177,788,112,1h1m_KMP_A_1360,4,gnina,0.42954969,0.6993875,4.5038772,0.89167893,0.98710826,4.8766871
8029,177,5663,809,2xyj_WLM_B_1441,0,surfdock,0.52874502,0.69741988,4.9377651,0.71114188,0.85546994,5.0574008
8030,177,4554,650,2ntk_IMP_A_205,4,gnina,0.42954969,0.69359633,5.2773037,0.20838393,0.98009597,5.4591235
8031,177,7102,1014,4a8p_PAO_C_1340,4,gnina,0.42603582,0.69087119,5.1545959,0.23284918,0.80080776,6.623323
8032,177,14067,2009,5x23_LSN_A_502,4,gnina,0.4260651,0.6908526,4.8578448,0.55944169,0.98204509,9.5322494
8033,177,12513,1787,5iuy_BOG_B_503,4,gnina,0.46292651,0.69020315,5.6524739,0.041480068,0.91383303,5.9409109
8034,177,15243,2177,6fld_DQ5_A_604,4,gnina,0.42954969,0.68855017,5.3163209,0.24976449,0,7.0687706
8035,177,7427,1061,4c2z_646_A_1498,0,surfdock,0.52874502,0.68836604,4.9832101,0.81472558,0.95322667,6.6881694
8036,177,5250,750,2uza_HTL_B_1236,0,surfdock,0.53346405,0.68619064,4.6850076,1.1820586,0,5.1718785
8037,177,16279,2325,6ngu_KMJ_A_803,4,gnina,0.43999114,0.68617926,4.9686322,0.77451116,1.8426388e-06,7.1569991
8038,177,17483,2497,6wiw_I14_B_601,4,gnina,0.59160326,0.68552123,5.3838387,0.52947217,3.7073442e-06,5.2555571
8039,177,7434,1062,4c2z_646_B_1498,0,surfdock,0.52874502,0.68413281,5.0392299,0.83042395,0,4.892861
8040,177,10000,1428,4uch_OLW_A_800,4,gnina,0.42954969,0.68392147,5.0402789,0.60112321,1.6165646e-08,4.8628674
8041,177,10892,1556,5a8k_TP7_D_554,0,surfdock,0.52874502,0.68322115,5.053936,0.83133745,0,4.0888127
8042,177,8201,1171,4g1q_T27_A_601,4,gnina,0.42954969,0.67695289,5.5863624,0.17135626,2.6334242e-07,5.7852543
8043,177,4596,656,2nu7_COA_E_1025,4,gnina,0.4433657,0.67584682,5.6048799,0.31758848,1.0251491e-10,5.5456509
8044,177,14074,2010,5x23_LSN_A_503,4,gnina,0.42954969,0.6750722,4.9503078,0.83942235,0.00042723731,7.0588699
8045,177,16920,2417,6rhc_K48_A_305,1,unimol,0.8562721,0.67258692,9.1829519,0.11094777,0.96944913,16.87
8046,177,4575,653,2ntk_IMP_D_208,4,gnina,0.42954969,0.67227648,5.5582509,0.27956143,7.5378311e-06,5.4277978
8047,177,13027,1861,5m8d_UGI_B_501,0,surfdock,0.52874502,0.66947566,4.0430436,2.0855265,0.98035145,4.6029128
8048,177,4582,654,2nu7_COA_B_1025,4,gnina,0.42954969,0.66903748,5.6431599,0.3341392,3.4650486e-10,5.3936059
8049,177,4346,620,2iht_TPP_B_600,6,smina,0.38847442,0.66824374,5.1837959,0.55749828,0.83959179,6.2234349
8050,177,7482,1068,4ccu_AWF_A_1500,6,smina,0.44594088,0.66782347,4.657558,1.4106601,0,8.6825882
8051,177,4347,621,2iht_TPP_D_600,0,surfdock,0.52874502,0.6646353,5.5225987,0.69526088,0.41478749,6.4589117
8052,177,3074,439,1y2x_NAG_D_3144,1,unimol,0.84940266,0.6620558,8.4373293,1.0718646,0.96230572,23.45
8053,177,12618,1802,5j61_A3G_C_501,4,gnina,0.46468867,0.66056975,5.839067,0.37848124,0.94384045,17.68329
8054,177,5660,808,2xyj_WLM_A_1442,4,gnina,0.4260651,0.66014917,5.4948521,0.43610644,9.7046703e-05,9.8089649
8055,177,2388,341,1s83_4HA_A_5,1,unimol,0.81392152,0.65986566,7.9085312,1.2617861,0.96651693,23.09
8056,177,5674,810,2xyj_WLM_B_1442,4,gnina,0.4260651,0.65851174,5.567781,0.39260858,0.9293051,8.4520375
8057,177,10891,1555,5a8k_TP7_A_558,6,smina,0.2749719,0.65779296,5.0218415,0.64623642,0.98609124,5.2872061
8058,177,16265,2323,6nga_KL7_A_803,4,gnina,0.42954969,0.65542788,5.2732511,0.86748385,7.403723e-07,5.1096803
8059,177,13388,1912,5t6b_TMP_B_504,4,gnina,0.42954969,0.65524147,5.2665663,0.8776511,0.92135352,9.0756045
8060,177,9272,1324,4mop_2H5_A_802,4,gnina,0.42975025,0.65416535,5.8133531,0.47470266,2.4594775e-06,7.3053959
8061,177,5144,734,2r5e_QLP_A_430,6,smina,0.2749719,0.65290741,4.8976049,0.85530818,0,7.2225717
8062,178,659,94,1giu_ADE_A_300,1,unimol,0.7381274,0.77738151,5.8411484,0.3101818,0,12.77
8063,178,10436,1490,4yjs_4DN_A_701,6,smina,0.27350081,0.70531887,4.0282378,0.86030495,0,8.4233364
8064,178,16573,2367,6po9_OS7_B_804,4,gnina,0.43174679,0.7010195,5.2020507,0.22060654,8.5416241e-12,5.401732
8065,178,16531,2361,6pn9_OU7_B_803,4,gnina,0.44613174,0.69876104,4.9762535,0.4976595,7.8365214e-11,6.071904
8066,178,8622,1231,4i6w_1CO_B_1001,5,autodock,0.24865986,0.69641272,3.3298645,1.0108341,0.53481818,7.2599447
8067,178,16524,2360,6pn9_OU7_A_803,4,gnina,0.4304362,0.69284727,4.9618001,0.48275799,5.2374488e-06,5.9252401
8068,178,13738,1962,5unr_8EV_A_803,4,gnina,0.4304362,0.69237241,5.1843867,0.26774803,5.5719371e-06,4.7744884
8069,178,7781,1111,4d0z_BBK_A_1581,4,gnina,0.58548941,0.69200929,5.4213319,0.28545868,0.0001254788,20.656014
8070,178,16566,2366,6po9_OS7_A_803,4,gnina,0.42758392,0.69118433,5.1873283,0.2085681,8.3485485e-12,5.1688074
8071,178,8546,1220,4i2p_G73_A_601,6,smina,0.45157963,0.69067705,4.22895,1.3771324,0.99240886,8.8807466
8072,178,10133,1447,4v3w_E2Z_A_800,4,gnina,0.43044194,0.6881587,5.1163535,0.4976989,1.0010576e-10,5.1127406
8073,178,8903,1271,4k5g_Q13_A_803,6,smina,0.27055339,0.67948076,4.8377061,0.27809048,1.2075471e-12,6.8065
8074,178,10140,1448,4v3w_E2Z_B_800,4,gnina,0.42793367,0.67900404,5.0437846,0.5561654,1.3316878e-13,5.2490657
8075,178,15012,2144,6dmi_5T5_A_504,4,gnina,0.68682507,0.67511859,6.581398,0.89679468,0.57661169,5.4326481
8076,178,14690,2098,6ald_2FP_B_700,4,gnina,0.43043715,0.6718784,4.8577571,1.027788,3.3368578e-06,5.9183163
8077,178,7473,1067,4cb5_93G_A_1484,4,gnina,0.4304362,0.67157384,5.0398388,0.76010364,0.00011797458,4.1025466
8078,178,7809,1115,4d3s_BOG_H_1000,4,gnina,0.59466864,0.66937578,5.7369847,0.37699533,2.0973815e-07,8.8262574
8079,178,3833,547,2dv0_ZST_A_600,4,gnina,0.4304362,0.66886711,5.4496884,0.39791924,0.97243901,5.3074447
8080,178,12030,1718,5g4r_LF1_D_1739,4,gnina,0.42957172,0.66732338,5.4280314,0.37854615,0.99701573,5.3438541
8081,178,14683,2097,6ald_2FP_A_700,4,gnina,0.4304362,0.66673603,4.8577571,1.027788,2.1624969e-06,7.1249077
8082,178,4141,591,2fz8_ZST_A_600,4,gnina,0.4304362,0.66383526,5.5233917,0.41437984,0.99334807,7.6681023
8083,178,17596,2513,6ypv_AKG_A_302,5,autodock,0.24230031,0.66283368,2.7109101,1.4370923,0.0292738,9.0919864
8084,178,1110,158,1itw_ICT_B_744,4,gnina,0.43043634,0.66230396,5.696888,0.35757425,0.013753761,9.4803039
8085,178,12775,1825,5k5m_68T_A_1003,0,surfdock,0.52680906,0.66004263,5.637424,0.59091514,0.33246179,4.5512195
8086,178,10434,1490,4yjs_4DN_A_701,4,gnina,0.48532371,0.65936344,5.2643771,0.9367944,0.001032364,6.9706642
8087,178,11827,1689,5fli_QUE_E_301,4,gnina,0.61731362,0.65031271,6.1429672,0.36261854,0,32.570257
8088,178,17315,2473,6u6c_PZV_F_802,4,gnina,0.53641017,0.64981694,5.6190133,0.83837396,0.97899957,9.9320502
8089,178,15362,2194,6fs7_E4Z_D_903,4,gnina,0.45748061,0.64939363,6.0976105,0.25737515,0,6.0947445
8090,178,16773,2396,6qrn_RIP_A_500,1,unimol,0.66249943,0.64895911,6.7902074,1.0694008,0,14.98
8091,178,11841,1691,5fli_QUE_G_301,4,gnina,0.53730294,0.64751602,6.1429672,0.36261854,0.92247166,7.3092218
8092,178,16251,2321,6ng5_KMD_A_803,4,gnina,0.52752745,0.64537841,6.0086441,0.53388894,0,5.1608901
8093,178,15355,2193,6fs7_E4Z_C_903,4,gnina,0.4642773,0.64467996,6.1872725,0.27383515,0.95085,6.9260885
8094,178,77,11,1aiq_CB3_A_266,0,surfdock,0.52680906,0.64300112,5.2684145,1.2986021,0.93128278,4.8039041
8095,178,15369,2195,6fs7_E4Z_E_903,4,gnina,0.4304362,0.64204942,6.0801444,0.27277005,7.9319298e-05,7.4701527
8096,178,11491,1641,5edh_5MF_B_803,4,gnina,0.4304362,0.6415879,5.7825227,0.57964778,0.99529393,6.5782587
8097,178,15376,2196,6fs7_E4Z_F_903,4,gnina,0.43044031,0.64103521,6.1873126,0.29259965,0.97452401,6.185947
8098,178,2945,420,1x09_IPE_A_901,5,autodock,0.561731,0.64074425,5.0810056,1.5764242,0.018630758,5.861679
8099,178,2965,423,1x2a_PDG_A_413,4,gnina,0.56128695,0.64055315,5.6697884,0.98995078,0.97851814,7.3680452
8100,178,11498,1642,5edh_5MF_D_803,4,gnina,0.4304362,0.63958067,5.8160229,0.58663052,1.1401345e-08,8.5422058
8101,178,16188,2312,6n0z_DP6_F_401,4,gnina,0.52558511,0.63940583,6.0408912,0.57626832,0,6.5771969
8102,178,5151,735,2r5e_QLP_B_430,6,smina,0.27350081,0.63927007,5.2355628,0.73216534,0,6.3690655
8103,178,15348,2192,6fs7_E4Z_B_903,4,gnina,0.4304362,0.63905409,6.1459756,0.2673614,0.97425128,7.3453941
8104,178,8629,1232,4i6y_MEV_A_501,5,autodock,0.25185709,0.63880038,3.5829532,1.6818641,0.47162222,9.6335978
8105,178,11484,1640,5edh_5MF_A_803,4,gnina,0.4304362,0.63708398,5.8580298,0.59551281,7.7184361e-05,8.6306142
8106,178,11708,1672,5faj_DCS_B_401,4,gnina,0.4304362,0.63674103,5.8827128,0.57786709,0.99189618,8.0216131
8107,178,11715,1673,5faj_DCS_C_401,4,gnina,0.4304362,0.63649917,5.8966708,0.56887889,0,6.9669172
8108,178,17245,2463,6tol_NQW_A_201,4,gnina,0.4304362,0.6363461,6.3705368,0.098161586,0.00094125083,8.1763278
8109,178,11701,1671,5faj_DCS_A_401,4,gnina,0.4304362,0.6356517,5.9389653,0.54404324,3.6731228e-07,6.4915077
8110,178,8636,1233,4i6y_MEV_B_1001,5,autodock,0.24984813,0.635148,3.5829532,1.6818641,0.49691222,8.6960388
8111,178,15341,2191,6fs7_E4Z_A_903,4,gnina,0.4304362,0.63503159,6.2114072,0.28441957,0.96536331,6.0914055
8112,179,13031,1861,5m8d_UGI_B_501,4,gnina,0.68573812,0.75888798,5.4482551,0.73037004,0.99549744,11.320527
8113,179,12443,1777,5ijz_AKG_D_502,4,gnina,0.61624828,0.72391679,5.2817307,0.24472086,0.55462288,29.454953
8114,179,13033,1861,5m8d_UGI_B_501,6,smina,0.30457528,0.72096548,4.6052203,0.60730606,0,6.5356727
8115,179,17448,2492,6vv9_RQ1_A_202,4,gnina,0.42872156,0.71142812,5.395937,0.17036949,3.9642595e-06,6.2801646
8116,179,1442,206,1knu_YPA_A_1001,0,surfdock,0.52580757,0.71088628,4.4541888,1.2091415,0.98339956,4.53872
8117,179,17455,2493,6vv9_RQ1_B_304,4,gnina,0.43832281,0.7107264,5.4437213,0.15733831,0.07095495,6.047024
8118,179,12422,1774,5ijz_AKG_A_502,4,gnina,0.43031806,0.70873686,5.3644352,0.25398934,0,28.682882
8119,179,14069,2009,5x23_LSN_A_502,6,smina,0.53296112,0.70695575,5.4047952,0.33805373,0,9.597798
8120,179,12429,1775,5ijz_AKG_B_502,4,gnina,0.429474,0.70642838,5.3927827,0.25341341,0.00096094983,37.732935
8121,179,15014,2144,6dmi_5T5_A_504,6,smina,0.2850211,0.70585548,4.2657385,0.95595598,0,5.9005415
8122,179,11641,1663,5ew8_5SF_B_802,0,surfdock,0.5315293,0.7054696,5.3699646,0.3943319,0.9519242,4.7232337
8123,179,11634,1662,5ew8_5SF_A_803,0,surfdock,0.52580757,0.70425327,5.3699646,0.3943319,0.98966429,4.8057504
8124,179,10994,1570,5awd_IDQ_A_901,4,gnina,0.42871041,0.70130043,4.8952785,0.81367272,4.8913406e-05,6.0217057
8125,179,12436,1776,5ijz_AKG_C_502,4,gnina,0.42871037,0.70020137,5.4073234,0.25321391,0,32.376318
8126,179,12450,1778,5ijz_AKG_H_502,4,gnina,0.42871037,0.69924665,5.4219041,0.25320372,0.48527209,31.873275
8127,179,8715,1245,4i9n_1E6_G_401,0,surfdock,0.52580757,0.69739032,5.2818599,0.58994919,0,4.0368414
8128,179,8694,1242,4i9n_1E6_C_401,0,surfdock,0.52580757,0.69275809,5.3184938,0.62769645,0.97730695,4.0444522
8129,179,8701,1243,4i9n_1E6_D_401,0,surfdock,0.52580757,0.68634101,5.3697762,0.68195331,0.94817512,4.0885962
8130,179,8680,1240,4i9n_1E6_A_401,0,surfdock,0.52580757,0.6828564,5.3994441,0.71084559,0.99021964,4.1110327
8131,179,8943,1277,4kfj_1R0_A_202,4,gnina,0.40781455,0.67789254,4.8677249,1.0362842,0.0002590492,6.029362
8132,179,17686,2526,7ak3_RH8_A_501,4,gnina,0.42871037,0.6778607,5.4464183,0.57137579,0.99069143,5.1088756
8133,179,11983,1711,5g21_YN4_A_1002,6,smina,0.40447542,0.67723047,5.4644508,0.44899851,0,11.206625
8134,179,10889,1555,5a8k_TP7_A_558,4,gnina,0.80848114,0.67588573,8.1717367,0.74092638,0.99548915,19.030661
8135,179,16258,2322,6ng5_KMD_B_803,4,gnina,0.42871037,0.67263711,5.5319362,0.57456696,3.2003711e-10,5.1660656
8136,179,4211,601,2giq_NN2_B_2001,4,gnina,0.61457938,0.66971632,5.7123909,0.68327737,0.9765599,5.7117082
8137,179,12185,1740,5h9i_XAN_A_301,5,autodock,0.29632795,0.66912078,4.7344651,1.1734015,0.97845374,6.2166916
8138,179,2643,377,1tvw_CB3_A_318,4,gnina,0.46771475,0.66874335,5.7603822,0.54803038,7.7561149e-11,10.72032
8139,179,17050,2435,6sux_BEN_A_302,5,autodock,0.28114986,0.66627375,4.91855,0.77253723,0.99569921,5.8809071
8140,179,17057,2436,6svu_BEN_A_302,5,autodock,0.28114242,0.66618304,4.91855,0.77253723,0.9950621,5.8262792
8141,179,13188,1884,5o3b_9HZ_D_501,0,surfdock,0.572541,0.66417389,5.9116845,0.56368971,7.0236726e-05,4.4564101
8142,179,14747,2106,6b6r_BEN_A_302,5,autodock,0.28111271,0.66353544,4.9517574,0.77632326,0.99468222,5.6741296
8143,179,13375,1910,5t3h_BEN_A_302,5,autodock,0.2811089,0.66344504,4.9517574,0.77632326,0.99469528,4.4381805
8144,179,13167,1881,5o3b_9HZ_A_501,0,surfdock,0.572541,0.66274864,5.8807335,0.6211071,0,4.537199
8145,179,10147,1449,4w1v_3GS_B_502,4,gnina,0.42871037,0.66260143,5.016171,1.2666841,0.13109496,5.1254658
8146,179,13181,1883,5o3b_9HZ_C_501,0,surfdock,0.572541,0.66253699,5.8781929,0.6275931,0,4.4746512
8147,179,13462,1923,5tde_2HP_B_901,1,unimol,0.86169754,0.66245047,8.5855064,1.1182996,0.94388161,19.98
8148,179,13174,1882,5o3b_9HZ_B_501,0,surfdock,0.52580757,0.66182727,5.8951416,0.58841395,0,4.3418617
8149,179,14977,2139,6dl7_ONC_B_301,4,gnina,0.42871037,0.66098988,5.5859818,0.72594351,0.85398494,6.0754978
8150,179,3728,532,2c6q_IMP_G_1338,4,gnina,0.61829486,0.6605006,6.6887074,0.35983801,0.94479226,10.145394
8151,179,15005,2143,6dl7_ONC_G_301,4,gnina,0.42871037,0.65954785,5.6453395,0.75854385,0,6.5093711
8152,179,5331,761,2vkg_CF4_A_1064,4,gnina,0.39355506,0.65907118,4.6993518,1.5237809,7.9436959e-05,4.2364415
8153,179,5906,843,2zka_AZA_A_302,5,autodock,0.29435311,0.6558553,4.1875343,1.9082479,0.98642913,2.1504373
8154,179,5614,802,2xta_TPP_D_2001,0,surfdock,0.52580757,0.65572315,5.6659737,0.93271047,0,4.5752978
8155,179,9104,1300,4lek_1DN_X_202,4,gnina,0.42871037,0.65341414,5.7653122,0.68616319,0.95927662,4.896656
8156,179,14137,2019,5x6r_7ZR_A_402,4,gnina,0.56112705,0.65143319,6.2117229,0.49992514,3.095097e-09,6.2468358
8157,179,9392,1341,4n9v_AZA_A_401,5,autodock,0.28455216,0.65110847,4.1641898,1.9026017,0.99818906,2.5334619
8158,179,5600,800,2xta_TPP_B_2001,0,surfdock,0.43085219,0.65091501,5.6498933,0.95415026,0.99476056,4.4247346
8159,179,10837,1548,5a66_3PO_B_1000,1,unimol,0.82665264,0.65036365,8.3956919,1.5073119,0.93241025,22.61
8160,179,5327,761,2vkg_CF4_A_1064,0,surfdock,0.43085219,0.64745506,4.7846336,1.8866614,0.00012713225,3.3453425
8161,179,14991,2141,6dl7_ONC_D_301,4,gnina,0.42871037,0.64597834,5.7662354,0.82701457,0.97724254,8.3159177
8162,180,8908,1272,4k5g_Q13_B_803,4,gnina,0.46259821,0.62968709,6.0434957,0.04586681,2.6709003e-13,6.9986632
8163,180,3931,561,2ei7_D93_A_700,4,gnina,0.42860872,0.6257122,5.4885731,0.31556842,0.99091535,5.4798828
8164,180,14711,2101,6av2_BY7_B_803,4,gnina,0.47184081,0.62171718,5.4668565,0.81696856,1.4010208e-12,6.1281796
8165,180,8229,1175,4gcq_0JM_B_401,4,gnina,0.42861068,0.62054877,5.7364621,0.2722773,2.3658596e-06,6.4845324
8166,180,8901,1271,4k5g_Q13_A_803,4,gnina,0.42878966,0.61578368,6.0740433,0.057414658,6.8728764e-13,7.6330832
8167,180,4053,579,2fhk_MFN_C_601,0,surfdock,0.52501661,0.61060914,6.3718734,0.24167238,0.80400458,5.2324632
8168,180,7858,1122,4d96_5PA_C_402,4,gnina,0.45890096,0.61008243,5.5642509,0.98788351,0.32340574,7.4577806
8169,180,7851,1121,4d96_5PA_B_501,4,gnina,0.45829293,0.6100036,5.5642509,0.98788351,0,6.452109
8170,180,14704,2100,6av2_BY7_A_803,4,gnina,0.43229617,0.60912894,5.4593468,0.87721193,9.2788243e-09,6.1250292
8171,180,6171,881,3rsc_TYD_A_397,4,gnina,0.42860872,0.60686676,5.9793668,0.26337165,0.95452215,5.7692464
8172,180,6353,907,3tyn_CXW_A_800,4,gnina,0.42860872,0.60455392,5.9481292,0.35127994,3.4146513e-07,6.7044193
8173,180,6360,908,3tyn_CXW_B_800,4,gnina,0.42860872,0.60455392,5.9481292,0.35127994,0,7.3027069
8174,180,14249,2035,5xsm_8EO_A_705,4,gnina,0.60554104,0.60400169,6.6709657,0.16138677,7.8406877e-05,6.1401181
8175,180,8222,1174,4gcq_0JM_A_401,4,gnina,0.42319259,0.60182355,5.7364621,0.2722773,0.87789235,4.7088284
8176,180,7494,1070,4cjs_L0Y_A_1217,4,gnina,0.42860872,0.59706173,6.1142426,0.37329102,0.000219282,7.9415662
8177,180,5676,810,2xyj_WLM_B_1442,6,smina,0.41823763,0.59686987,5.5164046,0.45038548,0,11.233129
8178,180,14256,2036,5xvt_8FL_A_709,4,gnina,0.43637259,0.59554574,6.6234131,0.10796098,1.273413e-09,7.1311861
8179,180,6738,962,3wca_FPS_C_402,4,gnina,0.42860872,0.59454694,6.2174516,0.3348265,2.990651e-06,8.4004759
8180,180,16692,2384,6qde_HWW_A_502,4,gnina,0.42860872,0.59391695,5.6285224,0.94010442,0,6.0091414
8181,180,6724,960,3wca_FPS_B_401,4,gnina,0.42860872,0.59316705,6.2630386,0.32511657,0.040585563,8.19618
8182,180,1446,206,1knu_YPA_A_1001,4,gnina,0.68851139,0.59181666,7.114397,2.086524,2.0392343e-09,7.7216038
8183,180,6717,959,3wca_FPS_A_501,4,gnina,0.42860872,0.5905603,6.3421998,0.31441578,0.017159375,8.0192229
8184,180,7431,1061,4c2z_646_A_1498,4,gnina,0.67060791,0.5894082,7.9284954,1.1662199,0.16038667,6.1758002
8185,180,3798,542,2d1j_D01_A_700,4,gnina,0.42860872,0.58914257,5.8929343,0.8012988,0.73997009,5.0754426
8186,180,14743,2106,6b6r_BEN_A_302,1,unimol,0.87018622,0.58893544,11.264617,0.40964648,0.99287871,18.85
8187,180,13371,1910,5t3h_BEN_A_302,1,unimol,0.8701356,0.58881326,11.264617,0.40964648,0.99452993,17.52
8188,180,12977,1853,5m0e_7CR_A_922,6,smina,0.41521039,0.58767332,5.4153085,0.7316463,0,10.093862
8189,180,6745,963,3wca_FPS_D_401,4,gnina,0.42526593,0.58766826,6.240171,0.32918003,0.062996951,7.4972447
8190,181,9300,1328,4mr7_2BV_A_501,4,gnina,0.42596048,0.63515115,5.1951814,0.58532685,0.02319336,5.798356
8191,181,11638,1662,5ew8_5SF_A_803,4,gnina,0.69172865,0.61577076,8.0994835,0.53081214,0.98977639,7.9430046
8192,181,1530,218,1lc8_33P_A_800,4,gnina,0.48260733,0.60872587,5.5783768,1.2093951,0.98265197,6.7672341
8193,181,13178,1882,5o3b_9HZ_B_501,4,gnina,0.48260733,0.60754209,6.1257329,0.69194597,0,9.2043017
8194,181,12506,1786,5ita_6DC_B_801,4,gnina,0.4237552,0.60097273,6.2535038,0.09199886,0.99114931,7.8113516
8195,181,8842,1263,4jh6_FCN_A_202,1,unimol,0.77822025,0.59983367,8.9233484,1.3172083,0.92701857,21.96
8196,181,11432,1633,5dz2_212_B_404,1,unimol,0.81060711,0.59952551,9.4184084,1.3438346,0.94835662,20.12
8197,181,11645,1663,5ew8_5SF_B_802,4,gnina,0.65900875,0.59760789,8.0994835,0.53081214,0.98871276,7.7974296
8198,181,16136,2305,6mry_FLC_B_101,1,unimol,0.81820839,0.59670048,10.928002,0.20661055,0.76706195,25.28
8199,181,308,44,1dna_CB3_B_602,0,surfdock,0.52438144,0.59507762,5.8667283,1.3162376,0.91066295,4.8442767
8200,181,13192,1884,5o3b_9HZ_D_501,4,gnina,0.42596109,0.59279953,6.1406379,0.70700186,0,6.4627545
8201,181,13185,1883,5o3b_9HZ_C_501,4,gnina,0.42596048,0.59256699,6.0995688,0.67253315,0,7.1275231
8202,181,13171,1881,5o3b_9HZ_A_501,4,gnina,0.42596048,0.59230898,6.1035538,0.67521524,0,8.1551839
8203,181,1208,172,1j3i_WRA_A_609,4,gnina,0.42596093,0.59214437,6.595377,0.26732194,0.60342269,11.473046
8204,181,15229,2175,6fa1_D2Z_F_203,4,gnina,0.42625331,0.57341318,6.7763972,0.62003452,5.9615987e-11,5.6661117
8205,181,16195,2313,6n9r_OHN_A_303,4,gnina,0.42596048,0.57301731,5.95713,1.3459653,0,6.4801741
8206,181,6668,952,3w7f_FPS_B_301,4,gnina,0.42596048,0.57074518,6.5044708,0.86390102,5.4395098e-05,5.8360184
8207,181,6654,950,3w7f_FPS_A_301,4,gnina,0.42596048,0.56983753,6.5342088,0.86045855,1.0788732e-06,5.7709886
8208,181,14410,2058,5ybp_8SX_B_303,4,gnina,0.38980661,0.56972001,5.6611199,0.84453177,0,4.9122861
8209,181,12968,1852,5lwy_OLB_A_409,4,gnina,0.48260733,0.56912798,7.4238029,0.46797955,0,9.4281311
8210,181,16202,2314,6n9r_OHN_X_305,4,gnina,0.42596048,0.56885564,6.0342097,1.3890458,0,9.535105
8211,181,15684,2240,6jc7_F0G_C_601,4,gnina,0.60123774,0.5672383,7.3699546,0.67422873,2.9693368e-05,7.5176181
8212,181,17161,2451,6t9c_MX8_A_501,4,gnina,0.42596048,0.56513998,6.5726547,0.96013415,0,5.8446991
8213,181,11093,1584,5c7v_PYC_A_804,5,autodock,0.38700289,0.56503462,5.7021141,0.73957807,1.7462792e-05,5.9484271
8214,181,17210,2458,6to7_SUV_A_401,4,gnina,0.45169872,0.56470889,6.972908,1.0221641,0.9977419,5.8757869
8215,181,17217,2459,6to7_SUV_B_401,4,gnina,0.45166507,0.56463573,6.972908,1.0221641,0.99734801,5.909122
8216,181,11425,1632,5dz2_212_A_404,1,unimol,0.72636834,0.56438533,9.5986061,1.3890797,0.9652972,17.93
8217,181,4365,623,2ij7_TPF_D_2473,4,gnina,0.42596048,0.56411893,6.7627335,0.8005349,9.3657847e-05,8.1061892
8218,181,6675,953,3w7f_FPS_B_302,4,gnina,0.42596048,0.56302983,6.6675544,0.92840797,0.13398375,5.7598385
8219,181,15222,2174,6fa1_D2Z_B_203,4,gnina,0.42444034,0.56270096,6.8300629,0.60072196,2.1235065e-07,5.5375984
8220,181,4358,622,2ij7_TPF_C_2471,4,gnina,0.4259612,0.56213823,6.9301009,0.78571743,1.7637408e-05,7.9070183
8221,181,3721,531,2c6q_IMP_E_1337,4,gnina,0.44184109,0.56012282,7.6369376,0.48302659,0.90639228,10.39836
8222,181,14438,2062,5ybq_8T0_B_303,4,gnina,0.38980661,0.55925916,6.3210931,0.46341175,0.38189765,5.0117092
8223,181,12947,1849,5lwy_OLB_A_403,4,gnina,0.48260733,0.55840008,7.0903301,1.1417061,0,9.6932305
8224,181,3995,570,2f78_BEZ_A_1003,5,autodock,0.42686672,0.55816409,6.4811592,1.3805623,0.94525785,5.358346
8225,181,11974,1710,5g0v_JDD_B_1271,4,gnina,0.42596249,0.55700192,6.7026639,1.174718,2.2011629e-05,7.6603765
8226,181,117,16,1anc_BEN_A_290,5,autodock,0.44092419,0.55687409,5.7746549,2.3775485,0.98945176,15.427731
8227,181,17344,2477,6urx_JMG_A_316,5,autodock,0.41231599,0.5567426,5.4039836,1.7355803,0.98976023,7.5884633
8228,181,13213,1887,5o3g_9J8_B_501,4,gnina,0.42342792,0.55612841,6.4434104,1.0755816,0.91711929,6.5023562
8229,181,14750,2107,6b83_6NA_B_201,1,unimol,0.72724577,0.5556612,9.4024134,2.0901711,0.89047247,20.87
8230,181,4246,606,2gyv_HBP_B_545,4,gnina,0.42596048,0.55480828,6.9964433,0.85256422,0.35360649,7.0892713
8231,181,8849,1264,4jh6_FCN_B_202,1,unimol,0.66098795,0.55369261,8.9233484,1.3172083,0,19.64
8232,181,15677,2239,6jc7_F0G_B_601,4,gnina,0.42596049,0.55118783,7.3699546,0.67422873,1.1831009e-05,8.4030035
8233,181,4726,675,2p1e_LAC_A_303,1,unimol,0.61830369,0.55064818,7.4111218,1.8832715,0,13.77
8234,181,4015,573,2f7x_4EA_E_351,4,gnina,0.60748696,0.55046296,6.8290696,1.7746021,0.72414433,5.9912518
8235,181,13931,1990,5vys_1YJ_A_301,1,unimol,0.87462747,0.55030654,11.342358,2.232672,0.98434714,17.53
8236,181,6255,893,3sru_Q26_X_169,4,gnina,0.42596048,0.5501635,7.0406928,0.95631665,0.96475039,8.0857964
8237,181,13938,1991,5vys_1YJ_B_301,1,unimol,0.86892543,0.54965659,11.292232,2.2115481,0.9774128,21.32
8238,181,5142,734,2r5e_QLP_A_430,4,gnina,0.42596048,0.54957001,7.1369591,0.87923211,3.0195434e-07,8.1944577
8239,181,12961,1851,5lwy_OLB_A_407,4,gnina,0.42596048,0.54927711,7.3267388,0.77725804,3.3360992e-07,9.418667
8240,182,1532,218,1lc8_33P_A_800,6,smina,0.51936707,0.71551629,4.0545135,0.57279748,0.98291876,9.6403766
8241,182,10109,1444,4uzi_IMD_B_1456,1,unimol,0.78911315,0.6712456,6.7817607,1.1994272,0.99299115,23.87
8242,182,8937,1276,4k90_MLA_A_704,5,autodock,0.43773077,0.6337773,4.598989,0.71895581,0.17083463,6.9139167
8243,182,10102,1443,4uzi_IMD_B_1455,1,unimol,0.70369438,0.63134958,6.9116855,1.2544926,0.64089495,22.48
8244,182,2539,362,1tiw_TFB_A_2002,5,autodock,0.45886748,0.62639685,5.0334125,0.77377194,0.97517751,4.8659034
8245,182,8985,1283,4kux_FPS_A_704,4,gnina,0.55711044,0.62572728,6.2450547,0.13988233,0.46445401,6.9029256
8246,182,81,11,1aiq_CB3_A_266,4,gnina,0.65838883,0.60984549,7.0642657,1.11922,0.18852995,10.181382
8247,182,11694,1670,5f79_4V7_A_4000,4,gnina,0.6018599,0.60158219,6.2024283,0.80481267,0.00021057915,6.5118084
8248,182,6955,993,3zcm_PX3_A_1214,4,gnina,0.48134666,0.6000296,6.5750604,0.39290267,0.00011806347,10.5597
8249,182,6962,994,3zcm_PX3_B_1216,4,gnina,0.48134666,0.6000296,6.5750604,0.39290267,0,11.916876
8250,182,17301,2471,6u6c_P1T_D_505,4,gnina,0.60766187,0.59519982,6.6456885,0.53762174,0.97890094,9.9329761
8251,182,17308,2472,6u6c_P1T_H_504,4,gnina,0.58855413,0.59473831,6.6456885,0.53762174,0.97754211,10.278772
8252,182,2941,420,1x09_IPE_A_901,1,unimol,0.79353236,0.59231272,8.4923954,2.0567548,0.85467088,23.59
8253,182,12508,1786,5ita_6DC_B_801,6,smina,0.4689151,0.59048038,6.2765756,0.72806948,0,9.2058911
8254,182,2097,299,1pi3_TZD_A_530,4,gnina,0.56317666,0.58600776,6.4267063,0.99031007,0.00037630647,6.2163789
8255,182,9006,1286,4kux_FPS_D_704,4,gnina,0.42405763,0.58328683,6.1660614,0.10002576,0.43445555,6.6927018
8256,182,10749,1535,4zvv_GN0_B_404,4,gnina,0.53491695,0.58261103,6.984447,0.52179813,0.99547552,10.169628
8257,182,8992,1284,4kux_FPS_B_405,4,gnina,0.42405763,0.58211481,6.1857038,0.10952538,0.53266792,7.2634926
8258,182,8999,1285,4kux_FPS_C_705,4,gnina,0.42405763,0.58211481,6.1857038,0.10952538,0.077290912,7.2325083
8259,182,8191,1170,4fra_GAL_A_402,1,unimol,0.80960848,0.57995028,9.6990433,1.5940483,0.98949227,20.46
8260,182,12527,1789,5ivg_FPS_B_704,4,gnina,0.42405763,0.57984943,6.1944542,0.15760233,0.00066076776,8.4847966
8261,182,5699,814,2y4j_LAC_B_400,1,unimol,0.73023258,0.57980544,9.2641535,1.037848,0.94610881,15.24
8262,182,9832,1404,4rii_TYD_B_401,4,gnina,0.59004755,0.57972143,6.9141955,0.69886136,0.99723792,5.4983186
8263,182,12541,1791,5ivg_FPS_D_704,4,gnina,0.42405763,0.57890333,6.2490611,0.12692672,0,6.7998282
8264,182,12534,1790,5ivg_FPS_C_704,4,gnina,0.42405763,0.5775734,6.3227677,0.087059468,0.75482214,7.335569
8265,182,7298,1042,4b98_PXG_D_470,4,gnina,0.61835241,0.57105135,8.1144047,0.58883911,0.99261867,8.4283664
8266,182,312,44,1dna_CB3_B_602,4,gnina,0.64612365,0.57028131,7.7395196,1.5514969,0.037427377,9.647629
8267,182,3655,522,2c3d_COM_A_1525,1,unimol,0.88167999,0.56471612,9.7860765,2.9516761,0.96119892,20.66
8268,182,5338,762,2vlf_PLI_B_1459,4,gnina,0.42405777,0.55932454,6.1186032,0.84527522,0.99144917,4.9419212
8269,182,8684,1240,4i9n_1E6_A_401,4,gnina,0.69344597,0.55860118,9.0369673,1.5896618,0.84634554,12.978746
8270,182,12892,1841,5l9v_OGA_A_502,5,autodock,0.46400847,0.5563369,6.0771508,1.8224015,0.00036504976,15.893863
8271,182,8698,1242,4i9n_1E6_C_401,4,gnina,0.68576517,0.5548819,9.0495749,1.5358012,0.8655176,12.727864
8272,182,10337,1476,4xp3_DX4_A_401,5,autodock,0.46516126,0.55412094,6.6294036,1.3719956,0.98875067,357.64919
8273,182,2014,287,1ovk_NYL_A_405,5,autodock,0.46066773,0.55338802,6.779325,1.0989491,0.9925805,173.74115
8274,182,4509,644,2nos_AGU_A_903,1,unimol,0.62582917,0.55310775,7.9023666,1.7644334,0.91290436,20.69
8275,182,9643,1377,4pgi_Y69_A_303,4,gnina,0.60310828,0.55278134,6.2189598,2.2601943,1.5890366e-09,7.2190085
8276,182,17357,2479,6uxr_K6G_B_202,4,gnina,0.44226225,0.55259597,6.1577554,1.1939743,0.00034241582,5.9163127
8277,182,8705,1243,4i9n_1E6_D_401,4,gnina,0.66843682,0.55056372,9.0410862,1.5709758,0.69695683,12.993399
8278,182,4834,690,2pye_7PE_A_504,4,gnina,0.42405764,0.54964414,6.0586948,1.1845907,7.8604028e-10,7.7437895
8279,182,8412,1201,4hon_AKG_A_401,5,autodock,0.45587676,0.54809755,5.8687892,1.9136347,0.99507849,16.587256
8280,182,15982,2283,6l8a_BAL_C_504,1,unimol,0.79900963,0.54722444,12.221123,0.35643673,0.9793028,26.49
8281,182,8183,1169,4fm6_TYR_C_259,0,surfdock,0.52319534,0.54671311,8.2244883,0.40938184,0,4.8356587
8282,182,1723,246,1mrj_ADN_A_300,1,unimol,0.7311746,0.54610025,11.430397,0.39122951,0.98721051,13.24
8283,182,8419,1202,4hon_AKG_B_401,5,autodock,0.45194713,0.54447473,5.8715019,1.8889951,0.99470678,16.934052
8284,182,11740,1677,5fc5_PC_A_516,1,unimol,0.80307425,0.54377673,11.420991,1.3946875,0.93064361,22.49
8285,182,4429,632,2j1s_FUL_A_1153,5,autodock,0.4781712,0.54341053,7.1141376,1.575138,0.99137786,9.9727374
8286,182,10742,1534,4zvv_GN0_A_405,4,gnina,0.42647907,0.54335688,6.9889817,0.48518425,0.97904804,7.5220161
8287,182,4197,599,2g9z_VNP_B_601,4,gnina,0.42405763,0.54270182,7.1603198,0.29192567,8.3709139e-07,7.1758082
8288,182,4190,598,2g9z_VNP_A_602,4,gnina,0.42405763,0.54262614,7.1603198,0.29192567,0.95282275,7.9090783
8289,182,2916,416,1w78_PD8_A_1421,4,gnina,0.42405763,0.54148595,6.175734,1.2496347,0.93497985,4.886537
8290,183,9010,1287,4kwl_3SS_A_302,1,unimol,0.85397052,0.6240091,9.9465275,0.52671766,0.99136081,18.31
8291,183,10084,1440,4ur9_OAN_B_1718,4,gnina,0.58045107,0.60610055,6.1151042,1.216807,0.038606106,6.1818399
8292,183,11985,1712,5g44_I6G_A_1510,1,unimol,0.82239555,0.60506304,9.9006338,1.0845042,0.0014132077,24.43
8293,183,12114,1730,5gzz_GSH_C_301,4,gnina,0.59612308,0.60083176,7.1258297,0.34705988,2.5837688e-08,11.802401
8294,183,4680,668,2o7d_DHC_B_701,4,gnina,0.62198485,0.58520448,7.7148194,1.0944177,0.99491203,17.084986
8295,183,13070,1867,5mzj_TEP_A_2401,1,unimol,0.82168267,0.58283134,10.123269,1.6735157,0,18.34
8296,183,1996,285,1opr_ORO_A_220,1,unimol,0.75296767,0.58174308,10.413303,0.58708805,0,19.49
8297,183,15590,2227,6hqr_3DM_A_502,1,unimol,0.81969961,0.58044178,8.5601568,3.2214625,0.9589593,21.61
8298,183,2374,339,1s5s_PG3_A_1,1,unimol,0.83719383,0.57848685,10.6468,1.5476888,0.94968726,21.18
8299,183,14061,2008,5x0j_SEP_A_302,5,autodock,0.52937509,0.57689352,6.2142143,1.5974096,0.97551666,42.298573
8300,183,9542,1363,4ofu_DHT_A_1001,1,unimol,0.82181212,0.57352568,10.448598,1.7636107,0.99453362,13.74
8301,183,2184,312,1pvc_ILE_0_7,0,surfdock,0.52284265,0.57334758,6.7925906,0.84962451,0,3.8193067
8302,183,10375,1482,4xv4_25T_A_303,1,unimol,0.81938686,0.56630731,10.121246,2.2421649,0.99754875,23.1
8303,183,698,99,1gxu_2HP_A_1092,5,autodock,0.52001089,0.5659888,5.8473744,1.9024611,0.96195406,6.5892633
8304,183,2756,393,1uux_PPI_A_1165,5,autodock,0.45039778,0.56553798,5.0174065,0.4700425,0.00013294618,2.9783871
8305,183,7729,1104,4cxr_2BG_A_502,1,unimol,0.89038234,0.56324284,11.597836,1.5576618,0.9942728,21.35
8306,183,4057,579,2fhk_MFN_C_601,4,gnina,0.58469513,0.56162263,7.5707479,1.0245398,2.2382074e-18,12.193081
8307,183,10305,1472,4xf0_CYS_A_502,1,unimol,0.88771523,0.55598587,11.300651,2.1537671,0.94212112,22.95
8308,183,4673,667,2o7d_DHC_A_701,4,gnina,0.61835673,0.55558391,7.7148194,1.0944177,6.8856486e-05,16.22686
8309,183,2794,399,1v5y_4HC_A_1455,1,unimol,0.73906919,0.55424958,9.9344482,1.9222177,0.98753036,14.93
8310,183,10368,1481,4xv4_25T_A_302,1,unimol,0.77071523,0.55309502,10.05872,2.2628191,0.99723952,11.68
8311,183,16822,2403,6r6i_H50_B_201,1,unimol,0.69375737,0.54881156,9.9372892,1.30158,0.98586324,26.44
8312,183,16615,2373,6q4r_HJ5_A_1009,4,gnina,0.50057851,0.54733706,7.3246331,0.67671424,0,12.286203
8313,183,16059,2294,6ly4_TES_A_501,1,unimol,0.82083691,0.54363345,11.626655,1.918673,0.98696943,28.22
8314,183,17123,2446,6t0a_M58_B_601,1,unimol,0.7134686,0.54328185,9.9309072,1.7966224,0,14.14
8315,183,4043,577,2fhk_MFN_A_600,4,gnina,0.48252053,0.54320896,7.0050712,0.98051882,9.425511e-17,12.155144
8316,183,4002,571,2f78_BEZ_B_1002,5,autodock,0.52496648,0.54293992,7.2906747,1.4445977,0.98902352,46.289009
8317,183,7071,1010,4a78_JZ3_A_1296,1,unimol,0.64254544,0.54238819,10.258532,0.36133823,0.98732924,18.3
8318,183,7694,1099,4cno_9PY_D_301,1,unimol,0.88188464,0.54138936,12.008948,2.1434214,0.97488296,24.93
8319,183,3988,569,2f78_BEZ_A_1001,5,autodock,0.52544337,0.54124335,7.3133464,1.5007137,0.99381177,48.020166
8320,183,16924,2417,6rhc_K48_A_305,5,autodock,0.52487206,0.54053726,6.1222892,2.6742349,0.98979112,6.6094037
8321,183,15398,2199,6g3f_FUM_A_601,5,autodock,0.44909725,0.54032334,4.5762391,0.98356968,0,4.7413573
8322,183,3788,541,2d0e_NQ_A_410,1,unimol,0.73817229,0.539402,10.572946,1.8567032,0.98804439,14.5
8323,183,10004,1429,4ud9_FQI_H_1257,1,unimol,0.82340328,0.53628113,11.05807,3.1321318,0.99824518,15.75
8324,183,12695,1813,5jfx_6K4_A_4000,4,gnina,0.59416064,0.53513474,8.4770842,1.0258311,0,9.0303243
8325,183,6627,946,3vv5_SLZ_B_301,5,autodock,0.53295347,0.53294001,8.4649096,0.83045721,0.87996909,35.463251
8326,183,10501,1500,4z1d_PEP_B_300,1,unimol,0.78637977,0.53290238,11.898522,1.526729,0.94770958,18.28
8327,183,7260,1037,4b1f_DGL_A_1257,1,unimol,0.6936654,0.53167961,8.3339043,3.6565475,0.98003017,16.7
8328,183,17046,2435,6sux_BEN_A_302,1,unimol,0.89555709,0.53167701,12.433881,2.4274316,0.99561953,14.39
8329,183,17053,2436,6svu_BEN_A_302,1,unimol,0.89496847,0.53162112,12.433881,2.4274316,0.99658208,20.84
8330,183,686,98,1gsq_GDN_A_203,0,surfdock,0.57476093,0.53144167,7.5258389,2.1063991,0.73101184,2.927866
8331,183,8167,1166,4f8n_GAL_A_204,5,autodock,0.50410145,0.53103731,7.3489909,1.2105234,0.80037569,13.680373
8332,183,7925,1132,4dt8_ADN_B_401,1,unimol,0.81584039,0.52872933,11.853402,2.2273984,0.98551584,16.23
8333,183,9049,1292,4l80_OXL_A_402,5,autodock,0.46425257,0.5286577,7.1654129,0.041231547,0.052783011,6.717735
8334,183,7886,1126,4dd8_BAT_A_1000,4,gnina,0.48252053,0.52849463,7.5887723,0.86611199,0.80441982,9.8537383
8335,183,6609,944,3vqe_FMQ_A_1006,1,unimol,0.81575798,0.52694244,12.43636,1.7328733,0.44565346,15.78
8336,183,13101,1871,5n8c_8Q8_A_403,4,gnina,0.47529803,0.52679348,7.5469851,0.80439836,0.39065277,8.425088
8337,183,5122,731,2r3d_ACM_A_303,5,autodock,0.53061732,0.52602963,7.5829616,1.9096901,0.99574523,2.2515089
8338,183,13910,1987,5vyr_B62_B_301,1,unimol,0.81872746,0.52524833,12.066909,2.3229854,0.96035943,17.29
8339,183,5333,761,2vkg_CF4_A_1064,6,smina,0.14529888,0.52428511,3.3099005,0.65687788,0,4.7907032
8340,184,13592,1941,5u5g_7VD_C_302,5,autodock,0.59160186,0.71667875,5.6133385,0.63042629,0.95593109,6.7127373
8341,184,13599,1942,5u5g_7VD_D_302,5,autodock,0.57283586,0.69712008,5.6133385,0.63042629,0.93606119,6.5145872
8342,184,13578,1939,5u5g_7VD_A_302,5,autodock,0.56425172,0.69192333,5.6133385,0.63042629,0.88752517,6.2357477
8343,184,13585,1940,5u5g_7VD_B_302,5,autodock,0.56323823,0.69163988,5.6133385,0.63042629,0.8537781,6.3451669
8344,184,7047,1006,3zzv_FUC_B_401,5,autodock,0.6048164,0.68076259,5.3425107,1.5703864,0.99747654,11.218742
8345,184,7005,1000,3zwe_FUC_B_110,5,autodock,0.58417831,0.66718638,5.3425107,1.5703864,0.99653469,9.8414257
8346,184,7012,1001,3zwe_FUC_C_110,5,autodock,0.58348792,0.66594411,5.3425107,1.5703864,0.99777355,10.982608
8347,184,4474,639,2jhp_GUN_A_1647,1,unimol,0.62805546,0.63871076,6.8744597,1.5831538,0.98384697,17.65
8348,184,8691,1241,4i9n_1E6_B_401,4,gnina,0.64112801,0.62844673,8.470685,0.34418297,0.83042756,57.085794
8349,184,4481,640,2jhp_GUN_A_1648,1,unimol,0.62141014,0.62119893,6.9755626,1.5582887,0.96686583,20.69
8350,184,3386,483,2a15_NCA_A_1001,5,autodock,0.51116066,0.60865631,5.5409894,1.4043717,0,37.302804
8351,184,14162,2023,5xdt_MB3_A_404,1,unimol,0.64772152,0.60849161,8.4616652,0.90325475,0.99568175,18.64
8352,184,14644,2092,6a2n_9QR_A_701,0,surfdock,0.52299089,0.60540043,5.6641374,1.8570509,3.0441704e-09,4.6071782
8353,184,15286,2183,6flu_DTK_A_405,5,autodock,0.60076168,0.59702241,7.1690159,1.3495189,0.96141655,12.215304
8354,184,9406,1343,4n9v_AZA_A_403,5,autodock,0.48716128,0.5899908,4.8835378,0.80322444,0.11259605,2.6665699
8355,184,15321,2188,6flu_DTK_B_404,5,autodock,0.58327066,0.58730963,7.1690159,1.3495189,0.99696166,12.356027
8356,184,3382,483,2a15_NCA_A_1001,1,unimol,0.81373145,0.58699467,10.398465,1.5927056,0.98346168,14.23
8357,184,12286,1755,5hxi_5HN_A_403,1,unimol,0.78943696,0.5860768,10.346917,1.4917746,0.98846321,14.57
8358,184,15314,2187,6flu_DTK_B_403,5,autodock,0.58062303,0.58586986,7.109365,1.3284551,0.96769158,12.090781
8359,184,15559,2222,6hmw_FUL_I_201,5,autodock,0.60440248,0.58568525,6.9023266,1.9780427,0.66644587,11.931232
8360,184,5863,837,2z6j_TUI_B_502,4,gnina,0.55740232,0.58476376,7.259964,0.92444581,1.5816314e-08,8.8037822
8361,184,10071,1438,4ur9_BK9_A_1717,5,autodock,0.49201616,0.58404578,6.0398822,0.48546553,5.7195987e-06,4.1409306
8362,184,14616,2088,6a2m_9QR_A_701,0,surfdock,0.52299089,0.5826839,6.0373116,1.9827485,0,4.1707799
8363,184,14623,2089,6a2m_9QR_B_701,0,surfdock,0.52299089,0.5826839,6.0373116,1.9827485,0.9312779,4.0887308
8364,184,12593,1799,5j5i_6GM_I_302,0,surfdock,0.52299089,0.58215045,7.3875432,0.64493787,0.96099703,4.4780568
8365,184,2142,306,1poc_GEL_A_420,0,surfdock,0.52299089,0.58141432,6.4695644,1.5801147,0.78301201,4.7250981
8366,184,17577,2511,6yaw_P9H_A_301,0,surfdock,0.52299089,0.57993349,7.3957496,0.68872315,0,4.5990635
8367,184,12579,1797,5j5i_6GM_F_303,0,surfdock,0.52299089,0.57924908,7.4397635,0.6608786,0.95778132,4.5239596
8368,185,12597,1799,5j5i_6GM_I_302,4,gnina,0.67802356,0.67645128,6.2154899,0.94802743,0.99748265,9.790822
8369,185,12583,1797,5j5i_6GM_F_303,4,gnina,0.67610081,0.67263577,6.2276802,0.95368868,0.99208838,22.363787
8370,185,8860,1265,4jhh_H35_A_201,5,autodock,0.62598655,0.66878126,5.8531394,0.39271772,0.98890399,5.2588754
8371,185,9812,1401,4rcv_DE2_A_403,5,autodock,0.64080614,0.66764219,5.9126287,0.69942123,0.98726575,5.8313029
8372,185,9973,1424,4ubp_HAE_C_800,5,autodock,0.64800911,0.65382317,5.9011283,1.2467557,0.8431804,7.4635554
8373,185,9119,1302,4lo1_GAL_A_301,5,autodock,0.64103284,0.63295993,7.2593899,0.12134085,0.971706,18.764859
8374,185,4898,699,2qb4_LEU_A_601,5,autodock,0.63905333,0.63236482,6.3107548,1.0289954,0.96165993,26.542633
8375,185,13466,1923,5tde_2HP_B_901,5,autodock,0.64405677,0.59967592,7.3457599,1.0170674,0.98872415,3.2500444
8376,185,14627,2089,6a2m_9QR_B_701,4,gnina,0.66025377,0.5963161,7.598474,1.2317249,1.4774125e-08,8.9599625
8377,185,3914,559,2ef9_PEP_A_1268,1,unimol,0.89395358,0.59612828,11.344592,0.34180856,0.97739451,21.05
8378,185,17039,2434,6sjs_THH_B_901,1,unimol,0.79357553,0.57894764,9.0557852,2.4145646,0,17.29
8379,185,12181,1740,5h9i_XAN_A_301,1,unimol,0.70954661,0.57492426,8.8081284,1.7185284,0,17.79
8380,185,547,78,1fwn_PEP_B_2268,1,unimol,0.81395878,0.56853045,11.509433,0.57675976,0.96362355,20.97
8381,185,15835,2262,6k92_GT0_A_802,1,unimol,0.91355793,0.56842728,11.002197,1.9846377,0.96383066,19.88
8382,185,11467,1638,5e4r_40E_A_504,1,unimol,0.6820806,0.56719789,8.8562384,1.6003247,0.94907426,25.37
8383,185,7208,1029,4ajj_MLI_D_1333,5,autodock,0.66223398,0.56683223,6.7316799,3.0903356,0.96001536,5.9869185
8384,185,7824,1117,4d4u_FUC_B_950,5,autodock,0.64478521,0.5645356,8.5229635,0.98999512,0.99739769,10.109944
8385,185,7817,1116,4d4u_FUC_A_950,5,autodock,0.64407986,0.56298507,8.5229635,0.98999512,0.99216204,9.3958503
8386,185,5902,843,2zka_AZA_A_302,1,unimol,0.73433966,0.56117205,9.4509182,1.8535619,0.97175762,17.7
8387,185,13991,1998,5w8q_BU4_B_400,5,autodock,0.63311597,0.5608728,6.1052842,3.1131568,0.7589495,18.342636
8388,185,2493,356,1tc2_7HP_A_800,1,unimol,0.82634303,0.55857469,10.493032,2.5507061,0,20.34
8389,185,6035,862,3qfx_CP6_A_602,1,unimol,0.82478313,0.55495733,11.499042,1.5790694,0.9942075,20.72
8390,185,47,6,1ac4_TMT_A_296,5,autodock,0.56793086,0.55447023,6.2491779,1.4395298,0,3.0833897
8391,185,12682,1811,5jep_EVF_B_302,5,autodock,0.64500758,0.55352628,8.2636557,1.6506599,0.9987308,5.1717751
8392,185,11894,1699,5fuv_THM_B_1385,1,unimol,0.82220189,0.55333054,10.345349,2.6578877,0,20.75
8393,185,15842,2263,6k92_GT0_B_602,1,unimol,0.81789552,0.55280356,10.957527,1.9157047,0.98208068,21.28
8394,185,2500,357,1tc2_7HP_B_810,1,unimol,0.82586843,0.5522162,10.742932,2.5600622,0,19.8
8395,185,6042,863,3qfx_CP6_B_702,1,unimol,0.8240411,0.5513217,11.615968,1.5878899,0.99489177,22.62
8396,185,40,5,1a9r_HPA_A_290,5,autodock,0.58081482,0.5478581,6.9854932,1.1732509,0.22001477,2.9763407
8397,185,4275,610,2gzm_DGL_C_503,5,autodock,0.6677778,0.54656617,10.522105,0.24701966,0.99340326,22.516681
8398,185,411,58,1ei6_PPF_D_412,5,autodock,0.64331351,0.54624731,9.4965181,0.56717581,0.99174824,6.4885158
8399,185,9157,1308,4lz3_BTM_A_409,1,unimol,0.81422215,0.54598446,12.367793,0.75398368,0.98622247,20.26
8400,185,4268,609,2gzm_DGL_B_502,5,autodock,0.66744216,0.54598017,10.57074,0.19529907,0.99133766,20.040049
8401,185,9388,1341,4n9v_AZA_A_401,1,unimol,0.68585729,0.54591346,9.4435759,1.8981707,0.97544483,15.23
8402,185,9399,1342,4n9v_AZA_A_402,5,autodock,0.5226008,0.54591204,3.9812224,0.61192328,2.7575916e-06,2.044402
8403,185,2031,290,1p1w_AMQ_A_428,1,unimol,0.82255281,0.54436058,13.015645,0.43701035,0,21.45
8404,185,7008,1001,3zwe_FUC_C_110,1,unimol,0.92378928,0.5435415,13.101524,1.2152104,0.97849478,18.53
8405,185,12234,1747,5hgz_MLA_A_302,5,autodock,0.55565466,0.54312656,5.960495,1.0727621,0.00057554326,5.7141716
8406,185,2038,291,1p1w_AMQ_B_427,1,unimol,0.8162288,0.54201245,13.0059,0.35591671,0,23.17
8407,185,7201,1028,4ajj_MLI_A_1333,5,autodock,0.6286696,0.54181657,6.6526933,3.0967233,0,16.224222
8408,185,7001,1000,3zwe_FUC_B_110,1,unimol,0.91219703,0.54129451,13.101524,1.2152104,0.97349123,15.19
8409,185,3925,560,2ef9_PEP_B_2268,5,autodock,0.63418708,0.54011881,8.5779257,1.3987015,0.79017853,7.4541714
8410,185,14726,2103,6ayv_MLI_A_409,5,autodock,0.63138937,0.53848508,7.2739716,2.6734507,0.8776113,9.8496917
8411,185,9560,1365,4ox5_DAL_A_307,5,autodock,0.58043509,0.53745258,7.7293334,0.74762368,0.598305,7.2810323
8412,185,4842,691,2q1a_2KT_X_295,5,autodock,0.61472882,0.53693656,5.9758821,2.7280185,0.86913979,14.383954
8413,185,3921,560,2ef9_PEP_B_2268,1,unimol,0.68050443,0.53645176,11.344592,0.34180856,0.96732874,17.49
8414,185,3918,559,2ef9_PEP_A_1268,5,autodock,0.62857744,0.53557479,8.5779257,1.3987015,0.91092724,7.1972272
8415,185,5604,800,2xta_TPP_B_2001,4,gnina,0.57128717,0.53532197,8.1488714,0.31741443,0,31.389462
8416,185,3242,463,1zha_PEP_A_1268,1,unimol,0.74509075,0.53464362,11.47269,1.6148549,0.97795636,15.99
8417,185,14258,2036,5xvt_8FL_A_709,6,smina,0.20383214,0.53264787,3.7438276,0.36995381,0,8.5922428
8418,186,5794,827,2z48_A2G_B_2001,5,autodock,0.72012419,0.69725358,7.047194,0.62877589,0.90391461,8.2827599
8419,186,5780,825,2z48_A2G_A_1001,5,autodock,0.71508372,0.69387725,7.047194,0.62877589,0,30.379928
8420,186,8916,1273,4k5u_GAL_B_301,5,autodock,0.73792604,0.68763965,7.7639556,0.38046893,0.98825887,20.974979
8421,186,5815,830,2z48_NGA_A_1003,5,autodock,0.71049005,0.68572464,7.047194,0.62877589,0.88625975,14.28987
8422,186,8930,1275,4k5u_GAL_D_301,5,autodock,0.72379819,0.67782607,7.7511888,0.38149878,0.89598039,23.285793
8423,186,16434,2347,6oha_XAN_A_501,5,autodock,0.70477265,0.67655374,5.9052577,1.7596512,0.9847464,284.58656
8424,186,5157,736,2rbx_3AY_X_2001,5,autodock,0.67087752,0.66520155,5.8479886,1.4816939,0.67975436,5.5642147
8425,186,16945,2420,6rlt_MLI_B_512,5,autodock,0.69080088,0.66223921,6.7230034,1.0250493,0.98390738,4.5344392
8426,186,10379,1482,4xv4_25T_A_303,5,autodock,0.67750055,0.66099154,6.3813519,1.1070095,0.7249455,3.2444815
8427,186,5836,833,2z48_NGA_B_2003,5,autodock,0.68733335,0.65855803,7.118959,0.6255396,0.90260081,9.8301586
8428,186,8923,1274,4k5u_GAL_C_301,5,autodock,0.7010598,0.65042323,7.7711296,0.38608113,0.91212839,19.573968
8429,186,5850,835,2z48_NGA_B_2006,5,autodock,0.67409842,0.63358776,7.4527631,0.58608228,0.80576763,13.071513
8430,186,8552,1221,4i4v_NGA_A_201,5,autodock,0.72858683,0.63193173,8.0193987,1.2946599,0.98220294,15.013525
8431,186,13935,1990,5vys_1YJ_A_301,5,autodock,0.71174436,0.63023395,7.792479,1.2036257,0.99329901,7.6770325
8432,186,13942,1991,5vys_1YJ_B_301,5,autodock,0.70913779,0.62919744,7.6877475,1.1946583,0.98250049,9.8766682
8433,186,2301,328,1r4s_MUA_A_800,5,autodock,0.61844497,0.62592018,4.5084124,2.2759764,0,1.9358777
8434,186,12689,1812,5jep_EVF_B_303,5,autodock,0.62993111,0.62189662,6.6424041,1.1668242,0.51514023,4.0989106
8435,186,16931,2418,6rlt_MLI_A_508,5,autodock,0.63254289,0.61849853,6.940371,1.0033542,0.62902966,5.1671508
8436,186,8559,1222,4i4v_NGA_A_202,5,autodock,0.70395823,0.61593232,7.7597203,1.2998621,0.9916923,11.631926
8437,186,16938,2419,6rlt_MLI_B_511,5,autodock,0.63053531,0.61459621,6.9873052,0.99634784,0.64528093,5.8742295
8438,186,9329,1332,4n36_2F8_B_401,5,autodock,0.71202816,0.60975219,8.5863209,0.97633618,0.86585288,11.041204
8439,186,9322,1331,4n36_2F8_A_401,5,autodock,0.71025647,0.60668958,8.5863209,0.97633618,0.82459446,11.53951
8440,186,3204,457,1zei_CRS_E_54,5,autodock,0.71031163,0.60329065,6.5509758,3.1146705,0.99515623,25.231414
8441,186,1342,191,1k5s_GRO_B_601,5,autodock,0.7282774,0.59455957,8.8872404,1.5208801,0.94406847,12.155069
8442,186,9336,1333,4n36_2F8_C_401,5,autodock,0.70256166,0.59379939,8.6574907,0.99720407,0.91923255,9.7959701
8443,186,10372,1481,4xv4_25T_A_302,5,autodock,0.61676162,0.59028311,6.3897958,1.0849978,0.41737998,4.443726
8444,186,2735,390,1uk7_BUA_A_1300,5,autodock,0.69472644,0.5850414,6.7398667,3.0306807,0.89962695,15.512911
8445,186,1293,184,1jtk_THU_A_138,5,autodock,0.72727396,0.58431239,8.9043093,1.8127081,0.97042791,14.561205
8446,186,6025,860,3mk1_NPO_A_912,5,autodock,0.62066288,0.58403972,7.041687,0.77370465,0,7.1828482
8447,186,2287,326,1qmh_CIT_A_401,5,autodock,0.60196515,0.58134096,6.3082557,0.47593716,0.016128707,10.151318
8448,186,9836,1405,4rje_PYR_A_402,1,unimol,0.85385759,0.58065938,11.795411,0.80469829,0.8933772,22.15
8449,186,754,107,1h18_PYR_A_1001,5,autodock,0.6184924,0.57888622,6.4416461,1.3564565,0.048925837,17.800377
8450,186,11863,1694,5fp9_4SV_A_1342,5,autodock,0.57978933,0.57846364,5.5701308,0.53519344,0,6.1861335
8451,186,5801,828,2z48_A2G_B_2005,5,autodock,0.61336474,0.57613151,7.0528507,0.62866163,3.0247217e-07,10.165811
8452,186,1520,217,1l5o_2MP_A_990,1,unimol,0.74827206,0.5727091,9.2641211,2.6127312,0.99368906,22.36
8453,186,17043,2434,6sjs_THH_B_901,5,autodock,0.59965336,0.56986121,5.4789639,1.5138956,0,2.6210897
8454,186,1300,185,1jtk_THU_B_1138,5,autodock,0.70442423,0.56224476,8.9043093,1.8127081,0.96836954,10.260316
8455,186,3197,456,1zei_CRS_D_54,5,autodock,0.65507074,0.56219072,6.5664577,3.1538725,0.40424061,16.457635
8456,186,7453,1064,4c7g_NGO_A_1495,5,autodock,0.61974448,0.56073997,6.8485541,1.4691083,0.00072545102,56.525412
8457,186,12661,1808,5j6y_GLC_A_309,5,autodock,0.70198266,0.55972322,7.7733226,2.979564,0.014803571,16.41377
8458,186,5514,787,2wzh_NGO_A_1589,5,autodock,0.71245514,0.55957053,9.6994867,1.5205666,0.99407697,177.00399
8459,186,8856,1265,4jhh_H35_A_201,1,unimol,0.91183773,0.55554495,11.223385,2.6386087,0,18.35
8460,186,5185,740,2rtn_IMI_B_300,5,autodock,0.70804216,0.55488131,9.9943094,1.1261379,0.98928931,6.0304058
8461,186,12549,1792,5j4k_6FZ_A_404,5,autodock,0.67413681,0.5545548,8.7150965,1.5289863,0.77593065,8.6612108
8462,186,6907,986,3wwc_BUA_A_403,5,autodock,0.58283101,0.55438124,6.2610612,0.60185748,2.8717599e-05,4.6497865
8463,186,6116,873,3r51_MMA_A_200,5,autodock,0.71186784,0.55364782,9.2343054,2.1865289,0.99414591,12.377559
8464,186,1741,248,1msv_PUT_A_355,5,autodock,0.71315931,0.55214361,7.8959212,3.6567638,0.89594961,14.025407
8465,186,2049,292,1p2s_ETF_A_400,5,autodock,0.5758998,0.55129337,5.7537141,0.38159505,0.10343369,3.4721323
8466,186,6329,904,3tye_XHP_B_901,1,unimol,0.81726555,0.55123633,10.965508,2.7702105,0.99357731,19.36
8467,186,11640,1662,5ew8_5SF_A_803,6,smina,0.43855537,0.55019182,4.457006,0.45898664,0,9.6455814
8468,187,1041,148,1ia1_TQ3_A_194,5,autodock,0.76161172,0.67850103,6.6231322,1.9171742,0.9968135,5.1824233
8469,187,17764,2537,7jo3_VGS_A_302,5,autodock,0.7609913,0.67478239,8.2210579,0.39017674,0.99382982,5.7880764
8470,187,10309,1472,4xf0_CYS_A_502,5,autodock,0.75846359,0.63638517,8.3470278,1.1778008,0.96974753,48.523184
8471,187,229,32,1cdk_MYR_B_403,5,autodock,0.74920777,0.63516645,6.6098847,2.7818215,0.95143516,5.6490764
8472,187,1972,281,1o8a_NXA_A_702,5,autodock,0.76035716,0.62695765,8.4878054,1.3674374,0.99112529,5.5811626
8473,187,3561,508,2bdg_PBZ_B_302,5,autodock,0.64348868,0.6185263,7.1308327,0.74426192,0,7.6400389
8474,187,10841,1548,5a66_3PO_B_1000,5,autodock,0.75479566,0.61531614,8.7541342,1.3156893,0.99438689,7.131728
8475,187,10281,1468,4x36_CHT_A_409,5,autodock,0.6428195,0.61502537,6.6129985,1.1353588,0,2.778036
8476,187,3554,507,2bdg_PBZ_A_301,5,autodock,0.64294773,0.6115611,7.1308327,0.74426192,0,7.6677372
8477,187,12668,1809,5jdv_EVF_B_302,5,autodock,0.64360064,0.61071866,7.765728,0.31313729,0.00012677624,4.8497003
8478,187,12675,1810,5je7_EVF_B_302,5,autodock,0.64362914,0.60885439,7.8898864,0.24245976,0.0001914125,6.7428044
8479,187,4436,633,2j1s_FUL_B_1153,5,autodock,0.75487521,0.60880312,8.9846363,1.292545,0.95396598,9.3153307
8480,187,4779,682,2prl_ORO_A_399,5,autodock,0.64046566,0.60816485,6.7200789,0.78382993,0,6.72613
8481,187,1629,232,1lzz_IHG_B_1830,5,autodock,0.6086027,0.60588762,5.2312202,0.78295386,0.0019952689,4.4423139
8482,187,1692,241,1ml4_PAL_A_385,5,autodock,0.72239434,0.60325607,8.8425226,0.62483281,0.79644971,17.4545
8483,187,17078,2439,6syz_M1E_A_601,5,autodock,0.75334697,0.60034988,9.4235411,1.0882212,0.99742835,40.916727
8484,187,10834,1547,5a66_3PO_A_1000,5,autodock,0.7469695,0.59961524,8.9955225,1.331189,0.99062928,8.7966959
8485,187,17029,2432,6sj8_44V_A_901,5,autodock,0.63702921,0.59307217,6.4281483,1.1772462,0,3.0080053
8486,187,1048,149,1ia1_TQ3_B_196,5,autodock,0.77117554,0.58782648,9.2688723,2.1738715,0.70707169,12.144318
8487,187,453,64,1fhv_OSB_A_789,5,autodock,0.73104806,0.58756226,9.1094017,0.94720536,0.86475453,11.137078
8488,187,404,57,1ei6_PPF_A_410,5,autodock,0.63203058,0.58057677,7.1473241,0.57423335,0.3902304,6.4127663
8489,187,8727,1246,4ioq_BAQ_A_201,5,autodock,0.60426928,0.57705327,5.7133298,0.78383929,0,1.7812214
8490,187,1286,183,1jl0_PUT_B_401,5,autodock,0.75864249,0.57576217,10.556758,0.94579345,0.98378099,18.437755
8491,187,222,31,1cdk_MYR_A_403,5,autodock,0.66828341,0.57403472,6.6089573,2.7830067,0.65871296,6.4728052
8492,187,16070,2295,6m5m_NAG_A_202,5,autodock,0.74759118,0.57365467,9.8043671,1.491035,0.99256302,13.81312
8493,187,407,58,1ei6_PPF_D_412,1,unimol,0.93523537,0.57339796,11.645402,1.564849,0.88534888,20.28
8494,187,16077,2296,6m5m_NAG_B_202,5,autodock,0.75478338,0.57050872,9.9747057,1.6325233,0.94187661,12.908548
8495,187,13473,1924,5tde_2HP_B_902,5,autodock,0.57771246,0.56754662,3.8469696,1.3383232,7.0661557e-05,3.1878576
8496,187,5262,751,2v32_BEZ_B_1220,5,autodock,0.76079795,0.56643881,9.3181543,2.6276786,0.99409631,12.10005
8497,187,12678,1811,5jep_EVF_B_302,1,unimol,0.93692675,0.56626754,11.595384,1.9418033,0.99046955,15.58
8498,187,152,21,1axg_ETF_B_404,5,autodock,0.76206372,0.56607254,9.2920818,2.7202621,0.97389817,4.7807348
8499,187,7327,1046,4bdr_KAI_B_900,5,autodock,0.76263401,0.56568774,11.190868,0.85256433,0.98520634,33.54049
8500,187,9504,1357,4npm_SIN_A_301,5,autodock,0.64019986,0.56500595,7.9675641,0.58209044,0,7.4742353
8501,187,9546,1363,4ofu_DHT_A_1001,5,autodock,0.64293265,0.56456035,7.6997685,1.4239733,0,525.48528
8502,187,16140,2305,6mry_FLC_B_101,5,autodock,0.74992011,0.56253433,9.6321592,2.181865,0.97468402,14.481968
8503,187,3771,538,2cxp_A5P_A_1601,5,autodock,0.74956724,0.56198617,10.592752,1.2327107,0.98359898,17.554079
8504,187,9651,1378,4pik_MAN_C_503,5,autodock,0.76211321,0.56148125,9.5249596,2.676826,0.99472734,12.693859
8505,187,131,18,1aog_MAE_A_500,5,autodock,0.63359278,0.56001852,7.7781835,0.53765196,0,6.3449675
8506,187,4758,679,2pir_NK_A_933,5,autodock,0.65628785,0.55997891,7.3101993,2.3506162,0.53172694,5.8778344
8507,187,159,22,1axg_ETF_C_404,5,autodock,0.75059189,0.55877867,9.2505026,2.7300322,0.92464831,4.3787133
8508,187,166,23,1axg_ETF_D_404,5,autodock,0.75628347,0.55856411,9.408042,2.6945307,0.90992849,4.0400035
8509,187,1037,148,1ia1_TQ3_A_194,1,unimol,0.92753412,0.55761877,13.375988,0.54168731,0,20.61
8510,187,400,57,1ei6_PPF_A_410,1,unimol,0.80953286,0.55533006,11.36338,1.7303282,0.83340009,24.62
8511,187,9896,1413,4tq4_DMA_B_403,5,autodock,0.74699784,0.55417527,9.720705,2.2628877,0.96461932,8.4309073
8512,187,12664,1809,5jdv_EVF_B_302,1,unimol,0.81917744,0.55384951,11.722928,1.8869683,0.98593701,19.62
8513,187,13333,1904,5r0i_SYV_A_2501,5,autodock,0.60139792,0.5531354,5.4658275,1.4875865,0,8.1466907
8514,187,8300,1185,4gy9_ZIP_A_201,5,autodock,0.62082372,0.55295971,5.998178,1.3270532,0.0030213452,4.0762848
8515,187,12671,1810,5je7_EVF_B_302,1,unimol,0.81897415,0.55152585,11.944756,1.7546883,0.99127975,21
8516,187,12486,1783,5irw_D9P_A_202,5,autodock,0.74188899,0.54830732,8.8150902,2.9360094,0.93181556,39.620989
8517,187,9497,1356,4np7_DPJ_A_403,5,autodock,0.75775582,0.54747916,10.317669,2.3034608,0.94195671,31.340341
8518,188,6592,941,3vq4_0NX_A_305,5,autodock,0.79531858,0.71422702,5.8166528,1.5815718,0.97286549,9.8908586
8519,188,5549,792,2x0u_X0U_B_1291,5,autodock,0.65540464,0.60089288,6.2246537,1.7369344,0,11.576235
8520,188,17701,2528,7bp1_CAQ_D_401,5,autodock,0.80673568,0.59028105,9.9234352,1.3167024,0.99569163,578.63465
8521,188,12850,1835,5kmj_6UF_A_901,5,autodock,0.78824646,0.5849744,10.232106,0.65611297,0.95625447,206.6867
8522,188,15517,2216,6hmw_FUL_A_203,5,autodock,0.79960214,0.58425297,8.7694178,2.4883997,0.99784598,11.290086
8523,188,4863,694,2q6m_P34_A_1002,5,autodock,0.64146807,0.58259177,6.5320849,0.86659509,0,3.9115666
8524,188,15552,2221,6hmw_FUL_H_201,5,autodock,0.79802276,0.58257724,8.783638,2.4826534,0.98922809,10.876966
8525,188,1608,229,1lti_GAL_H_104,5,autodock,0.79837622,0.58247741,10.205173,1.0753531,0.98919914,13.892861
8526,188,7509,1072,4cjv_IV2_B_1215,5,autodock,0.65332347,0.57918095,7.4746056,0.58556092,0.05171607,16.229365
8527,188,9819,1402,4rg3_ECE_A_603,5,autodock,0.80444177,0.57868117,9.2216501,2.392683,0.97258257,3.0145886
8528,188,6585,940,3vq4_0NX_A_304,5,autodock,0.65301172,0.57846816,6.2764516,1.7663376,1.8566134e-05,7.718386
8529,188,12244,1749,5hpu_IPH_A_101,1,unimol,0.820108,0.57838502,10.368834,1.8299885,0.98832659,18.52
8530,188,15545,2220,6hmw_FUL_G_202,5,autodock,0.79628191,0.57619066,8.9045372,2.5648029,0.99606139,8.4717249
8531,188,1601,228,1lti_GAL_E_104,5,autodock,0.7969709,0.57614265,10.294215,1.2007874,0.99266592,12.509619
8532,188,15538,2219,6hmw_FUL_F_202,5,autodock,0.7957268,0.57533685,8.9045372,2.5648029,0.99517371,9.4129907
8533,188,8342,1191,4hey_4MZ_A_303,5,autodock,0.75798085,0.57478433,7.7380257,3.1429925,0,2.2090931
8534,188,845,120,1h48_CDI_B_902,5,autodock,0.78676148,0.57326431,10.080363,1.2425715,0.96053776,31.589457
8535,188,1594,227,1lti_GAL_D_104,5,autodock,0.79668865,0.57323488,10.339563,1.2652899,0.98718053,13.425139
8536,188,12825,1832,5kjw_53C_A_800,1,unimol,0.78553645,0.57273962,10.886929,0.44374749,0.98725683,20.24
8537,188,2192,313,1pwz_RSO_A_256,1,unimol,0.86443499,0.57126561,11.832469,0.93400109,0.95304311,16.54
8538,188,866,123,1h48_CDI_E_902,5,autodock,0.79420635,0.57049544,10.281726,1.3283595,0.98921254,27.029556
8539,188,3659,522,2c3d_COM_A_1525,5,autodock,0.79030151,0.56932879,8.9932699,2.546803,0.95850336,14.569496
8540,188,1503,214,1kya_XYD_D_814,5,autodock,0.65501165,0.56923045,7.0531883,1.7027256,0,5.0776052
8541,188,15524,2217,6hmw_FUL_B_204,5,autodock,0.78468464,0.56883476,8.9045372,2.5648029,0.95132747,11.457311
8542,188,4226,603,2gnm_MAN_A_253,5,autodock,0.78687231,0.56845822,9.5949183,1.9245205,0.95776925,18.385597
8543,188,11198,1599,5cmb_GLY_A_301,5,autodock,0.78269293,0.56800251,8.8221426,2.6543415,0.99879572,94.363503
8544,188,3939,562,2euq_BVC_A_401,5,autodock,0.62149085,0.56626932,5.907917,0.6258797,0,7.420649
8545,188,15727,2246,6jmd_ORO_A_402,5,autodock,0.6527784,0.56581187,8.1856775,0.19059628,0,6.9154383
