PDB_CCD_ID,surfdock,unimol,diffdock,diffdock_l,gnina,autodock,smina
19gs_BSP_A_210,0.007388756,0.98557239,0.038366822,0.13392691,0.0039881531,0.17879427,3.9076459e-06
19gs_BSP_B_210,0.0053721136,0.98854669,0.038338095,0.13384766,2.4252396e-05,0.17955523,2.9078849e-06
1a49_OXL_D_2333,0.99569192,0.96645288,0.032053621,0.14956899,9.8789352e-05,0,2.9561683e-05
1a49_OXL_F_4133,0.9892019,0.87115368,0.03346599,0.15102717,0.13037441,0,2.3377895e-05
1a59_CIT_A_379,0,0.93714712,0.038670774,0.13347686,0,0.17405,0.0063502094
1ac4_TMT_A_296,0,0.98176216,0.044305343,0.14911718,0.95959659,0,0
1aer_TIA_B_700,0,0,0.04484545,0.13112586,0.19126473,0,0
1aia_PMP_A_411,0.21621794,0.60632715,0.04991718,0.15260756,0.95144949,0.89941294,0.95587966
1aia_PMP_B_411,0.2344142,0.19525954,0.046837011,0.14886729,0.94866523,0.057729371,0.00028166046
1aiq_CB3_A_266,0.93128278,0,0.03913298,0.14610528,0.18852995,0,0
1aiq_UMP_B_266,0.96432939,0,0.04363995,0.15830655,0.90938269,0,0
1aj8_CIT_B_2000,0.060059918,0.94422312,0.0487109,0.15216117,0.96574497,0.87865931,0.87412835
1ajs_PLA_A_415,0.9487998,0.96056931,0.041648283,0.16583485,0.9641239,0.57499456,0.59314122
1amq_PMP_A_413,0,0.2323329,0.045677522,0.13744138,0.4671525,0.11153272,0.1173717
1anc_BEN_A_290,0,0.96829228,0.049707371,0.15206527,0.99375656,0.98945176,0.98920182
1aog_MAE_A_500,0,0,0.049389597,0.14238544,0.8868754,0,0
1aog_MAE_A_501,0.99516562,0.89660671,0.032451157,0.14920042,0.0026800362,0,0
1aua_BOG_A_2,0.15718129,0,0.043066067,0,9.016949e-09,0.022776285,0
1axg_ETF_A_404,0,0.95193289,0.049065315,0.15078004,0.92941759,0.92673304,0.92999069
1axg_ETF_B_404,0.99135464,0.98447323,0.043399326,0.16790451,0.9805795,0.97389817,0.97820694
1axg_ETF_C_404,0.99069673,0.96246439,0.042902861,0.16671303,0.92264914,0.92464831,0.93178758
1axg_ETF_D_404,0.41097855,0.97108532,0.046567122,0.15799706,0.96158857,0.90992849,0.91311732
1bcs_ARG_A_426,0,0,0.044179208,0.12830541,7.4498829e-08,0.068683959,0.037678429
1bit_BEN_A_246,0.97175269,0.94326616,0.03458086,0.15014825,0,0.42904126,0.45042671
1bit_BEN_A_247,0.010075766,0.83814091,0.039533608,0.13433005,0.077347776,1.2489247e-07,0.11439854
1bo8_U_A_318,0.95434796,0.66345415,0.040055325,0.1635662,0.98765853,0,0
1bqp_MAN_B_401,0.97770897,0.96333196,0.043793039,0.16786825,0.99689744,0.99240612,0.99227775
1bqp_MAN_C_402,0,0.97204432,0.049542259,0.15182331,0.97895466,0.98157457,0.97879968
1c3s_SHH_A_952,0.96309139,0.90306974,0.032593814,0.14867706,4.7177354e-05,0.00012693888,0
1c9c_PP3_A_413,0,0.45107209,0.042527275,0.13108363,0,0.26541627,0.24060149
1ca7_ENO_B_601,0.97789674,0.95974611,0.043723077,0.16768519,0.98746204,0.98667335,0.98735042
1cdk_MYR_A_403,0.97867701,0,0.047202806,0.16079913,0.94718211,0.65871296,0.66112392
1cdk_MYR_B_403,0.9745238,0.88011681,0.043018184,0.16462307,0.83482987,0.95143516,0.95304053
1cgk_NAR_A_390,0,0,0.044179208,0.12830541,0,0.068683951,0.037678421
1cib_HDA_A_437,0,0.93051469,0.047076976,0.15029457,0.95844255,0.0043340843,0.956209
1cib_IMP_A_440,0,0.33739389,0.041750768,0.13000417,0.00021334828,0.034197472,0
1ck6_SHA_A_900,0.98848707,0.98775244,0.031985593,0.14958127,3.130899e-07,1.3620498e-09,0
1cq1_BGC_A_455,0.11433033,0.96862762,0.037741356,0.13548398,0.0005490441,0.15544933,6.5584112e-05
1cq1_BGC_B_455,0.66765475,0.94477314,0.03426369,0.14421079,0.00039786642,6.5250751e-05,0.031408068
1d3g_ORO_A_399,0.20925065,0,0.043385366,0.13405415,0.16362501,0,0
1d6u_HY1_A_2001,0.99426473,0.99667157,0.038406754,0.16583747,0.99548726,0.0056933056,0.0063647831
1d6u_HY1_B_3001,0.99514332,0.99613863,0.038249298,0.16546068,0.97149502,0.0066721363,0.0060246585
1d6u_PEA_A_2003,0.99015159,0.97472167,0.032045678,0.149527,9.891639e-06,0,8.737185e-07
1d7a_AIR_A_300,0.67609753,0.96195378,0.034154973,0.14445898,0.0020084039,0.052871675,3.2892273e-06
1d7a_AIR_C_400,0,0.9257566,0.038699325,0.13339538,1.1507757e-06,0.16605215,1.1449563e-06
1d7a_AIR_D_450,0.97994517,0.99998229,0.03215448,0.14928334,1.5505939e-06,1.5696127e-06,0
1daf_DSD_A_225,0.87448279,0.98706643,0.03278217,0.14777385,0,0.032127483,0.011009728
1dai_DSD_A_225,0.89260721,0.98709623,0.032611623,0.14803788,0,0.019555335,8.9489172e-07
1diw_GAL_A_1400,0,0.97379023,0.038460147,0.13369239,0.0009117094,0.17800445,0.00096965744
1dna_CB3_A_601,0,0,0.044179208,0.12830541,1.4744818e-11,0.068683951,0.037678421
1dna_CB3_B_602,0.91066295,0,0.038272005,0.14332686,0.037427377,0,0
1dpm_EBP_A_901,0.00036292408,0.9780366,0.03842501,0.13370593,5.190402e-06,0.17803168,4.2039891e-07
1dpm_EBP_B_902,0.75421767,0.91797723,0.033845454,0.14542816,0.00014395142,0.00015149946,0.011096976
1dpm_EBP_B_903,0,0.97920817,0.038051869,0.13357055,7.1840838e-10,6.6574301e-06,0.00027348366
1dxy_COI_A_404,0.96684591,0.94556853,0.032379112,0.14907805,0.0057999504,2.555098e-06,0
1dy3_87Y_A_201,0,0.47448488,0.052487856,0.14911913,0.98708305,0.98728064,0.9870738
1e26_GPB_A_208,0.61697191,0.98369541,0.040398976,0.15825941,0.90321794,0.13362562,0
1e2j_THM_A_500,0.98420793,1,0.032119557,0.14936584,0.0002166641,0,0
1e2j_THM_B_500,0.98410595,0.98059485,0.032644486,0.1503822,0.068098697,0,0
1e48_13P_P_302,0.85673679,0,0.043794723,0.15532389,0.83234214,2.7996094e-05,2.6846964e-05
1e5f_PLP_A_405,0.4238894,0,0.041174688,0.13494517,0,0,0
1e5f_PLP_B_405,0.39337695,0,0.049742899,0.15144184,0.99235377,0.40030985,0.4022451
1e7h_PLM_A_1001,0.96268238,0.97538283,0.036344866,0.15938312,0.63660115,4.0955763e-07,2.4858789e-06
1e7h_PLM_A_1007,0.99092652,0.96956467,0.032063233,0.14951148,0,0,0
1e8g_FCR_B_601,0.99606219,0.97599423,0.066889575,0.1507099,0.066671352,0.0033228111,0
1ei6_PPF_A_410,0.97993212,0.83340009,0.037708446,0.15649473,0.43038769,0.3902304,0.39004258
1ei6_PPF_C_413,0,0.85570918,0.039495647,0.13387034,0.051749333,0.16918647,0.018355649
1ei6_PPF_D_412,0.99636031,0.88534888,0.04396601,0.16735127,0.97372118,0.99174824,0.99170829
1eow_U2G_A_130,0,0,0.04732789,0.1372769,0.57127266,0,0
1eyw_PEL_A_404,0.0035114931,0.96758981,0.039468918,0.13616652,0.15232892,0.18606239,0
1eyw_TEN_A_403,0.98636349,0,0.042547189,0.15072766,0.33580396,0.54223483,0.53925373
1fdk_GLE_A_150,0,0,0.044179208,0.12830541,6.3696569e-10,0.068683951,0.037678421
1fds_EST_A_350,0.99721255,0.83103234,0.032866901,0.14900352,0.011396672,0,0
1fhv_OSB_A_789,0.9865647,0.94487042,0.03665261,0.15143937,0,0.86475453,0.85686902
1fk1_DAO_A_201,0.94505784,0.97035544,0.03237766,0.14882356,0.0027017322,0.0064539859,0
1foi_14W_A_810,0,0.99540042,0.038336998,0.13380127,2.4001213e-06,0.18209711,1.1915409e-07
1foi_14W_B_810,0,0.99301916,0.038349371,0.13378735,8.0473767e-08,0.18154825,5.5407762e-08
1fp2_HMO_A_2000,0,0.92100725,0.038658505,0.13340696,3.7590801e-09,0,0.12971171
1fqo_F6R_A_1268,0.93841667,0.88928587,0.035035147,0.15318923,0.30529828,0.035602882,0.034036905
1fqo_F6R_B_2268,0.94851056,0.71357392,0.039251717,0.1617342,0.8639032,0.025836928,0.034743563
1fs5_16G_A_1267,0.22979798,0.48572455,0.039465319,0.13446031,1.2464404e-07,4.6027592e-08,5.5937244e-08
1fs5_16G_B_2267,0.017154785,0.46248014,0.042357349,0.13141943,1.8410498e-06,0.264274,0.23979087
1fsa_F6P_B_338,0.96123392,0.97265526,0.038625937,0.95619859,0.9842941,2.1935067e-05,2.1935784e-05
1fuq_CIT_B_1002,0.42350044,0.9669304,0.035711225,0.1404404,2.677879e-06,9.0724211e-05,0.075229574
1fuy_FIP_A_269,0,0.97591356,0.043444164,0.14686819,0.82269911,0,0
1fwn_PEP_A_1268,0,0.97246389,0.04409777,0.14839092,0.91753597,0.002611054,0.0030251786
1g4s_TPS_A_2001,0.98867079,0.9833517,0.038584085,0.16562786,0.99070117,0.073930772,0.0011261879
1g6n_CMP_A_621,5.0567369e-07,0.0082768819,0.0493975,0.14484528,0.99550708,0,0
1g6n_CMP_B_622,0,0.0092936308,0.049373063,0.14479789,0.99234586,0,0
1g6t_S3P_A_601,0.99198286,0.96177999,0.039959896,0.15874794,0.41918545,0.99608154,0.99609102
1g72_PQQ_A_701,0,0,0.055187069,0.14656388,0.99211557,0.9908487,0.99066592
1g72_PQQ_C_703,7.0264733e-06,0,0.055198641,0.14657647,0.99263592,0.99231392,0.99238536
1g79_PLP_A_260,8.7059167e-05,0.90095242,0.038793645,0.13336655,0.0047690718,0.00022594588,0.12524684
1g79_PLP_A_270,3.2833526e-06,0.002583767,0.044168924,0.12832221,1.7753979e-07,0.069835598,0.038866864
1g8z_GAL_F_104,0.98978258,0.97660964,0.038340378,0.16519958,0.9685009,1.876181e-06,1.8600377e-06
1g8z_GAL_G_104,0.99236488,0.95916607,0.035809544,0.15866599,0.56838283,3.1330551e-07,3.1325451e-07
1g8z_GAL_H_104,0.96352562,0.96128231,0.032285799,0.14903578,0.00068052065,1.6188243e-05,0
1gck_PLP_A_413,0,0.45107209,0.042527275,0.13108363,0,0.26541627,0.24060149
1gck_PLP_B_913,0,0.45107209,0.042527275,0.13108363,0,0.26541627,0.24060149
1gij_2PU_A_501,0.89587387,0,0.03811794,0.14248245,0,0,0
1gim_HDA_A_438,0,0.95115893,0.045358659,0,0.72330822,0.93288062,0.010349419
1gim_IMP_A_440,0,0,0.044180796,0.12830923,0.00023428362,0.068707083,0.037705973
1giu_ADE_A_300,0.98646955,0,0.038708002,0.14653504,0.1552893,0,0.0500229
1gkc_NFH_A_1448,0.99085417,0.97566059,0,0.16544284,0.98274896,0,0
1gkc_NFH_B_1449,0.96347199,0.93849705,0.038512291,0.16405209,0.93715389,0,0
1gsi_TMP_A_1210,0.97981491,0,0.039729035,0.14910045,0.32520119,0,0
1gsq_GDN_A_203,0.73101184,0.93722394,0.035285642,0.14539175,1.0867999e-07,0.21673638,0.20605305
1gxu_2HP_A_1092,0.98786244,0.62895653,0.045356604,0.16578918,0.97989811,0.96195406,0.96195406
1gz5_G6P_A_901,0.70041485,0.97877921,0.033897061,0.14491369,1.6373853e-06,0.052241645,2.0346666e-05
1gz5_G6P_C_901,0,0.95979779,0.038522263,0.13359382,3.3112043e-06,0.17390014,6.8706661e-06
1gz5_G6P_D_901,0.82702458,0.97549452,0.033095826,0.14692073,1.2766772e-06,0.028684421,9.9203644e-07
1gz5_UDP_C_900,0.95703959,0.69079594,0.039560887,0.16270274,0.92366707,0.025598808,0
1h0v_UN4_A_1299,0,0.93373407,0.044670446,0.14907623,0.97385433,1.049296e-08,1.0691243e-08
1h18_DTL_A_9009,0.99448401,0,0.037782672,0.14473662,0.040986001,0,4.641402e-08
1h18_DTL_A_9010,0.99086552,0,0.037696631,0.14434464,0.019086985,0,0.013464461
1h18_DTL_B_9009,0.99240068,0,0.03752768,0.14403962,2.0181051e-06,0,5.4925283e-07
1h18_DTL_B_9010,0.97209303,0,0.038408002,0.14482088,0.053475467,0,0.15699072
1h18_PYR_B_1001,0,0,0.044229261,0.12932704,0.075282129,0,0.044328048
1h1i_QUE_A_1358,0.99344516,0.69292555,0.039755545,0.16448319,0.99450636,0.026526695,0
1h1i_QUE_C_1358,0,0.011910298,0.049310179,0.14467599,0.98421302,0,0
1h1i_QUE_D_1357,0.99102434,1,0.032046684,0.14950205,0,0,0
1h1m_KMP_A_1360,0,0.98834119,0.044918244,0.14977355,0.98710826,0.25178371,0
1h1m_KMP_B_1358,0,0.32857203,0.041700214,0.12992416,0,0,0
1h1m_KMP_C_1358,0,0.98772055,0.044957797,0.14985881,0.99258705,0.25203653,0
1h48_C5P_B_901,0,0.023905213,0.049452675,0.14487275,0.98972785,0.068971295,0
1h48_C5P_C_901,0.97232855,0.68329519,0.03984889,0.16384864,0.9799157,0.026919716,0
1h48_C5P_D_204,0.98369946,0.701474,0.039479408,0.16357408,0.94676052,0.025266825,0
1h48_C5P_E_901,0.98758089,0.70302715,0.039467581,0.16370101,0.95012735,0.025218655,0
1h48_CDI_A_201,0,0.0089767489,0.049384721,0.14482001,0.99373842,0.0002693897,0.00028864406
1h48_CDI_D_201,0,0.47039181,0.052430339,0.14902638,0.98409532,0.97648273,0.97633968
1h48_CDI_E_902,0.96100581,1,0.043622451,0.16767672,0.9893664,0.98921254,0.98930827
1h48_CDI_F_902,0,0.0094383669,0.049369934,0.14479178,0.99193123,2.3997231e-05,2.4271278e-05
1h48_GPP_C_904,0.96648463,0.962397,0.032964405,0.15032479,0.08741935,0,0
1h48_GPP_E_904,0,0.42907893,0.043090994,0.13216154,0.071346744,0.26953642,0.24592987
1h5r_G1P_A_1294,0.84403737,0.4854717,0.039555578,0.15090581,0.3542036,0.23079568,0.345579
1h5r_G1P_B_1294,0.9828736,0.94365805,0.038601816,0.16498089,0.97336326,2.5445998e-06,0.00032358229
1h5r_G1P_C_1294,0,0.97273598,0.038455013,0.13366941,1.6174966e-05,0.176878,2.1540432e-06
1h5r_G1P_D_1294,0,0,0.044179208,0.12830541,0,0.068683951,0.037678421
1h5r_THM_A_1293,0.98071657,0,0.041263691,0.15293126,0.56096788,0,0
1h5r_THM_B_1293,0.98383148,0,0.040878841,0.15207512,0.50497134,0,0
1h5r_THM_C_1292,0,0,0.04468351,0.13072461,0.16647514,0,0
1h5r_THM_C_1293,0,0,0.044180844,0.12830934,0.00024132294,0.068707778,0.037706801
1h5r_THM_D_1292,0.98919434,0,0.040018279,0.15011057,0.37825773,0,0
1h5r_THM_D_1293,0.45179086,0,0.047237068,0.15118551,0.9802655,0,0
1h69_ARH_A_1275,0,0,0.044179209,0.12830541,1.7418503e-07,0.068683968,0.037678441
1h69_ARH_B_1275,0,0,0.049520862,0.14271069,0.90696923,0,0
1h69_ARH_C_1275,0,0,0.04417924,0.12830549,4.7567371e-06,0.068684421,0.03767898
1h70_CIR_A_500,0,0,0.055157018,0.14647339,0.98628454,0.99240078,0.99223198
1h7q_TYD_A_1258,0.55942237,0,0.040218961,0.13707265,0.00012674876,0,0
1h82_GZZ_B_590,0.95906774,0.96076084,0.03521186,0.15602609,0.43630952,0.033048117,2.0652725e-10
1h82_GZZ_C_590,0,0.95350798,0.040261299,0.1377323,0.25737024,0.19103857,9.9680363e-09
1h8p_PC_A_1111,0.071628614,0.90533677,0.038280153,0.13445648,4.3345933e-06,0,0.11451721
1h8p_PC_B_1111,0,0.9354496,0.038585347,0.13349549,0.00013547327,0,0.13340113
1hdi_3PG_A_419,0.99369566,0.95282995,0.032596885,0.1501767,0.038082066,0.04265727,0.023807086
1hkn_N2M_C_4138,0.9783261,0.98289347,0.032079517,0.14938521,0,0.003160742,0
1ho5_ADN_A_1604,0.98369689,0.94587035,0.032327306,0.14929963,1.1532432e-06,0.0093865806,0.018576343
1ho5_ADN_B_2604,0.97807602,0.97888497,0.032652443,0.14962864,6.0170552e-09,0.098577605,0.11377593
1hot_16G_A_269,0.00032804334,0.45129025,0.042524026,0.13109005,2.5018792e-08,0.26539442,0.24058599
1hot_16G_B_271,0.27312227,0.968443,0.036712153,0.13801511,4.3482707e-07,0.12673631,4.207831e-08
1hq2_PH2_A_181,0.99671125,0.96316756,0.038547717,0.16566544,0.99507507,0,0
1hsb_ALA_A_1001,0,1.1247562e-05,0.044179163,0.12830548,4.5035936e-10,0.068688969,0.037683598
1hsr_BHO_A_800,0.99664928,0.99188539,0.031912142,0.14973628,2.819143e-06,7.1842033e-10,0
1i8a_BGC_A_189,0.068665263,0.89975852,0.038660684,0.13473058,0.014920795,0.046985592,0.15664561
1ia1_TQ3_A_194,0.99704587,0,0.049150542,0.16273698,0.99667661,0.9968135,0.99649422
1ia1_TQ3_B_196,0,0.96735884,0.049033535,0.15186408,0.99739114,0.70707169,0.99761943
1if4_FBS_A_555,0.99666889,0.98795365,0.038407378,0.16580439,0.99503764,0,0
1ij8_BNI_A_501,0.74154892,0.95511663,0.033765659,0.14546199,0.0017244195,0.039494822,0
1iki_DAL_A_500,0.63914911,0,0.039691006,0.13834221,6.2995826e-06,0,0
1iri_E4P_A_601,0.99636509,1,0.041129176,0.16459143,0.79336733,0.79667444,0.79536845
1iri_E4P_C_603,0.99298605,1,0.037536347,0.15666957,0.323562,0.68958416,0.69132489
1iri_E4P_D_604,0.99168967,1,0.042680669,0.16639059,0.88063136,0.98046264,0.98105833
1isx_XYP_A_1461,0.032025759,0.96506034,0.044511488,0.14990502,0.97624465,0.038512995,0.038516264
1itw_ICT_A_743,0.98770296,0.92865869,0.032308,0.14923612,0.0010421281,0,2.0515986e-06
1itw_ICT_C_743,0.99213665,0.83316803,0.033122978,0.14952128,0.047695722,0,2.1848661e-06
1iwe_IMP_A_460,0,0,0.044179208,0.12830541,0,0.068683951,0.037678421
1iwe_IMP_B_1443,0.97852813,0.99503742,0.03225941,0.14941873,0.011203601,0,0
1iwe_IMP_B_1452,0,0,0.044185879,0.12832146,0.00098386525,0.068781093,0.037794128
1ixo_G3P_A_1001,0.86584543,0,0.038479378,0.14243863,0.027220164,0,0
1ixo_G3P_D_1004,0,0,0.044285222,0.12856041,0.015634324,0.070227604,0.039517093
1j0n_CEG_A_780,0,0,0.044179263,0.12830554,8.1131681e-06,0.068684752,0.037679375
1j0y_BGC_A_1601,0.99715808,0.97425925,0.039600283,0.16621401,0.99026507,0.22341513,0.22234628
1j0y_BGC_B_2601,0.9543416,0.98244992,0.043297854,0.16628974,0.91602912,0.99208799,0.99200104
1j0y_BGC_C_3601,0.99731894,0.97767278,0.039757863,0.16638038,0.99471414,0.25165007,0.25181758
1j0y_BGC_D_4601,0.99550916,0.9816682,0.043587464,0.16824377,0.99544638,0.9954937,0.99561829
1j3i_UMP_C_611,0.95413995,0,0.044101783,0.15913213,0.9705415,0,0
1j3i_WRA_A_609,0,0.99015522,0.042365004,0.14355976,0.60342269,0.22448875,7.4726446e-06
1j3i_WRA_B_709,0.97842315,0.99489507,0.034361841,0.15519543,0.35374769,0.031471977,8.4858114e-06
1j3k_UMP_C_611,0.98438715,0,0.044075259,0.16001265,0.99479399,0,0
1j3k_UMP_D_711,0.9814067,0,0.044083616,0.15994012,0.99328345,0,0
1j3k_WRA_A_609,0.97624103,0.9934278,0.039484743,0.16576116,0.97867757,0.24424307,0.19799587
1j3k_WRA_B_709,0.98990463,0.99566085,0.032557278,0.15065754,0.054633894,0.052887949,0.05307699
1j54_TMP_A_2000,0.98734221,0,0.043769699,0.15934797,0.95078537,0,0
1ja9_PYQ_A_406,0,0.97089405,0.038557245,0.1338854,0.013991928,0.17746148,0
1jf0_CZH_A_197,2.1247351e-08,0.99184997,0.044949426,0.14991496,0.99456484,0.25313082,0
1jho_NIO_A_991,0.74250038,0.99493667,0.037998571,0.15697762,0.70059852,0,0
1jho_RMB_A_990,0.95681204,0.66352095,0.040070251,0.16369023,0.99268842,0,0
1jhv_NIO_A_991,0.74166281,0.99598565,0.039880457,0.16163504,0.98879985,0,0
1jhv_PCR_A_990,0.99831,0.99501148,0.031921704,0.14986999,0.0054470704,0,0
1jl0_PUT_B_401,0.98213682,0.92266115,0.043833563,0.16739328,0.97865221,0.98378099,0.9840279
1jla_TNK_A_999,0.9910065,0,0.043980853,0.15998581,0.9865385,0,0
1jtk_THU_A_138,0,0.95567749,0.049559055,0.15161611,0.97278509,0.97042791,0.97610867
1jtk_THU_B_1138,0.98802818,0.96226708,0.043418984,0.16748792,0.96714939,0.96836954,0.96875062
1jw0_GUA_B_999,0,0.02594153,0.04897302,0.14402241,0.9406064,2.5129456e-06,2.5623888e-06
1jyw_147_C_2001,0.97471888,0.96224281,0.033023331,0.15075672,0.10539402,0,0
1jyx_IPT_A_2001,0,0.57191355,0.049834531,0.14392681,0.64785474,0.95459193,0.98760474
1jyx_IPT_A_2002,0.00063031565,0.44764685,0.04261957,0.13128439,0.012471473,0.2660945,0.24150311
1jyx_IPT_B_2001,0.98629703,1,0.043200291,0.16789473,0.98304585,0.90654499,0.98240995
1jyx_IPT_C_2001,0,0.46128059,0.052430167,0.14895259,0.98479017,0.95849486,0.97887138
1jyx_IPT_D_2001,0.99098755,1,0.043162134,0.16794938,0.9817712,0.90571477,0.98247548
1jyx_IPT_D_2002,0.00063084568,0.44838946,0.04260054,0.13124802,0.010063584,0.26595541,0.24132325
1k8z_IAG_A_501,0.99442625,0.96225639,0.032115932,0.14961561,0.0056558862,0,0
1kae_HSO_A_1001,0.97038463,0,0.049054006,0.16191014,0.9758712,0.97297035,0.97239001
1kar_HSM_A_502,0.0014684532,0,0.04558317,0.13297911,0.30388834,0,0.0042349464
1kar_HSM_B_503,0.0036272461,0.97095689,0.038442285,0.13371765,3.8082026e-06,0.17608375,0.00032031736
1kbq_936_A_703,0.99387654,0.98181182,0.031984652,0.14962778,6.7692787e-07,0.00011320561,0
1kbq_936_B_704,0.99325856,0.98518428,0.031971104,0.14963755,1.1322975e-06,0.0010014512,0
1kbq_936_D_702,0.98438844,0.98973226,0.032004829,0.14952226,1.055005e-05,0.0036461942,0
1kdo_C_A_5407,0.96351685,0.67434146,0.040009089,0.16381792,0.98940465,0.027631145,0
1kdo_C_B_6407,0.96329766,0.78518163,0.03728444,0.15854951,0.63907508,0.015329158,0
1kfc_IPL_A_674,0.99350644,0.94924874,0.036630085,0.15651461,0.37737549,0.39129296,0.39167382
1ki2_GA2_B_2,0.98928761,1,0.032072276,0.14946974,0.00046980284,0,0
1km6_OMP_A_2001,0.97817557,0,0.047214909,0.16130955,0.98694232,0.61630842,0.60637307
1knu_YPA_A_1001,0.98339956,0.72652695,0.033468684,0.14800494,2.0392343e-09,0,0
1kuj_MMA_C_502,0.99014569,0.94943352,0.043671349,0.16771443,0.98028587,0.98809704,0.99043813
1kuj_MMA_E_503,0.97973905,0.96051019,0.043760658,0.1677971,0.99148163,0.99229678,0.99216742
1kuj_MMA_G_504,0,0.96582449,0.04976049,0.15209256,0.99545417,0.99456837,0.99496109
1kwc_BPY_B_401,0.99651389,0.99116452,0.031937301,0.14977934,0.0030372542,8.0968853e-05,0
1kwu_MMA_A_501,0,0.95346127,0.04401709,0.14771318,0.88014446,0,0.027213787
1kwu_MMA_B_601,0.017913055,0.93323504,0.044394777,0.14880241,0.93648164,0,0.029012238
1kwu_MMA_C_701,0.01853816,0.93401632,0.044122679,0.14805445,0.88839844,0.024254861,0.024385922
1kya_XYD_B_612,0.9916317,0.9752551,0.038466246,0.16554266,0.98832672,0,0
1l4f_NCN_A_991,0.9681295,0.99178363,0.038569597,0.16538893,0.99647566,0,0
1l4n_NIO_A_991,0.76503037,0.99500638,0.039706263,0.16191516,0.98315863,0,0
1l5o_2MP_A_990,0.99710042,0.99368906,0.031994374,0.14998485,0.014184438,0,0
1l5o_NCN_A_991,0.96830921,0.9930576,0.038536353,0.16533726,0.99265934,0,0
1ldo_SNR_A_150,0,0.94881019,0.038579373,0.13352971,0,0.17136258,0
1lfw_AEP_A_683,0,0.45100892,0.042528895,0.13108673,0.0002049184,0.2654281,0.24061679
1lnf_VAL_E_1321,0.98727058,0,0.043946767,0.15978386,0.97777478,2.5760612e-05,9.7473339e-05
1lo3_AN1_Y_500,0.99192112,0.97975166,0.03198267,0.14957511,0,0,0
1lqp_FCN_A_4002,0.99596532,0,0.037505869,0.14409709,8.1180276e-09,0,0
1lqp_FCN_A_4004,0,0,0.044195108,0.12834365,0.0023448928,0.068915474,0.037954191
1lqp_FCN_B_4003,0,0,0.044189941,0.12833123,0.001582878,0.068840237,0.037864575
1lro_PEP_A_1268,0,0.97226163,0.04130661,0.14111664,0.46288175,0.036958221,0.037611107
1lro_PEP_B_2268,0.0035607623,0.9731796,0.042378015,0.13867804,0.22775219,0.49870086,0.59693929
1lti_GAL_D_104,0.99229857,0.92993194,0.043803833,0.16774496,0.98717018,0.98718053,0.98758186
1luq_BTN_A_5100,0.99249329,0,0.043991455,0.16005859,0.98955304,0,0
1lzz_IHG_A_830,0.9916934,0.92919724,0.032275022,0.14928717,1.2220119e-06,0.0018228382,0
1m3u_KPL_B_265,0.5774203,0.83886124,0.046145649,0.15928626,0.93483745,0.88406971,0.88857418
1m3u_KPL_C_265,0.63416872,1,0.04258926,0.15444913,0.52482113,0.90132461,0.96368376
1m3u_KPL_D_265,0.77151058,0.90010893,0.042225591,0.16067314,0.84598873,0.56996392,0.56146987
1m3u_KPL_E_265,0.99436588,1,0.043411295,0.16822694,0.99054643,0.98606712,0.98668302
1m3u_KPL_G_265,0.41429981,0.58592207,0.047308768,0.1557027,0.98914215,0.62243271,0.62253412
1m3u_KPL_H_265,0.2487361,0.60347015,0.040396974,0.13659034,0.042241716,0.2512917,0.23200067
1m3u_KPL_I_265,0.23320502,0.36751175,0.047977353,0.15041468,0.94391972,0.38922512,0.39089578
1m3u_KPL_J_265,0.99584105,0.97805626,0.041701442,0.16696543,0.99108144,0.99064025,0.25874524
1m7p_G3H_A_5401,0.99232306,0.97335821,0.032034836,0.14955644,0,0,0
1m7p_G3H_B_6401,0.98070982,0.96292308,0.032162722,0.14930873,0,0,0
1m9j_CLW_B_907,0.54462011,0,0.040318955,0.13683629,4.4000038e-07,0,0
1mex_RAC_H_601,0.95570862,0.98557876,0.036032591,0.15859195,0.59110997,0,0
1ml4_PAL_A_385,0.98836746,0.96753583,0.042667853,0.16751563,0.99335002,0.79644971,0.7954115
1mmx_FUC_A_348,0.12276465,0.95600972,0.042575319,0.13792948,0.0014398473,0.9937497,0.99569496
1mmy_G6D_A_348,0.060535724,0,0.043767966,0.12929653,0.0026300371,0.051413293,0.021155187
1mmy_G6D_B_348,0,0,0.044202239,0.12836081,0.0033965023,0.069019305,0.038077866
1moo_4MZ_A_264,0.055030513,0,0.043789155,0.12916741,3.0297935e-07,0.052747882,0.022376694
1moo_4MZ_A_265,0.99139843,0,0.03753666,0.14402524,8.5848719e-06,0,0.0010843713
1mrj_ADN_A_300,0.99255623,0.98721051,0.031962309,0.14964297,0,0,0
1msv_PUT_A_355,0,0.91784837,0.048935396,0.15010224,0.90418271,0.89594961,0.89947524
1msv_PUT_B_355,0.93965909,0.91313909,0.043775097,0.16571064,0.92001553,0.98533611,0.98670242
1mvc_BM6_A_200,0.99246354,0.99215841,0.038416222,0.16577753,0.99609982,0,0
1n3o_GYP_B_1101,0.042341654,0.96103598,0.042881272,0.13658598,0.0016164724,0.96549363,0.96391073
1n5i_TMP_A_217,0.98863951,0,0.04401255,0.1599903,0.98917489,0,0
1ne4_RP1_A_401,0.9695519,0.97117567,0.03866203,0.16525672,0.99409321,0,0
1ne4_RP1_A_601,0,0.88313417,0.044604386,0.1479163,0.91988095,0,0
1nf0_13P_A_5001,0.99053029,0.9324785,0.037555258,0.16240364,0.81037383,0.00049370407,0.00049362274
1nf0_13P_B_1150,0,0,0.044179208,0.12830541,5.8260375e-08,0.068683957,0.037678427
1ngp_NPA_H_302,0,0.95306656,0.048514994,0.14879978,0.79716352,0.99041332,0.99043765
1njr_XYL_A_285,0.9371685,0.83104973,0.033159917,0.1478515,6.1466915e-05,0,2.1740645e-06
1nmm_NAG_B_403,0.98559406,0.97401938,0.043673697,0.16799547,0.99266223,0.9959926,0.99530916
1nmm_NAG_D_527,0.97095362,0.97198781,0.043597884,0.16744691,0.97613541,0.98266007,0.98193309
1nmz_NYM_A_301,0.97243404,0.87926321,0.035034991,0.15455945,0.3615752,0.0051852785,0
1now_IFG_B_558,0.98726233,0.98739446,0.043532339,0.16806874,0.99245148,0.98505966,0.98528131
1nrg_PLP_A_320,8.6710282e-06,0.93683635,0.038645171,0.13346611,0.00033097656,0.16886494,0.00028209236
1ns4_BGC_A_1400,0.071644719,0,0.052414151,0.1420097,0.64048264,0.98342128,0.98345498
1ns4_BGC_B_2400,0,0.77234344,0.050373245,0.15022055,0.95373104,0.95400933,0.95397826
1nsm_GAL_A_1400,0.018743792,0,0.04414783,0.1288431,0.014965331,0.0647336,0.034226525
1nsm_GLA_B_2400,0.019248487,0.93132093,0.039881494,0.13650992,0.16334207,0.2198534,0.052204213
1nuw_F6P_A_2336,0,0.94570488,0.044185658,0.13852817,0.1741322,0.93102363,0.93309476
1nux_F6P_A_2339,0.9712401,0.96440473,0.037254812,0.16168932,0.77438456,6.3216665e-06,6.7003181e-06
1o28_UFP_A_703,0,0,0.04418152,0.12831097,0.00034104143,0.068717624,0.037718529
1o28_UFP_B_708,0,0,0.04417928,0.12830558,1.0721248e-05,0.06868501,0.037679681
1o28_UFP_D_718,9.5050001e-05,0,0.054265795,0.14590403,0.97546343,0.83103262,0.83562159
1o29_UFP_A_803,0.00012005399,0,0.044178411,0.12830742,7.9691224e-06,0.068649972,0.037645976
1o29_UFP_B_808,0,0,0.044182159,0.12831251,0.00043521144,0.068726922,0.037729604
1o29_UFP_C_813,0.0001942159,0,0.051931229,0.14472196,0.97169727,0.39040166,0.38081426
1o29_UFP_D_818,0,0,0.044181249,0.12831032,0.00030105738,0.068713676,0.037713826
1o2i_655_A_246,0.99334405,0,0.043278723,0.15831918,0.88124563,0,0
1o68_KIV_A_275,0.98739086,0.96902026,0.037312614,0.1555706,0.27572336,0.66708194,0.66696914
1o68_KIV_D_275,0.92939119,0.99160496,0.043821903,0.16700499,0.9821337,0.99031121,0.99047589
1o68_KIV_E_275,0.9968964,0.9215331,0.041738387,0.16621576,0.9452387,0.63603787,0.63647904
1o8a_NXA_A_702,0.98983562,0,0.049127946,0.16251331,0.99091045,0.99112529,0.99092957
1om5_INE_B_791,0.17961588,0.98772575,0.036906566,0.1365207,0.00029421017,8.8433738e-06,9.2685945e-06
1opr_ORO_A_220,0.99831537,0,0.038961719,0.14777795,0.22505904,0,0
1ovk_NYL_A_405,0.95630158,0.98703406,0.043763179,0.16758804,0.99258249,0.9925805,0.99273848
1oxp_IK2_A_411,0.96819645,0.94966152,0.032310924,0.14902989,8.2486259e-06,6.0301969e-07,0
1p1w_AMQ_A_428,0.99363753,0,0.043824907,0.15968171,0.96512929,0,0
1p1w_AMQ_B_427,0.99633263,0,0.043399137,0.15871104,0.90247571,0,0
1p5g_G6P_X_658,0.98534318,0.89572445,0.032498715,0.14899359,5.5856306e-07,1.2337798e-06,1.7549752e-06
1p7c_THM_B_501,0.98834238,0.68692033,0.039719466,0.16422707,0.98697997,0,0
1p7l_MET_A_485,0.98409624,0,0.037578743,0.14390635,4.4855776e-05,0,1.8441435e-06
1p7l_PPK_C_684,0.98636298,0,0.037643463,0.1440675,0.0063636828,0,0.014396916
1p7l_PPK_D_884,0.0071423959,0.8086712,0.039349201,0.13291559,0.0035126094,0.14917074,0.013147268
1pbd_PAB_A_396,0.99647336,0.98465301,0.038404416,0.16572595,0.99154026,0,0
1pi3_TZD_A_530,0.88033853,0,0.038215394,0.14223793,0.00037630647,0,0
1pke_2FD_A_446,0,0,0.049058247,0.13132309,0.049715168,0.99590907,0.99626836
1pke_2FD_B_447,0,0,0.044393274,0.12882031,0.031569023,0.071800915,0.041391092
1pl6_572_A_405,0.66601137,0.95325612,0.034252079,0.1442143,5.8115657e-07,0.052534975,0
1pl6_572_B_407,0.62174352,0.86455328,0.036368163,0.14325318,9.4804642e-06,0.22401337,0.2112179
1pl6_572_D_411,0,0.17694719,0.045429924,0.13716243,0.48072733,0,0.011505972
1poc_GEL_A_420,0.78301201,0.58856396,0.040900628,0.15857343,0.87646659,0.03196778,0.00061945196
1pr0_NOS_A_1245,0,0,0.055066772,0.14636363,0.98120033,0.98108004,0.98143408
1pr0_NOS_B_1246,0,0,0.044330697,0.12866979,0.022340558,0.070889744,0.040305779
1pr0_NOS_C_1247,0.97562186,0,0.048572415,0.16199505,0.98695175,0.69139528,0.99591391
1pr6_XYA_A_1245,0.98852205,0,0.041014429,0.15255781,0.53011637,0,3.0300839e-06
1pr6_XYA_B_1246,0.98677071,0,0.038512914,0.14573958,0.099527104,0,0.11602122
1pt8_OXL_A_802,0.99584749,0.94714412,0.032146688,0.14945599,2.0559824e-08,2.0766007e-08,0
1pt8_OXL_B_801,0.99860125,0.9804017,0.031959016,0.149699,1.5654447e-06,9.9719391e-05,0
1pvc_ILE_0_7,0,0,0.044179208,0.12830541,0,0.068683951,0.037678421
1pwz_RSO_B_256,0.9951624,0.93489993,0.036816152,0.15160991,0.00060101844,0.88966781,0.89229285
1pym_OXL_A_1001,0.99587261,0.87602299,0.032568853,0.14906048,1.8353189e-09,0.0089501257,0
1pym_OXL_B_1002,0.9971198,0.92552503,0.032265377,0.14935493,1.9917075e-09,0.0028945493,0
1pzy_NAG_B_405,0.96747266,0.96923682,0.043790067,0.16761519,0.98877682,0.99650131,0.99629568
1pzy_NAG_D_406,0.98454775,0.92616841,0.038570273,0.1646079,0.95472897,0.00043205745,0.00043383384
1q20_PLO_A_401,4.5957738e-07,0.98976784,0.044246299,0.14912852,0.95749823,0,0
1q22_AND_A_401,0.97766242,0.99136811,0.032039716,0.14942398,1.1518876e-07,0.0052327172,0
1q3a_NGH_B_479,0.96675714,0.69127342,0.039470032,0.16291052,0.92756993,0,0
1q3a_NGH_C_481,0.94462054,0.84338427,0.035727789,0.15482375,0.41556956,0.0082757883,0
1q4g_BFL_A_701,0.98606175,0.9863461,0.03844143,0.16552528,0.98892805,0,0
1q6r_LX1_A_7301,0.99215021,0,0.038379268,0.14528251,0.060144459,0,0.1764175
1q92_DRM_A_1001,0.98807652,0,0.043473698,0.15863751,0.90616134,0,0
1qjc_PNS_B_1163,0.57135051,0,0.040233344,0.13749072,0.01416753,0,0
1qmh_CIT_B_401,0.95803441,0.89325502,0.032981219,0.14928623,0.04615932,4.0887583e-08,0
1qxa_GLY_B_245,0.93014715,0.01303997,0.037834493,0.14310908,0,0,0
1r4f_AD3_B_330,0,0.28485877,0.043053323,0.13016482,0.0008071043,0.19583489,0.16889687
1r4s_MUA_A_800,0.082806303,0.97175427,0.044043455,0.15086171,0.98834243,0,0
1rf2_BV4_D_104,0,0.9208132,0.047383621,0.14763141,0.77020466,0.76700901,0.77256807
1rf2_BV4_E_105,0,0.92698486,0.04341592,0.14125974,0.42467202,0.44565088,0.44423549
1rf2_BV4_F_106,0,0.93492764,0.041694173,0.14089331,0.45889408,0.20133476,2.1305746e-05
1rf2_BV4_G_107,0.028399354,0.93442121,0.045927567,0.1462674,0.66931281,0.66361627,0.6641622
1rf2_BV4_H_108,0.022685385,0.95181606,0.043349125,0.14653694,0.78308449,0.032270878,0.032103827
1rnd_DGP_A_126,0,0,0.044179208,0.12830541,1.2575528e-08,0.068683953,0.037678422
1rqh_PYR_A_602,0.47410252,0.94853187,0.035587956,0.14139898,0.01606809,1.1974475e-06,0.064078518
1ruk_BEZ_H_601,0.99225605,0.96930848,0.032110657,0.14957621,0.0014399581,0.0090563881,0
1rvt_NDG_H_742,0,0,0.044179211,0.12830542,4.6338268e-07,0.068683997,0.037678475
1rvz_NAG_A_3321,2.3336708e-05,0.45108761,0.042527044,0.13108409,0,0.26541471,0.24060039
1s1f_PIM_A_431,0,0,0.044179208,0.12830541,6.1802859e-09,0.068683952,0.037678421
1s2c_FLF_A_2001,0,0.97556009,0.038440208,0.13368562,7.6263792e-07,0.17752574,0
1s2c_FLF_A_2002,0,0.93205554,0.038971249,0.13417764,0.045958932,0.17082264,0
1s3u_TQD_A_187,0.5475266,0.98836486,0.041382023,0.15854191,0.98746266,0.1532847,0
1s3v_TQD_A_187,0.87342551,0.9942192,0.039304924,0.16393724,0.99643915,0.096634938,0
1s6h_4BZ_A_1,0.99692146,0.97821881,0.038299568,0.16535349,0.97033242,0,0
1s83_4HA_A_5,0.97650847,0.96651693,0.038608493,0.16516357,0.9817371,0.0084111264,0.0083943497
1sep_BIO_A_801,0,0,0.049009163,0.14144279,0.82863904,1.6680786e-08,1.534551e-08
1sff_IK2_A_450,0,0.02852531,0.049339166,0.14465362,0.9751447,0.068458809,0
1sff_IK2_C_450,0.98606622,0.69689283,0.039608016,0.16391368,0.96626312,0.025850673,0
1sff_IK2_D_450,0.98612264,0.69247896,0.03971684,0.16412594,0.98031553,0.026342087,0
1sjc_SMG_A_1000,0.93247286,0.93730527,0.036786551,0.15335809,0.22523458,0.48605208,0.55398552
1sjc_SMG_B_1100,0.97844694,0.93954584,0.03963739,0.15804113,0.4088544,0.83132594,0.95542855
1sjc_SMG_C_1200,0,0.93408809,0.049401461,0.15071744,0.92459202,1,0.96032468
1sjc_SMG_D_1300,0,0.95002002,0.04505096,0.14336055,0.51207928,0.74793297,0.63719531
1syf_THP_A_180,0,0,0.046464202,0.13513684,0.43906068,0,0
1sz6_NAG_A_5003,0,0,0.044185181,0.12831978,0.00088095403,0.068770932,0.037782025
1sz6_NAG_B_5001,7.7799723e-05,0.9388798,0.038566372,0.13351507,1.9886327e-06,2.3373183e-07,0.13424968
1sz6_NAG_B_5002,0,0.96908857,0.038108587,0.13351322,2.1621625e-05,3.7557058e-09,3.428949e-09
1sz6_NAG_B_5004,6.220312e-05,0,0.044178768,0.12830639,2.4218257e-07,0.068665962,0.037661153
1t5z_DHT_A_931,0.98484995,0.99363905,0.038445188,0.16564027,0.9946907,0,0
1t87_CAM_A_1422,0.082516203,0.98911503,0.038064742,0.13564386,0.034438836,0.16828753,0
1t87_CAM_B_2422,0.081808415,0.97759823,0.038117166,0.13553588,0.032618709,0.16562997,0
1t93_FLV_A_431,0.99121425,0.97238069,0.032047196,0.1495331,5.7515578e-06,4.1849277e-05,0
1t93_FLV_A_432,0.99533845,0.9833779,0.031982711,0.14968378,0.00079637273,0.002667464,0
1tc2_7HP_B_810,0.99836053,0,0.0439287,0.16008664,0.98543863,1.5260322e-09,1.2944224e-07
1tf8_TRP_A_911,0,0,0.044179534,0.12830619,4.809949e-05,0.0686887,0.037684077
1tf8_TRP_A_913,0,0,0.055157229,0.14650933,0.98903114,0.98885047,0.98890516
1thc_FL9_A_130,3.6158123e-07,0.92919813,0.038681405,0.13341543,4.4278506e-08,0.166844,4.8664819e-08
1thc_FL9_A_131,0.0034077821,0.9819991,0.038387159,0.13378373,0.00037338405,0.17842358,7.6225485e-07
1thc_FL9_B_130,0,0.94444694,0.038602945,0.13350471,1.7245159e-08,0.17050974,0.0001801194
1tiw_TFB_A_2002,0.62811862,0.97161368,0.042343336,0.15367734,0.46832062,0.97517751,0.97557413
1tke_SER_A_500,0.69310183,0,0.040143022,0.14115679,0.12019129,0,0
1tkh_DPN_A_911,0,0.96400167,0.038512526,0.13362462,2.9396386e-05,0.17696301,0.0024791323
1tkh_DPN_A_913,0,0,0.043880019,0.12869577,0.040389185,0,0.0077869709
1tkj_MED_A_913,0.83885921,0,0.038466576,0.14156268,0,0,0
1tl2_NDG_A_237,0.98017459,1,0.043119526,0.16774459,0.98518128,0.91981646,0.91973813
1tl2_NDG_A_238,0.00028478674,0.47258483,0.052433842,0.14903772,0.98335812,0.98014289,0.98017502
1tl2_NDG_A_240,0.90898353,0.95031599,0.037690629,0.15050992,8.5012011e-05,0.97603187,0.97585545
1tl2_NDG_A_241,0.98446654,1,0.036625899,0.15185253,0.00011101267,0.91474386,0.9122928
1toq_AMG_A_501,0.99549451,0.95893793,0.04373606,0.16814704,0.99717729,0.99716238,0.99724082
1toq_AMG_C_502,0,0.92745487,0.049948398,0.1518201,0.99230432,0.99309577,0.99302866
1toq_AMG_E_503,0,0.9581768,0.049794303,0.15202819,0.9941913,0.99442989,0.99461845
1toq_AMG_G_504,0.9657646,0.94595247,0.041306569,0.16635249,0.97921127,0,0.99399425
1tsd_UMP_A_267,0.96169717,0.67344156,0.039864616,0.16348014,0.97223778,0,0
1tsd_UMP_B_265,0.97418974,0.67671387,0.039869792,0.16397229,0.98862058,0,0
1tt6_DES_B_128,0.3116108,0,0.04236268,0.13472232,0.10288742,0,0
1tuu_PIS_B_2854,0.0094804323,0.89805393,0.038715491,0.13342105,0,0,0.12238543
1tvw_UMP_A_317,0.99132926,0.97978851,0.032716767,0.15081457,0.087126514,0,0
1u18_HSM_B_402,0.99603017,0,0.043174136,1.8079474e-07,0.86730843,1.181668e-07,5.3256683e-07
1u1g_BBB_A_3300,0,0.9690152,0.038474498,0.13364806,3.6819806e-05,0.17602041,0
1u1g_BBB_B_4300,0,0.95564832,0.039501732,0.13591348,0.14448488,0.18337633,0
1u1g_BBB_C_5300,0,0.98152727,0.040582126,0.13903729,0.32774737,0.2025785,0
1u1g_BBB_D_6300,0,0.95308125,0.045063657,0.14947501,0.98137212,0.24324552,0
1u1g_BBB_E_7300,0,0,0.049319339,0.14220092,0.87536247,0.015999689,0
1u1g_BBB_F_8300,0,0,0.049675679,0.14307283,0.92910913,0.019882598,0
1u2o_NEC_A_1001,0.98248375,0.9842777,0.037698797,0.16353248,0.87010244,3.2212937e-06,3.2642326e-06
1u6r_IOM_B_1601,0.9270924,0.97355557,0.032451586,0.1485166,8.499711e-09,0,0
1uay_ADN_A_1001,0.96927504,0.97851728,0.043641837,0.16760468,0.98484557,0.98488825,0.98503771
1uay_ADN_B_1002,0.99461596,0.95467063,0.043771712,0.1681185,0.99770245,0.99773771,0.99770735
1ubs_SER_B_398,0.96313177,0.94124263,0.042395889,0.16478943,0.84783539,0.86375274,0.87363587
1um4_SH4_H_1001,0.95339115,0.98374385,0.03849312,0.1620838,0.77252682,0.24721289,0.23787646
1uqx_MMA_A_1116,0.90406872,0.92333776,0.039183592,0.16340155,0.95911907,0.015507171,0.01502514
1uux_PPI_A_1165,0.99515914,0.93079883,0.032243128,0.14935724,0.00041528366,0.00013294618,0
1uxi_FUM_A_1311,0,0.91529939,0.044037475,0.14714489,0.86098064,0,0
1uxi_FUM_B_1311,0.78912487,0.91581464,0.034628751,0.14840687,0.14989793,0,0.01919699
1uxq_G1P_A_1503,0.95994683,0.8249602,0,0.14819647,0.00068559358,0,0.00079274531
1v3v_5OP_A_1360,0.94873098,0.98622764,1.4170892e-44,0.14988931,0.058495961,2.5076912e-05,0.0033414887
1v3v_5OP_B_2360,0,0.98491371,0.041621172,0.135294,2.7811323e-05,0.78971774,0.60798342
1v5y_4HC_A_1455,0.99504592,0.98753036,0.03194476,0.14968463,1.7080079e-07,7.0082527e-06,0
1v5y_4HC_B_1201,0.0021852445,0.98407117,0.038381885,0.13377027,4.1809602e-06,0.17910356,1.169379e-05
1vje_MSE_A_301,0.98028098,0.96711162,0.032144003,0.14932695,1.1472612e-06,1.000921e-06,0
1vje_MSE_A_401,0.93868149,0.89802039,0.032771057,0.14825387,3.1162682e-06,1.0310659e-06,0
1vkf_CIT_C_502,0.92989323,0.757633,0.033622723,0.14732085,0.00014464409,0.00080046386,0
1vkf_CIT_D_503,0.7903452,0.90373428,0.033709134,0.14591704,7.6385723e-06,0.019255955,0.0005962425
1vl1_CIT_A_300,0.86706107,0.9080658,0.033499934,0.14796475,0.048999102,0.00040223073,0
1vzd_CB3_A_318,0,0.45107208,0.042527276,0.13108363,2.6442037e-08,0.26541627,0.24060149
1vzd_UFP_A_317,0.98543516,0,0.03777115,0.14400148,1.882708e-06,0.078275439,0
1vzu_UDP_A_1371,0,0.94178014,0.043335403,0.14592665,0.77646263,0,0
1vzu_UDP_B_2371,0.97566077,0.95794339,0.037974113,0.16348276,0.88303613,0,0
1w1a_NDG_1_1261,0,0.91813182,0.038747318,0.13337128,0.0012541785,0.16438882,4.5442916e-06
1w1a_NDG_2_1261,0.89520071,0.90850903,0.033425087,0.14868336,0.065471508,5.9186171e-06,0
1w3t_3GR_A_1297,0.97712517,0.98621475,0.033096048,0.15161565,0.1335584,0.052929794,0.019751942
1w3t_3GR_C_1297,0.57352286,0,0.041189139,0.13989144,0.15890863,0,0.023939091
1w3t_3GR_D_1297,0.98036883,0,0.04038435,0.15062757,0.41675347,0,0.023396567
1w55_C_A_1373,0.9813245,0.69175668,0.039556155,0.16363966,0.95703139,0,0
1w55_GPP_A_1374,0,0.74513912,0.03956034,0.13235569,8.7802426e-08,0,0.084941643
1w62_PYC_A_700,0,0,0.055222538,0.14661283,0.99455149,0.99455771,0.99453936
1wc7_PP3_A_1214,0,0.92140223,0.038722085,0.13337017,9.453789e-06,0.16505847,1.1723819e-05
1wmz_A2G_B_502,0.95253956,0.9375668,0.038523533,0.16313656,0.8830464,0.056390025,0.057064566
1wmz_NGA_A_501,0.93263607,0.97061428,0.032721586,0.14927432,0.042643793,0.011666038,3.7168088e-05
1wmz_NGA_D_504,0.91030941,0.96748503,0.038731567,0.16350297,0.94607984,6.779952e-06,6.7848443e-06
1wq4_TYR_A_501,0.98465747,0,0.043444757,0.15845881,0.89852906,2.2508523e-06,2.2285523e-06
1x09_IPE_A_901,0.98596716,0.85467088,0.037856277,0.16084262,0.73411853,0.018630758,0.11013749
1x09_IPE_A_902,0.90629933,0.88982967,0.033015531,0.14768532,1.4298886e-05,4.75072e-06,0
1x29_PMG_A_413,0.97441557,1,0.042506311,0.1665925,0.92648083,0.83536863,0.90099509
1x29_PMG_B_1413,0,0.45180403,0.05133155,0.14699356,0.88123728,0.86853568,0.88389943
1x2a_PDG_A_413,0.8805022,0.62175898,0.040737777,0.16202164,0.97851814,0.030809373,0
1x2a_PDG_B_1413,0.33942192,0,0.047857507,0.14920754,0.97005908,0,0
1x7j_GEN_A_201,0.99605635,0.99433284,0.03190542,0.14973563,1.8844286e-07,0.0026057091,0
1x7j_GEN_B_202,0,0.27634153,0.043250725,0.13289985,0.19292268,0.040969722,0
1x82_PA5_A_301,0.96973567,0.95094844,0.033135406,0.15096908,0.11506645,0.015140213,0.0099982955
1x8i_BMH_A_2,0.95697267,1,0.043358353,0.16718182,0.96709226,0.96127922,0.96169093
1x8x_TYR_A_952,0.99166536,0.95203449,0.032148454,0.14941861,7.4857321e-06,2.0777837e-06,0
1xdj_HCS_A_1050,0.97585257,0.91853185,0.042173624,0.16620317,0.96099007,0.67478312,0.67014256
1xid_ASC_A_389,0.9912334,0.89814863,0.032463294,0.1491243,0.0010913964,0,0.0027791524
1xin_XYL_A_397,0.77721827,0.96741825,0.034841615,0.14632236,0.0017350299,0.21375957,0.20399885
1xin_XYL_B_397,0.98988845,0.89756915,0.034762639,0.15469996,0.34689213,0.0077446438,0.0042073303
1xin_XYL_D_397,0.98686733,1,0.032227577,0.14964053,0.01459389,0.0038376243,0.0038490129
1xkw_188_A_1001,0,0,0.050108421,0.14416656,0.99691169,0,0
1xny_BTN_A_5602,0.96277469,0.88526479,0.032895341,0.14906442,0.03052433,0,0
1xny_BTN_B_5602,0.96483152,0.96439152,0.032492133,0.14963892,0.035352719,0,0
1xuf_BAZ_A_246,0,0.64714897,0.040062824,0.13176995,0,0,0.059996662
1y2x_NAG_C_2144,0.96157168,0.89133688,0.037798448,0.15107073,7.4309069e-05,0.99443852,0.99447237
1y2x_NAG_D_3144,0.96231023,0.96230572,0.043843241,0.16750869,0.99065152,0.9904881,0.99071689
1y5v_NE8_A_500,0,0,0.050072297,0.14407705,0.99138177,2.4702374e-07,2.4828784e-07
1y8j_STS_A_900,0.87107372,0,0.038269589,0.14208237,0,0,0
1yik_MM1_A_500,0.89632288,0,0.038267371,0.14286678,0.023299957,0,0
1yik_MM1_A_501,0.34175622,0.66515264,0.037785313,0.13734035,0.00053327132,0,0.01116544
1yqc_GLV_A_1001,0.78960375,0.97675436,0.033315714,0.14634153,5.0579488e-08,6.8151923e-08,0.020375793
1yw9_A84_A_482,0,0.96938546,0.044800013,0.14913248,0.95440083,0.24505343,0
1z11_8MO_A_501,0.97855457,0.94629097,0.037892394,0.16314139,0.86313496,0,0
1z11_8MO_B_501,0.97544795,0.92397906,0.038042776,0.16297753,0.86390692,0,0
1z11_8MO_C_501,0.98998631,0.94893196,0.0321767,0.14937716,0.00024697782,0,0
1z11_8MO_D_501,0.99423373,0.95399632,0.037425463,0.16262662,0.81301338,0,0
1z3n_3NA_A_320,0,0.47338909,0.052430027,0.14901729,0.98201005,0.98128678,0.98143503
1z4k_T3P_A_4341,0.99006705,1,0.032061098,0.14947805,3.6264113e-07,0,0
1z6k_OAA_A_274,0,0.95013558,0.038574649,0.13354062,0.00016303905,0.17187063,0.00022556493
1z8p_DEB_A_420,0,0,0.055145699,0.14649203,0.98814578,0.98805231,0.98747832
1zb6_DIN_A_401,0.99759157,0.98006294,0.031970527,0.14967897,0.00011901319,0,0
1zdq_MSM_A_1507,0.93784982,0.99225512,0.038492263,0.16425934,0.95670318,0,0
1zdq_MSM_B_1508,0.95106816,0.98801844,0.038687418,0.165073,0.99527764,0,0
1zdq_MSM_C_1509,0.99417647,0.99510619,0.038374517,0.16578582,0.99387438,0,0
1zei_CRS_A_54,0.99802931,0.98369584,0.035293037,0.15508663,0.28861449,0.28803427,0.2876748
1zei_CRS_B_56,0.99702477,0.98598671,0.038431976,0.16583679,0.99736155,0.00017594343,1.311009e-06
1zei_CRS_C_56,0.99600051,0.99193138,0.039026075,0.16468501,0.88448169,0.26352222,0.26359788
1zei_CRS_E_54,0.99604346,0.98713007,0.043467508,0.16813678,0.98767554,0.99515623,0.98244692
1zei_CRS_E_55,0.99500818,0.99499985,0.031906777,0.14972884,9.8062974e-06,9.8650071e-06,0
1zei_CRS_F_54,0.99545588,0.99076024,0.038753828,0.16387279,0.83379369,0.27306059,0.27302846
1zei_CRS_F_55,0.24575348,0.98633146,0.038497116,0.14128527,0.21348986,0.20118955,0.059056671
1zg3_2HI_A_365,0.80538256,0.98039737,0.033210345,0.14660335,2.6605662e-05,0.0337096,0
1zgj_P1S_A_0,0,0.98577978,0.044359526,0.14933054,0.97137338,0,0
1zha_PEP_A_1268,0.99620821,0.97795636,0.032144113,0.14999499,0.020921135,0.0037237175,0
1zha_PEP_B_2268,0,0.97050759,0.038587266,0.13411724,0.025008269,0.0032532312,0.14757671
1zha_R5P_A_1269,0.51672359,0.79470726,0.037408616,0.1411978,2.1169192e-05,0.23100759,0.21618213
1zjp_DR4_A_1,0.92249257,0.97041601,0.036812235,0.1505377,3.9146134e-07,0.76378524,0.890226
1zk0_SS2_A_1260,0.78316205,0.96934391,0.036663955,0.15443614,0.5119674,0.00026054651,0.00026403213
1zmt_RNO_A_1002,0,0.93791651,0.038636443,0.13346719,5.949699e-05,0.168857,0
1zmt_RNO_D_1004,0,0.95191147,0.038563238,0.13354779,0,0.1720771,0
1zng_HE4_A_202,0.98427394,0.96792676,0.032115296,0.14939811,0.0001590073,0,0
1zoy_UQ1_B_1201,0.99492405,0.96770075,0.032032664,0.14955566,1.7945595e-05,0,0
1zpd_CIT_A_610,0,0.44451794,0.043278014,0.13245889,0.079467393,0.3010482,0.30172994
1zpd_CIT_E_610,0.98209188,1,0.032623465,0.15021564,0.049744436,0.026335981,0.035783236
1zuw_DGL_A_1301,0.0022358184,0.98705009,0.047049839,0.15125647,0.99264585,0,0.9926218
1zuw_DGL_B_2301,0.0010481364,0.98594309,0.049443391,0.15193845,0.98191536,0.99613861,0.95160411
1zuw_DGL_C_3301,0,0.98853667,0.049542966,0.15200525,0.98220046,0.99437359,0.99425373
1zwp_NIM_A_401,0.9545907,0.94488591,0.032424107,0.14878802,0.00024279211,0,0
227l_BNZ_A_169,0.99736557,0.99278316,0.03190309,0.14975342,2.3666409e-05,0,0
2a0x_DIH_A_300,0.11576265,0,0.043367337,0.13108484,0.073356347,0,0
2a15_NCA_A_1001,0.94465878,0.98346168,0,0.16486431,0.99032072,0,0
2a1m_CAM_A_1422,0.50253516,0.9879787,0.035944192,0.14379774,0.12311961,0.098847987,0
2a1m_CAM_B_2422,0,0.99117567,0.038603537,0.13437505,0.036889306,0.18378852,0
2a5t_GLU_B_2002,0,4.3225342e-05,0.044179036,0.12830569,0,0.068703233,0.037698318
2a5t_GLY_A_1001,0,0,0.044179208,0.12830541,0,0.068683951,0.037678421
2a9z_26A_A_1001,0.99335643,0,0.044044774,0.16021771,0.998523,0,0
2a9z_26A_A_1002,0.9726906,0.68052139,0.039768232,0.16371756,0.97359999,0,0
2agw_TSS_D_3001,0,0,0.044068527,0.12919797,0.072105097,0,0.00057872677
2agw_TSS_H_2001,0,0,0.043930439,0.1288557,0.050957705,0,0.00060152545
2ahc_VNL_A_166,0.14034678,0.99258572,0.03744703,0.1360368,0.00036360511,0.15621852,0
2ahc_VNL_B_266,0.99686779,0.96299562,0.032062287,0.14957539,0.00051382353,0,0
2ahc_VNL_C_366,0.99217359,0.99022294,0.03195151,0.14966024,0.00033027608,0,0
2ahc_VNL_D_466,0.99549928,0,0.037511126,0.14409554,0.00036857131,0,0
2ai1_P1G_A_293,0.89927666,0.62571591,0.040592758,0.16248267,0.98789627,0,0
2aiq_BEN_A_401,0.98927238,0.98338686,0.038313396,0.16524652,0.96948563,0.00036175764,0.00035627015
2ajv_COC_L_501,0.75708418,0.96674051,0.038750197,0.1587411,0.80486634,0,0
2ajx_TGN_L_501,0.02223558,0,0.049540663,0.14345536,0.93081373,0,0
2b04_CHO_A_200,0,0,0.044179208,0.12830541,1.1109683e-13,0.068683951,0.037678421
2b3f_GAL_A_3310,0,0.9895783,0.049657372,0.15226412,0.99721077,1,0.99726733
2b3f_GAL_B_3311,0.98877692,0.98933276,0.043430859,0.16816475,0.99844754,0.92031225,0.99888467
2b3f_GAL_C_3312,0,0.98916431,0.049648974,0.1522434,0.99623799,1,0.99557411
2b3f_GAL_D_3313,0,0.98832846,0.049667641,0.15226323,0.99755872,1,0.99762187
2b3f_GAL_E_3314,0,0.99032772,0.049651118,0.15226453,0.99699715,1,0.99703009
2b3f_GAL_F_3315,0.94250889,0.98768118,0.043724477,0.16739365,0.99735715,0.92699697,0.99748793
2bdg_PBZ_A_301,0.99473734,0.99621974,0.038332786,0.16572189,0.98897645,0,0
2bdg_PBZ_B_302,0.99058278,0.99566928,0.038411342,0.16577573,0.99663567,0,0
2bf7_HBI_A_1290,0,0,0.044179261,0.12830554,7.8600228e-06,0.068684727,0.037679345
2bf7_HBI_B_1290,0,0,0.044179214,0.12830542,9.0654154e-07,0.068684041,0.037678527
2bf7_HBI_D_1290,0,0,0.04360592,0.12805453,0.0015194765,0,0
2bgc_DTU_A_1238,0.58303984,0,0.044627634,0.14724811,0.5825949,0.15488173,0.1518423
2bjf_DXC_A_330,0,0.98847693,0.038373002,0.13376088,1.0000561e-07,0.18050169,0
2bk3_FOF_A_1503,0.91868267,0.9905141,0.03530035,0.15571646,0.44863987,5.0820905e-10,4.9209616e-10
2bk3_FOF_B_1498,0,0.1216055,0.046674002,0.13956579,0.64327053,2.9162507e-10,3.0404468e-10
2brk_CMF_A_1534,0,0.45107209,0.042527275,0.13108363,1.9432917e-09,0.26541627,0.24060149
2bs3_CIT_A_1657,0,0.29653141,0.04248294,0.13148016,0.10293461,4.7201925e-08,0
2bs3_CIT_D_1657,0.99659677,1,0.032063881,0.14975069,0.0092431437,6.8803411e-06,0
2bs8_NAG_A_1177,0.91733601,0.87833032,0.036504382,0.15644831,0.53439824,6.251768e-05,6.2355563e-05
2bsc_NAG_A_1176,0,0.98456683,0.038518643,0.13404397,0.018844109,0.18102556,7.4872225e-05
2bx7_34D_B_1313,0.98041028,0.86320922,0.032834035,0.14895725,0.0132491,0.013439892,0
2bxh_IOS_A_1001,0.99680824,0.98585939,0.038249136,0.16537506,0.96910126,3.557264e-05,3.5537774e-05
2c3d_COM_A_1525,0.99153815,0.96119892,0.04340094,0.16764241,0.97526773,0.95850336,0.95704071
2c3d_COM_A_1526,0.97782818,0.97824818,0.032102887,0.14935484,2.6327133e-05,2.4102425e-05,0
2c3d_COM_B_1525,0.97631434,0.94499902,0.032390682,0.14939501,0.016208887,7.3293983e-06,0
2c3d_COM_B_1526,0.98382622,0.9832389,0.043601724,0.16797366,0.99029147,0.99266624,0.9927803
2c5b_5F1_A_500,0,0.45107209,0.042527275,0.13108363,0,0.26541627,0.24060149
2c5b_5F1_B_500,0,0.45107209,0.042527275,0.13108363,0,0.26541627,0.24060149
2c6q_IMP_A_1337,0.95838321,0.68876944,0.03961979,0.1628683,0.93292619,0.025866563,0
2c6q_IMP_D_1337,0.95736072,0.69092141,0.039559983,0.16271339,0.92395518,0.025595159,0
2c6q_IMP_E_1337,0.52824311,0.40684896,0.043628013,0.15400979,0.90639228,0.043384395,0
2c6q_IMP_F_1337,0.9927371,0.70536949,0.039445014,0.16385639,0.95371906,0.025123707,0
2c6q_IMP_G_1338,0.99621839,0.71054732,0.03934142,0.16379072,0.94479226,0.024660673,0
2c6q_IMP_H_1337,0,0.11957099,0.047102322,0.14033538,0.68776263,0.05835954,0
2caq_GSH_A_1208,0,0,0.04418117,0.12831013,0.00028941252,0.068712526,0.037712457
2cjz_PTR_A_1537,0.80875484,0.52913761,0.043221172,0.15873806,0.82590744,2.3093156e-05,0.83796774
2coj_GBN_A_420,0.99037458,0.99189584,0.033381112,0.15320246,0.2209652,0.0027675237,0.0027682582
2coj_GBN_B_420,0.99002875,0.98307273,0.038182629,0.16492601,0.94883069,0.0017155615,0.0017205918
2cxp_A5P_A_1601,0.99396606,1,0.040625907,0.16133796,0.56572498,0.98359898,0.98424829
2cxp_A5P_B_2601,0.99442931,0.95026194,0.033390738,0.15006677,0,0.22740379,0.25964518
2d0e_NQ_A_410,0.99111416,0.98804439,0.031967542,0.14962555,3.6539229e-05,6.0710915e-06,0
2d1j_D01_A_700,0,0.6042025,0.045008575,0.14342601,0.73997009,0,0
2d20_NPO_B_953,0.99645267,0.99162815,0.031926984,0.14975081,0.0015166757,0.0020207961,0
2d3n_GLC_A_608,0.013895512,0.93914262,0.038197639,0.13357897,0.00070214434,5.7596065e-07,5.8077887e-07
2dm5_ODI_A_312,0,0.96308835,0.043994601,0.17902372,0.82854696,0.015449858,0.15456901
2dv0_ZST_A_600,0,0.015698482,0.049219142,0.14449952,0.97243901,0,0
2e1a_MSE_D_301,0.98007347,0.96764968,0.039943034,0.16605839,0.99486628,0.2562013,0.25578773
2e40_LGC_A_1001,0.9583643,0.00092158409,0.038068312,0.14415212,0.037004959,0,0.037046778
2e40_LGC_B_2001,0,0,0.043917935,0.1286822,0.037437316,0,0.029858488
2e56_MYR_A_601,0,0.89674376,0.038850258,0.13322628,8.3647027e-10,0.15936712,5.8843662e-07
2e56_MYR_A_701,0.9766597,0.96573115,0.032179581,0.14925853,0,0,1.1473271e-06
2eb5_OXL_A_2001,0.98917454,0.839325,0.033594922,0.14997648,0.06494912,0.044191971,0.084324625
2eb5_OXL_B_2002,0.98365441,0.96461801,0.03266082,0.14996787,0.026761768,0.069881934,0.051444195
2eb5_OXL_D_2004,0.99310695,0.95054763,0.032237394,0.14947611,1.2538635e-07,0.018217689,0
2eb5_OXL_E_2005,0.99276216,0.97439962,0.032192013,0.14964906,0,0.033241381,0.017471531
2ef9_A5P_A_1269,0,0.53022016,0.044538912,0.13446487,0.14690924,0.57640037,0.48700468
2ef9_A5P_B_2269,0.96285241,1,0.033124438,0.1502952,0.053077539,0.13052149,0.10736607
2ef9_PEP_B_2268,0,0.96732874,0.047374857,2.1251499e-27,0.79352428,0.79017853,0.78803941
2eup_LG4_A_400,0.99484732,0.98113768,0.03827356,0.16528163,0.96693973,7.4025838e-08,6.8116109e-08
2euq_BVC_A_401,0.73427898,0.70256923,0.039507093,0.15470194,0.67039515,0,0
2eus_ABN_A_400,0.9957896,0.99203182,0.038243319,0.16545067,0.97263576,0,0
2exs_TRP_B_2100,0,0,0.044179208,0.12830541,0,0.068683951,0.037678421
2f3s_7GP_A_998,0.98231946,0.9892257,0.039954025,0.16602467,0.95983706,0,0.65451171
2f64_12Q_A_472,0,1.3388283e-33,0.044270778,0.12970193,0.10329489,0,0
2f64_12Q_B_471,0.0054556519,1.1648884e-33,0.044140584,0.12839098,6.7573112e-06,0.067104735,0.036162219
2f78_BEZ_A_1001,0.99520585,0.98845297,0.043530817,0.168246,0.99379844,0.99381177,0.99368829
2f78_BEZ_A_1003,0.039227747,0.99297058,0.0452945,0.14329674,0.41110663,0.94525785,0.94535438
2f78_BEZ_B_1002,0.99407507,0.9960496,0.043439833,0.16818581,0.98932595,0.98902352,0.98852637
2f78_BEZ_B_1004,0,0.99145624,0.048530406,0.15145127,0.97528206,0.8065717,0.81331476
2f78_BEZ_B_1005,0.99813612,0.98672432,0.032150692,0.15006809,0.018186831,0.019032673,0.020369962
2f7x_4EA_E_351,0.97317141,0.76489517,0.03784983,0.16002196,0.72414433,0.017895166,0
2fcu_AKG_A_897,0.9939544,0.97442057,0.032021455,0.14959279,0.00021050051,0.00022400846,0
2fhk_MFN_B_602,0,0,0.046496839,0.13521771,0.44405659,0,0
2fhn_BNI_X_501,0.97362038,0.96658839,0.038635376,0.16522763,0.98984509,0,0
2fhn_BNI_Y_502,0,0.95546413,0.044670467,0.14950412,0.99269362,0,0
2fib_GLY_B_2,0,0,0.044179208,0.12830541,0,0.068683951,0.037678421
2fkm_G16_X_464,5.105696e-06,0.45107332,0.04252728,0.13108384,7.0294861e-06,0.26541633,0.24060177
2fpu_HSO_B_509,0.86161198,0,0.038327937,0.14193095,7.5173096e-05,0,0
2fr6_CTN_A_1001,0.97399279,0.68009433,0.039938821,0.16408646,0.99356474,0.027327989,0
2fr6_CTN_C_1003,0.99263193,0.69189655,0.039775309,0.16448997,0.99602181,0.026614834,0
2fr6_CTN_D_1004,0.99356225,0.69303939,0.039753542,0.16448384,0.99439649,0.026517812,0
2fr6_URI_B_1002,0,0.0090187063,0.04937967,0.1448107,0.99320035,0,0
2fu9_MP2_A_1410,0.98379741,0.98259031,0.038278378,0.16472082,0.94002741,0.070062623,5.2404979e-05
2fu9_MP2_B_2410,0.93812531,0.99086491,0.035709533,0.15713609,0.51457615,0.049414493,8.7977627e-06
2fyd_BGC_B_403,0.98348,0,0.04620403,0.16057114,0.95983845,0.45600832,0.45587006
2fyd_BGC_D_530,0,0.98317917,0.04129546,0.13773543,0.19660342,0.38386722,0.38487729
2fyd_NGA_B_404,0.97698155,0.99754017,0.032188943,0.14922219,0.00012987687,0,1.8509693e-05
2fyd_NGA_D_529,0.9574603,0.99885869,0.032494529,0.14897315,6.9903463e-05,0.032075558,0.034002733
2fz8_ZST_A_600,0,0.97630949,0.044556704,0.14963266,0.99334807,0,0
2fzb_TOL_A_700,0.87667258,0.98333428,0.03272435,0.1477704,2.1866441e-09,0,0.0084295179
2fzb_TOL_A_800,0.97663223,0.99729272,0.032192406,0.14921542,0.00014165223,0,0
2fzb_TOL_A_900,0,0.32959013,0.041687774,0.1299366,9.7095543e-08,0,0
2g21_L1B_A_885,0.98834116,0.99475628,0.038388239,0.16563038,0.99020939,0,0
2g21_L1B_B_985,0.98792541,0.9871289,0.038455721,0.16563441,0.99353872,0,0
2g5v_22M_A_301,0,0.98495266,0.043979308,0.14837215,0.91245337,0,0
2g9z_VNP_A_602,0,0.91551193,0.04463624,0.14863271,0.95282275,7.2037561e-08,7.5291343e-08
2giq_NN2_A_1001,0.99421199,1,0.03204028,0.14959736,0.0025082608,0,0
2giq_NN2_B_2001,0.98879051,0.69546948,0.039661467,0.16412198,0.9765599,0.026095671,0
2gn2_C5P_A_400,0,0.96464922,0.03849697,0.13362203,3.6028831e-07,0.17501187,0
2gnm_MAN_A_253,0.95037934,0.95594477,0.043491356,0.16644725,0.94370028,0.95776925,0.96363483
2gue_NAG_B_122,0,0.01964754,0.044152614,0.12977294,0.10056469,0.0042577735,0
2gx5_PCG_C_514,0.85691377,0,0.0383595,0.1418622,0.00051424062,0,0
2gyv_HBP_A_1409,0,0.084249576,0.044999626,0.13316665,0.28789459,0,0
2gyv_HBP_B_545,0,0.95798112,0.040876074,0.13931957,0.35360649,0.19902172,0
2gyw_OBI_A_952,0.98696586,0.97968827,0.036832668,0.16143626,0.73773655,0,0
2gyw_OBI_B_953,0.95715683,0.9726299,0.03814036,0.16335114,0.88546444,0.068575638,0
2gzm_DGL_A_501,0.9912032,0.98553003,0.043564086,0.16815139,0.99304708,0.99319278,0.99320177
2gzm_DGL_C_503,0,0.98808556,0.049614008,0.15218144,0.99337429,0.99340326,0.99347535
2gzm_DGL_D_504,0,0.98563287,0.049593918,0.15211172,0.99033566,0.99034023,0.99105671
2hdk_COI_B_900,0,0,0.046762835,0.13586797,0.48413384,0.0016312522,6.9365813e-07
2hi4_BHF_A_800,0.99774251,0.99804217,0.038356673,0.16591097,0.99702579,0,0
2hjp_PPR_A_291,0,0,0.044179208,0.12830541,0,0.068683951,0.037678421
2hs3_FGR_A_2166,0.92818262,0.96457094,0.032658034,0.14826138,0,3.7044662e-08,0
2ht8_G39_A_800,0.96659385,0.95885985,0.038685654,0.16497718,0.9840305,0.00029563579,0.0002985737
2huu_ALA_A_701,0.96467164,0,0.037697252,0.14359231,1.0990168e-08,0,0
2i1v_F6P_B_720,0,0.45107209,0.042527275,0.13108363,0,0.26541627,0.24060149
2i1v_FDP_B_710,0,0.91477937,0.043217762,0.14510282,0.73499334,7.2858691e-05,6.93364e-05
2i6p_4NP_A_401,0.96173383,0.90016554,0.032618974,0.14864044,0.00016037917,0,0
2iht_TPP_A_600,0,0.45142489,0.051352399,0.1470324,0.88359018,0.86936612,0.88472213
2iht_TPP_B_600,0.8056644,0.9901221,0.04295048,0.16197489,0.83624315,0.79212531,0.83959179
2iht_TPP_C_600,0.96034959,0.98288002,0.042834892,0,0.88245156,0.90714953,0.9892098
2ihu_TP9_A_600,0,0.46469538,0.052563821,0.14918416,0.99581896,0.97298663,0.99438923
2ihu_TP9_B_600,0,0.50387486,0.05159897,0.14732179,0.87192247,0.96848515,0.99422697
2ij7_TPF_A_2472,0,0.67248848,0.040017042,0.13191955,1.0580889e-05,0.10769961,0
2ij7_TPF_B_2470,2.9298203e-05,0.96769021,0.038490802,0.1336643,0.0014848938,0.17581448,0
2ij7_TPF_D_2473,0,0.73624655,0.039685883,0.13229246,9.3657847e-05,0.12239529,0
2ij7_TPF_F_2474,0.91679073,0.95657295,0.032771393,0.14803414,8.8298915e-06,0,0
2ipf_FFA_B_4,0.99172463,0.72469579,0.038834344,0.1626418,0.87675954,0,0
2isf_PAC_A_317,0.99146936,0.97666544,0.032037538,0.14958542,0.0012259024,0.0012136637,0
2ixi_TYD_A_1182,0,0.32765379,0.041734349,0.13002701,0.0060292577,0,0
2ixi_TYD_B_1182,0.97950715,0.99411375,0.032292678,0.14953469,0.017339826,0,0
2iyq_SKM_A_201,0.94684248,0.96253333,0.038837221,0.16471065,0.98451484,0.0096486996,0.0097245743
2izf_BTN_B_300,0.99576395,0.69020652,0.039690285,0.16445692,0.99254101,0,0
2izf_BTN_D_301,0.99433626,0.68874259,0.039715888,0.16445145,0.99405643,0,0
2j1s_FUL_B_1153,0.9963517,0.94123959,0.043326251,0.16725417,0.954016,0.95396598,0.95402937
2j5b_TYE_A_1336,0,0,0.044823347,0.1310711,0.18788128,0,0
2j5b_TYE_B_1338,0.83428746,0.95071983,0.03660502,0.15552551,0.53486462,0,0
2j5z_GAL_A_1278,0.9763693,0.85290041,0.032805478,0.1486229,0.00093620012,0.0012811003,0
2j9e_AKG_C_1119,0.66424052,0.96067827,0.044886002,0.16069665,0.86686622,0.994463,0.99432455
2jav_5Z5_A_1280,0,0,0.055151332,0.14652996,0.99075997,0.98385078,0.98722271
2jfv_FLC_A_1271,0.89292768,0.75624317,0.034787234,0.14891752,0.13497512,0.020208052,0
2jhp_GUN_A_1647,0.003464884,0.98384697,0.03913316,0.13435115,0.011613809,0.20328149,0.20526832
2jhp_GUN_A_1648,0.0013521698,0.96686583,0.03848374,0.13367375,0.001057896,0.17536067,5.9324427e-06
2ji6_TPW_A_1566,0,0.067230685,0.048388238,0.14281785,0.85297273,0.064165404,0
2jig_PD2_A_1254,0,0.99521059,0.038337969,0.13380012,0,0.1820531,0
2no7_LDC_A_401,0.99018967,0.98859086,0.038407468,0.16561447,0.989539,0,0
2no7_LDC_B_401,0.98605472,0.98496326,0.032205852,0.1500472,0.033190703,0,0
2nos_AGU_A_903,0.15479364,0.91290436,0.037710654,0.13583366,0.00029350186,7.245235e-07,0.1034613
2npq_BOG_A_1000,0,0.96942837,0.049152625,0.15119729,0.94715117,0.94542792,0.9386955
2npq_BOG_A_2000,0,0.94598589,0.038594066,0.13351325,0,0.17071187,0
2nry_STU_B_502,0.93096274,0.92595381,0.037125893,0.15048156,0,0.77599749,0.91855967
2nry_STU_C_503,0.99268149,0.98307711,0.04337474,0.16804561,0.98965443,0.91663515,0.99782376
2nry_STU_D_501,0.99343246,0.974346,0.043311761,0.16789329,0.98483138,0.90161898,0.98302985
2ntk_IMP_A_205,0,0.013234924,0.049278346,0.14461428,0.98009597,0,0
2ntk_IMP_B_206,0.98439979,0,0.044020278,0.15987681,0.98638931,0,0
2ntk_IMP_D_208,0,0.33745909,0.041749166,0.13000108,7.5378311e-06,0.034190239,0
2nu7_COA_B_1025,0,0,0.044179208,0.12830541,3.4650486e-10,0.068683951,0.037678421
2nu7_COA_B_1325,0,0.32959074,0.041687775,0.12993661,2.279036e-08,1.9179583e-06,0
2nu7_COA_E_1025,0.52875291,0,0.040431418,0.13658774,1.0251491e-10,0,0
2nu7_COA_E_1325,0.17455798,0.91821945,0.037612005,0.1361458,3.6358971e-07,0.13317787,0.00032591424
2nz5_226_A_432,0.0022024582,0.9632256,0.0384902,0.13364901,4.3177406e-07,0.17429734,1.1578051e-05
2nz5_226_B_432,0.99169374,0.97319403,0.032068204,0.14961505,0.0042822825,1.6870646e-09,0
2o1o_RIS_A_400,0,0.96428227,0.039604217,0.13632448,0.16671777,0.18697177,0
2o1o_RIS_B_400,0.92457638,0.97295504,0.038302516,0.16299394,0.89850276,0,0
2o7b_HC4_A_701,0.99474963,0.98904931,0.038427344,0.16555414,0.97827822,0.072298916,0
2o7b_HC4_D_701,0.99309925,0,0.043919241,0.15989861,0.97906581,0,0
2o7b_HC4_E_701,0.99667241,0.9877603,0.038437927,0.16561729,0.98073718,0.071833565,0
2o7b_HC4_G_701,0.99643873,0.9905619,0.038534566,0.1658983,0.99728374,0.073716498,0
2o7d_DHC_E_701,0.99706755,0,0.040612013,0.15182804,0.47651527,0,0
2o7d_DHC_G_701,0.98389492,0.99267455,0.038602682,0.16570507,0.99698834,0.076439225,0
2o7d_DHC_H_701,0.99861374,1,0.031978669,0.14964728,5.3417731e-05,0,0
2oci_TYC_A_401,0.99565989,0.85657699,0.033067977,0.149956,0.062857317,2.2676383e-05,0
2okk_ABU_A_585,0,0.14589691,0.04359976,0.12925101,3.3406161e-07,0.13376642,0.10483636
2ot7_OGA_A_500,0.99467675,0.91103574,0.032366079,0.14924231,0.00053726649,0.0029750985,0
2oxp_THP_A_300,0.96268291,0.98658386,0.032360625,0.14901671,0.0049480547,0,0
2p1e_LAC_A_303,0,0,0.044305886,0.12861011,0.018681664,0.070528483,0.039875475
2pd5_ZST_A_600,0.99154006,0.6885678,0.039701328,0.16431532,0.98865625,0,0
2pin_LEG_A_501,0.94474377,0.94859176,0.032475006,0.14864787,6.7850976e-08,0.0013010343,0
2pin_LEG_B_502,8.4718178e-08,0.77751899,0.039470541,0.13253148,7.6301262e-07,0.13189762,0
2pir_DHT_A_931,0.99481516,0.99759974,0.03836772,0.16583805,0.99559318,0,0
2pir_NK_A_933,0.021549995,0.58580643,0.042925465,0.13309119,0.0040232903,0.53172694,0.53546217
2pnz_UDP_A_250,0.92954455,0.86432154,0.033064624,0.14803196,0.0071791023,0,0
2prg_BRL_A_1,0.94496135,0.88845374,0.033006135,0.14883835,0.033131172,0,0
2prl_ORO_A_399,0.0026259815,0.86085771,0.045060077,0.14868898,0.9727857,0,0
2pt6_S4M_B_502,0,0.97815566,0.04962716,0.15205409,0.98951126,0.98994238,0.99001806
2ptm_CMP_A_401,0,0,0.044179208,0.12830541,0,0.068683951,0.037678421
2pvy_ACP_D_802,0.97872743,0.96954153,0.032156107,0.14933736,0.0014472393,0.00013841625,2.5507597e-05
2q1a_2KT_X_295,0.99573964,0.98694753,0.03751221,0.15460047,0.16999174,0.86913979,0.86930508
2q28_TPP_A_4001,0.90482135,1,0.037039815,0.15194295,0.10663528,0.7045801,0.80282524
2q28_TPP_B_5001,0,0.49937321,0.050843724,0.14596904,0.79933846,0.90979989,0.93246613
2q6m_P34_A_1001,0.93265115,0,0.039736097,0.1476425,0.28213503,0,0
2qab_EI1_A_1,0.99637467,0.69642917,0.039544841,0.16419855,0.97449855,0,0
2qab_EI1_B_1,0.99581208,0.93596619,0.033800489,0.15307825,0.23240095,0,0
2qb3_PMP_A_700,0,0.71425922,0.046803789,0.13809133,0.24972116,0.99257171,0.9925727
2qb4_DSM_A_802,0.97363166,0.97583341,0.032221973,0.14946871,0.012040554,0,0
2qb4_LEU_A_601,0.99191571,0.99314671,0.04314896,0.16761834,0.96159178,0.96165993,0.96185469
2qca_DGP_A_200,0.95858971,0,0.037734442,0.14349419,5.5223923e-09,0,0
2qcx_PF1_A_300,0,0.97400987,0.040819218,0.13947792,0.35760892,0.20300385,0
2qd1_CHD_D_802,6.2332991e-11,0.45107209,0.042527275,0.13108363,5.6557695e-11,0.26541627,0.24060149
2qd4_CHD_A_802,0.83353854,0.97158938,0.033074032,0.14700219,2.2153881e-08,0.026611538,0
2qd4_CHD_A_803,0,0.32959006,0.041687776,0.12993661,3.1758291e-07,0,0
2qd4_CHD_B_927,2.0706733e-09,0.32959015,0.041687773,0.1299366,3.6144474e-08,0,0
2qg6_NMN_A_301,0,0.96742342,0.044558317,0.1494617,0.98589242,0,0
2qgw_EES_B_1,0,0.4510719,0.04252728,0.13108364,6.3747921e-07,0.26541631,0.24060154
2qhv_OC9_A_1001,0.9896149,0.98433836,0.035918658,0.15149728,3.1956239e-06,0.72920703,0.80130958
2qim_ZEA_A_159,0.99028936,0.97675144,0.032034377,0.14954098,0,0,4.5357142e-05
2qim_ZEA_A_160,0,0.99004032,0.043052929,0.1461769,0.77505353,1.6655096e-06,1.6855805e-06
2qim_ZEA_A_161,0,0.47978796,0.040989189,1.395384e-06,0.0099547218,9.6438689e-08,0.018031594
2qs2_UBF_A_603,0,0.98507909,0.043026893,0.14508517,0.69927724,0.23023788,0
2qse_1HP_A_1,0.99307504,0.69660943,0.039662527,0.16428934,0.98208981,0.026106225,0
2qui_LTN_A_501,0,0,0.044242745,0.12845824,0.0093701276,0.06960911,0.038780393
2qui_LTN_B_478,0,0,0.049188349,0.13170933,0.074536037,0.98971903,0.99003313
2qvr_CIT_A_335,0.88736328,0.9596157,0.033006425,0.14826789,0.027459647,0.0092868135,0.011566642
2qvr_FDP_A_333,0.97305232,0,0.043844919,0.15908124,0.94848265,0.0011190378,4.223438e-06
2qx4_ML1_B_233,0.98086065,0.95711943,0.032191519,0.14927645,3.1383347e-07,0,0
2qx9_ML2_A_233,0,0,0.044189718,0.12833069,0.001549975,0.068836988,0.037860705
2qxf_TMP_A_3000,0.97848271,0.99637616,0.032226878,0.14935375,0.0069316859,0,0
2r0g_7CK_A_1355,0.99235832,1,0.043123959,0.16791588,0.97860672,0.90378107,0.98073989
2r0g_7CK_B_1357,0.99379043,1,0.043183326,0.16807959,0.98686586,0.90654535,0.98357916
2r3d_ACM_A_303,0.72149965,0.99277008,0.045187723,0.0018423821,0.9937472,0.99574523,0.99373575
2r4j_13P_A_1968,0,0.95327715,0.03855837,0.13355918,0.00018027954,0.17258707,0.00021538478
2r4j_13P_B_816,0,0,0.048527984,0.1368255,0.4924148,0.34234293,0.32287587
2r4t_250_A_503,1.2679296e-07,0,0.044179208,0.12830541,1.9627898e-07,0.068683934,0.037678408
2r4t_GLC_A_502,0,0.97573251,0.045055689,0.14967884,0.97870714,0.11463924,0.11467481
2r5e_QLP_A_430,0,0.451072,0.042527278,0.13108363,3.0195434e-07,0.26541629,0.24060151
2r5e_QLP_B_430,0,0.45107209,0.042527275,0.13108363,0,0.26541627,0.24060149
2rbu_273_X_4001,0.9926902,0.9861965,0.031966664,0.14963906,6.4436147e-07,1.7765627e-06,0
2rbx_3AY_X_2001,0,0.73531767,0.047363958,0.14488544,0.67999946,0.67975436,0.67344959
2ri1_GLP_B_234,0.66481448,0.76306003,0.03630128,0.14507435,0.12293717,0.04229859,0.03554256
2rtn_IMI_B_300,0.9909278,0.98033077,0.043532347,0.16800554,0.98680205,0.98928931,0.98855135
2rtn_IMI_D_300,0.99444179,0.97334573,0.040002963,0.16629754,0.9860596,0.29782452,0.30624612
2tio_BEN_A_247,0,0.98993655,0.049607449,0.15220073,0.99390666,0.99351093,0.9935403
2tmk_ATM_A_217,0.9804427,0.68940712,0.039753777,0.1639781,0.97791068,0.026501208,0
2tmk_ATM_B_217,0.99067127,0,0.040384978,0.15106539,0.43577392,0,0
2uuj_896_B_1250,0,0.0087500972,0.049386125,0.14482321,0.99403521,0,0
2uyv_TLA_A_1275,0,0,0.045438526,0.13111758,0.16753244,0.1069309,0.16785782
2uyv_TLA_A_1277,0,0,0.04420358,0.12836403,0.0035942168,0.069038826,0.038101118
2uyv_TLA_B_1275,0,0,0.044362296,0.12874579,0.027000597,0.071349852,0.040853823
2uyv_TLA_C_1275,0.99323161,0,0.04170721,0.15431147,0.63159596,0,0.02263719
2uyv_TLA_D_1275,0,0,0.044187533,0.12832543,0.0012277301,0.068805171,0.037822808
2uza_HTL_B_1236,0,0.05393763,0.048714827,0.14344833,0.89493172,0.06563994,0
2v32_BEZ_A_1222,0.98959182,0.97463072,0.038738495,0.16560441,0.986335,0.052163348,0.052244784
2v32_BEZ_C_1222,0.99266246,0.98394586,0.038925129,0.16598,0.99768711,0.087030557,0.088719752
2v32_BEZ_D_1221,0.9705932,0.9540522,0.03690303,0.15984809,0.65370823,0.072531026,0.072497837
2v60_C17_A_1503,0.98825756,0.99078766,0.038579379,0.16575184,0.99624544,0.075165741,0
2v60_C17_B_1498,0.9941897,0.99522476,0.038500123,0.165829,0.99355552,0.074926187,0
2v7o_DRN_A_1303,0.94648488,0.90259409,0.032697419,0.14840559,0,0,0
2vag_V25_A_1482,0.99211943,0.68784431,0.039722602,0.16437892,0.99213639,0,0
2vjb_CCD_A_1539,0.87407036,0.90617106,0.033698741,0.14819137,0.066573815,0,0
2vjb_CCD_A_1540,0,0.9720178,0.038097138,7.650809e-77,0.00042257663,0,0
2vkg_CF4_A_1064,0.00012713225,0,0.044178845,0.1283087,7.9436959e-05,0.068654979,0.037652412
2vlf_PLI_A_1457,0.88468094,0,0.043696203,0.15595425,0.84343943,0,0
2vlf_PLI_B_1459,0,0,0.050089006,0.14408415,0.99144917,0.02438835,2.3826586e-06
2vmg_MBG_A_1179,0.98019659,0,0.048512895,0.16128055,0.93324889,0.93332741,0.93343649
2vmp_PLP_A_501,0.99157569,1,0.032046565,0.14950796,1.1721139e-05,0,1.8090978e-06
2vmw_PLP_A_501,0,0.43967073,0.04281951,0.13164242,0.036986506,0.26755217,0.24336375
2vsu_V55_D_1251,0.0038107567,0.98219135,0.04155882,0.14243946,0.54310222,2.8671276e-07,1.9703024e-07
2vzu_PNJ_B_1904,0.99140071,0.92848602,0.037646723,0.16241361,0.80974869,0.046772603,0
2w0b_CMW_A_1450,5.77721e-06,0.86660758,0.039007005,0.13305075,0,0.15242229,0
2w1a_TSA_D_1091,0.97137595,0.99394766,0.032514273,0.14955847,0,0.085216849,0.092464829
2w5t_GP9_A_1644,0,0.22158762,0.051119472,0.14640786,0.98853363,0.45116919,0.4486867
2w7k_PLP_A_501,0.79909884,0.98250244,0.034611203,0.14672452,6.7505466e-06,0.21220268,0.20283568
2wch_B7M_A_1145,0,0.98608675,0.038385448,0.13374698,1.7528431e-06,0.17995112,0
2wdq_CBE_G_1130,0.99426637,0.98345321,0.03197359,0.14964358,7.6884478e-08,0.00042118319,0
2wdq_CBE_K_1130,0.991867,0.98989522,0.031955603,0.14964278,3.4621361e-06,0.002337425,0
2wdq_TEO_A_1589,0.98038844,0.99994957,0.032168973,0.14933065,0.0023192583,0.0013397252,0
2wdq_TEO_E_1589,0,0.25106169,0.050694034,0.14692344,0.96847194,0.0013421307,0.9623516
2wdq_TEO_I_1589,0,0.87889196,0.050085881,0,0.98552239,0.97433427,0.97456397
2whq_HI6_A_1543,0.0044690692,0,0.044148953,0.12837883,0.00020978055,0.067410481,0.036460424
2whq_HI6_B_1545,0.00242729,0,0.044174344,0.12837311,0.001819943,0.068160732,0.037217523
2wj4_HQD_A_1281,0,0,0.055163471,0.14651737,0.98940949,0.98943247,0.98978407
2wj4_HQD_B_1278,0,0.47504955,0.052532886,0.14919947,0.99123582,0.99121738,0.99122628
2wj4_HQD_D_1278,0.0048803844,0.4789195,0.052517668,0.1493529,0.99412005,0.99434763,0.99431803
2wu4_HBP_A_1544,0.12293251,0.53202542,0.041330015,0.13352908,0.0026006642,0.25738007,0.23498578
2wzh_NGO_A_1589,0.98786212,1,0.043498491,0.99007224,0.99405449,0.99407697,0.99409787
2wzv_FMN_A_801,0.00037572046,0,0.049819833,0.1434375,0.95121793,0.021412228,0
2wzv_FMN_B_801,0.98355615,0,0.043730212,0.15913169,0.94119692,0,0
2x05_X05_A_1900,0.98629595,0.82959122,0.036277091,0.15747509,0.53919631,0,0
2x05_X05_B_1900,0,0.0077469529,0.049410232,0.14486994,0.99715307,0,0
2x0u_X0U_B_1291,7.3080386e-05,0.99578285,0.04445604,0.14976892,0.99488689,0,0
2x6o_2TC_A_1209,0,0,0.044179211,0.12830542,4.399401e-07,0.068683995,0.037678472
2xh0_PEP_A_1440,0,0.47547659,0.052570223,0.14926722,0.99472856,0.99324194,0.99572164
2xh0_PEP_B_1440,0.99111711,0.98057397,0.043628533,0.1681943,0.99727669,0.99497305,0.99461301
2xh0_PEP_C_1440,0.98802835,0.9482127,0.0438292,0.16794851,0.9963273,0.99553368,0.99588447
2xhk_AKG_A_519,0.92365457,0.85769051,0.033094091,0.1477885,0.00030766263,0.00030801117,0
2xhk_AKG_B_519,0.95040386,0,0.037788376,0.14336947,0.00043138965,0.00042500498,0
2xmi_FLC_A_1379,0,0.9611541,0.038692707,0.1338513,0.0093724617,0.092617836,0.092777569
2xoz_AMP_B_1664,0.09174073,0,0.044479784,0.13307826,0.22022367,0,0.0023664657
2xta_TPP_A_2001,0.9785827,1,0.037535137,0.15368541,0.11317086,0.85423375,0.99330168
2xta_TPP_B_2001,0.99476056,1,0.036686628,0.1521114,0,0.8442593,0.99441083
2xta_TPP_C_2001,0.95225006,1,0.036958432,0.15142996,0,0.85139985,0.99434829
2xta_TPP_D_2001,0,0.45107209,0.042527275,0.13108363,0,0.26541627,0.24060149
2xul_AKG_A_201,0,0,0.044179208,0.12830541,6.1139197e-08,0.068683957,0.037678428
2xul_AKG_B_201,0.92692556,0.90914845,0.038103043,0.16131237,0.81448838,4.0967215e-09,0.00093150627
2xul_AKG_C_201,0.93368965,0.93619629,0.032600926,0.14839859,1.1395584e-06,1.7674182e-06,0
2xul_AKG_D_201,0,1.7462243e-05,0.044179138,0.12830552,3.360094e-09,0.068691741,0.037686459
2xul_AKG_E_201,0.99308964,0.9127243,5.6692382e-69,0.14924405,1.5467365e-07,0.015644091,0
2xul_AKG_F_201,0.99389446,0.89667176,0.032452557,0.14916539,0.0017602733,1.5023285e-06,0
2xum_OGA_A_601,0.99876942,0.97602299,0.031986491,0.14968355,0.00039266639,0.00080250545,0
2xyj_WLM_A_1441,0.98196518,1,0.032139624,0.14931839,1.568986e-07,0,0
2xyj_WLM_A_1442,0,0.45104218,0.042528042,0.1310851,9.7046703e-05,0.26542187,0.24060874
2xyj_WLM_B_1441,0.85546994,0.91486812,0.033366742,0.14682597,1.1398137e-07,0,0
2xyj_WLM_B_1442,0.92627018,0.66824168,0.039906267,0.1621823,0.9293051,0.027116755,0
2y00_Y00_A_601,0.98063099,0.98996936,0.0382422,0.16493307,0.95648764,0,0
2y2f_YI1_A_1469,0.83272339,0,0.042208691,0.15064304,0.56709888,0,0
2y4j_LAC_A_400,0.98384052,0.86898395,0.038745225,0.16389122,0.9311136,0.00064530415,0.00064166763
2y4j_LAC_B_400,0.9640357,0.94610881,0.033188291,0.15097593,0.12507775,4.9272776e-05,0
2ye5_2A7_A_1224,0.99016123,0.8793011,0.037074026,0.16008466,0.68504063,0.0070797576,0.0071464511
2yi6_6QM_A_1225,0.97225952,0.99426824,0.032235893,0.14913139,0.00028484779,0,0
2yjd_YJD_A_1498,0.99391657,1,0.032037171,0.14957993,0.001734402,0,0
2yjd_YJD_B_1498,0,0.4505616,0.04254036,0.13110865,0.0016560646,0.2655119,0.24072517
2ynf_WHU_A_1563,0,0.022066045,0.04949786,0.14495998,0.99553311,0.069175305,0
2yp6_C6W_B_1186,1.2670129e-07,0.93108995,0.038606801,0.13346723,0,0,0.1322784
2z20_PLP_A_701,0,0.93983054,0.044230593,0.14810639,0.91180688,0,0
2z20_PLP_B_801,0,0.99387726,0.044095966,0.14883692,0.93804712,0,0
2z26_DOR_A_1410,0,0,0.044179208,0.12830541,0,0.068683951,0.037678421
2z48_A2G_A_1005,0.98852892,0.95606889,0.038175803,0.16434817,0.92433055,3.9640961e-07,4.0244369e-07
2z48_A2G_B_2005,0,0.93542738,0.044093761,0.14768065,0.88704387,3.0247217e-07,3.5234666e-07
2z48_NGA_A_1002,0,0.099840673,0.043783049,0.1289534,5.4928245e-05,0.11322681,0.083642607
2z48_NGA_A_1003,0,0.98669889,0.048366808,0.150166,0.8858936,0.88625975,0.88621048
2z48_NGA_A_1004,0,0.98465698,0.039361794,0.13610935,0.14613653,0.19018486,6.7392776e-06
2z48_NGA_A_1006,0,0,0.04431477,0.12863148,0.019991864,0.070657846,0.040029561
2z48_NGA_B_2002,0.97904807,0.94083218,0.032287042,0.14915107,5.4945047e-05,6.3879477e-06,0
2z48_NGA_B_2003,0.98433886,0.98603065,0.041240974,0.16313106,0.70372509,0.90260081,0.90068636
2z48_NGA_B_2004,0,0.98066015,0.039205472,0.13565268,0.1194217,0.18733461,7.4545354e-06
2z48_NGA_B_2006,0.13471393,0,0.043391431,0.13081742,0.024638742,0.032105304,0.0031175562
2z6j_TUI_A_501,3.3648333e-12,0.96635597,0.038488088,0.13363197,2.109236e-13,0.17540508,3.9338088e-09
2z7s_P01_A_1,0.73019444,0.95488661,0.038863742,0.14902209,0.10142447,0.86874322,0.86744091
2zce_PYL_A_601,0.72339306,0,0.04392602,0.15147803,0.7276469,0,0
2zgw_ADN_B_1302,0.36922621,0.74508115,0.043590222,0.1475733,0.4786991,0.64594521,0.65383734
2zgw_BTN_A_1401,0.95145951,0.9640034,0.038718611,0.16468971,0.97960222,0,0
2zgw_BTN_B_1402,0.96774481,0.96815357,0.038531747,0.16481787,0.9698386,0,0
2zi2_24U_H_801,0.94760229,0.98034485,0.038727172,0.164912,0.99146739,0,0
2zka_AZA_A_302,0.1524748,0.97175762,0.048691495,0.15441646,0.9862864,0.98642913,0.98636755
2zm7_ACA_A_501,0,0.97720674,0.038431636,0.1336952,6.596368e-09,0.17790506,8.0300292e-12
2zm9_ACA_A_501,0,0.98674316,0.038382022,0.13375078,9.5734583e-11,0.18010223,0
2ztl_3HL_A_301,0.99795886,0.96113066,0.038533392,0.16562542,0.99201901,0.00033540325,0.00033717621
2ztl_3HL_B_301,0.987304,0.9548612,0.038543324,0.16510148,0.97108292,0.0092631356,0.0092645086
2ztl_3HL_C_301,0.99514346,0.96795015,0.038533474,0.16567222,0.99533857,0.00029581569,0.00029793126
2ztl_3HL_D_301,0,0.96960408,0.038474442,0.1336525,0,0.17672232,0.00067215566
2zut_A2G_A_4001,0,0.46329015,0.052349929,0.14880144,0.97535299,0.95616209,0.97666967
2zut_A2G_C_4003,0.9520775,0.98061533,0.03242971,0.14873029,4.6275467e-05,0,5.8330036e-05
2zuw_NDG_B_4002,0,0.45035139,0.042545748,0.13111895,0.0023379972,0.26555128,0.2407761
2zuw_NDG_D_4004,0.99186384,1,0.032043989,0.14951407,3.9478236e-05,0,5.9823439e-06
2zvq_1NP_X_501,0.18870299,0.064714539,0.048542133,0.14746303,0.98987691,0,0
2zvq_1NP_X_502,0,2.6746594e-06,0.044179197,0.12830543,0,0.068685144,0.037679652
2zwt_CAM_A_422,0,0,0.043901082,0.12878589,0.046702397,0,0
2zyv_NPO_X_1601,0,0.90029235,0.038764776,0.13328325,7.123906e-06,0,0.12443907
2zyv_NPO_X_1602,0.99812404,0.9939377,0.031893158,0.14977449,0.00015072095,0,0
3kt7_AKG_A_702,0,0.98618209,0.038386456,0.13374825,0,0.18023799,0.00031313887
3mk1_NPO_A_911,0.99454875,0.77704057,0.033284929,0.14889296,0.026093389,0,0
3mk1_NPO_A_913,0.9948701,0.99051552,0.031933193,0.14970613,0.00039834249,0,0
3qfx_CP6_B_702,0.98832834,0.99489177,0.038379629,0.16561131,0.98899696,0,0
3qgz_ADN_A_127,0.99129892,0.98362888,0.043483098,0.16799569,0.98518542,0.98538912,0.98556684
3qhd_795_A_167,0.82748813,5.4053409e-05,0.045007962,0.15741642,0.99075318,0,0
3qhd_CTN_A_165,0.98127813,0.91463334,0.038842291,0.16495697,0.98365153,0,0
3qhd_CTN_B_165,0.97247348,0.97521263,0.038608844,0.16529581,0.99218562,0,0
3qk1_BEN_A_1010,0.99840518,0.99167222,0.043524105,0.16835665,0.99577539,0.99729181,0.99725208
3qss_MTG_A_405,0.81927462,0.9762163,0.038982776,0.16144,0.90616657,0.00092309368,0.00092424007
3qss_MTG_B_405,0,0.97090356,0.044005639,0.14814204,0.90286485,0.0017827239,0.0018673786
3qt8_FM0_A_328,0.99100529,0.95169809,0.035571729,0.15120179,0,0.42275641,0.90288506
3qwi_CUE_A_272,0.99717939,0.99556184,0.032032807,0.15010587,0.021272968,0.0042236151,0
3qwi_CUE_B_272,0.99810223,0.9948852,0.03192719,0.14986424,0.0057113971,0.0027774099,0
3qxx_8AC_A_221,0.9584796,0.97202613,0.032258417,0.14900838,5.5505065e-07,8.3584542e-09,0
3r3z_GOA_A_305,0.99377237,1,0.036776364,0.1521023,0,0.95397998,0.95373911
3r3z_GOA_B_305,0.96315003,1,0.040113791,0.15930575,0.47391131,0.96427277,0.96450152
3r3z_GOA_C_305,0.99618025,1,0.036644926,0.15208467,0,0.93125091,0.93120844
3r3z_GOA_D_305,0.9932017,1,0.038583312,0.1567431,0.2899826,0.93602526,0.93644861
3r51_MMA_A_200,0.97276311,0.96556947,0.04376431,0.16767132,0.98866503,0.99414591,0.99344042
3rgz_BLD_A_800,0.025871044,0,0.054861514,0.14662285,0.9708063,0.98508357,0.98551077
3ro7_TDR_A_300,0,0,0.043883998,0.12874356,0.04408724,0,0
3roe_THM_B_265,0,0.03249599,0.049241613,0.14446529,0.96261141,0.06801836,0
3roe_THM_C_265,0.44499075,0.32427424,0.045091949,0.15362374,0.98966867,0.04988192,0
3roe_THM_D_265,0,0.012131646,0.04930486,0.14466568,0.98352505,0,0
3roe_THM_E_265,0,0.025566612,0.049411857,0.14479395,0.98448371,0.068787004,0
3roe_THM_F_265,0.39800016,0.29299304,0.045541689,0.1526789,0.98829403,0.051849212,0
3rop_NCA_A_302,0.9264634,0.0047277993,0.03790569,0.14300659,0.00024541566,0,0
3rop_NCA_B_302,0.0029048687,0.009204335,0.04415028,0.12847844,0.0041614141,0.072359533,0.04159695
3rsc_TYD_A_397,0,0,0.049844168,0.14348509,0.95452215,0.021718553,0
3rsc_TYD_B_397,0.94311174,0,0.04409738,0.15877622,0.95954458,0,0
3ryd_SRT_A_271,0,0.4721969,0.040959962,0.13072416,3.093599e-08,8.4402158e-08,0.015459867
3ryd_SRT_C_268,0.54297982,0.91538844,0.035574483,0.14221524,0.00010355424,0.073171899,0.10823362
3se2_3AB_C_4,0.9965687,0.97637724,0.038438143,0.16564956,0.98961868,0,0
3se2_3AB_D_3,0.99562959,0.98617436,0.037932187,0.16455941,0.91978108,0,0
3se2_LDR_A_1,0.99714113,0,0.043999664,0.16022433,0.9951603,0,0
3sj1_DXC_X_75,0.9831885,0.98290361,0.03204804,0.14946309,0,0.0022880665,0
3sjh_LAR_A_503,0,0.021081123,0.049522058,0.14500669,0.99864198,0.069284558,0
3sli_SKD_A_760,0,0.9374417,0.0446712,0.1491511,0.97718353,0,0
3sp6_IL2_A_901,0,0.47677883,0.05216134,0.14842001,0.9470916,0.96442735,0.98685608
3sru_Q26_X_169,0,0.95059734,0.044966378,0.14919088,0.96475039,0.2414724,0
3t3q_9PL_A_501,0.76479508,0,0.039166753,0.14098063,0.037860187,0,0
3t3q_9PL_B_501,0.00011128351,0,0.044447959,0.13014444,0.13052166,0,0
3t3q_9PL_C_501,0.9875571,0,0.037560316,0.14396897,0.0004643414,0,0
3t3q_9PL_D_501,6.7448191e-05,0,0.044399105,0.13002201,0.12300214,0,0
3te7_TE7_A_1,0.97875617,0.96806214,0.032469465,0.1500778,0.047596639,0.0031048571,0
3te7_TE7_B_1,0,0.97099631,0.03846519,0.13366205,0.00018748548,0.17648774,0
3tky_N7I_A_369,0,0.96752933,0.038481984,0.1336388,0,0.17567541,0
3tky_N7I_B_369,0.08238235,0.97805599,0.037894813,0.13501858,0,0.16327563,0
3tky_N7I_C_369,0.98277996,0.98836349,0.031990075,0.14947704,4.1924649e-05,0,0
3tky_N7I_D_369,0.91531158,0.93677682,0.03271765,0.14811367,0.00030304475,0,0
3tye_XHP_B_901,0.99356677,0.99357731,0.038404494,0.16581092,0.99656712,0,0
3tye_XTZ_A_801,0.92288041,0,0.04315168,0.15580004,0.79584104,0,0
3tye_YTZ_B_902,0.00096460382,0.40113449,0.041318945,0.13031581,4.7010081e-05,0,0
3tyn_CXW_A_800,0,0.32959005,0.041687776,0.12993661,3.4146513e-07,0,0
3tyn_CXW_B_800,0,0.33746148,0.041749108,0.13000097,0,0.034189974,0
3u1t_MLI_A_351,0.99667549,0.93668993,0.03220134,0.14940964,1.8274082e-06,0,3.2828902e-06
3u1t_MLI_B_350,0.99701817,0.94240646,0.03217151,0.1494519,0.00018807884,0,0.00018737299
3u3o_3QV_A_296,0,0.99201587,0.038354599,0.13378153,1.4329771e-06,0.18131715,0
3u3o_3QV_A_297,3.4594526e-05,0.98927618,0.038368715,0.13376633,1.4433102e-05,0.18068065,0
3uu7_2OH_A_1,0.99697205,0,0.043949649,0.16009511,0.98734571,0,0
3uu7_2OH_B_1,0.99680394,0,0.043935208,0.16005407,0.9849778,0,0
3uud_EST_A_600,0.98777222,0.97890557,0.0384678,0.16524288,0.96961901,0.070591865,0
3uud_EST_B_600,0.98162337,0.99303972,0.038475525,0.16560271,0.99579504,0,0
3v1m_HPK_A_288,0,0.44562483,0.049005482,0.14588202,0.88227148,0.42212259,0.41910781
3v1s_0LH_B_401,0.99373495,0.99579135,0.031999844,0.14993075,0.013387532,0,0
3v1v_GST_A_511,0.89846807,0.89578693,0.034563564,0.15130596,0.22847236,0.013968394,0
3v7u_MTA_A_301,0.14848019,0.38065088,0.041695722,0.13562678,0.18004913,0.03417481,2.899878e-05
3v8n_5NB_A_301,0.25908289,0.96570269,0.036957631,0.13811822,0.021190585,0.13016225,0
3vbn_TYD_A_301,0.86824118,0,0.04218976,0.15170726,0.59744717,0,0
3vbn_TYD_C_301,0.94415024,0,0.037927404,0.1435206,0.016022185,0,0
3vbn_TYD_E_301,0.5859874,0,0.0455368,0.1511707,0.84560493,0,0
3vc3_C6P_A_501,0,0,0.044179462,0.12830602,3.7563758e-05,0.06868766,0.037682838
3vc3_C6P_B_501,3.2435431e-05,0.93850982,0.047846745,0.1502837,0.94751591,0.75034612,0.60601819
3vc3_C6P_D_501,0,0.95943501,0.04756339,0.15021709,0.93963866,0.73317896,0.58070389
3vc3_C6P_E_501,0.95757499,0.94213267,0.036107843,0.15245062,0.14070435,0.48862281,0.5682615
3vcp_PRO_A_502,0,0,0.050973188,0.13639444,0.36792192,0.96418416,0.96448523
3vmg_9CA_B_2001,0,0.4470184,0.052364593,0.14897453,0.99351137,0.93286234,0.93328234
3vnj_PSJ_A_301,0,0.45107209,0.042527275,0.13108363,0,0.26541627,0.24060149
3vnj_PSJ_B_301,0.73477122,0.9385401,0.035278748,0.14552336,0.0038409607,0.21670784,0.20616223
3vnj_PSJ_C_301,0,0.45107209,0.042527275,0.13108363,0,0.26541627,0.24060149
3vnm_SDD_B_301,0.5488338,0.89647037,0.037206846,0.14294377,0,0.39328111,0.39314566
3vnm_SDD_C_301,0.49332286,0,0.040858319,0.13645556,0.025921881,0,0
3vnm_SDD_D_301,0,0,0,0.13412822,0.31267822,0.35025949,0.4431793
3vq4_0NX_A_304,0,0.98286377,0.044384431,0.14933465,0.9726435,1.8566134e-05,1.8473579e-05
3vq4_0NX_B_303,0.99589108,0.97810158,0.03287688,0.15181424,0.13361143,2.3662986e-05,0.0011778633
3vq5_MMJ_A_1007,0.99438716,0.99052549,0.037675866,0.16396158,0.88242219,0.00092434595,0.00092565632
3vq5_MMJ_B_307,0.9934769,0.99671805,0.032831091,0.1519708,0.13876908,2.0717686e-06,0.0067661583
3vqe_FMQ_A_1006,0.98665076,0.44565346,0.041220925,0.16178527,0.94627712,0,0
3vqe_FMQ_B_306,0.9924809,0.47430214,0.034859397,0.14676899,0.0027551654,0,0
3vv5_SLZ_A_300,0.97458734,0,0.049008743,0.16172095,0.95686754,0.9933091,0.992605
3vv5_SLZ_B_301,0,0.88280155,0.049089333,0.1499937,0.91289648,0.87996909,0.87615467
3w4i_8LG_A_402,0.35536132,0.96877712,0.036238666,0.13961051,0.015176675,0,0.087722542
3w4i_8LG_B_402,0.34595657,0,0.041799714,0.13389916,0.010712321,0,0
3w4i_8LG_C_402,0.99651356,0,0.037574701,0.1442848,0.011049899,0,0
3w4i_8LG_D_402,0.98985977,0,0.037614569,0.14417543,0.01092459,0,0
3w7f_FPS_A_301,0,0.45107176,0.042527284,0.13108365,1.0788732e-06,0.26541633,0.24060157
3w7f_FPS_A_302,0.96497093,0.98939479,0.032304339,0.14898349,0,0,0
3w7f_FPS_B_301,0,0.45105532,0.042527705,0.13108445,5.4395098e-05,0.26541941,0.24060555
3w7f_FPS_B_302,0,0.29501401,0.042791973,0.13201423,0.13398375,0.038898472,0
3w8x_FTK_A_601,1.1143835e-07,0.9752265,0.038451194,0.13368877,4.2572477e-05,0.17902173,0.0018548253
3w8x_FTK_B_601,0,0,0.044181382,0.12831064,0.00032069343,0.068715615,0.037716136
3wat_BGC_A_403,0.010465657,0.45800412,0.042424318,0.13128985,9.098236e-05,0.26472459,0.24011366
3wat_BGC_B_403,0.012086556,0.45910017,0.042407797,0.13132069,3.2307756e-05,0.26461326,0.24003268
3wat_BMA_A_404,0.99386302,1,0.032174475,0.1498617,0.016449917,0.016414696,0
3wat_BMA_B_404,0.99042,1,0.032180703,0.14974543,0.013933567,0.014000653,0
3wca_FPS_A_501,0,0.44578259,0.042662854,0.13134287,0.017159375,0.26640719,0.241883
3wca_FPS_B_401,0,0.43856129,0.042847946,0.1316968,0.040585563,0.26776001,0.24363254
3wca_FPS_C_402,0,0.91551948,0,0.13333636,2.990651e-06,0.16353914,0
3wca_FPS_D_401,0,0.43165282,0.043025021,0.13203539,0.062996951,0.26905423,0.24530628
3wgc_PLG_A_401,0,0.46856164,0.051970732,0.14819492,0.93901007,0.94286023,0.94045521
3wgc_PLG_B_401,0.99242287,0.86287086,0.035573508,0.15637028,0.45592065,0.0076549341,1.2689565e-05
3wgc_PLG_C_401,0.98540505,0.83441191,0.040407923,0.16518947,0.95621872,1.601904e-08,0.57466755
3wgc_PLG_D_401,0.97951194,0.99929686,0.03216347,0.14927018,8.9902259e-06,0,6.0492355e-08
3wk1_O7E_A_301,0.98620248,0.68464307,0.039759835,0.16422274,0.98950946,0,0
3wlf_FEH_A_401,0.99626471,0,0.043798866,0.15964583,0.95949053,0.0052042243,0.0052109764
3wlf_FEH_B_401,0.99680978,0,0.044961267,0.16017621,0.95626562,0.23707281,0.23356925
3wlf_FEH_C_401,0.9948248,0,0.037567674,0.14411165,1.32047e-05,0,0.02112609
3wlf_FEH_D_401,0.99676535,0,0.044085304,0.16022354,0.99247392,0.019758724,0.019366173
3wqs_KBK_B_503,0.99157589,0.89480911,0.03847389,0.16397597,0.91971244,0,0
3wr4_GDE_B_502,0.98247533,0.98741293,0.037741814,0.16365207,0.87567593,0.0047293151,0.0047040027
3wsg_CIT_A_302,0.98930535,0.7378061,0.038626074,0.16107439,0.79585381,0.011459776,0.011178379
3wsg_CIT_B_302,0.98773373,0.98369108,0.034250482,0.15371707,0.23730957,0.13841815,0.13855452
3wsg_CIT_C_302,0.91616998,0.4838645,0.03588668,0.14638454,0.042814166,0.11443442,0
3wsg_CIT_D_302,0,0.73575232,0.041847254,0.13555648,0.1702115,0.31491784,0.21308463
3wsg_CIT_E_302,0,0.63532418,0.043189396,0.13819471,0.38587088,0.13054598,0.12936088
3wsg_CIT_F_302,0.98695186,0.82511065,0.039165223,0.15576466,0.31520872,0.81800155,0.81738388
3wug_XYP_B_1,0.98385515,0,0.037743652,0.14430743,0.025063867,0,3.8928045e-10
3wug_XYP_C_2,0.24022558,0,0.042476535,0.13206838,6.1534215e-06,0,0
3wur_O4B_A_202,0.97220594,0.38204476,0.040612888,0.15857441,0.78454159,0,0
3wur_O4B_B_201,0.83349925,0.10187215,0.043724297,0.15642844,0.88813638,0,0
3wur_O4B_B_202,0.63647398,0.86049093,0.039189927,0.15396564,0.66718391,0,0
3wur_O4B_B_204,0.61499371,0.057226008,0.045561883,0.15326698,0.9262004,0,0
3wwc_BUA_A_402,0,0,0.044179208,0.12830541,6.7551523e-08,0.068683958,0.037678429
3wwc_BUA_A_403,0.97680429,0.98285024,0,0.14936659,3.367669e-05,2.8717599e-05,0
3wxo_NIZ_A_802,0,0.94829447,0.038938873,0.13439978,0.053818481,0.17513186,0
3wxo_NIZ_A_803,0.0014440756,0.99258045,0.038343435,0.13381064,0.00016827594,0.18119941,0
3wxo_NIZ_A_804,0.0010568972,0.0018437698,0.04416441,0.12833395,2.4608157e-06,0.069200609,0.038233536
3wzo_ZOE_A_201,0,0.052462711,0.048751063,0.14351829,0.89958725,0.065803546,0
3wzo_ZOE_B_201,0,0.038783488,0.04908714,0.14416708,0.94276517,0.067320918,0
3zbs_OVE_A_1380,0,0.99336901,0.044169182,0.14778494,0.85478272,0.11713531,0.12104376
3zcm_PX3_A_1214,0,0.97542855,0.03844167,0.13368675,0.00011806347,0.1775039,0
3zcm_PX3_B_1216,0,0,0.044179208,0.12830541,0,0.068683951,0.037678421
3zjq_NCA_A_300,0.0025526084,0.98903597,0.038353636,0.13380509,6.0154675e-06,0.18017156,0
3zog_A2Q_A_200,0,0,0,0.12842074,0.0070547844,0.06907417,0.038196842
3zp7_PRE_A_1118,0,0,0.049913536,0.14368367,0.96707904,0,0
3zr0_8OG_B_1157,0.95974371,0,0.043558536,0.15796137,0.89262757,0,6.869501e-09
3zv6_4HB_A_1277,0,0.30128267,0.042637962,0.13171691,0.11419696,0.038203119,0
3zwe_FUC_A_110,0,0.97461679,0.049736115,0.1521789,0.99732843,0.99734029,0.99729766
3zwt_KFZ_A_1401,0.98430495,0,0.037577173,0.14390899,5.3647083e-07,0,0
3zwt_ORO_A_1398,0.20988912,0,0.042692404,0.13159522,0.00013061549,0.0079157684,0
3zyx_MBT_A_601,0.99571843,1,0.032001018,0.14959472,0,0,0
3zyx_MBT_B_601,0,0.062535723,0.048093557,0.14231758,0.82686467,0,0
3zzm_JLN_A_1526,0.96898039,0.67151537,0.039959773,0.16394568,0.99370554,1.5472854e-07,1.4604829e-07
3zzv_FUC_B_401,0,0.97359332,0.049744805,0.15217831,0.99761764,0.99747654,0.99755056
4a01_2PN_B_1773,0.99262336,0,0.037526304,0.14404318,0,0,0
4a3u_NCA_A_1359,0.99429191,0.98028514,0.031986862,0.14962965,2.3506685e-05,0,0
4a7a_RGZ_A_601,0.99485876,1,0.032014652,0.14957248,1.0724182e-08,0,5.6383404e-07
4a7a_RGZ_B_601,0.98458192,0.99466458,0.032313604,0.14977134,0.026439241,4.9742044e-06,0
4a7x_UDP_B_1241,0.94721058,0.94395304,0.038964806,0.16477205,0.99593217,0,0
4a8p_PAO_A_1340,0.98902869,0.68928772,0.039814958,0.16442749,0.99657982,0.026789,0
4a8p_PAO_C_1340,0,0.083757099,0.047982211,0.14203401,0.80080776,0.062332207,0
4a8p_PAO_D_1340,0.88022415,0.8996361,0.033908903,0.14882773,0.1008177,0,0
4a8p_PAO_F_1340,0,0.094874022,0.047709087,0.14150674,0.76571764,0.061099059,0
4a9j_TYL_A_1188,0.99415303,0.99128895,0.031933075,0.14969749,0.00028638637,0,0
4a9j_TYL_B_1187,0.99918209,0.99386227,0.038117321,0.16528064,0.95811048,0,0
4a9j_TYL_C_1184,0.99701044,0.99584009,0.035767037,0.15942806,0.5980144,0,0
4adl_LMR_D_1468,0,0.32959016,0.041687773,0.1299366,0,0,0
4adm_SRT_C_1466,0,0.45107209,0.042527275,0.13108363,0,0.26541627,0.24060149
4ajj_88R_B_1333,0.99150414,1,0.043421741,0.16815644,0.98889625,0.98582353,0.98836276
4ajj_88R_C_1335,0.9930883,0.68895779,0.039702489,0.1643773,0.99074973,1.0128197e-05,1.0073222e-05
4ajj_88S_A_1332,0.97726652,0.9830246,0.038056992,0.16423217,0.91896708,0,0
4ajj_88S_B_1332,0.99295854,0.98505575,0.032210441,0.15021124,0.035706876,0.0036053781,0
4ajj_88S_C_1334,0.99264221,0.98744677,0.031963308,0.14964086,0,0.0016335566,0
4ajj_88S_D_1332,0.96835044,0.97852735,0.032226293,0.14934593,0.0089882123,0.0045993188,0
4ajj_MLI_A_1333,0.99369265,0.92703882,0.038437359,0.15994302,0.56591784,0,0.95322187
4ajj_MLI_D_1333,0,0.88498949,0.049802594,0.15096307,0.95931022,0.96001536,0.95990453
4al9_GLA_A_1123,0.94428736,0.982636,0.043916342,0.16745755,0.99731625,0.99717157,0.9974034
4al9_GLA_B_1123,0.997371,0.97171405,0.043643839,0.1682359,0.9964365,0.9964507,0.99657122
4al9_GLA_C_1123,0.94486765,0.97494753,0.038865659,0.16493083,0.99489451,0.0053556945,0.021251355
4al9_GLA_D_1123,0.91528956,0.96796943,0.044148049,0.16686077,0.9948591,0.99493079,0.99475716
4al9_GLA_E_1123,0.98905997,0.98367711,0.043635513,0.16818395,0.99723239,0.99724919,0.9970911
4al9_GLA_G_1123,0.96910569,0.96471079,0.038736977,0.16525032,0.99563934,0.0049582242,0.0049342247
4aql_TXC_A_1452,0,0.026830516,0.048951619,0.14398093,0.93783965,0,0
4aw0_MJF_A_600,0,0,0.044179208,0.12830541,1.715285e-10,0.068683951,0.037678421
4b1f_DGL_A_1257,0.0014380996,0.98003017,0.049383255,0.1517397,0.97114198,0.97009739,0.96934558
4b1f_DGL_B_1256,0.0023638514,0.97911739,0.049502414,0.15194058,0.98135004,0.97997862,0.97999946
4b1f_KRH_A_1256,0.9184049,0.97506368,0.032507526,0.14838068,4.0960437e-06,0.012140186,0
4b1f_KRH_B_1257,0,0.95203713,0.038562585,0.13354852,1.8713326e-07,0.17210607,0
4b1y_LAB_B_1376,0.0017843648,0,0.050103091,0.14420917,0.99776604,0,0
4b5v_E8U_A_1253,0,0.97680147,0.038478781,0.13394914,0.012062637,0.0052506603,0.1497187
4b5v_E8U_B_1254,0.88630508,0.97506043,0.032743026,0.14792149,0.0021895931,0.0046984579,0.0091911371
4b98_PXG_A_470,0,0.95105891,0.038567673,0.13354282,0,0.17188068,0
4b98_PXG_B_470,0,0.98621689,0.044916524,0.14972992,0.98518196,0.25115511,0
4b98_PXG_D_470,0.99305579,0,0.044008042,0.16011728,0.99261867,0,0
4bbx_LKF_A_1760,0.97978534,0,0.037604806,0.14383607,6.3422381e-09,0,0
4bdr_CYS_B_804,0,0.64059435,0.040182905,0.1317335,0,0.10035053,0
4bdr_KAI_B_900,0.92350269,0.96895492,0.043752273,0.16625482,0.95036284,0.98520634,0.98536359
4bq5_GAL_C_1,0,0.47571291,0.052577824,0.1492794,0.99531233,0.99527068,0.99557529
4bu7_25F_A_2165,0.99542246,0.69006951,0.039691287,0.16444568,0.992241,0,0
4bu7_25F_C_2165,0.99673568,0.69053062,0.039689016,0.16449196,0.99359914,0,0
4buf_F36_A_2162,0.97707337,0,0.044107584,0.15986394,0.99289624,0,0
4buf_F36_B_2162,0.97541797,0,0.044081797,0.15974826,0.98739917,0,0
4buv_16I_A_2165,0.99517154,0,0.043641328,0.15927482,0.93846317,0,0
4bux_F35_A_2166,0.81415458,0.59430317,0.040962215,0.15989498,0.92382908,0.031733367,0
4bvh_OCZ_A_1393,2.4791712e-05,0.0076128972,0.04941362,0.14487747,0.99762243,0,0
4bvh_OCZ_C_1394,0.98447356,0,0.044098431,0.16007277,0.9984219,0,0
4bz6_SHH_B_700,0.97872213,1,0.034516041,0.15073685,8.8375209e-09,0.44930186,0.52586251
4bz6_SHH_C_700,0.93851565,1,0.035618209,0.15133429,0.063757479,0.53455131,0.61286102
4bz6_SHH_D_700,0.98935604,1,0.034158081,0.15076477,3.2331249e-09,0.39678984,0.46611149
4c2p_X8Z_A_709,0.98923888,0.94641592,0.03859031,0.1652074,0.9800801,0,0
4c2z_646_A_1498,0.95322667,0.96358836,0.033405527,0.15147291,0.16038667,0.014816746,0
4c7g_NGO_A_1495,0,0.013293338,0.049287451,0.14463067,0.98097349,0.00072545102,0.00072600716
4can_M7K_A_800,0,0.97516882,0.038380769,0.13373071,5.735535e-12,0,0.14349941
4can_M7K_B_800,0,0.9803628,0.038354135,0.13376176,7.1998869e-09,0,0.14482162
4cb5_93G_A_1484,0,0,0.044180008,0.12830733,0.00011797458,0.068695599,0.037692295
4cdt_M48_A_801,0.035791247,0.98176314,0.037817819,0.13416197,3.4183517e-08,0,0
4cdt_M48_B_801,0,0.97329413,0.038390383,0.1337195,1.4228179e-13,0,0.14302217
4cjs_L0Y_A_1217,0,0.4510045,0.042529008,0.13108694,0.000219282,0.26542893,0.24061787
4cjs_L0Y_B_1217,0.98314179,1,0.032133306,0.14935146,0.00065909587,0,0
4cju_JNS_A_1217,0,0.0086163919,0.049389338,0.14482944,0.99445078,0,0
4cju_JNS_B_1214,0,0.00873519,0.049386483,0.14482391,0.99408154,0,0
4cjv_IV2_A_1212,0.99438721,0.99705003,0.03838339,0.16584012,0.99615102,0.0012203444,0.0012211086
4cjv_IV2_B_1215,0.9945621,0.99581782,0.038523496,0.1656474,0.97667082,0.05171607,0.052108639
4cjw_CBJ_A_1215,0.975414,0.94785945,0.032318893,0.14924415,0.0067639809,0,0
4cjw_CBJ_A_1216,4.6666931e-07,0.45107171,0.042527289,0.13108367,2.2569333e-06,0.26541637,0.24060164
4cjw_CBJ_B_1217,0.99189749,0.9296023,0.032318346,0.14941874,0.0078914951,0,0
4cjw_CBJ_B_1218,3.6857397e-07,0.45106851,0.04252737,0.13108382,1.2422221e-05,0.26541696,0.2406024
4cld_JUO_B_1270,0,0,0.044179208,0.12830541,0,0.068683951,0.037678421
4cld_JUO_C_1270,0,0,0.044180098,0.12830755,0.0001313266,0.068696918,0.037693865
4cld_JUO_D_1270,0,0,0.044190667,0.12833297,0.0016900192,0.068850815,0.037877175
4cle_JR2_A_1270,0.99282038,0,0.037528602,0.14405504,0.00053617997,0,0
4cle_JR2_A_1271,0,0,0.044179641,0.12830645,6.3886891e-05,0.068690259,0.037685934
4cle_JR2_C_1270,0.99120331,0,0.03754436,0.14404349,0.0014347363,0,0
4cle_JR2_D_1270,0.99116582,0,0.037543307,1.0113227e-43,0.0008312329,0,0
4cle_JR2_D_1271,0,0,0.044180164,0.12830771,0.00014098235,0.068697871,0.037695001
4clo_XP0_B_1270,0,0.32675462,0.041755977,0.130069,0.0088290075,0,0
4clo_XP0_D_1270,0.9637722,0.669683,0.039968863,0.1637623,0.98833029,0,0
4clr_FDB_B_1270,0.1399195,0.99065635,0.043577522,0.15186607,0.98686323,0,0
4clr_FDB_C_1270,0.15304424,0.99520353,0.043166975,0.15134893,0.94024436,0,0
4clr_FDB_D_1270,0.99889934,0.99230682,0.038317779,0.16573786,0.98718323,0,0
4cme_KTZ_A_1270,0.9896458,0.68619502,0.039745641,0.16432811,0.99200478,0,0
4cme_KTZ_C_1270,0.99550674,0.69161063,0.039654816,0.16437824,0.98763019,0,0
4cme_KTZ_D_1270,0.95432119,0.67335861,0.039817123,0.16310342,0.95681769,0,0
4cmk_FQW_A_1270,0.9571559,0.95357381,0.032734119,0.1491007,0.003509029,0.060294542,0.070685963
4cmk_FQW_C_1270,0.95793718,0.9273197,0.034333638,0.14964467,0.00060229797,0.31407126,0.37809199
4cmk_FQW_D_1270,0.99061305,0.94127894,0.033258425,0.14991108,0.004571419,0.1686416,0.20907125
4cno_9PY_D_301,0.99007119,0.97488296,0.043029858,0.16686774,0.92287123,0.96542026,0.96551874
4cpp_ADM_A_422,0.99500518,0.9350857,0.038371659,0.16462294,0.94218556,0,0
4crg_J4X_A_1493,0,0.077677282,0.047729678,0.14161221,0.77980335,0,0
4cw2_XDS_A_1303,0,0,0.044179208,0.12830541,0,0.068683951,0.037678421
4cx6_Q16_A_800,0,0.3295901,0.041687775,0.12993661,1.8974404e-07,1.4724354e-09,0
4cx6_Q16_B_800,1.7980389e-11,0.45107209,0.042527275,0.13108363,2.5222448e-13,0.26541627,0.24060149
4cxr_2BG_A_502,0.99651084,0.9942728,0.043368272,0.16808668,0.98196121,0.98565817,0.98467477
4d06_NAR_A_301,0,0.025055702,0.049424409,0.14481818,0.98609638,0.068843676,0
4d06_NAR_D_302,1.0028765e-06,0.45107259,0.04252727,0.13108366,5.4518072e-07,0.26541623,0.24060148
4d06_NAR_F_301,0.97458134,0.99594113,0.032211191,0.14917288,6.360607e-10,0,0
4d06_NAR_F_302,0.9941494,0.22789637,0.036255577,0.14542927,0.0044526342,9.656669e-09,0
4d06_X8W_B_301,0.99502186,0.98425318,0.031972032,0.14967865,0.0011293498,0.00055112214,0
4d06_X8W_D_303,0.99223868,0.035432403,0.037329693,0.1442416,0.0002565592,0,3.7738387e-08
4d0z_BBK_E_1584,0.92336522,0,0.037950592,0.14292783,0.00011604205,0,0
4d2c_ALA_A_508,0.99307788,0.97327179,0.042376084,0.16570788,0.85472701,0.92620486,0.92742494
4d3s_BOG_F_1000,0.96742037,0.70162952,0.039365148,0.1627254,0.91158733,0.024729029,6.1716387e-10
4d3s_BOG_H_1000,0.95094108,0.97983798,0.032440325,0.14870701,2.0973815e-07,0,5.9587577e-10
4d4u_FUC_A_950,0.98504497,0.96898335,0.043684675,0.16794382,0.99233232,0.99216204,0.99187064
4d5e_TPP_B_1590,0,0.45019488,0.052449174,0.14902008,0.99438554,0.94240678,0.96079979
4d96_5PA_A_501,0,0.029224542,0.049321987,0.14462046,0.9729376,0.068381247,0
4d96_5PA_C_402,0,0.23500312,0.044266343,0.13486051,0.32340574,0.045555198,0
4d96_5PA_D_501,0,0.083172321,0.047996578,0.14206175,0.80265359,0.062397074,0
4dab_HPA_A_301,0.26485807,0.99653745,0.042584112,0.1534289,0.95683889,8.6265855e-07,7.7131415e-07
4dch_4DC_A_502,0.96829989,0,0.042509515,0.15562975,0.74005399,0,0
4dch_GLC_A_501,0,0.98351441,0.044367479,0.14925441,0.96669289,0.0049832634,0.0049831128
4dd8_BAT_A_1000,0,0.94422995,0.043936512,0.1465528,0.80441982,0.22842234,0
4dd8_BAT_B_1000,0.93643228,0.95764167,0.032481638,0.1485676,3.0038879e-07,0.0048818171,0
4dd8_BAT_C_1000,0.59027314,0.82103748,0.035429425,0.14223166,0,0.035701599,0
4dd8_BAT_D_1000,0,0.85697465,0.039069461,0.13302462,0.0018555858,0.15033799,0
4do1_ANN_A_502,0.99576008,0.98213036,0.031970818,0.14965977,2.6620655e-08,0,0
4do1_ANN_B_502,0.99638973,0.98563776,0.031948501,0.14969029,1.6661633e-08,0.00054238189,0
4do1_ANN_C_502,0.99806827,0.97909159,0.031971711,0.149679,8.3470383e-08,0,0
4dt8_ADN_A_401,0,0.99032548,0.038365329,0.13377427,0.00012771171,0.18112894,0.0002270098
4dt8_ADN_B_401,0.9783334,0.68755657,0.03964755,0.16370011,0.96478848,0.00075033924,0.00070465027
4dta_ADN_A_401,0.99050774,0.98702945,0.032532996,0.15041237,0.061687314,0,5.8986343e-05
4dta_ADN_B_401,0.98202126,0.96367887,0.033093277,0.1511727,0.12228223,0.00072151512,0.0047934545
4dtb_GMP_A_401,0,0,0.050015774,0.14393699,0.98272948,0,0
4dtb_GMP_B_401,0.99279644,0,0.042932841,0.15744502,0.82778591,0,0
4du7_DP6_B_401,0.98082006,1,0.042226414,0.16721644,0.9694456,0.60183365,0.93118625
4dvw_0M4_A_512,0.74357877,0.98815446,0.037204221,0.15312851,0.43757487,0.17764459,0.16832069
4dvw_0M4_B_512,0.62514079,0.99097395,0.041110844,0.15564331,0.65702038,0.51528455,0.51498492
4dwv_PFB_A_378,0.99004499,0.98319331,0.0432554,0.16743681,0.95270841,0.97711035,0.98385887
4dwv_PFB_B_378,0.99182577,0.98198648,0.043315501,0.16766969,0.96671165,0.97598258,0.97443221
4e7v_CRS_A_101,0.99772182,0.98615407,0.033275102,0.15256898,0.16944603,0.050181582,0.044329111
4e7v_CRS_C_101,0.039583284,0.99096455,0.048997734,0.15226406,0.96273961,0.9626923,0.96299322
4e7v_CRS_I_101,0.9978539,0.98707028,0.034909902,0.15704738,0.4515021,0.010750326,0.010759305
4e7v_CRS_K_101,0.99652202,0.9820967,0.043419251,0.16800874,0.98189861,0.98183247,0.98171348
4e7v_CRS_M_101,0.99555703,0.98743952,0.039560388,0.16628325,0.99087744,0.22673155,0.22714645
4e7v_CRS_O_101,0.9942327,0.98736929,0.042573768,0.16775538,0.99386439,0.80625289,0.80527909
4e7v_CRS_Q_101,0.99832261,0.98753869,0.038528845,0.16420916,0.86585662,0.18847811,0.1888693
4e7v_CRS_U_101,0.99700699,0.99039757,0.03935799,0.16604614,0.97613473,0.21048884,0.21217742
4e9z_651_A_301,0.99823689,0,0.03880802,0.14739465,0.2014575,0,0
4ea0_651_B_305,0.88660388,0.99105793,0.032629811,0.14796491,9.1467988e-07,0.021547735,0
4eip_K2C_A_601,5.6946077e-06,0.45107588,0.042527219,0.13108374,0,0.26541589,0.24060122
4ejh_0QA_D_502,0,0.449618,0.042564546,0.1311549,0.0047171411,0.26568868,0.24095378
4ejh_0QA_E_502,0.72563523,9.265573e-05,0,0.14813326,0.51869388,0,0
4ejh_0QA_F_502,0,0.040164154,0.049053219,0.1441016,0.93840715,0.067167767,0
4ek1_CAM_A_502,0.066424545,0.98567145,0.038210818,0.13560935,0.046482637,0,0.14020324
4ek1_CAM_B_502,0.072793645,0,0.043957038,0.1301523,0.043326237,0.051881698,0.022532827
4ekr_0R0_A_202,0.9971705,0.99177384,0.037876899,0.1544476,0.13947097,0.98534401,0.98582054
4ekr_0R0_A_203,0.0064548937,0.94166089,0.038617547,0.13361235,0,0.17602276,0.0088247875
4ekr_0R0_B_203,0,0.99207739,0.043907677,0.13815456,0.12591395,0.99014366,0.99016093
4evi_C9M_A_402,0,0.97820645,0.044520963,0.14958144,0.98952122,0,0
4evq_PHB_A_406,0.99542033,0.99270094,0.038398255,0.16583619,0.99658743,0,0
4evq_PHB_B_402,0.98976449,0.99211104,0.038427078,0.16571906,0.99519428,0,0
4evs_PHB_A_408,0.9955027,0.68887745,0.039720473,0.16450536,0.99611657,0,0
4f06_PHB_A_401,0.98213379,0.99116736,0.038478047,0.16558806,0.99503577,0,0
4f8n_GAL_A_204,0.98184816,0.96241952,0.041527474,0.16432516,0.80353539,0.80037569,0.80339719
4f8n_PC_A_202,0.9663152,0.92965042,0.032425531,0.14888012,2.5810723e-07,0,0
4fa2_SB0_A_402,0,0.45107209,0.042527275,0.13108363,0,0.26541627,0.24060149
4fh7_TBP_A_202,0.02861531,0.020652629,0.043894631,0.12888815,4.0272779e-05,0.069614147,0.039233021
4fm6_TYR_C_259,0,0,0.044179208,0.12830541,0,0.068683951,0.037678421
4fxr_BMP_A_301,0.9869602,0.71429781,0.039052261,0.16288036,0.89895044,0,0
4fxr_BMP_B_301,0.99338946,0.73532151,0.038590158,0.1622327,0.84727252,0,0
4g1q_T27_A_601,0,0,0.044179209,0.12830541,2.6334242e-07,0.068683977,0.037678452
4g1x_TQU_A_409,0,0.94765954,0.038585384,0.13352307,3.7308404e-06,0.17109774,0
4g1x_TQU_A_410,0.9971105,0.99486641,0.032980273,0.15241592,0.1632594,0,0.0080542297
4gcq_0JM_A_401,0,0.91666671,0.04414021,0.14742637,0.87789235,8.6339573e-09,8.7788002e-09
4gcq_0JM_B_401,0.00023758942,0.97055429,0.038464727,0.13366027,2.3658596e-06,0.17632989,1.3648693e-07
4gh8_MTX_B_201,0.97815095,0,0.044018079,0.15967588,0.98020355,0,0
4ghf_4NC_A_402,0,0.3286472,0.041710454,0.12998063,0.002936082,0,0
4ghf_4NC_C_402,0,0.94652896,0.038606768,0.13355441,0.002341934,0.17100618,0
4ghf_4NC_D_402,0,0.32959016,0.041687773,0.1299366,0,0,0
4gim_PSU_A_400,0,0.86227518,0.040543595,0.13672996,0.22835766,0.16792278,0
4gim_PSU_B_400,0.97830455,0.91511043,0.03312226,0.15067805,0.10406538,0,0
4gim_PSU_C_400,0.94561269,0.79013062,0.033342448,0.14776231,0.00043871067,0,0
4gps_CIT_A_501,0,0.76290794,0.041932931,0.13823251,0.35115921,0.025527117,0.14550708
4gt9_MEF_A_304,0,0,0.044179239,0.12830548,4.637946e-06,0.068684409,0.037678966
4gy9_ZIP_A_201,0.99409346,0.98823186,0.036364217,0.16063522,0.67768399,0.0030213452,0.0031092819
4h0x_LAR_B_403,0,0.98401795,0.044542808,1.6227145e-41,0.99747829,0,0
4h4c_10D_B_402,0,0.90521305,0.039073745,0.1339303,0.040354752,0.16423334,0
4h9x_HL4_A_404,0.58616657,0.9850088,0.03830624,0.15218306,0.55857501,0.11457318,0
4hey_4MZ_A_307,0.071537657,0,0.043672262,0.12942624,1.6473936e-05,0.04796923,0.017788627
4hey_4MZ_A_308,0.8286018,0,0.038531297,0.14140216,0.00030598116,0,0
4hez_1MZ_A_302,0,0.98590196,0.038386398,0.13374588,2.7716504e-08,0.17990842,0
4hez_1MZ_A_307,0.076795885,0.78738104,0.038854949,0.13384125,0.0004586778,0,0.083724519
4hgg_SYN_A_502,0.99810189,0.86131549,0.032615655,0.14900503,1.8623296e-05,3.0328448e-07,0
4hmx_WUB_A_302,0.0001287914,0,0.044186584,0.12832736,0.0012224197,0.06876735,0.037786371
4hon_AKG_A_401,0.99662671,0,0.049134076,0.16269957,0.99502428,0.99507849,0.99503453
4hon_AKG_B_401,0.99329821,0,0.049022478,0.16256689,0.99500132,0.99470678,0.94454028
4hoz_GLC_A_703,0.99290205,0,0.04473757,0.16025349,0.97618737,0.16245312,0.16170067
4hrq_AZG_A_201,0.012747853,0.97877727,0.038782216,0.13460884,0.037300879,0.21257581,0.040063501
4hrq_AZG_B_201,0,0,0.044179208,0.12830541,0,0.068683951,0.037678421
4hxk_1AJ_A_201,1.5991157e-05,0.94145401,0.038553659,0.13352969,1.5934067e-05,0,0.13491577
4hzf_CMP_A_301,0.48825785,0.99347446,0.041468077,0.85692209,0.99443786,0,0
4hzf_CMP_A_302,0.8709495,0.98035391,0.039401458,0.16383736,0.99770562,0.093977481,0
4hzf_CMP_B_301,0,0.022311474,0.04949183,0.14494834,0.99475842,0.069148081,0
4i02_CMP_A_301,0,0.19680425,0.045204827,0.13667225,0.44397894,0.049792419,0
4i02_CMP_A_302,0.87754944,0.85409073,0.035009733,0.15084969,0.23888144,0.0049434871,0
4i02_CMP_B_301,0.96012242,0.67064914,0.040076776,0.16381762,0.99382756,0.027932176,0
4i02_CMP_B_302,0.18131332,0.13163793,0.047649377,0.14845387,0.99747704,0,0
4i02_CMP_C_301,0,0.022733063,0.049481473,0.14492834,0.9934277,0.069101316,0
4i0b_CMP_A_301,0.53440727,0.37418119,0.044189606,0.15537391,0.99414521,0,0
4i0b_CMP_A_302,0.97462773,0.67470312,0.039921053,0.16408856,0.99580115,0,0
4i0b_CMP_B_301,0.89837496,0.99509246,0.038970399,0.16426502,0.99540471,0,0
4i0g_1B9_A_504,0.80440916,0.98539928,0.033544785,0.14747607,0.052870756,0.039522365,0.00078862754
4i4v_NGA_A_201,0,0.94789829,0.049721225,0.15177169,0.9838492,0.98220294,0.98213771
4i4v_NGA_A_202,0.96863382,0.93122381,0.04290205,0.1647767,0.8267704,0.9916923,0.98645358
4i4v_NGA_B_202,0,0.97947437,0.043393264,0.14681208,0.81798704,8.7807817e-06,8.7304767e-06
4i4v_NGA_D_201,0.98665319,0.98194089,0.037985661,0.16432774,0.91589457,2.3976367e-07,2.39634e-07
4i6s_FUC_A_102,0,0.92303043,0.050029873,0.1518897,0.99747072,0.99744441,0.99747106
4i6s_FUC_B_101,0.52744812,0.95106866,0.046650812,0.16056494,0.99787803,0.99790919,0.99789244
4i6s_FUC_C_101,0.74154165,0.96938942,0.044278598,0.16358722,0.99215671,0.81237836,0.82584714
4i6w_1CO_A_501,0.00035806334,0.97878582,0.039898433,0.13447455,0,0.34718919,0.3689567
4i6w_1CO_B_1001,0.98595935,0.97242646,0.034884342,0.15094666,0.010918322,0.53481818,0.53250516
4i6y_MEV_A_501,0,0.97424084,0.040548703,0.13475451,0.00099556579,0.47162222,0.48337873
4i6y_MEV_B_1001,0.99439308,0.97619063,0.040198741,0.16489086,0.86946354,0.49691222,0.48466494
4i9n_1E5_A_402,0.88465507,0.62097611,0.040608564,0.16194903,0.97154926,0,0
4i9n_1E5_D_402,0.8644883,0.68190447,0.039151461,0.15834137,0.754554,0.023625651,0
4i9n_1E5_G_402,0.86354281,0.68041864,0.039181551,0.15836298,0.75722964,0.023760235,0
4i9n_1E5_H_402,0.89727759,0.94328398,0.032960456,0.14764947,8.9851661e-09,0,0
4i9n_1E6_B_401,0.89919613,1,0.042334296,0.16382172,0.83042756,0.83824936,0.89966543
4i9n_1E6_C_401,0.97730695,0.97467738,0.042372484,0.16557824,0.8655176,0.85211789,0.93120851
4i9n_1E6_F_401,0,0.49586235,0.0509169,0.14611189,0.80910911,0.90929521,0.93153309
4i9n_1E6_G_401,0,0.72983553,0.045449016,0.13552202,0.098695396,0.90251221,0.9515381
4i9n_1E6_H_401,0.7574588,0.7319,0.040184812,0.15584346,0.66821738,0.21888499,0.21311731
4ict_1ED_A_406,0.98235538,0.96989592,0.032199794,0.1495665,0.011869561,0.00029857006,0
4ioq_BAQ_A_201,0.99515791,0.98961076,0.031933485,0.14969919,2.1962924e-05,0,0
4iph_1FJ_A_201,0.98293708,0,0.039729895,0.14920026,0.32825542,0,0
4iph_1FJ_A_202,0.0023835989,0,0.044197705,0.12842788,0.0052194573,0.068509035,0.037629472
4itu_1HS_A_302,7.9335427e-06,0.32959608,0.041687697,0.12993676,0,1.6021101e-06,0
4itu_1HS_B_302,7.3478855e-06,0.95851648,0.041670407,0.1414607,0.48153044,1.5339157e-06,0.18506767
4itu_1HS_C_302,7.119074e-06,0.23595502,0.043970908,0.1343521,0.29394724,3.4230233e-06,0.0011774613
4itu_1HS_D_302,5.1528215e-06,0.96064718,0.044268512,0.14861034,0.935659,1.8188675e-06,1.8979311e-06
4ixw_IXW_A_302,0.96004684,0,0.042901594,0.15624926,0.78511343,0.0084774878,0.0098413604
4ixw_IXW_B_302,0.00090207446,0.8743118,0.038988884,0.13317366,0.0038590219,0.15469424,0.00044829318
4j0k_EGR_B_501,0.9409488,0.77542336,0.033454855,0.14760536,0.00053170677,0,0
4j4b_0TF_A_904,0.97641548,0,0.04317355,0.15752899,0.8492999,0,8.7735336e-09
4j4b_0TF_B_301,0.97586855,0,0.043771342,0.15899311,0.94029711,0,1.0313586e-08
4j7u_YTZ_C_802,0.95342618,0.95107983,0.03240591,0.14882138,0.0011604346,0,0
4jb0_ENO_A_402,0.93883266,1,0.043821847,0.16741712,0.99453131,0.99515966,0.9950233
4jh6_FCN_A_202,0.99536604,0.92701857,0.03649017,0.15981341,0.64751537,0,0
4jhh_H35_A_201,0.96983172,0,0.042769641,0.14615914,0.00090745135,0.98890399,0.98798569
4jm8_26D_A_302,0.99824273,0.99634861,0.033707029,0.15437229,0.28426601,0,0
4jmz_1M2_A_302,0.99655803,0.99511189,0.036548976,0.15216232,0.01217083,0.8932061,0.89138669
4jp3_CIT_A_301,0,0.95892052,0.039300426,0.13482858,0.060732711,0.086898461,0.22220032
4jwx_1N4_A_301,0.99003527,0.96906381,0.03850294,0.16546174,0.98708271,0,0
4jxh_HRC_A_301,0.98481105,0,0.037646393,0.14397488,0.0011788271,0,0.024936202
4jzx_476_A_402,0.98889299,0.70094168,0.039386201,0.16360229,0.94457069,0,0
4jzx_476_B_402,0,0.022361399,0.04905902,0.14418912,0.95173007,0,0
4jzx_IPE_B_401,0.98659831,0.97311959,0.032076951,0.14946066,2.6341609e-09,0,9.2338681e-06
4k5g_Q13_A_803,0.021061927,0.46507911,0.042318629,0.13149587,6.8728764e-13,0.2640137,0.23960608
4k5g_Q13_B_803,0.22522573,0.60085614,0.040296118,0.13549198,2.6709003e-13,0.25041793,0.22995707
4k5u_GAL_A_301,0.99269207,0.989861,0.042359413,0.16640621,0.89886766,0.88552765,0.88534041
4kcf_FMN_A_502,0,0,0.04417931,0.12830566,1.5124636e-05,0.068685445,0.037680199
4kfj_1R0_A_202,0,0.45099224,0.042529322,0.13108754,0.0002590492,0.26543123,0.24062084
4kp7_1UQ_A_503,0,0.024776773,0.049000974,0.1440766,0.94422287,0,0
4kp7_1UQ_B_502,0.99343385,0.7007453,0.039421386,0.16384574,0.95483281,0,0
4kqx_HIO_A_402,0.81156222,0.95520729,0.038168783,0.15872633,0.75291498,0.0048993114,0.005095586
4kqx_HIO_B_401,0.80305821,0.92153853,0.03649476,0.15348103,0.44556243,0,0.045117141
4kux_FPS_B_405,0,0.1571909,0.045818819,0.13790803,0.53266792,0,0
4kwk_CSS_A_302,0,0,0.044179208,0.12830541,0,0.068683951,0.037678421
4kwl_3SS_A_302,0.98946674,0.99136081,0.041051737,0.16574521,0.90050951,0.6277726,0.62750063
4l1x_STR_A_402,0.98821587,0.9838654,0.032010552,0.14954916,7.4621985e-07,0.001605014,0
4l1x_STR_B_402,0,0,0.04422184,0.12840795,0.006287124,0.06930471,0.038417817
4l4d_CAM_A_503,0,0.97883744,0.038677025,0.13452248,0.047347539,0,0.14893741
4l7p_M95_A_601,0.97495861,0.99605373,0.03221101,0.14918707,0.00045034415,0,0
4l80_OXL_A_402,0.99550802,0.92323582,0.038753838,0.16480971,0.94922082,0.052783011,0.052766983
4l80_OXL_B_402,0.98072824,1,0.032335617,0.1495759,0,0.067410516,0.044003363
4l80_OXL_C_402,0.99606764,0.95138329,0.03442999,0.15415038,0.28365325,0.069382981,0.07067587
4l80_OXL_D_402,0.99482162,1,0.033290481,0.15043302,0,0.28082667,0.27765711
4l80_OXL_E_402,0.99179727,1,0.033340946,0.15038666,0,0.3092919,0.26180432
4l80_OXL_F_402,0.99232612,0.7891418,0.038361156,0.16161888,0.78572142,0.074205979,0.073805683
4lcq_URQ_A_603,0,0.92246362,0.049735807,0.15139776,0.97097524,0.97287356,0.97387911
4lek_1DN_X_202,0,0.99418086,0.044703338,0.14935608,0.95927662,0.25111847,0
4lo1_GAL_A_301,0.97194241,0.96615984,0.043532734,0.16730994,0.97033081,0.971706,0.97187122
4lo1_GAL_B_301,0,0.95478858,0.043180229,0.1455011,0.74117009,0.029019616,0.028775082
4lol_1YE_A_401,0.99795073,0.72344872,0.038906086,0.16302115,0.89386936,0,0
4lol_1YE_A_402,0.99567078,1,0.032001482,0.14959378,3.5719712e-09,0,0
4luu_BTM_A_704,0.00048386375,0,0.044175778,0.12831299,0,0.068543831,0.037543878
4lvb_20N_A_601,0.99175998,0.99096027,0.031950733,0.14964722,3.6617963e-07,0.0026018437,0
4lxi_22J_A_301,0.90201603,0,0.044984466,0.15600704,0.75705965,0,0.75580724
4lz7_1YW_B_804,0.19717189,0.95077782,0.037294892,0.13669667,3.3472084e-09,0.13633388,0
4lz7_1YW_C_804,0,0.32959015,0.041687774,0.1299366,4.1166882e-08,0,0
4lz7_GLU_A_802,0,0.45107209,0.042527275,0.13108363,0,0.26541627,0.24060149
4m2c_DAR_C_402,0.97985841,0,0.038068871,0.14411507,0,0,0.17925047
4m2c_DAR_D_402,0,0,0.044179208,0.12830541,0,0.068683951,0.037678421
4m54_AE5_A_403,5.927046e-05,0,0.044178788,0.12830634,0,0.068666787,0.03766194
4m72_M72_A_402,0,0,0.050462091,0.13530118,0.30300305,0.9478249,0.94711027
4m72_M72_B_402,0,0,0.050017833,0.13430168,0.24263483,0.93504036,0.94051593
4ma8_Z80_C_301,0,0.73788609,0.039597538,0.13231235,8.2069673e-07,0,0.083095338
4mgj_CPZ_A_502,8.6485453e-05,0.98116181,0.038349647,0.13376831,2.4505765e-05,0,0.14501382
4mig_G3F_A_802,0.95445049,0.97992421,0.032465334,0.14889172,0.0076048913,0,0.00043361116
4mig_G3F_B_802,0.98360732,0.97552988,0.035248589,0.15716512,0.47691941,0.03547824,0.00060204633
4mig_G3F_C_802,0.95042455,0.97696222,0.03250961,0.14882259,0.0082861636,0,0.00042972899
4mju_27S_A_501,0.67541437,0.52455037,0.041524481,0.15564912,0.82674956,0.0001687637,0.00017287432
4mog_G3F_A_802,0.94564143,0.92957132,0.032570217,0.14856654,0.0008515307,0.0012490775,0
4mol_2FG_A_802,0,0.11647966,0.049638407,0.14493224,0.94412743,0.22686458,0.17548204
4mol_2FG_B_802,0.0084512268,0.45669249,0.042443555,0.13124905,0,0.26485348,0.24020207
4mol_2FG_D_802,0.0070901202,0.34529591,0.044034502,0.13439113,0.23393983,0.19963436,0.17331627
4mop_2H5_A_802,0.011034262,0.45840956,0.042417986,0.13129964,2.4594775e-06,0.26468161,0.24008018
4mop_2H5_C_703,0.95564687,0.79066244,0.037014443,0.15772072,0.59579586,0.0005141431,0.00051532968
4mpr_TPP_A_602,0,0.43060428,0.043051897,0.13208678,0.066398459,0.26925066,0.24556032
4mr7_2BV_A_501,0,0,0.044336479,0.1286837,0.02319336,0.070973945,0.040406073
4mr8_2BW_A_507,0,0.95022785,0.038577368,0.13354606,0.00041973873,0.17217222,0.00053486694
4mux_2E4_A_402,0,0,0.048159406,0.13933725,0.69855967,0,0
4n36_2F8_B_401,0,0.49351133,0.050313342,0.14511252,0.75492842,0.86585288,0.871185
4n36_2F8_C_401,0,0.75976608,0.04463591,0.13401721,0,0.91923255,0.91756857
4n36_2F8_D_401,0.95954446,0.9240054,0,0.16375578,0.80176874,0.80499103,0.82354371
4n4j_HG1_A_605,0.96596352,0.94848261,0.034545846,0.15449769,0.34090253,7.5086421e-05,8.2795518e-05
4n4j_HG1_A_606,0.5819457,0.83808907,0.036762338,0.14247407,6.1360333e-09,0.22666306,0.21309808
4n4j_HG1_A_607,3.3184418e-08,0.90865764,0.03878849,0.13329625,3.2952515e-05,0.16211392,2.4527108e-10
4n94_2HO_A_401,0.0019292408,0.99624085,0.038353381,0.13391834,0.005013606,0.1823055,0
4n9v_AZA_A_401,0.017437472,0.97544483,0.043114132,0.1363237,9.354593e-09,0.99818906,0.99818656
4n9v_AZA_A_402,0,0.69008367,0.039842676,0.13202661,5.1500805e-07,2.7575916e-06,0.070928878
4ndn_PPK_A_406,0.90226474,0,0.038123604,0.14269642,0.0068493319,0,0
4ndn_PPK_C_404,0,0.94931982,0.038625395,0.13356333,0.00051717749,0.17943234,0.009351784
4nf4_2JK_A_301,0,0,0.055235096,0.14663401,0.99571387,0.99558671,0.99543615
4ni1_2JX_A_203,2.3874317e-06,0,0.044179257,0.12830561,9.7643079e-06,0.068684224,0.037678905
4ni1_2JX_A_204,0,0,0.044381722,0.12879252,0.029865494,0.071632717,0.041190749
4nir_6DH_A_307,0.99514521,0,0.037510883,0.14408386,1.4013414e-09,0,0
4nir_6DH_A_308,0,0,0.04423077,0.12842943,0.0076040251,0.069434734,0.038572691
4nkw_PLO_A_601,0.98700299,0.99535151,0.031958628,0.14959668,2.1286123e-07,0.0044696054,0
4nkw_PLO_B_601,0.99066857,0.9938415,0.031942795,0.14964654,2.0627168e-07,0.0034620652,0
4nkw_PLO_C_601,7.6450406e-07,0.022999421,0.049474934,0.14491575,0.99258858,0.069071795,0
4nkw_PLO_D_601,0.98034375,0.99394282,0.032008993,0.1494819,1.8629093e-07,0.0053434092,0
4np7_DPJ_A_403,0,0,0.054453795,0.14524048,0.91772187,0.94195671,0.94365657
4npm_SIN_A_301,0.99523311,0.40064671,0.041541781,0.16196266,0.96441396,0,0
4npm_SIN_B_301,0.99470736,0.68122719,0.039865846,0.16331781,0.95058507,0,0
4nr9_ALY_A_2005,0.87533355,0.98503991,0.032749099,0.14782012,0.0037448917,2.9051413e-09,0.0094294412
4nv0_MG7_A_403,0.97470418,0.67495499,0.039915513,0.16408077,0.99518081,0,0
4o7g_ASC_A_303,0.10506859,0.51641474,0.041602598,0.13336227,0.014702431,0.25926853,0.23673385
4o7g_ASC_B_303,0.98358203,0.97739772,0.032152613,0.1496427,0.012399145,3.8624993e-07,0
4o7g_ASC_B_304,0.12732296,0,0.042835925,2.6980964e-56,0.0017570331,0.0017746249,0
4o95_245_A_602,0.93665459,0.98405158,0.032336529,0.14873196,8.0319187e-07,4.7233173e-08,0
4ocj_NDG_A_401,0,0,0.055148182,0.14648839,0.98777253,0.98897583,0.98846261
4ofu_DHT_A_1001,0.99281794,0.68899303,0.039699682,0.16436144,0.99005079,0,0
4ovl_1TD_B_308,0.9966803,0.95866923,0.032082254,0.14953818,0,0,0
4ox5_DAL_A_307,0,0,0.047670334,0.13199353,0.15291809,0.598305,0.59426775
4oxy_1TN_A_302,0.98129797,1,0.03214651,0.14930606,5.4457692e-05,0,0
4oxy_1TN_B_302,0.98677158,0.68626217,0.039724744,0.16417668,0.98568679,0,0
4oxy_1TN_D_302,0,0.024249431,0.049444218,0.14485642,0.98864134,0.068933112,0
4p7q_NAG_A_703,0.084504057,0,0.043592018,0.12965739,0.0017362879,0.04438414,0.014385453
4p7q_NAG_A_704,0,0,0.044179319,0.12830568,1.6376658e-05,0.068685568,0.037680347
4p8c_Y22_A_502,0.99552788,1,0.032008167,0.14958566,2.6849032e-09,0,0
4pb4_PLP_A_401,0,0.94958664,0.038575333,0.13353424,0,0.17154147,0
4pb4_PLP_B_401,0,0.81198516,0.039291222,0.13273233,0,0.13983848,0
4pbr_2L7_A_401,0.99532386,0.98982832,0.038213144,0.16531795,0.96567063,0,0
4pik_MAN_A_501,0,0.96623289,0.04607946,0.15029724,0.99454936,0.28940064,0.27597947
4pik_MAN_A_502,0.9902741,0.97879827,0.032170214,0.14979693,0.012903344,0.012925779,0.0021925283
4pik_MAN_B_503,0,0.97859407,0.046391112,0.1506937,0.98873006,0,0.72453528
4pik_MAN_C_503,0.76768728,0.98020728,0.04497662,0.16454084,0.99442552,0.99472734,0.99424236
4pik_MAN_D_503,0,0.97858034,0.038788772,0.13408692,0.010066564,0.072082555,0.20924682
4ptx_BGC_A_501,0.99132429,0.98803223,0.039189502,0.16606692,0.99392041,0.14740896,0.14621366
4ptx_BGC_B_501,0.9378411,0.97701658,0.038952273,0.16480616,0.99143986,0.028726199,0.028180783
4pxd_1AL_A_502,0,0.47596098,0.052597757,0.14931479,0.9971479,0.99723205,0.99719807
4q3a_2YC_A_904,0.86737563,0.63305312,0.040371247,0.16080758,0.91490274,0.029136828,0
4q3a_2YC_B_904,0,0.02701228,0.049376339,0.14472538,0.97992052,0.068626643,0
4q3a_2YC_C_904,0.92837893,0.66447861,0.040013025,0.16246976,0.94567573,0.027601605,0
4q3a_2YC_D_904,0.95388296,0.67436933,0.039943048,0.16331871,0.9687919,0.027319998,0
4q40_VAL_A_403,0,0.32958998,0.041687778,0.12993661,5.8593925e-07,0,0
4q40_VAL_B_403,0,0.3295903,0.041687777,0.12993661,3.6309704e-07,8.2874211e-07,0
4q40_VAL_C_404,0,0.32959475,0.041687787,0.12993665,4.1151926e-07,1.5460987e-05,0
4q40_VAL_D_403,0.99675676,0.99115117,0.034264629,0.15559853,0.36322147,0.00064083493,0.00063821345
4qbz_D80_A_917,6.5425734e-05,0.3414387,0.041869248,0.13024379,0.010785658,0.034920239,0.018891821
4qbz_D80_B_901,0.99623849,0.9781326,0.041553631,0.16697048,0.99207644,0.99209185,0.21661766
4qe1_RUU_A_403,0,0,0.047922039,0.13874191,0.66167179,0.00070058129,0.00069800512
4qpe_37E_A_901,0.99374267,0,0,0.15439713,0.63849856,0,9.8130057e-07
4qxc_OGA_A_600,0.99713744,0.98663997,0.031938684,0.14971497,7.3929275e-05,0.00046178909,0
4qya_LU2_A_201,0.98717476,0,0.037559621,0.14395528,2.03726e-11,0,4.8022599e-08
4qya_LU2_B_201,0,0,0.044179214,0.12830542,9.3388017e-07,0.068684043,0.03767853
4r08_URI_A_901,0,0.45106421,0.042527477,0.13108402,2.557471e-05,0.26541775,0.2406034
4r08_URI_B_901,0.98503086,0.86416037,0.035491501,0.15592678,0.436084,0.0072633654,0
4r2n_PHE_D_402,0.74142151,0.96054985,0.033876176,0.14582918,0.022532918,0.042272862,1.5079407e-08
4r2n_PLP_A_401,0,0.46306941,0.052390638,0.14887574,0.97958681,0.9585985,0.97918659
4r2n_PLP_B_401,0.9848017,1,0.043186137,0.16782935,0.98075028,0.90514426,0.98065689
4r3n_3GQ_B_404,0.86026705,0.95777435,0.033541102,0.14877449,0.087253294,0,0.012789598
4rg3_ECE_A_603,0.39722291,0.98836796,0.046947119,0.15822013,0.97367801,0.97258257,0.97253955
4rii_TYD_A_401,0,0.033562305,0.048789842,0.14366732,0.91691665,0,0
4rii_TYD_B_401,0.94001228,0.65056829,0.040268814,0.1634268,0.99723792,0,0
4rje_PYR_B_402,0.99591366,0.92116628,0.04353191,0.16727672,0.96169063,0.9615893,0.96159897
4rje_PYR_D_402,0,0.8902379,0.046826831,0.14897613,0.89271597,0,0.94165
4rkz_3S4_A_402,0.98471835,0.78826376,0.037400437,0.15958204,0.67862861,0.0013919428,0.017688802
4rm3_FOA_A_1000,0.97910876,0.99066461,0.037325276,0.15253851,0.040549919,0.98023675,0.98233621
4rm3_FOA_B_1000,0.98819616,0.99223581,0.036393513,0.15205493,0.023662431,0.83188786,0.83713343
4rp9_ASC_A_501,0,0.93065976,0.043292311,0.0047800268,0.00059072088,0.96175507,0.96157962
4rql_SNE_A_505,0.99305665,0.89078395,0.032523145,0.14919817,0.0066785632,0,0
4rql_SNE_B_502,0.98532899,0,0.040218644,0.15048612,0.40531124,0,0
4rvg_TYD_A_502,0.9743768,0.69487408,0.039578311,0.16340531,0.94773118,0.02570082,0
4s38_CDI_A_900,0,0,0.044213724,0.12838843,0.0050901669,0.069186528,0.038277049
4tq4_DMA_A_403,0.95627539,0.98616431,0.032393125,0.14884481,0.00037300084,0.0081736772,0
4tq4_DMA_C_403,0.95790485,1,0.035907613,0.15107463,0.0060718716,0.73722447,0.73320581
4tq4_DMA_D_403,0.9842704,1,0.035520772,0.15152336,0.016302459,0.68146827,0.67556563
4tqi_6BD_A_201,0.92487826,0,0.03794057,0.14295032,1.1004356e-06,4.4676309e-06,0
4tqi_6BD_B_201,0.95377808,0,0.037763836,0.14341652,2.1020935e-08,4.0254379e-07,0
4trj_665_A_501,0.87354375,0.97642702,0.032798561,0.14769077,0.0012420697,0.020616716,0
4tsk_TLA_A_404,0,0,0.044189652,0.12833053,0.0015403094,0.068836034,0.037859568
4tyv_BGC_B_701,0.0043567237,0.94268702,0.038657455,0.13370373,0.0079766368,0.17350465,0.004443237
4u2a_A2G_A_303,0.99307719,1,0.043424001,0.16819169,0.98926857,0.98890218,0.98895915
4u7g_K17_A_303,0,0.95633956,0.038477423,0.13361832,8.8602677e-06,8.0255186e-06,0.13871407
4u7g_K17_B_303,0,0.96404198,0.038437865,0.13366426,3.2205703e-06,3.2808022e-06,0.14067011
4u8p_UDP_A_603,0.89250141,0.94015911,0.033005201,0.14755703,5.873032e-06,0,0
4u8p_UDP_C_603,0.97078699,0.99371075,0.032243714,0.1491028,1.9734331e-05,0,0
4u8y_MIY_B_1102,0,0.45107209,0.042527275,0.13108363,0,0.26541627,0.24060149
4ubp_HAE_C_800,0,0.96412458,0.048878343,0.15142849,0.97836021,0.8431804,0.84384405
4uc9_ASP_C_1300,0.70422773,0,0.039289968,0.13939114,2.171486e-05,0,0
4uc9_ASP_D_1300,0,2.9363854e-06,0.044179196,0.12830543,3.2324417e-09,0.068685261,0.037679773
4uch_OLW_A_800,0,0.9817659,0.03834694,0.13377015,1.6165646e-08,0,0.1451788
4uch_OLW_B_800,0,0.9800868,0,0.13376066,1.0721144e-06,0,0.14459487
4ud9_FQI_H_1257,0.99553818,0.99824518,0.03838894,0.16588392,0.99684691,0.004033556,0.0041502751
4udc_DEX_A_1778,0.99319767,0.69256398,0.039762749,0.16448755,0.99512038,0.026558889,0
4ug6_H4B_A_902,0.4849042,0.98518447,0.035223898,0.1415292,1.4144579e-07,3.3565817e-10,0.070189612
4ug6_XFJ_A_904,0.038658154,0.4767813,0.042144316,0.13184029,4.008391e-09,0.26284193,0.23877446
4ug7_1EV_A_904,0.96100584,0.98702545,0.032338722,0.14890941,7.4270546e-07,1.1037441e-09,0
4ugg_S5D_A_904,0.10672969,0.52205157,0.041469977,0.13317265,6.972228e-09,0.25830887,0.23555732
4uoc_NCN_A_400,0.88952884,0.62172839,0.040623185,0.16216546,0.97957049,0,0
4uoc_NCN_B_400,0,0.020369688,0.049106885,0.14428191,0.95792048,0,0
4upd_7P9_A_1550,0,0,0.048562464,0.14033584,0.76024999,0.0087841662,2.2784387e-05
4upd_7P9_B_1550,7.8624181e-05,0,0.04417865,0.12830664,0,0.068661183,0.037656558
4uqs_INE_A_904,0.99602178,0.98460568,0.031954136,0.14968403,7.6627665e-05,3.1063579e-05,0
4ur9_BK9_A_1717,0.99030694,0.99511855,0.032418741,0.15083343,0.072516129,5.7195987e-06,0.0005555994
4ur9_BK9_B_1717,0.0012290962,0.99591362,0.03833697,0.13384982,0.0015978673,0.18211084,1.7833965e-06
4ur9_OAN_A_1718,0,0,0,0.14439948,0.97740844,0.21911917,0.21932456
4uy7_HIS_A_800,0,0,0.044179208,0.12830541,0,0.068683951,0.037678421
4uy7_HIS_B_800,0,0,0.05028023,0.1375137,0.47961638,0.68777183,0.68924053
4uzi_IMD_B_1455,0.86494796,0.64089495,0.034677948,0.1456097,8.9129817e-06,0,0
4uzi_IMD_B_1456,0.8941696,0.99299115,0.038628082,0.16324389,0.93724548,0,0
4v2z_Y70_B_151,0.99349922,0.99131937,0.038427587,0.16582157,0.99808184,0,0
4v2z_Y70_C_151,0.98637397,0.98745801,0.033002147,0.15207938,0.15754756,0,0
4v36_LYN_A_1851,0,1.1230582e-09,0.044179208,0.12830541,2.1146423e-09,0.068683952,0.037678421
4v3w_E2Z_B_800,0.19068595,0.98831743,0.037141504,0.13681164,1.3316878e-13,0.14615007,0
4w1v_3GS_B_502,0,0.29592921,0.042769488,0.13197082,0.13109496,0.038796954,0
4wbd_CIT_A_602,0.89966864,1,0.04206834,0.16200879,0.7018558,0.97916952,0.97958002
4wca_CIT_A_401,0,0.85602974,0.039566344,0.1342594,0.073860612,0.016717042,0.1350212
4wdd_CIT_A_401,0.98767434,0.92971153,0.033333107,0.15175267,0.15536286,0.0021793975,0
4wdx_WDX_A_402,0,0.45089211,0.042531889,0.13109245,0.00058387903,0.26544999,0.24064509
4wdx_WDX_B_402,0,0.015734015,0.049218288,0.14449786,0.97232857,0,0
4wmz_TPF_A_602,0,0.98900676,0.03837032,0.13376415,1.1269131e-05,0.18062457,0
4wqq_MAN_B_204,0.017094036,0.95570808,0.038416435,0.13447161,0.045734904,0.0073662928,0.0073612754
4wqq_MAN_D_204,0.81890647,0.95995344,0.033805175,0.14794766,0.073111727,0.021003208,0.037094813
4ws1_URF_A_301,0.035058805,0,0.043930714,0.12885457,3.8771334e-07,0.058531429,0.027930029
4ws2_6UA_A_303,0.11268026,0.9576682,0.038545035,0.13719519,0.11160692,0.16118908,0
4wua_3UL_A_701,0.98708508,0,0.037560169,0.14395383,0,0,0
4wxb_CIT_A_501,0.79853253,0.75093293,0.040697366,0.15834328,0.76652937,0.26065163,0.26274747
4wxb_CIT_B_501,0.90996692,1,0.03626362,0.15025399,0,0.75484099,0.7553303
4wxb_CIT_C_501,0.31199923,0.65856396,0.039436513,0.1371904,0,0.24463947,0.22585605
4wxb_CIT_D_501,0,0.46798884,0.042893638,0.13141099,0.018699635,0.64130999,0.00048475968
4x2f_3WJ_A_601,0.99857514,0.98539369,0.038390398,0.16577155,0.99200375,0,0
4x36_CHT_A_408,0.99463491,0.97509629,0.032417011,0.1505955,0.060996447,0,0
4x36_CHT_A_409,0.99646917,0.97188093,0.038457891,0.16560685,0.98865111,0,0
4x36_CHT_A_410,0.95947472,0.94872947,0.032457816,0.14909589,0.012970805,0,0
4x36_CHT_A_411,0.87202325,0.92654684,0.033343989,0.14808651,0.04488214,0,0
4xf0_CYS_A_502,0.99501274,0.94212112,0.043511087,0.16752383,0.96923581,0.96974753,0.97012731
4xh4_PPI_A_504,0.99779281,0.98414873,0.037553721,0.16364943,0.86211515,0,0
4xp2_TT4_A_401,0,0.98063021,0.038430005,0.13375399,0.0023823017,0.17893337,7.968525e-05
4xpq_FUL_A_1002,0.99573926,0.97736956,0.031995805,0.14963186,9.6600138e-06,0,4.0538942e-06
4xpq_FUL_A_1003,0.017863074,0,0.044062542,0.12860914,0.0014670546,0.063655894,0.032883954
4xpq_FUL_A_1004,0.0056294515,0,0.044142443,0.12840113,0.00046264559,0.067099417,0.036167507
4xti_IMP_A_601,0.96372754,0,0.043791767,0.1586639,0.93205912,0,0
4xti_IMP_B_601,0.96915676,0,0.043720593,0.15865739,0.926246,0,0
4xv4_25T_A_302,0.99781225,0.99723952,0.034074045,0.1509804,0.010143747,0.41737998,0.42025833
4xv4_25T_A_303,0.77106562,0.99754875,0.043492248,0.16407849,0.99796524,0.7249455,0.72554105
4xz9_G3P_B_302,0.9904519,0.94481558,0.035089798,0.1558167,0.39112219,0.12698805,0.0074782438
4xzh_48I_A_402,0.99561665,1,0.032007306,0.14958741,0,0,0
4xzh_48I_B_402,0.99490213,1,0.032014237,0.14957334,6.5610199e-07,0,0
4y14_C0A_A_407,0.96805373,0.98888046,0.043437999,1.7355343e-72,0.9954446,0.90392545,0.97576256
4y14_C0A_B_404,0.97211292,1,0.042372749,0.9913896,0.95733781,0.77971767,0.83172858
4y6n_3PG_A_402,0.98158737,0,0.043732882,0.15906066,0.93853534,0.0016738038,0.0014364564
4ynu_LGC_A_602,0,0.33291102,0.041762772,0.13007496,0.0059438459,0.013065699,0
4ynu_LGC_A_603,0.003144213,0,0.044156923,0.12835466,2.5022509e-07,0.067773454,0.036804171
4ysx_MLI_E_701,0.98895814,0.74026084,0.040058245,0.16471004,0.98534629,0.11557525,0.10787287
4yu7_DHC_A_203,0.43601167,0.12943757,0.040603609,0.13604354,0.0042653599,0.0005821221,0
4yu7_DHC_A_204,0.57327386,0.88076034,0.005383885,0.14231571,1.507307e-08,0,0.029657189
4yu7_DHC_B_203,0,0.83104606,0.039119818,0.13286921,1.9919171e-07,0,0.10681065
4yu7_DHC_B_204,0.065174607,0.87599011,0.038471954,0.13417801,1.2759985e-06,0,0.10805593
4ywb_OXD_C_704,0.9971287,0.84385435,0.032720762,0.14889119,5.8043281e-05,9.4840629e-06,0
4ywd_NTM_A_704,0.044634742,0.94738022,0.03824288,0.1342903,0.00082228475,0,0.12952084
4z1d_PEP_B_300,0.88488139,0.94770958,0.037725621,0.15066262,0.04670795,0.87409549,0.91020797
4z2w_AKG_A_401,0.99517206,0.87459617,0.03679388,0.15109012,0.00041255541,0.81964589,0.82176603
4z69_DIF_A_1006,0,0.064027004,0.048057719,0.14224811,0.82222964,0,0
4z69_DIF_A_1007,0.9943386,1,0.032019694,0.14956223,0,0,0
4z69_DIF_A_1008,0,0.32495324,0.041799306,0.13015311,0.014437936,0,0
4z69_DIF_I_1006,0.97985257,0.99989874,0.032155854,0.14928243,6.2971082e-05,0,0
4z6p_DHY_C_403,0.98436267,1,0.043376453,0.16812661,0.99711357,0.92022359,0.99694303
4zb2_FRU_A_404,0,0.92363692,0.038645352,0.13342349,4.9786474e-05,3.665518e-08,0.1303859
4zb2_GLC_A_403,0,0.23270829,0.044573757,0.13544914,0.35648588,0.036047604,0.039092265
4zb5_GLC_A_403,0.98060384,1,0.032359636,0.14958894,4.8949895e-05,0.056630224,0.070965102
4zbc_FRU_A_409,0.99597874,1,0.032000278,0.14960335,0.00023153372,5.5458109e-06,0
4zbc_FRU_B_408,0.0056344966,0.45467956,0.042475039,0.13120076,0.00045318814,0.26506722,0.24036904
4zbc_FRU_B_409,0,0.87942438,0.038940361,0.13312535,2.5275219e-08,0.1553763,1.1156819e-08
4zbc_GLC_A_407,0,0.21947095,0.044393417,0.1351639,0.3476107,0.0010345115,0.0051315355
4zbc_GLC_B_406,0,0.44917269,0.04257596,0.13117672,0.0061617544,0.2657721,0.24106167
4zbc_GLC_B_407,0.081255711,0.38517821,0.040897293,0.13154082,9.5312856e-07,1.1450016e-06,0
4zdz_TPF_A_602,3.7063607e-05,0.99033853,0.038363255,0.13377276,2.6890642e-05,0.18092586,0
4zhd_4OZ_A_202,0,0.79465962,0.039381368,0.13263138,1.0505516e-06,0.1358468,0
4zhd_4OZ_C_202,0.015308782,0.70443927,0.039751812,0.13235058,5.2323397e-07,0.11230537,0
4zib_4OG_A_512,0.078209433,0.97114356,0.042914101,0.14790754,0.81063047,0,0
4zjz_BEZ_A_1001,0.99225216,0.98938959,0.038404419,0.16568716,0.99169519,7.8630469e-08,7.4747403e-08
4zjz_BEZ_B_601,0.99635403,0.98838298,0.038400872,0.16578686,0.99411853,8.5791979e-07,8.4606511e-07
4zo7_BGC_A_805,0.76289475,0.95842718,0.034969804,0.1460158,6.2179074e-07,0.21461325,0.20454627
4zo7_GLC_A_806,0.99400109,1,0.043487578,0.16831519,0.99503436,0.99505388,0.99504636
4zqp_IMP_A_601,0.99112463,0.71214466,0.039131945,0.16319554,0.91449427,0,0
4zsy_RW2_B_502,0,0,0.044179208,0.12830541,0,0.068683951,0.037678421
4zsy_RW2_C_502,0,0,0.054896886,0.14644364,0.99101208,0.8659435,0.99436256
4zsy_RW2_D_502,0,0,0.044179208,0.12830541,0,0.068683951,0.037678421
4zu3_4SD_A_301,0.9567195,1,0.042122501,0.16456261,0.81227243,0.91686176,0.91845638
4zu3_4SD_B_301,0.93852138,1,0.042957543,0.16596072,0.91529896,0.92761038,0.92738975
4zu3_4SD_B_302,0.95106907,1,0.041999539,0.16598176,0.94175236,0.70108251,0.71791004
4zu3_4SD_C_301,0.030118337,0.47948945,0.051558356,0.14860122,0.93362789,0.91729175,0.91737285
4zu3_4SD_D_301,0.098106271,0.5408343,0.050621716,0.1493982,0.89565204,0.92454201,0.92144207
4zu3_4SD_E_301,0.98420085,1,0.042509217,0.16643717,0.90159167,0.91237303,0.91181571
4zu3_4SD_F_301,0.98242217,1,0.042301526,0.16598286,0.87708507,0.90208511,0.89943864
4zvv_GN0_A_405,0.40960682,0.7820357,0.043293474,1.1599832e-45,0.97904804,0.12974593,0
4zvv_GN0_B_404,0.81865592,0.57464304,0.041475769,0.16106008,0.99547552,0.034058109,0
4zvv_GN0_C_403,0,0.022602255,0.049484686,0.14493455,0.99384059,0.069115826,0
4zvv_GN0_D_403,0,0.027070089,0.049374919,0.14472264,0.97973805,0.06862023,0
4zvz_4TF_B_503,0.87903441,1,0.037496171,0.15258532,0.17897515,0.74024808,0.72124788
4zvz_4TF_C_503,0.97449052,1,0.032444693,0.14952745,0.0056445703,0.051661545,0.064993554
4zvz_4TF_D_503,0.7568858,0.88181083,0.039757744,0.15461496,0.52164871,0.433653,0.43304494
5a02_GOL_B_1342,0.99563457,0.75620879,0.033228709,0.14837629,0.00034967447,0,0.00024366674
5a02_GOL_C_1341,0.99558525,0.84873149,0.032706617,0.14890374,0.00066432178,0,3.7947752e-05
5a02_GOL_D_1341,0.99496701,0.58751,0.034185223,0.14740515,7.2261559e-06,0,1.1294917e-05
5a02_GOL_F_1342,0.99547269,0.84756922,0.03270956,0.14888477,1.3083337e-05,0,1.0092719e-05
5a2r_MLT_A_1615,0,0.90303237,0.039137768,0.13404646,0.048298263,0.16430695,2.549425e-06
5a66_3PO_A_1000,0.98577299,0.80998541,0.03809164,0.15099187,0.00010782283,0.99062928,0.99064232
5a7p_6Z1_B_1361,0.9926639,1,0.032040826,0.14955401,0.001306454,0,0
5a86_D7E_A_1433,0.98957987,0.68623335,0.039744277,0.16432293,0.99174548,0,0
5a8k_COM_A_556,0,0,0.044179208,0.12830541,0,0.068683951,0.037678421
5a8k_COM_D_555,0,0,0.044179208,0.12830541,0,0.068683951,0.037678421
5a8k_TP7_A_558,0,0.98155333,0.049662604,0.15217352,0.99548915,1,0.98609124
5a8k_TP7_D_554,0,0.97442664,0.04968678,0.15204702,0.98925938,1,0.99555154
5abz_Z47_A_201,0.98239623,0,0.043588352,0.1587439,0.91839536,0,0
5ack_SVQ_A_600,0.98842987,0.78258648,0.03923381,0.16355098,0.93581828,0,0
5adi_TUE_A_800,0.99028658,0.98303656,0.031998259,0.14958182,1.5762146e-06,0,0
5adi_TUE_B_800,0,0.98780125,0.03831601,0.13380627,2.8514416e-06,0,0.14671547
5aew_BNL_C_462,0,0.45090818,0.042531477,0.13109166,0.00053173872,0.26544698,0.2406412
5aew_BNL_I_462,0.99844431,1,0.043175491,0.16821909,0.99104103,0.90505756,0.9823986
5af9_SJR_H_1250,2.8190952e-07,5.5768495e-07,0.049963009,0.14380627,0.97465303,0,0
5afy_WCE_H_1248,0.99677034,0.99125566,0.031919425,0.14974625,0.00072854404,0,0
5ag5_DLR_A_1422,1.8081241e-05,0,0.044179156,0.12830588,1.1351478e-05,0.068679836,0.037674728
5agl_CCW_A_800,0.92788286,0.95427018,0.035703024,0.15628832,0.48746632,2.7391898e-06,2.0071799e-05
5agl_CCW_B_800,0.82902421,0.95835841,0.034016536,0.14891909,0.12736723,0.033585468,9.8445202e-06
5agn_4JK_A_800,0,0.95312571,0.038557085,0.13355502,5.6689466e-06,0.17237947,2.6228226e-05
5agn_4JK_B_800,2.7294901e-06,0.93870554,0.038567742,0.13351282,1.4849271e-06,1.2897988e-08,0.13421682
5ahn_IMP_A_1468,0.94831195,0,0.03801648,0.14387151,0.033553405,0,0
5aov_GLV_A_1336,0,0.92334261,0.038646529,0.13342092,0,0,0.13030621
5aov_GLV_A_1356,0.25342018,0.94675033,0.036903551,0.13760531,6.9610012e-06,1.6504097e-06,0.096621551
5av2_KMP_A_300,0.99688126,0,0.037500272,0.14411188,6.8713438e-07,0,0
5av4_GEN_A_400,1.1952507e-06,0.91708029,0.04485839,0.14921407,0.98818979,0,0
5awd_IDQ_A_901,5.1274426e-06,0.45106042,0.042527611,0.13108447,4.8913406e-05,0.26541875,0.2406049
5b4o_6DQ_A_201,3.9933693e-06,0.93239412,0.042519783,0,0.64306672,0,0
5b4o_6DQ_B_201,0.91413971,0.98808155,0.03839472,0.16319373,0.91596001,0,0
5b4o_6DQ_B_202,0.25459049,0.94140142,0.038771182,0.14210672,0.27767462,0,0.1214894
5b4o_6DQ_C_201,1.2912694e-06,0.93000866,0.042300349,0.14313025,0.6078156,0,0
5b4u_MLA_A_302,0,0.93913408,0.038570819,0.13351784,0,0.0010590099,0.13526529
5bk9_SIN_A_301,0.99492289,0,0.043572862,0.1590974,0.9277497,0,0
5bkd_AKG_A_502,0.9889843,0.80459228,0.036895954,0.15877849,0.62261497,3.8693564e-06,3.7492852e-06
5bkd_AKG_B_502,0.97236046,0.80417723,0.036794361,0.15794,0.58856697,1.4505428e-06,1.4474867e-06
5bkd_RCF_A_503,0,0.45107209,0.042527275,0.13108363,0,0.26541627,0.24060149
5bwd_FUM_A_901,0.025442201,0,0.049445146,0.143319,0.91919363,0,0
5bwr_4VT_A_402,0,0,0.044179208,0.12830541,1.7144744e-08,0.068683953,0.037678423
5bwr_4VT_B_402,2.370869e-05,0,0.044179042,0.12830579,3.847832e-07,0.068677124,0.037671873
5c38_DA8_A_403,0.8342698,0.90055524,0.033574563,0.14640919,1.167558e-05,0,4.1242047e-09
5c4i_TPP_C_402,0.10518923,0.70580168,0.04738577,0.14324262,0.46208042,0.95178776,0.99666659
5c4i_TPP_F_402,0.12796442,0.93954369,0.045625195,0.1452983,0.45696125,1,0.99580665
5c8w_PCG_A_302,0.99197156,0.68602359,0.039765365,0.1644561,0.99748107,0,0
5c8w_PCG_B_303,0,0.0086806721,0.049387793,0.14482645,0.99425099,0,0
5c8w_PCG_C_302,0.98628668,0.68220969,0.039818879,0.16434045,0.99725159,0,0
5c8w_PCG_E_302,0.90661575,0.62789371,0.040589661,0.1627599,0.99672699,0,0
5cak_4Z9_A_802,0.97813324,0,0.047608628,0.16018471,0.88575084,0.8155807,0.81595932
5cfw_53W_A_201,6.2280362e-05,0.97609097,0.038147447,0.13374932,0.012098236,0,0
5cga_KP6_A_301,0.99670158,0.98172379,0.038411807,0.16569373,0.99034609,0,0
5cga_KP6_B_301,0.99601473,0.98382462,0.035915522,0.15952826,0.60939695,0,0
5cga_KP6_C_301,0.99698746,0.98213717,0.038392981,0.16566416,0.98809012,0,0
5cga_KP6_E_301,0.99686063,0.96607774,0.037985983,0.16433554,0.91174818,0,0
5cga_KP6_F_301,0.99586843,0.9762993,0.038419633,0.16558026,0.98606218,0,0
5cga_KP6_H_301,0.99648687,0.98654367,0.038393083,0.16573551,0.99145683,0,0
5ci9_549_A_401,0,0.00047604393,0.044177319,0.1283085,3.1141058e-07,0.068896338,0.037897585
5ci9_549_A_402,0.91531654,0.98041395,0.032491848,0.1483697,2.0183795e-06,0,0.0016407514
5cjn_52F_A_809,0.99020367,0,0.039345406,0.14847489,0.27620025,0,0
5clo_NS8_M_101,0,0.98830412,0.038680886,0.13399205,0.0062618977,0.22735483,0.05487094
5cpn_531_A_401,0.9526016,0.95912631,0.032376882,0.14885328,0.0011261313,0.0023954629,0
5cpn_531_B_401,0.99198861,0,0.037540026,0.14405732,0.0015063447,0,0
5cpp_ADO_A_422,0.99587133,0.96500324,0.033536202,0.15325768,0.22872553,0,0
5cr1_STL_B_201,0,0.99110272,0.038359342,0.13377619,2.3943964e-07,0.18110667,0
5d41_57N_A_1103,0,0.45107209,0.042527275,0.13108363,0,0.26541627,0.24060149
5d8u_0N8_A_203,0.96603555,0.98921727,0.032305052,0.14899344,2.3288307e-08,2.8469653e-08,2.5664386e-08
5d9w_ASC_A_301,0.19998192,0,0.045523943,0.1390064,0.47769333,0,0.011661129
5ddu_PMP_A_601,0.98996833,1,0.03225338,0.14982409,0.016526033,0.014697022,0.024633794
5ddu_PMP_B_601,0.21266363,0.56531347,0.041117442,0.13657864,0.08820023,0.25634788,0.23713781
5ddu_PMP_C_601,0.9915381,1,0.036580474,0.15200623,0.00067841933,0.82188828,0.96735237
5ddu_PMP_D_601,0.99385418,1,0.03703166,0.15327729,0.078194155,0.81871366,0.95747374
5del_D59_A_603,0.54678837,0.97301067,0.041139128,0.15820508,0.97914902,3.7770101e-08,3.7822159e-08
5del_ORO_A_602,0,0.85510364,0.03917161,0.133441,0.026322163,0,0.11543886
5di7_5CQ_A_601,0.99054191,0.81179689,0.036733209,0.15852313,0.60352761,0,0
5di7_5CQ_B_601,0.98966724,0,0.04349163,0.1587317,0.91039536,0,0
5did_5CK_B_601,0,0.26918504,0.043426549,0.13323928,0.21551187,0.041763559,0
5die_5CJ_A_601,0.9934629,0.95644497,0.033288587,0.15199479,0.16329875,0,0
5die_5CJ_B_601,0,0.090002166,0.047433488,0.14103805,0.74149651,0,0
5dky_NOJ_A_1000,0,0.99009643,0.049611241,0.15220644,0.99409784,0.994114,0.99427407
5dne_ASN_A_601,0,0.98411263,0.049678074,0.1522262,0.99699319,0.99691052,0.99692051
5dne_ASN_C_601,0,0.98503793,0.049629262,0.1521621,0.99329093,0.99319027,0.99312344
5dnx_5LD_A_203,0.93684412,0.97989056,0.032372528,0.1487489,0.0023865991,0,0
5dnx_5LD_B_201,0.98986377,0.98562376,0.031987918,0.14959107,3.4394565e-05,0,0
5dnx_5LD_B_205,0,0.91687414,0.040857044,0.13851016,0.3184792,0.18701303,0
5dr9_SKE_A_401,0,0,0.044179208,0.12830541,0,0.068683951,0.037678421
5dt0_SKE_A_401,0.96918022,0,0.037669683,0.14366504,0,0,0
5dw3_TRP_A_402,0,0,0.049605459,0.1376617,0.5162837,0.51506201,0.50745142
5dw3_TRP_B_402,0,0.43101141,0.043041461,0.13206683,0.065077692,0.26917439,0.24546168
5dw3_TRP_C_402,0,0.44167981,0.042768014,0.13154396,0.030468958,0.2671758,0.242877
5dw3_TRP_D_402,0,0.40693757,0.046822352,0.13901157,0.46244041,0.48436117,0.48326717
5dz2_212_A_404,0.98873409,0.9652972,0.032164531,0.14961072,0.0098241803,0,0
5dz2_212_B_404,0.99036767,0.94835662,0.038583355,0.16526369,0.98175431,0,0
5dzh_5KG_A_900,0.98964519,1,0.032065184,0.14946974,0,0,0
5e4o_L57_A_201,0.0010655202,0.96973711,0.043793418,0.1476453,0.87180585,0,0
5e4o_L57_B_201,0.98319123,0.97697248,0.036506107,0.16045555,0.68185981,0,0
5e4r_40E_A_504,0.66599474,0.94907426,0.035180825,0.14603124,0.10567557,0.045907592,0.083429624
5e9m_BAE_A_2001,0.99808118,0.98347443,0.03206038,0.14994665,0.014004822,0.0042430234,0
5edh_5MF_A_803,0,0.4510483,0.042527885,0.1310848,7.7184361e-05,0.26542073,0.24060725
5edh_5MF_B_803,0,0.02214182,0.049495998,0.14495639,0.99529393,0.0691669,0
5edh_5MF_C_803,0.98998004,0.69030993,0.039796299,0.16442817,0.99538012,0.026706033,0
5eo7_SFU_A_401,0,0.3982429,0.051533054,0.14755777,0.94221486,0.84749629,0.7441878
5eo7_SFU_A_402,0,0.47663436,0.052269282,0.14871558,0.96358229,0.97562604,0.97566781
5eo7_SFU_A_403,0.01341422,0.61176624,0.043435246,0.13279042,0,0.58348336,0.58374412
5eo7_SFU_A_405,0.86463364,1,0.043525131,0.16498029,0.9272411,0.93477357,0.93485937
5eo7_SFU_B_401,0.94623429,0.9117619,0.040224821,0.16283242,0.82249309,0.43420721,0.42122763
5eo7_SFU_B_402,0.97909445,0.94413689,0.043889554,0.16773427,0.99336824,0.99612178,0.9960647
5eo7_SFU_B_403,0,0.41358605,0.047912687,0.14097534,0.56777105,0.57034555,0.56993597
5eo7_SFU_B_404,0,0.79412555,0.044930974,0.13445538,0.0061792143,0.99570935,0.99585731
5eo7_SFU_B_405,0,0.46080573,0.052433453,0.14905963,0.99098463,0.96087899,0.96055797
5eo7_SFU_C_403,0.70668546,0.91535221,0.0440487,0.1603402,0.85826809,0.81217591,0.80519618
5eo7_SFU_C_405,0,0.49121687,0.051987412,0.14816072,0.92516502,0.9806174,0.98015925
5eo8_TFU_A_401,0,0.46389288,0.052306494,0.14881864,0.97604573,0.95865219,0.9555576
5eo8_TFU_A_402,0.86508143,0,0.043380031,0.14449044,0.0036373978,0.9792641,0.97902047
5eo8_TFU_A_403,0.9876577,1,0.043345353,0.16792453,0.97962171,0.97937038,0.97957955
5eo8_TFU_A_404,0,0,0.055024495,0.14637436,0.98362263,0.97038637,0.96960337
5eo8_TFU_A_405,0,0.47864234,0.052454809,0.14904508,0.98085887,0.99417401,0.98951449
5eo8_TFU_A_406,0.89876625,1,0.042914466,0.16408827,0.83137131,0.97765486,0.9789705
5eso_ISC_A_602,0.98798575,0.99372656,0.041903349,0.1672943,0.99596121,0.66531517,0.65527448
5eso_ISC_B_602,0,0,0.054884957,0.14611458,0.96883954,0.96151877,0.96180469
5ew8_5SF_B_802,0.9519242,0.6667361,0.040117295,0.16357952,0.98871276,0.028104082,0
5ezp_IPJ_A_201,0.98673532,1,0.03208841,0.14941737,6.617497e-08,0,0
5ezp_IPJ_B_201,0,0.32959016,0.041687773,0.1299366,2.4363858e-09,0,0
5ezp_IPJ_C_201,0,0.32949382,0.041690091,0.1299411,0.00029999675,0,0
5ezp_IPJ_F_201,0.99677704,0.97860834,0.032777271,0.1511287,0.10121426,0,0
5f35_FLC_A_302,0.97670893,1,0.032223413,0.14928978,3.4505883e-06,0.019665981,0
5f79_4V7_A_4000,0.96011011,0,0.037726491,0.14352208,0.00021057915,0,0
5faj_DCS_A_401,0,0.45107198,0.042527278,0.13108363,3.6731228e-07,0.26541629,0.24060152
5faj_DCS_B_401,0,0.023218262,0.049469552,0.14490533,0.99189618,0.069047495,0
5faj_DCS_C_401,0,0.45107209,0.042527275,0.13108363,0,0.26541627,0.24060149
5faj_DCS_D_401,0,0.45107209,0.042527275,0.13108363,0,0.26541627,0.24060149
5fal_SKT_A_502,0,0,0.05010482,0.14415763,0.9963605,0,0
5fay_CHT_A_908,0.98010434,0.96037222,0.038634333,0.1653055,0.99036631,0,0
5fc5_PC_A_516,0.98828868,0.93064361,0.037963213,0.16331331,0.86952398,0,0
5fe1_12Q_B_901,0.99708093,0.99310914,0.038325343,0.16571552,0.98733452,0,0
5fes_9SE_A_409,0.00058938415,0.97577998,0.039220971,0.13581361,0.12730118,1.186284e-07,0.15567283
5fiu_Y3J_A_1299,0,0.4644036,0.052499752,0.14906914,0.98959908,0.96814961,0.98930789
5fiu_Y3J_B_1299,0,0.46276764,0.052495185,0.14906576,0.99027605,0.96527148,0.98611511
5fiu_Y3J_C_1299,0.98945543,1,0.043380626,0.16802533,0.98340815,0.9834096,0.98388759
5fkl_TDC_A_222,0,0.45107209,0.042527275,0.13108363,0,0.26541627,0.24060149
5fli_QUE_A_301,0,0.98549107,0.038388536,0.13374348,4.0423739e-08,0.17981375,0
5fli_QUE_C_301,0,0.030036261,0.049302045,0.14458196,0.97037544,0.068291207,0
5fli_QUE_F_301,0,0.030440679,0.049292109,0.14456278,0.96909891,0.068246346,0
5fli_QUE_G_301,0.82699134,0.6033975,0.040825867,0.16012705,0.92247166,0.031135048,0
5fli_QUE_J_301,0,0.45107209,0.042527275,0.13108363,0,0.26541627,0.24060149
5fli_QUE_K_301,0.99383522,0.71078863,0.039319324,0.16365612,0.93895326,0.0245577,0
5fp9_4SV_A_1342,0.99651004,0.95046191,0.032166101,0.14958577,0.0061118203,0,0
5fqf_NGA_A_1588,0.96236063,0,0.048954446,0.16188428,0.98934478,0.92689137,0.92670362
5fuv_THM_A_1388,0,0,0.050102776,0.14415257,0.99604766,0,0
5fuv_THM_B_1385,0.97727579,0,0.04411585,0.15989076,0.99435105,0,0
5fwd_GJV_A_1446,0.97693357,0.98077474,0.043224381,0.16739994,0.9703424,0.89373946,0.96969867
5fwe_OGA_A_1358,0.99620838,0.90992515,0.037154503,0.16114582,0.73491417,0.00033863201,0.00033973026
5fwe_OGA_B_1359,0,0,0.04359732,0.12803043,0,0.00051661914,0
5g03_OE2_A_1263,0,0.95915618,0.040330215,0.13504333,0.040872468,0.35866923,0.37743604
5g09_6DF_B_1474,0.98969785,1,0.043286143,0.16812489,0.99251462,0.91449816,0.99165245
5g09_6DF_C_1475,0,0.51913586,0.051131573,0.14643072,0.81448353,0.96047232,0.98763188
5g09_6DF_D_1476,0.9898245,1,0.04197281,0.16494694,0.79698222,0.89752684,0.98832998
5g21_YN4_A_1002,0.95834817,0.70099302,0.039319239,0.16228673,0.89426831,0.024509538,0
5g44_I6G_A_1510,0.99529456,0.0014132077,0.043971086,0.16011913,0.98994113,0.00043261275,0.00043100361
5g44_SWX_A_1511,1.3399904e-05,0.95621643,0.038540774,0.13357313,2.076966e-06,0.17306776,1.261645e-06
5g44_YTZ_A_1512,0.00010079617,0.98901905,0.043848348,0.14813087,0.89602537,0,0
5g4r_LF1_B_1739,0,0.15396826,0.046257237,0.13870394,0.57918902,0.054544013,0
5g4r_LF1_C_1739,0.98728553,0.68314309,0.039803149,0.1643485,0.99647359,0,0
5g4r_LF1_D_1739,0.36085273,0.25456843,0.045899703,0.15199102,0.99701573,0,0
5g6g_H8B_A_1367,0.99125968,0.98773209,0.03196794,0.1496254,2.3138427e-07,0,0
5g6k_M94_A_904,0,0.98335847,0.038399696,0.13373121,9.852619e-06,0.17932311,0
5gnx_BGC_A_502,0,0.012735073,0.044707083,0.12977931,0.085306647,0.082787619,0.053572989
5gnx_BGC_B_503,0,0,0.044179208,0.12830541,0,0.068683951,0.037678421
5goo_FRU_A_501,0.97635857,0.97909459,0.032107711,0.14933603,4.2896074e-06,3.8913104e-06,0
5goo_FRU_C_501,0.99390848,0,0.041743297,0.14619442,4.083696e-07,0.58751045,0.96130441
5gto_MYR_A_502,0,0.91446168,0.038758079,0.13332954,0,0.16344953,8.8720452e-07
5gwt_SIN_B_302,0.99454225,0.21047902,0.036501126,0.14570208,0.026944133,0,0
5gwt_SIN_C_301,0,0.22806921,0.04781096,0.14296425,0.84291507,0,0
5gwt_SIN_D_301,0.99502357,0.48420553,0.03509533,0.14762812,0.049835931,0,0
5gzz_GSH_D_301,0.98052436,1,0.032148834,0.14929475,1.8636896e-07,7.4471198e-10,0
5gzz_GSH_E_301,0.89858757,0.94432461,0.032945947,0.1476771,0,1.7491373e-09,0
5h24_LQG_B_501,0.93618506,0.99551025,0.032286241,0.14878438,3.6062827e-06,0.013651358,0
5h5k_C5P_A_206,0,0.97518633,0.042085017,0.14259696,0.54945172,0.21713452,0
5h5k_C5P_B_203,0.98619093,0.98134925,0.035386099,0.15769748,0.50518412,0.037886501,0
5h8f_GLU_A_302,0,0.45107209,0.042527275,0.13108363,0,0.26541627,0.24060149
5h8q_5YE_B_302,0.98891678,0.99544219,0.038534682,0.16574983,0.99379881,0.075942748,0
5h8q_GLU_A_302,0,0.45107209,0.042527275,0.13108363,0,0.26541627,0.24060149
5h8q_GLY_B_301,0,0,0.043595994,0.12802994,0,0,0
5h9i_XAN_A_301,0,0,0.05501048,0.1462695,0.97615154,0.97845374,0.97503983
5ha7_WY1_A_402,0.59192995,0.84457308,0.036667427,0.14267714,0.00050580634,0.22602739,0.21266399
5ha7_WY1_B_402,0,0.33739349,0.041750778,0.13000419,0.00021459129,0.034197516,0
5hc0_NPO_A_402,0.9968218,0.96444565,0.032151909,0.14981975,0.015055082,0,0
5hc0_NPO_A_407,0.0024416399,0.94634404,0.038222309,0.13342357,0,0,0
5hfa_FP1_A_607,0.00070349745,0.99142359,0.038301198,0.13385935,0.0012453548,0,0.14764573
5hfa_FP1_A_608,0.0055357731,0.99015668,0.038417104,0.13427185,0.022337836,0,0.14857374
5hfa_FP1_B_609,0.0041199842,0.98771627,0.038301254,0.13389886,0.0016849908,0,0.14620931
5hpu_IPH_A_101,0.99360749,0.98832659,0.038384925,0.16566033,0.98905824,0,0
5hpu_IPH_C_101,0.99534277,0.97854959,0.031988878,0.14963567,3.1054782e-07,0,0
5hss_64Z_A_402,0.97133303,0.98992821,0.034490714,0.15283447,0.18064841,0.24473154,0.24374141
5hss_64Z_D_403,0,0.97149108,0.041274111,0.1375637,0.19179703,0.37402607,0.37296076
5hss_64Z_E_402,0.90557479,0.86807189,0.039595921,0.15529876,0.35492486,0.79985757,0.80329013
5hss_650_B_402,0.99662284,0.94607063,0.03214738,0.14946221,1.3837209e-05,1.2270582e-05,0
5hss_650_C_401,0.99721166,0.92084113,0.034174463,0.15387149,0.28323102,3.2362723e-05,0
5htd_MYR_A_201,0.98150334,0.97166517,0.032127195,0.14939557,0.0010852526,5.4724994e-11,0.010783164
5hxi_5HN_A_403,0.99486855,0.98846321,0.036274972,0.16047424,0.6673586,2.5978356e-05,2.2305846e-07
5hyv_TPP_A_701,0.85123816,1,0.036519601,0.14940129,0.009534525,0.66824938,0.75792227
5i0d_GLC_A_1124,0.90418987,0.9889307,0.032519476,0.14824314,7.9565379e-06,6.0959707e-07,0.0055506117
5i0d_GLC_B_1122,0.98080117,0.99150468,0.032018848,0.1494753,1.8145499e-05,0.0047019625,1.5495395e-06
5i0m_UMP_A_201,0.98195797,0,0.042274069,0.15547363,0.71679683,0,0
5i3p_68T_A_1003,0.63926864,0.50450207,0.041982041,0.15511601,0.83469176,0.036102379,0
5i5s_NVU_A_402,0.96649614,0.99177429,0.037164863,0.16185657,0.77987337,4.0015315e-05,3.8294434e-05
5i5s_NVU_B_402,0.99564549,0.99177946,0.031922662,0.14972597,0.00035780691,0.00023832251,0
5i5t_67X_A_402,0.96197103,0.990089,0.038296649,0.15492529,0.21340523,0.93320957,0.92630777
5i5t_67X_B_402,0.99593959,0.98907564,0.036834142,0.15208142,9.2281678e-05,0.9550951,0.95594087
5i7r_68W_A_402,0.8057277,0.98304264,0.039596248,0.16268018,0.99404188,0,0
5i8z_JA1_A_302,0.98746334,0.68742313,0.039701485,0.16415829,0.9835488,0,0
5i93_69O_A_202,0.67255295,0.98940062,0.040505098,0.15507142,0.56977725,0.6215499,0.50436265
5i95_AKG_A_508,0.8047017,0.92387108,0.033491408,0.14626703,6.5355906e-06,0.00023407192,0.0047596715
5i9m_69K_A_302,0,0.20204573,0.04508605,0.13644174,0.42843656,0.049894365,0.00071310436
5i9m_69K_B_302,0.99556728,0.9888055,0.03451423,0.15599351,0.38810506,0.030115496,0.00077597292
5i9m_69K_C_302,0,0.011176366,0.049336838,0.14472658,0.98740314,0.00062968485,0.00061655009
5iav_MLI_A_302,0.98892606,0.64405971,0.038569935,0.15919325,0.71451342,0.00011500955,5.400759e-05
5iav_MLI_B_302,0,0.62897078,0.04015604,0.13166129,0,0,0.055369111
5ice_2H4_A_402,0,0.077889653,0.047724574,0.14160231,0.77914328,0,0
5icf_SAU_A_402,0,0.9098824,0.040928228,0.13855458,0.32372939,0.18578145,0
5igs_GMP_A_403,0.97818636,0,0.044088681,0.15985192,0.99104438,0,0
5ihe_D5M_A_701,0,0,0.04417936,0.12830578,2.2519875e-05,0.068686175,0.037681069
5ijz_AKG_A_502,0,0.45107209,0.042527275,0.13108363,0,0.26541627,0.24060149
5ijz_AKG_B_502,0,0.45077587,0.042534868,0.13109815,0.00096094983,0.26547176,0.24067326
5ijz_AKG_C_502,0,0.45107209,0.042527275,0.13108363,0,0.26541627,0.24060149
5ijz_AKG_D_502,0.99187262,0.83156013,0.036349438,0.15784572,0.55462288,0.01182205,0.00075522284
5ijz_AKG_E_502,0.97827861,1,0.033780424,0.15036712,0,0.32019672,0.37438243
5ijz_AKG_H_502,0,0.18372214,0.045526233,0.13729273,0.48527209,0.051243555,0
5in3_G1P_A_416,0.98500283,0.98369825,0.038400153,0.16532788,0.97856571,0.00096699054,0.00095174312
5in3_G1P_B_418,0,0.98134431,0.043506183,0.14700351,0.82688479,0.0038948247,0.021391389
5ioq_DUR_B_302,0.00010326938,0.32953844,0.041689712,0.12994436,0.00038103628,0,0
5ioq_DUR_C_302,0.76390532,0.95909913,0.034959796,0.14603559,9.8145322e-07,0.21454598,0.20449853
5ioq_DUR_D_302,0,0.3294446,0.041691274,0.1299434,0.00045323262,0,0
5ip6_6C9_A_301,0.88842373,0,0.044066818,0.15698965,0.90367597,0,0
5irw_D9P_A_202,0.92349947,0.96752547,0.042055901,0.16257363,0.73171199,0.93181556,0.93168131
5ita_6DC_A_801,0.97928989,0.67818568,0.03986864,0.16416689,0.99488663,0,0
5ita_6DC_B_801,0.51378784,0.36104403,0.044366976,0.15492199,0.99114931,0,0
5iuy_BOG_B_503,0.86112427,0,0.044300101,0.15671366,0.91383303,0,3.6326165e-12
5iuy_BOG_C_503,0.084318658,0.97060563,0.037925843,0.13501784,0.00072106536,0.16126286,1.6136138e-07
5ivg_FPS_A_704,0,0.44687001,0.042634981,0.13128958,0.013631731,0.26620348,0.24161955
5j5i_6GM_A_302,0.86870557,0.99500192,0.039317791,0.16383308,0.99439326,0.097516847,0
5j5i_6GM_A_303,0,0.98802078,0.044971888,0.14989886,0.994948,0.25227627,0
5j5i_6GM_B_302,0.95485162,0.99110342,0.038794292,0.1652207,0.99634598,0.081257315,0
5j5i_6GM_C_302,0.94990699,0.99640057,0.038788719,0.16514804,0.99484226,0.08325894,0
5j5i_6GM_E_302,0,0.98878924,0.044717132,0.14928978,0.95712634,0.24972091,0
5j5i_6GM_F_302,0,0.99197501,0.03835481,0.13378129,1.1065327e-06,0.18130771,0
5j5i_6GM_F_303,0.95778132,0.98841696,0.038761107,0.16518286,0.99208838,0.079803561,0
5j5i_6GM_G_302,0.89147907,0.98368478,0.039232708,0.16413945,0.99487807,0.090846232,0
5j5i_6GM_I_302,0.96099703,0.9960377,0.038736442,0.16536624,0.99748265,0.081370384,0
5j5i_6GM_I_303,0,0.98261416,0.038403503,0.13372672,7.1498723e-10,0.17915092,0
5j61_A3G_B_501,0.95025229,1,0.039865198,0.15887087,0.46672228,0.85039998,0.95303339
5j61_A3G_C_501,0,0.13508978,0.049764331,0.14510445,0.94384045,0.26466098,0.21707787
5j61_A3G_D_501,0.97440373,1,0.042688001,0.16623108,0.8917282,0.90493744,0.98591974
5j61_A3G_G_501,0,0.67554035,0.047017509,0.13852149,0.2935875,0.92456749,0.96826855
5j61_A3G_H_501,0,0.46506265,0.052316327,0.14873536,0.97075508,0.95664527,0.97737906
5jdv_EVF_B_302,0.9943729,0.98593701,0.03844959,0.16579615,0.99750222,0.00012677624,0.00012658825
5je1_TOF_A_302,0.0032439393,0,0.050091452,0.14422599,0.9973506,0,0
5je1_TOF_B_302,0.0033249225,0,0.050088623,0.14422152,0.9969934,0,0
5je5_AZ9_A_302,0.00041595415,0,0.044176259,0.12831192,0,0.068563497,0.037562761
5jeh_EVF_B_302,0.99037332,0.9302559,0.038442253,0.16455124,0.94396135,0.00064479874,0.00064346712
5jep_EVF_B_302,0.99295943,0.99046955,0.043590698,0.16831327,0.99872965,0.9987308,0.99859952
5jep_EVF_B_303,0.45918749,0.96962177,0.041313949,0.15053336,0.51415964,0.51514023,0.51538962
5jfx_6K4_A_4000,0.94136716,0.97331656,0.032533119,0.14851833,0,0,0
5jg5_EVF_B_301,0.992079,0.98036964,0.03849063,0.16571624,0.99679406,0.00014915668,0.0001483911
5jg5_EVF_B_302,0,0.98420915,0.040967991,0.14021852,0.39567733,0.00011921058,0.18354659
5jj2_MLI_A_301,0.9768498,0.95185752,0.039318963,0.1646542,0.92516581,0.20238548,0.20184878
5jj2_MLI_A_302,0.88094184,0.86098166,0.033334361,0.14711399,7.2630691e-05,2.0313968e-05,0
5jj2_MLI_A_303,0.99342226,0.93313281,0.03997034,0.16027881,0.55265081,0.79774644,0.80087995
5joy_6LW_A_602,0,0.95993939,0.038459129,0.13364025,3.3946291e-05,7.6885043e-06,0.13963256
5jp9_DCM_A_401,0,0.028381555,0.049342698,0.14466044,0.97559846,0.068474755,0
5jp9_DCM_B_401,0.9815708,0.68884258,0.0397753,0.16406317,0.98209601,0.026599902,0
5jtt_6MY_A_902,0,0,0.97382811,0.14568225,0.99699959,0.56981294,0.63970914
5jtu_6NE_A_902,0,0,0.054942658,0.14653606,0.99640524,0.8680852,0.99643267
5kas_PC_A_517,0,0.93784104,0.038285388,0.13333607,0,0,0
5kcj_6RM_B_302,0,0.10258623,0.04713107,0.14045181,0.70238409,0,0
5kcj_GLU_A_302,0,0.45107209,0.042527275,0.13108363,0,0.26541627,0.24060149
5kcp_PFB_A_378,0,0.11305664,0.049801419,0.14527937,0.96436567,0.1994283,0.20405932
5kcp_PFB_A_379,0.98490993,0.044106051,0.037418208,0.14435159,0.010325126,0,0.01043589
5kcp_PFB_B_378,0,0.020496422,0.049103842,0.14427601,0.95752684,1.687954e-07,1.9108277e-07
5kcp_PFB_B_379,0.91561617,0.045693112,0.04311708,0.14750761,0.14157073,0.86444697,0.86263017
5kf2_COA_A_401,0.91137968,0.97498614,0.037589553,0.15649215,0.46316492,0.36469823,0.36853679
5kjw_53C_A_800,0.94584594,0.98725683,0.037222352,0.16126447,0.7654594,0,0
5kjw_53C_B_800,0.99900078,0.99665836,0.031888793,0.14983179,0.0021873312,0.002769649,0
5kjz_PCG_A_401,0.9532402,0.98140415,0.032418039,0.14875231,0,0,0
5kmj_6UF_A_901,0.00087032259,0.99438944,0.00090728579,0.13606982,0.00062762797,0.95625447,0.95626855
5kts_CIZ_A_402,0,0.023160639,0.044087222,0.12845552,0,0.079015567,0.04833951
5kxb_NGA_A_307,0.98461004,1,0.039193011,0.15746616,0.33543723,0.98670514,0.98667984
5kxb_NGA_C_305,0,0.69273566,0.047159981,0.13880107,0.30038483,0.9815442,0.98135855
5kxb_NGA_D_301,0,0.66149875,0.047205444,0.13897411,0.32640348,0.93258687,0.93289856
5l1v_7PF_A_401,0,0,0.055219489,0.14660835,0.99431958,0.99422414,0.9942777
5l7u_NGA_B_601,0.96959322,0.67712239,0.039829949,0.16371757,0.9776628,5.6162434e-05,5.6208175e-05
5l9v_OGA_A_502,0.99676817,0,0.043382038,0.15867851,0.89997525,0.00036504976,0.00037146538
5l9v_OGA_B_502,0.99753535,0.84530028,0.032714088,0.14891284,0.00045241003,0.00056429695,0
5la1_XYP_A_601,0.99594295,0,0.044076037,0.16013136,0.98693706,0.023796233,0.023808841
5la2_ARB_B_606,0,0,0.044899588,0.13125961,0.19952281,7.4678572e-05,0
5lik_W8X_X_402,0.98541046,1,0.032106376,0.14938657,1.8965233e-05,0,0
5lqs_NTM_A_302,0.04883897,0.94638099,0.038246677,0.13441397,0.0046690651,0,0.12897469
5lu8_5KN_A_306,0,1.5998133e-06,0.043596215,0.12803052,3.5290489e-05,0,0
5lwy_OLB_A_402,0.7943107,0,0.038772038,0.14092593,0.0050600677,0,0
5lwy_OLB_A_403,0,0.45107209,0.042527275,0.13108363,0,0.26541627,0.24060149
5lwy_OLB_A_404,0,0,0.044179208,0.12830541,2.1533707e-15,0.068683951,0.037678421
5lwy_OLB_A_406,0,0,0.044179208,0.12830541,7.6217506e-08,0.068683959,0.03767843
5lwy_OLB_A_407,0,0.45107199,0.042527278,0.13108363,3.3360992e-07,0.26541629,0.24060151
5lwy_OLB_A_409,0,0.45107209,0.042527275,0.13108363,0,0.26541627,0.24060149
5m0e_7CR_A_922,0.89477815,0.64988907,0.040143516,0.16142523,0.92014125,0.028145526,0
5m0t_AKG_A_302,0.99488046,0.97201306,0.032026775,0.14959264,0.00020997059,4.5728452e-06,0
5m0t_AKG_B_302,0.99435051,0.92740159,0,0.14932199,0.00020001647,4.5188032e-06,0
5m5a_KSA_A_404,0.9903893,1,0.043251563,0.1680202,0.9847279,0.91757465,0.99607813
5m62_BGC_A_409,0,0,0.044216614,0.12839538,0.005516375,0.06922861,0.038327173
5m66_ADN_A_502,0.98782215,1,0.043172338,0.16796812,0.98751088,0.89824869,0.97255891
5m66_ADN_B_502,0.99174247,1,0.043206762,0.16816947,0.99594017,0.8988294,0.97330705
5m66_ADN_C_502,0.9892735,1,0.042739519,0.16726798,0.94776885,0.86713539,0.93957345
5m66_ADN_D_502,0.98273753,0.81170236,0,0.15174818,0.061282038,0.7834344,0.96440149
5m8d_UGI_B_501,0.98035145,0.68377385,0.039891558,0.16424056,0.99549744,0.027123162,0
5mdh_MAK_A_335,0,0.84825966,0.046005357,0.1454691,0.70234831,0.50881286,0.50891523
5mdh_MAK_B_335,0.48841866,0.50144035,0.038725766,0.13920593,2.3498881e-07,0.15092953,0.1326873
5mot_HBD_A_401,0.001269066,0.92876472,0.044437606,0.14844116,0.93509195,0,0
5mot_HBD_A_402,0.94229475,0.90821287,0.032691628,0.14837078,6.188253e-05,0,0
5mzp_CFF_A_2401,0.045077042,0.98745026,0.038356019,0.13513448,0.040571855,0.17508441,0
5n5k_8NW_A_307,0,0.8035874,0.042457767,0.1410312,0.52232736,0,0
5n5k_HAE_A_306,0.26727682,0.96926924,0.041905334,0.15128581,0.83156046,2.486857e-07,2.4947079e-07
5n63_8OW_A_401,0.98231541,0.68864946,0.039785096,0.16411081,0.98429197,0.026645134,0
5n8c_8Q8_A_403,0,0.21369854,0.044789762,0.13587097,0.39065277,0.047918414,0
5n8c_8Q8_B_403,0.78343251,0.71637853,0.037754601,0.15251729,0.47305032,0.017209744,0
5nh9_XLS_A_503,0.78732848,0.84287112,0.03556396,0.14833029,0.17136124,0.064183011,0.06352995
5nh9_XLS_B_503,0,0.34754028,0.044191896,0.13438973,0.23787657,0.21697433,0.19190741
5nh9_XLS_D_504,0.97576516,1,0.034970366,0.15421235,0.27597213,0.18915509,0.20587611
5nj0_8YW_A_301,0.98833615,0.69394874,0.039695747,0.16417063,0.98039207,0.026249831,0
5nnw_GCS_D_302,0,0,0.044179259,0.12830553,7.5903389e-06,0.068684701,0.037679313
5nov_93B_A_201,0.99570964,0.99266668,0.033611215,0.15398315,0.26403636,0,0
5nuk_Z80_A_201,0.97926673,0.96381253,0.032150305,0.14928078,0,0,0
5o3b_9HZ_C_501,0,0.45107209,0.042527275,0.13108363,0,0.26541627,0.24060149
5o3b_9HZ_D_501,7.0236726e-05,0.4511188,0.04252658,0.131085,0,0.26541159,0.24059817
5o3d_9J5_A_501,0.9679773,0.68588166,0.039607793,0.16322466,0.94692149,0,0
5o3f_9HT_A_501,0,0.085986345,0.047927442,0.14192828,0.79377123,0.062084927,0
5o3g_9J8_A_501,0,0.060954438,0.048542436,0.14311553,0.87278345,0.064861599,0
5o4j_9KH_B_302,0,0.96169539,0.038515535,0.13361263,0.00048254295,0.17436615,0
5o4j_9KH_C_302,0,0.96566868,0.038493262,0.13363187,0.00024096733,0.17526414,0
5o4j_PJL_A_304,0.24224215,0.93433296,0.037090062,0.13732354,7.6158928e-05,0.1245063,7.8432664e-05
5o4k_9KE_A_405,0.94895827,0.97831586,0.032463672,0.14867596,0.00053507212,0,0
5o72_9MH_A_303,0.96568365,0.97380036,0.032208528,0.14912989,2.3224154e-10,0.0033407869,0
5ocm_9RH_B_302,0.0016603815,0.91880368,0.043227744,0.14525946,0.74162006,0,0
5ocm_9RH_C_302,0.0016974413,0.91761066,0.038551301,0.13364975,0.024758382,0,0
5ocm_9RH_D_302,0.001855516,0.9926915,0.042777302,0.14560421,0.7368972,0,0
5ocm_9RH_E_302,0.9950276,0.94805926,0.036834049,0.16106915,0.71807757,0,0
5ocm_9RH_F_302,0.76143858,0.99175557,0.038141423,0.15786141,0.73743566,0,0
5oew_9TE_C_301,0.75081606,0.95039456,0.035089455,0.14577938,3.1051339e-09,0.21541757,0.20511707
5oew_GLU_A_301,0,0,0.044179208,0.12830541,0,0.068683951,0.037678421
5oew_GLU_B_902,0,0,0.044179208,0.12830541,0,0.068683951,0.037678421
5oew_GLU_C_302,0,0,0.044179208,0.12830541,0,0.068683951,0.037678421
5oip_9WE_A_302,0.93587628,0.98589462,0.038806855,0.16485187,0.99749967,0,0
5oo4_URI_A_201,0.97431333,0.68048161,0.03993148,0.16408466,0.99302518,0.027295278,0
5ooa_URI_A_201,0.98805986,0.68718989,0,0.16421755,0.98657926,0,0
5r0i_SYV_A_2501,0.99776035,0.99338809,0.031897312,0.14976297,1.4983411e-06,0,0
5r0j_RBJ_B_401,0,0.94617903,0.044426928,0.14871786,0.94736451,0,0
5r28_RDJ_A_401,0.9852464,0.97562402,0.032070127,0.14945852,5.437714e-05,0.00024665989,0
5r9o_54F_A_401,0.99296671,0.98521549,0.037216479,0.16268383,0.80689795,0,0
5r9u_JMM_A_401,0.98952802,4.6928444e-07,0.043740547,0.15934413,0.94836922,0,0
5sga_TYR_P_1,0,0.45107209,0.042527275,0.13108363,0,0.26541627,0.24060149
5syi_NIZ_A_805,0.0015552842,0.98768055,0.038421461,0.13391416,0.0082002149,0.18063074,0
5syi_NIZ_B_805,0.95171259,0.86008703,0.03295835,0.14837876,0.0079905635,0,0
5t6b_TMP_A_504,0,0.0298497,0.049306628,0.14459081,0.97096432,0.068311901,0
5t6b_TMP_C_503,0.98733835,0.72968413,0.038811017,0.16242415,0.86546893,0.022253966,0
5t6b_TMP_D_503,0,0.4510716,0.042527288,0.13108365,1.5910565e-06,0.26541636,0.24060161
5tch_MLI_A_301,0.99560524,0.88407766,0.039888045,0.16453851,0.88528734,0,0.65645534
5tch_MLI_B_501,0.99862595,1,0.034779217,0.15186981,0.049081611,0.50526223,0.51514403
5tch_MLI_C_301,0.99645158,1,0.040186432,0.16073745,0.532318,0.94376677,0.94418383
5tch_MLI_E_301,0.99810456,1,0.037556554,0.15547726,0.22376891,0.82642758,0.82725085
5tch_MLI_F_501,0.99787196,1,0.036196332,0.15465922,0.21282054,0.59708013,0.55652378
5tch_MLI_G_301,0.99705808,1,0.036257592,0.15435476,0.18721962,0.61518691,0.62485001
5tde_2HP_A_502,0.99540916,0.97430035,0.034645021,0.15412297,0.24861088,0.19945812,0.19945812
5tde_2HP_B_901,0.9961562,0.94388161,0.043584958,0.16758787,0.96861979,0.98872415,0.98793898
5tde_FLC_A_501,0.98575395,0.78675859,0.037832781,0.16040623,0.72458447,0.036585412,0.036615954
5tdt_MBN_A_502,0,0.18263659,0.04381778,0.13117627,0.11663416,0.12000425,0.059260068
5tdt_MBN_A_504,0.99857112,0.098557181,0.036931916,0.1446969,5.042636e-06,0,0
5tdt_MBN_D_501,0.088836549,0.99120345,0.04879674,0.15355901,0.99751706,0.94349846,0.93351141
5thu_GGG_B_405,0,0.97810953,0.038426943,0.13370047,5.5683206e-07,0.17811315,5.424622e-08
5tix_OQR_A_302,0,0.43227518,0.043009069,0.13200489,0.060977967,0.26893764,0.2451555
5tix_OQR_B_302,0,0.43074546,0.043048278,0.13207986,0.065940444,0.26922421,0.24552611
5tlg_7EG_A_601,0.98490613,0.69007805,0.039767574,0.16417695,0.98530216,0.026569509,0
5tlg_7EG_B_601,0.9922672,0.69278589,0.039750984,0.16442894,0.99243756,0.02650452,0
5tm5_7EV_A_601,0,0.029109224,0.049324821,0.14462593,0.9733016,0.068394038,0
5tm5_7EV_B_601,0,0.45107209,0.042527275,0.13108363,0,0.26541627,0.24060149
5tvr_AKG_A_402,0.99076666,1,0.036384916,0.15186307,0.00053428109,0.8724767,0.87495559
5tvr_AKG_B_402,0.99751272,1,0.03615093,0.15187887,0.00055039333,0.83489415,0.83775767
5tzr_MLI_A_2403,0.97586197,0.93019761,0.03236232,0.1490375,0.00010712918,4.892547e-06,0
5u5g_7VD_A_302,0.88365286,0.91119604,0.040788162,0.15753211,0.4864854,0.88752517,0.88740571
5u5g_7VD_B_302,0.86719422,0.93180979,0.041960867,0.16068588,0.69592775,0.8537781,0.85159144
5u5g_7VD_C_302,0,0.88341962,0.048308023,0.14736521,0.74006961,0.95593109,0.9364544
5u5x_TP5_A_302,0.99792246,0.98966674,0.037143316,0.16274522,0.8041954,0,0
5u5z_7VP_A_302,0.00020115681,0,0.044177782,0.12830856,1.7737456e-09,0.068625699,0.037622487
5u8z_83D_B_602,3.3227494e-07,0.45107184,0.042527284,0.13108366,1.5370638e-06,0.26541634,0.24060159
5u8z_83D_C_602,2.5714219e-07,0.45107215,0.042527276,0.13108364,3.5625618e-07,0.26541627,0.2406015
5u8z_83D_D_602,0,0.45107208,0.042527276,0.13108363,4.3888664e-08,0.26541627,0.24060149
5uap_82S_A_505,0.042905437,0.95570769,0.038554229,0.1349613,0.043442223,0.16836917,0
5uap_82S_B_505,0.99603508,0.93715165,0.032393473,0.14987999,0.029566402,0,0
5ud0_13P_B_405,0.99341643,0.7669521,0.042870154,0.16478048,0.8977546,0.74190483,0.74208696
5ud0_G3H_B_406,0,0,0.044179217,0.12830543,1.3249226e-06,0.068684082,0.037678576
5ud3_P6F_A_404,0,0.44849729,0.042593271,0.13120982,0.0083527538,0.26589863,0.2412253
5ud3_P6F_B_404,0,0.263894,0.050404539,0.14587786,0.91866482,0.51044414,0.48846927
5uda_CAE_A_502,0.47926931,0.9961013,0.036260764,0.14408663,0.15880663,0,0.088957193
5uda_CAE_B_502,0.50867144,0.9871517,0.035406138,0.14276213,0.051776905,0,0.071897641
5uim_TYD_B_403,0,0.22741371,0.044452802,0.13522047,0.3473614,0.046397056,0
5uio_8DM_A_202,0.98649564,0.70417877,0.039292323,0.16332779,0.92941387,0,0
5uio_8DM_D_202,0,0.010679975,0.049339746,0.14473331,0.98803698,0,0
5uio_8DM_E_202,0.98849882,0.69025981,0.039640261,0.16407957,0.97693308,0,0
5uio_LG3_A_201,0.9922251,0,0.044010294,0.16009688,0.99218586,0,0
5uio_LG3_B_201,0.99814409,0.32725675,0.042123366,0.16204983,0.99255094,0,0
5uio_LG3_C_201,0.9928667,0.99352153,0.038392044,0.16575707,0.99395769,0,0
5uio_LG3_E_201,0.99610047,0.99514181,0.038347716,0.1657803,0.99160355,0,0
5uj3_CE4_A_302,0,0.97415116,0.038448403,0.13367952,0.0001311768,0.17721054,0
5unr_8EV_A_803,0,0.32958837,0.041687816,0.12993669,5.5719371e-06,0,0
5unr_8EV_B_803,0.65032883,0.88356565,0.036084936,0.14381258,2.9837856e-06,0.22210943,0.20986644
5unt_8J1_A_803,0.99376867,1,0.032025252,0.14955106,4.4516273e-06,0,8.8451123e-11
5unx_8F1_A_803,0.97968162,0.99979931,0.032157096,0.14927824,8.3994277e-06,9.5061606e-12,0
5unx_8F1_B_803,0.98437922,1,0.03211137,0.14937093,5.054284e-06,9.6259705e-08,0
5uo3_8EY_A_803,0.99177634,1,0.032039414,0.14951698,5.8257169e-06,5.7524708e-07,0
5uo5_M4R_A_803,0.98346452,1,0.037037937,0.15203393,9.7530062e-05,0.99151323,0.99294021
5uo5_M4R_B_803,0.9880854,1,0.04283278,0.16651012,0.88944907,0.99477095,0.99485386
5urz_BOG_B_201,0.69756857,0.76136852,0.036066762,0.14594596,0.14810985,0.0094736073,0
5v31_ARG_A_401,0,0,0.044179209,0.12830541,2.2027105e-07,0.068683973,0.037678446
5v7y_AKG_B_302,0,0.71778385,0.044354014,0.13362337,0.00034394334,0.83289745,0.825736
5ve5_GSH_B_402,0,0.48849352,0.041427725,0.13215989,0.082177041,0.00090366598,0.028227072
5ved_STU_A_601,0,0.068608177,0.0484644,0.14295151,0.85965169,0.071531924,0.0078466256
5vjg_0BP_A_403,0.99877021,0.77175123,0.039593992,0.16448295,0.98581697,0.0068971911,0.00684306
5vka_AKG_A_402,0.99425499,0,0.043858069,0.15978054,0.97059111,0.00048981706,0
5vl0_BNF_A_404,0,0.98251589,0.042820259,0.14545225,0.73291573,0,0
5vl0_BNF_D_404,0,0.98820202,0.043712102,0.14777403,0.87436639,0,0
5vrj_R07_A_204,0,0.81204554,0.043980514,0.14497082,0.76275858,0,0
5vut_9OG_A_803,0.93034317,0.96604899,0.032637015,0.14830404,7.835862e-13,0,0
5vut_9OG_B_803,0,0.32959016,0.041687773,0.1299366,2.4527493e-13,0,0
5vuu_9OJ_A_805,0.0001329821,0.97742841,0.038429623,0.13369862,0,0.1779322,6.8467562e-10
5vuu_9OJ_B_803,0.69973667,0.97720375,0.033909531,0.14489358,0,0.051983369,4.1056667e-09
5vv0_9OM_A_803,4.6152954e-10,0.98688188,0.03838347,1.3022585e-42,3.6093483e-13,0.17994391,0
5vv0_9OM_B_803,0.7012228,0.98348631,0.033867241,0.14495398,3.5623766e-10,0.053163415,0
5vv5_9OJ_B_803,0,0.32959016,0.041687773,0.1299366,3.090196e-10,2.9443168e-10,0
5vyr_B62_A_301,0.98878633,0.98331507,0.038481199,0.16564938,0.99493885,0,0
5vyr_B62_B_301,0.97738831,0.96035943,0.038682706,0.16530318,0.99237914,0.0035918544,0.0035990669
5vyr_GMP_B_302,0,0,0.044179221,0.12830544,1.9450684e-06,0.068684143,0.037678649
5vyr_GMP_B_303,0.99858409,0.99382816,0.031894341,0.14978559,0.00035778169,0.00044031685,0
5vys_1YJ_A_301,0.99314773,0.98434714,0.043552567,0.16816155,0.99217786,0.99329901,0.99284637
5vys_1YJ_B_301,0.98921784,0.9774128,0.043284428,0.16734649,0.94978735,0.98250049,0.98250282
5vys_GMP_B_303,0.97877942,0,0.037631523,0.14387081,0.0031482846,0,0
5w3k_9TY_A_401,0.99604281,0.9492589,0.038524906,0.16531417,0.97890133,0,0
5w5t_9X7_D_508,0,0,0.044193238,0.12833916,0.0020690356,0.068888237,0.037921749
5w7b_MYR_B_208,0.98258875,0.7064787,0.033587167,0.14787843,4.7302411e-11,8.6867313e-12,0
5w8q_BU4_A_400,0.99492649,0.97220017,0.04085591,0.16374729,0.75869276,0.7540742,0.75537341
5w8q_BU4_B_400,0.025831113,0.995276,0.046664172,0.14825192,0.75891852,0.7589495,0.75503505
5wct_GY4_A_303,0,0,0.04418014,0,6.8158649e-10,0.068297991,0.037208362
5wcz_NOJ_A_601,0,0,0.044179208,0.12830541,0,0.068683951,0.037678421
5wgk_AGJ_A_816,0.9639104,0.96967884,0.036434855,0.15953222,0.64658277,0,0
5wgr_PM7_A_711,0,0.32959016,0.041687773,0.1299366,0,0,0
5wgr_PM7_A_712,0,0.98458436,0.038020852,0.13360091,2.3301768e-05,0,0
5wgv_PM7_A_712,0,0.32959016,0.041687773,0.1299366,0,0,0
5wgv_PM7_A_713,0,0,0.044179404,0.12830588,2.8890057e-05,0.068686804,0.037681818
5wgw_MB5_A_715,0.54284463,0.81208523,0.037149687,0.14170875,2.5172938e-07,0.22926691,0.21494606
5x0j_SEP_A_302,0,0,0.044179208,0.12830541,0,0.068683951,0.037678421
5x23_LSN_A_502,0,0.012607811,0.049293417,0.1446435,0.98204509,0,0
5x23_LSN_A_503,0,0.32945295,0.041691074,0.12994301,0.00042723731,0,0
5x23_LSN_A_504,0.05913547,0.49039953,0.041941461,0.13224109,9.8855416e-12,0.26147829,0.23780668
5x2m_GLN_A_951,0.93053849,0,0.042392518,0.15415854,0.68679809,0,0
5x2m_GLN_B_951,0.99257231,0.76106608,0.033222778,0.14836261,0.00088236842,0,0
5x2m_GLN_D_951,0,0,0.044179208,0.12830541,0,0.068683951,0.037678421
5x5d_UMP_A_401,0.96627977,0.67659264,0.039972525,0.16385393,0.98818523,0.02746978,0
5x5d_UMP_C_401,0.73875451,0.5247546,0.04215939,0.15929692,0.98271806,0.037037049,0
5x5d_UMP_E_401,0.96373128,0,0,0.15961104,0.99051924,0,0
5x86_TMP_A_205,0,0.45107209,0.042527275,0.13108363,0,0.26541627,0.24060149
5x86_TMP_B_207,0.99407495,0.69117336,0.039655719,0.16432473,0.98594595,0,0
5xdt_MB3_A_404,0.38395684,0.99568175,0.035854313,0.139948,2.3614621e-05,0.11306846,0
5xdt_ZI7_A_403,0.76888049,0.9912725,0.039749045,0.16164298,0.959208,0.11207966,0
5xh2_NPO_A_305,0.99645798,0.96943591,0.032718158,0.15128419,0.10364469,0,0
5xin_XLS_A_397,0.99144466,1,0.032846537,0.15020149,0.0038330375,0.18908056,0.17956137
5xin_XLS_B_397,0.98670937,1,0.032602135,0.15022254,0.022604521,0.094555879,0.11210808
5xin_XLS_C_397,0.95556714,0.99587935,0.033596101,0.15094359,0.11197871,0.097018085,0.10989176
5xin_XLS_D_397,0.95246752,0.99772447,0.034009036,0.15156291,0.14759603,0.12947636,0.14407991
5xj7_87O_A_309,0.94204549,0,0.04820585,0.15935574,0.85377942,0.95095894,0.90779839
5xmq_PLG_B_501,2.7062575e-05,0.46324938,0.052398891,0.1488912,0.98032854,0.95943324,0.98007759
5xmq_PLG_C_501,0.99155092,0.71802405,0.038993518,0.16294366,0.89712726,3.8951967e-07,4.0833952e-07
5xoi_SIN_A_401,0.99751015,0.92729051,0.038138754,0.16397073,0.90212068,0,0
5xrv_F6R_A_702,0,0.21435385,0.044775353,0.13584295,0.38875384,0.04796132,0.00012062773
5xsm_8EO_A_705,0.96814297,0.99153036,0.0322742,0.14904717,7.8406877e-05,0,0
5xvt_8FL_A_709,0.43280237,0.73890284,0.038239799,0.13955488,1.273413e-09,0.23659489,0.22014676
5xvv_AKG_A_508,0,0.40936624,0.042291822,0.1306103,0.00089210218,0.35735266,0.00044500508
5xvv_AKG_B_506,0,0.3098854,0.042332354,0.13117216,0.078857365,0.01308056,0.0017805281
5xvv_AKG_C_504,0.98379346,0.92576255,0.034918313,0.15465717,0.33409901,0.06523687,0.067669
5xz7_F6P_A_407,0,0.97935305,0.043037349,0.13610558,0.0091575623,0.95544649,0.95519279
5y1g_AKB_A_401,0.9331461,0,0.044092555,0.1571891,0.85245806,0.12281315,0.12295326
5y7a_KYN_A_502,0.9182321,0.87444703,0.039614414,0.16073222,0.74610367,0.33691442,0.33603053
5y7r_58K_B_403,0,0.99361126,0.038286198,0.13384095,0,0,0.14819423
5y8k_SER_A_301,0,0.0080345712,0.044147411,0.12835776,1.675565e-05,0.072269708,0.04137879
5y8k_SER_B_301,0,0.0027195521,0.044168449,0.12832314,6.20462e-06,0.069897716,0.038930989
5y8p_3OH_B_301,0.41505808,0.8388111,0.036424074,0.1395451,0.00034065989,7.2497337e-09,0.043887187
5yaq_ISE_B_402,0.97140153,0.91483765,0.034919328,0.15420328,0.32380565,0.053521408,0.054592476
5yaq_ISE_C_402,0.8109495,1,0.042884452,0.16199433,0.81138986,0.87531947,0.87499586
5yaq_ISE_D_402,0,0.059806801,0.049459475,0.14480923,0.96639665,0.08980866,0.08979739
5yb7_ORN_A_602,0.98493186,0.99407561,0.032341403,0.14982866,0.029678287,0,0.0019406813
5yb7_ORN_A_603,0.98024333,1,0.032159885,0.1492961,0.0002232725,0,0.0024499293
5yb7_ORN_B_602,0,0.29747959,0.042743901,0.1319199,0.12745456,0.039479614,0.00089183754
5yb7_ORN_B_603,0,0.45107209,0.042527276,0.13108363,1.8982984e-08,0.26541627,0.24060149
5yb7_ORN_C_602,0.985926,0.98226547,0.032633469,0.15043491,0.068753855,0,0.0020743766
5yb7_ORN_C_603,0,0.45107209,0.042527275,0.13108363,8.4247704e-09,0.26541627,0.24060149
5yb7_ORN_D_602,0.99589612,0,0.037664731,0.14448548,0.024002727,0,0.00063249683
5yb7_ORN_D_603,0.9779181,0.9031129,0.034511098,0.15375664,0.30046943,0.0044138128,0.0017726506
5ybl_AKG_C_302,0.9948874,1,0.035132227,0.15135748,0.00060066452,0.59756646,0.67335344
5ybp_8SX_B_303,0,0.45107209,0.042527275,0.13108363,0,0.26541627,0.24060149
5ybp_AKG_A_302,0.99764391,0.39162652,0.041753823,0.16238556,0.99128515,4.6524479e-06,5.9948306e-05
5ybp_AKG_B_302,0,0.78793953,0.047247894,0.14935851,0.99382219,0.31675314,0.31201769
5ybq_8T0_B_303,0,0.21647226,0.044721616,0.13573941,0.38189765,0.047610739,0
5ybq_AKG_A_302,0.99649565,0.4460164,0.037523661,0.14757365,0.00024023266,0.99144357,0.00027452361
5ybq_AKG_B_302,0,0.9799796,0.03805453,0.13358306,0.0004105101,0.0018791606,9.7007669e-05
5yfj_RUB_B_401,0,0.42149121,0.050893458,0.14638804,0.86307711,0.77148208,0.80597813
5yfj_RUB_C_401,0,0.46124535,0.050700658,0.14590773,0.81605438,0.84162842,0.84191633
5ykt_PMP_A_501,0.99034576,1,0.037868516,0.15453601,0.1512955,0.97019731,0.96964837
5ykt_PMP_B_501,0.99295307,1,0.037658805,0.15410694,0.12230085,0.96884314,0.96930818
5ylf_BGC_A_401,0,0.95010361,0.038774114,0.1338929,0.0197927,0.18537895,0.014519174
5ysh_5AD_D_605,0.21274926,0.98677077,0.037023151,0.13719533,0.0024414504,0.14199971,0
5ysh_5AD_G_605,0.99857816,0.98270107,0.031966846,0.14975031,0.0025956571,0,0
5ysh_5AD_J_605,0.21831849,0.98087692,0.037497611,0.13842407,0.074807582,0.14486764,0
5z54_0HZ_A_303,0.19287987,0.9839039,0.043320708,0.15275358,0.99127067,0,0
5z54_0HZ_B_303,0,0,0.05009559,0.14413477,0.99494768,0,0
5z54_0HZ_C_303,0.9675157,0.97021343,0.034602744,0.15511589,0.36996428,0,0
5z9b_AX7_A_304,0.99593375,0,0.037885867,0.14503767,0.058139927,0,0
5z9b_HX3_A_303,0.97892104,0.99146747,0.032033172,0.14946392,0.00080650781,0,0
5z9b_HX3_B_303,0.97160376,0.98667353,0.032102287,0.14931279,0.00045624252,0,0
5z9p_AX7_A_301,0.99849684,0,0.039096813,0.14811836,0.24590882,0,0
5z9p_AX7_B_301,0.99588736,0,0.043817356,0.15973338,0.96607933,0,0
5zg2_9C0_A_902,0.99541605,0.99583963,0.031902428,0.1497359,0.00010728631,0.0030758319,0
5zg2_ZK1_A_901,0.91170789,0.95311349,0.032820591,0.14793385,0,0,0
5zg2_ZK1_B_901,0,0.0270606,0.049375152,0.14472309,0.979768,0.068621283,0
5zge_ZZ7_A_301,0.37748873,0.93609056,0.042361942,0.15505856,0.96338292,1.9272137e-07,0.031455512
5zge_ZZ7_B_302,0,0.90970714,0.044704697,0.14868648,0.95815713,0.00028793968,3.3937472e-07
5zgr_ZZ7_A_303,0.53211402,0.94264671,0.043751081,0.15849966,0.96568782,0.91597011,0.033785488
5zgr_ZZ7_B_303,0.99201471,0.93892784,0.032388522,0.14943106,0,0.020085582,0.034876088
5zi4_OAA_A_401,0.99549711,0.96906793,0.032062309,0.14964436,0.0038665598,1.4321799e-05,0
5zi4_OAA_B_401,0.46207415,0.94449702,0.03557878,0.14092168,1.6949924e-06,3.5823939e-06,0.063406872
5zpt_HY1_A_702,0.0056048982,0.15526175,0.045902784,0.1382871,0.5505773,0,0
5zpt_HY1_B_703,0.98684521,0.69906148,0.039417647,0.16358422,0.94606189,0,0
6a1f_9OF_A_807,0.97926501,0.99073044,0.038521286,0.16559685,0.99859068,0,0
6a1l_BEZ_A_403,0.99315221,0.9676315,0.038273344,0.16496213,0.9536112,1.8423438e-06,1.832623e-06
6a1l_BEZ_A_404,0.98537155,0.99620122,0.037691724,0.15991243,0.58055684,0.38411707,0.37966528
6a2m_9QR_A_701,0,0.45107208,0.042527276,0.13108363,3.3245888e-08,0.26541627,0.24060149
6a2m_9QR_B_701,0.9312779,0.96644404,0.032630909,0.14831951,1.4774125e-08,0,3.8643968e-10
6a2m_UMP_A_703,0.9910418,0.68737651,0.039726614,0.1643451,0.99129983,0,0
6a2m_UMP_B_703,0.97735796,0.68044758,0.039801321,0.16396183,0.98375005,0,0
6a2n_UMP_A_703,0.98025962,0.68236144,0.039774795,0.16402239,0.98396917,0,0
6a2n_UMP_B_703,0.97628209,0.68019553,0.03980016,0.16391806,0.98224664,0,0
6a3j_SOE_A_402,0.0089691686,0.4693024,0.052321014,0.14908464,0.98129301,0.95974303,0.98080315
6a3j_SOE_B_401,0,0,0.054754997,1.3061439e-51,0.98044686,0.85200177,0.97903093
6a3j_SOE_C_402,0.99701948,1,0.043195844,0.16810144,0.98330113,0.91568146,0.99529092
6a3j_SOE_D_401,0,0.46350618,0.052413514,0.14891582,0.98157698,0.96084728,0.98158381
6a6s_FSA_A_502,0,0.96672292,0.038487913,0.13363501,4.2923524e-06,0.17578823,0.00035245064
6a7e_9QR_A_201,0,0.98056636,0.042327491,0.14328993,0.59023253,0.22133542,1.7912526e-05
6abm_9VR_A_505,0,0.19479618,0.045254162,0.1367675,0.45031734,0.050015166,1.3863942e-09
6acn_TRC_A_899,0.93096665,0.9664661,0.032631332,0.14831712,4.7748096e-05,1.9388197e-05,0
6ald_2FP_A_700,0,0.45107143,0.042527293,0.13108366,2.1624969e-06,0.26541639,0.24060165
6ald_2FP_B_700,0,0.45107106,0.042527302,0.13108368,3.3368578e-06,0.26541646,0.24060174
6auq_BYJ_A_803,0.81040098,0.98275258,0.033166124,0.14669853,9.6432322e-05,0.033354499,3.6826273e-07
6av2_BY7_A_803,0.43517616,0.7404815,0.038216283,0.13960135,9.2788243e-09,0.23643681,0.22003457
6ayv_F6P_A_401,0,0.8748753,0.049660887,0.15106659,0.98057571,0.92827897,0.86093906
6ayv_F6P_B_401,0.97666965,0.89550451,0.042238443,0.16430005,0.82597896,0.83145779,0.83195777
6ayv_MLI_A_409,0,0.96546027,0.042655734,0.13568489,0,0.8776113,0.87773787
6b5k_TYD_A_304,0.94791251,0,0.037799749,0.14332199,2.6706697e-06,0,0
6b5k_TYD_B_304,0.97336789,0,0.037644092,0.14373264,2.5534735e-06,0,0
6b6r_BEN_A_302,0.99817632,0.99287871,0.043499585,0.16833833,0.9948327,0.99468222,0.99484727
6b9p_D0J_A_1001,0.83438537,0.90063694,0.03357334,0.14641129,2.260473e-08,0,0
6ba2_7KM_A_809,0.99141067,1,0.036719405,0.15206328,4.6528061e-10,0.84680895,0.996747
6bds_DJ4_A_302,0.86628976,0.92217593,0.033260805,0.1470388,0,0,0
6bmm_OLB_A_404,0,0.45107209,0.042527275,0.13108363,2.8375525e-13,0.26541627,0.24060149
6btq_E8S_A_305,0,0.45085153,0.042532929,0.13109444,0.00071552896,0.26545759,0.24065493
6bvl_EBY_B_2001,0,0.45107209,0.042527275,0.13108363,0,0.26541627,0.24060149
6bxk_MTA_A_401,0.95733431,0.9580954,0.032369132,0.14896569,0.0037558768,0.0015026977,7.6114155e-06
6c1i_EEY_B_501,0.99469493,0.82094813,0.032864948,0.14872138,3.5019191e-10,0,0
6c1x_DNX_A_203,0,0.9296904,0.044709039,0.14909224,0.97625687,0,0
6c6w_TFX_A_502,0,0.92190229,0.038653915,0.13341231,5.8058256e-09,0,0.12993955
6cdy_EY1_A_501,0,0,0.049853216,0.14353421,0.95784545,0,0
6cdy_EY1_B_501,0,0,0.044279173,0.12972273,0.10458001,0,0
6cgc_F0A_A_402,0.72459197,0,0.039473669,0.14048339,0.047204281,0,0
6cgn_DA_A_801,0,0.9779484,0.039621635,0.13661937,0.17996551,0.19119721,0.00014145737
6cqu_HI6_B_601,0,0.29468212,0.042800127,0.13202997,0.13503135,0.038935288,0
6cut_FEJ_C_401,0.95382874,1,0.043451273,0.16746112,0.98810039,0.91409127,0.98439731
6cut_FEJ_D_401,0,0.45745598,0.052412968,0.1489329,0.98571921,0.95132054,0.97094206
6cwr_6LA_A_201,0.97222635,0,0.049189853,0.16219899,0.9902869,0.98296262,0.98292288
6dl7_ONC_C_301,0.98777042,1,0.032083356,0.14943279,0,0,0
6dl7_ONC_E_301,0.86878442,0.60908355,0.040969698,0.16201725,0.99356315,0.031840708,0
6dl7_ONC_G_301,2.3043627e-07,0.45107225,0.042527273,0.13108363,0,0.26541625,0.24060148
6dmi_5T5_A_504,0.98771329,0.82145023,0.036559017,0.15809112,0.57661169,0.012086774,0
6dqt_LEU_B_1,0.99303874,1,0.032032292,0.14953661,0,0,0
6dyt_F0G_A_503,0.99150775,0.73381748,0.038737787,0.16244365,0.86130837,0.021931088,2.3928733e-06
6dyt_PP3_B_1501,0.97243767,0.99448092,0.032231968,0.14913063,0,0,0
6e40_BBJ_A_502,0.96757395,0.86917614,0.032757703,0.14855675,1.5178846e-06,0,0
6e40_BBJ_B_502,0,0.91643021,0.03874784,0.13334102,9.0146057e-07,0.16390239,0
6e43_BEZ_B_502,0.99747155,0.98789407,0.038691601,0.16584643,0.98653016,0.066192897,0.067339126
6e43_BEZ_C_502,0.99858528,0.9766264,0.038936961,0.16592224,0.9888876,0.10030501,0.10030386
6ezf_C6Z_A_1003,0.99549646,0,0.04382484,0.1597397,0.96685908,0,0
6f2b_AKG_B_402,0,0.4317294,0.051653567,0.14772838,0.93239866,0.85530146,0.86175175
6f2b_AKG_C_402,0.71480457,0.92644549,0.035446196,0.14507452,1.6155747e-09,0.21781566,0.20681902
6f2v_AMP_A_1001,0,0.43916549,0.04283246,0.13166719,0.03862551,0.26764682,0.24348615
6f2v_AMP_B_1001,0,0.052201005,0.048757493,0.1435307,0.90041331,0.065832576,0
6f3s_CKW_A_902,0.99020573,0.83458443,0.03625324,0.15759698,0.54046421,0.010709558,0
6f3s_PLP_A_901,0,0.95540007,0.038800235,0.13398696,0.022631377,0.19290199,0.021723768
6f48_XQB_A_302,0,0,0.044179208,0.12830541,0,0.068683951,0.037678421
6f66_CUT_B_300,0.99767746,0.98783084,0.038247763,0.16543803,0.97144165,0,0
6f6a_CU5_A_301,0.01624386,0.46187333,0.042366399,0.13140165,5.0960845e-06,0.26433484,0.23983417
6f6a_CU5_B_301,0.90033323,1,0.044072078,0.1668231,0.99606021,0.99606177,0.99598924
6f76_CVK_A_203,0,0.96674668,0.040001433,0.13734213,0.22856339,0.19200758,0
6f76_CVK_B_203,0.48931418,0.99226554,0.035191047,0.14161381,2.4457992e-09,0.093320108,0
6f76_CVK_C_203,0.98460263,0.80154271,0.033036545,0.14844877,0,0,0
6f76_CVK_F_203,0,0.97452173,0.039902743,0.13724494,0.21977916,0.19316431,0
6f77_PLP_C_600,0,0.45106173,0.042527541,0.13108414,3.3601838e-05,0.26541821,0.240604
6f77_PLP_D_600,0,0.025745118,0.049407471,0.14478548,0.98392027,0.068767203,0
6f77_PLP_E_600,0.96609486,0.69467983,0.039526898,0.16298651,0.9306998,0.025457541,0
6f7r_CIT_A_1002,0.89067245,0.15752996,0.039309882,0.14837408,0.31409942,0.00012050557,0
6fa1_D2Z_A_203,0.0022376178,0.7693485,0.039498584,0.13251966,1.0133335e-11,0.12961245,0
6fa1_D2Z_B_203,0.13906551,0.98597812,0.037487278,0.13597189,2.1235065e-07,0.15490047,0
6fa1_D2Z_F_203,0.07383777,0,0.043655847,0.129462,5.9615987e-11,0.047301522,0.017147121
6fgv_D9T_A_1901,0.93222785,0.8918838,0.032990172,0.14847409,0.022185131,0,0
6fld_DQ5_A_604,0,0.45107209,0.042527275,0.13108363,0,0.26541627,0.24060149
6fld_NAG_A_601,0,0,0.044179215,0.12830543,1.0459528e-06,0.068684055,0.037678544
6fld_NAG_A_602,0.60495081,0.71453914,0.035850707,0.14183189,2.2550837e-08,4.1500057e-07,0
6fld_NAG_A_603,0,0.32959088,0.041687775,0.12993661,3.643899e-10,2.3469227e-06,0
6flu_DTK_A_401,0.15435641,0.55372511,0.040998175,0.13410486,3.7168075e-07,0.25513731,0.23330646
6flu_DTK_A_402,0,0.45107197,0.042527279,0.13108364,4.0045066e-07,0.26541629,0.24060152
6flu_DTK_A_404,0.78265699,0.81307603,0.035566465,0.14823972,0.1855054,0.019639327,0.013754316
6flu_DTK_A_405,0,0.97813573,0.049527661,0.15210268,0.99696657,0.96141655,0.96103359
6flu_DTK_A_406,0.98205729,0.99025352,0.038629516,0.16564637,0.99458142,0.028850092,0.028848672
6flu_DTK_B_401,0,0.45107198,0.042527278,0.13108363,3.7667334e-07,0.26541629,0.24060152
6flu_DTK_B_402,0.080564702,0.48568993,0.042215173,0.13358982,0.061509909,0.26360335,0.24138765
6flu_DTK_B_403,0.93482349,0.97592084,0.043717513,0.16683996,0.97549626,0.96769158,0.96787132
6flu_DTK_B_404,0.99150481,0.97802153,0.043625783,0.16812767,0.99333461,0.99696166,0.99685739
6flu_DTK_B_405,0,0.50030875,0.045260992,0.1358674,0.23906928,0.52966055,0.53588805
6flu_DTK_B_406,0.11624599,0.52838018,0.041375709,0.13335892,3.4084104e-07,0.25767518,0.2351076
6fs7_E4Z_A_903,0,0.031624158,0.049263033,0.14450665,0.96536331,0.068115069,0
6fs7_E4Z_C_903,0.62171293,0.45585254,0.043058182,0.15651614,0.95085,0.040937477,0
6fs7_E4Z_D_903,0.59360106,0.84432772,0.036653675,0,0,0.22512472,0.21168019
6fs7_E4Z_E_903,0,0.45104764,0.042527902,0.13108483,7.9319298e-05,0.26542085,0.24060741
6fs7_E4Z_F_903,0.00056997011,0.029106656,0.04932875,0.1446555,0.97452401,0.068412549,0
6fw0_E92_A_602,0.54614392,0.38306088,0.044054955,0.15556584,0.99149301,0,0
6fw0_E92_B_602,0.98620506,0.68912496,0.039799802,0.16428928,0.9910779,0.026716766,0
6g5q_EMZ_A_401,0.97669323,0.96878941,0.032163455,0.14927689,1.4772679e-09,0.00020631193,1.4880124e-06
6g5q_EMZ_B_402,0.96654761,0.97977599,0.03861743,0.16522155,0.99190876,9.5633177e-10,8.56782e-10
6gck_EUB_A_302,0.82353599,0.99210447,0.033034618,0.14696822,0.00040353673,0.033167314,0
6gck_EUB_B_302,0.98790333,0.9764824,0.032051118,0.14950146,2.1236478e-05,0,0
6gck_EUB_C_302,0.99039091,0.98488417,0.031995831,0.14960125,0.00070002957,0.001498846,0
6gl4_GLU_A_301,0,0,0.044179208,0.12830541,0,0.068683951,0.037678421
6gl4_GLU_B_301,0,0,0.044179208,0.12830541,0,0.068683951,0.037678421
6gqk_F88_B_1001,0.99052505,0.71424222,0.039212018,0.16332124,0.9209999,0.024068763,0
6h8p_OGA_A_504,0,0.91901503,0.040529208,0.13426179,0,0.47864285,0.46071084
6hgl_TES_A_401,0.97795019,0,0.044120529,0.15992345,0.99569856,0,0
6hl7_CP_A_401,0.99479686,0.9671758,0.032129789,0.14959699,3.3135942e-06,0.015898196,0
6hl7_CP_C_401,0.92243022,0.97536443,0.032823793,0.14832603,0.0021838172,0.036896977,0.015273633
6hl9_SIN_A_402,0,0.88736706,0.038917346,0.13321643,0.0027613893,0.15740575,0
6hl9_SIN_B_402,0.98131883,0.84672457,0.032805248,0.1486625,0.00068395039,0,0
6hmw_FUL_A_203,0.99471794,0.97812596,0.037451395,0.15292174,0.050537344,0.99784598,0.99782233
6hmw_FUL_B_204,0.99029071,0.97755438,0.043436467,0.16807998,0.99879277,0.95132747,0.95134835
6hmw_FUL_D_204,0.98560724,0.963058,0.03725495,0.15189106,0.0017671826,0.99399064,0.99435363
6hmw_FUL_E_204,0.96679926,0.97489835,2.4570879e-37,0.1525349,0.055983019,0.99495498,0.99505195
6hmw_FUL_F_202,0.98868244,0.96677423,0.043709682,0.16804365,0.9951536,0.99517371,0.99518184
6hmw_FUL_G_202,0.90053132,0.97047051,0.044238216,0.16665932,0.99605811,0.99606139,0.99605066
6hmw_FUL_H_201,0.95566509,0.97175853,0.037361903,0.15144145,0.0015617879,0.98922809,0.98921896
6hmw_FUL_I_201,0,0.96987268,0.048888442,0.15178885,0.99453974,0.66644587,0.99454261
6hmw_FUL_J_201,0.98788541,0.97262845,0.037095448,0.15246024,0.041902257,0.92563913,0.92560413
6hnz_GH5_A_301,0.97526871,1,0.043204311,0.16758658,0.97543327,0.90504481,0.97909173
6ho2_GHN_A_301,0,0.030456748,0.048864474,0.143812,0.926569,0,0
6ho7_GHQ_A_301,0,0.99041379,0.049529544,0.15208096,0.98730573,0.98744015,0.98717229
6hpx_GKQ_A_205,0.95569734,0.98627814,0.032203149,0.14904916,5.2846481e-12,0,0
6hqr_3DM_A_502,0.99658488,0.9589593,0.038355537,0.16510245,0.96189051,0,0
6hsg_GM5_A_504,0,0.4510709,0.042527306,0.13108369,3.8754286e-06,0.26541649,0.24060178
6hsg_GM5_C_504,0,0.45107209,0.042527276,0.13108363,1.5175612e-08,0.26541627,0.24060149
6hsg_GM5_D_504,0,0.14348299,0.0067981726,0.13921734,0.61323574,0.055632563,0
6i4b_E2N_B_603,7.2887036e-08,0,0.043887895,0.12875322,0.044683861,0,0
6i4b_ORO_A_602,0.2092047,0,0.042696767,0.13158333,5.8732403e-05,0.0081068717,0
6i4b_ORO_B_602,0.0075869235,0,0.044125863,0.12842529,6.3670224e-05,0.066493166,0.035576292
6i6r_H62_A_704,0.92511346,0.60889849,0.039273237,0.15787448,0.7033315,0.036356706,0.036343028
6ijn_6MZ_A_401,0.95466967,0.98973567,0.036982218,0.1514006,0,0.84614425,0.98911803
6ijp_IMP_A_402,0,0.010958244,0.049333059,0.14472034,0.98717209,0,0
6j4t_IMP_A_401,0,0,0.044179208,0.12830541,0,0.068683951,0.037678421
6jc7_F0G_A_601,0.99311049,1,0.032031813,0.14953845,2.7980336e-05,0,4.334176e-08
6jc7_F0G_B_601,0,0.45106845,0.042527369,0.13108381,1.1831009e-05,0.26541695,0.24060237
6jc7_F0G_C_601,0.96058201,0.98639568,0.032347108,0.14889744,2.9693368e-05,0,8.5592851e-08
6jc7_F0G_D_601,0.9843174,1,0.032116861,0.14936481,4.752329e-06,0,1.9152359e-07
6jea_NAG_A_501,0,0.80222474,0.047894705,0.1492182,0.97165207,0.97165953,0.0001441617
6jk9_BU0_A_501,0,0.45106079,0.042527565,0.13108418,3.6679374e-05,0.26541839,0.24060423
6jk9_BU0_B_501,0,0.023301229,0.049467514,0.1449014,0.9916343,0.069038292,0
6jmd_BVO_A_408,0.99417619,0.69260612,0.039768352,0.16453612,0.99707209,0.026585504,0
6jmd_ORO_A_402,0.013339302,0.86529912,0.044965151,0.14887637,0.97213268,0,0
6jme_BVU_A_409,0.99346171,0.6925844,0.039764038,0.16450023,0.99561846,0.026565067,0
6jme_ORO_A_402,0,0.85171822,0.039014226,0.13299379,6.2110735e-05,0,0.11207898
6jws_PT1_A_801,0.99481599,0.69062339,0.039673907,0.16438859,0.98923041,0,0
6jx9_CQC_A_501,0,0.971403,0.038662243,0.13415176,0.030228069,0.17875171,0
6jyg_FLC_A_401,0.99004638,0.84965991,0.036141404,0.15731819,0.51718771,0.022202729,0.02219523
6jyg_FLC_B_401,0.95031269,0.79907677,0.037312477,0.15800816,0.61190516,0.060917606,0.01516299
6jyg_FLC_C_401,0.99005395,1,0.032291385,0.14992392,0.026896269,0.0027054011,0.011043333
6jyg_FLC_D_401,0.88282996,0.8203399,0.035880785,0.15273427,0.35726869,0.0092680717,0.00042984273
6jyg_FLC_E_401,0,0.23643153,0.044287405,0.13489434,0.32452613,0.049235269,0.0040056042
6jyg_FLC_E_402,0.0017093796,0.0094643747,0.044130449,0,1.9979184e-06,0.072024932,0.041089634
6jz4_EVA_A_701,0.97526108,0.99152126,0.032372534,0.14953449,0.021828691,0.0057469868,0
6jz4_EVA_B_701,0.97516707,1,0.032921111,0.15018432,0.023728291,0.16164414,0.13410318
6jzh_ZMA_A_2002,0.94377523,0.99274981,0.032251526,0.14888971,2.2099096e-09,0.011649212,0
6k92_GT0_A_802,0.99321628,1,0.043233037,0.16789218,0.97320732,0.97324662,0.97158807
6krs_CIT_C_301,0.032461642,0.46770536,0.042332705,0.13196185,0.016074281,0.26418283,0.24026779
6krs_CIT_D_301,0,0.61268629,0.04638406,0.13762319,0.27715179,0.79274839,0.7971693
6krs_CIT_F_301,0,0.33078433,0.041777141,0.13010732,0.0088533478,0.010429791,0
6krs_CIT_G_301,0,0.63382061,0.045814401,0.1365237,0.20518446,0.79155543,0.78996466
6krs_CIT_H_301,0.015301673,0.69900348,0.044166669,0.13390548,0.015114598,0.79564946,0.74624624
6krs_CIT_I_301,0.014972373,0.49881278,0.049533293,0.14426472,0.69429343,0.81844691,0.81477041
6kxh_DY9_A_401,0,0.0079825787,0.04940457,0.14485897,0.99642073,0,0
6kxh_DY9_C_402,0.025170642,0.467769,0.042279018,0.13157838,0.00013810416,0.26374807,0.23942221
6kxh_DY9_D_402,0.99606636,1,0.032002947,0.14959628,0,0,0
6l17_E2X_A_401,0.99032057,0.80789621,0.036825464,0.15869343,0.6151808,0,0
6l68_ALL_A_201,0,0,0.05424153,0.14494224,0.90275732,0.92068561,0.92053352
6l68_ALL_A_202,0.00076258625,0,0.045196848,0.13201266,0.24513817,0,0.0015928251
6l7v_3PO_A_302,0,0.90889819,0.041784209,0.14143302,0.51030105,0.00024765947,0.00027034254
6l86_LMR_B_302,0,0.0055025462,0.044177544,0.12838964,0.0029775904,0.071432547,0.04056148
6l86_LMR_B_303,0.0041605763,0.0072965683,0.044120738,0.12841787,5.2428017e-09,0.070733995,0.039880221
6l86_LMR_D_302,0.95079546,0.030345472,0.038616936,0.14601202,0.15227293,0,0.0046149491
6l86_MLT_A_303,0,0.32883031,0.041736726,0.13003749,0.0060030823,0.0038274079,0
6l8a_BAL_D_507,0.99811306,0.9740703,0.033320495,0.15295171,0.20411744,0.0019598228,0.0019563319
6l8a_BAL_E_503,0.07984342,0.86044633,0.041729567,0.14284412,0.53487891,7.2360643e-08,6.7640213e-08
6lit_2OH_A_501,0.99498036,0.68913432,0.039710795,0.16446644,0.99420795,0,0
6lit_2OH_B_501,0.99754227,0.69086321,0.039686435,0.16451809,0.99427985,0,0
6lj7_EFR_A_301,0.95921318,0.93139768,0.032471232,0.14877991,4.1916056e-05,0,9.6629975e-07
6lql_F0C_A_702,0.9818878,0,0.037591952,0.14387,4.1876293e-07,0,0
6lx5_C5F_A_502,0,0,0.044179208,0.12830541,0,0.068683951,0.037678421
6lx5_C5F_A_503,4.578077e-07,0.77909612,0.040527396,0.13514672,0.16064342,0.14386649,0
6lx5_C5F_B_502,5.4205958e-07,0.83880029,0.039872248,0.13465165,0.10867837,0.15386795,0
6ly4_TES_A_501,0.99030392,0.98696943,0,0.16555561,0.98631157,0,0
6m5m_NAG_B_202,0,0.96075757,0.048561928,0.14957015,0.84963001,0.94187661,0.94115924
6m92_J8V_A_601,0,0.91713175,0.039398299,0.13494562,0.098659851,0.1711916,0
6m9b_BTN_C_201,0.99481187,0.68907326,0.039711132,0.16446059,0.99403961,0,0
6m9b_BTN_D_201,0.99366944,0.96285678,0.038541974,0.16554994,0.99107935,0,0
6mae_JBA_A_301,0.96698926,0,0.044019232,0.15932956,0.96993224,0,0
6md2_GW9_A_501,0.98498776,0.97140064,0.032096304,0.14942487,3.7605267e-07,0,9.0758768e-06
6md2_GW9_B_501,0,0.93732375,0.038288317,0.13333315,0,1.6271005e-08,1.67707e-08
6mnh_JVD_A_301,0.99653529,0,0.043910303,0.15998396,0.98091392,0,0
6mpa_NAG_B_502,0.00029477578,0.45124406,0.042524972,0.13109058,7.807765e-05,0.26540115,0.24059339
6mry_FLC_B_101,0.81909782,0.76706195,0.044602576,0.16123129,0.8163096,0.97468402,0.97431607
6mry_FLC_C_102,0.76872413,0.76214548,0.042171412,0.16084201,0.96441395,0.48472971,0.018377331
6mry_FLC_I_102,0,0.29354884,0.04893398,0.13926789,0.47518284,0.75800844,0.75280187
6mry_FLC_K_101,0.98904505,0.32610286,0.035937821,0.14606548,0.0094543097,0,0
6mwl_K5G_A_301,0,0.98274612,0.041506948,0.1415095,0.47563187,0,0.19067438
6n0z_DP6_A_401,0,0.43512524,0.052102318,0.14843764,0.97007,0.89506166,0.90964942
6n0z_DP6_B_401,0.98471677,1,0.042631659,0.16733528,0.96379025,0.82651102,0.88943597
6n0z_DP6_C_401,0,0.80766327,0.046426883,0.14165862,0.42066499,0.92569297,0.89377971
6n0z_DP6_F_401,0,0.45107209,0.042527275,0.13108363,0,0.26541627,0.24060149
6n9r_OHN_A_303,0,0.45107209,0.042527275,0.13108363,0,0.26541627,0.24060149
6n9r_OHN_P_308,0,0.20545363,0.044992326,0.13626202,0.41667752,0.048832984,0
6n9r_OHN_X_305,0,0.45107209,0.042527275,0.13108363,0,0.26541627,0.24060149
6nba_P1T_A_501,0,0.012476709,0.049296568,0.14464961,0.98245257,0,0
6nba_P1T_B_501,0,0.45107209,0.042527275,0.13108363,0,0.26541627,0.24060149
6nba_P1T_C_501,0.98408643,0.68364435,0.039769673,0.16416015,0.98811926,2.3489833e-06,2.3587361e-06
6nba_P1T_D_501,0,0.014951106,0.049237103,0.14453434,0.97476192,0,0
6nbw_LAB_A_403,0,0.99437893,0.044481448,0.14980195,0.99749101,0,0
6ncx_ADA_A_601,0,0.45085936,0.042532728,0.13109406,0.00069010586,0.26545612,0.24065303
6ncx_ADA_B_601,0,0.45078919,0.042534527,0.13109749,0.00091774808,0.26546927,0.24067003
6ncx_ADA_D_601,0,0.45074611,0.042535631,0.13109961,0.00105751,0.26547734,0.24068047
6ng5_KMD_B_803,0,0.32959016,0.041687773,0.1299366,3.2003711e-10,0,0
6nga_KL7_B_804,0,0.32958867,0.041687809,0.12993667,4.6654064e-06,0,0
6ngp_KKY_A_803,0.86967087,0.92454083,0.033227297,0.14710628,4.7234139e-06,0,0
6ngp_KKY_B_803,0.96855217,0.99218821,0.032265303,0.14905839,2.9304963e-08,0,0
6ngu_KMJ_A_803,0.50490236,0.98193727,0.035144053,0.14180312,1.8426388e-06,0.088135468,0
6ngu_KMJ_B_803,0.73171411,0.97601027,0.033709083,0.14539839,0,0.045953897,0
6nh0_KND_A_803,0.89640649,0.98166553,0.032606523,0.14807536,1.9893493e-08,0,0.0049174983
6nh0_KND_B_803,0.94546941,0.97639703,0.032489861,0.14860267,3.7608893e-09,0,0
6nhd_KNV_A_803,0.97458954,0.98535107,0.03208691,0.14934512,3.887511e-08,0,0
6nhd_KNV_B_803,0.61085218,0,0.039860757,0.13788435,5.2273014e-12,0,0
6nig_NAG_A_605,0.092778866,0.51277372,0.041608179,0.13289959,1.3892135e-08,0.25923789,0.23621666
6nig_NAG_B_803,0,0.45107208,0.042527276,0.13108363,2.7718025e-08,0.26541627,0.24060149
6nig_NAG_D_602,3.2248292e-05,0,0.04417909,0.12830618,1.6289119e-05,0.068676221,0.037671369
6nni_CP6_A_203,0.99389583,0.989564,0.038410986,0.16575829,0.99439024,0,0
6nni_CP6_B_203,0.99069624,0.99058239,0.038422602,0.16570702,0.9940562,0,0
6nnn_G1P_A_503,0,0.8018727,0.039348505,0.13267569,5.7281713e-08,0.13832573,0.00096546167
6nnp_G6P_A_502,0.94313773,1,0.037204344,0.15134192,0.00010054437,0.98049124,0.97290531
6nsu_DYA_A_402,0,0.90184971,0.038818209,0.13332195,0,0.012358516,0.13579412
6ny7_L8J_A_303,0.012106808,0,0.044093908,0.12849628,7.5711598e-05,0.065185457,0.03432091
6nyo_U94_A_301,0,0.3900299,0.051318006,0.14722861,0.92698156,0.77450255,0.75828904
6o04_DNA_A_601,6.0293111e-05,0.45111083,0.042526713,0.13108488,4.4221977e-06,0.26541251,0.24059897
6o04_DNA_B_601,0.0005838815,0.99467557,0.038338914,0.1338073,0,0.18216338,0.00040008891
6o04_DNA_D_603,0.00058579621,0.45145652,0.042521604,0.13109535,1.6718269e-05,0.26537822,0.24057505
6o1s_7SD_E_803,0.93003853,0.86579004,0.03507839,0.15300745,0.31377997,0.0053241437,2.1887179e-11
6o2z_LJV_B_500,0.98356638,0,0.043114149,0.15760551,0.84689974,1.0328545e-06,1.0386905e-06
6o5m_G8K_B_506,0.63976748,0.87654285,0.036189537,0.14360582,0,0.22281257,0.21036536
6ock_9KL_A_601,0.86336569,0.9202289,0.0332886,0.14698173,0,0,0
6ock_9KL_A_602,0.99487708,0.98425859,0.031966119,0.14965968,0.00010056827,0.00050409843,0
6ofr_BOG_A_801,6.755853e-09,0.44396276,0.042709499,0.13143207,0.023062997,0.26674812,0.2423239
6ofr_BOG_A_802,0,0.450987,0.042529457,0.1310878,0.00027605543,0.26543221,0.24062211
6ofr_BOG_A_803,0,0.45098883,0.04252941,0.13108771,0.00027012175,0.26543187,0.24062166
6ofr_BOG_A_804,0,0.45085051,0.042532955,0.13109449,0.00071881402,0.26545778,0.24065517
6ofr_BOG_A_805,1.6278771e-08,0.4510721,0.042527275,0.13108363,2.2532843e-10,0.26541627,0.24060149
6ofr_BOG_A_806,1.7497465e-10,0.45106552,0.042527444,0.13108395,2.1324041e-05,0.2654175,0.24060308
6ofr_BOG_A_807,0.79017682,0.97657095,0.034699536,0.14654979,2.4961561e-07,0.21279645,0.20325686
6oha_XAN_A_501,0.0021679904,0.08738534,0.043816778,0.12890574,0,0.10703743,0.077299994
6ooi_PGA_B_301,0.98859826,0.97005871,0.039988892,0.16570977,0.96352225,0.56591291,0.071158905
6ooi_PGA_D_301,0.99094368,0.97571874,0.041457813,0.16654297,0.95421701,0.6147413,0.63102214
6ooi_PGA_E_301,0.98413419,0.91870723,0.039220931,0.1650696,0.97022802,0.07219184,0.12410474
6ooi_PGA_F_301,0.99383737,0.94178934,0.039119707,0.16048309,0.5941182,0.59775368,0.58604062
6ooi_PGA_G_301,0,0.96724684,0.0447925,0.14943997,0.97590874,0.064093046,0.051679523
6ooi_PGA_H_302,0.98955924,0.95599085,0.039811055,0.16535247,0.92883191,0.082925709,0.53983538
6oph_6QB_A_401,0,0.15760795,0.046167816,0.13853131,0.5677005,0.05414028,0
6p9t_O5D_A_307,1.7834601e-05,0.32960236,0.0416876,0.12993695,1.5596822e-09,2.0246057e-09,0
6paf_O6A_A_509,0.98378176,0.96035018,0.034610212,0.15533266,0.36933115,0.023667264,0
6pdd_O9S_A_803,0.98388279,1,0.036722594,0.15192052,4.2141736e-09,0.84021134,0.98747259
6pk1_3PY_A_502,0.99504973,0.92494601,0.032812351,0.1506464,0.082156728,4.6268683e-06,0
6pk1_PLP_A_501,0.96975824,0.70243119,0.039378951,0.16283096,0.91508531,0.0108045,0.010868952
6pk1_PLP_B_501,0.9891685,0.70789461,0.039372463,0.16356801,0.93881311,0.010563591,0.010367014
6pmv_M16_A_803,7.8065312e-09,0.965763,0.038429032,0.13367456,4.6073657e-06,0,0.14110544
6pmv_M16_B_803,0.96203394,0.94180622,0.032390632,0.1488845,2.5545968e-06,0,0
6pn9_OU7_B_803,0.53555805,0.80723944,0.037221868,0.14156612,7.8365214e-11,0.22975213,0.21529041
6pna_M16_A_803,0.98512807,1,0.032104055,0.14938566,1.2825517e-06,0,0
6pna_M16_B_803,0.81867137,0.89003037,0.033727321,0.14610225,8.6516959e-07,0,0
6png_OSG_A_802,0.98981277,0.97252344,0.032059344,0.14950877,8.5792804e-06,0,1.0934366e-05
6png_OSG_A_803,0.21349137,0.98210538,0.037502904,0.13830624,0.071864658,0.14580674,1.3882327e-08
6png_OSG_B_804,0.46300822,0.96980867,0.035477993,0.14106212,9.5026989e-06,0.092888152,8.8280756e-06
6po9_OS7_A_803,0.26412292,0.62672431,0.03991079,0.13625332,8.3485485e-12,0.24782767,0.22811874
6po9_OS7_B_804,0.40392794,0.7197002,0.038525838,0.13898972,8.5416241e-12,0.23851771,0.2215114
6ps7_ZMA_A_1201,0,0.96276576,0.038506942,0.13361147,2.6371419e-05,0.17457981,0
6pvi_OZ7_A_501,0,0.45107209,0.042527275,0.13108363,0,0.26541627,0.24060149
6q4b_HHN_A_301,0.99333107,0.98043184,0.032254071,0.15022362,0.036972606,0.0032037636,0
6q4k_HHW_A_301,0.98913197,0.9802355,0.032023298,0.14955467,0.00049452879,0,0
6q4r_HJ5_A_1009,0,0.45107209,0.042527275,0.13108363,0,0.26541627,0.24060149
6q4r_MLT_A_1041,0,0,0.044179208,0.12830541,0,0.068683951,0.037678421
6q4y_MAN_A_402,0.0028326016,0,0.049307211,0.13220219,0.10381571,0.97919176,0.97919966
6q4y_MAN_B_402,0.091252207,0,0.043848164,0.13049425,0.046564699,0.046856094,0.017781106
6qa7_PLP_A_902,0.99308094,1,0.032259719,0.14999143,0.025386994,0.018880456,0
6qdb_HWQ_A_1002,0,0.45107195,0.042527279,0.13108364,4.5346732e-07,0.26541629,0.24060152
6qdb_HWQ_A_1003,0.98756333,1,0.032085363,0.14942871,7.572648e-09,0,0
6qdc_HXE_A_1003,0.95424498,0.010210932,0.037703191,0.14348188,1.6308105e-07,0,0
6qdc_HXE_A_1004,0.0014868794,0.94070004,0.038723581,0.13377937,0.016836085,0.17044277,0
6qde_HWW_A_502,0,0.45107209,0.042527275,0.13108363,0,0.26541627,0.24060149
6qde_HWW_A_503,0,0.45107209,0.042527275,0.13108363,0,0.26541627,0.24060149
6qhu_FAH_A_401,0.95298176,0.95389507,0.041744305,0.1655277,0.93570513,0.63294804,0.63294804
6qli_4LR_A_301,0,0.8430435,0.039563135,0.13417386,0.075820346,6.0738288e-05,0.1171313
6qnj_GLC_A_402,0.98690736,1,0.032138034,0.14949267,2.8243893e-05,0.0092546865,0.019139398
6qo4_97T_A_301,0.33094554,0.99258974,0.042461503,0.1551052,0.99576951,0.00093715661,0.00093734222
6qo4_97T_B_301,0.9439596,0,0.044345933,0.15940889,0.99763953,0.00094619977,0.00094564925
6qol_JB5_A_301,0.99391945,0.99184126,0.031935022,0.14970509,0.00077986611,0,0
6qol_JB5_B_301,0.00073635277,0.99321922,0.038347618,0.13381021,0.00061054468,0.18150589,0
6qor_JBK_A_301,0.99854079,0.95783462,0.032137444,0.14970508,0.0087774616,0,0
6qot_6SD_A_301,0.99085635,0.99076658,0.038421351,0.16571256,0.9941742,0,0
6qot_6SD_B_301,0,0.99433931,0.044461304,0.14975126,0.99437303,0,0
6qqs_JCZ_A_301,0.53484623,0,0.046837323,0.15279329,0.99681659,0,0
6qqs_JCZ_B_301,0.92756935,0,0.037924168,0.14299387,6.3193828e-06,0,0
6qrn_RIP_A_500,0.026538018,0,0.050047585,0.14431621,0.97174706,0.051348744,0.05173119
6r4j_GLU_A_704,0,0,0.044179208,0.12830541,0,0.068683951,0.037678421
6r5o_BGC_A_801,0,0,0.054859708,0.14634222,0.98725877,0.93327511,0.93359819
6r5o_BGC_A_802,0.0020964094,0,0.044164349,0.12833825,1.0989753e-07,0.06807687,0.037095507
6r5o_BGC_B_801,0.99279429,0.90896179,0.037024451,0.15182638,0.029728356,0.86294012,0.86344889
6r5o_BGC_B_802,0.066333765,0,0.043709049,0.12934449,2.0561331e-06,0.049474784,0.019233923
6r6i_H50_A_201,0,0.78044657,0.041018938,0.13637449,0.23584167,0.14961038,0
6r6i_H50_B_201,0.76088164,0.98586324,0.034466798,0.14836326,0.15044841,0.053844249,0
6r73_LMP_B_301,0.47154947,0.74886647,0.038261057,0.14108789,0.051271179,0.23697544,0.22214461
6rbo_JXQ_A_302,0.77378289,0.94318625,0.033594168,5.2019588e-07,0.00037822043,7.5561634e-05,0.014075081
6rbx_JYT_A_301,0.98338246,0.97331559,0.035819194,0.15868748,0.57371739,0,0
6rgg_K3Q_A_401,0,0,0.044301943,0.12860063,0.018100136,0.070471066,0.039807085
6rgg_K3Q_A_402,0.00075329736,0.45135977,0.04252528,0.13110883,0.00069195418,0.26540606,0.24061756
6rgg_K3Q_A_403,2.8875836e-06,0.45100572,0.042528997,0.13108703,0.00022155766,0.26542887,0.2406179
6rgg_K3Q_B_402,0.0071367634,0.45576572,0.042457925,0.1312259,0.00017064237,0.26495087,0.24027694
6rgg_K3Q_B_405,0.081699856,0.067797907,0.048521604,0.14629977,0.9848106,0.00022295567,0.00064653271
6rgr_RM4_A_402,0.054839278,0.1956838,0.046979872,0.14206846,0.70274651,0.1190003,0.1183336
6rgr_RM4_A_403,0.22235516,0.52796695,0.042143885,0.13891462,0.23026258,0.26390634,0.24728941
6rhk_K4B_A_302,0,0.11890201,0.046738971,0.13969174,0.6516732,0,0
6rlt_MLI_A_508,0.99526779,0.54215619,0.041586891,0.15839377,0.59734535,0.62902966,0.62911768
6rlt_MLI_B_511,0.96251104,0.38015543,0.043211937,0.15808097,0.66561134,0.64528093,0.63673615
6rlt_MLI_B_512,0.98949235,0.81859592,0.038833006,0.15317485,0.12911536,0.98390738,0.9857655
6rum_TOP_A_301,0.99616858,0.9743454,0.038237703,0.16502057,0.95067302,0.0078148814,0.0077059447
6s23_KSW_A_402,0.22710281,0.97221637,0.036941469,0.13733745,2.0806847e-06,0,0.10721956
6s23_KSW_A_403,0.20075418,0.99324105,0.037142815,0.13722656,0.013875394,0.14647506,0
6s23_KSW_B_402,0.21864376,0.97933453,0.03695917,0.13724506,6.1288765e-06,0,0.11035534
6s37_SAL_A_601,0.99590925,0.9883116,0.033560475,0.15048763,0,0.31959997,0.32047915
6s39_K5Z_A_301,1.0010585e-05,0.97379937,0.04433806,0.14904179,0.95771196,4.2662101e-10,4.51464e-10
6s4h_KUQ_A_901,0.99250904,1,0.038147096,0.15996712,0.55387147,0.49523209,0.53725617
6s51_KVQ_A_901,0.92601743,0.64707157,0.040424668,0.16317333,0.99558929,0.029457004,3.1062005e-08
6s7u_KZK_A_501,0,0.45107209,0.042527275,0.13108363,3.3737824e-11,0.26541627,0.24060149
6s7u_KZK_C_501,0,0.068049975,0.04796104,0.1420607,0.80972588,0,0
6s9g_L1Q_A_305,0.99700611,0.97132235,0.04336799,0.16755619,0.95528941,0.99422471,0.99433744
6s9g_L1Q_A_306,0.94764216,0.86333119,0.032929899,0.14823873,0.0021964177,0.0011221725,0
6si4_LEK_A_402,0.94630379,0.66433695,0.040138109,0.16340285,0.98431142,0.028190489,0
6si4_LEK_B_402,0.95633218,0.98257826,0.032399497,0.14880204,9.7879364e-06,0,0
6sj8_44V_A_901,0,0,0.049652257,0.14303627,0.92708296,0,0
6sj8_44V_B_901,0.99360757,0,0.041144182,0.15303842,0.55474017,0,0
6sjs_THH_B_901,0.9801108,0,0.042344747,0.15559097,0.72588721,0,0
6sux_BEN_A_302,0.99755928,0.99561953,0.043496808,0.16835849,0.99563407,0.99569921,0.99528147
6svu_BEN_A_302,0.99585252,0.99658208,0.04348836,0.16830808,0.99395164,0.9950621,0.99496937
6sxr_KHP_A_506,0.97275358,0.94644052,0.032332984,0.14916823,0.0052276365,0,0
6sxr_KHP_A_507,0.98652342,0.93065747,0.03845091,0.16446678,0.94253946,0,0
6sxr_KHP_A_513,0,0.96611619,0.044485472,0.14925546,0.97360822,0,0
6syz_M1E_A_601,0.99781947,0.9932638,0.03708299,0.15240825,0.010496457,0.99742835,0.9974067
6syz_M1E_B_601,0,0.99006114,0.049630722,0.15223595,0.99566072,0.99583611,0.99606932
6sz3_M1H_B_601,0.00048584639,0.9731615,0.038780804,0.13448995,0.049964074,0.18049526,0
6szl_M3E_B_604,0.34560644,0.97528887,0.042444341,0.15519032,0.99260877,0,0
6szt_M4Q_A_601,0,0.30764856,0.042988472,0.13037425,0.0045914643,0.20637472,0.17983231
6szt_M4Q_B_601,0.037841621,0.98712058,0.038156242,0.13440933,0.0031281087,0.17360539,0
6t02_M5E_A_601,0,0,0.044190018,0.12833141,0.0015942901,0.068841363,0.037865917
6t02_M5E_A_602,0.00016206908,0,0.044178061,0.12830795,2.5297171e-07,0.068637043,0.037633385
6t02_M5E_B_601,0,0.99082976,0.038960166,0.13524039,0.090342279,0.18764671,9.0031431e-05
6t07_M45_B_601,0.00023881849,0,0.044178707,0.12831202,0.00017573677,0.068632144,0.037632682
6t0a_M58_A_601,0.0026412827,0.99388745,0.038353439,0.13389746,0.0038696588,0.1815525,0
6t0a_M58_B_601,0.88004269,0,0.038214745,0.14222706,0,0,0
6t0m_GOZ_A_305,0,0.98022933,0.04139308,0.14187094,0.51246344,0,0
6t10_M6Z_A_601,0.99516666,0,0.043790926,0.15964535,0.9613588,0,0
6t10_M6Z_B_601,0,0,0.044179208,0.12830541,2.2701391e-10,0.068683951,0.037678421
6t5p_VD8_A_302,0.99121313,0.88937562,0.044061265,0.16752787,0.98868421,0.98949598,0.98963038
6t5p_VD8_B_302,0,0.97990153,0.043499549,0.14707716,0.83411429,0.00066477262,0.00065221674
6t5p_VD8_D_302,0.99554728,0.96797953,0.043615962,0.16809386,0.99169574,0.9918212,0.98988526
6t9c_MX8_A_501,0,0.45107209,0.042527275,0.13108363,0,0.26541627,0.24060149
6tbx_N0Z_B_302,0.99118029,0.98663721,0.032558219,0.15103497,0.087669676,0.0080437836,0
6tbx_N0Z_C_303,0.99274841,0,0.038435656,0.1463003,0.13931925,0,0
6tbx_N0Z_D_302,0,0.98290155,0.038774155,0.13463897,0.056130628,0.18327227,0
6tfb_N6W_B_202,0.074752336,0.95043155,0.04427914,0.15077392,0.99839897,0,0
6tgi_N8Z_A_508,0.99346529,0,0.037644288,0.14436186,0.018848965,0,0
6tgi_N8Z_B_508,0.99641959,0,0.037627396,0.14441243,0.019028467,0,0
6to7_SUV_A_401,0,0.021366276,0.049515052,0.14499317,0.9977419,0.069252927,0
6to7_SUV_B_401,0,0.021491065,0.049511986,0.14498725,0.99734801,0.069239085,0
6tof_NQE_A_201,0.99410309,0.98998999,0.031938151,0.14968427,1.8441739e-07,0,0
6tog_NQH_A_201,0.97943118,0.99100723,0.038418298,0.16535231,0.98322104,0,0
6tol_NQW_A_201,0,0.45078194,0.042534712,0.13109785,0.00094125083,0.26547062,0.24067178
6tor_PMP_A_504,0.98598829,0.98341715,0.032023839,0.14951548,0,2.8837284e-06,0
6tor_PMP_B_504,0,0,0.044895485,0.13124984,0.19892391,1.3793101e-07,0
6tot_NRK_A_401,0,0.49312849,0.050823325,0.14603591,0.80648131,0.90634678,0.90011638
6tt4_BMA_C_3,0,0,0.044179208,0.12830541,3.533859e-08,0.068683955,0.037678425
6tt4_FT8_B_711,0.43769216,0.30917381,0,0.15343135,0.99176423,0,0
6u30_PQM_A_501,0.88886852,0.96138617,0.03275879,0.14783384,0,0,0.0009343133
6u6c_P1T_B_502,0.97466412,0.68540361,0.039812934,0.16386934,0.97823644,0.026760521,0
6u6c_P1T_D_505,0.97175868,0.68323204,0.039846576,0.16382218,0.97890094,0.026908498,0
6u6c_P1T_F_805,0,0.026998524,0.049376677,0.14472604,0.97996394,0.068628168,0
6u6c_P1T_H_504,0.93312254,0.65758474,0.040214577,0.16304189,0.97754211,0.028517992,0
6u6c_PZV_F_802,0.82493413,0.58410032,0.041286011,0.16093598,0.97899957,0.033209811,0
6uo7_QCP_A_504,0.9840092,0.72056875,0.03888176,0.16243596,0.87318732,0,0
6uqd_QF4_A_501,0,0.45107209,0.042527275,0.13108363,4.0563183e-10,0.26541627,0.24060149
6uqd_QF4_B_501,0,0.45107205,0.042527277,0.13108363,1.4150074e-07,0.26541628,0.2406015
6ur0_ETM_A_401,0.75018752,0.76054029,0.034702127,0.14443515,0,0,0
6ur0_ETM_B_401,0.98154439,0.96809039,0.032159837,0.14942369,0.004351588,0,0
6urx_JMG_A_316,0.99728875,0.98789856,0.037500751,0.15340326,0.075619508,0.98976023,0.98906749
6uvj_QJ1_A_205,0.90871613,0.99132732,0.03884549,0.1642049,0.98269995,0,0
6uxr_K6G_B_202,0,0.89948728,0.038842809,0.13325007,0.00034241582,0.16082081,0.00094209117
6uzr_QM1_B_301,0.017598742,0.98665208,0.044405046,0.15001106,0.99557091,0,0
6v1e_5SW_A_301,0.98806437,0.97313131,0.038277411,0.16492134,0.95424,0,0
6v8n_QS1_A_1704,0,0.99183913,0.044485014,0.14877842,0.92450931,0.24806719,0
6v9f_QTS_B_2001,0.99519611,0.99388312,0.033766086,0.15425267,0.2794519,0.022845794,0
6vei_9UO_B_502,0,0.015185143,0.049231479,0.14452343,0.97403451,0,0
6vlu_CIT_A_701,0.32936247,0.5216739,0.039774501,0.13684973,0.00025217842,0.20604084,0.18625775
6vmz_NAG_A_402,0,0,0.044036454,0.12912132,0.067424982,1.4349269e-11,0
6vmz_NAG_C_402,0,0,0.044183117,0.12831481,0.00057656782,0.068740879,0.037746228
6vmz_R3P_A_404,0,0.88964592,0.044742847,0.14838759,0.94672091,0,0
6vmz_R3P_C_404,1.4709773e-07,0.95983833,0.038160826,0.13346053,0,0,0
6vo2_R67_A_403,0,0.85925299,0.039303193,0.1338393,0.04929356,0,0.11868038
6vo2_R67_B_403,0,0.92688462,0.038628366,0.13344209,0,0,0.13120789
6vv1_RMJ_A_501,0,0.97525195,0.038441992,0.13368426,2.8041633e-05,0.17745671,0
6vv9_RQ1_A_202,0.0013911405,0.45199603,0.042513526,0.13111092,3.9642595e-06,0.26532386,0.24053604
6vv9_RQ1_B_304,0.49085464,0.75563751,0.038225337,0.14176314,0.07095495,0.23682656,0.22270227
6w0x_S6J_A_301,0.96992206,0.75628967,0.037928807,0.16004501,0.7322208,1.1278973e-08,1.1301253e-08
6w0x_S6J_B_301,0.98126651,0.69798414,0.039406108,0.16334656,0.93755264,6.3441516e-09,6.2312273e-09
6x9d_HYP_A_2002,0.97339818,0,0.04421403,0.1599229,0.9988529,0.0087299294,0.0087431302
6x9d_HYP_B_2002,0.96682013,0,0.04872569,0.16205944,0.99912904,0.69659816,0.99915038
6xim_XLS_A_397,0.99491317,1,0.032810426,0.15024105,0.0029086705,0.18248869,0.18266953
6xim_XLS_B_397,0,0.35436204,0.047112926,0.13969163,0.52779664,0.4172419,0.4160084
6xim_XLS_C_397,0,0.45107209,0.042527275,0.13108363,0,0.26541627,0.24060149
6xim_XLS_D_397,0.99130531,1,0.035917971,0.15651178,0.38907336,0.26342687,0.26875162
6xu3_PLG_B_401,0,0.4968167,0.051633748,0.14750128,0.88567603,0.96570307,0.96482165
6xu3_PLP_D_401,0,0.47220792,0.05251433,0.14917408,0.99131844,0.98505485,0.98538643
6xzx_O5H_A_302,0.86854814,0.98847073,0.038164008,0.16120347,0.83830471,0,0
6y4f_GLU_A_202,0.95041491,0,0.039168436,0.14678588,0.21139587,0,0.0011851029
6y4z_TLA_D_301,0.99618235,0,0.044793725,0.16033008,0.97516837,0.17848104,0.17780734
6yaw_P9H_A_301,0,0.37022541,0.043947707,0.13388025,0.19766221,0.23586314,0.21424433
6yk5_PVK_A_312,0.99633508,0.68902294,0.039722561,0.16454153,0.99743363,0,0
6yk6_OUB_A_311,0.99551536,0.68932914,0.039709703,0.16448497,0.99473959,0,0
6ypv_AKG_A_302,0.99691914,0.95992978,0.037815984,0.16349529,0.85743381,0.0292738,0.029032794
6zac_QDE_A_4000,0,0.03053125,0.049289884,0.14455848,0.96881303,0.0682363,0
6zi7_QR8_A_502,0,0.0081779085,0.049401728,0.14485324,0.99600034,0.00012790121,0.00012799026
6zi7_QR8_C_502,0.053298546,0.10299243,0.047480137,0.14318525,0.81453428,8.4784072e-05,8.5968832e-05
6zi7_QR8_F_503,0,0.011350151,0.049327169,0.1447085,0.98630957,0.00024311065,0.00024415529
6zi7_RAM_D_503,0.007081322,0.43313731,0.04303753,0.13233205,0.073458542,0.26918681,0.24575291
6zug_QPW_H_1001,0.99218168,0.68740809,0.039733503,0.16440245,0.99362453,0,0
7ak3_RH8_A_501,0,0,0.050067786,0.14406587,0.99069143,0,0
7bp1_CAQ_A_401,0.99365204,1,0.043504691,0.16833679,0.99656832,0.996007,0.99601565
7bp1_CAQ_C_401,0.99441545,0.77766867,0.040320763,0.16529779,0.99411729,0.18936116,0.1892896
7bp1_CAQ_D_401,0.98569628,1,0.036750859,0.15196918,0,0.84687966,0.99569098
7bqu_EF2_A_501,0.78958698,0.99578968,0.039642937,0.16254189,0.99712986,0,0
7bzm_GIM_B_501,0,0.8692706,0.044604027,0.14764246,0.90780873,0,0
7c7g_FJR_A_402,0.99076541,0,0.037548847,0.14404091,0.0017118082,0,0
7cne_SIN_A_402,0,0.73499798,0.039827264,0.13282022,0.032297775,0,0.085432476
7cwd_GAL_A_902,0.92003339,0.44292045,0.035898939,0.14558748,4.5540684e-06,0,0
7jis_VBS_A_1101,0.99470933,1,0.0320161,0.14956953,0,0,0
7jo3_VGS_A_302,0.98560844,0.97441824,0.043660533,0.16798999,0.99243681,0.99382982,0.99384505
7joc_ARZ_A_302,0.98923768,0.69519531,0.039526609,0.16388777,0.96316359,0,0
8cpp_TCM_A_422,0.078946401,0.99610981,0.038059615,0.13582887,0.043855689,0,0.14065165
8icd_ICT_A_418,0.86263823,0.93969954,0.033249533,0.14779717,0.03138311,0.0005452244,0.0029860713
