query_order,round,flat_index,row_index,row_label,algorithm_index,algorithm,utility,acquisition,predicted_runtime_mean,predicted_runtime_sd,score,runtime
1,0,12772,1824,5k2c_ZMA_A_1201,4,gnina,,,,,0.95025355,5.0256522
2,0,11428,1632,5del_D59_A_603,4,gnina,,,,,0.97914902,4.0956291
3,0,14081,2011,5x5d_UMP_B_401,4,gnina,,,,,0.99141311,6.3354995
4,0,16094,2299,6ncx_ADA_A_601,1,unimol,,,,,0,24.92
5,0,16852,2407,6rhc_K48_A_305,3,diffdock_l,,,,,1.444832e-25,9.3114879
6,0,14756,2108,6bvl_EBY_B_2001,0,surfdock,,,,,0,4.3367803
7,0,6918,988,3wca_FPS_C_401,2,diffdock,,,,,0,47.426525
8,0,10032,1433,4rii_TYD_A_401,1,unimol,,,,,0,20.96
9,0,5870,838,2z20_PLP_A_701,4,gnina,,,,,0.91180688,3.1777387
10,0,14853,2121,6cut_FEJ_A_401,6,smina,,,,,0.96674825,5.4878495
11,0,8687,1241,4i4v_NGA_A_201,0,surfdock,,,,,0,2.8976884
12,0,9876,1410,4pxd_1AL_A_502,6,smina,,,,,0.99719807,1.6253425
13,0,13043,1863,5mdh_MAK_B_335,2,diffdock,,,,,0,23.623429
14,0,10532,1504,4x36_CHT_A_411,4,gnina,,,,,0.04488214,2.5125417
15,0,2392,341,1qjc_PNS_B_1163,5,autodock,,,,,1.6941437e-12,14.554013
16,0,12889,1841,5l9v_OGA_A_502,2,diffdock,,,,,0.99628737,20.843013
17,0,723,103,1h18_PYR_A_1001,2,diffdock,,,,,0,31.455375
18,0,5463,780,2vmp_PLP_A_501,3,diffdock_l,,,,,0,28.631519
19,0,5169,738,2qui_LTN_A_501,3,diffdock_l,,,,,8.7531508e-43,32.804575
20,0,7100,1014,3wzo_ZOE_D_201,2,diffdock,,,,,0,33.854926
21,0,4017,573,2dv0_ZST_A_600,6,smina,,,,,0,6.3994189
22,0,450,64,1fk1_DAO_A_201,2,diffdock,,,,,0.65382583,10.970075
23,0,10921,1560,4zu3_4SD_F_301,1,unimol,,,,,0.90510997,21.41
24,0,3994,570,2d20_NPO_B_953,4,gnina,,,,,0.0015166757,2.1015765
25,0,5638,805,2wzv_FMN_A_801,3,diffdock_l,,,,,2.1374885e-33,36.44351
26,0,3996,570,2d20_NPO_B_953,6,smina,,,,,0,0.6844058
27,0,10117,1445,4rvg_TYD_A_502,2,diffdock,,,,,0.97062632,31.168813
28,0,12200,1742,5hfa_FP1_A_607,6,smina,,,,,0,0.88361223
29,0,2942,420,1v5y_4HC_A_1455,2,diffdock,,,,,2.0460578e-40,19.401177
30,0,5589,798,2whq_HI6_B_1545,3,diffdock_l,,,,,0,40.062249
31,0,15670,2238,6jz6_CKX_B_701,4,gnina,,,,,0.98261223,3.2106859
32,0,17290,2470,6urx_JMG_A_316,0,surfdock,,,,,0.99728875,2.4803622
33,0,10565,1509,4xp0_42A_A_404,2,diffdock,,,,,0,17.383822
34,0,14156,2022,5xmq_PLG_A_501,2,diffdock,,,,,0,44.228384
35,0,6525,932,3tyn_CXW_A_800,1,unimol,,,,,0.98668384,21.71
36,0,9417,1345,4mol_2FG_A_802,2,diffdock,,,,,4.6277335e-34,47.802425
37,0,13933,1990,5w5t_9X7_A_506,3,diffdock_l,,,,,0,28.001163
38,0,3165,452,1x8x_TYR_A_952,1,unimol,,,,,0.95203449,14.29
39,0,16335,2333,6ofr_BOG_A_802,4,gnina,,,,,0.00027605543,4.7617952
40,0,8813,1259,4i9n_1E5_D_402,0,surfdock,,,,,0.8644883,3.5562936
41,0,703,100,1h18_DTL_A_9010,3,diffdock_l,,,,,0,32.410963
42,0,17630,2518,6zi7_QR8_D_502,4,gnina,,,,,0.00070660118,7.11091
43,0,17739,2534,7cwd_GLC_A_901,1,unimol,,,,,0.99043121,25.07
44,0,12271,1753,5i0m_UMP_A_201,0,surfdock,,,,,0.98195797,3.4189059
45,0,11366,1623,5cpn_531_A_401,5,autodock,,,,,0,6.0842946
46,0,4334,619,2giq_NN2_A_1001,1,unimol,,,,,0.97800861,19.25
47,0,565,80,1g72_PQQ_A_701,5,autodock,,,,,0.9908487,3547.9655
48,0,16238,2319,6nni_CP6_B_203,5,autodock,,,,,0,7.8369877
49,0,7801,1114,4cno_9PY_C_301,3,diffdock_l,,,,,1.7816544e-130,23.21485
50,0,2949,421,1vje_MSE_A_301,2,diffdock,,,,,0,30.149476
51,0,7602,1086,4cdt_M48_B_801,0,surfdock,,,,,0,3.1273897
52,0,13085,1869,5n5k_HAE_A_306,2,diffdock,,,,,0,9.1706744
53,0,16290,2327,6o1s_7SD_E_803,1,unimol,,,,,0.96773219,18.91
54,0,15760,2251,6l17_E2X_A_401,3,diffdock_l,,,,,0.90590847,25.551868
55,0,9957,1422,4qxc_OGA_A_600,3,diffdock_l,,,,,0,28.001163
56,0,1744,249,1m3u_KPL_C_265,1,unimol,,,,,0.88688332,21.45
57,0,17164,2452,6toj_NQQ_A_201,0,surfdock,,,,,0.97418721,3.5769026
58,0,8113,1159,4dvw_0M4_B_512,0,surfdock,,,,,0.62514079,3.747556
59,0,6743,963,3vnm_SDD_B_301,2,diffdock,,,,,0,34.743815
60,0,1875,267,1n1i_HIS_C_501,6,smina,,,,,1.6626319e-07,0.98522199
61,0,1412,201,1k5s_GRO_B_601,5,autodock,,,,,0.94406847,12.155069
62,0,14522,2074,6a2m_9QR_B_701,4,gnina,,,,,1.4774125e-08,8.9599625
63,0,16252,2321,6nnp_G6P_A_502,5,autodock,,,,,0.98049124,11.95129
64,0,14038,2005,5x23_LSN_A_503,3,diffdock_l,,,,,3.6352885e-06,25.880595
65,0,9503,1357,4n36_2F8_C_401,4,gnina,,,,,0,2.4736571
66,0,6992,998,3wlf_FEH_D_401,6,smina,,,,,0.019366173,0.83106404
67,0,11880,1697,5fli_QUE_G_301,1,unimol,,,,,0,23.13
68,0,13365,1909,5r9o_54F_A_401,2,diffdock,,,,,0,18.867589
69,0,7242,1034,4a78_JZ3_A_1296,4,gnina,,,,,0.19416268,1.6259077
70,0,11112,1587,5af9_SJR_H_1250,3,diffdock_l,,,,,0,28.001163
71,0,5703,814,2xmi_FLC_A_1379,5,autodock,,,,,0.092617836,14.578232
72,0,14407,2058,5z54_0HZ_B_303,1,unimol,,,,,0,18.48
73,0,2824,403,1u1g_BBB_A_3300,3,diffdock_l,,,,,5.9787632e-61,55.352445
74,0,4028,575,2e40_LGC_A_1001,3,diffdock_l,,,,,0,43.360883
75,0,14731,2104,6bmm_OLB_B_404,3,diffdock_l,,,,,0,25.724801
76,0,17008,2429,6szt_M4Q_A_601,5,autodock,,,,,0,7.7628092
77,0,122,17,1aog_MAE_A_500,3,diffdock_l,,,,,3.2482276e-40,19.057001
78,0,11696,1670,5eo8_TFU_A_406,6,smina,,,,,0.9789705,0.7971105
79,0,10031,1433,4rii_TYD_A_401,0,surfdock,,,,,0,4.1710492
80,0,2206,315,1pl6_572_B_407,1,unimol,,,,,0.94468091,29.62
81,0,1231,175,1ixo_G3P_B_1002,6,smina,,,,,0.024492461,1.4803993
82,0,4560,651,2ixi_TYD_A_1182,3,diffdock_l,,,,,4.9632981e-45,23.550676
83,0,14420,2060,5z54_0HZ_D_303,0,surfdock,,,,,0.98743691,3.3965882
84,0,8509,1215,4h9x_HL4_B_404,4,gnina,,,,,0.61854745,2.6419038
85,0,14435,2062,5z9b_HX3_A_303,1,unimol,,,,,0.99146747,19.12
86,0,11297,1613,5cak_4Z9_A_802,6,smina,,,,,0.81595932,1.4228338
87,0,4295,613,2fzb_TOL_A_800,4,gnina,,,,,0.00014165223,4.5722485
88,0,7638,1091,4cjv_IV2_B_1215,1,unimol,,,,,0.99581782,17.96
89,0,577,82,1g79_PLP_A_270,3,diffdock_l,,,,,3.6459078e-24,13.394818
90,0,3493,499,1zha_PEP_B_2268,0,surfdock,,,,,0,2.7339441
91,0,5110,730,2qd4_CHD_B_926,0,surfdock,,,,,0,3.6507416
92,0,11646,1663,5eo7_SFU_C_401,5,autodock,,,,,0.92278691,9.1663644
93,0,15098,2156,6f76_CVK_B_203,6,smina,,,,,0,5.3863675
94,0,8625,1232,4i02_CMP_B_301,1,unimol,,,,,0.99292378,19.74
95,0,4522,646,2ij7_TPF_B_2470,0,surfdock,,,,,2.9298203e-05,3.5893013
96,0,9703,1386,4ocj_NDG_A_401,1,unimol,,,,,0,17.64
97,0,10517,1502,4x2f_3WJ_A_601,3,diffdock_l,,,,,0.99768804,18.892268
98,0,15577,2225,6jea_NAG_A_501,2,diffdock,,,,,0,22.905471
99,0,11243,1606,5c38_DA8_A_403,1,unimol,,,,,0.96315662,24.02
100,0,9818,1402,4pgi_Y69_A_303,4,gnina,,,,,1.5890366e-09,7.2190085
101,0,9099,1299,4k5u_GAL_A_301,6,smina,,,,,0.88534041,0.83694541
102,0,17334,2476,6v9f_QTS_B_2001,2,diffdock,,,,,0.9756022,31.309834
103,0,6972,996,3wlf_FEH_B_401,0,surfdock,,,,,0.99680978,3.009972
104,0,376,53,1e7h_PLM_A_1001,5,autodock,,,,,4.0955763e-07,7.4196242
105,0,5452,778,2vlf_PLI_B_1459,6,smina,,,,,2.3826586e-06,5.3132217
106,0,9314,1330,4lvb_20N_A_601,4,gnina,,,,,3.6617963e-07,3.0101115
107,0,2825,403,1u1g_BBB_A_3300,4,gnina,,,,,3.6819806e-05,8.5094203
108,0,17036,2433,6t02_M5E_B_601,5,autodock,,,,,7.7953203e-05,5.958598
109,0,15665,2237,6jyg_FLC_D_401,6,smina,,,,,0.00042984273,1.580367
110,0,5510,787,2w1a_TSA_C_1091,1,unimol,,,,,0.99316705,23.75
111,0,2230,318,1poc_GEL_A_420,4,gnina,,,,,0.87646659,12.810112
112,0,4289,612,2fzb_TOL_A_700,5,autodock,,,,,0,12.252304
113,0,14579,2082,6a3j_SOE_D_401,5,autodock,,,,,0.98160167,54.523145
114,0,8620,1231,4i02_CMP_A_302,3,diffdock_l,,,,,6.9601278e-25,30.510383
115,0,14181,2025,5xsm_8EO_A_705,6,smina,,,,,0,8.5946666
116,0,10846,1549,4zo7_BGC_A_801,3,diffdock_l,,,,,1.8143341e-45,31.554558
117,0,435,62,1fds_EST_A_350,1,unimol,,,,,0.83103234,21.76
118,0,859,122,1h48_GPP_C_904,5,autodock,,,,,0,13.49086
119,0,14518,2074,6a2m_9QR_B_701,0,surfdock,,,,,0.9312779,4.0887308
120,0,17471,2495,6x9d_HYP_B_2002,6,smina,,,,,0.99915038,1.0290334
121,0,11213,1601,5bk9_SIN_A_301,6,smina,,,,,0,0.89459345
122,0,7170,1024,3zv6_4HB_A_1277,2,diffdock,,,,,0,23.626052
123,0,1926,275,1nme_159_B_9002,1,unimol,,,,,0.96439468,19.69
124,0,12983,1854,5m0e_7CR_A_922,5,autodock,,,,,0,12.93269
125,0,2332,333,1q3a_NGH_A_480,1,unimol,,,,,0.85950608,22.86
126,0,16015,2287,6n0z_DP6_B_401,6,smina,,,,,0.88943597,3.3568692
127,0,1091,155,1ia1_TQ3_A_194,6,smina,,,,,0.99649422,1.7860153
128,0,3619,517,2a1m_CAM_A_1422,0,surfdock,,,,,0.50253516,2.4235004
129,0,10215,1459,4u8y_MIY_B_1102,2,diffdock,,,,,0,30.149476
130,0,17108,2444,6tbx_N0Z_C_303,0,surfdock,,,,,0.99274841,2.6759466
131,0,13194,1884,5o3f_9HT_A_501,6,smina,,,,,0,8.0962284
132,0,16003,2286,6n0z_DP6_A_401,1,unimol,,,,,0.92336664,27.33
133,0,7796,1113,4cno_9PY_B_301,5,autodock,,,,,0.99288681,12.30405
134,0,589,84,1g8z_GAL_F_104,1,unimol,,,,,0.97660964,18.35
135,0,8223,1174,4e9z_651_A_301,5,autodock,,,,,0,9.1257301
136,0,8515,1216,4hey_4MZ_A_303,3,diffdock_l,,,,,0.24828796,12.971986
137,0,5131,733,2qgw_EES_A_1,0,surfdock,,,,,0,3.415773
138,0,10524,1503,4x36_CHT_A_410,3,diffdock_l,,,,,3.2170558e-34,25.448187
139,0,11261,1608,5c7v_PYC_A_804,5,autodock,,,,,1.7462792e-05,5.9484271
140,0,12397,1771,5ijz_AKG_A_502,0,surfdock,,,,,0,2.6673436
141,0,5353,764,2uza_HTL_B_1236,5,autodock,,,,,0,77.169611
142,0,6551,935,3u3o_3QV_A_296,6,smina,,,,,0,0.97101127
143,0,12149,1735,5h5k_C5P_B_203,4,gnina,,,,,0.50518412,3.4946386
144,0,11821,1688,5fe4_5WY_B_904,5,autodock,,,,,0,9.6960866
145,0,251,35,1d3g_ORO_A_399,6,smina,,,,,0,0.83512455
146,0,5255,750,2r5e_QLP_B_430,5,autodock,,,,,0,35.563253
147,0,16794,2399,6rgg_K3Q_A_401,1,unimol,,,,,0,25.52
148,0,8276,1182,4ekr_0R0_B_203,2,diffdock,,,,,2.5371354e-36,14.524292
149,0,9593,1370,4nf4_2JK_A_301,3,diffdock_l,,,,,0.99584031,25.99493
150,0,9076,1296,4jzx_IPE_B_401,4,gnina,,,,,2.6341609e-09,2.8897138
151,0,15333,2190,6gck_EUB_A_302,3,diffdock_l,,,,,1.8238526e-44,24.925495
152,0,8709,1244,4i4v_NGA_B_202,1,unimol,,,,,0.97947437,20.33
153,0,15976,2282,6mry_FLC_I_102,2,diffdock,,,,,0,23.727494
154,0,12798,1828,5kcp_PFB_A_379,2,diffdock,,,,,7.0490077e-68,28.787704
155,0,12354,1764,5i9m_69K_A_302,6,smina,,,,,0.00071310436,1.9688509
156,0,4808,686,2o7b_HC4_C_701,6,smina,,,,,0,1.9125341
157,0,13209,1887,5o4j_9KH_B_302,0,surfdock,,,,,0,2.8587497
158,0,4119,588,2f3s_7GP_A_998,3,diffdock_l,,,,,0.99527021,19.689678
159,0,13368,1909,5r9o_54F_A_401,5,autodock,,,,,0,31.744414
160,0,16269,2324,6o04_DNA_B_601,1,unimol,,,,,0.99467557,25.76
161,0,12178,1739,5ha7_WY1_A_402,5,autodock,,,,,0,8.4923271
162,0,13901,1985,5vyr_B62_A_301,6,smina,,,,,0,0.84982806
163,0,3871,553,2c3d_COM_B_1525,0,surfdock,,,,,0.97631434,2.3856056
164,0,12807,1829,5kcp_PFB_B_378,4,gnina,,,,,0.95752684,2.5511463
165,0,1386,198,1jyx_IPT_B_2001,0,surfdock,,,,,0.98629703,4.5311882
166,0,9830,1404,4pik_MAN_A_502,2,diffdock,,,,,0,16.416105
167,0,5791,827,2xyj_WLM_B_1442,2,diffdock,,,,,1.1643983e-29,33.687076
168,0,12366,1766,5i9m_69K_C_302,4,gnina,,,,,0.98740314,2.9328666
169,0,739,105,1h1i_QUE_A_1358,4,gnina,,,,,0.99450636,4.7440247
170,0,4344,620,2giq_NN2_B_2001,4,gnina,,,,,0.9765599,5.7117082
171,0,1918,274,1njr_XYL_A_285,0,surfdock,,,,,0.9371685,2.4862078
172,0,9128,1304,4kcf_FMN_A_502,0,surfdock,,,,,0,4.1437172
173,0,16226,2318,6nni_CP6_A_203,0,surfdock,,,,,0.99389583,3.1634969
174,0,3593,513,1zwp_NIM_A_401,2,diffdock,,,,,0,11.884128
175,0,9084,1297,4k5g_Q13_A_803,5,autodock,,,,,7.7436588e-13,8.2385859
176,0,7476,1068,4buv_16I_A_2165,0,surfdock,,,,,0.99517154,3.9562545
177,0,15486,2212,6hsg_GM5_C_504,2,diffdock,,,,,0,49.379772
178,0,2609,372,1sz6_NAG_B_5002,5,autodock,,,,,3.7557058e-09,6.139772
179,0,1033,147,1ho5_ADN_A_1604,4,gnina,,,,,1.1532432e-06,3.7313456
180,1,3164,452,1x8x_TYR_A_952,0,surfdock,0.75299447,0.97350734,1.1572865,0.2453458,0.99166536,3.4008353
181,1,3990,570,2d20_NPO_B_953,0,surfdock,0.80607102,0.95152327,1.3816029,0.56257695,0.99645267,2.2700549
182,1,17626,2518,6zi7_QR8_D_502,0,surfdock,0.77297508,0.94119336,1.4570289,0.66924542,2.0707183e-06,3.8965149
183,1,3991,570,2d20_NPO_B_953,1,unimol,0.90667938,0.93158917,1.798304,0.65211689,0.99162815,20.71
184,1,1925,275,1nme_159_B_9002,0,surfdock,0.7656865,0.93107492,1.8971583,0.46553254,0.97329797,2.8796639
185,1,6546,935,3u3o_3QV_A_296,1,unimol,0.78880504,0.9303845,2.1106362,0.31050313,0.99201587,22.9
186,1,2682,383,1tkh_DPN_A_911,1,unimol,0.73380999,0.92307911,0.98380089,0,0.96400167,24.25
187,1,2689,384,1tkh_DPN_A_913,1,unimol,0.73380999,0.92307911,0.98380089,0,0,18.27
188,1,7918,1131,4d2c_ALA_A_508,1,unimol,0.73380999,0.92307911,0.98380089,0,0.97327179,25.56
189,1,14127,2018,5xh2_NPO_A_305,1,unimol,0.73380999,0.92307911,0.98380089,0,0.96943591,16.24
190,1,14736,2105,6bqx_9AG_A_201,1,unimol,0.73380999,0.92307911,0.98380089,0,0.90934025,20.62
191,1,8555,1222,4hgg_SYN_A_502,1,unimol,0.73380999,0.91976696,1.0132445,0.041639622,0.86131549,20.95
192,1,8562,1223,4hgg_SYN_B_502,1,unimol,0.73380999,0.91976696,1.0132445,0.041639622,0.94275026,19.28
193,1,9499,1357,4n36_2F8_C_401,0,surfdock,0.77337039,0.91917049,2.2879083,0.38073841,0,2.6603025
194,1,13595,1942,5tzr_MLI_A_2403,1,unimol,0.73380999,0.9168545,1.0394,0.078628995,0.93019761,23.76
195,1,5076,725,2qcx_PF1_A_300,1,unimol,0.73380999,0.91485863,1.0574678,0.10418072,0.97400987,19.95
196,1,5083,726,2qcx_PF1_B_300,1,unimol,0.73380999,0.91430199,1.0625283,0.11133742,0.98388824,23.3
197,1,2108,301,1owz_4FA_A_409,1,unimol,0.73380999,0.91216738,1.1148814,0.10603795,0.97461893,15.04
198,1,1,0,19gs_BSP_A_210,1,unimol,0.73380999,0.91071677,2.1459467,0.63485014,0.98557239,13.75
199,1,1639,234,1lnf_VAL_E_1321,1,unimol,0.73380999,0.91067451,1.127311,0.12671514,0,22.41
200,1,11355,1622,5cmb_GLY_A_301,1,unimol,0.73380999,0.90859954,1.1649836,0.13532721,0,21.52
201,1,9874,1410,4pxd_1AL_A_502,4,gnina,0.86319976,0.90820555,2.1863463,0.85036403,0.9971479,2.6062577
202,1,9542,1363,4n5p_2H0_E_412,1,unimol,0.73380999,0.90719749,1.1607552,0.17100938,0.98671827,30.03
203,1,9549,1364,4n6w_FLC_A_203,1,unimol,0.73380999,0.90495679,1.2347864,0.14755365,0.98522969,19.28
204,1,5503,786,2vzu_PNJ_B_1904,1,unimol,0.73380999,0.90466065,1.1928282,0.1962232,0.92848602,28.02
205,1,5496,785,2vzu_PNJ_A_1901,1,unimol,0.73380999,0.90405196,1.1982921,0.20457637,0.95148102,22.7
206,1,14434,2062,5z9b_HX3_A_303,0,surfdock,0.79348613,0.90374853,1.993073,1.1135607,0.97892104,2.5779454
207,1,12937,1848,5lu8_5KN_A_306,1,unimol,0.73380999,0.90248357,1.2236236,0.21497545,1.5998133e-06,19.75
208,1,11362,1623,5cpn_531_A_401,1,unimol,0.73381003,0.90210611,2.3700411,0.67914534,0.95912631,24
209,1,9136,1305,4kp7_1UQ_A_503,1,unimol,0.73380999,0.90182644,1.2253575,0.22826658,0,19.88
210,1,9097,1299,4k5u_GAL_A_301,4,gnina,0.83442765,0.90174385,2.6911459,0.49620947,0.89886766,2.2860802
211,1,4600,657,2j5b_TYE_B_1338,1,unimol,0.73380999,0.9009505,1.1867257,0.2869792,0.95071983,18.52
212,1,5062,723,2qb4_DSM_A_802,1,unimol,0.73380999,0.89874584,1.2826966,0.2418106,0.97583341,18.78
213,1,10382,1483,4uy7_HIS_A_800,1,unimol,0.73380999,0.89843561,1.4843351,0.047350105,0,16.3
214,1,5055,722,2qb4_DSM_A_801,1,unimol,0.73380999,0.89826083,1.2888306,0.24690321,0.98902921,22.86
215,1,8779,1254,4i7n_1DJ_A_202,1,unimol,0.73380999,0.89798269,1.2890915,0.25308824,0.99635442,20.03
216,1,8786,1255,4i7n_1DJ_B_203,1,unimol,0.73380999,0.89798269,1.2890915,0.25308824,0.99500498,18.97
217,1,16549,2364,6q4r_MLT_A_1041,1,unimol,0.73380999,0.89705672,1.3221589,0.24152288,0,21.35
218,1,2353,336,1q4g_BFL_A_701,1,unimol,0.73380999,0.89654654,1.3349346,0.24062304,0.9863461,23.75
219,1,2360,337,1q4g_BFL_B_1701,1,unimol,0.73380999,0.89654654,1.3349346,0.24062304,0.9888112,18.84
220,1,1331,190,1jl0_PUT_A_401,1,unimol,0.73380999,0.89475307,1.2462741,0.37119329,0.90215522,17.63
221,1,1338,191,1jl0_PUT_B_401,1,unimol,0.73380999,0.89475307,1.2462741,0.37119329,0.92266115,21.08
222,1,1856,265,1msv_PUT_A_355,1,unimol,0.73380999,0.89213342,1.2718195,0.40731972,0.91784837,21.86
223,1,6497,928,3tky_N7I_D_369,1,unimol,0.73380999,0.89192523,1.367797,0.31626621,0.93677682,20.19
224,1,6483,926,3tky_N7I_B_369,1,unimol,0.73380999,0.89161476,1.3718368,0.31957564,0.97805599,23.12
225,1,9500,1357,4n36_2F8_C_401,1,unimol,0.90867666,0.89130415,2.8806984,0.61741185,0.95707559,22.8
226,1,5650,807,2x05_X05_A_1900,1,unimol,0.73380999,0.89083221,1.4714689,0.23850419,0,21.73
227,1,5657,808,2x05_X05_B_1900,1,unimol,0.73380999,0.88993851,1.4930592,0.2381721,0,19.91
228,1,10809,1544,4zdz_TPF_A_602,1,unimol,0.73380999,0.88937173,1.2989939,0.44575018,0.99033853,18.71
229,1,4950,707,2prl_R2C_A_400,1,unimol,0.73380999,0.88881312,1.3104674,0.44762188,0.98716578,24.36
230,2,11110,1587,5af9_SJR_H_1250,1,unimol,0.74787383,0.96331609,1.7334687,0.2482214,5.5768495e-07,21.26
231,2,1030,147,1ho5_ADN_A_1604,1,unimol,0.90472434,0.96318449,1.8061304,0.27608481,0.94587035,23.07
232,2,9093,1299,4k5u_GAL_A_301,0,surfdock,0.76404839,0.96116325,1.6947803,0.35202661,0.99269207,2.616546
233,2,1086,155,1ia1_TQ3_A_194,1,unimol,0.76557516,0.95333814,1.8521756,0.34693795,0,20.61
234,2,6973,996,3wlf_FEH_B_401,1,unimol,0.9444381,0.93388267,1.9579358,0.72418451,0,18.13
235,2,6987,998,3wlf_FEH_D_401,1,unimol,0.89053386,0.93270111,1.9516433,0.71528548,0,20.07
236,2,3620,517,2a1m_CAM_A_1422,1,unimol,0.75004376,0.92867602,1.9560804,0.72156054,0.9879787,16.74
237,2,1499,214,1klk_PMD_A_653,1,unimol,0.74726148,0.9252504,1.44586,0,0.98386265,23.55
238,2,3144,449,1x7j_GEN_A_201,1,unimol,0.74726148,0.9252504,1.44586,0,0.99433284,23.71
239,2,4978,711,2ptm_CMP_A_401,1,unimol,0.74726148,0.9252504,1.44586,0,0,19.96
240,2,5237,748,2r4t_250_A_503,1,unimol,0.74726148,0.9252504,1.44586,0,0,23
241,2,7057,1008,3wur_O4B_A_201,1,unimol,0.74726148,0.9252504,1.44586,0,0.18494934,39.83
242,2,7064,1009,3wur_O4B_B_204,1,unimol,0.74726148,0.9252504,1.44586,0,0.057226008,23.25
243,2,8492,1213,4h9g_14J_A_512,1,unimol,0.74726148,0.9252504,1.44586,0,0.97718225,17.86
244,2,9808,1401,4pbr_2L7_A_401,1,unimol,0.74726148,0.9252504,1.44586,0,0.98982832,19.23
245,2,10648,1521,4yjs_4DN_A_701,1,unimol,0.74726148,0.9252504,1.44586,0,0,22.53
246,2,10830,1547,4zib_4OG_A_512,1,unimol,0.74726148,0.9252504,1.44586,0,0.97114356,20.64
247,2,11117,1588,5ag5_DLR_A_1422,1,unimol,0.74726148,0.9252504,1.44586,0,0,23.49
248,2,11747,1678,5f35_FLC_A_302,1,unimol,0.74726148,0.9252504,1.44586,0,0.89337888,15.93
249,2,12370,1767,5iav_MLI_A_302,1,unimol,0.74726148,0.9252504,1.44586,0,0.64405971,20.28
250,2,12377,1768,5iav_MLI_B_302,1,unimol,0.74726148,0.9252504,1.44586,0,0.62897078,20.35
251,2,12531,1790,5j4k_6FZ_A_404,1,unimol,0.74726148,0.9252504,1.44586,0,0.96632288,18.35
252,2,13791,1970,5v7y_AKG_B_302,1,unimol,0.74726148,0.9252504,1.44586,0,0.89361154,20.14
253,2,14099,2014,5x6r_7ZR_A_402,1,unimol,0.74726148,0.9252504,1.44586,0,0.96677782,23.05
254,2,14106,2015,5x6r_7ZR_B_402,1,unimol,0.74726148,0.9252504,1.44586,0,0.96804219,25.88
255,2,9465,1352,4mr7_2BV_A_501,1,unimol,0.74726148,0.92391034,1.4560179,0.01436522,0,25.05
256,2,9346,1335,4m2c_DAR_C_402,1,unimol,0.74726148,0.9235303,1.4589065,0.018450486,0,26.08
257,2,15051,2150,6f48_XQB_A_302,1,unimol,0.74726148,0.92303497,1.4655088,0.020950152,0,14.35
258,2,17466,2495,6x9d_HYP_B_2002,1,unimol,0.76566466,0.92131837,2.2686021,0.58227634,0,29.72
259,2,16906,2415,6s4h_KUQ_A_901,1,unimol,0.74726148,0.92123987,1.4763912,0.04317759,0,23.07
260,2,6994,999,3wqs_KBK_B_503,1,unimol,0.74726148,0.92095817,1.4785515,0.046232734,0.89480911,24.57
261,2,3956,565,2ci0_1CM_A_1450,1,unimol,0.74726148,0.92066235,1.4808213,0.049442749,0,19.31
262,2,9353,1336,4m54_AE5_A_403,1,unimol,0.74726148,0.91904619,1.4932617,0.067035966,0,19.5
263,2,16206,2315,6nig_NAG_B_803,1,unimol,0.74726148,0.9171417,1.508005,0.087886237,0,31.93
264,2,8471,1210,4h0x_LAR_B_403,1,unimol,0.74726148,0.91676092,1.5109644,0.092071585,0.98401795,22.49
265,2,4362,623,2gue_NAG_B_122,1,unimol,0.74726148,0.91651713,1.5128608,0.094753303,0.01964754,17.87
266,2,5475,782,2vp5_DCZ_A_1210,1,unimol,0.74726148,0.91638533,1.5138865,0.096204005,0.98930056,19.09
267,2,4012,573,2dv0_ZST_A_600,1,unimol,0.90033561,0.91635463,2.1005318,0.92584592,0.97126264,23.98
268,2,7253,1036,4a7x_UDP_B_1241,1,unimol,0.74726148,0.91633037,1.5143143,0.096809119,0.94395304,27.57
269,2,9472,1353,4mr8_2BW_A_507,1,unimol,0.74726148,0.9161824,1.5232843,0.090620376,0.95022785,21.18
270,2,16864,2409,6rlt_MLI_B_512,1,unimol,0.74726148,0.91510544,1.5921825,0.042013116,0.81859592,18.47
271,2,16213,2316,6nig_NAG_C_802,1,unimol,0.74726148,0.91485649,1.5258185,0.11307831,0,29.44
272,2,5482,783,2vp5_DCZ_B_1210,1,unimol,0.74726148,0.91443473,1.5291203,0.1177479,0.9933593,22.27
273,2,1089,155,1ia1_TQ3_A_194,4,gnina,0.91020783,0.91402849,2.4099631,0.68361282,0.99667661,2.5313093
274,2,456,65,1fm8_DDC_A_501,1,unimol,0.74726148,0.9134196,1.5370876,0.12901521,0.99245385,21.24
275,2,17627,2518,6zi7_QR8_D_502,1,unimol,0.79905803,0.91304058,2.1093047,0.93825263,0.90169411,24.91
276,2,16220,2317,6nig_NAG_D_602,1,unimol,0.74726148,0.91254231,1.5439939,0.13878226,0,28.56
277,2,17354,2479,6vmz_NAG_A_402,1,unimol,0.74726148,0.91244822,1.5447359,0.13983166,0,29.87
278,2,13847,1978,5vl0_BNF_D_404,1,unimol,0.74726148,0.91227867,1.5460736,0.14172333,0.98820202,25.95
279,2,4523,646,2ij7_TPF_B_2470,1,unimol,0.77828125,0.91219798,2.2522063,0.79896969,0.96769021,36.53
280,3,8114,1159,4dvw_0M4_B_512,1,unimol,0.65665065,0.9478395,2.0616138,0.32899755,0.99097395,21.15
281,3,7480,1068,4buv_16I_A_2165,4,gnina,0.7125563,0.94326758,2.1367719,0.45523271,0.93846317,4.1112027
282,3,9871,1410,4pxd_1AL_A_502,1,unimol,0.68428489,0.9252525,2.157238,0.75857431,0.97824081,25.58
283,3,2920,417,1v3v_5OP_A_1360,1,unimol,0.64900614,0.92355325,1.620845,0,0.98622764,20.61
284,3,2927,418,1v3v_5OP_B_2360,1,unimol,0.64900614,0.92355325,1.620845,0,0.98491371,15.9
285,3,16878,2411,6rum_TOP_A_301,1,unimol,0.64900614,0.92355325,1.620845,0,0.9743454,20.54
286,3,3697,528,2aiq_BEN_A_401,1,unimol,0.64900614,0.92213387,1.6314379,0.014980844,0.98338686,18.68
287,3,9094,1299,4k5u_GAL_A_301,1,unimol,0.6983531,0.9215444,2.418088,0.596205,0.989861,16.84
288,3,7099,1014,3wzo_ZOE_D_201,1,unimol,0.64906213,0.91717413,2.1859026,0.7991122,0.95271276,25.14
289,3,15660,2237,6jyg_FLC_D_401,1,unimol,0.79607009,0.91340148,2.5308626,0.68875068,0.76988306,23.13
290,3,13315,1902,5oir_9W8_A_302,1,unimol,0.64900614,0.90167282,1.7948648,0.23375131,0.88519895,20.38
291,3,106,15,1anc_BEN_A_290,1,unimol,0.64900614,0.8998358,1.8044935,0.25971839,0.96829228,21.5
292,3,17697,2528,7bqu_EF2_A_501,1,unimol,0.64900614,0.89965962,1.8059121,0.26172468,0.99578968,17.56
293,3,113,16,1anc_BEN_A_384,1,unimol,0.64900614,0.89755223,1.8229479,0.28581673,0.8829061,20.3
294,3,12368,1766,5i9m_69K_C_302,6,smina,0.68868562,0.89386736,2.7171516,0.89026695,0.00061655009,1.8834787
295,3,10494,1499,4ws2_6UA_A_303,1,unimol,0.64900614,0.8891729,1.8918868,0.38331115,0.9576682,13.4
296,3,10088,1441,4rm3_FOA_B_1000,1,unimol,0.64900614,0.88811711,2.2093174,0.087186694,0.99223581,23.17
297,3,9870,1410,4pxd_1AL_A_502,0,surfdock,0.85808656,0.88542783,2.5892706,1.2995565,0,2.9034038
298,3,15597,2228,6jmd_ORO_A_402,1,unimol,0.64900614,0.88520829,2.0180066,0.33759052,0.86529912,18.34
299,3,15611,2230,6jme_ORO_A_402,1,unimol,0.64900614,0.88520829,2.0180066,0.33759052,0.85171822,15.94
300,3,8506,1215,4h9x_HL4_B_404,1,unimol,0.66043783,0.88492312,2.4994211,1.2424945,0.69167149,16.48
301,3,7477,1068,4buv_16I_A_2165,1,unimol,0.70553716,0.88375796,2.8435552,1.029569,0,19.24
302,3,8107,1158,4dvw_0M4_A_512,1,unimol,0.64900614,0.88271677,2.0717895,0.3348901,0.98815446,24.86
303,3,10081,1440,4rm3_FOA_A_1000,1,unimol,0.64900614,0.88197314,2.2268102,0.19519763,0.99066461,18.09
304,3,148,21,1bcs_ARG_A_426,1,unimol,0.64900614,0.87422946,2.299962,0.2840142,0,20.35
305,3,14197,2028,5y1g_AKB_A_401,1,unimol,0.64900614,0.87342649,2.1930163,0.40799993,0,15.05
306,3,4572,653,2izf_BTN_D_301,1,unimol,0.64900614,0.86718416,2.0823927,0.65272719,0.96010645,23.1
307,3,13917,1988,5w3k_9TY_A_401,1,unimol,0.64900614,0.86701229,2.3958442,0.34300923,0.9492589,20.15
308,3,13924,1989,5w3k_9TY_B_401,1,unimol,0.64900614,0.86701229,2.3958442,0.34300923,0.95938069,19.46
309,3,1646,235,1lo3_AN1_Y_500,1,unimol,0.64900614,0.86392636,2.1118619,0.69440299,0.97975166,18.98
310,3,162,23,1bit_BEN_A_247,1,unimol,0.64900614,0.86352106,2.1155515,0.69962066,0.83814091,18.28
311,3,2192,313,1pke_2FD_C_448,1,unimol,0.64900614,0.86344032,2.1162868,0.70066059,0,22.56
312,3,10501,1500,4ws6_WBU_A_301,1,unimol,0.64900614,0.86202161,2.3383446,0.50989109,0.96191823,19.65
313,3,9115,1302,4k5u_GAL_D_301,1,unimol,0.64900614,0.86040074,2.3505766,0.53359264,0.98754743,23.4
314,3,9108,1301,4k5u_GAL_C_301,1,unimol,0.64900614,0.86039873,2.3482106,0.53600347,0.98466455,21.3
315,3,2178,311,1pke_2FD_A_446,1,unimol,0.64900614,0.8601327,2.1466005,0.74353063,0,15.86
316,3,2185,312,1pke_2FD_B_447,1,unimol,0.64900614,0.8601327,2.1466005,0.74353063,0,17.96
317,3,7092,1013,3wzo_ZOE_C_201,1,unimol,0.64900614,0.85919196,2.1552868,0.75581503,0,27.75
318,3,9878,1411,4pxd_1AL_B_502,1,unimol,0.64900614,0.85898105,2.157238,0.75857431,0.98657202,23.58
319,3,15905,2272,6m9b_BTN_A_201,1,unimol,0.64900614,0.85742177,2.1717083,0.77903867,0.98453752,19.48
320,3,15912,2273,6m9b_BTN_B_201,1,unimol,0.64900614,0.85742177,2.1717083,0.77903867,0.97831792,23.44
321,3,15919,2274,6m9b_BTN_C_201,1,unimol,0.64900614,0.85742177,2.1717083,0.77903867,0.98202831,21.13
322,3,7498,1071,4bux_F35_C_2165,1,unimol,0.64900614,0.85714686,2.3623078,0.59461659,0,18.63
323,3,7491,1070,4bux_F35_A_2166,1,unimol,0.64900614,0.85649642,2.3749878,0.59658158,0,17.15
324,3,7085,1012,3wzo_ZOE_A_201,1,unimol,0.64900614,0.85590048,2.1859026,0.7991122,0.97706116,23.31
325,3,9101,1300,4k5u_GAL_B_301,1,unimol,0.64900614,0.85460701,2.418088,0.596205,0.98416174,22.5
326,3,8505,1215,4h9x_HL4_B_404,0,surfdock,0.63660611,0.85440854,1.6420321,0.029963262,0.54444563,2.9399289
327,3,10872,1553,4zqp_IMP_A_601,1,unimol,0.64900614,0.85420193,2.2018402,0.82165116,0,17.16
328,3,13070,1867,5mzj_TEP_A_2401,1,unimol,0.64900614,0.85370935,2.367584,0.66710621,0,18.34
329,3,155,22,1bit_BEN_A_246,1,unimol,0.64900614,0.85329431,2.2103953,0.83375019,0.94326616,19.15
330,4,12362,1766,5i9m_69K_C_302,0,surfdock,0.95990229,1,1.8250006,0,0,3.2284362
331,4,3168,452,1x8x_TYR_A_952,4,gnina,0.71691986,0.99702381,1.8250006,0,7.4857321e-06,2.012396
332,4,2822,403,1u1g_BBB_A_3300,1,unimol,0.85798771,0.9848692,1.9194847,0.13362063,0.9690152,29.51
333,4,7239,1034,4a78_JZ3_A_1296,1,unimol,0.79038212,0.98011472,1.9785323,0.14402711,0.98732924,18.3
334,4,15666,2238,6jz6_CKX_B_701,0,surfdock,0.85073158,0.97802299,1.98527,0.17982371,0.85205996,2.9694935
335,4,12803,1829,5kcp_PFB_B_378,0,surfdock,0.83471551,0.96736526,2.0392923,0.30305424,0,2.6928737
336,4,12174,1739,5ha7_WY1_A_402,1,unimol,0.6796902,0.96267498,2.1371005,0.22081628,0.97798684,18.63
337,4,8817,1259,4i9n_1E5_D_402,4,gnina,0.67795669,0.96154436,2.1052036,0.25941193,0.754554,9.208594
338,4,13210,1887,5o4j_9KH_B_302,1,unimol,0.70616395,0.96049724,2.0742538,0.35249719,0.96169539,18.58
339,4,9594,1370,4nf4_2JK_A_301,4,gnina,0.88284017,0.95695677,2.1230862,0.42155641,0.99571387,2.3030336
340,4,9591,1370,4nf4_2JK_A_301,1,unimol,0.72096637,0.95173979,2.1437063,0.45071778,0,21.92
341,4,5251,750,2r5e_QLP_B_430,1,unimol,0.6796902,0.94501448,2.3080466,0.36714783,0,27.57
342,4,15667,2238,6jz6_CKX_B_701,1,unimol,0.68044491,0.93501704,2.4219849,0.44956326,0.96911284,18.98
343,4,134,19,1aua_BOG_A_1,1,unimol,0.66927261,0.92805632,1.8250006,0,0,21.57
344,4,932,133,1h69_ARH_A_1275,1,unimol,0.66927261,0.92805632,1.8250006,0,0,22.69
345,4,939,134,1h69_ARH_B_1275,1,unimol,0.66927261,0.92805632,1.8250006,0,0,24.7
346,4,946,135,1h69_ARH_C_1275,1,unimol,0.66927261,0.92805632,1.8250006,0,0,22.05
347,4,1016,145,1hkn_N2M_C_4138,1,unimol,0.66927261,0.92805632,1.8250006,0,0.98289347,17.54
348,4,1023,146,1hkn_N2M_D_5139,1,unimol,0.66927261,0.92805632,1.8250006,0,0.25884882,22.77
349,4,1436,205,1kbq_936_A_703,1,unimol,0.66927261,0.92805632,1.8250006,0,0.98181182,22.38
350,4,1443,206,1kbq_936_B_704,1,unimol,0.66927261,0.92805632,1.8250006,0,0.98518428,20.74
351,4,1450,207,1kbq_936_C_701,1,unimol,0.66927261,0.92805632,1.8250006,0,0.9607106,20.61
352,4,1457,208,1kbq_936_D_702,1,unimol,0.66927261,0.92805632,1.8250006,0,0.98973226,27.19
353,4,2619,374,1t87_CAM_A_1422,1,unimol,0.66927261,0.92805632,1.8250006,0,0.98911503,19.79
354,4,2913,416,1v03_BGC_A_1498,1,unimol,0.66927261,0.92805632,1.8250006,0,0,17.14
355,4,3963,566,2cjz_PTR_A_1537,1,unimol,0.66927261,0.92805632,1.8250006,0,0.52913761,25.47
356,4,4082,583,2ei7_D93_A_700,1,unimol,0.66927261,0.92805632,1.8250006,0,0,25.86
357,4,4299,614,2g21_L1B_A_885,1,unimol,0.66927261,0.92805632,1.8250006,0,0.99475628,25.29
358,5,9682,1383,4o7g_ASC_B_303,1,unimol,0.65741413,0.91394808,2.011441,0.092771292,0.97739772,23.43
359,5,9675,1382,4o7g_ASC_A_303,1,unimol,0.65741413,0.91280872,2.0276785,0.09612675,0,18.72
360,5,9689,1384,4o7g_ASC_B_304,1,unimol,0.65741413,0.90868044,2.0615747,0.13383594,0,16.88
361,5,10998,1571,5a66_3PO_A_1000,1,unimol,0.65741413,0.89969862,2.0922489,0.26237336,0.80998541,24.78
362,5,11005,1572,5a66_3PO_B_1000,1,unimol,0.65741413,0.89898555,2.0975695,0.26989752,0.93241025,22.61
363,5,8765,1252,4i6y_MEV_A_501,1,unimol,0.65741413,0.88326782,2.340169,0.31837463,0.97424084,24.19
364,5,8772,1253,4i6y_MEV_B_1001,1,unimol,0.65741413,0.88326782,2.340169,0.31837463,0.97619063,17.73
365,5,5741,820,2xul_AKG_B_201,1,unimol,0.65741413,0.87151002,2.4795661,0.40709427,0.90914845,24.05
366,5,5748,821,2xul_AKG_C_201,1,unimol,0.65741413,0.87151002,2.4795661,0.40709427,0.93619629,20.47
367,5,5755,822,2xul_AKG_D_201,1,unimol,0.65741413,0.86043358,2.6420429,0.46812567,1.7462243e-05,19.89
368,5,12349,1764,5i9m_69K_A_302,1,unimol,0.71389346,0.85663481,4.0222592,0.60408616,0.98917837,17.37
369,5,12363,1766,5i9m_69K_C_302,1,unimol,0.70127764,0.8556285,4.04283,0.59358466,0.9894816,15.74
370,5,14760,2108,6bvl_EBY_B_2001,4,gnina,0.77394381,0.84362146,3.6266887,1.3421882,0,8.8132559
371,5,16717,2388,6r4j_GLU_A_704,1,unimol,0.65741413,0.84321283,2.8430271,0.63228154,0,24.31
372,5,8758,1251,4i6w_1CO_B_1001,1,unimol,0.65741413,0.83969739,2.8110292,0.74159336,0.97242646,17.8
373,5,8751,1250,4i6w_1CO_A_501,1,unimol,0.65741413,0.83899145,2.8303053,0.7379595,0.97878582,19.34
374,5,7323,1046,4adl_LMR_D_1468,1,unimol,0.65741413,0.83796908,2.643429,0.94756103,0,26.03
375,5,7932,1133,4d3s_BOG_H_1000,1,unimol,0.65741413,0.83329365,2.9093029,0.78667915,0,27.81
376,5,7925,1132,4d3s_BOG_F_1000,1,unimol,0.65741413,0.83203461,2.9271791,0.79737735,0.98758705,28.4
377,5,4698,671,2nry_STU_A_504,1,unimol,0.65741413,0.82700261,2.8759739,0.9640978,0.97284677,28.71
378,5,4712,673,2nry_STU_C_503,1,unimol,0.65741413,0.82700261,2.8759739,0.9640978,0.98307711,24.04
379,5,4705,672,2nry_STU_B_502,1,unimol,0.65741413,0.82670176,2.8941185,0.95292723,0.92595381,22.3
380,5,11348,1621,5cjn_52F_A_809,1,unimol,0.65741413,0.82501824,3.0406857,0.84552079,0,15.17
381,5,17109,2444,6tbx_N0Z_C_303,1,unimol,0.6603509,0.82474974,4.6456723,0.67456388,0,21.68
382,5,15555,2222,6j4t_IMP_A_401,1,unimol,0.65741413,0.82319493,2.90853,1.0203637,0,15.86
383,5,5230,747,2r4j_13P_B_816,1,unimol,0.65741413,0.82111267,3.0854046,0.89258415,0,21.47
384,5,1029,147,1ho5_ADN_A_1604,0,surfdock,0.796368,0.82093205,4.0549469,1.5211548,0.98369689,3.3804761
385,5,5692,813,2xhk_AKG_A_519,1,unimol,0.65741413,0.81739591,2.8779638,1.1885935,0.85769051,17.79
386,5,2304,329,1pym_OXL_B_1002,1,unimol,0.65741413,0.81662741,3.6088784,0.47614327,0.92552503,22.29
387,5,2297,328,1pym_OXL_A_1001,1,unimol,0.65741413,0.81579718,3.5560362,0.54899073,0.87602299,14.99
388,5,13434,1919,5t85_44G_L_301,1,unimol,0.65741413,0.81466835,2.8992336,1.2330924,0,27.95
389,5,13073,1867,5mzj_TEP_A_2401,4,gnina,0.66719907,0.81271079,4.1306496,1.5552348,0.97845991,2.0029759
390,5,3497,499,1zha_PEP_B_2268,4,gnina,0.77394381,0.81216683,4.8384433,0.97591192,0.025008269,2.3865343
391,5,3067,438,1wc7_PP3_A_1214,1,unimol,0.65741413,0.81160404,3.1738901,1.0331182,0.92140223,18.49
392,5,16416,2345,6oph_6QB_A_401,1,unimol,0.65741413,0.81015852,3.4873514,0.75518018,0,21.8
393,5,16552,2364,6q4r_MLT_A_1041,4,gnina,0.66719907,0.80990165,4.4851861,1.28009,0,2.3457436
394,5,12664,1809,5je1_TOF_A_302,1,unimol,0.65741413,0.80868992,2.9564321,1.3223855,0,16.39
395,5,12272,1753,5i0m_UMP_A_201,1,unimol,0.66028189,0.80821357,4.1255345,1.647886,0,17.53
396,5,17144,2449,6to7_SUV_A_401,1,unimol,0.65741413,0.80686748,3.7828314,0.54129136,0.9844912,28.12
397,5,17151,2450,6to7_SUV_B_401,1,unimol,0.65741413,0.80686748,3.7828314,0.54129136,0.98395451,22.93
398,5,4005,572,2dcf_ACA_A_501,1,unimol,0.65741413,0.80667989,2.9866955,1.3421091,0.97065714,28.67
399,5,6224,889,3qss_MTG_A_405,1,unimol,0.65741413,0.80656928,4.1626377,0.1689273,0.9762163,19.67
400,5,12671,1810,5je1_TOF_B_302,1,unimol,0.65741413,0.80370171,3.004153,1.3994026,0,13.76
401,5,6986,998,3wlf_FEH_D_401,0,surfdock,0.70192394,0.80328125,4.3366661,1.6974312,0.99676535,2.4651729
402,5,15947,2278,6mnh_JVD_A_301,1,unimol,0.65741413,0.80248972,2.9536448,1.4805709,0,17.73
403,5,13798,1971,5ve5_GSH_B_402,1,unimol,0.65741413,0.80235589,2.9550507,1.4825591,0.48849352,20.17
404,5,4222,603,2fpu_HSO_B_509,1,unimol,0.65741413,0.80079128,3.227747,1.2496688,0,18.68
405,5,14757,2108,6bvl_EBY_B_2001,1,unimol,0.7120462,0.79663791,4.4338403,1.8063859,0,27.27
406,5,4803,686,2o7b_HC4_C_701,1,unimol,0.71403207,0.79626422,4.9332519,1.3333883,0.98769799,30.19
407,5,13539,1934,5thu_B3N_B_404,1,unimol,0.65741413,0.7949894,3.7665155,0.86056411,0.36454961,25.75
408,6,11424,1632,5del_D59_A_603,0,surfdock,0.64160586,0.98243158,2.0787468,0.10315975,0.54678837,3.8634853
409,6,9072,1296,4jzx_IPE_B_401,0,surfdock,0.79949118,0.98052568,2.1733811,0.11856987,0.98659831,3.0483309
410,6,11425,1632,5del_D59_A_603,1,unimol,0.65548243,0.98034331,2.1027758,0.13714169,0.97301067,16.09
411,6,3872,553,2c3d_COM_B_1525,1,unimol,0.63970238,0.93620068,2.3947802,0.55009818,0.94499902,20.42
412,6,9311,1330,4lvb_20N_A_601,1,unimol,0.75046647,0.93185651,2.4632254,0.64689445,0.99096027,24.78
413,6,7169,1024,3zv6_4HB_A_1277,1,unimol,0.63601651,0.9308756,2.536278,0.49033353,0.89869674,15.63
414,6,8618,1231,4i02_CMP_A_302,1,unimol,0.65336806,0.92912517,2.553463,0.54231399,0.9840467,21.78
415,6,176,25,1bqp_MAN_C_402,1,unimol,0.63427313,0.9277337,2.0058019,0,0.97204432,20.81
416,6,2934,419,1v5g_HTL_A_1602,1,unimol,0.63427313,0.9277337,2.0058019,0,0,27.26
417,6,5433,776,2vkg_CF4_A_1064,1,unimol,0.63427313,0.9277337,2.0058019,0,0,24.17
418,6,5664,809,2x6o_2TC_A_1209,1,unimol,0.63427313,0.9277337,2.0058019,0,0,24.5
419,6,9752,1393,4p5y_NGA_A_201,1,unimol,0.63427313,0.9277337,2.0058019,0,0.99005169,18.21
420,6,10606,1515,4xv4_25T_A_302,1,unimol,0.63427313,0.9277337,2.0058019,0,0.99723952,11.68
421,6,10613,1516,4xz9_G3P_C_302,1,unimol,0.63427313,0.9277337,2.0058019,0,0.95554234,20.6
422,6,11964,1709,5g09_6DF_A_1475,1,unimol,0.63427313,0.9277337,2.0058019,0,0,29.9
423,6,11971,1710,5g09_6DF_B_1474,1,unimol,0.63427313,0.9277337,2.0058019,0,0.97162296,22.63
424,6,11978,1711,5g09_6DF_D_1476,1,unimol,0.63427313,0.9277337,2.0058019,0,0,23.41
425,6,14379,2054,5ysh_5AD_D_605,1,unimol,0.63427313,0.9277337,2.0058019,0,0.98677077,27.34
426,6,14386,2055,5ysh_5AD_G_605,1,unimol,0.63427313,0.9277337,2.0058019,0,0.98270107,30.89
427,6,14393,2056,5ysh_5AD_J_605,1,unimol,0.63427313,0.9277337,2.0058019,0,0.98087692,24.5
428,6,14778,2111,6c17_DNX_A_202,1,unimol,0.63427313,0.9277337,2.0058019,0,0.91605381,18.3
429,6,14834,2119,6cgn_DA_A_801,1,unimol,0.63427313,0.9277337,2.0058019,0,0.9779484,23.54
430,6,15009,2144,6e8i_PTR_A_201,1,unimol,0.63427313,0.9277337,2.0058019,0,0,22.39
431,6,17158,2451,6tog_NQH_A_201,1,unimol,0.63427313,0.9277337,2.0058019,0,0.99100723,20.3
432,6,17186,2455,6tot_NRK_A_401,1,unimol,0.63427313,0.9277337,2.0058019,0,0.97666494,23.69
433,6,17193,2456,6tot_NRK_B_401,1,unimol,0.63427313,0.9277337,2.0058019,0,0.97663485,21.61
434,6,13350,1907,5r0j_RBJ_B_401,1,unimol,0.63427313,0.92704554,2.0103669,0.0064558857,0.94617903,17.29
435,6,9073,1296,4jzx_IPE_B_401,1,unimol,0.75046655,0.92598176,2.508584,0.71104139,0.97311959,21.87
436,6,16255,2322,6ny7_L8J_A_303,1,unimol,0.63427313,0.92519269,2.0227087,0.023909627,0,19.08
437,6,2787,398,1tuu_PIS_B_2854,1,unimol,0.63427313,0.92423732,2.0291014,0.032950293,0.89805393,21.12
438,6,12762,1823,5jp9_DCM_B_401,1,unimol,0.63427313,0.92158737,2.046937,0.058173668,0.92004257,17.78
439,6,12650,1807,5j6y_GLC_A_309,1,unimol,0.63427313,0.92156391,2.0470951,0.058397099,0,15.74
440,6,10361,1480,4ur9_BK9_A_1717,1,unimol,0.63427313,0.92048372,2.05441,0.068742074,0.99511855,24.41
441,6,13896,1985,5vyr_B62_A_301,1,unimol,0.69446259,0.91896184,2.6615212,0.65523487,0.98331507,20.4
442,6,1275,182,1j3k_UMP_C_611,1,unimol,0.63427313,0.91828475,2.0693815,0.089914963,0,17.7
443,6,1282,183,1j3k_UMP_D_711,1,unimol,0.63427313,0.91828475,2.0693815,0.089914963,0,26.21
444,6,15499,2214,6i4b_E2N_A_603,1,unimol,0.63427313,0.91807015,2.0708482,0.091989376,0,31.24
445,6,1261,180,1j3i_UMP_D_711,1,unimol,0.63427313,0.91791779,2.0718901,0.093462944,0,27.58
446,6,15506,2215,6i4b_E2N_B_603,1,unimol,0.63427313,0.9171465,2.077173,0.10093384,0,25.47
447,6,12188,1741,5hc0_NPO_A_407,1,unimol,0.63427313,0.91675972,2.0798283,0.10468896,0.94634404,19.63
448,6,2941,420,1v5y_4HC_A_1455,1,unimol,0.63601651,0.91606431,2.5426137,0.75916666,0.98753036,14.93
449,6,1254,179,1j3i_UMP_C_611,1,unimol,0.63427313,0.91484522,2.0930154,0.12333831,0,22.05
450,6,9255,1322,4l8q_XMM_A_303,1,unimol,0.63427313,0.91282702,2.107008,0.1431271,0.82378864,15.78
451,6,13231,1890,5o72_9MH_A_303,1,unimol,0.63427313,0.91172009,2.1147215,0.15403572,0.97380036,22.96
452,6,1541,220,1kuj_MMA_E_503,1,unimol,0.63427313,0.90774686,2.1891024,0.14706296,0.96051019,24
453,6,16892,2413,6s23_KSW_A_403,1,unimol,0.63427313,0.90733105,2.145586,0.19768445,0.99324105,24.23
454,6,1534,219,1kuj_MMA_C_502,1,unimol,0.63427313,0.90717589,2.1893909,0.15653458,0.94943352,21.97
455,6,1527,218,1kuj_MMA_A_501,1,unimol,0.63427313,0.90702459,2.1894813,0.15903275,0.94941724,21.37
456,6,14155,2022,5xmq_PLG_A_501,1,unimol,0.63601651,0.906041,2.6229391,0.87276393,0.9832718,24.13
457,6,540,77,1g4s_TPS_B_2002,1,unimol,0.63427313,0.90541345,2.1592121,0.2169549,0.98254196,18.7
458,7,12401,1771,5ijz_AKG_A_502,4,gnina,0.77231135,0.9216023,2.9478519,0.5587492,0,28.682882
459,7,12398,1771,5ijz_AKG_A_502,1,unimol,0.70477159,0.87650079,4.0316243,0.3607296,0,31.48
460,7,12809,1829,5kcp_PFB_B_378,6,smina,0.67208848,0.87107542,3.1642897,1.3122919,1.9108277e-07,0.93938814
461,7,2164,309,1pfw_MF3_A_553,1,unimol,0.64256253,0.86369079,2.7355802,0.64784294,0.99201225,16.52
462,7,13728,1961,5uio_LG3_E_201,1,unimol,0.64256253,0.85981823,2.9773128,0.48215139,0.99514181,22.7
463,7,12797,1828,5kcp_PFB_A_379,1,unimol,0.64809645,0.85516954,3.6036923,1.1833647,0.044106051,21.61
464,7,5832,833,2ye5_2A7_A_1224,1,unimol,0.64256253,0.85090972,2.8871372,0.75121278,0.8793011,20.28
465,7,7001,1000,3wr4_GDE_B_502,1,unimol,0.64256253,0.84590075,2.9449747,0.7964474,0.98741293,18.99
466,7,12804,1829,5kcp_PFB_B_378,1,unimol,0.66523849,0.84469084,3.6263359,1.449317,0.95406069,15.12
467,7,12796,1828,5kcp_PFB_A_379,0,surfdock,0.56271552,0.84274708,2.3493116,0.15973869,0.98490993,2.3893051
468,7,5114,730,2qd4_CHD_B_926,4,gnina,0.77231135,0.84147383,3.9418011,1.2698376,7.7195174e-06,4.2280959
469,7,17389,2484,6vo2_R67_A_403,1,unimol,0.64256253,0.83777176,3.1678865,0.74476337,0.85925299,15.04
470,7,17396,2485,6vo2_R67_B_403,1,unimol,0.64256253,0.83624332,3.7825119,0.1628906,0.92688462,27.14
471,7,9332,1333,4lz7_1YW_C_804,1,unimol,0.64256253,0.83011227,3.3150742,0.76353723,3.440424e-08,20.68
472,7,9310,1330,4lvb_20N_A_601,0,surfdock,0.812235,0.82865205,5.1063962,0.43163571,0.99175998,3.2958316
473,7,14196,2028,5y1g_AKB_A_401,0,surfdock,0.59590462,0.82153566,2.5500815,0.44367021,0.9331461,2.481586
474,7,12419,1774,5ijz_AKG_E_502,1,unimol,0.64256253,0.81916833,3.9620323,0.36183327,0.90479394,35.01
475,7,14204,2029,5y7a_KYN_A_502,1,unimol,0.64256253,0.81902133,3.3965127,0.93071496,0,21.22
476,7,13098,1871,5n8c_8Q8_A_403,1,unimol,0.64256253,0.81886174,3.5601568,0.77072054,0.5425519,28.23
477,7,13105,1872,5n8c_8Q8_B_403,1,unimol,0.64256253,0.8184684,3.5651791,0.77470654,0.97325276,30.83
478,7,12412,1773,5ijz_AKG_D_502,1,unimol,0.64256253,0.81726101,3.9827106,0.38490972,0.80909723,30.41
479,7,5446,778,2vlf_PLI_B_1459,0,surfdock,0.70030313,0.8166059,4.3075523,1.5046558,0,4.03213
480,7,12405,1772,5ijz_AKG_B_502,1,unimol,0.64256253,0.81648659,4.0277872,0.35768607,0.69949005,28.94
481,7,245,35,1d3g_ORO_A_399,0,surfdock,0.70030427,0.81254666,4.1406946,1.7859086,0.20925065,2.5082207
482,7,12348,1764,5i9m_69K_A_302,0,surfdock,0.68297888,0.81048507,4.5529141,1.4009007,0,3.3454763
483,7,4291,613,2fzb_TOL_A_800,0,surfdock,0.83059749,0.80663581,3.84852,2.2799394,0.97663223,3.4131322
484,7,10431,1490,4w1v_3GS_B_502,1,unimol,0.64256253,0.8025338,3.4657097,1.2503284,0,19.14
485,7,6770,967,3vq4_0NX_A_305,1,unimol,0.64256253,0.80091588,4.1379161,0.61757523,0.9885928,13.8
486,7,3354,479,1z11_8MO_B_501,1,unimol,0.64256253,0.79849008,4.4252877,0.38980693,0.92397906,25.44
487,7,3361,480,1z11_8MO_C_501,1,unimol,0.64256253,0.79849008,4.4252877,0.38980693,0.94893196,21.72
488,7,3368,481,1z11_8MO_D_501,1,unimol,0.64256253,0.79849008,4.4252877,0.38980693,0.95399632,24.52
489,7,3347,478,1z11_8MO_A_501,1,unimol,0.64256253,0.79637643,4.4158115,0.45165947,0.94629097,22.9
490,7,9352,1336,4m54_AE5_A_403,0,surfdock,0.59590462,0.79567993,2.7891533,0.73515004,5.927046e-05,3.234894
491,7,5489,784,2vss_V55_D_1250,1,unimol,0.64256253,0.79501877,3.5507762,1.3505602,0.97471469,25.06
492,7,6545,935,3u3o_3QV_A_296,0,surfdock,0.68317549,0.79485188,4.1871085,2.2047079,0,2.7611647
493,7,8121,1160,4dwv_PFB_A_378,1,unimol,0.64256253,0.79428972,3.5745652,1.3450297,0.98319331,18.1
494,7,8128,1161,4dwv_PFB_B_378,1,unimol,0.64256253,0.79428972,3.5745652,1.3450297,0.98198648,16.19
495,7,2163,309,1pfw_MF3_A_553,0,surfdock,0.56165003,0.79404982,2.2363594,0,0.98994574,2.8961607
496,7,5831,833,2ye5_2A7_A_1224,0,surfdock,0.56165003,0.79404982,2.2363594,0,0.99016123,2.422752
497,7,7000,1000,3wr4_GDE_B_502,0,surfdock,0.56165003,0.79404982,2.2363594,0,0.98247533,2.8273422
498,7,13727,1961,5uio_LG3_E_201,0,surfdock,0.56165003,0.79351176,2.2404478,0.0057818731,0.99610047,2.1445626
499,7,13399,1914,5t63_ALA_C_1,1,unimol,0.64256253,0.78465919,4.5542631,0.61129194,0,19.25
500,7,9596,1370,4nf4_2JK_A_301,6,smina,0.84438403,0.78455557,5.4956222,1.2730087,0.99543615,1.4223105
501,7,16059,2294,6nba_P1T_A_501,1,unimol,0.64256253,0.78391826,3.6694853,1.5153693,0,23.58
502,7,16066,2295,6nba_P1T_B_501,1,unimol,0.64256253,0.78391826,3.6694853,1.5153693,0,22.56
503,7,16080,2297,6nba_P1T_D_501,1,unimol,0.64256253,0.78391826,3.6694853,1.5153693,0.98758176,20.46
504,7,13104,1872,5n8c_8Q8_B_403,0,surfdock,0.56165003,0.78278213,2.3394201,0.1079047,0.78343251,5.8373082
505,7,6763,966,3vq4_0NX_A_304,1,unimol,0.64256253,0.78224845,4.5191464,0.70940298,0.98286377,16.24
506,7,13097,1871,5n8c_8Q8_A_403,0,surfdock,0.56165003,0.78188708,2.3434739,0.12100088,0,5.0410398
507,7,14203,2029,5y7a_KYN_A_502,0,surfdock,0.56165003,0.78110305,2.3370905,0.14245512,0.9182321,3.1640811
508,8,17469,2495,6x9d_HYP_B_2002,4,gnina,0.90541176,0.83311464,3.9119098,1.477536,0.99912904,12.769349
509,8,12768,1824,5k2c_ZMA_A_1201,0,surfdock,0.76294549,0.83133886,4.1649756,1.2437509,0,3.7117504
510,8,11295,1613,5cak_4Z9_A_802,4,gnina,0.81526316,0.81313366,3.9962952,1.8930932,0.88575084,2.4435903
511,8,13069,1867,5mzj_TEP_A_2401,0,surfdock,0.75757341,0.81219294,4.6346755,1.2738005,0.99759144,2.6419047
512,8,9331,1333,4lz7_1YW_C_804,0,surfdock,0.59146162,0.81031204,2.5788028,0.56086665,0,3.7917553
513,8,1226,175,1ixo_G3P_B_1002,1,unimol,0.71737714,0.80991748,5.5734506,0.37900835,0,24.29
514,8,7463,1066,4bdr_KAI_B_900,1,unimol,0.6457005,0.80433226,3.4507601,1.2029381,0.96895492,18.94
515,8,246,35,1d3g_ORO_A_399,1,unimol,0.73774885,0.79988942,5.2048688,1.0394408,0,17.3
516,8,9590,1370,4nf4_2JK_A_301,0,surfdock,0.87246008,0.79892595,5.9633842,0.32672533,0,3.0677445
517,8,3494,499,1zha_PEP_B_2268,1,unimol,0.72630346,0.79830828,5.1978884,1.0874255,0.97050759,15.63
518,8,11551,1650,5e4o_L57_B_201,1,unimol,0.6457005,0.78993103,4.1752887,0.83708543,0.97697248,23.08
519,8,519,74,1fuy_FIP_A_269,1,unimol,0.6457005,0.78751191,3.868475,1.2060885,0.97591356,24.79
520,8,12293,1756,5i5s_NVU_A_402,1,unimol,0.6457005,0.78412479,4.371954,0.79065222,0.99177429,16.41
521,8,12300,1757,5i5s_NVU_B_402,1,unimol,0.6457005,0.78412479,4.371954,0.79065222,0.99177946,15.1
522,8,16548,2364,6q4r_MLT_A_1041,0,surfdock,0.65678672,0.78368907,4.0281591,2.6105664,0,2.4496826
523,8,11291,1613,5cak_4Z9_A_802,0,surfdock,0.87270874,0.78136808,4.1083469,2.7005279,0.97813324,3.788045
524,8,1085,155,1ia1_TQ3_A_194,0,surfdock,0.88967127,0.78012206,4.6955004,2.1541932,0.99704587,3.3102819
525,8,4131,590,2f64_12Q_B_471,1,unimol,0.6457005,0.77187432,5.0702777,0.42049208,1.1648884e-33,13.49
526,8,4124,589,2f64_12Q_A_472,1,unimol,0.6457005,0.77067217,5.115881,0.40793771,1.3388283e-33,16.95
527,8,6976,996,3wlf_FEH_B_401,4,gnina,0.6208501,0.7684417,3.8298092,0.36600313,0.95626562,2.9002614
528,8,4068,581,2ef9_PEP_A_1268,1,unimol,0.6457005,0.76765724,4.8746686,0.73272091,0.97739451,21.05
529,8,4075,582,2ef9_PEP_B_2268,1,unimol,0.6457005,0.76765724,4.8746686,0.73272091,0.96732874,17.49
530,8,6990,998,3wlf_FEH_D_401,4,gnina,0.60377008,0.76724911,3.8323669,0.37994117,0.99247392,5.15285
531,8,15672,2238,6jz6_CKX_B_701,6,smina,0.65716008,0.76635733,4.8460622,2.3322251,0.98498229,1.5213517
532,8,16745,2392,6r6i_H50_A_201,1,unimol,0.6457005,0.76455209,4.2376342,1.4568601,0.78044657,17.59
533,8,6665,952,3vc3_C6P_E_501,1,unimol,0.6457005,0.76433381,4.8611398,0.83951706,0.94213267,23.73
534,8,14455,2065,5zg2_9C0_A_902,0,surfdock,0.57488487,0.76417645,2.4361565,0.17997576,0.99541605,3.5175097
535,8,6644,949,3vc3_C6P_A_501,1,unimol,0.6457005,0.763136,4.8720107,0.86256039,0,23.1
536,9,7141,1020,3zog_A2Q_A_200,1,unimol,0.64525051,0.93041237,2.2324073,0,0,20.03
537,9,9654,1379,4nr9_ALY_A_2005,1,unimol,0.64525051,0.80916397,3.417269,1.1472621,0.98503991,33.47
538,9,1922,274,1njr_XYL_A_285,4,gnina,0.66146086,0.80675622,3.9651191,2.0492535,6.1466915e-05,1.9269694
539,9,6978,996,3wlf_FEH_B_401,6,smina,0.72164611,0.80595723,4.9300895,1.1692061,0.23356925,0.86454783
540,9,1870,267,1n1i_HIS_C_501,1,unimol,0.69490772,0.80057431,4.2828012,1.9532928,0,17.5
541,9,7050,1007,3wug_XYP_B_2,1,unimol,0.64525051,0.7972737,4.6771126,0.17503993,0,23.14
542,9,7140,1020,3zog_A2Q_A_200,0,surfdock,0.56543606,0.78205722,2.2324073,0,0,1.9724082
543,9,16891,2413,6s23_KSW_A_403,0,surfdock,0.58064064,0.77849408,2.9475052,0.90782815,0.20075418,1.9381392
544,9,13721,1960,5uio_8DM_E_202,1,unimol,0.64525051,0.77186771,4.3213506,1.1905136,0.97354823,21.23
545,9,7043,1006,3wug_XYP_B_1,1,unimol,0.64525051,0.76993041,4.400188,1.1646782,0,18.09
546,9,13720,1960,5uio_8DM_E_202,0,surfdock,0.56543606,0.76987448,2.3280618,0.13527577,0.98849882,3.343181
547,9,13700,1957,5uio_8DM_A_202,1,unimol,0.64525051,0.76912154,4.3488655,1.2382489,0.96228972,22.86
548,9,13699,1957,5uio_8DM_A_202,0,surfdock,0.56543606,0.76839835,2.3399627,0.15210608,0.98649564,3.3342614
549,9,1869,267,1n1i_HIS_C_501,0,surfdock,0.56940528,0.76798111,3.0100276,0.85356337,0.8243796,2.2569443
550,9,8470,1210,4h0x_LAR_B_403,0,surfdock,0.58023455,0.76718898,3.0672121,1.0034332,0,4.0764693
551,9,13706,1958,5uio_8DM_C_202,0,surfdock,0.56543606,0.7670152,2.3597109,0.15942793,0,2.3758216
552,9,13707,1958,5uio_8DM_C_202,1,unimol,0.64525051,0.76600597,4.388144,1.285324,0.9648822,19.19
553,9,9653,1379,4nr9_ALY_A_2005,0,surfdock,0.56543606,0.76024341,2.4069595,0.2468542,0.87533355,2.7469335
554,9,4120,588,2f3s_7GP_A_998,4,gnina,0.84873962,0.75890581,5.5163102,2.0304725,0.95983706,3.580426
555,9,2167,309,1pfw_MF3_A_553,4,gnina,0.65249977,0.75760273,5.7145839,1.7603359,0.93724513,3.7407611
556,9,3773,539,2bgc_DTT_F_1238,0,surfdock,0.56543606,0.75706034,2.5169907,0.20137852,0.36626258,2.4071066
557,9,3780,540,2bgc_DTU_A_1238,0,surfdock,0.56543606,0.75706034,2.5169907,0.20137852,0.58303984,2.3618462
558,9,17465,2495,6x9d_HYP_B_2002,0,surfdock,0.88975446,0.75528289,5.3627725,2.3120787,0.96682013,2.4940242
559,9,12275,1753,5i0m_UMP_A_201,4,gnina,0.75399143,0.75228798,6.3555179,1.392382,0.71679683,3.8668146
560,9,13075,1867,5mzj_TEP_A_2401,6,smina,0.73457536,0.74970993,5.6985164,2.1342762,0,0.78720368
561,9,1415,202,1k8z_IAG_A_501,1,unimol,0.64525051,0.74965179,5.5706496,0.57390678,0.96225639,21.73
562,9,249,35,1d3g_ORO_A_399,4,gnina,0.56802826,0.74893661,3.7750123,0.43647075,0.16362501,1.9915786
563,9,10875,1553,4zqp_IMP_A_601,4,gnina,0.59722221,0.74678972,4.3457322,0.3513771,0.91449427,3.7672996
564,9,4949,707,2prl_R2C_A_400,0,surfdock,0.58037315,0.74627685,3.6195097,0.9864248,0.98308756,4.1368645
565,9,1919,274,1njr_XYL_A_285,1,unimol,0.67005956,0.74493441,6.0954628,1.860269,0.83104973,25
566,9,1414,202,1k8z_IAG_A_501,0,surfdock,0.56543606,0.74397803,2.6766336,0.31581518,0.99442625,3.3719875
567,9,16877,2411,6rum_TOP_A_301,0,surfdock,0.57980868,0.74388875,3.8863552,0.71375382,0.99616858,3.8720112
568,9,6868,981,3w8x_FTK_B_601,1,unimol,0.64525051,0.74302911,4.3002524,2.0439801,0,18.16
569,9,12748,1821,5joy_6LW_A_602,1,unimol,0.64525051,0.74255568,5.0876546,1.2710583,0.95993939,21.93
570,9,12755,1822,5joy_6LW_B_602,1,unimol,0.64525051,0.74255568,5.0876546,1.2710583,0.93147422,19.96
571,9,3319,474,1yik_MM1_A_500,1,unimol,0.64525051,0.74182704,5.4622283,0.9188211,0,25.83
572,9,3235,462,1xny_BTN_A_5602,1,unimol,0.64525051,0.74170304,5.3964562,0.98840088,0.88526479,29.52
573,9,5166,738,2qui_LTN_A_501,0,surfdock,0.63406784,0.73992423,4.0338159,0.92050838,0,3.1416823
574,9,3242,463,1xny_BTN_B_5602,1,unimol,0.64525051,0.73940855,5.4173293,1.0383385,0.96439152,20
575,9,15589,2227,6jmd_BVO_A_408,0,surfdock,0.56543606,0.73865605,2.8076084,0.30052701,0.99417619,4.7117748
576,9,518,74,1fuy_FIP_A_269,0,surfdock,0.57987773,0.73834272,3.6828613,1.0673896,0,3.7793622
577,9,645,92,1gkc_NFH_B_1449,1,unimol,0.64525051,0.73660082,6.1186996,0.42452285,0.93849705,23.14
578,9,5167,738,2qui_LTN_A_501,1,unimol,0.66293724,0.73371447,6.6196933,1.7153453,0,19.06
579,9,12800,1828,5kcp_PFB_A_379,4,gnina,0.75118002,0.73302557,6.4173946,2.0081024,0.010325126,3.969758
580,9,12747,1821,5joy_6LW_A_602,0,surfdock,0.56543606,0.73298667,2.6966217,0.53753418,0,2.5029702
581,9,12754,1822,5joy_6LW_B_602,0,surfdock,0.56543606,0.73298667,2.6966217,0.53753418,0.0075773133,2.4667985
582,9,9737,1391,4oxy_1TN_A_302,0,surfdock,0.56543606,0.73284854,2.7742865,0.46297702,0.98129797,3.6238136
583,9,9744,1392,4oxy_1TN_D_302,0,surfdock,0.56543606,0.73284854,2.7742865,0.46297702,0,3.7402037
584,9,10522,1503,4x36_CHT_A_410,1,unimol,0.66293724,0.7310243,6.5894256,1.843992,0.94872947,19.83
585,9,15603,2229,6jme_BVU_A_409,0,surfdock,0.56543606,0.72787232,2.9771461,0.37322932,0.99346171,4.5754759
586,10,7883,1126,4d06_X8W_B_301,1,unimol,0.64245709,0.88854223,2.4580431,0.25699005,0.98425318,26.94
587,10,14847,2121,6cut_FEJ_A_401,0,surfdock,0.88148442,0.87129177,3.815038,0.47108918,0,3.2570074
588,10,8135,1162,4e7v_CRS_1_101,1,unimol,0.64245709,0.86095995,2.5128157,0.71835816,0.98431918,19.38
589,10,8142,1163,4e7v_CRS_3_101,1,unimol,0.64245709,0.86095995,2.5128157,0.71835816,0.97780262,22.35
590,10,8212,1173,4e7v_CRS_Y_101,1,unimol,0.64245709,0.86095995,2.5128157,0.71835816,0.98949961,14.47
591,10,14851,2121,6cut_FEJ_A_401,4,gnina,0.91185642,0.85819821,3.4110708,1.1728272,0.96912011,7.8016719
592,10,7869,1124,4d06_NAR_F_301,1,unimol,0.64245709,0.85753746,2.795243,0.50347173,0.95399504,23.32
593,10,7855,1122,4d06_NAR_D_302,1,unimol,0.64245709,0.8571101,2.7648242,0.54237998,0.97662485,25.01
594,10,8149,1164,4e7v_CRS_A_101,1,unimol,0.64245709,0.85180682,2.5883925,0.8252399,0.98615407,18.41
595,10,8205,1172,4e7v_CRS_S_101,1,unimol,0.64245709,0.85180682,2.5883925,0.8252399,0.98539739,18.74
596,10,1576,225,1kya_XYD_D_814,1,unimol,0.64245709,0.84989633,2.6832409,0.76922143,0.97004199,20.24
597,10,8156,1165,4e7v_CRS_C_101,1,unimol,0.64245709,0.84884572,2.6133673,0.86055928,0.99096455,20.88
598,10,8163,1166,4e7v_CRS_E_101,1,unimol,0.64245709,0.84884572,2.6133673,0.86055928,0.9905427,21.31
599,10,8170,1167,4e7v_CRS_G_101,1,unimol,0.64245709,0.84884572,2.6133673,0.86055928,0.99519348,15.9
600,10,8177,1168,4e7v_CRS_I_101,1,unimol,0.64245709,0.84884572,2.6133673,0.86055928,0.98707028,18.44
601,10,8191,1170,4e7v_CRS_M_101,1,unimol,0.64245709,0.84884572,2.6133673,0.86055928,0.98743952,18.92
602,10,8198,1171,4e7v_CRS_O_101,1,unimol,0.64245709,0.84884572,2.6133673,0.86055928,0.98736929,20.43
603,10,8184,1169,4e7v_CRS_K_101,1,unimol,0.64245709,0.84735942,2.6260021,0.87842751,0.9820967,19.96
604,10,8359,1194,4fxr_BMP_A_301,1,unimol,0.64245709,0.84123064,2.9115975,0.72032303,0.9526753,18.12
605,10,8366,1195,4fxr_BMP_B_301,1,unimol,0.64245709,0.83888743,2.9561491,0.72525364,0.96170767,20.69
606,10,15121,2160,6f77_PLP_D_600,1,unimol,0.64245709,0.83314994,2.9473264,0.85700721,0.97230485,22.75
607,10,7890,1127,4d06_X8W_D_303,1,unimol,0.64245709,0.83145193,2.7654982,1.0757049,0.035432403,23.38
608,10,15107,2158,6f77_PLP_A_600,1,unimol,0.64245709,0.83075781,2.9652088,0.89113092,0.9751423,27.22
609,10,15128,2161,6f77_PLP_E_600,1,unimol,0.64245709,0.83075781,2.9652088,0.89113092,0.96682991,29.91
610,10,15114,2159,6f77_PLP_C_600,1,unimol,0.64245709,0.82938449,2.9755936,0.91080868,0,25.21
611,10,7848,1121,4d06_NAR_C_301,1,unimol,0.64245709,0.82561199,3.1447618,0.82498997,0.992269,28.17
612,10,10732,1533,4z69_DIF_A_1008,1,unimol,0.64245709,0.82402399,3.6959927,0.30918711,0,19.19
613,10,7862,1123,4d06_NAR_E_301,1,unimol,0.64245709,0.82315116,3.1772568,0.84748387,0.99335969,23.42
614,10,10725,1532,4z69_DIF_A_1007,1,unimol,0.64245709,0.8230973,3.7078905,0.31805763,0.98504842,23.84
615,10,7841,1120,4d06_NAR_A_301,1,unimol,0.64245709,0.82191915,3.1936302,0.8588261,0.99396333,26.76
616,10,10871,1553,4zqp_IMP_A_601,0,surfdock,0.74916346,0.81684573,4.509388,1.0677298,0.99112463,3.9814826
617,10,1513,216,1km6_OMP_A_2001,1,unimol,0.64245709,0.81340444,3.1901009,1.0573611,0,15.8
618,10,1418,202,1k8z_IAG_A_501,4,gnina,0.64652363,0.81239248,4.0188599,1.6072011,0.0056558862,2.8631098
619,10,16881,2411,6rum_TOP_A_301,4,gnina,0.64619487,0.81227144,3.7996552,1.828372,0.95067302,3.449896
620,10,7004,1000,3wr4_GDE_B_502,4,gnina,0.64013296,0.80610651,2.5780292,0.61429292,0.87567593,2.6180599
621,10,6637,948,3vbn_TYD_E_301,1,unimol,0.64245709,0.8005604,3.6079814,0.94549239,0,21.27
622,10,6966,995,3wk1_O7E_A_301,1,unimol,0.64245709,0.79696557,3.0971098,1.5446745,0,23.09
623,10,12530,1790,5j4k_6FZ_A_404,0,surfdock,0.57087372,0.79605578,2.6563809,0.48002136,0.98689663,2.4127671
624,10,6630,947,3vbn_TYD_C_301,1,unimol,0.64245709,0.79556482,3.6933439,0.98317415,0,17.64
625,10,6623,946,3vbn_TYD_A_301,1,unimol,0.64245709,0.79499993,3.6777751,1.0128018,0,18.59
626,10,2451,350,1rqh_PYR_A_602,1,unimol,0.64245709,0.79157801,3.6828163,1.0935743,0.94853187,14.85
627,10,3193,456,1xid_ASC_A_389,1,unimol,0.64245709,0.79152547,3.3641193,1.4135964,0.89814863,15.76
628,10,6959,994,3wjz_NUP_A_301,1,unimol,0.64245709,0.7894122,3.6378872,1.1933949,0,17.77
629,10,2681,383,1tkh_DPN_A_911,0,surfdock,0.57077872,0.78772,2.6432807,0.66846049,0,2.2659169
630,10,14200,2028,5y1g_AKB_A_401,4,gnina,0.71522272,0.78748854,4.9952044,1.3973914,0.85245806,1.5201915
631,10,7071,1010,3wwc_BUA_A_403,1,unimol,0.64245709,0.78645278,3.7028847,1.2041355,0.98285024,14.45
632,10,1506,215,1klz_U_A_2001,1,unimol,0.64245709,0.78511349,3.2563531,1.6852232,0,24.37
633,10,1575,225,1kya_XYD_D_814,0,surfdock,0.55772358,0.78241171,2.0048599,0,0.015163434,2.0970058
634,10,6804,972,3w4i_8LG_A_402,0,surfdock,0.55772358,0.78241171,2.0048599,0,0.35536132,4.2170304
635,10,7868,1124,4d06_NAR_F_301,0,surfdock,0.55772358,0.78241171,2.0048599,0,0.97458134,2.9190977
636,11,15593,2227,6jmd_BVO_A_408,4,gnina,0.69676964,0.94542665,2.5000107,0.50993884,0.99707209,7.8086095
637,11,15607,2229,6jme_BVU_A_409,4,gnina,0.69650315,0.90765762,2.8088257,0.8682366,0.99561846,5.5941877
638,11,4953,707,2prl_R2C_A_400,4,gnina,0.6670801,0.87662927,3.3595746,0.9115985,7.9024643e-09,4.6266075
639,11,14438,2062,5z9b_HX3_A_303,4,gnina,0.66522177,0.87386653,3.0057859,1.3211061,0.00080650781,1.8213192
640,11,8282,1183,4evi_C9M_A_402,1,unimol,0.65032687,0.839027,3.5953083,0.26811016,0.97820645,22.26
641,11,1873,267,1n1i_HIS_C_501,4,gnina,0.69135143,0.83007834,3.9797885,1.3640221,0.0014285187,1.9027157
642,11,7197,1028,3zwt_KFZ_A_1401,1,unimol,0.65032687,0.82998417,3.2313583,0.82331574,0,16.34
643,11,330,47,1duc_DUD_A_201,1,unimol,0.65032687,0.82575315,3.7165234,0.42980179,0,25.95
644,11,9741,1391,4oxy_1TN_A_302,4,gnina,0.69196627,0.81196084,4.8799205,0.92585361,5.4457692e-05,5.4967967
645,11,14424,2060,5z54_0HZ_D_303,4,gnina,0.69425599,0.80151785,4.7074504,1.3807788,0.97400102,3.3548013
646,11,11838,1691,5fiu_Y3J_A_1299,1,unimol,0.65032687,0.78852224,3.498044,1.5194378,0.68544196,19.15
647,11,11845,1692,5fiu_Y3J_B_1299,1,unimol,0.65032687,0.78852224,3.498044,1.5194378,0.78350732,16.84
648,11,5488,784,2vss_V55_D_1250,0,surfdock,0.55971138,0.78207454,2.6980007,0.88583207,0.002850117,2.6354159
649,11,7316,1045,4a9j_TYL_C_1184,1,unimol,0.65032687,0.78174226,3.363158,1.8265061,0.99584009,16.66
650,11,309,44,1dpm_EBP_A_900,1,unimol,0.65032687,0.78149588,3.8910959,1.3049093,0.74387868,20.91
651,11,316,45,1dpm_EBP_B_902,1,unimol,0.65032687,0.78149588,3.8910959,1.3049093,0.91797723,21.44
652,11,323,46,1dpm_EBP_B_903,1,unimol,0.65032687,0.78147613,3.8573029,1.3392118,0.97920817,24.08
653,11,7302,1043,4a9j_TYL_A_1188,1,unimol,0.65032687,0.77874111,3.395324,1.8719962,0.99128895,21.84
654,11,7309,1044,4a9j_TYL_B_1187,1,unimol,0.65032687,0.77874111,3.395324,1.8719962,0.99386227,21.14
655,11,6210,887,3qhd_MSR_A_166,1,unimol,0.65032687,0.77480805,5.0095434,0.36091554,0.99091825,18.27
656,11,3508,501,1zk0_SS2_A_1260,1,unimol,0.65032687,0.77285367,4.5711236,0.85117316,0.96934391,13.76
657,11,11222,1603,5bkd_RCF_B_503,1,unimol,0.65032687,0.77127177,3.7113883,1.7531558,0,23.69
658,11,15065,2152,6f66_CUT_B_300,1,unimol,0.65032687,0.7711865,3.9936473,1.4731805,0.98783084,22.45
659,11,10214,1459,4u8y_MIY_B_1102,1,unimol,0.65226883,0.76392057,4.2685828,2.8226235,0.9426336,33.94
660,11,1968,281,1nrg_PLP_A_320,1,unimol,0.65032687,0.76349262,4.0585365,1.6175964,0.93683635,25.32
661,11,15058,2151,6f66_CUT_A_300,1,unimol,0.65032687,0.76340779,4.1181221,1.5603529,0.98986534,21.18
662,11,5804,829,2y00_Y00_B_601,1,unimol,0.65032687,0.75802894,3.9862239,1.8424271,0.9853551,25.37
663,11,2912,416,1v03_BGC_A_1498,0,surfdock,0.55514072,0.75768208,2.9891284,0.94940048,0.91451413,3.777401
664,11,4225,603,2fpu_HSO_B_509,4,gnina,0.60392196,0.75679885,3.261996,1.1624589,7.5173096e-05,3.2524114
665,11,17340,2477,6vei_9UO_B_502,1,unimol,0.65032687,0.75609076,3.9962337,1.8873188,0.97717331,24.35
666,11,7196,1028,3zwt_KFZ_A_1401,0,surfdock,0.55167677,0.7545029,2.3553958,0.36118376,0.98430495,3.8483007
667,11,16883,2411,6rum_TOP_A_301,6,smina,0.58346521,0.75420844,3.0355828,1.3632454,0.0077059447,3.1120373
668,11,8274,1182,4ekr_0R0_B_203,0,surfdock,0.55826285,0.75362028,3.2369139,0.90619117,0,2.5570276
669,11,5797,828,2y00_Y00_A_601,1,unimol,0.65032687,0.75278524,4.1188426,1.8593217,0.98996936,20.55
670,11,2892,413,1uqx_MMA_A_1116,1,unimol,0.65032687,0.75108865,4.2086849,1.8185256,0.92333776,22.96
671,11,10213,1459,4u8y_MIY_B_1102,0,surfdock,0.55826285,0.74859839,2.9798949,1.2844907,0,4.4687855
672,11,11690,1670,5eo8_TFU_A_406,0,surfdock,0.81412788,0.74703666,5.6874213,2.0848451,0.89876625,2.5101829
673,11,16542,2363,6q4k_HHW_A_302,1,unimol,0.65032687,0.74646632,4.4544263,1.7081102,0.97261115,17.04
674,11,9885,1412,4q3a_2YC_A_904,1,unimol,0.65032687,0.74624174,4.8958745,1.2733023,0.98231189,23.45
675,11,9892,1413,4q3a_2YC_B_904,1,unimol,0.65032687,0.74624174,4.8958745,1.2733023,0.98686118,23.95
676,11,16230,2318,6nni_CP6_A_203,4,gnina,0.69666507,0.74614755,6.4053917,1.3719172,0.99439024,2.3930277
677,11,9906,1415,4q3a_2YC_D_904,1,unimol,0.65032687,0.74605449,4.8987799,1.275937,0,24.96
678,11,9899,1414,4q3a_2YC_C_904,1,unimol,0.65032687,0.74602746,4.8991961,1.276319,0,18.25
679,11,1288,184,1j54_TMP_A_2000,0,surfdock,0.55167677,0.74564741,2.4744015,0.4233565,0.98734221,3.4149292
680,11,6664,952,3vc3_C6P_E_501,0,surfdock,0.55890392,0.74466466,3.3571835,1.0336238,0.95757499,4.2312206
681,11,15163,2166,6fgv_D9T_A_1901,1,unimol,0.65032687,0.74248188,4.9104748,1.3707476,0.8918838,23.85
682,11,322,46,1dpm_EBP_B_903,0,surfdock,0.55167677,0.74227597,2.5902827,0.37816215,0,2.7031244
683,11,16535,2362,6q4k_HHW_A_301,1,unimol,0.65032687,0.74193056,4.4903846,1.8074112,0.9802355,19.6
684,11,11837,1691,5fiu_Y3J_A_1299,0,surfdock,0.55167677,0.7416359,2.4487021,0.53327084,0,3.670506
685,11,11844,1692,5fiu_Y3J_B_1299,0,surfdock,0.55167677,0.7416359,2.4487021,0.53327084,0,3.5077773
686,12,14372,2053,5ylf_BGC_A_401,1,unimol,0.65946059,0.85467462,3.1006546,0.35909927,0.95010361,15.73
687,12,16682,2383,6qot_6SD_B_301,1,unimol,0.65946059,0.82814744,3.2362845,0.76910639,0.99433931,25.38
688,12,12534,1790,5j4k_6FZ_A_404,4,gnina,0.67696673,0.8272249,3.9476566,1.3127801,0.84280335,1.4491102
689,12,5866,838,2z20_PLP_A_701,0,surfdock,0.78057135,0.82068306,4.7601719,0.72646111,0,3.2609828
690,12,16850,2407,6rhc_K48_A_305,1,unimol,0.67141335,0.81676382,3.8787568,1.6307377,0.96944913,16.87
691,12,13731,1961,5uio_LG3_E_201,4,gnina,0.67897385,0.8165992,3.9924877,1.5395949,0.99160355,2.3696727
692,12,11929,1704,5fuv_THM_A_1388,1,unimol,0.65946059,0.81537322,3.3244412,0.96290129,0,19.02
693,12,9276,1325,4lek_1DN_X_202,1,unimol,0.65946059,0.812997,3.854744,0.48651734,0.99418086,17.26
694,12,16849,2407,6rhc_K48_A_305,0,surfdock,0.57168279,0.80350495,2.6591201,0.45888942,0.9953123,2.7247411
695,12,2157,308,1pbd_PAB_A_396,1,unimol,0.65946059,0.80305681,3.252353,1.3196745,0.98465301,22.17
696,12,3774,539,2bgc_DTT_F_1238,1,unimol,0.68564361,0.79395206,4.7195907,1.4278345,0,34.54
697,12,3781,540,2bgc_DTU_A_1238,1,unimol,0.66189895,0.79204442,4.7195907,1.4278345,0,26.62
698,12,1093,156,1ia1_TQ3_B_196,1,unimol,0.65946059,0.78786429,3.4004056,1.541344,0.96735884,20.41
699,12,4116,588,2f3s_7GP_A_998,0,surfdock,0.78779445,0.78197397,4.7011356,1.8429441,0.98231946,3.6868836
700,12,14207,2029,5y7a_KYN_A_502,4,gnina,0.7136143,0.78117794,4.5264959,2.0154536,0.74610367,2.5530614
701,12,8474,1210,4h0x_LAR_B_403,4,gnina,0.5605994,0.77517514,2.9997056,0.68394589,0.99747829,4.1876457
702,12,4977,711,2ptm_CMP_A_401,0,surfdock,0.5860119,0.76953979,3.2324822,0.81047881,0,3.4552826
703,12,5835,833,2ye5_2A7_A_1224,4,gnina,0.68323434,0.76679396,6.0411115,0.89603829,0.68504063,1.87815
704,12,14371,2053,5ylf_BGC_A_401,0,surfdock,0.53955827,0.76482002,2.257113,0.17106056,0,2.3546478
705,12,16681,2383,6qot_6SD_B_301,0,surfdock,0.53955827,0.76209186,2.3124516,0.16844776,0,2.9055812
706,12,16647,2378,6qo4_97T_A_301,1,unimol,0.65946059,0.76185976,4.1265216,1.5001525,0.99258974,19.93
707,12,16654,2379,6qo4_97T_B_301,1,unimol,0.65946059,0.76185976,4.1265216,1.5001525,0,14.6
708,12,4122,588,2f3s_7GP_A_998,6,smina,0.90392813,0.76158965,4.7564468,2.4238341,0.65451171,3.0877655
709,12,12769,1824,5k2c_ZMA_A_1201,1,unimol,0.68744365,0.76138909,6.0340619,1.0974699,0.99248909,25.71
710,12,1390,198,1jyx_IPT_B_2001,4,gnina,0.69521876,0.76131602,5.0429444,2.0965512,0.98304585,18.006306
711,12,10683,1526,4yu7_DHC_B_203,1,unimol,0.65946059,0.7609332,4.1295981,1.5227833,0.83104606,24.28
712,12,10676,1525,4yu7_DHC_A_204,1,unimol,0.65946059,0.76058716,4.136354,1.5256531,0.88076034,18.71
713,12,10690,1527,4yu7_DHC_B_204,1,unimol,0.65946059,0.76026674,4.1426034,1.5283285,0.87599011,24.88
714,13,10991,1570,5a2r_MLT_A_1615,1,unimol,0.66073798,0.82894469,3.7406368,0.6770187,0.90303237,20.35
715,13,2916,416,1v03_BGC_A_1498,4,gnina,0.71806774,0.81047382,4.1963601,1.9194332,0.87859552,4.66377
716,13,13437,1919,5t85_44G_L_301,4,gnina,0.58460988,0.80837736,3.0539982,0.56615591,1.3983781e-05,5.1771925
717,13,6511,930,3tye_XTZ_A_801,1,unimol,0.66073798,0.79838075,4.0840931,1.0187097,0,22.79
718,13,6504,929,3tye_XHP_B_901,1,unimol,0.66073798,0.79592033,3.644186,1.5172316,0.99357731,19.36
719,13,13433,1919,5t85_44G_L_301,0,surfdock,0.57272434,0.78158443,3.3903339,0.65250391,0.011390865,3.0655279
720,13,900,128,1h5r_THM_B_1293,4,gnina,0.55059952,0.78106788,2.456526,0.13670893,0.50497134,3.9880436
721,13,886,126,1h5r_THM_A_1293,4,gnina,0.55059952,0.78095267,2.4531515,0.14213552,0.56096788,3.5425287
722,13,928,132,1h5r_THM_D_1293,4,gnina,0.55059952,0.7807612,2.4475553,0.15114412,0.9802655,3.5105537
723,13,893,127,1h5r_THM_B_1292,4,gnina,0.55059952,0.78058307,2.4418631,0.16001485,3.9230732e-05,4.4224118
724,13,907,129,1h5r_THM_C_1292,4,gnina,0.55059952,0.78058307,2.4418631,0.16001485,0.16647514,3.3963155
725,13,921,131,1h5r_THM_D_1292,4,gnina,0.55059952,0.78058307,2.4418631,0.16001485,0.37825773,3.2867332
726,13,914,130,1h5r_THM_C_1293,4,gnina,0.55059952,0.78037659,2.4305332,0.17503126,0.00024132294,3.4453757
727,13,879,125,1h5r_THM_A_1292,4,gnina,0.55059952,0.7802178,2.421797,0.18660399,1.6440774e-05,3.500051
728,13,6556,936,3u3o_3QV_A_297,4,gnina,0.55059952,0.7750264,2.3752215,0.32688305,1.4433102e-05,2.0358462
729,13,10221,1460,4ubp_HAE_C_800,1,unimol,0.66073798,0.77101158,4.2031388,1.5836134,0.96412458,16.75
730,13,6147,878,3kt7_AKG_A_702,1,unimol,0.66073798,0.76766074,4.9268851,0.94866586,0.98618209,20.29
731,13,9657,1379,4nr9_ALY_A_2005,4,gnina,0.67156117,0.76150981,5.3114009,2.128545,0.0037448917,2.2579442
732,13,4862,694,2oci_TYC_A_401,4,gnina,0.55059952,0.75927681,2.557025,0.44121674,0.062857317,2.163631
733,13,16853,2407,6rhc_K48_A_305,4,gnina,0.70568737,0.75828075,6.5171599,1.0809662,0.9896873,2.0734903
734,13,14426,2060,5z54_0HZ_D_303,6,smina,0.57061527,0.75789013,4.2337661,0.28230566,0,3.8023061
735,13,6507,929,3tye_XHP_B_901,4,gnina,0.55059952,0.75464678,2.4880135,0.60083121,0.99656712,2.2280397
736,13,11960,1708,5g03_OE2_A_1263,4,gnina,0.55059952,0.75418565,2.8539112,0.24404833,0.040872468,4.608559
737,13,16895,2413,6s23_KSW_A_403,4,gnina,0.57761595,0.75179047,3.6341102,1.1573652,0.013875394,1.7561305
738,13,13959,1994,5w8q_BU4_B_400,1,unimol,0.66073798,0.7508106,4.4826303,1.8576317,0.995276,23.21
739,13,12191,1741,5hc0_NPO_A_407,4,gnina,0.55167502,0.75050509,3.1795123,1.247754,0,1.5035544
740,13,6514,930,3tye_XTZ_A_801,4,gnina,0.55059952,0.75001942,2.7021687,0.47890878,0.79584104,6.1402578
741,13,13952,1993,5w8q_BU4_A_400,1,unimol,0.66073798,0.74897098,4.5011926,1.8917114,0.97220017,17.38
742,13,13801,1971,5ve5_GSH_B_402,4,gnina,0.5586323,0.74816487,3.3625097,1.3672912,0.082177041,4.4420443
743,13,17112,2444,6tbx_N0Z_C_303,4,gnina,0.74757129,0.74800641,5.53825,2.4238973,0.13931925,2.7209811
744,13,6553,936,3u3o_3QV_A_297,1,unimol,0.66073798,0.74416771,4.8852496,1.6469498,0.98927618,17.9
745,13,11012,1573,5a7p_6Z1_A_1361,1,unimol,0.66073798,0.74170802,4.9964433,1.6081378,0.91689295,23.36
746,13,8124,1160,4dwv_PFB_A_378,4,gnina,0.55189842,0.74149243,4.056005,0.6860984,0.95270841,2.0129166
747,13,12195,1742,5hfa_FP1_A_607,1,unimol,0.6865121,0.74128942,6.4765663,1.6541609,0.99142359,23.72
748,13,8131,1161,4dwv_PFB_B_378,4,gnina,0.55189108,0.74098278,4.056005,0.6860984,0.96671165,2.2450861
749,13,11019,1574,5a7p_6Z1_B_1361,1,unimol,0.66073798,0.74089561,4.9936519,1.6349946,0,19.68
750,13,735,105,1h1i_QUE_A_1358,0,surfdock,0.80220145,0.73840644,7.4100919,0.88350242,0.99344516,3.9081627
751,13,6521,931,3tye_YTZ_B_902,4,gnina,0.55059952,0.73726441,2.8363113,0.60805172,4.7010081e-05,2.5435031
752,13,7116,1016,3zcm_PX3_B_1216,4,gnina,0.55059952,0.736116,3.005399,0.46334341,0,11.916876
753,13,6021,860,2zi2_24U_H_801,1,unimol,0.66073798,0.73574622,5.3660684,1.4169723,0.98034485,19.83
754,13,11957,1708,5g03_OE2_A_1263,1,unimol,0.66073798,0.735699,4.8448257,1.9396466,0.95915618,22.63
755,13,8275,1182,4ekr_0R0_B_203,1,unimol,0.73924573,0.73559657,7.9032135,0.47531205,0.99207739,21.16
756,13,6206,886,3qhd_CTN_B_165,4,gnina,0.55059952,0.73547885,2.6509948,0.8313213,0.99218562,3.3565653
757,13,6199,885,3qhd_CTN_A_165,4,gnina,0.55059952,0.73535071,2.652128,0.83292383,0.98365153,2.6043205
758,13,7582,1083,4cb5_93G_A_1484,1,unimol,0.66073798,0.73494984,5.1010857,1.7061245,0,23.39
759,13,9955,1422,4qxc_OGA_A_600,1,unimol,0.67322518,0.73476647,6.3050284,2.0224009,0.98663997,24.1
760,13,1292,184,1j54_TMP_A_2000,4,gnina,0.7239246,0.73400666,6.0902419,2.3300552,0.95078537,3.526417
761,13,13733,1961,5uio_LG3_E_201,6,smina,0.57571339,0.7337941,3.9107494,1.3326565,0,0.74848328
762,13,16867,2409,6rlt_MLI_B_512,4,gnina,0.5509206,0.73345834,3.6215012,1.1442012,0.12911536,2.2469524
763,13,16923,2417,6s7u_KZK_A_501,4,gnina,0.55059952,0.73286575,3.1583855,0.37997657,3.3737824e-11,9.1745021
764,14,16899,2414,6s37_SAL_A_601,1,unimol,0.6654225,0.93173823,2.0314944,0.026935544,0.9883116,17.74
765,14,13703,1957,5uio_8DM_A_202,4,gnina,0.75904207,0.83521132,3.7248261,1.2982187,0.92941387,6.9593903
766,14,13724,1960,5uio_8DM_E_202,4,gnina,0.75998651,0.83148581,3.7793357,1.334815,0.97693308,4.3878384
767,14,9661,1380,4nv0_MG7_A_403,1,unimol,0.6654225,0.82863085,3.3409021,0.58046651,0,22.13
768,14,9668,1381,4nv0_MG7_B_402,1,unimol,0.6654225,0.82847511,3.3384378,0.58628023,0,19.34
769,14,9556,1365,4n94_2HO_A_401,1,unimol,0.6654225,0.79994974,3.0725477,1.4992071,0.99624085,20.18
770,14,16898,2414,6s37_SAL_A_601,0,surfdock,0.52884123,0.78239404,2.0235844,0.015749097,0.99590925,2.5703762
771,14,4221,603,2fpu_HSO_B_509,0,surfdock,0.6370725,0.78120077,2.915617,0.87172884,0.86161198,2.6344548
772,14,9748,1392,4oxy_1TN_D_302,4,gnina,0.57403765,0.7576552,3.3330338,0.97073781,0.98864134,5.4590274
773,14,17168,2452,6toj_NQQ_A_201,4,gnina,0.75867526,0.75367843,6.6919265,0.61303502,0.45164225,4.8460525
774,14,9660,1380,4nv0_MG7_A_403,0,surfdock,0.52884123,0.75353085,2.4940093,0.094057411,0.97470418,3.6302198
775,14,9667,1381,4nv0_MG7_B_402,0,surfdock,0.52884123,0.7533071,2.5049403,0.087628387,7.2887944e-06,3.7498912
776,14,522,74,1fuy_FIP_A_269,4,gnina,0.5659193,0.75027358,3.6393836,0.70847541,0.82269911,3.7363464
777,14,12146,1735,5h5k_C5P_B_203,1,unimol,0.66561255,0.75006132,6.0576758,1.2337348,0.98134925,23.72
778,14,14449,2064,5z9p_AX7_B_301,1,unimol,0.6654225,0.74597865,4.4550858,1.5501351,0,15.29
779,14,17690,2527,7bp1_CAQ_D_401,1,unimol,0.6654225,0.74239052,4.3534584,1.7582928,0.99593816,21.98
780,14,17683,2526,7bp1_CAQ_A_401,1,unimol,0.6654225,0.74222089,4.3583412,1.7584859,0.99648061,22.97
781,14,11347,1621,5cjn_52F_A_809,0,surfdock,0.56694164,0.74090899,3.6000674,1.0574317,0.99020367,3.4173138
782,14,5384,769,2v7o_DRN_A_1303,1,unimol,0.6654225,0.73679542,5.2224317,1.0585539,0.90259409,21.17
783,14,14375,2053,5ylf_BGC_A_401,4,gnina,0.56673299,0.7366214,3.3425102,1.3638319,0.0197927,2.0589642
784,14,16087,2298,6nbw_LAB_A_403,1,unimol,0.6654225,0.73391777,5.1195121,1.250025,0.99437893,22.7
785,14,6503,929,3tye_XHP_B_901,0,surfdock,0.8482918,0.72999022,7.0608163,1.0827042,0.99356677,2.8008604
786,14,12145,1735,5h5k_C5P_B_203,0,surfdock,0.53268554,0.72861337,3.9204051,0.51254267,0.98619093,3.5220093
787,14,16626,2375,6qli_4LR_A_301,1,unimol,0.6654225,0.72781837,4.8140187,1.7466917,0.8430435,25.74
788,14,13710,1958,5uio_8DM_C_202,4,gnina,0.56626614,0.72722326,3.6829789,1.2701852,0.67561793,4.40571
789,14,9555,1365,4n94_2HO_A_401,0,surfdock,0.52884123,0.72558568,2.4972847,0.68566233,0.0019292408,2.3723205
790,14,8127,1161,4dwv_PFB_B_378,0,surfdock,0.83448675,0.72544423,6.7168164,1.5855644,0.99182577,2.6975983
791,14,8120,1160,4dwv_PFB_A_378,0,surfdock,0.82543144,0.72540164,6.7168164,1.5855644,0.99004499,2.7794535
792,14,2688,384,1tkh_DPN_A_913,0,surfdock,0.56694164,0.72522975,3.7008607,1.3782543,0,2.7876434
793,14,11351,1621,5cjn_52F_A_809,4,gnina,0.54961251,0.72277308,3.5480909,1.4333498,0.27620025,3.6793639
794,14,5873,839,2z20_PLP_B_801,0,surfdock,0.52884123,0.72078207,2.7604895,0.5317415,0,3.1607974
795,14,6700,957,3vmg_9CA_C_2002,1,unimol,0.6654225,0.71986964,5.3351836,1.4819955,0,23.9
796,14,7120,1017,3zjq_NCA_A_300,1,unimol,0.6654225,0.719259,5.1095176,1.7277172,0.98903597,21.59
797,14,7127,1018,3zjq_NCA_B_300,1,unimol,0.6654225,0.719259,5.1095176,1.7277172,0.98803469,22.22
798,14,4369,624,2gx5_PCG_C_514,1,unimol,0.6654225,0.71766961,4.8317437,2.0579312,0,20.92
799,14,6693,956,3vmg_9CA_B_2001,1,unimol,0.6654225,0.71750006,5.3631248,1.5321637,0,23.3
800,14,9745,1392,4oxy_1TN_D_302,1,unimol,0.7304442,0.71741759,5.8862939,2.6657317,0.99031155,22.69
801,14,9738,1391,4oxy_1TN_A_302,1,unimol,0.69942909,0.71674233,5.8862939,2.6657317,0.97494096,18.3
802,14,15590,2227,6jmd_BVO_A_408,1,unimol,0.70372712,0.71383294,6.5199418,2.1571605,0.99350664,17.12
803,14,16905,2415,6s4h_KUQ_A_901,0,surfdock,0.56694164,0.71254557,4.105722,1.3350306,0.99250904,3.9862891
804,14,1929,275,1nme_159_B_9002,4,gnina,0.75133193,0.71178463,6.845469,1.9443949,8.3719521e-07,2.8079384
805,14,11694,1670,5eo8_TFU_A_406,4,gnina,0.9754013,0.7117581,5.8373132,2.9941058,0.83137131,2.478782
806,14,5867,838,2z20_PLP_A_701,1,unimol,0.67687138,0.71135211,5.8223209,2.8807056,0.93983054,18.56
807,14,10434,1490,4w1v_3GS_B_502,4,gnina,0.54961251,0.70973169,3.8281949,1.5230259,0.13109496,5.1254658
808,14,4859,694,2oci_TYC_A_401,1,unimol,0.73244248,0.70934244,7.313158,1.553812,0.85657699,18.5
809,14,13973,1996,5wcz_NOJ_B_601,1,unimol,0.6654225,0.70845895,5.0273614,2.1731889,0.75339008,20.3
810,14,2618,374,1t87_CAM_A_1422,0,surfdock,0.53576929,0.7084172,3.6013706,1.6215539,0.082516203,2.4687088
811,14,11358,1622,5cmb_GLY_A_301,4,gnina,0.54961251,0.70654612,5.1389461,0.30572382,0.99882663,2.5438189
812,14,9521,1360,4n4j_HG1_A_606,1,unimol,0.6654225,0.70590251,5.9755912,1.3134085,0,21.02
813,14,12139,1734,5h5k_C5P_A_206,1,unimol,0.6654225,0.70583319,6.0576758,1.2337348,0.97518633,19.61
814,15,6195,885,3qhd_CTN_A_165,0,surfdock,0.85471018,0.91312547,2.8553009,0.57744646,0.98127813,2.8603165
815,15,6202,886,3qhd_CTN_B_165,0,surfdock,0.85472699,0.91295557,2.8582458,0.57957107,0.97247348,3.1484207
816,15,9664,1380,4nv0_MG7_A_403,4,gnina,0.74935107,0.79887965,5.1982837,0.77020812,0.99518081,3.3796147
817,15,2234,319,1pr0_NOS_C_1247,1,unimol,0.66586695,0.77720228,4.4860625,0.69205534,0,21.66
818,15,14448,2064,5z9p_AX7_B_301,0,surfdock,0.57502546,0.77112432,2.8376706,1.1143348,0.99588736,2.3088622
819,15,16422,2346,6p9t_O5D_A_307,0,surfdock,0.5404514,0.76599616,2.3244514,0.19741939,1.7834601e-05,2.9272426
820,15,1579,225,1kya_XYD_D_814,4,gnina,0.57744667,0.76349194,3.8697536,0.32214388,0.99324334,6.7108782
821,15,16909,2415,6s4h_KUQ_A_901,4,gnina,0.7592487,0.76198937,5.2007442,1.8534513,0.55387147,4.6733957
822,15,6510,930,3tye_XTZ_A_801,0,surfdock,0.74298703,0.75766935,6.0506682,1.1289279,0.92288041,4.4937103
823,15,6517,931,3tye_YTZ_B_902,0,surfdock,0.62519668,0.75254582,3.4526083,1.0578024,0.00096460382,3.0208681
824,15,924,132,1h5r_THM_D_1293,0,surfdock,0.85436798,0.75223816,4.6973329,2.6834798,0.45179086,3.2316316
825,15,6552,936,3u3o_3QV_A_297,0,surfdock,0.61709861,0.74792085,3.6503592,0.96792579,3.4594526e-05,2.5725187
826,15,9373,1339,4ma8_Z80_C_301,0,surfdock,0.5404514,0.74649374,2.555578,0.35959977,0,3.0304372
827,15,9912,1416,4q40_VAL_B_403,0,surfdock,0.5404514,0.74210661,2.9122856,0.095667168,0,2.2673138
828,15,9919,1417,4q40_VAL_C_404,0,surfdock,0.5404514,0.74210661,2.9122856,0.095667168,0,2.1403937
829,15,14427,2061,5z9b_AX7_A_304,0,surfdock,0.5404514,0.73797876,2.4834154,0.61334199,0.99593375,2.314979
830,15,2639,377,1tf8_TRP_A_911,0,surfdock,0.5404514,0.73649695,2.6172068,0.51179671,0,2.1431558
831,15,2241,320,1pr6_XYA_A_1245,1,unimol,0.66586695,0.73334904,5.0839448,1.3365535,0,18.09
832,15,6518,931,3tye_YTZ_B_902,1,unimol,0.71137735,0.73276553,6.9530635,1.0438617,0.40113449,18.95
833,15,2255,322,1pr6_XYA_C_1247,1,unimol,0.66586695,0.73182629,5.1130624,1.3546289,0,24.27
834,15,2248,321,1pr6_XYA_B_1246,1,unimol,0.66586695,0.73050056,5.1379833,1.3710369,0,16.93
835,15,2685,383,1tkh_DPN_A_911,4,gnina,0.57970863,0.729041,4.129847,0.9545545,2.9396386e-05,1.8990476
836,15,16902,2414,6s37_SAL_A_601,4,gnina,0.76498445,0.72801686,6.1288342,2.0724947,0,3.4670913
837,15,7119,1017,3zjq_NCA_A_300,0,surfdock,0.54346144,0.72769268,3.4005432,1.4524363,0.0025526084,2.3904477
838,15,2177,311,1pke_2FD_A_446,0,surfdock,0.57502546,0.72763358,3.823333,1.2194957,0,3.3336873
839,15,2184,312,1pke_2FD_B_447,0,surfdock,0.57502546,0.72763358,3.823333,1.2194957,0,3.3519925
840,15,7126,1018,3zjq_NCA_B_300,0,surfdock,0.54345009,0.72739449,3.4005432,1.4524363,0.62367951,2.3406943
841,15,16423,2346,6p9t_O5D_A_307,1,unimol,0.66586695,0.72730181,5.1811576,1.4285146,0.91543393,29.41
842,15,6867,981,3w8x_FTK_B_601,0,surfdock,0.57502546,0.72533694,4.6171722,0.48877183,0,3.9395112
843,15,3696,528,2aiq_BEN_A_401,0,surfdock,0.54339742,0.7253238,3.8339517,1.0292834,0.98927238,2.3602387
844,15,9913,1416,4q40_VAL_B_403,1,unimol,0.66586695,0.72398817,6.1727567,0.54259044,0.00019816725,22.28
845,15,9920,1417,4q40_VAL_C_404,1,unimol,0.66586695,0.72398817,6.1727567,0.54259044,0,20.66
846,15,5082,726,2qcx_PF1_B_300,0,surfdock,0.5434031,0.72372859,3.6233141,1.2857333,0,2.6222676
847,15,5075,725,2qcx_PF1_A_300,0,surfdock,0.54329123,0.72276033,3.6023083,1.276522,0,3.1470956
848,15,14428,2061,5z9b_AX7_A_304,1,unimol,0.66586695,0.72186536,5.1356535,1.6481593,0,19.75
849,15,2191,313,1pke_2FD_C_448,0,surfdock,0.57502546,0.72147565,4.0580153,1.155408,0.99291476,3.3048873
850,15,9559,1365,4n94_2HO_A_401,4,gnina,0.57870428,0.71975876,4.4713721,0.86276335,0.005013606,2.3359697
851,15,4312,616,2g8t_MI2_A_401,0,surfdock,0.5404514,0.7187867,3.2900569,0.23989165,0,3.1621988
852,15,13230,1890,5o72_9MH_A_303,0,surfdock,0.54328886,0.71754022,4.2737374,0.74665076,0.96568365,2.8047118
853,15,16885,2412,6s23_KSW_A_402,1,unimol,0.66586695,0.71750035,6.1862226,0.74028462,0.97221637,24.97
854,15,7144,1020,3zog_A2Q_A_200,4,gnina,0.6038088,0.71734019,3.860163,1.5814209,0.0070547844,1.4708113
855,15,6216,888,3qk1_BEN_A_1010,0,surfdock,0.5404514,0.71695006,3.313194,0.2600421,0.99840518,2.3687816
856,15,10661,1523,4ynu_LGC_A_603,0,surfdock,0.5404514,0.71583699,2.9574451,0.64218819,0.003144213,2.1836065
857,15,326,46,1dpm_EBP_B_903,4,gnina,0.57936168,0.71544742,4.4749427,0.98720121,7.1840838e-10,2.7964525
858,15,4313,616,2g8t_MI2_A_401,1,unimol,0.66586695,0.7154177,6.353785,0.64172709,0,22.44
859,15,10662,1523,4ynu_LGC_A_603,1,unimol,0.66586695,0.71481124,4.9586544,2.0570636,0,21.65
860,15,12187,1741,5hc0_NPO_A_407,0,surfdock,0.61829098,0.71339902,4.0233459,1.5434738,0.0024416399,5.0780509
861,15,2233,319,1pr0_NOS_C_1247,0,surfdock,0.5404514,0.71275453,3.0737514,0.59963167,0.97562186,3.2876785
862,15,5551,793,2wdq_CBE_G_1130,0,surfdock,0.5404514,0.71228882,3.118222,0.56638676,0.99426637,3.1055284
863,15,5558,794,2wdq_CBE_K_1130,0,surfdock,0.5404514,0.71228882,3.118222,0.56638676,0.991867,3.0709437
864,16,13234,1890,5o72_9MH_A_303,4,gnina,0.72660821,0.8817972,2.8665578,1.1400557,2.3224154e-10,4.2975974
865,16,3424,489,1zei_CRS_A_54,1,unimol,0.65380721,0.8709925,2.4998884,0.62150687,0.98369584,16.07
866,16,3445,492,1zei_CRS_D_54,1,unimol,0.65380721,0.8709925,2.4998884,0.62150687,0.96964612,21.94
867,16,3431,490,1zei_CRS_B_56,1,unimol,0.65380721,0.87071249,2.5020058,0.62450123,0.98598671,17.97
868,16,3452,493,1zei_CRS_E_55,1,unimol,0.65380721,0.87071249,2.5020058,0.62450123,0.99499985,15.48
869,16,3438,491,1zei_CRS_C_56,1,unimol,0.65380721,0.86874967,2.5169094,0.64557797,0.99193138,19.95
870,16,3459,494,1zei_CRS_F_54,1,unimol,0.65380721,0.86874967,2.5169094,0.64557797,0.99076024,23.48
871,16,3466,495,1zei_CRS_F_55,1,unimol,0.65380721,0.86706197,2.5298052,0.66381556,0.98633146,18.51
872,16,11354,1622,5cmb_GLY_A_301,0,surfdock,0.85500469,0.85496298,3.4489658,1.1453185,0,2.1297035
873,16,5555,793,2wdq_CBE_G_1130,4,gnina,0.74474363,0.84577885,3.5806038,1.2023536,7.6884478e-08,10.506499
874,16,5562,794,2wdq_CBE_K_1130,4,gnina,0.74348387,0.84567889,3.5806038,1.2023536,3.4621361e-06,10.613055
875,16,14077,2011,5x5d_UMP_B_401,0,surfdock,0.84905392,0.82513538,3.8979397,1.3885939,0.96184083,3.4957718
876,16,16919,2417,6s7u_KZK_A_501,0,surfdock,0.60297944,0.81922316,2.4696949,0.57880694,0,4.3605072
877,16,12496,1785,5iuy_BOG_C_503,1,unimol,0.65380721,0.81513013,3.3564088,0.89175081,0.97060563,27.72
878,16,6742,963,3vnm_SDD_B_301,1,unimol,0.6566855,0.81285719,3.7093747,1.7702452,0.89647037,23.99
879,16,575,82,1g79_PLP_A_270,1,unimol,0.66626885,0.80669112,4.1932158,1.4650805,0.002583767,17.38
880,16,9605,1372,4nir_6DH_B_306,1,unimol,0.65380721,0.80146191,3.7354038,0.82493198,0,22.52
881,16,6140,877,2zyv_NPO_X_1602,1,unimol,0.65380721,0.79878214,3.5908344,1.0325913,0.9939377,21.57
882,16,2668,381,1thc_FL9_B_131,1,unimol,0.65380721,0.79871695,3.6321659,0.99280286,0.98618795,22.27
883,16,15898,2271,6m92_J8V_A_601,1,unimol,0.65380721,0.79764772,3.2610614,1.3892637,0.91713175,19.8
884,16,14666,2095,6b5k_TYD_A_304,1,unimol,0.65380721,0.79610918,3.2385368,1.4484565,0,25.96
885,16,8464,1209,4gy9_ZIP_A_201,1,unimol,0.65380721,0.79598807,3.303648,1.3862395,0.98823186,15.7
886,16,574,82,1g79_PLP_A_270,0,surfdock,0.53094374,0.79501461,2.7341788,0.48972675,3.2833526e-06,2.466289
887,16,3423,489,1zei_CRS_A_54,0,surfdock,0.51950777,0.78557091,2.0604167,0,0.99802931,1.6021035
888,16,3430,490,1zei_CRS_B_56,0,surfdock,0.51950777,0.78557091,2.0604167,0,0.99702477,2.231295
889,16,3437,491,1zei_CRS_C_56,0,surfdock,0.51950777,0.78557091,2.0604167,0,0.99600051,2.0594273
890,16,3444,492,1zei_CRS_D_54,0,surfdock,0.51950777,0.78557091,2.0604167,0,0.036488016,2.1399407
891,16,3451,493,1zei_CRS_E_55,0,surfdock,0.51950777,0.78557091,2.0604167,0,0.99500818,2.0795327
892,17,11453,1636,5die_5CJ_B_601,1,unimol,0.65830651,0.91391804,2.2230637,0.17477825,0.98932259,16.93
893,17,11446,1635,5did_5CK_B_601,1,unimol,0.65830651,0.89136629,2.3523397,0.4145681,0.99679055,23.31
894,17,11439,1634,5did_5CK_A_601,1,unimol,0.65830651,0.88727246,2.3813474,0.45559135,0.99718757,24.49
895,17,12426,1775,5in3_G1P_A_416,1,unimol,0.65830651,0.8683501,2.5208013,0.6528089,0.98369825,19.81
896,17,3700,528,2aiq_BEN_A_401,4,gnina,0.70511834,0.79149137,5.5603433,0.55022198,0.96948563,1.5044654
897,17,2643,377,1tf8_TRP_A_911,4,gnina,0.55378769,0.78680919,3.0054007,0.67272097,4.809949e-05,1.9634692
898,17,11452,1636,5die_5CJ_B_601,0,surfdock,0.52145031,0.78654642,2.0591958,0,0,3.6271002
899,17,3427,489,1zei_CRS_A_54,4,gnina,0.70946995,0.78321231,5.6154695,0.73500896,0.28861449,1.2958171
900,17,3434,490,1zei_CRS_B_56,4,gnina,0.70889125,0.78271678,5.6168327,0.74380636,0.99736155,1.4282557
901,17,3455,493,1zei_CRS_E_55,4,gnina,0.7075793,0.78262405,5.6168327,0.74380636,9.8062974e-06,1.8737316
902,17,11445,1635,5did_5CK_B_601,0,surfdock,0.52145031,0.7818233,2.0936511,0.048727263,0,3.6121037
903,17,3441,491,1zei_CRS_C_56,4,gnina,0.70817815,0.7801707,5.6266866,0.80561393,0.88448169,1.6180366
904,17,11438,1634,5did_5CK_A_601,0,surfdock,0.52145031,0.77801861,2.1218641,0.088626504,0.99497961,3.6881318
905,17,350,50,1e2j_THM_B_500,0,surfdock,0.52145031,0.77669767,2.1317565,0.10261645,0.98410595,3.3150911
906,17,12425,1775,5in3_G1P_A_416,0,surfdock,0.52145031,0.77638136,2.1341324,0.10597662,0.98500283,2.1236215
907,17,343,49,1e2j_THM_A_500,0,surfdock,0.52145031,0.77558045,2.1401625,0.11450433,0.98420793,3.3469871
908,17,875,125,1h5r_THM_A_1292,0,surfdock,0.61015268,0.77143588,3.0552158,1.0073798,0.99569826,3.134831
909,17,910,130,1h5r_THM_C_1293,0,surfdock,0.61011053,0.77061242,3.0604808,1.0186777,0,3.2340477
910,17,889,127,1h5r_THM_B_1292,0,surfdock,0.6101484,0.76973532,3.0673034,1.0333138,0.95763577,2.9801892
911,17,903,129,1h5r_THM_C_1292,0,surfdock,0.57895408,0.76926806,3.0673034,1.0333138,0,3.0909877
912,17,882,126,1h5r_THM_A_1293,0,surfdock,0.57560742,0.76806771,3.0752666,1.0495901,0.98071657,3.039413
913,17,917,131,1h5r_THM_D_1292,0,surfdock,0.53926072,0.76604915,3.0673034,1.0333138,0.98919434,3.1655211
914,17,2640,377,1tf8_TRP_A_911,1,unimol,0.6653228,0.76594908,5.7032866,1.096365,0,41.44
915,17,896,128,1h5r_THM_B_1293,0,surfdock,0.53627419,0.76458266,3.0788324,1.053556,0.98383148,3.1136914
916,17,5079,725,2qcx_PF1_A_300,4,gnina,0.54601285,0.76320572,3.6665642,0.52487302,0.35760892,2.754275
917,17,16884,2412,6s23_KSW_A_402,0,surfdock,0.5338066,0.76270736,3.7737439,0.2378258,0.22710281,2.0800246
918,17,10520,1502,4x2f_3WJ_A_601,6,smina,0.80810015,0.76241558,5.2365947,1.7642448,0,2.033594
919,17,897,128,1h5r_THM_B_1293,1,unimol,0.65865474,0.76157073,6.1324024,0.75093096,0,19.07
920,17,5086,726,2qcx_PF1_B_300,4,gnina,0.54581985,0.76029322,3.6825335,0.57550591,0.57505882,3.594051
921,17,5048,721,2qab_EI1_B_1,1,unimol,0.65830651,0.75951738,4.1353631,1.4885349,0.98596643,24.67
922,17,9807,1401,4pbr_2L7_A_401,0,surfdock,0.53453824,0.75935483,3.6158311,0.58362293,0.99532386,3.7151166
923,17,4103,586,2evd_D10_A_304,1,unimol,0.65830651,0.7592926,4.4732614,1.1568112,0.95994292,21.91
924,17,883,126,1h5r_THM_A_1293,1,unimol,0.65983731,0.75922141,6.1708317,0.78634775,0,22.04
925,17,16248,2321,6nnp_G6P_A_502,1,unimol,0.66086907,0.75701458,5.3799171,1.6529793,0.88132966,15.73
926,17,925,132,1h5r_THM_D_1293,1,unimol,0.66436862,0.7564906,6.2356448,0.85035241,0,18.92
927,17,2948,421,1vje_MSE_A_301,1,unimol,0.66153694,0.75612524,6.4667296,0.60956168,0.96711162,18.29
928,17,890,127,1h5r_THM_B_1292,1,unimol,0.72375107,0.75495362,6.2955117,0.91707772,0,19.7
929,17,904,129,1h5r_THM_C_1292,1,unimol,0.70127137,0.75414915,6.2955117,0.91707772,0,21.46
930,17,918,131,1h5r_THM_D_1292,1,unimol,0.67266714,0.75352345,6.2955117,0.91707772,0,21.22
931,17,16934,2419,6s9g_L1Q_A_305,1,unimol,0.65830651,0.75296348,5.3668952,0.43933693,0.97132235,16.52
932,17,3640,520,2a9z_26A_A_1001,0,surfdock,0.52145031,0.75202807,2.4044504,0.29932144,0.99335643,3.6925324
933,17,3606,515,2a0x_DIH_A_300,1,unimol,0.65830651,0.75107993,4.9263349,0.9331854,0,14.8
934,17,1289,184,1j54_TMP_A_2000,1,unimol,0.66157969,0.7507734,6.1431594,1.113155,0,17.48
935,17,351,50,1e2j_THM_B_500,1,unimol,0.65830651,0.7506296,4.1377416,1.7345777,0,17.99
936,17,911,130,1h5r_THM_C_1293,1,unimol,0.72372377,0.74749299,6.4011521,1.0510721,0,22.99
937,17,3647,521,2a9z_26A_A_1002,0,surfdock,0.52145031,0.74725242,2.4675064,0.33254579,0.9726906,5.0583303
938,17,344,49,1e2j_THM_A_500,1,unimol,0.65830651,0.74587709,4.176847,1.8319676,0,20.92
939,17,5047,721,2qab_EI1_B_1,0,surfdock,0.52145031,0.74398082,2.4872293,0.37985411,0.99581208,3.50237
940,17,5013,716,2q1a_2KT_X_295,1,unimol,0.65830651,0.74372031,4.3913469,1.6802781,0.98694753,13.15
941,17,876,125,1h5r_THM_A_1292,1,unimol,0.72375415,0.74149408,6.4868388,1.1674632,0,17.44
942,18,14452,2064,5z9p_AX7_B_301,4,gnina,0.68819665,0.86084511,3.3147612,1.0727901,0.96607933,1.7280886
943,18,12429,1775,5in3_G1P_A_416,4,gnina,0.69775883,0.85360828,3.7096455,0.84402925,0.97856571,2.9418378
944,18,3651,521,2a9z_26A_A_1002,4,gnina,0.68691905,0.83243344,4.1626019,0.8635546,0.97359999,4.0752722
945,18,3644,520,2a9z_26A_A_1001,4,gnina,0.6966239,0.8307712,4.3055058,0.76960856,0.998523,4.2576045
946,18,6196,885,3qhd_CTN_A_165,1,unimol,0.66017843,0.82304663,5.159584,0.055862732,0.91463334,18.22
947,18,14431,2061,5z9b_AX7_A_304,4,gnina,0.68821842,0.82283824,5.0722294,0.18907608,0.058139927,1.6757162
948,18,6203,886,3qhd_CTN_B_165,1,unimol,0.66039673,0.822837,5.1632419,0.059727918,0.97521263,23.01
949,18,6342,906,3rop_NCA_A_302,0,surfdock,0.54136509,0.80836299,2.0123961,0,0.9264634,2.2395928
950,18,6349,907,3rop_NCA_B_302,0,surfdock,0.54136509,0.80836299,2.0123961,0,0.0029048687,2.2169937
951,18,7631,1090,4cjv_IV2_A_1212,1,unimol,0.64777205,0.79744094,3.5916452,1.0340098,0.99705003,18.04
952,18,6220,888,3qk1_BEN_A_1010,4,gnina,0.69899484,0.79740805,5.3081441,0.6207903,0.99577539,1.650839
953,18,6350,907,3rop_NCA_B_302,1,unimol,0.64777205,0.78669384,3.6315136,1.2546539,0.009204335,16.14
954,18,6343,906,3rop_NCA_A_302,1,unimol,0.64777205,0.78659592,3.6354301,1.2531605,0.0047277993,18.92
955,18,3976,568,2cxp_A5P_B_2601,0,surfdock,0.54136509,0.77001852,2.4535606,0.25874212,0.99442931,3.1411936
956,18,7645,1092,4cjw_CBJ_A_1215,1,unimol,0.64777205,0.76802543,3.6201763,1.7447881,0.94785945,20.91
957,18,7659,1094,4cjw_CBJ_B_1217,1,unimol,0.64777205,0.76802543,3.6201763,1.7447881,0.9296023,18.42
958,18,11641,1663,5eo7_SFU_C_401,0,surfdock,0.5413656,0.76470805,3.5911224,0.35235447,0.84803217,2.5149213
959,18,7666,1095,4cjw_CBJ_B_1218,1,unimol,0.64777205,0.75959789,3.7933204,1.7994453,0.66709005,21.04
960,18,16426,2346,6p9t_O5D_A_307,4,gnina,0.54996747,0.75783427,3.0199184,1.1561866,1.5596822e-09,6.1931396
961,18,5397,771,2vez_G6P_A_202,0,surfdock,0.54136509,0.75767887,2.405093,0.55535698,0.86239075,2.7268337
962,18,7652,1093,4cjw_CBJ_A_1216,1,unimol,0.64777205,0.75722944,3.8431733,1.8149844,0,19.23
963,18,7644,1092,4cjw_CBJ_A_1215,0,surfdock,0.54136509,0.75603337,2.4191806,0.57528007,0.975414,3.6972605
964,18,7658,1094,4cjw_CBJ_B_1217,0,surfdock,0.54136509,0.75603337,2.4191806,0.57528007,0.99189749,3.7812356
965,18,7665,1095,4cjw_CBJ_B_1218,0,surfdock,0.54136509,0.75337282,2.4421551,0.60777128,3.6857397e-07,4.4270859
966,18,7651,1093,4cjw_CBJ_A_1216,0,surfdock,0.54136509,0.75288651,2.4463804,0.61374652,4.6666931e-07,3.7011379
967,18,3448,492,1zei_CRS_D_54,4,gnina,0.54531373,0.74843092,3.7701378,0.59119755,0.99369211,1.8616979
968,18,3977,568,2cxp_A5P_B_2601,1,unimol,0.64777205,0.74662057,5.0449519,0.91379595,0.95026194,22.9
969,18,7630,1090,4cjv_IV2_A_1212,0,surfdock,0.54136509,0.74546236,2.7105389,0.50781816,0.99438721,2.6106814
970,18,11956,1708,5g03_OE2_A_1263,0,surfdock,0.62027419,0.74415947,4.5697932,0.12306,0,3.8147961
971,18,13336,1905,5osf_A9E_A_404,1,unimol,0.64777205,0.74359777,4.2651248,1.7816317,0.98273034,23.73
972,18,15674,2239,6jzh_ZMA_A_2002,1,unimol,0.64777205,0.74169768,5.3914266,0.71120483,0.99274981,21.35
973,18,7200,1028,3zwt_KFZ_A_1401,4,gnina,0.6827612,0.74049881,5.9237442,1.6995625,5.3647083e-07,3.5655027
974,18,14078,2011,5x5d_UMP_B_401,1,unimol,0.66038149,0.7400963,6.5772762,1.0210732,0,27.06
975,18,12999,1857,5m62_BGC_A_409,0,surfdock,0.54136509,0.73956393,3.2582827,0.089200184,0,2.4140044
976,18,7123,1017,3zjq_NCA_A_300,4,gnina,0.54922155,0.73727978,3.8019469,0.87373555,6.0154675e-06,1.5282748
977,18,2237,319,1pr0_NOS_C_1247,4,gnina,0.67868649,0.73256425,6.6797409,1.2105726,0.98695175,2.7472282
978,18,1127,161,1iri_E4P_A_601,0,surfdock,0.54136509,0.71890558,3.0707071,0.75434762,0.99636509,4.7028776
979,18,1134,162,1iri_E4P_B_602,0,surfdock,0.54136509,0.71890558,3.0707071,0.75434762,0.98966565,2.8570735
980,18,1141,163,1iri_E4P_C_603,0,surfdock,0.54136509,0.71890558,3.0707071,0.75434762,0.99298605,2.9215186
981,18,1148,164,1iri_E4P_D_604,0,surfdock,0.54136509,0.71890558,3.0707071,0.75434762,0.99168967,2.8925561
982,18,6126,875,2zwt_CAM_A_422,1,unimol,0.64777205,0.7183635,5.6724324,1.1529293,0,23.09
983,18,13335,1905,5osf_A9E_A_404,0,surfdock,0.54136509,0.71499354,3.104912,0.81527179,0.94604718,2.9091523
984,18,17294,2470,6urx_JMG_A_316,4,gnina,0.69847055,0.71487125,5.7417717,2.8169212,0.075619508,1.8567633
985,18,6871,981,3w8x_FTK_B_601,4,gnina,0.55572187,0.71483445,4.5249257,0.9322902,0.00032069343,3.4939392
986,18,11592,1656,5eo7_SFU_A_401,0,surfdock,0.54136509,0.71447863,3.5514266,0.3813957,0,1.684788
987,18,11606,1658,5eo7_SFU_A_403,0,surfdock,0.54136509,0.71443625,3.555542,0.37831965,0.01341422,2.54309
988,18,11627,1661,5eo7_SFU_B_403,0,surfdock,0.54136509,0.71443625,3.555542,0.37831965,0,2.439579
989,18,11634,1662,5eo7_SFU_B_405,0,surfdock,0.54136509,0.71326087,3.6506054,0.31221229,0,2.4287783
990,18,11655,1665,5eo7_SFU_C_404,0,surfdock,0.54136509,0.71297267,3.6692104,0.30072993,0.96825835,2.5507333
991,18,11613,1659,5eo7_SFU_A_405,0,surfdock,0.54136509,0.71266949,3.6878288,0.28961265,0.86463364,2.4734548
992,19,3980,568,2cxp_A5P_B_2601,4,gnina,0.71402808,0.86289439,3.657093,0.5985412,0,3.5207276
993,19,11659,1665,5eo7_SFU_C_404,4,gnina,0.69149744,0.84440789,3.4273274,1.1970652,0.0090471548,2.9404485
994,19,2156,308,1pbd_PAB_A_396,0,surfdock,0.56844456,0.83430566,2.4039581,0.1832329,0.99647336,2.5861419
995,19,4858,694,2oci_TYC_A_401,0,surfdock,0.6338474,0.82381298,2.346266,0.53755105,0.99565989,2.8094256
996,19,9604,1372,4nir_6DH_B_306,0,surfdock,0.56371139,0.80228535,2.7898083,0.20634302,1.003211e-05,2.758865
997,19,7806,1115,4cpp_ADM_A_422,1,unimol,0.64649189,0.80010434,3.3310795,1.1271756,0.9350857,15.99
998,19,1131,161,1iri_E4P_A_601,4,gnina,0.70497922,0.80000054,4.3246255,1.3890346,0.79336733,6.1277969
999,19,1145,163,1iri_E4P_C_603,4,gnina,0.70335842,0.79980986,4.3246255,1.3890346,0.323562,6.4945659
1000,19,1152,164,1iri_E4P_D_604,4,gnina,0.70273659,0.79971452,4.3246255,1.3890346,0.88063136,6.3422433
1001,19,1138,162,1iri_E4P_B_602,4,gnina,0.70176574,0.79966685,4.3246255,1.3890346,0.00065815938,6.3802822
1002,19,6346,906,3rop_NCA_A_302,4,gnina,0.65037512,0.78409965,4.1984849,1.856045,0.00024541566,1.7519699
1003,19,16863,2409,6rlt_MLI_B_512,0,surfdock,0.61963735,0.77591367,2.8024616,1.0446781,0.98949235,1.9797115
1004,19,6209,887,3qhd_MSR_A_166,0,surfdock,0.56888322,0.77225139,3.0787973,0.79020607,0,2.0303482
1005,19,7634,1090,4cjv_IV2_A_1212,4,gnina,0.71557777,0.77214043,5.2812042,1.2192014,0.99615102,1.7418748
1006,19,3661,523,2agw_TSS_H_2001,0,surfdock,0.54621922,0.76964187,2.1574209,0.2704834,0,2.8338785
1007,19,3654,522,2agw_TSS_D_3001,0,surfdock,0.54621922,0.7689792,2.1625531,0.27774176,0,2.7655606
1008,19,3465,495,1zei_CRS_F_55,0,surfdock,0.56856207,0.7665169,3.6807201,0.27859002,0.24575348,2.1300459
1009,19,3458,494,1zei_CRS_F_54,0,surfdock,0.56887216,0.76640673,3.7068932,0.29300496,0.99545588,2.1275344
1010,19,5877,839,2z20_PLP_B_801,4,gnina,0.5572696,0.75522645,3.7140706,0.15332867,0.93804712,2.8053024
1011,19,141,20,1axg_ETF_A_404,1,unimol,0.64649189,0.7518924,3.9223163,1.7557716,0.95193289,21.96
1012,19,6668,952,3vc3_C6P_E_501,4,gnina,0.69609514,0.74961527,4.993587,2.1623323,0.14070435,8.4492013
1013,19,140,20,1axg_ETF_A_404,0,surfdock,0.54621922,0.74927119,2.3214731,0.50248843,0,2.7284513
1014,19,11645,1663,5eo7_SFU_C_401,4,gnina,0.63959189,0.74868128,3.366329,1.1345134,0.86090734,2.6247865
1015,19,13339,1905,5osf_A9E_A_404,4,gnina,0.6919347,0.74859179,4.9219646,2.2594342,3.9295155e-07,2.3405736
1016,19,15596,2228,6jmd_ORO_A_402,0,surfdock,0.56009547,0.74459751,3.8816662,0.25906825,0.013339302,2.5116999
1017,19,15610,2230,6jme_ORO_A_402,0,surfdock,0.559147,0.74418382,3.8816662,0.25906825,0,2.6695735
1018,19,11617,1659,5eo7_SFU_A_405,4,gnina,0.64179246,0.74265871,3.4420891,1.2120841,0.9272411,2.1788165
1019,19,10665,1523,4ynu_LGC_A_603,4,gnina,0.55130494,0.7425754,3.6054056,0.50202483,2.5022509e-07,1.9269279
1020,19,3605,515,2a0x_DIH_A_300,0,surfdock,0.56371139,0.73982893,3.638099,0.72257286,0.11576265,3.351094
1021,19,154,22,1bit_BEN_A_246,0,surfdock,0.56554755,0.73899002,3.7757123,0.70121503,0.97175269,2.2913345
1022,19,12922,1846,5lik_W8X_X_402,0,surfdock,0.54621922,0.73888773,2.4463713,0.59219128,0.98541046,3.9179927
1023,19,2622,374,1t87_CAM_A_1422,4,gnina,0.55176793,0.73801102,3.2474346,0.98879498,0.034438836,2.0421997
1024,19,11558,1651,5e4r_40E_A_504,1,unimol,0.64649189,0.73647956,4.6677651,1.4517126,0.94907426,25.37
1025,19,7805,1115,4cpp_ADM_A_422,0,surfdock,0.54621922,0.7364693,2.4316089,0.65824407,0.99500518,2.4479121
1026,19,13714,1959,5uio_8DM_D_202,1,unimol,0.64649189,0.73570973,5.4190407,0.7232123,0.97178992,17.03
1027,19,2122,303,1p2s_ETF_A_400,1,unimol,0.64649189,0.73258647,5.0582538,1.1771432,0.7009665,20.72
1028,19,11596,1656,5eo7_SFU_A_401,4,gnina,0.5572696,0.73126908,3.339412,1.1024216,0.94221486,2.1878791
1029,19,11631,1661,5eo7_SFU_B_403,4,gnina,0.5572696,0.73101086,3.3423843,1.105949,0.56777105,2.3452092
1030,19,11610,1658,5eo7_SFU_A_403,4,gnina,0.55567537,0.73042619,3.3423843,1.105949,0,2.2341078
1031,19,12138,1734,5h5k_C5P_A_206,0,surfdock,0.56778179,0.73028709,4.3653636,0.40458009,0,3.4938675
1032,19,11442,1634,5did_5CK_A_601,4,gnina,0.71586624,0.72734587,5.7210693,2.211822,0.64527221,3.8857918
1033,19,11638,1662,5eo7_SFU_B_405,4,gnina,0.5572696,0.7252643,3.4126465,1.1821601,0.99098463,2.6045292
1034,19,8233,1176,4eip_K2C_A_601,1,unimol,0.64649189,0.72244207,5.6671619,0.87914479,0.98996642,21.65
1035,19,11691,1670,5eo8_TFU_A_406,1,unimol,0.66995938,0.72194428,5.7768631,2.2746613,0,16.8
1036,19,161,23,1bit_BEN_A_247,0,surfdock,0.55819935,0.72122672,4.0873604,0.62233114,0.010075766,2.1390975
1037,19,11593,1656,5eo7_SFU_A_401,1,unimol,0.66887428,0.72011386,6.3129978,1.7952741,0.90897838,19.07
1038,19,11628,1661,5eo7_SFU_B_403,1,unimol,0.66887428,0.71976538,6.3181252,1.802608,0.92059197,16.56
1039,19,11607,1658,5eo7_SFU_A_403,1,unimol,0.66832218,0.71944299,6.3181252,1.802608,0.93299468,22.52
1040,19,9268,1324,4lcq_URQ_A_603,0,surfdock,0.54621922,0.71929794,2.7516024,0.71742934,0,2.5490812
1041,19,11642,1663,5eo7_SFU_C_401,1,unimol,0.70283653,0.71836825,6.3594384,1.8616788,0.8047914,20.69
1042,20,9377,1339,4ma8_Z80_C_301,4,gnina,0.54847163,0.86499346,2.0344241,0.10034547,8.2069673e-07,3.1229275
1043,20,14665,2095,6b5k_TYD_A_304,0,surfdock,0.54766322,0.84993623,2.0828769,0.15779752,0.94791251,3.8337928
1044,20,9374,1339,4ma8_Z80_C_301,1,unimol,0.66588042,0.84690861,3.6167002,0.91344416,0.73788609,26.63
1045,20,3462,494,1zei_CRS_F_54,4,gnina,0.7006897,0.8401022,3.3570297,1.3720042,0.83379369,1.8838963
1046,20,9038,1291,4jmz_1M2_A_302,1,unimol,0.65018826,0.83431882,3.2095931,0.50771499,0.99511189,17.31
1047,20,354,50,1e2j_THM_B_500,4,gnina,0.65773657,0.82963638,4.2248421,0.66779715,0.068098697,3.6967717
1048,20,347,49,1e2j_THM_A_500,4,gnina,0.65778162,0.82905872,4.2792253,0.62796235,0.0002166641,4.3968381
1049,20,158,22,1bit_BEN_A_246,4,gnina,0.68836273,0.81825923,4.118031,1.0982438,0,1.8173557
1050,20,2195,313,1pke_2FD_C_448,4,gnina,0.6616273,0.81291224,4.4142227,0.89586991,0.070094079,3.5484852
1051,20,16955,2422,6si4_LEK_A_402,1,unimol,0.65018826,0.80104764,4.1239686,0.30846953,0.99375653,18.79
1052,20,2160,308,1pbd_PAB_A_396,4,gnina,0.70090228,0.79692176,3.6698916,2.1117103,0.99154026,1.6654052
1053,20,7462,1066,4bdr_KAI_B_900,0,surfdock,0.54704891,0.79281058,2.5769222,0.5999276,0.92350269,3.2464683
1054,20,7130,1018,3zjq_NCA_B_300,4,gnina,0.53637085,0.78763535,2.6347771,0.49076566,5.9838391e-06,1.6563206
1055,20,1548,221,1kwc_BPY_B_401,1,unimol,0.65018826,0.78194247,4.2956924,0.58927161,0.99116452,15.83
1056,20,3599,514,227l_BNZ_A_169,1,unimol,0.65018826,0.78047017,3.1886113,1.7326124,0.99278316,16.26
1057,20,15614,2230,6jme_ORO_A_402,4,gnina,0.55082926,0.78037069,2.9669402,0.75606,6.2110735e-05,2.1174152
1058,20,15600,2228,6jmd_ORO_A_402,4,gnina,0.54942485,0.77994603,2.9669402,0.75606,0.97213268,3.5923433
1059,20,11950,1707,5fzn_FB2_A_1615,1,unimol,0.65018826,0.77764963,3.6638811,1.3273796,0.99330165,19.66
1060,20,92,13,1ajs_PLA_A_415,1,unimol,0.65018826,0.76972104,4.2870708,0.90521061,0.96056931,23.23
1061,20,6790,970,3vv5_SLZ_A_300,0,surfdock,0.53341703,0.76806901,2.2503662,0.20942211,0.97458734,2.7903866
1062,20,6797,971,3vv5_SLZ_B_301,0,surfdock,0.53341703,0.76806742,2.250396,0.20942126,0,2.6195891
1063,20,7662,1094,4cjw_CBJ_B_1217,4,gnina,0.69674094,0.7676729,5.4964585,1.0908866,0.0078914951,3.5254699
1064,20,7648,1092,4cjw_CBJ_A_1215,4,gnina,0.69016022,0.7671225,5.4964585,1.0908866,0.0067639809,3.6623035
1065,20,91,13,1ajs_PLA_A_415,0,surfdock,0.53341703,0.76280916,2.2860327,0.27306172,0.9487998,4.4036433
1066,20,1267,181,1j3i_WRA_A_609,0,surfdock,0.53341703,0.75827137,2.2471139,0.39931875,0,3.989063
1067,20,10186,1455,4u7g_K17_A_303,1,unimol,0.65018826,0.75697969,3.887759,1.6408913,0.95633956,18.23
1068,20,7077,1011,3wxo_NIZ_A_803,0,surfdock,0.53341703,0.7555962,2.3527255,0.34593654,0.0014440756,2.3828514
1069,20,10193,1456,4u7g_K17_B_303,1,unimol,0.65018826,0.75493995,3.8985002,1.6855856,0.96404198,15.06
