query_order,round,flat_index,row_index,row_label,algorithm_index,algorithm,utility,acquisition,predicted_runtime_mean,predicted_runtime_sd,score,runtime
1,0,12387,1769,5ice_2H4_A_402,4,gnina,,,,,0.77914328,3.3979973
2,0,17744,2534,7cwd_GAL_A_902,6,smina,,,,,0.00064360178,0.78814403
3,0,17417,2488,6vmz_R3P_C_404,1,unimol,,,,,0.95983833,22.77
4,0,5390,770,2vzu_PNJ_B_1904,0,surfdock,,,,,0.99140071,3.3208998
5,0,3832,547,2dv0_ZST_A_600,3,diffdock_l,,,,,2.8377262e-09,24.417495
6,0,1288,184,1jtk_THU_A_138,0,surfdock,,,,,0,3.2125064
7,0,11069,1581,5c38_DA8_A_403,2,diffdock,,,,,0,22.580052
8,0,11083,1583,5c4i_TPP_F_402,2,diffdock,,,,,0,83.480092
9,0,11882,1697,5fqf_NGA_B_1585,3,diffdock_l,,,,,0.98552018,22.890946
10,0,16795,2399,6r5o_BGC_A_801,2,diffdock,,,,,0.97183073,35.271633
11,0,10858,1551,5a86_D7E_A_1433,1,unimol,,,,,0.98934574,22.26
12,0,9090,1298,4l8q_XMM_A_303,4,gnina,,,,,0.042275572,3.392164
13,0,12213,1744,5hfa_FP1_A_607,5,autodock,,,,,0,9.6449171
14,0,13671,1953,5uda_CAE_A_502,0,surfdock,,,,,0.47926931,2.1651436
15,0,15619,2231,6i4b_E2N_A_603,2,diffdock,,,,,0,29.833018
16,0,15564,2223,6hnz_GH5_A_301,3,diffdock_l,,,,,0.89955221,18.611605
17,0,12243,1749,5hpu_IPH_A_101,0,surfdock,,,,,0.99360749,3.9853029
18,0,8886,1269,4jzx_476_A_402,3,diffdock_l,,,,,0,28.001163
19,0,15860,2265,6krs_CIT_C_301,5,autodock,,,,,0.79297667,14.219886
20,0,1038,148,1ia1_TQ3_A_194,2,diffdock,,,,,2.6262328e-60,20.288832
21,0,4821,688,2pvy_ACP_D_802,5,autodock,,,,,3.570043e-05,9.1768146
22,0,10453,1493,4ysx_MLI_E_701,2,diffdock,,,,,0,37.86274
23,0,2027,289,1oxp_IK2_A_411,4,gnina,,,,,8.2486259e-06,4.4989422
24,0,5890,841,2zgw_BTN_A_1401,3,diffdock_l,,,,,0,21.755217
25,0,17233,2461,6tog_NQH_A_201,6,smina,,,,,0,1.4958205
26,0,5118,731,2r3d_ACM_A_303,1,unimol,,,,,0.99277008,19.43
27,0,10862,1551,5a86_D7E_A_1433,5,autodock,,,,,0,23.119382
28,0,17170,2452,6tbx_N0Z_A_302,6,smina,,,,,0,1.0867481
29,0,10782,1540,4zvz_4TF_D_503,2,diffdock,,,,,0,37.804949
30,0,8633,1233,4i6y_MEV_B_1001,2,diffdock,,,,,0,29.093568
31,0,5621,803,2xul_AKG_A_201,0,surfdock,,,,,0,2.6641111
32,0,16445,2349,6ooi_PGA_B_301,2,diffdock,,,,,0,40.203603
33,0,6623,946,3vv5_SLZ_B_301,1,unimol,,,,,0.88280155,18.76
34,0,11518,1645,5eo7_SFU_A_403,3,diffdock_l,,,,,7.8515406e-82,20.447681
35,0,5123,731,2r3d_ACM_A_303,6,smina,,,,,0.99373575,0.42243411
36,0,561,80,1g4s_TPS_B_2002,1,unimol,,,,,0.98254196,18.7
37,0,12421,1774,5ijz_AKG_A_502,3,diffdock_l,,,,,0,28.001163
38,0,3594,513,2bgc_DTU_A_1238,3,diffdock_l,,,,,0,28.001163
39,0,11313,1616,5did_5CK_B_601,1,unimol,,,,,0.99679055,23.31
40,0,15040,2148,6e40_BBJ_D_502,4,gnina,,,,,9.9077512e-08,8.5209638
41,0,8832,1261,4jb0_ENO_A_402,5,autodock,,,,,0.99515966,51.72851
42,0,17042,2434,6sjs_THH_B_901,4,gnina,,,,,0.72588721,2.0320262
43,0,2871,410,1w3t_3GR_B_1297,1,unimol,,,,,0.79823146,19.84
44,0,15231,2175,6fa1_D2Z_F_203,6,smina,,,,,0,5.5796953
45,0,4427,632,2j1s_FUL_A_1153,3,diffdock_l,,,,,9.8793906e-66,19.047992
46,0,2915,416,1w78_PD8_A_1421,3,diffdock_l,,,,,0,28.001163
47,0,12472,1781,5ioq_DUR_C_302,5,autodock,,,,,0,8.2608211
48,0,14095,2013,5x2m_GLN_D_951,4,gnina,,,,,0,8.607527
49,0,1128,161,1iwe_IMP_B_1443,1,unimol,,,,,0,23.26
50,0,361,51,1e2s_CSN_P_701,4,gnina,,,,,0.029593188,2.6324167
51,0,4437,633,2j1s_FUL_B_1153,6,smina,,,,,0.95402937,0.57040081
52,0,13761,1965,5unx_8F1_B_803,6,smina,,,,,2.2144278e-07,5.6514915
53,0,17662,2523,6zjw_GAL_A_1102,1,unimol,,,,,0.99699921,17.72
54,0,8209,1172,4g1x_TQU_A_409,5,autodock,,,,,0,4.6424843
55,0,8551,1221,4i4v_NGA_A_201,4,gnina,,,,,0.9838492,3.183956
56,0,13559,1937,5tvr_AKG_B_402,0,surfdock,,,,,0.99751272,2.7110469
57,0,13889,1984,5vv5_9OJ_A_803,1,unimol,,,,,0.97378209,29.55
58,0,6844,977,3wsg_CIT_F_302,5,autodock,,,,,0.81800155,14.148349
59,0,1911,273,1o28_UFP_D_718,0,surfdock,,,,,9.5050001e-05,3.593496
60,0,15445,2206,6gpn_OGA_B_402,3,diffdock_l,,,,,3.5804512e-05,28.963993
61,0,13380,1911,5t63_ALA_C_1,3,diffdock_l,,,,,0.54630866,19.319337
62,0,9818,1402,4rg3_ECE_A_603,4,gnina,,,,,0.97367801,2.362138
63,0,2000,285,1opr_ORO_A_220,5,autodock,,,,,0,6.1364008
64,0,13503,1929,5tdt_MBN_D_502,0,surfdock,,,,,0.97062039,2.2278538
65,0,3039,434,1xny_BTN_A_5602,1,unimol,,,,,0.88526479,29.52
66,0,14511,2073,5z54_0HZ_A_303,0,surfdock,,,,,0.19287987,3.440524
67,0,8993,1284,4kux_FPS_B_405,5,autodock,,,,,0,26.59766
68,0,3630,518,2bsc_NAG_A_1176,4,gnina,,,,,0.018844109,2.9876123
69,0,9475,1353,4nkw_PLO_B_601,4,gnina,,,,,2.0627168e-07,6.1765526
70,0,4455,636,2j5b_TYE_B_1338,3,diffdock_l,,,,,0,22.852021
71,0,12038,1719,5g6i_M85_A_904,5,autodock,,,,,0,4.293419
72,0,540,77,1fwn_PEP_A_1268,1,unimol,,,,,0.97246389,16.34
73,0,14157,2022,5x86_TMP_B_207,3,diffdock_l,,,,,0,41.836354
74,0,12494,1784,5irw_D9P_B_202,6,smina,,,,,0.98180725,6.6937768
75,0,11887,1698,5fqf_NGA_B_1586,1,unimol,,,,,0.97927225,25.78
76,0,4913,701,2qca_DGP_A_300,6,smina,,,,,0,4.1694365
77,0,6757,965,3wgc_PLG_B_401,2,diffdock,,,,,4.2009748e-49,50.184699
78,0,12545,1792,5j4k_6FZ_A_404,1,unimol,,,,,0.96632288,18.35
79,0,9321,1331,4n36_2F8_A_401,4,gnina,,,,,0.91606176,2.9203129
80,0,17796,2542,8icd_ICT_A_418,2,diffdock,,,,,1.034521e-17,22.007711
81,0,14392,2056,5ybl_AKG_A_302,0,surfdock,,,,,0.00032760129,2.3866711
82,0,6377,911,3u3o_3QV_A_297,0,surfdock,,,,,3.4594526e-05,2.5725187
83,0,11888,1698,5fqf_NGA_B_1586,2,diffdock,,,,,4.6117264e-32,40.350531
84,0,589,84,1g79_PLP_A_260,1,unimol,,,,,0.90095242,26.15
85,0,1134,162,1iwe_IMP_B_1452,0,surfdock,,,,,0,3.855453
86,0,1820,260,1nmm_NAG_B_403,0,surfdock,,,,,0.98559406,3.058295
87,0,16097,2299,6m9b_BTN_C_201,4,gnina,,,,,0.99403961,3.5240935
88,0,3567,509,2bf7_HBI_B_1290,4,gnina,,,,,9.0654154e-07,3.1139434
89,0,5867,838,2z7s_P01_A_1,1,unimol,,,,,0.95488661,19.5
90,0,15391,2198,6fw0_E92_B_602,5,autodock,,,,,0,17.523001
91,0,8639,1234,4i7n_1DJ_A_202,1,unimol,,,,,0.99635442,20.03
92,0,12313,1759,5i0m_UMP_B_201,0,surfdock,,,,,0,3.4771147
93,0,8948,1278,4kp7_1UQ_B_502,2,diffdock,,,,,0,32.79075
94,0,5985,855,2zuw_NDG_D_4004,0,surfdock,,,,,0.99186384,2.9389008
95,0,14898,2128,6cdy_EY1_B_501,2,diffdock,,,,,0,31.56713
96,0,4567,652,2ntk_IMP_C_207,3,diffdock_l,,,,,0,42.795021
97,0,1631,233,1m3u_KPL_A_265,0,surfdock,,,,,0.42182256,2.5474979
98,0,12582,1797,5j5i_6GM_F_303,3,diffdock_l,,,,,0,56.925356
99,0,15976,2282,6l86_MLT_A_303,2,diffdock,,,,,0,30.643035
100,0,257,36,1d6u_HY1_A_2001,5,autodock,,,,,0.0056933056,19.130346
101,0,12254,1750,5hpu_IPH_C_101,4,gnina,,,,,3.1054782e-07,1.3860409
102,0,3222,460,1zei_CRS_F_55,2,diffdock,,,,,0.00010325508,13.780115
103,0,1306,186,1jw0_GUA_B_999,4,gnina,,,,,0.9406064,2.1877495
104,0,2994,427,1xdj_HCS_A_1049,5,autodock,,,,,0.44055216,9.8448955
105,0,9599,1371,4p7q_NAG_A_706,2,diffdock,,,,,0,23.566265
106,0,2487,355,1t93_FLV_A_432,2,diffdock,,,,,0.00011129274,21.897755
107,0,6940,991,3wzo_ZOE_C_201,3,diffdock_l,,,,,0,30.351561
108,0,15336,2190,6flu_DTK_B_406,6,smina,,,,,0.54816003,3.5196528
109,0,16434,2347,6oha_XAN_A_501,5,autodock,,,,,0.9847464,284.58656
110,0,4612,658,2nz5_226_A_431,6,smina,,,,,4.3509303e-07,0.98398604
111,0,7920,1131,4do1_ANN_D_502,3,diffdock_l,,,,,1.3329135e-19,30.769024
112,0,16308,2329,6nhd_KNV_B_803,5,autodock,,,,,0,6.8801655
113,0,9819,1402,4rg3_ECE_A_603,5,autodock,,,,,0.97258257,3.0145886
114,0,15357,2193,6fs7_E4Z_C_903,6,smina,,,,,0,4.1130929
115,0,15182,2168,6f77_PLP_A_600,6,smina,,,,,0,2.9347455
116,0,14132,2018,5x5d_UMP_E_401,6,smina,,,,,0,3.8792581
117,0,9870,1410,4rql_SNE_A_505,0,surfdock,,,,,0.99305665,2.5333557
118,0,4376,625,2ipf_FFA_A_3,1,unimol,,,,,0,23
119,0,11463,1637,5e4o_L57_B_201,4,gnina,,,,,0.68185981,3.1193916
120,0,9516,1359,4o7g_ASC_B_303,3,diffdock_l,,,,,1.5460668e-06,15.498904
121,0,17237,2462,6toj_NQQ_A_201,3,diffdock_l,,,,,4.0445548e-34,39.871912
122,0,17484,2497,6wiw_I14_B_601,5,autodock,,,,,0,12.946312
123,0,13576,1939,5u5g_7VD_A_302,3,diffdock_l,,,,,0,17.068265
124,0,2776,396,1uxq_G1P_A_1503,4,gnina,,,,,0.00068559358,2.6071882
125,0,8834,1262,4jb0_FER_A_401,0,surfdock,,,,,0,3.2183945
126,0,10317,1473,4xfh_CYS_A_502,6,smina,,,,,0.16594253,1.0354564
127,0,15623,2231,6i4b_E2N_A_603,6,smina,,,,,0,3.3019677
128,0,797,113,1h1m_KMP_C_1358,6,smina,,,,,0,2.6754386
129,0,3819,545,2dcf_ACA_A_501,4,gnina,,,,,0.97327166,3.1540417
130,0,15055,2150,6e43_BEZ_B_502,5,autodock,,,,,0.066192897,10.54141
131,0,16145,2306,6mry_FLC_C_102,3,diffdock_l,,,,,1.7366967e-30,23.313313
132,0,15054,2150,6e43_BEZ_B_502,4,gnina,,,,,0.98653016,3.5363995
133,0,2603,371,1toq_AMG_E_503,6,smina,,,,,0.99461845,1.0512784
134,0,10803,1543,5a02_GOL_C_1341,2,diffdock,,,,,5.324555e-51,33.785141
135,0,1558,222,1lo3_AN1_Y_500,4,gnina,,,,,0,2.8939417
136,0,15948,2278,6l86_LMR_B_302,2,diffdock,,,,,0,30.331167
137,0,8562,1223,4i4v_NGA_B_201,1,unimol,,,,,0.95332484,17.58
138,0,2784,397,1v03_BGC_A_1498,5,autodock,,,,,0,32.181294
139,0,6504,929,3vc3_C6P_C_501,1,unimol,,,,,0.95290279,29.03
140,0,4800,685,2pt6_S4M_B_502,5,autodock,,,,,0.98994238,235.90544
141,0,11613,1659,5eo8_TFU_A_406,0,surfdock,,,,,0.89876625,2.5101829
142,0,12378,1768,5iav_MLI_B_302,2,diffdock,,,,,1.6538092e-39,16.754105
143,0,466,66,1fm8_DDC_A_501,4,gnina,,,,,6.0014969e-08,2.8806823
144,0,5105,729,2qxf_TMP_A_3000,2,diffdock,,,,,0,22.353982
145,0,6063,866,3qhd_MSR_A_166,1,unimol,,,,,0.99091825,18.27
146,0,7099,1014,4a8p_PAO_C_1340,1,unimol,,,,,0.9623727,25.1
147,0,16294,2327,6nh0_KND_A_803,5,autodock,,,,,0,6.1555734
148,0,4662,666,2o7b_HC4_G_701,0,surfdock,,,,,0.99643873,3.0117049
149,0,16079,2297,6m9b_BTN_A_201,0,surfdock,,,,,0.9921411,3.3735297
150,0,8217,1173,4g1x_TQU_A_410,6,smina,,,,,0,1.3254339
151,0,1408,201,1ki2_GA2_A_1,1,unimol,,,,,0,16.91
152,0,4050,578,2fhk_MFN_B_602,4,gnina,,,,,0.44405659,14.060952
153,0,2521,360,1thc_FL9_B_130,1,unimol,,,,,0.94444694,15.81
154,0,16669,2381,6qdb_HWQ_A_1003,2,diffdock,,,,,0,29.919355
155,0,9943,1420,4tyv_BGC_B_701,3,diffdock_l,,,,,6.9686556e-48,25.395901
156,0,5053,721,2qse_1HP_A_1,6,smina,,,,,0,2.3894522
157,0,13793,1970,5urz_BOG_B_201,3,diffdock_l,,,,,6.5264531e-35,16.033314
158,0,10388,1484,4xz9_G3P_C_302,0,surfdock,,,,,0.99723439,2.2923259
159,0,12697,1813,5jfx_6K4_A_4000,6,smina,,,,,0,14.472708
160,0,9901,1414,4tq4_DMA_C_403,3,diffdock_l,,,,,1.9367962e-91,29.798074
161,0,16662,2380,6qdb_HWQ_A_1002,2,diffdock,,,,,0,29.842571
162,0,2554,364,1tkj_MED_A_913,6,smina,,,,,0,1.1191352
163,0,1274,182,1jl0_PUT_A_401,0,surfdock,,,,,0.045505925,2.3731277
164,0,580,82,1g6t_S3P_A_601,6,smina,,,,,0.99609102,1.5352641
165,0,3212,458,1zei_CRS_E_55,6,smina,,,,,9.805556e-06,0.51585789
166,0,10627,1518,4zjz_BEZ_B_601,1,unimol,,,,,0.98838298,16.17
167,0,4100,585,2fr6_URI_B_1002,5,autodock,,,,,0,722.23546
168,0,831,118,1h48_C5P_F_901,5,autodock,,,,,0,13.14503
169,0,17798,2542,8icd_ICT_A_418,4,gnina,,,,,0.03138311,3.9024302
170,0,16126,2303,6mpa_NAG_B_502,5,autodock,,,,,0.0045206156,19.717105
171,0,17416,2488,6vmz_R3P_C_404,0,surfdock,,,,,1.4709773e-07,5.4356133
172,0,5058,722,2qui_LTN_A_501,4,gnina,,,,,0.0093701276,3.0026054
173,0,1483,211,1kwu_MMA_B_601,6,smina,,,,,0.029012238,0.99409237
174,0,9822,1403,4rii_TYD_A_401,1,unimol,,,,,0,20.96
175,0,5124,732,2r4j_13P_A_1968,0,surfdock,,,,,0,2.6625365
176,0,9998,1428,4uch_OLW_A_800,2,diffdock,,,,,0,47.820151
177,0,6328,904,3tye_XHP_B_901,0,surfdock,,,,,0.99356677,2.8008604
178,0,5847,835,2z48_NGA_B_2006,2,diffdock,,,,,3.7328854e-82,26.922156
179,0,15179,2168,6f77_PLP_A_600,3,diffdock_l,,,,,0,28.001163
180,1,575,82,1g6t_S3P_A_601,1,unimol,1.0232357,0.91696219,1.1158965,0,0.96177999,20.1
181,1,2598,371,1toq_AMG_E_503,1,unimol,1.0229769,0.91673026,1.1158965,0,0.9581768,20.3
182,1,1127,161,1iwe_IMP_B_1443,0,surfdock,1.0210301,0.91498559,1.1158965,0,0.97852813,3.9338565
183,1,1407,201,1ki2_GA2_A_1,0,surfdock,1.0210301,0.91498559,1.1158965,0,0.95137752,3.498913
184,1,4375,625,2ipf_FFA_A_3,0,surfdock,1.0210301,0.91498559,1.1158965,0,0.97721847,3.2124498
185,1,9821,1403,4rii_TYD_A_401,0,surfdock,1.0210301,0.91498559,1.1158965,0,0,4.1710492
186,1,12489,1784,5irw_D9P_B_202,1,unimol,1.0207388,0.91472455,1.1158965,0,0.97439807,27.1
187,1,4432,633,2j1s_FUL_B_1153,1,unimol,1.0159711,0.91045206,1.1158965,0,0.94123959,20.88
188,1,1135,162,1iwe_IMP_B_1452,1,unimol,1.011119,0.90610386,1.1158965,0,0,20.09
189,1,1289,184,1jtk_THU_A_138,1,unimol,1.011119,0.90610386,1.1158965,0,0.95567749,19.1
190,1,5125,732,2r4j_13P_A_1968,1,unimol,1.011119,0.90610386,1.1158965,0,0.95327715,24.13
191,1,5622,803,2xul_AKG_A_201,1,unimol,1.011119,0.90610386,1.1158965,0,0,17.87
192,1,12314,1759,5i0m_UMP_B_201,1,unimol,1.011119,0.90610386,1.1158965,0,0,20.6
193,1,6378,911,3u3o_3QV_A_297,1,unimol,1.0111172,0.9061023,1.1158965,0,0.98927618,17.9
194,1,1912,273,1o28_UFP_D_718,1,unimol,1.0111142,0.90609958,1.1158965,0,0,21.03
195,1,14393,2056,5ybl_AKG_A_302,1,unimol,1.0111025,0.90608913,1.1158965,0,0.91683579,20.28
196,1,1275,182,1jl0_PUT_A_401,1,unimol,1.0089672,0.90417556,1.1158965,0,0.90215522,17.63
197,1,8831,1261,4jb0_ENO_A_402,4,gnina,1.000114,0.89624191,1.1158965,0,0.99453131,2.8277918
198,1,4799,685,2pt6_S4M_B_502,4,gnina,1.0001124,0.89624048,1.1158965,0,0.98951126,6.3642084
199,1,16433,2347,6oha_XAN_A_501,4,gnina,1.0001109,0.89623907,1.1158965,0,0,1.8827391
200,1,14512,2073,5z54_0HZ_A_303,1,unimol,0.98176578,0.87979932,1.1158965,0,0.9839039,21.72
201,1,15331,2190,6flu_DTK_B_406,1,unimol,0.96230427,0.86235908,1.1158965,0,0,27.7
202,1,6843,977,3wsg_CIT_F_302,4,gnina,0.92702408,0.8307431,1.1158965,0,0.31520872,5.1614407
203,1,15051,2150,6e43_BEZ_B_502,1,unimol,0.91764364,0.82233692,1.1158965,0,0.98789407,18.52
204,1,15859,2265,6krs_CIT_C_301,4,gnina,0.90328535,0.80946988,1.1158965,0,0.016074281,7.4440263
205,1,11880,1697,5fqf_NGA_B_1585,1,unimol,0.88291722,0.79121719,1.1158965,0,0.97254082,26.83
206,1,15562,2223,6hnz_GH5_A_301,1,unimol,0.8756788,0.78473055,1.1158965,0,0.98294524,23.79
207,1,1632,233,1m3u_KPL_A_265,1,unimol,0.85147103,0.76303701,1.1158965,0,0.84788602,24.01
208,1,1555,222,1lo3_AN1_Y_500,1,unimol,0.84633107,0.75843089,1.1158965,0,0.97975166,18.98
209,1,14092,2013,5x2m_GLN_D_951,1,unimol,0.84633107,0.75843089,1.1158965,0,0,27.01
210,1,463,66,1fm8_DDC_A_501,1,unimol,0.84633106,0.75843088,1.1158965,0,0.99245385,21.24
211,1,15037,2148,6e40_BBJ_D_502,1,unimol,0.84633106,0.75843088,1.1158965,0,0,25.72
212,1,9472,1353,4nkw_PLO_B_601,1,unimol,0.84633105,0.75843087,1.1158965,0,0.9938415,24.13
213,1,12251,1750,5hpu_IPH_C_101,1,unimol,0.84633104,0.75843086,1.1158965,0,0.97854959,15.88
214,1,3564,509,2bf7_HBI_B_1290,1,unimol,0.84633098,0.75843081,1.1158965,0,0,21.41
215,1,2024,289,1oxp_IK2_A_411,1,unimol,0.84633026,0.75843017,1.1158965,0,0.94966152,21.62
216,1,2773,396,1uxq_G1P_A_1503,1,unimol,0.84626413,0.7583709,1.1158965,0,0.8249602,25.56
217,1,5055,722,2qui_LTN_A_501,1,unimol,0.84541651,0.75761132,1.1158965,0,0,19.06
218,1,3627,518,2bsc_NAG_A_1176,1,unimol,0.84449254,0.7567833,1.1158965,0,0.98456683,18.52
219,1,17795,2542,8icd_ICT_A_418,1,unimol,0.8437768,0.7561419,1.1158965,0,0.93969954,14.26
220,1,358,51,1e2s_CSN_P_701,1,unimol,0.84344517,0.75584472,1.1158965,0,0.29911644,24.01
221,1,9087,1298,4l8q_XMM_A_303,1,unimol,0.84221092,0.75473866,1.1158965,0,0.82378864,15.78
222,1,827,118,1h48_C5P_F_901,1,unimol,0.83786829,0.75084706,1.1158965,0,0.85419986,18.65
223,1,1996,285,1opr_ORO_A_220,1,unimol,0.83786829,0.75084706,1.1158965,0,0,19.49
224,1,2780,397,1v03_BGC_A_1498,1,unimol,0.83786829,0.75084706,1.1158965,0,0,17.14
225,1,4096,585,2fr6_URI_B_1002,1,unimol,0.83786829,0.75084706,1.1158965,0,0,23.56
226,1,8205,1172,4g1x_TQU_A_409,1,unimol,0.83786829,0.75084706,1.1158965,0,0.94765954,21.49
227,1,8989,1284,4kux_FPS_B_405,1,unimol,0.83786829,0.75084706,1.1158965,0,0.94015224,23.32
228,1,12034,1719,5g6i_M85_A_904,1,unimol,0.83786829,0.75084706,1.1158965,0,0.98884147,21.59
229,1,12209,1744,5hfa_FP1_A_607,1,unimol,0.83786829,0.75084706,1.1158965,0,0.99142359,23.72
230,2,16094,2299,6m9b_BTN_C_201,1,unimol,1.0044099,0.70240732,1.4299527,0,0.98202831,21.13
231,2,1303,186,1jw0_GUA_B_999,1,unimol,1.0035883,0.7018327,1.4299527,0,0.88972707,19.41
232,2,8828,1261,4jb0_ENO_A_402,1,unimol,1.0025159,0.70108274,1.4299527,0,0,14.74
233,2,12384,1769,5ice_2H4_A_402,1,unimol,0.97045802,0.67866395,1.4299527,0,0.97953153,18.2
234,2,11460,1637,5e4o_L57_B_201,1,unimol,0.91574674,0.64040307,1.4299527,0,0.97697248,23.08
235,2,10389,1484,4xz9_G3P_C_302,1,unimol,0.81794354,0.57200701,1.4299527,0,0.95554234,20.6
236,2,4663,666,2o7b_HC4_G_701,1,unimol,0.81776743,0.57188386,1.4299527,0,0.9905619,31.18
237,2,16080,2297,6m9b_BTN_A_201,1,unimol,0.8168162,0.57121864,1.4299527,0,0.98453752,19.48
238,2,5391,770,2vzu_PNJ_B_1904,1,unimol,0.81665232,0.57110404,1.4299527,0,0.92848602,28.02
239,2,1821,260,1nmm_NAG_B_403,1,unimol,0.81536709,0.57020524,1.4299527,0,0.97401938,20.97
240,2,11614,1659,5eo8_TFU_A_406,1,unimol,0.79614872,0.55676538,1.4299527,0,0,16.8
241,2,462,66,1fm8_DDC_A_501,0,surfdock,0.79471705,0.55576419,1.4299527,0,1.2272612e-05,3.4134959
242,2,2023,289,1oxp_IK2_A_411,0,surfdock,0.78380736,0.54813479,1.4299527,0,0.96819645,3.7955199
243,2,9086,1298,4l8q_XMM_A_303,0,surfdock,0.73097623,0.51118874,1.4299527,0,0.12899927,3.3127342
244,2,5986,855,2zuw_NDG_D_4004,1,unimol,0.81675483,0.50175781,1.627786,0,0.98591184,25.16
245,2,6381,911,3u3o_3QV_A_297,4,gnina,0.71574056,0.50053408,1.4299527,0,1.4433102e-05,2.0358462
246,2,5104,729,2qxf_TMP_A_3000,1,unimol,0.71472086,0.49982098,1.4299527,0,0,19.07
247,2,8947,1278,4kp7_1UQ_B_502,1,unimol,0.71472086,0.49982098,1.4299527,0,0.94583919,23.84
248,2,9598,1371,4p7q_NAG_A_706,1,unimol,0.71472086,0.49982098,1.4299527,0,0,19.91
249,2,10452,1493,4ysx_MLI_E_701,1,unimol,0.71472086,0.49982098,1.4299527,0,0.93643956,23.92
250,2,12377,1768,5iav_MLI_B_302,1,unimol,0.71472086,0.49982098,1.4299527,0,0.62897078,20.35
251,2,64,9,1aia_PMP_A_411,1,unimol,0.71417337,0.49943811,1.4299527,0,0,25.11
252,2,71,10,1aia_PMP_B_411,1,unimol,0.71417337,0.49943811,1.4299527,0,0,22.7
253,2,106,15,1amq_PMP_A_413,1,unimol,0.71417337,0.49943811,1.4299527,0,0,21.37
254,2,169,24,1bqp_MAN_B_401,1,unimol,0.71417337,0.49943811,1.4299527,0,0.96333196,23.29
255,2,176,25,1bqp_MAN_C_402,1,unimol,0.71417337,0.49943811,1.4299527,0,0.97204432,20.81
256,2,190,27,1c9c_PP3_A_413,1,unimol,0.71417337,0.49943811,1.4299527,0,0,21.24
257,2,232,33,1cgk_NAR_A_390,1,unimol,0.71417337,0.49943811,1.4299527,0,0,16.86
258,2,239,34,1cq1_BGC_A_455,1,unimol,0.71417337,0.49943811,1.4299527,0,0.96862762,23.23
259,2,246,35,1cq1_BGC_B_455,1,unimol,0.71417337,0.49943811,1.4299527,0,0.94477314,20.24
260,2,260,37,1d6u_HY1_B_3001,1,unimol,0.71417337,0.49943811,1.4299527,0,0.99613863,23.85
261,2,288,41,1dai_DSD_A_225,1,unimol,0.71417337,0.49943811,1.4299527,0,0.98709623,17.61
262,2,295,42,1diw_GAL_A_1400,1,unimol,0.71417337,0.49943811,1.4299527,0,0.97379023,17.63
263,2,316,45,1dpm_EBP_A_900,1,unimol,0.71417337,0.49943811,1.4299527,0,0.74387868,20.91
264,2,323,46,1dpm_EBP_A_901,1,unimol,0.71417337,0.49943811,1.4299527,0,0.9780366,19.09
265,2,330,47,1dpm_EBP_B_903,1,unimol,0.71417337,0.49943811,1.4299527,0,0.97920817,24.08
266,2,337,48,1duc_DUD_A_201,1,unimol,0.71417337,0.49943811,1.4299527,0,0,25.95
267,2,365,52,1e48_13P_P_302,1,unimol,0.71417337,0.49943811,1.4299527,0,0,19.05
268,2,379,54,1e7h_PLM_A_1001,1,unimol,0.71417337,0.49943811,1.4299527,0,0.97538283,25.48
269,2,393,56,1e8m_P0H_A_724,1,unimol,0.71417337,0.49943811,1.4299527,0,0.88926204,22.99
270,2,400,57,1ei6_PPF_A_410,1,unimol,0.71417337,0.49943811,1.4299527,0,0.83340009,24.62
271,2,407,58,1ei6_PPF_D_412,1,unimol,0.71417337,0.49943811,1.4299527,0,0.88534888,20.28
272,2,414,59,1eow_U2G_A_130,1,unimol,0.71417337,0.49943811,1.4299527,0,0,22.35
273,2,421,60,1euu_GAL_A_2,1,unimol,0.71417337,0.49943811,1.4299527,0,0.74695083,22.85
274,2,428,61,1eyw_PEL_A_404,1,unimol,0.71417337,0.49943811,1.4299527,0,0.96758981,17.15
275,2,435,62,1eyw_TEN_A_403,1,unimol,0.71417337,0.49943811,1.4299527,0,0,24.08
276,2,449,64,1fhv_OSB_A_789,1,unimol,0.71417337,0.49943811,1.4299527,0,0.94487042,18.03
277,2,470,67,1foi_14W_A_810,1,unimol,0.71417337,0.49943811,1.4299527,0,0.99540042,18.25
278,2,484,69,1fqo_F6R_A_1268,1,unimol,0.71417337,0.49943811,1.4299527,0,0,21.68
279,2,491,70,1fqo_F6R_B_2268,1,unimol,0.71417337,0.49943811,1.4299527,0,0.94831394,20.11
280,3,15050,2150,6e43_BEZ_B_502,0,surfdock,0.87192938,0.47182516,1.8479916,0,0.99747155,2.5640354
281,3,16093,2299,6m9b_BTN_C_201,0,surfdock,0.86026262,0.46551195,1.8479916,0,0.99481187,3.2153877
282,3,1302,186,1jw0_GUA_B_999,0,surfdock,0.85728789,0.46390225,1.8479916,0,0,2.5519531
283,3,3815,545,2dcf_ACA_A_501,0,surfdock,0.85589394,0.46314794,1.8479916,0,9.6187547e-07,3.0627425
284,3,3816,545,2dcf_ACA_A_501,1,unimol,0.84885202,0.45933736,1.8479916,0,0.97065714,28.67
285,3,9814,1402,4rg3_ECE_A_603,0,surfdock,0.83961342,0.4543381,1.8479916,0,0.39722291,2.1968552
286,3,8827,1261,4jb0_ENO_A_402,0,surfdock,0.82837871,0.44825868,1.8479916,0,0.93883266,3.0241779
287,3,13378,1911,5t63_ALA_C_1,1,unimol,0.81693658,0.44206704,1.8479916,0,0,19.25
288,3,13560,1937,5tvr_AKG_B_402,1,unimol,0.80333096,0.43470465,1.8479916,0,0.91276923,17.37
289,3,12244,1749,5hpu_IPH_A_101,1,unimol,0.802396,0.43419872,1.8479916,0,0.98832659,18.52
290,3,6329,904,3tye_XHP_B_901,1,unimol,0.80238625,0.43419345,1.8479916,0,0.99357731,19.36
291,3,13504,1929,5tdt_MBN_D_502,1,unimol,0.79689265,0.43122071,1.8479916,0,0.23324648,24.1
292,3,17039,2434,6sjs_THH_B_901,1,unimol,0.78131337,0.42279033,1.8479916,0,0,17.29
293,3,12468,1781,5ioq_DUR_C_302,1,unimol,0.75791378,0.41012816,1.8479916,0,0,22.21
294,3,15387,2198,6fw0_E92_B_602,1,unimol,0.75791378,0.41012816,1.8479916,0,0.99334864,18.44
295,3,17480,2497,6wiw_I14_B_601,1,unimol,0.75791378,0.41012816,1.8479916,0,0.84863349,18.35
296,3,16122,2303,6mpa_NAG_B_502,1,unimol,0.75660146,0.40941803,1.8479916,0,0,19.3
297,3,253,36,1d6u_HY1_A_2001,1,unimol,0.75626103,0.40923381,1.8479916,0,0.99667157,22.35
298,3,4795,685,2pt6_S4M_B_502,0,surfdock,0.83958149,0.40705123,2.0625932,0,0,5.8572961
299,3,16290,2327,6nh0_KND_A_803,1,unimol,0.75791378,0.39738634,1.9072458,0,0.98166553,24.56
300,3,17038,2434,6sjs_THH_B_901,0,surfdock,0.73175837,0.39597474,1.8479916,0,0.9801108,2.3980545
301,3,4047,578,2fhk_MFN_B_602,1,unimol,0.70437072,0.38115453,1.8479916,0,0,31.22
302,3,9815,1402,4rg3_ECE_A_603,1,unimol,0.69954618,0.37854384,1.8479916,0,0.98836796,17.91
303,3,16794,2399,6r5o_BGC_A_801,1,unimol,0.69556586,0.37638997,1.8479916,0,0,22.78
304,3,29,4,1a59_CIT_A_379,1,unimol,0.68756435,0.37206013,1.8479916,0,0.93714712,20.12
305,3,36,5,1a9r_HPA_A_290,1,unimol,0.68756435,0.37206013,1.8479916,0,0,23.95
306,3,43,6,1ac4_TMT_A_296,1,unimol,0.68756435,0.37206013,1.8479916,0,0.98176216,17.91
307,3,50,7,1aej_NVI_A_296,1,unimol,0.68756435,0.37206013,1.8479916,0,0.98628294,15.89
308,3,57,8,1aer_TIA_B_700,1,unimol,0.68756435,0.37206013,1.8479916,0,0,21.82
309,3,78,11,1aiq_CB3_A_266,1,unimol,0.68756435,0.37206013,1.8479916,0,0,23.16
310,3,92,13,1aj8_CIT_A_1000,1,unimol,0.68756435,0.37206013,1.8479916,0,0.93700491,18.15
311,3,99,14,1aj8_CIT_B_2000,1,unimol,0.68756435,0.37206013,1.8479916,0,0.94422312,21.36
312,3,127,18,1aog_MAE_A_500,1,unimol,0.68756435,0.37206013,1.8479916,0,0,22.38
313,3,134,19,1aua_BOG_A_1,1,unimol,0.68756435,0.37206013,1.8479916,0,0,21.57
314,3,141,20,1aua_BOG_A_2,1,unimol,0.68756435,0.37206013,1.8479916,0,0,22.08
315,3,148,21,1axg_ETF_B_404,1,unimol,0.68756435,0.37206013,1.8479916,0,0.98447323,24.92
316,3,155,22,1axg_ETF_C_404,1,unimol,0.68756435,0.37206013,1.8479916,0,0.96246439,19.85
317,3,162,23,1axg_ETF_D_404,1,unimol,0.68756435,0.37206013,1.8479916,0,0.97108532,22.04
318,3,183,26,1c3s_SHH_A_952,1,unimol,0.68756435,0.37206013,1.8479916,0,0.90306974,20.96
319,3,267,38,1d7a_AIR_B_350,1,unimol,0.68756435,0.37206013,1.8479916,0,0.88806388,19.49
320,3,274,39,1d7a_AIR_C_400,1,unimol,0.68756435,0.37206013,1.8479916,0,0.9257566,17.58
321,3,281,40,1d7a_AIR_D_450,1,unimol,0.68756435,0.37206013,1.8479916,0,0.91292722,20.09
322,3,302,43,1dna_CB3_A_601,1,unimol,0.68756435,0.37206013,1.8479916,0,0,28.43
323,3,309,44,1dna_CB3_B_602,1,unimol,0.68756435,0.37206013,1.8479916,0,0,29.86
324,3,344,49,1dxy_COI_A_404,1,unimol,0.68756435,0.37206013,1.8479916,0,0.94556853,21.86
325,3,351,50,1e26_GPB_A_208,1,unimol,0.68756435,0.37206013,1.8479916,0,0.98369541,28.71
326,3,372,53,1e5f_PLP_B_405,1,unimol,0.68756435,0.37206013,1.8479916,0,0,22.52
327,3,386,55,1e8g_FCR_B_601,1,unimol,0.68756435,0.37206013,1.8479916,0,0.97599423,16.59
328,3,456,65,1fk1_DAO_A_201,1,unimol,0.68756435,0.37206013,1.8479916,0,0.97035544,26.96
329,3,512,73,1fsa_F6P_A_338,1,unimol,0.68756435,0.37206013,1.8479916,0,0.91052122,21.28
330,4,4103,586,2fu9_MP2_B_2410,1,unimol,0.66273154,0.31746613,2.0875652,0,0.99086491,23.78
331,4,5748,821,2yp6_C6W_B_1186,1,unimol,0.66273154,0.31746613,2.0875652,0,0.93108995,21.95
332,4,9430,1347,4ni1_2JX_A_203,1,unimol,0.66273154,0.31746613,2.0875652,0,0,17.55
333,4,9437,1348,4ni1_2JX_A_204,1,unimol,0.66273154,0.31746613,2.0875652,0,0,19.37
334,4,13294,1899,5oip_9WE_A_302,1,unimol,0.66273154,0.31746613,2.0875652,0,0.98589462,18.35
335,4,16108,2301,6mae_JBA_A_301,1,unimol,0.66273154,0.31486679,2.1047988,0,0,20.91
336,4,7386,1055,4bvh_OCZ_B_1392,1,unimol,0.66273154,0.31459208,2.1066368,0,0,24.93
337,4,7393,1056,4bvh_OCZ_C_1394,1,unimol,0.66273154,0.30905947,2.1443486,0,0,19.19
338,4,10067,1438,4ur9_BK9_A_1717,1,unimol,0.66273154,0.30741691,2.1558061,0,0.99511855,24.41
339,4,10074,1439,4ur9_BK9_B_1717,1,unimol,0.66273154,0.30741691,2.1558061,0,0.99591362,23.65
340,4,5993,856,2zvq_1NP_X_502,1,unimol,0.66273154,0.29823449,2.2221818,0,2.6746594e-06,15.73
341,4,11894,1699,5fuv_THM_B_1385,1,unimol,0.66273154,0.29612494,2.2380123,0,0,20.75
342,4,11061,1580,5bwr_4VT_A_402,1,unimol,0.66273154,0.29498549,2.2466571,0,0,17.1
343,4,14806,2115,6bqx_9AG_A_201,1,unimol,0.66273154,0.28420121,2.3319087,0,0.90934025,20.62
344,4,5160,737,2rhx_MLY_A_537,1,unimol,0.66273154,0.28156637,2.3537302,0,0,29.07
345,4,17606,2515,6zac_QDE_A_4000,1,unimol,0.66273154,0.27441084,2.4151061,0,0.9478002,23.68
346,4,17361,2480,6uzr_QM1_B_301,1,unimol,0.66273154,0.27150384,2.4409647,0,0.98665208,21.53
347,4,16591,2370,6q4b_HHN_A_301,1,unimol,0.66273154,0.26893504,2.4642801,0,0.98043184,12.95
348,4,2654,379,1u18_HSM_A_401,1,unimol,0.66273154,0.26831878,2.4699399,0,0,17.83
349,4,17683,2526,7ak3_RH8_A_501,1,unimol,0.66273154,0.26486697,2.5021288,0,0,19.92
350,4,1506,215,1l4f_150_A_990,1,unimol,0.66273154,0.26482377,2.502537,0,0.98467331,15.58
351,4,10942,1563,5afy_WCE_H_1248,1,unimol,0.66273154,0.25216459,2.6281695,0,0.99125566,18.77
352,4,17466,2495,6wdw_TWV_A_701,1,unimol,0.66273154,0.24972711,2.6538219,0,0.91347871,22.94
353,4,17459,2494,6wdv_TWM_A_701,1,unimol,0.66273154,0.24963687,2.6547813,0,0.86864687,26.15
354,4,392,56,1e8m_P0H_A_724,0,surfdock,0.5195404,0.24887374,2.0875652,0,0.97430306,3.7572501
355,4,1260,180,1jhv_NIO_A_991,0,surfdock,0.51867328,0.24845837,2.0875652,0,0.74166281,2.4130963
356,4,1267,181,1jhv_PCR_A_990,0,surfdock,0.51867328,0.24845837,2.0875652,0,0.99831,1.9348193
357,4,1505,215,1l4f_150_A_990,0,surfdock,0.51867328,0.24845837,2.0875652,0,0.99368633,2.1151453
358,5,9317,1331,4n36_2F8_A_401,0,surfdock,0.85991315,0.36898586,2.3304763,0,0,2.6534688
359,5,995,142,1ho5_ADN_B_2604,1,unimol,0.64359977,0.30658024,2.0992856,0,0.97888497,21.86
360,5,2059,294,1p7l_MET_A_485,1,unimol,0.64359977,0.30658024,2.0992856,0,0,23.56
361,5,2066,295,1p7l_MET_B_385,1,unimol,0.64359977,0.30658024,2.0992856,0,0,19.67
362,5,3368,481,1zwp_NIM_A_401,1,unimol,0.64359977,0.30658024,2.0992856,0,0.94488591,16.24
363,5,3473,496,2aiq_BEN_A_401,1,unimol,0.64359977,0.30658024,2.0992856,0,0.98338686,18.68
364,5,3984,569,2f78_BEZ_A_1001,1,unimol,0.64359977,0.30658024,2.0992856,0,0.98845297,22.09
365,5,3991,570,2f78_BEZ_A_1003,1,unimol,0.64359977,0.30658024,2.0992856,0,0.99297058,15.91
366,5,3998,571,2f78_BEZ_B_1002,1,unimol,0.64359977,0.30658024,2.0992856,0,0.9960496,23.36
367,5,4005,572,2f78_BEZ_B_1005,1,unimol,0.64359977,0.30658024,2.0992856,0,0.98672432,17.7
368,5,5069,724,2qvr_FDP_A_333,1,unimol,0.64359977,0.30658024,2.0992856,0,0,21.82
369,5,5111,730,2r0g_7CK_A_1355,1,unimol,0.64359977,0.30658024,2.0992856,0,0.98968096,24.16
370,5,5874,839,2zce_PYL_A_601,1,unimol,0.64359977,0.30658024,2.0992856,0,0,23.56
371,5,5895,842,2zi2_24U_H_801,1,unimol,0.64359977,0.30658024,2.0992856,0,0.98034485,19.83
372,5,6014,859,3mk1_NPO_A_911,1,unimol,0.64359977,0.30658024,2.0992856,0,0.77704057,17.27
373,5,6021,860,3mk1_NPO_A_912,1,unimol,0.64359977,0.30658024,2.0992856,0,0.42969763,17.24
374,5,6028,861,3mk1_NPO_A_913,1,unimol,0.64359977,0.30658024,2.0992856,0,0.99051552,35.56
375,5,6448,921,3v1s_0LH_B_401,1,unimol,0.64359977,0.30658024,2.0992856,0,0.99579135,24.28
376,5,6581,940,3vq4_0NX_A_304,1,unimol,0.64359977,0.30658024,2.0992856,0,0.98286377,16.24
377,5,6588,941,3vq4_0NX_A_305,1,unimol,0.64359977,0.30658024,2.0992856,0,0.9885928,13.8
378,5,6595,942,3vq5_MMJ_A_1007,1,unimol,0.64359977,0.30658024,2.0992856,0,0.99052549,14.39
379,5,6602,943,3vq5_MMJ_B_307,1,unimol,0.64359977,0.30658024,2.0992856,0,0.99671805,19.8
380,5,6609,944,3vqe_FMQ_A_1006,1,unimol,0.64359977,0.30658024,2.0992856,0,0.44565346,15.78
381,5,6952,993,3zcm_PX3_A_1214,1,unimol,0.64359977,0.30658024,2.0992856,0,0.97542855,24.71
382,5,6959,994,3zcm_PX3_B_1216,1,unimol,0.64359977,0.30658024,2.0992856,0,0,25.12
383,5,7064,1009,4a3u_NCA_B_1359,1,unimol,0.64359977,0.30658024,2.0992856,0,0.94658498,17.36
384,5,7491,1070,4cjs_L0Y_A_1217,1,unimol,0.64359977,0.30658024,2.0992856,0,0.98316231,19.26
385,5,7498,1071,4cjs_L0Y_B_1217,1,unimol,0.64359977,0.30658024,2.0992856,0,0.96678194,23.5
386,5,7505,1072,4cjv_IV2_B_1215,1,unimol,0.64359977,0.30658024,2.0992856,0,0.99581782,17.96
387,5,7512,1073,4cjw_CBJ_A_1215,1,unimol,0.64359977,0.30658024,2.0992856,0,0.94785945,20.91
388,5,7519,1074,4cjw_CBJ_A_1216,1,unimol,0.64359977,0.30658024,2.0992856,0,0,19.23
389,5,7526,1075,4cjw_CBJ_B_1217,1,unimol,0.64359977,0.30658024,2.0992856,0,0.9296023,18.42
390,5,7533,1076,4cjw_CBJ_B_1218,1,unimol,0.64359977,0.30658024,2.0992856,0,0.66709005,21.04
391,5,7750,1107,4d06_NAR_F_301,1,unimol,0.64359977,0.30658024,2.0992856,0,0.95399504,23.32
392,5,7764,1109,4d06_X8W_B_301,1,unimol,0.64359977,0.30658024,2.0992856,0,0.98425318,26.94
393,5,8968,1281,4kqx_HIO_A_402,1,unimol,0.64359977,0.30658024,2.0992856,0,0.95520729,26.37
394,5,8975,1282,4kqx_HIO_B_401,1,unimol,0.64359977,0.30658024,2.0992856,0,0.92153853,23.55
395,5,9094,1299,4l91_X29_A_301,1,unimol,0.64359977,0.30658024,2.0992856,0,0.9896262,20.12
396,5,9549,1364,4ovl_1TD_A_308,1,unimol,0.64359977,0.30658024,2.0992856,0,0.94330338,19.99
397,5,9787,1398,4r2n_PHE_C_402,1,unimol,0.64359977,0.30658024,2.0992856,0,0.8765809,23.55
398,5,9885,1412,4s38_CDI_A_900,1,unimol,0.64359977,0.30658024,2.0992856,0,0,24.61
399,5,10459,1494,4yu7_DHC_A_203,1,unimol,0.64359977,0.30658024,2.0992856,0,0.12943757,19.83
400,5,10466,1495,4yu7_DHC_A_204,1,unimol,0.64359977,0.30658024,2.0992856,0,0.88076034,18.71
401,5,10473,1496,4yu7_DHC_B_203,1,unimol,0.64359977,0.30658024,2.0992856,0,0.83104606,24.28
402,5,10508,1501,4z69_DIF_A_1006,1,unimol,0.64359977,0.30658024,2.0992856,0,0.43761168,24.33
403,5,10515,1502,4z69_DIF_A_1008,1,unimol,0.64359977,0.30658024,2.0992856,0,0,19.19
404,5,10522,1503,4z69_DIF_I_1006,1,unimol,0.64359977,0.30658024,2.0992856,0,0.4758969,21.73
405,5,11187,1598,5clo_NS8_M_101,1,unimol,0.64359977,0.30658024,2.0992856,0,0.98830412,18.69
406,5,11740,1677,5fc5_PC_A_516,1,unimol,0.64359977,0.30658024,2.0992856,0,0.93064361,22.49
407,5,14883,2126,6c6w_TFX_A_502,1,unimol,0.64359977,0.30658024,2.0992856,0,0.92190229,23.78
408,6,582,83,1g72_PQQ_C_703,1,unimol,0.66349092,0.30289721,2.1904812,0,0,22.33
409,6,1345,192,1k8z_IAG_A_501,1,unimol,0.66349092,0.30289721,2.1904812,0,0.96225639,21.73
410,6,1450,207,1kuj_MMA_A_501,1,unimol,0.66349092,0.30289721,2.1904812,0,0.94941724,21.37
411,6,1457,208,1kuj_MMA_C_502,1,unimol,0.66349092,0.30289721,2.1904812,0,0.94943352,21.97
412,6,1464,209,1kuj_MMA_G_504,1,unimol,0.66349092,0.30289721,2.1904812,0,0.96582449,15.3
413,6,1758,251,1n1i_HIS_C_501,1,unimol,0.66349092,0.30289721,2.1904812,0,0,17.5
414,6,1933,276,1o2i_655_A_246,1,unimol,0.66349092,0.30289721,2.1904812,0,0,21.47
415,6,2381,340,1s6h_4BZ_A_1,1,unimol,0.66349092,0.30289721,2.1904812,0,0.97821881,18.9
416,6,2388,341,1s83_4HA_A_5,1,unimol,0.66349092,0.30289721,2.1904812,0,0.96651693,23.09
417,6,2591,370,1toq_AMG_A_501,1,unimol,0.66349092,0.30289721,2.1904812,0,0.95893793,24.01
418,6,2605,372,1toq_AMG_G_504,1,unimol,0.66349092,0.30289721,2.1904812,0,0.94595247,17.56
419,6,2997,428,1xid_ASC_A_389,1,unimol,0.66349092,0.30289721,2.1904812,0,0.89814863,15.76
420,6,3123,446,1yik_MM1_A_501,1,unimol,0.66349092,0.30289721,2.1904812,0,0.66515264,17.22
421,6,4173,596,2g5v_22M_A_301,1,unimol,0.66349092,0.30289721,2.1904812,0,0.98495266,21.42
422,6,4180,597,2g8t_MI2_A_401,1,unimol,0.66349092,0.30289721,2.1904812,0,0,22.44
423,6,4670,667,2o7d_DHC_A_701,1,unimol,0.66349092,0.30289721,2.1904812,0,0.9909985,30.28
424,6,4677,668,2o7d_DHC_B_701,1,unimol,0.66349092,0.30289721,2.1904812,0,0.99055784,25.15
425,6,4684,669,2o7d_DHC_G_701,1,unimol,0.66349092,0.30289721,2.1904812,0,0.99267455,27.37
426,6,4915,702,2qcx_PF1_A_300,1,unimol,0.66349092,0.30289721,2.1904812,0,0.97400987,19.95
427,6,4922,703,2qcx_PF1_B_300,1,unimol,0.66349092,0.30289721,2.1904812,0,0.98388824,23.3
428,6,5300,757,2vjb_CCD_A_1539,1,unimol,0.66349092,0.30289721,2.1904812,0,0,24.42
429,6,5307,758,2vjb_CCD_A_1540,1,unimol,0.66349092,0.30289721,2.1904812,0,0.9720178,22.29
430,6,5314,759,2vjb_CCD_B_1539,1,unimol,0.66349092,0.30289721,2.1904812,0,0,24.2
431,6,5321,760,2vjb_CCD_B_1540,1,unimol,0.66349092,0.30289721,2.1904812,0,0.9911866,17.7
432,6,5405,772,2w1a_TSA_C_1091,1,unimol,0.66349092,0.30289721,2.1904812,0,0.99316705,23.75
433,6,5412,773,2w1a_TSA_D_1091,1,unimol,0.66349092,0.30289721,2.1904812,0,0.99394766,17.24
434,6,5489,784,2wj4_HQD_C_1277,1,unimol,0.66349092,0.30289721,2.1904812,0,0,24.56
435,6,5517,788,2wzv_FMN_A_801,1,unimol,0.66349092,0.30289721,2.1904812,0,0,21.65
436,6,5524,789,2wzv_FMN_B_801,1,unimol,0.66349092,0.30289721,2.1904812,0,0,20.24
437,6,5741,820,2ynf_WHU_A_1563,1,unimol,0.66349092,0.30289721,2.1904812,0,0,25.26
438,6,6112,873,3r51_MMA_A_200,1,unimol,0.66349092,0.30289721,2.1904812,0,0.96556947,16.72
439,6,6847,978,3wug_XYP_B_2,1,unimol,0.66349092,0.30289721,2.1904812,0,0,23.14
440,6,6854,979,3wug_XYP_C_2,1,unimol,0.66349092,0.30289721,2.1904812,0,0,20.01
441,6,7540,1077,4cld_JUO_A_1270,1,unimol,0.66349092,0.30289721,2.1904812,0,0,19.74
442,6,7547,1078,4cld_JUO_B_1270,1,unimol,0.66349092,0.30289721,2.1904812,0,0,17.4
443,6,7554,1079,4cld_JUO_C_1270,1,unimol,0.66349092,0.30289721,2.1904812,0,0,17.94
444,6,7561,1080,4cld_JUO_D_1270,1,unimol,0.66349092,0.30289721,2.1904812,0,0,21.37
445,6,8429,1204,4hrq_AZG_A_201,1,unimol,0.66349092,0.30289721,2.1904812,0,0.97877727,19.05
446,6,8723,1246,4ioq_BAQ_A_201,1,unimol,0.66349092,0.30289721,2.1904812,0,0.98961076,14.19
447,6,9206,1315,4ma8_Z80_C_301,1,unimol,0.66349092,0.30289721,2.1904812,0,0.73788609,26.63
448,6,9465,1352,4nkw_PLO_A_601,1,unimol,0.66349092,0.30289721,2.1904812,0,0.99535151,28.56
449,6,9479,1354,4nkw_PLO_C_601,1,unimol,0.66349092,0.30289721,2.1904812,0,0.99336545,29.09
450,6,9486,1355,4nkw_PLO_D_601,1,unimol,0.66349092,0.30289721,2.1904812,0,0.99394282,27.44
451,6,9738,1391,4qe1_RUU_A_403,1,unimol,0.66349092,0.30289721,2.1904812,0,0,21.11
452,6,10102,1443,4uzi_IMD_B_1455,1,unimol,0.66349092,0.30289721,2.1904812,0,0.64089495,22.48
453,6,10109,1444,4uzi_IMD_B_1456,1,unimol,0.66349092,0.30289721,2.1904812,0,0.99299115,23.87
454,6,10438,1491,4ynu_LGC_A_602,1,unimol,0.66349092,0.30289721,2.1904812,0,0,14.55
455,6,11138,1591,5cga_KP6_B_301,1,unimol,0.66349092,0.30289721,2.1904812,0,0.98382462,20.2
456,6,11145,1592,5cga_KP6_C_301,1,unimol,0.66349092,0.30289721,2.1904812,0,0.98213717,20.93
457,6,11152,1593,5cga_KP6_E_301,1,unimol,0.66349092,0.30289721,2.1904812,0,0.96607774,23.68
458,7,16303,2329,6nhd_KNV_B_803,0,surfdock,0.67789361,0.29739581,2.2794313,0,0.61085218,3.7010077
459,7,4796,685,2pt6_S4M_B_502,1,unimol,0.67514064,0.29618806,2.2794313,0,0.97815566,23.43
460,7,16304,2329,6nhd_KNV_B_803,1,unimol,0.66483622,0.29166746,2.2794313,0,0,20.75
461,7,252,36,1d6u_HY1_A_2001,0,surfdock,0.67289917,0.2904281,2.3169208,0,0.99426473,2.5733155
462,7,477,68,1fp2_HMO_A_2000,1,unimol,0.6532505,0.28658474,2.2794313,0,0.92100725,20.05
463,7,764,109,1h1i_QUE_B_1356,1,unimol,0.6532505,0.28658474,2.2794313,0,0,18.14
464,7,771,110,1h1i_QUE_C_1358,1,unimol,0.6532505,0.28658474,2.2794313,0,0,23.43
465,7,778,111,1h1i_QUE_D_1357,1,unimol,0.6532505,0.28658474,2.2794313,0,0,23.54
466,7,834,119,1h48_CDI_A_201,1,unimol,0.6532505,0.28658474,2.2794313,0,0,22.48
467,7,841,120,1h48_CDI_B_902,1,unimol,0.6532505,0.28658474,2.2794313,0,0.96987863,16.88
468,7,848,121,1h48_CDI_C_902,1,unimol,0.6532505,0.28658474,2.2794313,0,0,25.38
469,7,855,122,1h48_CDI_D_201,1,unimol,0.6532505,0.28658474,2.2794313,0,0.91815537,17.56
470,7,862,123,1h48_CDI_E_902,1,unimol,0.6532505,0.28658474,2.2794313,0,0.97437693,21.32
471,7,869,124,1h48_GPP_C_904,1,unimol,0.6532505,0.28658474,2.2794313,0,0.051061276,26.81
472,7,876,125,1h48_GPP_E_904,1,unimol,0.6532505,0.28658474,2.2794313,0,0.83435966,22.09
473,7,1142,163,1ixo_G3P_A_1001,1,unimol,0.6532505,0.28658474,2.2794313,0,0,24.24
474,7,1205,172,1j3i_WRA_A_609,1,unimol,0.6532505,0.28658474,2.2794313,0,0.99015522,23.9
475,7,1212,173,1j3i_WRA_B_709,1,unimol,0.6532505,0.28658474,2.2794313,0,0.99489507,28
476,7,1226,175,1j3k_WRA_A_609,1,unimol,0.6532505,0.28658474,2.2794313,0,0.9934278,21.93
477,7,1233,176,1j3k_WRA_B_709,1,unimol,0.6532505,0.28658474,2.2794313,0,0.99566085,26.18
478,7,1247,178,1ja9_PYQ_A_406,1,unimol,0.6532505,0.28658474,2.2794313,0,0.97089405,18.34
479,7,1429,204,1klz_U_A_2001,1,unimol,0.6532505,0.28658474,2.2794313,0,0,24.37
480,7,1436,205,1km6_OMP_A_2001,1,unimol,0.6532505,0.28658474,2.2794313,0,0,15.8
481,7,1471,210,1kwc_BPY_B_401,1,unimol,0.6532505,0.28658474,2.2794313,0,0.99116452,15.83
482,7,1562,223,1lqp_FCN_B_4001,1,unimol,0.6532505,0.28658474,2.2794313,0,0,18.33
483,7,1569,224,1lqp_FCN_B_4003,1,unimol,0.6532505,0.28658474,2.2794313,0,0,22.04
484,7,1625,232,1lzz_IHG_B_1830,1,unimol,0.6532505,0.28658474,2.2794313,0,0.9348825,23.75
485,7,1681,240,1m9j_CLW_A_906,1,unimol,0.6532505,0.28658474,2.2794313,0,0,22.73
486,7,1961,280,1o6g_SIN_A_724,1,unimol,0.6532505,0.28658474,2.2794313,0,0.91780026,21.2
487,7,2122,303,1pl6_572_A_405,1,unimol,0.6532505,0.28658474,2.2794313,0,0.95325612,19.46
488,7,2129,304,1pl6_572_B_407,1,unimol,0.6532505,0.28658474,2.2794313,0,0.94468091,29.62
489,7,2136,305,1pl6_572_C_409,1,unimol,0.6532505,0.28658474,2.2794313,0,0.958854,23.22
490,7,2192,313,1pwz_RSO_A_256,1,unimol,0.6532505,0.28658474,2.2794313,0,0.95304311,16.54
491,7,2255,322,1q6r_LX1_A_7301,1,unimol,0.6532505,0.28658474,2.2794313,0,0,18.31
492,7,2262,323,1q6r_LX1_B_9301,1,unimol,0.6532505,0.28658474,2.2794313,0,0,19.94
493,7,2752,393,1uux_PPI_A_1165,1,unimol,0.6532505,0.28658474,2.2794313,0,0.93079883,20.12
494,7,2759,394,1uxi_FUM_A_1311,1,unimol,0.6532505,0.28658474,2.2794313,0,0.91529939,19.82
495,7,2766,395,1uxi_FUM_B_1311,1,unimol,0.6532505,0.28658474,2.2794313,0,0.91581464,16.79
496,7,2815,402,1vkf_CIT_A_501,1,unimol,0.6532505,0.28658474,2.2794313,0,0.86734174,24.29
497,7,2822,403,1vkf_CIT_D_503,1,unimol,0.6532505,0.28658474,2.2794313,0,0.90373428,26.79
498,7,2906,415,1w62_PYC_A_700,1,unimol,0.6532505,0.28658474,2.2794313,0,0,17.88
499,7,2969,424,1x7j_GEN_B_202,1,unimol,0.6532505,0.28658474,2.2794313,0,0.99376865,20.14
500,7,3081,440,1y42_TYR_X_701,1,unimol,0.6532505,0.28658474,2.2794313,0,0.84976395,21.18
501,7,3172,453,1zdq_MSM_A_1507,1,unimol,0.6532505,0.28658474,2.2794313,0,0.99225512,21.29
502,7,3179,454,1zdq_MSM_B_1508,1,unimol,0.6532505,0.28658474,2.2794313,0,0.98801844,22.13
503,7,3235,462,1zg3_2HI_A_365,1,unimol,0.6532505,0.28658474,2.2794313,0,0.98039737,16.81
504,7,3634,519,2bx7_34D_B_1313,1,unimol,0.6532505,0.28658474,2.2794313,0,0.86320922,16.28
505,7,3739,534,2caq_GSH_A_1208,1,unimol,0.6532505,0.28658474,2.2794313,0,0,19.08
506,7,3753,536,2coj_GBN_A_420,1,unimol,0.6532505,0.28658474,2.2794313,0,0.99189584,16.49
507,7,3760,537,2coj_GBN_B_420,1,unimol,0.6532505,0.28658474,2.2794313,0,0.98307273,24.31
508,8,12250,1750,5hpu_IPH_C_101,0,surfdock,0.66158527,0.27830541,2.3771906,0,0.99534277,1.9071538
509,8,14091,2013,5x2m_GLN_D_951,0,surfdock,0.64760102,0.27242273,2.3771906,0,0,2.4284769
510,8,218,31,1cdk_MYR_A_403,1,unimol,0.64731003,0.27230032,2.3771906,0,0,16.59
511,8,225,32,1cdk_MYR_B_403,1,unimol,0.64731003,0.27230032,2.3771906,0,0.88011681,17.59
512,8,1968,281,1o8a_NXA_A_702,1,unimol,0.64731003,0.27230032,2.3771906,0,0,22.33
513,8,2241,320,1q4g_BFL_A_701,1,unimol,0.64731003,0.27230032,2.3771906,0,0.9863461,23.75
514,8,2248,321,1q4g_BFL_B_1701,1,unimol,0.64731003,0.27230032,2.3771906,0,0.9888112,18.84
515,8,2353,336,1s1f_PIM_A_431,1,unimol,0.64731003,0.27230032,2.3771906,0,0,20.91
516,8,2472,353,1t87_CAM_B_2422,1,unimol,0.64731003,0.27230032,2.3771906,0,0.97759823,16.62
517,8,2808,401,1vje_MSE_A_401,1,unimol,0.64731003,0.27230032,2.3771906,0,0.89802039,18.57
518,8,3389,484,2a1m_CAM_A_1422,1,unimol,0.64731003,0.27230032,2.3771906,0,0.9879787,16.74
519,8,3396,485,2a1m_CAM_B_2422,1,unimol,0.64731003,0.27230032,2.3771906,0,0.99117567,20.04
520,8,3494,499,2as1_TP5_A_500,1,unimol,0.64731003,0.27230032,2.3771906,0,0.99355835,18.3
521,8,3970,567,2f64_12Q_A_472,1,unimol,0.64731003,0.27230032,2.3771906,0,1.3388283e-33,16.95
522,8,3977,568,2f64_12Q_B_471,1,unimol,0.64731003,0.27230032,2.3771906,0,1.1648884e-33,13.49
523,8,4229,604,2gx5_PCG_C_514,1,unimol,0.64731003,0.27230032,2.3771906,0,0,20.92
524,8,4446,635,2j5b_TYE_A_1336,1,unimol,0.64731003,0.27230032,2.3771906,0,0,20
525,8,4691,670,2oci_TYC_A_401,1,unimol,0.64731003,0.27230032,2.3771906,0,0.85657699,18.5
526,8,4775,682,2prl_ORO_A_399,1,unimol,0.64731003,0.27230032,2.3771906,0,0.86085771,23.27
527,8,5153,736,2rbx_3AY_X_2001,1,unimol,0.64731003,0.27230032,2.3771906,0,0.73531767,15.68
528,8,5440,777,2wdq_CBE_C_1130,1,unimol,0.64731003,0.27230032,2.3771906,0,0.98605125,23.82
529,8,5447,778,2wdq_CBE_G_1130,1,unimol,0.64731003,0.27230032,2.3771906,0,0.98345321,28.97
530,8,5454,779,2wdq_CBE_K_1130,1,unimol,0.64731003,0.27230032,2.3771906,0,0.98989522,23.24
531,8,6000,857,2zwt_CAM_A_422,1,unimol,0.64731003,0.27230032,2.3771906,0,0,23.09
532,8,6224,889,3sj1_DXC_X_75,1,unimol,0.64731003,0.27230032,2.3771906,0,0.98290361,20.61
533,8,6679,954,3w8x_FTK_A_601,1,unimol,0.64731003,0.27230032,2.3771906,0,0.9752265,19.77
534,8,6987,998,3zp7_PRE_A_1118,1,unimol,0.64731003,0.27230032,2.3771906,0,0,20.61
535,8,7316,1045,4bdr_CYS_B_804,1,unimol,0.64731003,0.27230032,2.3771906,0,0.64059435,15.76
536,9,3820,545,2dcf_ACA_A_501,5,autodock,0.73882741,0.31009177,2.3826079,0,0.82225419,7.7128838
537,9,1307,186,1jw0_GUA_B_999,5,autodock,0.72221537,0.30311956,2.3826079,0,2.5129456e-06,6.5619947
538,9,10857,1551,5a86_D7E_A_1433,0,surfdock,0.70238057,0.29479474,2.3826079,0,0.98957987,4.4317822
539,9,8988,1284,4kux_FPS_B_405,0,surfdock,0.70178961,0.29454671,2.3826079,0,0,4.2869735
540,9,826,118,1h48_C5P_F_901,0,surfdock,0.70078802,0.29412633,2.3826079,0,0.9961927,3.5018595
541,9,2779,397,1v03_BGC_A_1498,0,surfdock,0.69284923,0.29079436,2.3826079,0,0.91451413,3.777401
542,9,16121,2303,6mpa_NAG_B_502,0,surfdock,0.69013025,0.28965318,2.3826079,0,0.00029477578,3.2797523
543,9,1268,181,1jhv_PCR_A_990,1,unimol,0.68247802,0.28644148,2.3826079,0,0.99501148,20.84
544,9,5846,835,2z48_NGA_B_2006,1,unimol,0.64746861,0.27174775,2.3826079,0,0,24.98
545,9,11082,1583,5c4i_TPP_F_402,1,unimol,0.64746861,0.27174775,2.3826079,0,0.93954369,28.42
546,9,15947,2278,6l86_LMR_B_302,1,unimol,0.64746861,0.27174775,2.3826079,0,0.0055025462,24.59
547,9,15975,2282,6l86_MLT_A_303,1,unimol,0.64746861,0.27174775,2.3826079,0,0,26.42
548,9,16444,2349,6ooi_PGA_B_301,1,unimol,0.64746861,0.27174775,2.3826079,0,0.97005871,19.76
549,9,3221,460,1zei_CRS_F_55,1,unimol,0.6474594,0.27174389,2.3826079,0,0.98633146,18.51
550,9,1,0,19gs_BSP_B_210,1,unimol,0.64413914,0.27035035,2.3826079,0,0.98854669,17.23
551,9,15,2,1a49_OXL_D_2333,1,unimol,0.64413914,0.27035035,2.3826079,0,0.96645288,23.9
552,9,22,3,1a49_OXL_F_4133,1,unimol,0.64413914,0.27035035,2.3826079,0,0.87115368,33.36
553,9,85,12,1aiq_UMP_A_265,1,unimol,0.64413914,0.27035035,2.3826079,0,0.81022196,15.39
554,9,498,71,1fs5_16G_A_1267,1,unimol,0.64413914,0.27035035,2.3826079,0,0.97451995,28.28
555,9,505,72,1fs5_16G_B_2267,1,unimol,0.64413914,0.27035035,2.3826079,0,0,33.61
556,9,519,74,1fsa_F6P_B_338,1,unimol,0.64413914,0.27035035,2.3826079,0,0.97265526,23.86
557,9,533,76,1fuy_FIP_A_269,1,unimol,0.64413914,0.27035035,2.3826079,0,0.97591356,24.79
558,9,554,79,1g4s_TPS_A_2001,1,unimol,0.64413914,0.27035035,2.3826079,0,0.9833517,19.64
559,9,568,81,1g6n_CMP_B_622,1,unimol,0.64413914,0.27035035,2.3826079,0,0.99243928,17.44
560,9,603,86,1g8z_GAL_D_104,1,unimol,0.64413914,0.27035035,2.3826079,0,0.97509055,21.37
561,9,610,87,1g8z_GAL_F_104,1,unimol,0.64413914,0.27035035,2.3826079,0,0.97660964,18.35
562,9,617,88,1g8z_GAL_G_104,1,unimol,0.64413914,0.27035035,2.3826079,0,0.95916607,18.52
563,9,624,89,1g8z_GAL_H_104,1,unimol,0.64413914,0.27035035,2.3826079,0,0.96128231,20.6
564,9,701,100,1gz5_G6P_A_901,1,unimol,0.64413914,0.27035035,2.3826079,0,0.97877921,19.39
565,9,708,101,1gz5_G6P_B_901,1,unimol,0.64413914,0.27035035,2.3826079,0,0.9722514,19.8
566,9,715,102,1gz5_G6P_C_901,1,unimol,0.64413914,0.27035035,2.3826079,0,0.95979779,22.32
567,9,722,103,1gz5_UDP_D_900,1,unimol,0.64413914,0.27035035,2.3826079,0,0.96637626,26.67
568,9,750,107,1h18_PYR_A_1001,1,unimol,0.64413914,0.27035035,2.3826079,0,0.98341294,21.49
569,9,757,108,1h18_PYR_B_1001,1,unimol,0.64413914,0.27035035,2.3826079,0,0,19.04
570,9,785,112,1h1m_KMP_A_1360,1,unimol,0.64413914,0.27035035,2.3826079,0,0.98834119,18.43
571,9,799,114,1h48_C5P_A_203,1,unimol,0.64413914,0.27035035,2.3826079,0,0.92561991,24.38
572,9,806,115,1h48_C5P_C_901,1,unimol,0.64413914,0.27035035,2.3826079,0,0.97198425,19.93
573,9,813,116,1h48_C5P_D_204,1,unimol,0.64413914,0.27035035,2.3826079,0,0.92967262,17.7
574,9,820,117,1h48_C5P_E_901,1,unimol,0.64413914,0.27035035,2.3826079,0,0.95238654,24.14
575,9,883,126,1h5r_G1P_A_1294,1,unimol,0.64413914,0.27035035,2.3826079,0,0.4854717,19.03
576,9,890,127,1h5r_G1P_C_1294,1,unimol,0.64413914,0.27035035,2.3826079,0,0.97273598,18.5
577,9,897,128,1h5r_G1P_D_1294,1,unimol,0.64413914,0.27035035,2.3826079,0,0,25.32
578,9,904,129,1h5r_THM_A_1292,1,unimol,0.64413914,0.27035035,2.3826079,0,0,17.44
579,9,911,130,1h5r_THM_B_1292,1,unimol,0.64413914,0.27035035,2.3826079,0,0,19.7
580,9,918,131,1h5r_THM_B_1293,1,unimol,0.64413914,0.27035035,2.3826079,0,0,19.07
581,9,932,133,1h70_CIR_A_500,1,unimol,0.64413914,0.27035035,2.3826079,0,0,19.18
582,9,1002,143,1hot_16G_B_271,1,unimol,0.64413914,0.27035035,2.3826079,0,0.968443,25.19
583,9,1009,144,1hsb_ALA_A_1001,1,unimol,0.64413914,0.27035035,2.3826079,0,1.1247562e-05,22.46
584,9,1016,145,1hsb_ALA_C_1,1,unimol,0.64413914,0.27035035,2.3826079,0,0,18.11
585,9,1023,146,1hsr_BHO_A_800,1,unimol,0.64413914,0.27035035,2.3826079,0,0.99188539,21.33
586,10,9871,1410,4rql_SNE_A_505,1,unimol,0.69853741,0.29092832,2.4010627,0,0.89078395,27.53
587,10,5076,725,2qx4_ML1_A_233,1,unimol,0.64832343,0.27001509,2.4010627,0,0.98553668,24.28
588,10,5083,726,2qx4_ML1_B_233,1,unimol,0.64832343,0.27001509,2.4010627,0,0.95711943,23.22
589,10,6966,995,3zjq_NCA_B_300,1,unimol,0.64832343,0.27001509,2.4010627,0,0.98803469,22.22
590,10,8219,1174,4gcq_0JM_A_401,1,unimol,0.64832343,0.27001509,2.4010627,0,0.91666671,24.53
591,10,8226,1175,4gcq_0JM_B_401,1,unimol,0.64832343,0.27001509,2.4010627,0,0.97055429,21.85
592,10,9192,1313,4m54_AE5_A_403,1,unimol,0.64832343,0.27001509,2.4010627,0,0,19.5
593,10,9290,1327,4mpr_TPP_A_602,1,unimol,0.64832343,0.27001509,2.4010627,0,0.95581788,17.75
594,10,9304,1329,4mr8_2BW_A_507,1,unimol,0.64832343,0.27001509,2.4010627,0,0.95022785,21.18
595,10,9654,1379,4pxd_1AL_A_502,1,unimol,0.64832343,0.27001509,2.4010627,0,0.97824081,25.58
596,10,9661,1380,4pxd_1AL_B_502,1,unimol,0.64832343,0.27001509,2.4010627,0,0.98657202,23.58
597,10,9878,1411,4rql_SNE_B_502,1,unimol,0.64832343,0.27001509,2.4010627,0,0,26.61
598,10,9948,1421,4u7g_K17_B_303,1,unimol,0.64832343,0.27001509,2.4010627,0,0.96404198,15.06
599,10,12202,1743,5hc0_NPO_A_402,1,unimol,0.64832343,0.27001509,2.4010627,0,0.96444565,17.96
600,10,13168,1881,5o3b_9HZ_A_501,1,unimol,0.64832343,0.27001509,2.4010627,0,0,22.53
601,10,13175,1882,5o3b_9HZ_B_501,1,unimol,0.64832343,0.27001509,2.4010627,0,0,18.35
602,10,13182,1883,5o3b_9HZ_C_501,1,unimol,0.64832343,0.27001509,2.4010627,0,0,19.67
603,10,13189,1884,5o3b_9HZ_D_501,1,unimol,0.64832343,0.27001509,2.4010627,0,0,19.17
604,10,13399,1914,5t85_44G_L_301,1,unimol,0.64832343,0.27001509,2.4010627,0,0,27.95
605,10,13826,1975,5vl0_BNF_A_404,1,unimol,0.64832343,0.27001509,2.4010627,0,0.98251589,21.92
606,10,13833,1976,5vl0_BNF_B_404,1,unimol,0.64832343,0.27001509,2.4010627,0,0.98161095,24.15
607,10,13840,1977,5vl0_BNF_C_404,1,unimol,0.64832343,0.27001509,2.4010627,0,0.98575008,25.45
608,10,14162,2023,5xdt_MB3_A_404,1,unimol,0.64832343,0.27001509,2.4010627,0,0.99568175,18.64
609,10,15723,2246,6jmd_ORO_A_402,1,unimol,0.64832343,0.27001509,2.4010627,0,0.86529912,18.34
610,10,15737,2248,6jme_ORO_A_402,1,unimol,0.64832343,0.27001509,2.4010627,0,0.85171822,15.94
611,10,16430,2347,6oha_XAN_A_501,1,unimol,0.64433958,0.26835589,2.4010627,0,0.08738534,19.61
612,10,5720,817,2yi6_6QM_A_1225,1,unimol,0.64832343,0.26660284,2.4317939,0,0.94474047,27.34
613,10,9297,1328,4mr7_2BV_A_501,1,unimol,0.64832343,0.26635353,2.4340701,0,0,25.05
614,10,5097,728,2qx9_ML2_A_234,1,unimol,0.64832343,0.26358289,2.4596558,0,0,21.21
615,10,17291,2470,6u6c_P1T_B_502,1,unimol,0.64832343,0.26332989,2.462019,0,0.93687847,21.45
616,10,17298,2471,6u6c_P1T_D_505,1,unimol,0.64832343,0.26332989,2.462019,0,0.92609289,23.07
617,10,17305,2472,6u6c_P1T_H_504,1,unimol,0.64832343,0.26332989,2.462019,0,0.93915945,27.87
618,10,3137,448,1z11_8MO_C_501,1,unimol,0.64832343,0.26271866,2.467747,0,0.94893196,21.72
619,10,6007,858,2zyv_NPO_X_1601,1,unimol,0.64832343,0.26162977,2.4780176,0,0.90029235,24.7
620,10,9962,1423,4u8y_MIY_B_1102,1,unimol,0.64832343,0.26032624,2.4904258,0,0.9426336,33.94
621,10,5090,727,2qx9_ML2_A_233,1,unimol,0.64832343,0.25982386,2.4952412,0,0,18.75
622,10,4215,602,2gn2_C5P_A_400,1,unimol,0.64832343,0.25671671,2.5254421,0,0.96464922,21.87
623,10,10333,1476,4xp3_DX4_A_401,1,unimol,0.64832343,0.25548627,2.5376048,0,0,15.7
624,10,13525,1932,5thu_GGG_B_405,1,unimol,0.64832343,0.25343767,2.5581169,0,0.97810953,22.32
625,10,10158,1451,4wca_CIT_A_401,1,unimol,0.64832343,0.25259625,2.5666382,0,0.85602974,24.42
626,10,11488,1641,5edh_5MF_B_803,1,unimol,0.64832343,0.24937516,2.5997906,0,0,31.86
627,10,13210,1887,5o3g_9J8_B_501,1,unimol,0.64832343,0.24725741,2.6220577,0,0,24.4
628,10,9682,1383,4q3a_2YC_C_904,1,unimol,0.64832343,0.24525173,2.643501,0,0,18.25
629,10,9668,1381,4q3a_2YC_A_904,1,unimol,0.64832343,0.2435451,2.6620252,0,0.98231189,23.45
630,10,9675,1382,4q3a_2YC_B_904,1,unimol,0.64832343,0.2435451,2.6620252,0,0.98686118,23.95
631,10,11495,1642,5edh_5MF_D_803,1,unimol,0.64832343,0.24306556,2.6672771,0,0,26.14
632,10,7974,1139,4dwv_PFB_B_378,1,unimol,0.64832343,0.24262013,2.672174,0,0.98198648,16.19
633,10,8352,1193,4hey_4MZ_A_308,1,unimol,0.64832343,0.24160702,2.6833789,0,0,18.85
634,10,12790,1827,5kcp_PFB_A_378,1,unimol,0.64832343,0.24115655,2.6883914,0,0.96046529,24.13
635,10,12804,1829,5kcp_PFB_B_378,1,unimol,0.64832343,0.24115655,2.6883914,0,0.95406069,15.12
636,11,11068,1581,5c38_DA8_A_403,1,unimol,0.64861825,0.26094282,2.485671,0,0.96315662,24.02
637,11,953,136,1h8p_PC_A_1110,1,unimol,0.64618457,0.25996373,2.485671,0,0.87982616,21.77
638,11,960,137,1h8p_PC_A_1111,1,unimol,0.64618457,0.25996373,2.485671,0,0.90533677,28.01
639,11,967,138,1h8p_PC_B_1110,1,unimol,0.64618457,0.25996373,2.485671,0,0.91480008,23.86
640,11,1079,154,1iri_E4P_B_602,1,unimol,0.64618457,0.25996373,2.485671,0,0.95990547,22.84
641,11,1086,155,1iri_E4P_C_603,1,unimol,0.64618457,0.25996373,2.485671,0,0.96082443,25.41
642,11,1359,194,1kar_HSM_A_502,1,unimol,0.64618457,0.25996373,2.485671,0,0,32.35
643,11,1492,213,1kya_XYD_B_612,1,unimol,0.64618457,0.25996373,2.485671,0,0.9752551,22.22
644,11,1499,214,1kya_XYD_D_814,1,unimol,0.64618457,0.25996373,2.485671,0,0.97004199,20.24
645,11,1520,217,1l5o_2MP_A_990,1,unimol,0.64618457,0.25996373,2.485671,0,0.99368906,22.36
646,11,1814,259,1nme_159_B_9002,1,unimol,0.64618457,0.25996373,2.485671,0,0.96439468,19.69
647,11,2045,292,1p2s_ETF_A_400,1,unimol,0.64618457,0.25996373,2.485671,0,0.7009665,20.72
648,11,2143,306,1poc_GEL_A_420,1,unimol,0.64618457,0.25996373,2.485671,0,0.95165088,30.1
649,11,2444,349,1syf_THP_A_180,1,unimol,0.64618457,0.25996373,2.485671,0,0,22.87
650,11,2535,362,1tiw_TFB_A_2002,1,unimol,0.64618457,0.25996373,2.485671,0,0.97161368,16.86
651,11,2647,378,1tvw_UMP_A_317,1,unimol,0.64618457,0.25996373,2.485671,0,0,16.25
652,11,2836,405,1vzd_UFP_A_317,1,unimol,0.64618457,0.25996373,2.485671,0,0,16.65
653,11,3095,442,1y5x_E89_A_500,1,unimol,0.64618457,0.25996373,2.485671,0,0,20.41
654,11,3102,443,1y5x_E89_D_1500,1,unimol,0.64618457,0.25996373,2.485671,0,0,21.2
655,11,3186,455,1zei_CRS_C_56,1,unimol,0.64618457,0.25996373,2.485671,0,0.99193138,19.95
656,11,3193,456,1zei_CRS_D_54,1,unimol,0.64618457,0.25996373,2.485671,0,0.96964612,21.94
657,11,3200,457,1zei_CRS_E_54,1,unimol,0.64618457,0.25996373,2.485671,0,0.98713007,14.93
658,11,3214,459,1zei_CRS_F_54,1,unimol,0.64618457,0.25996373,2.485671,0,0.99076024,23.48
659,11,3263,466,1zjp_DR4_A_1,1,unimol,0.64618457,0.25996373,2.485671,0,0.97041601,28.67
660,11,3620,517,2bs8_NAG_A_1177,1,unimol,0.64618457,0.25996373,2.485671,0,0.87833032,19.5
661,11,3676,525,2c5b_5F1_A_500,1,unimol,0.64618457,0.25996373,2.485671,0,0,21.68
662,11,3683,526,2c5b_5F1_C_500,1,unimol,0.64618457,0.25996373,2.485671,0,0,15.94
663,11,3767,538,2cxp_A5P_A_1601,1,unimol,0.64618457,0.25996373,2.485671,0,0.96801873,20.2
664,11,3774,539,2cxp_A5P_B_2601,1,unimol,0.64618457,0.25996373,2.485671,0,0.95026194,22.9
665,11,4166,595,2g21_L1B_A_885,1,unimol,0.64618457,0.25996373,2.485671,0,0.99475628,25.29
666,11,4383,626,2isf_PAC_A_317,1,unimol,0.64618457,0.25996373,2.485671,0,0.97666544,24.89
667,11,4530,647,2nry_STU_A_504,1,unimol,0.64618457,0.25996373,2.485671,0,0.97284677,28.71
668,11,4537,648,2nry_STU_C_503,1,unimol,0.64618457,0.25996373,2.485671,0,0.98307711,24.04
669,11,4544,649,2nry_STU_D_501,1,unimol,0.64618457,0.25996373,2.485671,0,0.974346,26.3
670,11,4719,674,2oxp_THP_A_300,1,unimol,0.64618457,0.25996373,2.485671,0,0,20.12
671,11,4831,690,2pye_7PE_A_504,1,unimol,0.64618457,0.25996373,2.485671,0,0.82942184,31.79
672,11,5293,756,2vez_G6P_A_202,1,unimol,0.64618457,0.25996373,2.485671,0,0,15.92
673,11,5692,813,2y2f_YI1_A_1469,1,unimol,0.64618457,0.25996373,2.485671,0,0,22.13
674,11,6406,915,3uu7_2OH_A_1,1,unimol,0.64618457,0.25996373,2.485671,0,0,19.86
675,11,6413,916,3uu7_2OH_B_1,1,unimol,0.64618457,0.25996373,2.485671,0,0,24.2
676,11,6861,980,3wur_O4B_A_201,1,unimol,0.64618457,0.25996373,2.485671,0,0.18494934,39.83
677,11,6868,981,3wur_O4B_A_202,1,unimol,0.64618457,0.25996373,2.485671,0,0.38204476,28.43
678,11,6875,982,3wur_O4B_B_201,1,unimol,0.64618457,0.25996373,2.485671,0,0.10187215,15.47
679,11,6882,983,3wur_O4B_B_202,1,unimol,0.64618457,0.25996373,2.485671,0,0.86049093,23.87
680,11,6889,984,3wur_O4B_B_204,1,unimol,0.64618457,0.25996373,2.485671,0,0.057226008,23.25
681,11,6973,996,3zks_WZV_A_1398,1,unimol,0.64618457,0.25996373,2.485671,0,0.96643685,28.01
682,11,7001,1000,3zwe_FUC_B_110,1,unimol,0.64618457,0.25996373,2.485671,0,0.97349123,15.19
683,11,7008,1001,3zwe_FUC_C_110,1,unimol,0.64618457,0.25996373,2.485671,0,0.97849478,18.53
684,11,7043,1006,3zzv_FUC_B_401,1,unimol,0.64618457,0.25996373,2.485671,0,0.97359332,20.95
685,11,7246,1035,4aql_TXC_A_1452,1,unimol,0.64618457,0.25996373,2.485671,0,0,23.03
686,12,4278,611,2hdk_COI_B_900,1,unimol,0.64359535,0.2525498,2.548389,0,0,23.42
687,12,4978,711,2qg6_NMN_A_301,1,unimol,0.64359535,0.2525498,2.548389,0,0.96742342,19.48
688,12,6049,864,3qgz_ADN_A_127,1,unimol,0.64359535,0.2525498,2.548389,0,0.98362888,15.46
689,12,6441,920,3v1m_HPK_A_288,1,unimol,0.64359535,0.2525498,2.548389,0,0.44562483,18.3
690,12,7127,1018,4a9j_TYL_A_1188,1,unimol,0.64359535,0.2525498,2.548389,0,0.99128895,21.84
691,12,7134,1019,4a9j_TYL_B_1187,1,unimol,0.64359535,0.2525498,2.548389,0,0.99386227,21.14
692,12,7141,1020,4a9j_TYL_C_1184,1,unimol,0.64359535,0.2525498,2.548389,0,0.99584009,16.66
693,12,7778,1111,4d0z_BBK_A_1581,1,unimol,0.64359535,0.2525498,2.548389,0,0.9382103,27.14
694,12,7785,1112,4d0z_BBK_B_1580,1,unimol,0.64359535,0.2525498,2.548389,0,0,25.61
695,12,7792,1113,4d0z_BBK_E_1584,1,unimol,0.64359535,0.2525498,2.548389,0,0,28.06
696,12,7981,1140,4e7v_CRS_1_101,1,unimol,0.64359535,0.2525498,2.548389,0,0.98431918,19.38
697,12,7988,1141,4e7v_CRS_3_101,1,unimol,0.64359535,0.2525498,2.548389,0,0.97780262,22.35
698,12,7995,1142,4e7v_CRS_E_101,1,unimol,0.64359535,0.2525498,2.548389,0,0.9905427,21.31
699,12,8002,1143,4e7v_CRS_G_101,1,unimol,0.64359535,0.2525498,2.548389,0,0.99519348,15.9
700,12,8009,1144,4e7v_CRS_I_101,1,unimol,0.64359535,0.2525498,2.548389,0,0.98707028,18.44
701,12,8016,1145,4e7v_CRS_M_101,1,unimol,0.64359535,0.2525498,2.548389,0,0.98743952,18.92
702,12,8023,1146,4e7v_CRS_O_101,1,unimol,0.64359535,0.2525498,2.548389,0,0.98736929,20.43
703,12,8030,1147,4e7v_CRS_Q_101,1,unimol,0.64359535,0.2525498,2.548389,0,0.98753869,20.18
704,12,8037,1148,4e7v_CRS_S_101,1,unimol,0.64359535,0.2525498,2.548389,0,0.98539739,18.74
705,12,8044,1149,4e7v_CRS_U_101,1,unimol,0.64359535,0.2525498,2.548389,0,0.99039757,20.67
706,12,8051,1150,4e7v_CRS_Y_101,1,unimol,0.64359535,0.2525498,2.548389,0,0.98949961,14.47
707,12,8114,1159,4ekr_0R0_A_202,1,unimol,0.64359535,0.2525498,2.548389,0,0.99177384,22.58
708,12,8121,1160,4ekr_0R0_A_203,1,unimol,0.64359535,0.2525498,2.548389,0,0.94166089,20.78
709,12,8128,1161,4ekr_0R0_B_203,1,unimol,0.64359535,0.2525498,2.548389,0,0.99207739,21.16
710,12,9570,1367,4oxy_1TN_B_302,1,unimol,0.64359535,0.2525498,2.548389,0,0.98767604,21.32
711,12,9647,1378,4pik_MAN_C_503,1,unimol,0.64359535,0.2525498,2.548389,0,0.98020728,20.28
712,12,11999,1714,5g44_YTZ_A_1512,1,unimol,0.64359535,0.2525498,2.548389,0,0.98901905,14.49
713,12,12041,1720,5gnx_BGC_A_502,1,unimol,0.64359535,0.2525498,2.548389,0,0.012735073,20.85
714,13,2542,363,1tkh_DPN_A_913,1,unimol,0.65325632,0.25525768,2.5592024,0,0,18.27
715,13,3802,543,2d20_NPO_B_953,1,unimol,0.65325632,0.25525768,2.5592024,0,0.99162815,20.71
716,13,4313,616,2htu_BCZ_A_801,1,unimol,0.65325632,0.25525768,2.5592024,0,0,23.01
717,13,4551,650,2ntk_IMP_A_205,1,unimol,0.65325632,0.25525768,2.5592024,0,0,19.14
718,13,4558,651,2ntk_IMP_B_206,1,unimol,0.65325632,0.25525768,2.5592024,0,0,18.38
719,13,4572,653,2ntk_IMP_D_208,1,unimol,0.65325632,0.25525768,2.5592024,0,0,18.14
720,13,9339,1334,4n4j_HG1_A_605,1,unimol,0.65325632,0.25525768,2.5592024,0,0.94848261,20.71
721,13,9346,1335,4n4j_HG1_A_606,1,unimol,0.65325632,0.25525768,2.5592024,0,0,21.02
722,13,9353,1336,4n4j_HG1_A_607,1,unimol,0.65325632,0.25525768,2.5592024,0,0.90865764,26.55
723,13,10060,1437,4upd_7P9_B_1550,1,unimol,0.65325632,0.25525768,2.5592024,0,0,29.93
724,13,11166,1595,5ci9_549_A_401,1,unimol,0.65325632,0.25525768,2.5592024,0,0.00047604393,22.62
725,13,11173,1596,5ci9_549_A_402,1,unimol,0.65325632,0.25525768,2.5592024,0,0.98041395,18.55
726,13,12825,1832,5kjw_53C_A_800,1,unimol,0.65325632,0.25525768,2.5592024,0,0.98725683,20.24
727,13,12832,1833,5kjw_53C_B_800,1,unimol,0.65325632,0.25525768,2.5592024,0,0.99665836,18.33
728,13,13147,1878,5nnw_GCS_D_302,1,unimol,0.65325632,0.25525768,2.5592024,0,0,18.42
729,13,14288,2041,5y7a_KYN_A_502,1,unimol,0.65325632,0.25525768,2.5592024,0,0,21.22
730,13,14918,2131,6cgn_DA_A_801,1,unimol,0.65325632,0.25525768,2.5592024,0,0.9779484,23.54
731,13,15646,2235,6ix8_B3O_A_408,1,unimol,0.65325632,0.25525768,2.5592024,0,0,26.59
732,13,15653,2236,6ix8_B3O_B_408,1,unimol,0.65325632,0.25525768,2.5592024,0,0,21.58
733,13,16850,2407,6rbo_JXQ_A_302,1,unimol,0.65325632,0.25525768,2.5592024,0,0.94318625,26.96
734,13,16857,2408,6rbr_JXN_A_302,1,unimol,0.65325632,0.25525768,2.5592024,0,0.95237674,13.92
735,13,16864,2409,6rbx_JYT_A_301,1,unimol,0.65325632,0.25525768,2.5592024,0,0.97331559,23.26
736,13,17326,2475,6uqd_QF4_A_501,1,unimol,0.65325632,0.25525768,2.5592024,0,0.91513294,26.7
737,13,17333,2476,6uqd_QF4_B_501,1,unimol,0.65325632,0.25525768,2.5592024,0,0.9267378,27.05
738,13,4565,652,2ntk_IMP_C_207,1,unimol,0.65113301,0.25442801,2.5592024,0,0,20.09
739,13,17200,2457,6tgl_LVP_B_201,1,unimol,0.65325632,0.25197239,2.5925701,0,0.98655078,14.29
740,13,6476,925,3vbn_TYD_A_301,1,unimol,0.65325632,0.25123822,2.6001461,0,0,18.59
741,13,6483,926,3vbn_TYD_E_301,1,unimol,0.65325632,0.24336434,2.6842721,0,0,21.27
742,13,8387,1198,4hgg_SYN_A_502,1,unimol,0.65325632,0.23520676,2.7773695,0,0.86131549,20.95
743,13,8394,1199,4hgg_SYN_B_502,1,unimol,0.65325632,0.23520676,2.7773695,0,0.94275026,19.28
744,13,6238,891,3sli_SKD_A_760,1,unimol,0.65325632,0.22948267,2.8466468,0,0.9374417,21.25
745,13,2199,314,1pym_OXL_A_1001,1,unimol,0.65325632,0.22603931,2.8900111,0,0.87602299,14.99
746,13,17158,2451,6t9c_MX8_A_501,1,unimol,0.65325632,0.22565875,2.8948848,0,0.9766465,27.22
747,13,13217,1888,5o4j_9KH_B_302,1,unimol,0.65325632,0.22271314,2.9331727,0,0.96169539,18.58
748,13,13224,1889,5o4j_9KH_C_302,1,unimol,0.65325632,0.22271314,2.9331727,0,0.96566868,21.62
749,13,6839,977,3wsg_CIT_F_302,0,surfdock,0.5681556,0.22200487,2.5592024,0,0.98695186,2.7689275
750,13,14715,2102,6axu_BTM_A_401,1,unimol,0.65325632,0.22151776,2.9490011,0,0.98805821,24.39
751,13,5411,773,2w1a_TSA_D_1091,0,surfdock,0.56641441,0.2213245,2.5592024,0,0.97137595,2.9986503
752,13,2968,424,1x7j_GEN_B_202,0,surfdock,0.56640783,0.22132193,2.5592024,0,0,3.7543114
753,13,1519,217,1l5o_2MP_A_990,0,surfdock,0.5664049,0.22132078,2.5592024,0,0.99710042,2.0019325
754,13,5404,772,2w1a_TSA_C_1091,0,surfdock,0.56638571,0.22131329,2.5592024,0,0.94764895,2.9793082
755,13,567,81,1g6n_CMP_B_622,0,surfdock,0.56635896,0.22130283,2.5592024,0,0,3.7591926
756,13,1470,210,1kwc_BPY_B_401,0,surfdock,0.5663121,0.22128452,2.5592024,0,0.99651389,2.9560349
757,13,6062,866,3qhd_MSR_A_166,0,surfdock,0.56630304,0.22128098,2.5592024,0,0,2.0303482
758,13,11186,1598,5clo_NS8_M_101,0,surfdock,0.56620695,0.22124343,2.5592024,0,0,4.9052157
759,13,9569,1367,4oxy_1TN_B_302,0,surfdock,0.56618386,0.22123441,2.5592024,0,0.98677158,3.9585772
760,13,13293,1899,5oip_9WE_A_302,0,surfdock,0.56611837,0.22120882,2.5592024,0,0.93587628,3.5959265
761,13,4921,703,2qcx_PF1_B_300,0,surfdock,0.56604461,0.22118,2.5592024,0,0,2.6222676
762,13,13524,1932,5thu_GGG_B_405,0,surfdock,0.56583218,0.221097,2.5592024,0,0,2.5972632
763,13,385,55,1e8g_FCR_B_601,0,surfdock,0.56575442,0.22106661,2.5592024,0,0.99606219,2.5708759
764,14,1093,156,1isx_XYP_A_1461,1,unimol,0.64696443,0.25225535,2.5647194,0,0.96506034,15.52
765,14,1100,157,1isx_XYP_B_961,1,unimol,0.64696443,0.25225535,2.5647194,0,0.97208371,20.65
766,14,1401,200,1kep_TDX_A_3500,1,unimol,0.64696443,0.25225535,2.5647194,0,0,18.84
767,14,2227,318,1q3a_NGH_A_480,1,unimol,0.64696443,0.25225535,2.5647194,0,0.85950608,22.86
768,14,2402,343,1sff_IK2_B_450,1,unimol,0.64696443,0.25225535,2.5647194,0,0.96952305,19.42
769,14,2409,344,1sff_IK2_C_450,1,unimol,0.64696443,0.25225535,2.5647194,0,0.97676207,23.29
770,14,2633,376,1tuu_PIS_B_2854,1,unimol,0.64696443,0.25225535,2.5647194,0,0.89805393,21.12
771,14,2787,398,1v5g_HTL_A_1602,1,unimol,0.64696443,0.25225535,2.5647194,0,0,27.26
772,14,2899,414,1w55_GPP_A_1374,1,unimol,0.64696443,0.25225535,2.5647194,0,0.74513912,23.11
773,14,2976,425,1x8x_TYR_A_952,1,unimol,0.64696443,0.25225535,2.5647194,0,0.95203449,14.29
774,14,5167,738,2ri1_GLP_A_234,1,unimol,0.64696443,0.25225535,2.5647194,0,0.89474045,20.5
775,14,5174,739,2ri1_GLP_B_234,1,unimol,0.64696443,0.25225535,2.5647194,0,0,21.87
776,14,5209,744,2uuj_896_B_1250,1,unimol,0.64696443,0.25225535,2.5647194,0,0.98661085,22.2
777,14,5678,811,2y00_Y00_A_601,1,unimol,0.64696443,0.25225535,2.5647194,0,0.98996936,20.55
778,14,5685,812,2y00_Y00_B_601,1,unimol,0.64696443,0.25225535,2.5647194,0,0.9853551,25.37
779,14,5923,846,2ztl_3HL_A_301,1,unimol,0.64696443,0.25225535,2.5647194,0,0.96113066,17.87
780,14,5930,847,2ztl_3HL_B_301,1,unimol,0.64696443,0.25225535,2.5647194,0,0.9548612,21.95
781,14,5937,848,2ztl_3HL_C_301,1,unimol,0.64696443,0.25225535,2.5647194,0,0.96795015,18.5
782,14,5944,849,2ztl_3HL_D_301,1,unimol,0.64696443,0.25225535,2.5647194,0,0.96960408,21.19
783,14,6616,945,3vv5_SLZ_A_300,1,unimol,0.64696443,0.25225535,2.5647194,0,0,20.85
784,14,6714,959,3wca_FPS_A_501,1,unimol,0.64696443,0.25225535,2.5647194,0,0.82798246,33.4
785,14,6721,960,3wca_FPS_B_401,1,unimol,0.64696443,0.25225535,2.5647194,0,0.95102449,24.92
786,14,6728,961,3wca_FPS_C_401,1,unimol,0.64696443,0.25225535,2.5647194,0,0.90343579,21.87
787,14,6735,962,3wca_FPS_C_402,1,unimol,0.64696443,0.25225535,2.5647194,0,0.91551948,33.95
788,14,6742,963,3wca_FPS_D_401,1,unimol,0.64696443,0.25225535,2.5647194,0,0.772551,27.11
789,14,7288,1041,4b98_PXG_C_470,1,unimol,0.64696443,0.25225535,2.5647194,0,0,29.01
790,14,7295,1042,4b98_PXG_D_470,1,unimol,0.64696443,0.25225535,2.5647194,0,0,23.49
791,14,7813,1116,4d4u_FUC_A_950,1,unimol,0.64696443,0.25225535,2.5647194,0,0.96898335,18.41
792,14,7820,1117,4d4u_FUC_B_950,1,unimol,0.64696443,0.25225535,2.5647194,0,0.99048334,19.73
793,14,8912,1273,4k5u_GAL_B_301,1,unimol,0.64696443,0.25225535,2.5647194,0,0.98416174,22.5
794,14,8919,1274,4k5u_GAL_C_301,1,unimol,0.64696443,0.25225535,2.5647194,0,0.98466455,21.3
795,14,8926,1275,4k5u_GAL_D_301,1,unimol,0.64696443,0.25225535,2.5647194,0,0.98754743,23.4
796,14,9010,1287,4kwl_3SS_A_302,1,unimol,0.64696443,0.25225535,2.5647194,0,0.99136081,18.31
797,14,9535,1362,4ocu_NDG_A_401,1,unimol,0.64696443,0.25225535,2.5647194,0,0.94216536,19.77
798,14,9563,1366,4oxy_1TN_A_302,1,unimol,0.64696443,0.25225535,2.5647194,0,0.97494096,18.3
799,14,9633,1376,4pbr_2L7_A_401,1,unimol,0.64696443,0.25225535,2.5647194,0,0.98982832,19.23
800,14,9780,1397,4r08_URI_D_901,1,unimol,0.64696443,0.25225535,2.5647194,0,0,30.32
801,14,10270,1467,4x36_CHT_A_408,1,unimol,0.64696443,0.25225535,2.5647194,0,0.97509629,23.3
802,14,10277,1468,4x36_CHT_A_409,1,unimol,0.64696443,0.25225535,2.5647194,0,0.97188093,17.76
803,14,10284,1469,4x36_CHT_A_411,1,unimol,0.64696443,0.25225535,2.5647194,0,0.92654684,23.04
804,14,10291,1470,4x36_CHT_A_412,1,unimol,0.64696443,0.25225535,2.5647194,0,0.91100396,17.38
805,14,10662,1523,4zqp_IMP_A_601,1,unimol,0.64696443,0.25225535,2.5647194,0,0,17.16
806,14,10970,1567,5ahn_IMP_A_1468,1,unimol,0.64696443,0.25225535,2.5647194,0,0,20.38
807,14,10977,1568,5av3_KMP_A_300,1,unimol,0.64696443,0.25225535,2.5647194,0,0.97086888,18.07
808,14,11194,1599,5cmb_GLY_A_301,1,unimol,0.64696443,0.25225535,2.5647194,0,0,21.52
809,14,12356,1765,5i8z_JA1_A_302,1,unimol,0.64696443,0.25225535,2.5647194,0,0.97862476,23.61
810,14,12363,1766,5i9m_69K_A_302,1,unimol,0.64696443,0.25225535,2.5647194,0,0.98917837,17.37
811,14,12958,1851,5lwy_OLB_A_407,1,unimol,0.64696443,0.25225535,2.5647194,0,0,37.46
812,14,12965,1852,5lwy_OLB_A_409,1,unimol,0.64696443,0.25225535,2.5647194,0,0.90933075,30.43
813,14,12993,1856,5m5a_KSA_A_404,1,unimol,0.64696443,0.25225535,2.5647194,0,0.98415248,26.01
814,15,1163,166,1j0n_CEG_A_780,1,unimol,0.6543557,0.25431646,2.5729969,0,0,22.72
815,15,6343,906,3tye_YTZ_B_902,1,unimol,0.6543557,0.25431646,2.5729969,0,0.40113449,18.95
816,15,6910,987,3wxo_NIZ_A_802,1,unimol,0.6543557,0.25431646,2.5729969,0,0.94829447,23.47
817,15,6917,988,3wxo_NIZ_A_804,1,unimol,0.6543557,0.25431646,2.5729969,0,0.0018437698,17.65
818,15,7148,1021,4adl_LMR_D_1468,1,unimol,0.6543557,0.25431646,2.5729969,0,0,26.03
819,15,8142,1163,4evq_PHB_B_402,1,unimol,0.6543557,0.25431646,2.5729969,0,0.99211104,16.7
820,15,8933,1276,4k90_MLA_A_704,1,unimol,0.6543557,0.25431646,2.5729969,0,0.87380436,20.13
821,15,12454,1779,5in3_G1P_B_418,1,unimol,0.6543557,0.25431646,2.5729969,0,0.98134431,23.55
822,15,17270,2467,6tt4_BMA_C_3,1,unimol,0.6543557,0.25431646,2.5729969,0,0,19.99
823,15,13077,1868,5mzp_CFF_A_2401,1,unimol,0.6543557,0.25427318,2.5734348,0,0.98745026,23.6
824,15,8204,1172,4g1x_TQU_A_409,0,surfdock,0.64456598,0.25051167,2.5729969,0,0,2.8322102
825,15,9556,1365,4ox5_DAL_A_307,1,unimol,0.6543557,0.22898616,2.8576202,0,0,17.83
826,15,9857,1408,4rm3_FOA_A_1000,1,unimol,0.6543557,0.22241104,2.9420998,0,0.99066461,18.09
827,15,6196,885,3se2_3AB_C_4,1,unimol,0.6543557,0.22056226,2.9667609,0,0.97637724,21.86
828,15,11747,1678,5fe1_12Q_A_901,1,unimol,0.6543557,0.21990644,2.9756086,0,0.99322233,17.18
829,15,11754,1679,5fe1_12Q_B_901,1,unimol,0.6543557,0.21990644,2.9756086,0,0.99310914,18.53
830,15,10073,1439,4ur9_BK9_B_1717,0,surfdock,0.56468199,0.21946462,2.5729969,0,0.0012290962,2.4876347
831,15,10066,1438,4ur9_BK9_A_1717,0,surfdock,0.56465885,0.21945563,2.5729969,0,0.99030694,2.3976254
832,15,12362,1766,5i9m_69K_A_302,0,surfdock,0.56448599,0.21938845,2.5729969,0,0,3.3454763
833,15,4914,702,2qcx_PF1_A_300,0,surfdock,0.56404459,0.2192169,2.5729969,0,0,3.1470956
834,15,5117,731,2r3d_ACM_A_303,0,surfdock,0.56395721,0.21918293,2.5729969,0,0.72149965,1.895362
835,15,6203,886,3se2_3AB_D_3,1,unimol,0.6543557,0.21904171,2.9873557,0,0.98617436,21.6
836,15,7063,1009,4a3u_NCA_B_1359,0,surfdock,0.56324654,0.21890673,2.5729969,0,0.77207458,2.3170134
837,15,6217,888,3se2_LDR_B_2,1,unimol,0.6543557,0.21779304,3.004483,0,0,22.32
838,15,13728,1961,5uio_LG3_E_201,1,unimol,0.6543557,0.21776745,3.0048361,0,0.99514181,22.7
839,15,8211,1173,4g1x_TQU_A_410,0,surfdock,0.55921144,0.21733848,2.5729969,0,0.9971105,2.9202168
840,15,6210,887,3se2_LDR_A_1,1,unimol,0.6543557,0.21659441,3.0211098,0,0,19.15
841,15,420,60,1euu_GAL_A_2,0,surfdock,0.55743729,0.2163914,2.5760593,0,0.052775123,2.2240067
842,15,1064,152,1iki_DAL_A_500,0,surfdock,0.55484688,0.21564219,2.5729969,0,0.63914911,2.163937
843,15,1162,166,1j0n_CEG_A_780,0,surfdock,0.55484688,0.21564219,2.5729969,0,0,2.8505759
844,15,1169,167,1j0y_BGC_A_1601,0,surfdock,0.55484688,0.21564219,2.5729969,0,0.99715808,2.6647271
845,15,1176,168,1j0y_BGC_B_2601,0,surfdock,0.55484688,0.21564219,2.5729969,0,0.9543416,2.6449362
846,15,1183,169,1j0y_BGC_C_3601,0,surfdock,0.55484688,0.21564219,2.5729969,0,0.99731894,2.7467204
847,15,1190,170,1j0y_BGC_D_4601,0,surfdock,0.55484688,0.21564219,2.5729969,0,0.99550916,4.6779681
848,15,1414,202,1ki2_GA2_B_2,0,surfdock,0.55484688,0.21564219,2.5729969,0,0.98928761,3.4817345
849,15,2282,326,1qmh_CIT_A_401,0,surfdock,0.55484688,0.21564219,2.5729969,0,0,2.6658342
850,15,2450,350,1sz6_NAG_A_5003,0,surfdock,0.55484688,0.21564219,2.5729969,0,0,2.2485242
851,15,2457,351,1sz6_NAG_B_5002,0,surfdock,0.55484688,0.21564219,2.5729969,0,0,2.5897028
852,15,2464,352,1sz6_NAG_B_5004,0,surfdock,0.55484688,0.21564219,2.5729969,0,6.220312e-05,2.4406199
853,15,2828,404,1vl1_CIT_A_300,0,surfdock,0.55484688,0.21564219,2.5729969,0,0.86706107,2.5008436
854,15,3150,450,1z6k_OAA_A_274,0,surfdock,0.55484688,0.21564219,2.5729969,0,0,2.3472255
855,15,3381,483,2a15_NCA_A_1001,0,surfdock,0.55484688,0.21564219,2.5729969,0,0.94465878,2.5361327
856,15,3430,490,2agw_TSS_D_3001,0,surfdock,0.55484688,0.21564219,2.5729969,0,0,2.7655606
857,15,3437,491,2agw_TSS_H_2001,0,surfdock,0.55484688,0.21564219,2.5729969,0,0,2.8338785
858,15,3444,492,2ahc_VNL_A_166,0,surfdock,0.55484688,0.21564219,2.5729969,0,0.14034678,2.764443
859,15,3451,493,2ahc_VNL_B_266,0,surfdock,0.55484688,0.21564219,2.5729969,0,0.99686779,2.9240218
860,15,3458,494,2ahc_VNL_D_466,0,surfdock,0.55484688,0.21564219,2.5729969,0,0.99549928,2.9002167
861,15,3500,500,2b04_CHO_A_200,0,surfdock,0.55484688,0.21564219,2.5729969,0,0,4.7680131
862,15,3507,501,2b3f_GAL_A_3310,0,surfdock,0.55484688,0.21564219,2.5729969,0,0,2.761161
863,15,3514,502,2b3f_GAL_B_3311,0,surfdock,0.55484688,0.21564219,2.5729969,0,0.98877692,2.6673716
864,16,13672,1953,5uda_CAE_A_502,1,unimol,0.65331639,0.26114077,2.5017776,0,0.9961013,24.2
865,16,2031,290,1p1w_AMQ_A_428,1,unimol,0.65226782,0.26072164,2.5017776,0,0,21.45
866,16,2038,291,1p1w_AMQ_B_427,1,unimol,0.65226782,0.26072164,2.5017776,0,0,23.17
867,16,2724,389,1ubs_SER_B_398,1,unimol,0.65226782,0.26072164,2.5017776,0,0.94124263,22.03
868,16,3550,507,2bdg_PBZ_A_301,1,unimol,0.65226782,0.26072164,2.5017776,0,0.99621974,21.88
869,16,3557,508,2bdg_PBZ_B_302,1,unimol,0.65226782,0.26072164,2.5017776,0,0.99566928,18.75
870,16,3599,514,2bk3_FOF_A_1503,1,unimol,0.65226782,0.26072164,2.5017776,0,0.9905141,27.89
871,16,3942,563,2evd_D10_A_304,1,unimol,0.65226782,0.26072164,2.5017776,0,0.95994292,21.91
872,16,4705,672,2ot7_OGA_A_500,1,unimol,0.65226782,0.26072164,2.5017776,0,0.91103574,20.53
873,16,4712,673,2ot7_OGA_B_500,1,unimol,0.65226782,0.26072164,2.5017776,0,0.86386315,23.32
874,16,5370,767,2vss_V55_D_1250,1,unimol,0.65226782,0.26072164,2.5017776,0,0.97471469,25.06
875,16,5377,768,2vsu_V55_D_1251,1,unimol,0.65226782,0.26072164,2.5017776,0,0.98219135,17.69
876,16,5587,798,2xmi_FLC_A_1379,1,unimol,0.65226782,0.26072164,2.5017776,0,0.9611541,16.84
877,16,6490,927,3vc3_C6P_A_501,1,unimol,0.65226782,0.26072164,2.5017776,0,0,23.1
878,16,6497,928,3vc3_C6P_B_501,1,unimol,0.65226782,0.26072164,2.5017776,0,0.93850982,24.87
879,16,6511,930,3vc3_C6P_D_501,1,unimol,0.65226782,0.26072164,2.5017776,0,0.95943501,25.68
880,16,6518,931,3vc3_C6P_E_501,1,unimol,0.65226782,0.26072164,2.5017776,0,0.94213267,23.73
881,16,6525,932,3vc3_C6P_F_501,1,unimol,0.65226782,0.26072164,2.5017776,0,0.95816048,28.7
882,16,6630,947,3w4i_8LG_A_402,1,unimol,0.65226782,0.26072164,2.5017776,0,0.96877712,20.25
883,16,6924,989,3wzo_ZOE_A_201,1,unimol,0.65226782,0.26072164,2.5017776,0,0.97706116,23.31
884,16,6931,990,3wzo_ZOE_B_201,1,unimol,0.65226782,0.26072164,2.5017776,0,0.96949058,24.6
885,16,6945,992,3wzo_ZOE_D_201,1,unimol,0.65226782,0.26072164,2.5017776,0,0.95271276,25.14
886,16,7071,1010,4a78_JZ3_A_1296,1,unimol,0.65226782,0.26072164,2.5017776,0,0.98732924,18.3
887,16,7260,1037,4b1f_DGL_A_1257,1,unimol,0.65226782,0.26072164,2.5017776,0,0.98003017,16.7
888,16,7323,1046,4bdr_KAI_B_900,1,unimol,0.65226782,0.26072164,2.5017776,0,0.96895492,18.94
889,16,7330,1047,4bq5_GAL_C_1,1,unimol,0.65226782,0.26072164,2.5017776,0,0.6310171,23.02
890,16,7715,1102,4cw2_XDS_A_1303,1,unimol,0.65226782,0.26072164,2.5017776,0,0,20.75
891,16,8317,1188,4h9g_14J_A_512,1,unimol,0.65226782,0.26072164,2.5017776,0,0.97718225,17.86
892,17,4404,629,2iyq_SKM_A_201,1,unimol,0.65915767,0.26138689,2.5217693,0,0.96253333,18.67
893,17,11250,1607,5d9w_ASC_A_301,1,unimol,0.65915767,0.26138689,2.5217693,0,0,18.73
894,17,11467,1638,5e4r_40E_A_504,1,unimol,0.65915767,0.26138689,2.5217693,0,0.94907426,25.37
895,17,13567,1938,5tzr_MLI_A_2403,1,unimol,0.65915767,0.26138689,2.5217693,0,0.93019761,23.76
896,17,14834,2119,6bvl_EBY_B_2001,1,unimol,0.65915767,0.26138689,2.5217693,0,0,27.27
897,17,14001,2000,5wcz_NOJ_B_601,1,unimol,0.65915767,0.26025528,2.5327342,0,0.75339008,20.3
898,17,13847,1978,5vrj_R07_A_204,1,unimol,0.65915767,0.25704307,2.5643852,0,0.81204554,25.75
899,17,12321,1760,5i5s_NVU_A_402,1,unimol,0.65915767,0.24724226,2.6660388,0,0.99177429,16.41
900,17,1723,246,1mrj_ADN_A_300,1,unimol,0.65915767,0.23863442,2.7622061,0,0.98721051,13.24
901,17,3375,482,227l_BNZ_A_169,1,unimol,0.65915767,0.23206273,2.8404279,0,0.99278316,16.26
902,17,8401,1200,4hmx_WUB_A_302,1,unimol,0.65915767,0.22294976,2.9565291,0,0,22.56
903,17,14995,2142,6dl7_ONC_F_301,1,unimol,0.65915767,0.22138333,2.9774485,0,0.97245093,28.78
904,17,14967,2138,6dl7_ONC_A_301,1,unimol,0.65915767,0.2205309,2.9889574,0,0.97769207,27.6
905,17,1842,263,1now_IFG_A_557,1,unimol,0.65915767,0.21998631,2.9963567,0,0.98300879,22.86
906,17,1849,264,1now_IFG_B_558,1,unimol,0.65915767,0.21998631,2.9963567,0,0.98739446,21.65
907,17,14981,2140,6dl7_ONC_C_301,1,unimol,0.65915767,0.21902771,3.0094707,0,0.96753328,20.38
908,17,14988,2141,6dl7_ONC_D_301,1,unimol,0.65915767,0.21893978,3.0106792,0,0.97222376,25.41
909,17,15002,2143,6dl7_ONC_G_301,1,unimol,0.65915767,0.21753744,3.0300875,0,0.98095509,28.87
910,17,14974,2139,6dl7_ONC_B_301,1,unimol,0.65915767,0.21684046,3.0398269,0,0.97745983,27.88
911,17,9381,1340,4n94_2HO_A_401,1,unimol,0.65915767,0.21463529,3.0710583,0,0.99624085,20.18
912,17,9856,1408,4rm3_FOA_A_1000,0,surfdock,0.53510726,0.21219509,2.5217693,0,0.97910876,2.3501219
913,17,0,0,19gs_BSP_B_210,0,surfdock,0.53503069,0.21216472,2.5217693,0,0.0053721136,2.3537169
914,17,10626,1518,4zjz_BEZ_B_601,0,surfdock,0.53502477,0.21216238,2.5217693,0,0.99635403,2.3874813
915,17,231,33,1cgk_NAR_A_390,0,surfdock,0.52998641,0.21016443,2.5217693,0,0,3.6420491
916,17,2905,415,1w62_PYC_A_700,0,surfdock,0.52998641,0.21016443,2.5217693,0,0,2.2743319
917,17,3438,491,2agw_TSS_H_2001,1,unimol,0.67100427,0.20850831,3.2181168,0,0,20.21
918,17,3431,490,2agw_TSS_D_3001,1,unimol,0.67100427,0.20821963,3.2225783,0,0,16.65
919,17,1722,246,1mrj_ADN_A_300,0,surfdock,0.52326216,0.20749795,2.5217693,0,0.99255623,2.3574394
920,17,1841,263,1now_IFG_A_557,0,surfdock,0.52326216,0.20749795,2.5217693,0,0.93767286,2.9907985
921,17,1848,264,1now_IFG_B_558,0,surfdock,0.52326216,0.20749795,2.5217693,0,0.98726233,2.786253
922,17,3374,482,227l_BNZ_A_169,0,surfdock,0.52326216,0.20749795,2.5217693,0,0.99736557,2.0535917
923,17,4403,629,2iyq_SKM_A_201,0,surfdock,0.52326216,0.20749795,2.5217693,0,0.94684248,2.6745464
924,17,6419,917,3uud_EST_A_600,0,surfdock,0.52326216,0.20749795,2.5217693,0,0.98777222,3.5493838
925,17,6426,918,3uud_EST_B_600,0,surfdock,0.52326216,0.20749795,2.5217693,0,0.98162337,3.5459477
926,17,7448,1064,4c7g_NGO_A_1495,0,surfdock,0.52326216,0.20749795,2.5217693,0,0,2.8809428
927,17,7966,1138,4dvw_0M4_B_512,0,surfdock,0.52326216,0.20749795,2.5217693,0,0.62514079,3.747556
928,17,8162,1166,4f8n_GAL_A_204,0,surfdock,0.52326216,0.20749795,2.5217693,0,0.98184816,2.4209852
929,17,8400,1200,4hmx_WUB_A_302,0,surfdock,0.52326216,0.20749795,2.5217693,0,0.0001287914,2.8960965
930,17,9373,1339,4n6w_FLC_A_203,0,surfdock,0.52326216,0.20749795,2.5217693,0,0,2.854984
931,17,9863,1409,4rm3_FOA_B_1000,0,surfdock,0.52326216,0.20749795,2.5217693,0,0.98819616,2.2897393
932,17,10619,1517,4zjz_BEZ_A_1001,0,surfdock,0.52326216,0.20749795,2.5217693,0,0.99225216,2.4889091
933,17,11249,1607,5d9w_ASC_A_301,0,surfdock,0.52326216,0.20749795,2.5217693,0,0.19998192,3.9290551
934,17,11466,1638,5e4r_40E_A_504,0,surfdock,0.52326216,0.20749795,2.5217693,0,0.66599474,1.8454385
935,17,12320,1760,5i5s_NVU_A_402,0,surfdock,0.52326216,0.20749795,2.5217693,0,0.96649614,2.7234169
936,17,12733,1819,5joy_6LW_B_602,0,surfdock,0.52326216,0.20749795,2.5217693,0,0.0075773133,2.4667985
937,17,12852,1836,5kxb_NGA_B_305,0,surfdock,0.52326216,0.20749795,2.5217693,0,0,2.8394448
938,17,12859,1837,5kxb_NGA_C_305,0,surfdock,0.52326216,0.20749795,2.5217693,0,0,2.7464247
939,17,12873,1839,5l7u_NGA_A_601,0,surfdock,0.52326216,0.20749795,2.5217693,0,0.17864294,3.0438014
940,17,12880,1840,5l7u_NGA_B_601,0,surfdock,0.52326216,0.20749795,2.5217693,0,0.96959322,2.8937726
941,17,12901,1843,5la1_XYP_A_601,0,surfdock,0.52326216,0.20749795,2.5217693,0,0.99594295,2.3817199
942,18,2689,384,1u2o_NEC_A_1001,1,unimol,0.66170369,0.27593345,2.3980544,0,0.9842777,17.75
943,18,2696,385,1u2o_NEC_B_1002,1,unimol,0.66170369,0.27593345,2.3980544,0,0.98398553,21.81
944,18,5713,816,2ye5_2A7_A_1224,1,unimol,0.66170369,0.27593345,2.3980544,0,0.8793011,20.28
945,18,6686,955,3wat_BGC_A_403,1,unimol,0.66170369,0.27593345,2.3980544,0,0.98657801,16.74
946,18,6693,956,3wat_BGC_B_403,1,unimol,0.66170369,0.27593345,2.3980544,0,0.98493243,21.46
947,18,6700,957,3wat_BMA_A_404,1,unimol,0.66170369,0.27593345,2.3980544,0,0,24.07
948,18,6707,958,3wat_BMA_B_404,1,unimol,0.66170369,0.27593345,2.3980544,0,0,22.58
949,18,7876,1125,4dch_GLC_A_501,1,unimol,0.66170369,0.25831644,2.5616002,0,0.98351441,19.51
950,18,11859,1694,5fp9_4SV_A_1342,1,unimol,0.66170369,0.25172927,2.6286314,0,0.95046191,19.41
951,18,17360,2480,6uzr_QM1_B_301,0,surfdock,0.58260762,0.24295003,2.3980544,0,0.017598742,2.9867938
952,18,4382,626,2isf_PAC_A_317,0,surfdock,0.58118811,0.24235809,2.3980544,0,0.99146936,2.4236797
953,18,1344,192,1k8z_IAG_A_501,0,surfdock,0.57914,0.24150402,2.3980544,0,0.99442625,3.3719875
954,18,4516,645,2npq_BOG_A_1000,1,unimol,0.66170369,0.24148242,2.7401724,0,0.96942837,22.97
955,18,2975,425,1x8x_TYR_A_952,0,surfdock,0.57768705,0.24089813,2.3980544,0,0.99166536,3.4008353
956,18,13566,1938,5tzr_MLI_A_2403,0,surfdock,0.57458313,0.23960379,2.3980544,0,0.97586197,2.1853968
957,18,2198,314,1pym_OXL_A_1001,0,surfdock,0.5668827,0.23639267,2.3980544,0,0.99587261,2.1789846
958,18,3151,450,1z6k_OAA_A_274,1,unimol,0.7059384,0.23619323,2.9888163,0,0.95013558,27.5
959,18,413,59,1eow_U2G_A_130,0,surfdock,0.56209393,0.23439573,2.3980544,0,0,3.1242892
960,18,9555,1365,4ox5_DAL_A_307,0,surfdock,0.56209393,0.23439573,2.3980544,0,0,2.1903917
961,18,13398,1914,5t85_44G_L_301,0,surfdock,0.56209393,0.23439573,2.3980544,0,0.011390865,3.0655279
962,18,9597,1371,4p7q_NAG_A_706,0,surfdock,0.56169088,0.23422766,2.3980544,0,0.11122306,2.8605044
963,18,14000,2000,5wcz_NOJ_B_601,0,surfdock,0.54945155,0.2291238,2.3980544,0,0.9846017,2.6408458
964,18,4774,682,2prl_ORO_A_399,0,surfdock,0.5647271,0.22652545,2.4929953,0,0.0026259815,2.5062175
965,18,17199,2457,6tgl_LVP_B_201,0,surfdock,0.58259322,0.2256306,2.5820656,0,0.98485135,2.6712253
966,18,8120,1160,4ekr_0R0_A_203,0,surfdock,0.57621253,0.22431788,2.5687311,0,0.0064548937,1.9321276
967,18,651,93,1gim_HDA_A_438,0,surfdock,0.5368672,0.22387607,2.3980544,0,0,2.3985263
968,18,1512,216,1l4f_NCN_A_991,0,surfdock,0.5368672,0.22387607,2.3980544,0,0.9681295,3.9795237
969,18,1939,277,1o68_KIV_B_275,0,surfdock,0.5368672,0.22387607,2.3980544,0,0.9921679,2.3555968
970,18,1946,278,1o68_KIV_D_275,0,surfdock,0.5368672,0.22387607,2.3980544,0,0.92939119,2.2865782
971,18,1953,279,1o68_KIV_E_275,0,surfdock,0.5368672,0.22387607,2.3980544,0,0.9968964,2.4482266
972,18,2051,293,1p7c_THM_B_501,0,surfdock,0.5368672,0.22387607,2.3980544,0,0.98834238,3.3331892
973,18,2184,312,1pvc_ILE_0_7,0,surfdock,0.5368672,0.22387607,2.3980544,0,0,3.8193067
974,18,2303,329,1rf2_BV4_E_105,0,surfdock,0.5368672,0.22387607,2.3980544,0,0,3.4562252
975,18,2310,330,1rf2_BV4_H_108,0,surfdock,0.5368672,0.22387607,2.3980544,0,0.022685385,3.4339892
976,18,2688,384,1u2o_NEC_A_1001,0,surfdock,0.5368672,0.22387607,2.3980544,0,0.98248375,3.6465631
977,18,2695,385,1u2o_NEC_B_1002,0,surfdock,0.5368672,0.22387607,2.3980544,0,0,3.6166458
978,18,2856,408,1w1a_NDG_1_1261,0,surfdock,0.5368672,0.22387607,2.3980544,0,0,2.9277173
979,18,2863,409,1w1a_NDG_2_1261,0,surfdock,0.5368672,0.22387607,2.3980544,0,0.89520071,2.9342111
980,18,3052,436,1y2x_NAG_A_144,0,surfdock,0.5368672,0.22387607,2.3980544,0,0,2.793322
981,18,3059,437,1y2x_NAG_B_1144,0,surfdock,0.5368672,0.22387607,2.3980544,0,0,2.9002376
982,18,3066,438,1y2x_NAG_C_2144,0,surfdock,0.5368672,0.22387607,2.3980544,0,0.96157168,2.7757413
983,18,3073,439,1y2x_NAG_D_3144,0,surfdock,0.5368672,0.22387607,2.3980544,0,0.96231023,2.8085134
984,18,3304,472,1zng_HE4_A_202,0,surfdock,0.5368672,0.22387607,2.3980544,0,0.98427394,2.73754
985,18,3605,515,2brk_CMF_A_1534,0,surfdock,0.5368672,0.22387607,2.3980544,0,0,4.5479988
986,18,3822,546,2dm5_ODI_A_312,0,surfdock,0.5368672,0.22387607,2.3980544,0,0,2.9760139
987,18,3962,566,2f3s_7GP_A_998,0,surfdock,0.5368672,0.22387607,2.3980544,0,0.98231946,3.6868836
988,18,4060,580,2fib_GLY_B_2,0,surfdock,0.5368672,0.22387607,2.3980544,0,0,4.2895743
989,18,4109,587,2fyd_BGC_B_403,0,surfdock,0.5368672,0.22387607,2.3980544,0,0.98348,2.5686446
990,18,4116,588,2fyd_BGC_D_530,0,surfdock,0.5368672,0.22387607,2.3980544,0,0,2.7541018
991,18,4319,617,2i1v_F6P_B_720,0,surfdock,0.5368672,0.22387607,2.3980544,0,0,3.1286495
992,19,12797,1828,5kcp_PFB_A_379,1,unimol,0.66383772,0.27809647,2.3870761,0,0.044106051,21.61
993,19,12811,1830,5kcp_PFB_B_379,1,unimol,0.66383772,0.27809647,2.3870761,0,0.045693112,22.91
994,19,7973,1139,4dwv_PFB_B_378,0,surfdock,0.59789214,0.2504704,2.3870761,0,0.99182577,2.6975983
995,19,2534,362,1tiw_TFB_A_2002,0,surfdock,0.59544774,0.24944638,2.3870761,0,0.62811862,2.1351296
996,19,2387,341,1s83_4HA_A_5,0,surfdock,0.59424666,0.24894322,2.3870761,0,0.97650847,2.2047467
997,19,12789,1827,5kcp_PFB_A_378,0,surfdock,0.59282056,0.2483458,2.3870761,0,0,2.664243
998,19,12803,1829,5kcp_PFB_B_378,0,surfdock,0.59131128,0.24771353,2.3870761,0,0,2.6928737
999,19,10969,1567,5ahn_IMP_A_1468,0,surfdock,0.56557244,0.23693095,2.3870761,0,0.94831195,3.4584502
1000,19,15036,2148,6e40_BBJ_D_502,0,surfdock,0.56424716,0.23637576,2.3870761,0,0,3.9760494
1001,19,8932,1276,4k90_MLA_A_704,0,surfdock,0.57239844,0.22037294,2.5974071,0,0.98196275,2.1965212
1002,19,17227,2461,6tog_NQH_A_201,0,surfdock,0.52452594,0.21973565,2.3870761,0,0.97943118,2.6880132
1003,19,1954,279,1o68_KIV_E_275,1,unimol,0.88364292,0.21949505,4.0257978,0,0.9215331,18.84
1004,19,2009,287,1ovk_NYL_A_405,0,surfdock,0.52365785,0.21937199,2.3870761,0,0.95630158,2.0380096
1005,19,3227,461,1zfj_IMP_A_500,0,surfdock,0.52365785,0.21937199,2.3870761,0,0.98325547,3.9429367
1006,19,7364,1052,4buv_16I_C_2165,0,surfdock,0.52365785,0.21937199,2.3870761,0,0.9953134,4.0411038
1007,19,7868,1124,4dch_4DC_A_502,0,surfdock,0.52365785,0.21937199,2.3870761,0,0.96829989,3.9644829
1008,19,10220,1460,4ws6_WBU_A_301,0,surfdock,0.52365785,0.21937199,2.3870761,0,0,2.2617208
1009,19,11907,1701,5fwd_GJV_A_1446,0,surfdock,0.52365785,0.21937199,2.3870761,0,0.97693357,4.1263993
1010,19,12796,1828,5kcp_PFB_A_379,0,surfdock,0.52365785,0.21937199,2.3870761,0,0.98490993,2.3893051
1011,19,12810,1830,5kcp_PFB_B_379,0,surfdock,0.52365785,0.21937199,2.3870761,0,0.91561617,2.3727113
1012,19,13055,1865,5mxh_GAL_A_401,0,surfdock,0.52365785,0.21937199,2.3870761,0,0.11528099,2.5169932
1013,19,13062,1866,5mxh_GAL_A_402,0,surfdock,0.52365785,0.21937199,2.3870761,0,0.11106635,2.4394946
1014,19,13083,1869,5n5k_8NW_A_307,0,surfdock,0.52365785,0.21937199,2.3870761,0,0,2.9441537
1015,19,15022,2146,6e40_BBJ_A_502,0,surfdock,0.52365785,0.21937199,2.3870761,0,0.96757395,4.0744624
1016,19,15029,2147,6e40_BBJ_B_502,0,surfdock,0.52365785,0.21937199,2.3870761,0,0,3.8960328
1017,19,15281,2183,6flu_DTK_A_405,0,surfdock,0.52365785,0.21937199,2.3870761,0,0,2.0902373
1018,19,15288,2184,6flu_DTK_A_406,0,surfdock,0.52365785,0.21937199,2.3870761,0,0.98205729,2.2180148
1019,19,15309,2187,6flu_DTK_B_403,0,surfdock,0.52365785,0.21937199,2.3870761,0,0.93482349,2.0474483
1020,19,15316,2188,6flu_DTK_B_404,0,surfdock,0.52365785,0.21937199,2.3870761,0,0.99150481,2.0943718
1021,19,15449,2207,6gqk_F88_A_1001,0,surfdock,0.52365785,0.21937199,2.3870761,0,0.9841873,5.0144745
1022,19,17241,2463,6tol_NQW_A_201,0,surfdock,0.52365785,0.21937199,2.3870761,0,0,4.0589076
1023,19,17276,2468,6tt4_FT8_A_709,0,surfdock,0.52365785,0.21937199,2.3870761,0,0.99238354,4.0421916
1024,19,17283,2469,6tt4_FT8_B_711,0,surfdock,0.52365785,0.21937199,2.3870761,0,0.43769216,3.9702784
1025,19,17493,2499,6x9d_HYP_B_2002,0,surfdock,0.52365785,0.21937199,2.3870761,0,0.96682013,2.4940242
1026,19,3122,446,1yik_MM1_A_501,0,surfdock,0.52356911,0.21933481,2.3870761,0,0.34175622,2.3706307
1027,19,1940,277,1o68_KIV_B_275,1,unimol,0.88144852,0.21894997,4.0257978,0,0.97842617,19.4
1028,19,7420,1060,4c2p_X8Z_A_709,0,surfdock,0.52365785,0.21476685,2.438261,0,0.98923888,2.8254865
1029,19,4214,602,2gn2_C5P_A_400,0,surfdock,0.59380652,0.21187367,2.8026433,0,0,3.1093533
1030,19,1947,278,1o68_KIV_D_275,1,unimol,0.85231524,0.21171332,4.0257978,0,0.99160496,19.07
1031,19,13056,1865,5mxh_GAL_A_401,1,unimol,0.66383772,0.20277603,3.2737474,0,0.92612869,19.08
1032,19,13063,1866,5mxh_GAL_A_402,1,unimol,0.66383772,0.20277603,3.2737474,0,0.94048845,20.17
1033,19,16856,2408,6rbr_JXN_A_302,0,surfdock,0.59091445,0.20273892,2.9146562,0,0.98075432,2.6492096
1034,19,17031,2433,6sj8_44V_B_901,0,surfdock,0.52365785,0.19890529,2.6326985,0,0.99360757,2.4858739
1035,19,658,94,1giu_ADE_A_300,0,surfdock,0.52365785,0.1986535,2.6360354,0,0.98646955,2.2384406
1036,19,14588,2084,5zpt_HY1_B_703,0,surfdock,0.52365785,0.19838636,2.639585,0,0.98684521,2.5010281
1037,19,17024,2432,6sj8_44V_A_901,0,surfdock,0.52365785,0.19753484,2.6509635,0,0,2.3987671
1038,19,427,61,1eyw_PEL_A_404,0,surfdock,0.59449949,0.19708435,3.0164714,0,0.0035114931,2.2868052
1039,19,2527,361,1thc_FL9_B_131,0,surfdock,0.52365785,0.19680851,2.6607471,0,0.030091695,1.9957812
1040,19,9142,1306,4lvb_20N_B_601,0,surfdock,0.52365785,0.19666205,2.6627285,0,0.99380289,2.351584
1041,19,5229,747,2uyv_TLA_B_1275,0,surfdock,0.52365785,0.19644243,2.6657054,0,0,2.4796114
1042,20,3963,566,2f3s_7GP_A_998,1,unimol,0.88510069,0.38200054,2.3170133,0,0.9892257,22.61
1043,20,9864,1409,4rm3_FOA_B_1000,1,unimol,0.88803601,0.35005523,2.5368445,0,0.99223581,23.17
1044,20,17494,2499,6x9d_HYP_B_2002,1,unimol,0.877359,0.30669863,2.8606541,0,0,29.72
1045,20,3032,433,1xl0_OX2_A_998,1,unimol,0.66424221,0.28668025,2.3170133,0,0.99262944,21.79
1046,20,5762,823,2z20_PLP_A_701,1,unimol,0.66424221,0.28668025,2.3170133,0,0.93983054,18.56
1047,20,5769,824,2z20_PLP_B_801,1,unimol,0.66424221,0.28668025,2.3170133,0,0.99387726,21.5
1048,20,8135,1162,4evi_N7I_B_401,1,unimol,0.66424221,0.28668025,2.3170133,0,0.99259439,26.07
1049,20,8275,1182,4gnp_PEP_A_703,1,unimol,0.66424221,0.28668025,2.3170133,0,0.95707198,20.8
1050,20,9969,1424,4ubp_HAE_C_800,1,unimol,0.66424221,0.28668025,2.3170133,0,0.96412458,16.75
1051,20,12181,1740,5h9i_XAN_A_301,1,unimol,0.66424221,0.28668025,2.3170133,0,0,17.79
1052,20,12741,1820,5jp9_DCM_A_401,1,unimol,0.66424221,0.28668025,2.3170133,0,0.93097189,18.04
1053,20,12748,1821,5jp9_DCM_B_401,1,unimol,0.66424221,0.28668025,2.3170133,0,0.92004257,17.78
1054,20,12755,1822,5jtt_6MY_A_902,1,unimol,0.66424221,0.28668025,2.3170133,0,0,21.59
1055,20,12762,1823,5jtu_6NE_A_902,1,unimol,0.66424221,0.28668025,2.3170133,0,0,23.03
1056,20,13007,1858,5m66_ADN_A_502,1,unimol,0.66424221,0.28668025,2.3170133,0,0.83674327,25.43
1057,20,13014,1859,5m66_ADN_B_502,1,unimol,0.66424221,0.28668025,2.3170133,0,0.92244549,25.62
1058,20,13021,1860,5m66_ADN_D_502,1,unimol,0.66424221,0.28668025,2.3170133,0,0.81170236,25.55
1059,20,13028,1861,5m8d_UGI_B_501,1,unimol,0.66424221,0.28668025,2.3170133,0,0.99293074,28.6
1060,20,13980,1997,5w8q_BU4_A_400,1,unimol,0.66424221,0.28668025,2.3170133,0,0.97220017,17.38
1061,20,13987,1998,5w8q_BU4_B_400,1,unimol,0.66424221,0.28668025,2.3170133,0,0.995276,23.21
1062,20,15114,2159,6f3s_CKW_A_902,1,unimol,0.66424221,0.28668025,2.3170133,0,0,22.44
1063,20,16780,2397,6r0i_JNB_A_901,1,unimol,0.66424221,0.28668025,2.3170133,0,0.99332085,25.71
1064,20,16976,2425,6s4h_KUQ_A_901,1,unimol,0.66424221,0.28668025,2.3170133,0,0,23.07
1065,20,16983,2426,6s51_KVQ_A_901,1,unimol,0.66424221,0.28668025,2.3170133,0,0.99396802,21.27
1066,20,17375,2482,6v8n_QS1_A_1704,1,unimol,0.66424221,0.28668025,2.3170133,0,0.99183913,26.53
1067,20,17487,2498,6x9d_HYP_A_2002,1,unimol,0.66424221,0.28668025,2.3170133,0,0,22.86
1068,20,14526,2075,5z9b_HX3_B_303,1,unimol,0.66424221,0.27972496,2.3746252,0,0.98667353,19.18
1069,20,12083,1726,5gto_MYR_A_502,1,unimol,0.66424221,0.27751148,2.3935657,0,0.91446168,24.16
1070,21,659,94,1giu_ADE_A_300,1,unimol,0.87916683,0.37437081,2.3483841,0,0,12.77
1071,21,1065,152,1iki_DAL_A_500,1,unimol,0.71345212,0.30380542,2.3483841,0,0,15.01
1072,21,1072,153,1iki_REY_A_400,1,unimol,0.66623764,0.28370034,2.3483841,0,0,18.93
1073,21,1485,212,1kwu_MMA_C_701,1,unimol,0.66623764,0.28370034,2.3483841,0,0.93401632,23.09
1074,21,13301,1900,5oir_9W8_A_302,1,unimol,0.66623764,0.28370034,2.3483841,0,0.88519895,20.38
1075,21,17179,2454,6tfb_N6W_B_202,1,unimol,0.66623764,0.28370034,2.3483841,0,0.95043155,18.73
1076,21,8324,1189,4h9x_HL4_A_404,1,unimol,0.66623764,0.28330279,2.3516796,0,0.9850088,18.77
1077,21,8331,1190,4h9x_HL4_B_404,1,unimol,0.66623764,0.28330279,2.3516796,0,0.69167149,16.48
1078,21,1478,211,1kwu_MMA_B_601,1,unimol,0.66202236,0.28190537,2.3483841,0,0.93323504,18.01
1079,21,14568,2081,5zgr_ZZ7_B_303,1,unimol,0.66623764,0.2706642,2.4614906,0,0.93892784,23.09
1080,21,14554,2079,5zge_ZZ7_B_302,1,unimol,0.66623764,0.26410601,2.5226135,0,0.90970714,22.01
1081,21,14561,2080,5zgr_ZZ7_A_303,1,unimol,0.66623764,0.26410601,2.5226135,0,0.94264671,20.59
1082,21,2807,401,1vje_MSE_A_401,0,surfdock,0.598879,0.25501737,2.3483841,0,0.93868149,2.8363636
1083,21,1477,211,1kwu_MMA_B_601,0,surfdock,0.54669701,0.232797,2.3483841,0,0.017913055,2.5269657
1084,21,1071,153,1iki_REY_A_400,0,surfdock,0.54066774,0.23022959,2.3483841,0,0.85864645,3.9414769
1085,21,1484,212,1kwu_MMA_C_701,0,surfdock,0.54066774,0.23022959,2.3483841,0,0.01853816,2.5110785
1086,21,4221,603,2gnm_MAN_A_253,0,surfdock,0.54066774,0.23022959,2.3483841,0,0.95037934,2.5067751
1087,21,5250,750,2uza_HTL_B_1236,0,surfdock,0.54066774,0.23022959,2.3483841,0,0,5.1718785
1088,21,6055,865,3qhd_795_A_167,0,surfdock,0.54066774,0.23022959,2.3483841,0,0.82748813,2.5951686
1089,21,6468,924,3v8n_5NB_A_301,0,surfdock,0.54066774,0.23022959,2.3483841,0,0.25908289,3.2216833
1090,21,8323,1189,4h9x_HL4_A_404,0,surfdock,0.54066774,0.23022959,2.3483841,0,0.58616657,2.8190567
1091,21,8330,1190,4h9x_HL4_B_404,0,surfdock,0.54066774,0.23022959,2.3483841,0,0.54444563,2.9399289
1092,21,8652,1236,4i9n_1E5_B_402,0,surfdock,0.54066774,0.23022959,2.3483841,0,0.99031155,3.5943086
1093,21,8659,1237,4i9n_1E5_C_402,0,surfdock,0.54066774,0.23022959,2.3483841,0,0.8633477,3.4497281
1094,21,8666,1238,4i9n_1E5_F_402,0,surfdock,0.54066774,0.23022959,2.3483841,0,0.93713698,3.6447983
1095,21,8673,1239,4i9n_1E5_H_402,0,surfdock,0.54066774,0.23022959,2.3483841,0,0.89727759,3.5331233
1096,21,9807,1401,4rcv_DE2_A_403,0,surfdock,0.54066774,0.23022959,2.3483841,0,0,2.679409
1097,21,9926,1418,4trj_665_A_501,0,surfdock,0.54066774,0.23022959,2.3483841,0,0.87354375,3.7462651
1098,21,11088,1584,5c7v_PYC_A_804,0,surfdock,0.54066774,0.23022959,2.3483841,0,0.0094924231,2.3438501
1099,21,13300,1900,5oir_9W8_A_302,0,surfdock,0.54066774,0.23022959,2.3483841,0,0.45972074,3.4277414
1100,21,14553,2079,5zge_ZZ7_B_302,0,surfdock,0.54066774,0.23022959,2.3483841,0,0,3.7142036
1101,21,14560,2080,5zgr_ZZ7_A_303,0,surfdock,0.54066774,0.23022959,2.3483841,0,0.53211402,3.9350395
1102,21,14567,2081,5zgr_ZZ7_B_303,0,surfdock,0.54066774,0.23022959,2.3483841,0,0.99201471,3.7600689
1103,21,15932,2276,6l68_ALL_A_201,0,surfdock,0.54066774,0.23022959,2.3483841,0,0,2.4466616
1104,21,17059,2437,6sxr_KHP_A_507,0,surfdock,0.54066774,0.23022959,2.3483841,0,0.98652342,2.9077376
1105,21,17066,2438,6sxr_KHP_A_513,0,surfdock,0.54066774,0.23022959,2.3483841,0,0,3.2260952
1106,21,17178,2454,6tfb_N6W_B_202,0,surfdock,0.54066774,0.23022959,2.3483841,0,0.074752336,3.0878839
1107,21,8505,1215,4i02_CMP_D_302,0,surfdock,0.54066774,0.22961415,2.3546786,0,0.92813279,3.2086554
1108,21,13727,1961,5uio_LG3_E_201,0,surfdock,0.62363342,0.22382993,2.7861922,0,0.99610047,2.1445626
1109,21,8491,1213,4i02_CMP_B_302,0,surfdock,0.54066774,0.22379028,2.4159563,0,0.18131332,3.1602182
1110,21,2520,360,1thc_FL9_B_130,0,surfdock,0.61071225,0.22100907,2.7632895,0,0,3.0624764
1111,21,12866,1838,5l1u_7PF_A_401,0,surfdock,0.54066774,0.2209106,2.4474494,0,0,3.446205
1112,21,1729,247,1mrq_STR_A_501,0,surfdock,0.54066774,0.22013852,2.4560332,0,0.98824881,3.5506471
1113,21,11123,1589,5cak_4Z9_A_802,0,surfdock,0.54066774,0.21891632,2.4697452,0,0.97813324,3.788045
1114,21,8477,1211,4i02_CMP_A_302,0,surfdock,0.54066774,0.21657091,2.4964919,0,0.87754944,3.3409482
1115,21,1764,252,1n3o_GYP_A_1001,0,surfdock,0.54066774,0.21605919,2.5024047,0,0,2.7042053
1116,21,1771,253,1n3o_GYP_B_1101,0,surfdock,0.54066774,0.21605919,2.5024047,0,0.042341654,2.7036229
1117,21,2993,427,1xdj_HCS_A_1049,4,gnina,0.50503187,0.21505496,2.3483841,0,0.7740503,14.093383
1118,21,12292,1756,5hyv_TPP_A_701,0,surfdock,0.54066774,0.21194134,2.5510244,0,0.85123816,6.9147297
1119,21,5383,769,2vzu_PNJ_A_1901,0,surfdock,0.54066774,0.20779638,2.6019104,0,0,3.4364823
1120,22,3410,487,2a5t_GLY_A_1001,1,unimol,0.66649691,0.28363583,2.3498323,0,0,16.64
1121,22,11698,1671,5faj_DCS_A_401,1,unimol,0.66649691,0.28363583,2.3498323,0,0.94322705,27.11
1122,22,11705,1672,5faj_DCS_B_401,1,unimol,0.66649691,0.28363583,2.3498323,0,0.9597297,26.47
1123,22,11712,1673,5faj_DCS_C_401,1,unimol,0.66649691,0.28363583,2.3498323,0,0.94729317,24.61
1124,22,12174,1739,5h8q_GLY_B_301,1,unimol,0.66649691,0.28363583,2.3498323,0,0,18.62
1125,22,13000,1857,5m62_BGC_A_409,1,unimol,0.66649691,0.28363583,2.3498323,0,0,15.22
1126,22,16654,2379,6qaw_HVE_A_402,1,unimol,0.66649691,0.28015583,2.3790212,0,0.97889613,20.49
1127,22,11719,1674,5faj_DCS_D_401,1,unimol,0.66649691,0.27701323,2.4060102,0,0.97271179,22.81
1128,22,2794,399,1v5y_4HC_A_1455,1,unimol,0.66649691,0.27225317,2.4480767,0,0.98753036,14.93
1129,22,2801,400,1v5y_4HC_B_1201,1,unimol,0.66649691,0.26806847,2.4862926,0,0.98407117,20.71
1130,22,12453,1779,5in3_G1P_B_418,0,surfdock,0.61630406,0.26227566,2.3498323,0,0,2.9894035
1131,22,14917,2131,6cgn_DA_A_801,0,surfdock,0.61541149,0.26189581,2.3498323,0,0,3.3563771
1132,22,10976,1568,5av3_KMP_A_300,0,surfdock,0.61355073,0.26075126,2.3530107,0,0.99742038,3.5196989
1133,22,12544,1792,5j4k_6FZ_A_404,0,surfdock,0.61235588,0.26059546,2.3498323,0,0.98689663,2.4127671
1134,22,3493,499,2as1_TP5_A_500,0,surfdock,0.61951436,0.25249556,2.4535644,0,0.84014149,2.3467861
1135,22,3038,434,1xny_BTN_A_5602,0,surfdock,0.59105081,0.25152883,2.3498323,0,0.96277469,2.948387
1136,22,9786,1398,4r2n_PHE_C_402,0,surfdock,0.58876836,0.25055751,2.3498323,0,0.00085510106,2.7768792
1137,22,2226,318,1q3a_NGH_A_480,0,surfdock,0.58428047,0.24864763,2.3498323,0,0.99064438,3.723508
1138,22,10157,1451,4wca_CIT_A_401,0,surfdock,0.58336675,0.24825879,2.3498323,0,0,2.6219429
1139,22,5292,756,2vez_G6P_A_202,0,surfdock,0.58152502,0.24747501,2.3498323,0,0.86239075,2.7268337
1140,22,6475,925,3vbn_TYD_A_301,0,surfdock,0.58152502,0.24747501,2.3498323,0,0.86824118,3.8202578
1141,22,6482,926,3vbn_TYD_E_301,0,surfdock,0.58152502,0.24747501,2.3498323,0,0.5859874,3.7462994
1142,22,17486,2498,6x9d_HYP_A_2002,0,surfdock,0.58152502,0.24747501,2.3498323,0,0.97339818,2.4746377
1143,22,16710,2387,6qo4_97T_B_301,1,unimol,0.66649691,0.2451398,2.7188432,0,0,14.6
1144,22,12167,1738,5h8q_GLU_A_302,1,unimol,0.66649691,0.23839251,2.7957954,0,0,23.91
1145,22,17648,2521,6zi7_RAM_D_503,1,unimol,0.66649691,0.23723049,2.80949,0,0,26.98
1146,22,6105,872,3r3z_GOA_B_305,1,unimol,0.66649691,0.23639258,2.8194485,0,0,20.07
1147,22,1680,240,1m9j_CLW_A_906,0,surfdock,0.58152502,0.23546389,2.4696984,0,0.0010600658,2.3760469
1148,22,12160,1737,5h8f_GLU_A_302,1,unimol,0.66649691,0.23471282,2.8396263,0,0,21.15
1149,22,9108,1301,4lm7_U5P_A_201,1,unimol,0.66649691,0.22956242,2.9033353,0,0.86152891,18.8
1150,22,1148,164,1ixo_G3P_B_1002,0,surfdock,0.53445442,0.22744355,2.3498323,0,0.83841247,2.644568
1151,22,1155,165,1ixo_G3P_D_1004,0,surfdock,0.53445442,0.22744355,2.3498323,0,0,2.6241529
1152,22,1603,229,1lti_GAL_H_104,0,surfdock,0.53445442,0.22744355,2.3498323,0,0.98568147,2.4903479
1153,22,2233,319,1q3a_NGH_B_479,0,surfdock,0.53445442,0.22744355,2.3498323,0,0.96675714,3.7231677
1154,22,2331,333,1rvt_NDG_H_742,0,surfdock,0.53445442,0.22744355,2.3498323,0,0,2.6985241
1155,22,2793,399,1v5y_4HC_A_1455,0,surfdock,0.53445442,0.22744355,2.3498323,0,0.99504592,2.2505401
1156,22,2800,400,1v5y_4HC_B_1201,0,surfdock,0.53445442,0.22744355,2.3498323,0,0.0021852445,2.2899606
1157,22,3402,486,2a5t_GLU_B_2002,0,surfdock,0.53445442,0.22744355,2.3498323,0,0,2.5043057
1158,22,3409,487,2a5t_GLY_A_1001,0,surfdock,0.53445442,0.22744355,2.3498323,0,0,2.2861217
1159,22,3934,562,2euq_BVC_A_401,0,surfdock,0.53445442,0.22744355,2.3498323,0,0.73427898,3.275539
1160,22,4018,574,2fc0_DGP_A_239,0,surfdock,0.53445442,0.22744355,2.3498323,0,0.0015877382,3.1155697
1161,22,4123,589,2fyd_NGA_B_404,0,surfdock,0.53445442,0.22744355,2.3498323,0,0.97698155,2.7596668
1162,22,4130,590,2fyd_NGA_D_529,0,surfdock,0.53445442,0.22744355,2.3498323,0,0.9574603,3.0207309
1163,22,4291,613,2hjp_PPR_A_291,0,surfdock,0.53445442,0.22744355,2.3498323,0,0,2.503686
1164,22,4928,704,2qd1_CHD_D_802,0,surfdock,0.53445442,0.22744355,2.3498323,0,6.2332991e-11,3.5661764
1165,22,5509,787,2wzh_NGO_A_1589,0,surfdock,0.53445442,0.22744355,2.3498323,0,0.98786212,2.8436583
1166,22,5551,793,2x6o_2TC_A_1209,0,surfdock,0.53445442,0.22744355,2.3498323,0,0,4.4002253
1167,22,5649,807,2xya_7L4_A_1181,0,surfdock,0.53445442,0.22744355,2.3498323,0,0.99324319,3.3466791
1168,22,6069,867,3qss_MTG_A_405,0,surfdock,0.53445442,0.22744355,2.3498323,0,0.81927462,2.2464463
1169,22,6076,868,3qss_MTG_B_405,0,surfdock,0.53445442,0.22744355,2.3498323,0,0,2.3504004
1170,23,197,28,1ca7_ENO_A_501,1,unimol,0.66248905,0.27017322,2.4520891,0,0.90604403,19.14
1171,23,204,29,1ca7_ENO_B_601,1,unimol,0.66248905,0.27017322,2.4520891,0,0.95974611,21.01
1172,23,211,30,1ca7_ENO_C_701,1,unimol,0.66248905,0.26974152,2.4560134,0,0.90243739,16.62
1173,23,7050,1007,4a01_2PN_A_1773,1,unimol,0.66248905,0.24547677,2.6987841,0,0,21.91
1174,23,7057,1008,4a01_2PN_B_1773,1,unimol,0.66248905,0.24410117,2.7139928,0,0,22.45
1175,23,11327,1618,5dky_NOJ_A_1000,1,unimol,0.66248905,0.24321714,2.7238574,0,0.99009643,19.67
1176,23,16773,2396,6qrn_RIP_A_500,1,unimol,0.66248905,0.23903306,2.7715364,0,0,14.98
1177,23,196,28,1ca7_ENO_A_501,0,surfdock,0.53147166,0.2266379,2.3450246,0,0,2.8526239
1178,23,203,29,1ca7_ENO_B_601,0,surfdock,0.53147166,0.2266379,2.3450246,0,0.97789674,2.7820449
1179,23,210,30,1ca7_ENO_C_701,0,surfdock,0.53147166,0.2266379,2.3450246,0,0.97770249,2.8566682
1180,23,2919,417,1wc7_PP3_A_1214,0,surfdock,0.53147166,0.2266379,2.3450246,0,0,3.5430115
1181,23,5705,815,2y5a_3AP_A_1295,0,surfdock,0.53147166,0.2266379,2.3450246,0,0.15692001,2.1697903
1182,23,7049,1007,4a01_2PN_A_1773,0,surfdock,0.53147166,0.2266379,2.3450246,0,0,2.6098961
1183,23,7056,1008,4a01_2PN_B_1773,0,surfdock,0.53147166,0.2266379,2.3450246,0,0.99262336,2.6188898
1184,23,9422,1346,4nf4_2JK_A_301,0,surfdock,0.53147166,0.2266379,2.3450246,0,0,3.0677445
1185,23,11326,1618,5dky_NOJ_A_1000,0,surfdock,0.53147166,0.2266379,2.3450246,0,0,2.6569822
1186,23,13244,1892,5ocm_9RH_A_302,0,surfdock,0.53147166,0.2266379,2.3450246,0,0.0016953332,2.777137
1187,23,13251,1893,5ocm_9RH_B_302,0,surfdock,0.53147166,0.2266379,2.3450246,0,0.0016603815,2.7029667
1188,23,13258,1894,5ocm_9RH_C_302,0,surfdock,0.53147166,0.2266379,2.3450246,0,0.0016974413,2.6404984
1189,23,16618,2374,6q4r_MLT_A_1041,0,surfdock,0.53147166,0.2266379,2.3450246,0,0,2.4496826
1190,23,16772,2396,6qrn_RIP_A_500,0,surfdock,0.53147166,0.2266379,2.3450246,0,0.026538018,2.0622046
1191,23,12278,1754,5htd_MYR_A_201,0,surfdock,0.53147166,0.21984575,2.4174743,0,0.98150334,3.4204385
1192,23,3780,540,2d0e_NQ_A_409,0,surfdock,0.53147166,0.21901853,2.426605,0,0.02018451,2.3615509
1193,23,3787,541,2d0e_NQ_A_410,0,surfdock,0.53147166,0.21901853,2.426605,0,0.99111416,2.4412293
1194,23,15904,2272,6kxh_DY9_C_402,0,surfdock,0.53147166,0.21595827,2.4609914,0,0.025170642,3.5320594
1195,23,15911,2273,6kxh_DY9_D_402,0,surfdock,0.53147166,0.21568634,2.4640942,0,0.99606636,3.613444
1196,23,15897,2271,6kxh_DY9_B_402,0,surfdock,0.53147166,0.21393375,2.4842806,0,0.024699116,3.6683992
1197,23,10836,1548,5a66_3PO_B_1000,0,surfdock,0.53147166,0.20773038,2.5584676,0,0.99077318,2.9398751
1198,23,11725,1675,5fay_CHT_A_908,0,surfdock,0.53147166,0.20650896,2.5736001,0,0.98010434,2.4180444
1199,23,11732,1676,5fay_CHT_B_906,0,surfdock,0.53147166,0.20650896,2.5736001,0,0.98960278,2.3812653
1200,23,3045,435,1xuz_PEP_A_2001,0,surfdock,0.53147166,0.20453669,2.5984163,0,0.9135682,2.6669754
1201,23,16619,2374,6q4r_MLT_A_1041,1,unimol,0.66248905,0.20414394,3.2452047,0,0,21.35
1202,23,5236,748,2uyv_TLA_C_1275,0,surfdock,0.53147166,0.20240157,2.6258268,0,0.99323161,2.6248057
1203,23,14497,2071,5ysh_5AD_D_605,0,surfdock,0.53147166,0.20114651,2.6422107,0,0.21274926,2.5045246
1204,23,12867,1838,5l1u_7PF_A_401,1,unimol,0.73305424,0.20085899,3.6495955,0,0,19.6
1205,23,14504,2072,5ysh_5AD_J_605,0,surfdock,0.53147166,0.20056333,2.6498935,0,0.21831849,2.4907739
1206,23,5215,745,2uyv_TLA_A_1275,0,surfdock,0.53147166,0.20053668,2.6502457,0,0,2.5482161
1207,23,10829,1547,5a66_3PO_A_1000,0,surfdock,0.53147166,0.20051815,2.6504905,0,0.98577299,2.8122869
1208,23,5243,749,2uyv_TLA_D_1275,0,surfdock,0.53147166,0.20027212,2.6537466,0,0,2.6139162
1209,23,5222,746,2uyv_TLA_A_1277,0,surfdock,0.53147166,0.19921801,2.6677883,0,0,2.5929612
1210,23,16310,2330,6nig_NAG_A_604,0,surfdock,0.53147166,0.19743974,2.6918161,0,0,2.2956318
1211,23,16324,2332,6nig_NAG_C_802,0,surfdock,0.53147166,0.1956298,2.7167203,0,0.030090878,2.3609887
1212,23,7728,1104,4cxr_2BG_A_502,0,surfdock,0.53147166,0.19456448,2.7315955,0,0.99651084,2.716213
1213,23,16317,2331,6nig_NAG_A_605,0,surfdock,0.53147166,0.19455397,2.7317431,0,0.092778866,2.4513284
1214,23,259,37,1d6u_HY1_B_3001,0,surfdock,0.62682399,0.19225361,3.2604008,0,0.99514332,2.4266236
1215,23,13608,1944,5u5z_7VP_A_302,0,surfdock,0.53147166,0.19078995,2.7856367,0,0.00020115681,3.6104058
1216,23,7210,1030,4al9_GLA_A_1123,0,surfdock,0.53147166,0.18701785,2.8418221,0,0.94428736,2.3823401
1217,23,7217,1031,4al9_GLA_C_1123,0,surfdock,0.53147166,0.18701785,2.8418221,0,0.94486765,2.4568244
1218,23,7224,1032,4al9_GLA_D_1123,0,surfdock,0.53147166,0.18701785,2.8418221,0,0.91528956,2.3387165
1219,23,7231,1033,4al9_GLA_E_1123,0,surfdock,0.53147166,0.18701785,2.8418221,0,0.98905997,2.3854604
1220,24,14897,2128,6cdy_EY1_B_501,1,unimol,0.66090133,0.28285384,2.3365462,0,0,24.27
1221,24,6119,874,3rgz_BLD_A_800,1,unimol,0.65967024,0.28232696,2.3365462,0,0,32.03
1222,24,9528,1361,4o95_245_A_602,1,unimol,0.65967024,0.28232696,2.3365462,0,0.98405158,19.81
1223,24,14890,2127,6cdy_EY1_A_501,1,unimol,0.65967024,0.28232696,2.3365462,0,0,23.05
1224,24,8667,1238,4i9n_1E5_F_402,1,unimol,0.89200599,0.27984552,3.1874933,0,0.96809782,26.44
1225,24,16927,2418,6rlt_MLI_A_508,1,unimol,0.65967024,0.27907998,2.3637309,0,0.54215619,15.97
1226,24,8653,1236,4i9n_1E5_B_402,1,unimol,0.89200444,0.27816375,3.2067592,0,0.96515591,27.82
1227,24,6447,921,3v1s_0LH_B_401,0,surfdock,0.6454839,0.27625546,2.3365462,0,0.99373495,2.6767541
1228,24,469,67,1foi_14W_A_810,0,surfdock,0.64533802,0.27619303,2.3365462,0,0,2.585746
1229,24,3801,543,2d20_NPO_B_953,0,surfdock,0.64393035,0.27559057,2.3365462,0,0.99645267,2.2700549
1230,24,9009,1287,4kwl_3SS_A_302,0,surfdock,0.64383059,0.27554787,2.3365462,0,0.98946674,2.3327833
1231,24,10941,1563,5afy_WCE_H_1248,0,surfdock,0.64379135,0.27553108,2.3365462,0,0.99677034,2.5709864
1232,24,3598,514,2bk3_FOF_A_1503,0,surfdock,0.64351463,0.27541264,2.3365462,0,0.91868267,3.5393407
1233,24,9632,1376,4pbr_2L7_A_401,0,surfdock,0.64325872,0.27530312,2.3365462,0,0.99532386,3.7151166
1234,24,14714,2102,6axu_BTM_A_401,0,surfdock,0.64259818,0.27502042,2.3365462,0,0.98361336,3.1384913
1235,24,3388,484,2a1m_CAM_A_1422,0,surfdock,0.64256851,0.27500772,2.3365462,0,0.50253516,2.4235004
1236,24,8925,1275,4k5u_GAL_D_301,0,surfdock,0.64240757,0.27493885,2.3365462,0,0,2.4100229
1237,24,14525,2075,5z9b_HX3_B_303,0,surfdock,0.64208147,0.27479928,2.3365462,0,0.97160376,2.4985707
1238,24,8918,1274,4k5u_GAL_C_301,0,surfdock,0.64133178,0.27447843,2.3365462,0,0.92530297,2.489696
1239,24,8911,1273,4k5u_GAL_B_301,0,surfdock,0.64114415,0.27439813,2.3365462,0,0,3.1451917
1240,24,6223,889,3sj1_DXC_X_75,0,surfdock,0.64067466,0.27419719,2.3365462,0,0.9831885,3.9414918
1241,24,8674,1239,4i9n_1E5_H_402,1,unimol,0.88213513,0.27390599,3.2205753,0,0.028893908,21.89
1242,24,16590,2370,6q4b_HHN_A_301,0,surfdock,0.63975229,0.27380243,2.3365462,0,0.99333107,2.1057988
1243,24,12734,1819,5joy_6LW_B_602,1,unimol,0.74042108,0.27380013,2.7042384,0,0.93147422,19.96
1244,24,16653,2379,6qaw_HVE_A_402,0,surfdock,0.63917922,0.27355717,2.3365462,0,0,2.9467002
1245,24,16934,2419,6rlt_MLI_B_511,1,unimol,0.65967024,0.27319684,2.4146326,0,0.38015543,26.17
1246,24,1491,213,1kya_XYD_B_612,0,surfdock,0.63782052,0.27297567,2.3365462,0,0.9916317,2.0882567
1247,24,10269,1467,4x36_CHT_A_408,0,surfdock,0.63776126,0.27295031,2.3365462,0,0.99463491,2.1051645
1248,25,3305,472,1zng_HE4_A_202,1,unimol,0.89127163,0.34248026,2.602402,0,0.96792676,21.29
1249,25,3823,546,2dm5_ODI_A_312,1,unimol,0.74492797,0.30048811,2.4790587,0,0.96308835,17.76
1250,25,7070,1010,4a78_JZ3_A_1296,0,surfdock,0.66244803,0.28886002,2.2933176,0,0.24517586,2.3431542
1251,25,574,82,1g6t_S3P_A_601,0,surfdock,0.65893751,0.28732926,2.2933176,0,0.99198286,3.2640685
1252,25,532,76,1fuy_FIP_A_269,0,surfdock,0.65788727,0.28687131,2.2933176,0,0,3.7793622
1253,25,13329,1904,5r0i_SYV_A_2501,1,unimol,0.65773924,0.28680676,2.2933176,0,0.99338809,16.11
1254,25,14281,2040,5y1g_AKB_A_401,1,unimol,0.65773924,0.28680676,2.2933176,0,0,15.05
1255,25,17340,2477,6urx_JMG_A_316,1,unimol,0.65773924,0.28680676,2.2933176,0,0.98789856,14.91
1256,25,6678,954,3w8x_FTK_A_601,0,surfdock,0.65761278,0.28675161,2.2933176,0,1.1143835e-07,3.3756407
1257,25,6972,996,3zks_WZV_A_1398,0,surfdock,0.65410117,0.28522038,2.2933176,0,0,4.6789556
1258,25,6111,873,3r51_MMA_A_200,0,surfdock,0.65375463,0.28506927,2.2933176,0,0.97276311,2.6289074
1259,25,4431,633,2j1s_FUL_B_1153,0,surfdock,0.65036577,0.28359156,2.2933176,0,0.9963517,2.1625788
1260,25,8274,1182,4gnp_PEP_A_703,0,surfdock,0.65035974,0.28358893,2.2933176,0,0.99025742,2.5087848
1261,25,9289,1327,4mpr_TPP_A_602,0,surfdock,0.64985871,0.28337045,2.2933176,0,0,4.1714944
1262,25,8967,1281,4kqx_HIO_A_402,0,surfdock,0.64961477,0.28326408,2.2933176,0,0.81156222,2.644021
1263,25,11739,1677,5fc5_PC_A_516,0,surfdock,0.63980116,0.27898487,2.2933176,0,0.98828868,2.5597863
1264,25,8974,1282,4kqx_HIO_B_401,0,surfdock,0.63616352,0.27739868,2.2933176,0,0.80305821,2.7135876
1265,25,1960,280,1o6g_SIN_A_724,0,surfdock,0.63467002,0.27674744,2.2933176,0,0.96743382,3.4503638
1266,25,15722,2246,6jmd_ORO_A_402,0,surfdock,0.61369492,0.26760126,2.2933176,0,0.013339302,2.5116999
1267,25,15736,2248,6jme_ORO_A_402,0,surfdock,0.60826912,0.26523534,2.2933176,0,0,2.6695735
1268,25,3080,440,1y42_TYR_X_701,0,surfdock,0.60748836,0.26489489,2.2933176,0,0.85924668,2.8970069
1269,25,1995,285,1opr_ORO_A_220,0,surfdock,0.60747518,0.26488914,2.2933176,0,0.99831537,2.5530725
1270,25,1141,163,1ixo_G3P_A_1001,0,surfdock,0.60286525,0.26287899,2.2933176,0,0.86584543,2.5525683
1271,25,1400,200,1kep_TDX_A_3500,0,surfdock,0.60286525,0.26287899,2.2933176,0,0.14504393,2.2374464
1272,25,1757,251,1n1i_HIS_C_501,0,surfdock,0.60286525,0.26287899,2.2933176,0,0.8243796,2.2569443
1273,25,6104,872,3r3z_GOA_B_305,0,surfdock,0.60286525,0.26287899,2.2933176,0,0.96315003,1.9670818
1274,25,7147,1021,4adl_LMR_D_1468,0,surfdock,0.60286525,0.26287899,2.2933176,0,0,2.5132483
1275,25,11487,1641,5edh_5MF_B_803,0,surfdock,0.60286525,0.26287899,2.2933176,0,0,5.8360661
1276,25,11494,1642,5edh_5MF_D_803,0,surfdock,0.60286525,0.26287899,2.2933176,0,0,4.0315676
1277,25,11893,1699,5fuv_THM_B_1385,0,surfdock,0.60286525,0.26287899,2.2933176,0,0.97727579,2.2315414
1278,25,13076,1868,5mzp_CFF_A_2401,0,surfdock,0.66249638,0.26193865,2.5292034,0,0.045077042,2.7470474
1279,25,4830,690,2pye_7PE_A_504,0,surfdock,0.59936134,0.26135111,2.2933176,0,0,3.4923835
1280,25,9107,1301,4lm7_U5P_A_201,0,surfdock,0.61218866,0.25680718,2.3838446,0,0.7553354,3.500096
1281,25,3633,519,2bx7_34D_B_1313,0,surfdock,0.61285997,0.25480619,2.4051995,0,0.98041028,2.6511915
1282,25,7245,1035,4aql_TXC_A_1452,0,surfdock,0.60286525,0.25136667,2.398349,0,0,3.8844085
1283,25,9205,1315,4ma8_Z80_C_301,0,surfdock,0.56279125,0.24540475,2.2933176,0,0,3.0304372
1284,25,5873,839,2zce_PYL_A_601,0,surfdock,0.60286525,0.23744648,2.5389512,0,0.72339306,3.3358917
1285,25,15590,2227,6hqr_3DM_A_502,1,unimol,0.65773924,0.23616152,2.7851236,0,0.9589593,21.61
1286,25,16289,2327,6nh0_KND_A_803,0,surfdock,0.66187951,0.23598096,2.8047996,0,0.89640649,3.9052875
1287,25,17164,2452,6tbx_N0Z_A_302,0,surfdock,0.53365503,0.23269992,2.2933176,0,0,2.745062
1288,25,4424,632,2j1s_FUL_A_1153,0,surfdock,0.53281388,0.23233314,2.2933176,0,0,2.2353107
1289,25,441,63,1f5f_DHT_A_253,0,surfdock,0.53241891,0.23216091,2.2933176,0,0.98975694,3.4907207
1290,25,1043,149,1ia1_TQ3_B_196,0,surfdock,0.53241891,0.23216091,2.2933176,0,0,3.4235351
1291,25,1365,195,1kar_HSM_B_503,0,surfdock,0.53241891,0.23216091,2.2933176,0,0.0036272461,2.2950561
1292,25,1575,225,1lro_PEP_A_1268,0,surfdock,0.53241891,0.23216091,2.2933176,0,0,2.2685667
1293,25,1582,226,1lro_PEP_B_2268,0,surfdock,0.53241891,0.23216091,2.2933176,0,0.0035607623,2.4424603
1294,25,1750,250,1mvc_BM6_A_200,0,surfdock,0.53241891,0.23216091,2.2933176,0,0.99246354,4.6687388
1295,25,1981,283,1om5_INE_A_790,0,surfdock,0.53241891,0.23216091,2.2933176,0,0.00020521086,2.6597037
1296,25,1988,284,1om5_INE_B_791,0,surfdock,0.53241891,0.23216091,2.2933176,0,0.17961588,2.7140175
1297,25,2093,299,1pi3_TZD_A_530,0,surfdock,0.53241891,0.23216091,2.2933176,0,0.88033853,4.1706101
1298,26,1765,252,1n3o_GYP_A_1001,1,unimol,0.74794782,0.32711647,2.2864869,0,0.94680066,21.48
1299,26,1772,253,1n3o_GYP_B_1101,1,unimol,0.74065804,0.32392827,2.2864869,0,0.96103598,22.24
1300,26,3515,502,2b3f_GAL_B_3311,1,unimol,0.89157766,0.30471514,2.9259372,0,0.98933276,25.35
1301,26,8638,1234,4i7n_1DJ_A_202,0,surfdock,0.66883858,0.29251788,2.2864869,0,0.99716477,2.6359421
1302,26,3395,485,2a1m_CAM_B_2422,0,surfdock,0.66658176,0.29153086,2.2864869,0,0,2.3551182
1303,26,49,7,1aej_NVI_A_296,0,surfdock,0.66444958,0.29059835,2.2864869,0,0.82686768,2.3146785
1304,26,9527,1361,4o95_245_A_602,0,surfdock,0.6634772,0.29017307,2.2864869,0,0.93665459,3.1366686
1305,26,7875,1125,4dch_GLC_A_501,0,surfdock,0.6632431,0.29007069,2.2864869,0,0,2.5463556
1306,26,9646,1378,4pik_MAN_C_503,0,surfdock,0.66180191,0.28944038,2.2864869,0,0.76768728,2.5434219
1307,26,2471,353,1t87_CAM_B_2422,0,surfdock,0.66066492,0.28894312,2.2864869,0,0.081808415,2.4795974
1308,26,8316,1188,4h9g_14J_A_512,0,surfdock,0.66048365,0.28886384,2.2864869,0,0.0034863285,2.1677524
1309,26,2003,286,1ov5_2LP_A_403,1,unimol,0.65886804,0.28815725,2.2864869,0,0.99478198,16.45
1310,26,2745,392,1uqx_MMA_A_1116,1,unimol,0.65886804,0.28815725,2.2864869,0,0.92333776,22.96
1311,26,4782,683,2prl_R2C_A_400,1,unimol,0.65886804,0.28815725,2.2864869,0,0.98716578,24.36
1312,26,13462,1923,5tde_2HP_B_901,1,unimol,0.65886804,0.28815725,2.2864869,0,0.94388161,19.98
1313,26,13469,1924,5tde_2HP_B_902,1,unimol,0.65886804,0.28815725,2.2864869,0,0.94934669,20.75
1314,26,17571,2510,6y4z_TLA_D_301,1,unimol,0.65886804,0.28815725,2.2864869,0,0,29.42
1315,26,16863,2409,6rbx_JYT_A_301,0,surfdock,0.65879861,0.28812689,2.2864869,0,0.98338246,2.9368482
1316,26,11718,1674,5faj_DCS_D_401,0,surfdock,0.65853549,0.28801181,2.2864869,0,0,3.8993945
1317,26,175,25,1bqp_MAN_C_402,0,surfdock,0.65824462,0.28788459,2.2864869,0,0,2.2992994
1318,26,12201,1743,5hc0_NPO_A_402,0,surfdock,0.65493323,0.28643635,2.2864869,0,0.9968218,2.1918515
1319,26,9968,1424,4ubp_HAE_C_800,0,surfdock,0.65479332,0.28637516,2.2864869,0,0,1.9863715
1320,26,168,24,1bqp_MAN_B_401,0,surfdock,0.65444791,0.28622409,2.2864869,0,0.97770897,2.4420043
1321,26,6909,987,3wxo_NIZ_A_802,0,surfdock,0.6478948,0.28335808,2.2864869,0,0,2.4534414
1322,26,11704,1672,5faj_DCS_B_401,0,surfdock,0.6528781,0.28322138,2.3051856,0,0,3.9999139
1323,26,10193,1456,4wqq_MAN_B_204,1,unimol,0.65886804,0.2828577,2.3293259,0,0.95570808,17.64
1324,26,10200,1457,4wqq_MAN_C_204,1,unimol,0.65886804,0.2826575,2.3309758,0,0.93793687,18.49
1325,26,10186,1455,4wqq_MAN_A_204,1,unimol,0.65886804,0.2823576,2.3334515,0,0.90842341,17.47
1326,26,10207,1458,4wqq_MAN_D_204,1,unimol,0.65886804,0.2823576,2.3334515,0,0.95995344,18.12
1327,26,2010,287,1ovk_NYL_A_405,1,unimol,0.89158338,0.28231403,3.1581254,0,0.98703406,18.5
1328,26,11711,1673,5faj_DCS_C_401,0,surfdock,0.64745845,0.28062494,2.3072011,0,0,3.8692547
1329,26,11697,1671,5faj_DCS_A_401,0,surfdock,0.6456865,0.27912404,2.3132591,0,0,3.969093
1330,26,6965,995,3zjq_NCA_B_300,0,surfdock,0.66521297,0.27878105,2.3861475,0,0.62367951,2.3406943
1331,26,476,68,1fp2_HMO_A_2000,0,surfdock,0.63600346,0.27815738,2.2864869,0,0,3.4037544
1332,26,17465,2495,6wdw_TWV_A_701,0,surfdock,0.63272264,0.27672251,2.2864869,0,0,3.930541
1333,26,16849,2407,6rbo_JXQ_A_302,0,surfdock,0.64566872,0.275874,2.3404469,0,0.77378289,2.9805958
1334,26,2632,376,1tuu_PIS_B_2854,0,surfdock,0.62600076,0.27378268,2.2864869,0,0.0094804323,2.3282406
1335,26,749,107,1h18_PYR_A_1001,0,surfdock,0.66319888,0.26890379,2.4663045,0,0,2.2281665
1336,26,17458,2494,6wdv_TWM_A_701,0,surfdock,0.61318562,0.26817795,2.2864869,0,0.9648928,3.7267135
1337,26,6881,983,3wur_O4B_B_202,0,surfdock,0.60963139,0.2666235,2.2864869,0,0.63647398,2.9475527
1338,26,1813,259,1nme_159_B_9002,0,surfdock,0.65491102,0.26600751,2.4620011,0,0.97329797,2.8796639
1339,26,931,133,1h70_CIR_A_500,0,surfdock,0.60050047,0.26263008,2.2864869,0,0,3.0746832
1340,26,1358,194,1kar_HSM_A_502,0,surfdock,0.60050047,0.26263008,2.2864869,0,0.0014684532,4.3518207
1341,26,2541,363,1tkh_DPN_A_913,0,surfdock,0.60050047,0.26263008,2.2864869,0,0,2.7876434
1342,26,2653,379,1u18_HSM_A_401,0,surfdock,0.60050047,0.26263008,2.2864869,0,0.88445605,2.3947556
1343,26,5999,857,2zwt_CAM_A_422,0,surfdock,0.60050047,0.26263008,2.2864869,0,0,2.3677992
1344,26,13146,1878,5nnw_GCS_D_302,0,surfdock,0.60050047,0.26263008,2.2864869,0,0,2.5642818
1345,26,6916,988,3wxo_NIZ_A_804,0,surfdock,0.60028384,0.26253533,2.2864869,0,0.0010568972,2.3119009
1346,26,17304,2472,6u6c_P1T_H_504,0,surfdock,0.64391391,0.26133848,2.4639068,0,0.93312254,4.1822315
1347,26,17290,2470,6u6c_P1T_B_502,0,surfdock,0.64291989,0.26093505,2.4639068,0,0.97466412,4.1595916
1348,27,3046,435,1xuz_PEP_A_2001,1,unimol,0.89289122,0.39198516,2.277869,0,0.84420816,22.81
1349,27,2451,350,1sz6_NAG_A_5003,1,unimol,0.75193128,0.33010281,2.277869,0,0,19.96
1350,27,2458,351,1sz6_NAG_B_5002,1,unimol,0.75193128,0.33010281,2.277869,0,0.96908857,25.62
1351,27,2465,352,1sz6_NAG_B_5004,1,unimol,0.75192027,0.33009798,2.277869,0,0,20.44
1352,27,14498,2071,5ysh_5AD_D_605,1,unimol,0.7142981,0.3135816,2.277869,0,0.98677077,27.34
1353,27,14505,2072,5ysh_5AD_J_605,1,unimol,0.71331296,0.31314912,2.277869,0,0.98087692,24.5
1354,27,14161,2023,5xdt_MB3_A_404,0,surfdock,0.66486837,0.29188162,2.277869,0,0.38395684,2.1826779
1355,27,4523,646,2npq_BOG_A_2000,1,unimol,0.66359247,0.29132149,2.277869,0,0.94598589,20.79
1356,27,14785,2112,6bkk_308_B_101,1,unimol,0.66359247,0.29132149,2.277869,0,0.99379357,18.23
1357,27,15639,2234,6ijn_6MZ_A_401,1,unimol,0.66359247,0.29132149,2.277869,0,0.98973567,16.8
1358,27,15660,2237,6j4t_IMP_A_401,1,unimol,0.66359247,0.29132149,2.277869,0,0,15.86
1359,27,17074,2439,6syz_M1E_A_601,1,unimol,0.66359247,0.29132149,2.277869,0,0.9932638,19.41
1360,27,17438,2491,6vo2_R67_B_403,1,unimol,0.66359247,0.29132149,2.277869,0,0.92688462,27.14
1361,27,9562,1366,4oxy_1TN_A_302,0,surfdock,0.65506948,0.28757984,2.277869,0,0.98129797,3.6238136
1362,27,5586,798,2xmi_FLC_A_1379,0,surfdock,0.64855594,0.28472036,2.277869,0,0,2.8151755
1363,27,15772,2253,6jx9_CQC_A_501,1,unimol,0.66359247,0.28193717,2.3536882,0,0.971403,21.41
1364,27,17389,2484,6vmz_NAG_A_402,1,unimol,0.66359247,0.28056485,2.3652008,0,0,29.87
1365,27,17396,2485,6vmz_NAG_C_402,1,unimol,0.66359247,0.27965727,2.3728766,0,0,22.05
1366,27,17403,2486,6vmz_NAG_E_402,1,unimol,0.66359247,0.27965727,2.3728766,0,0,19.49
1367,27,4515,645,2npq_BOG_A_1000,0,surfdock,0.65246508,0.27550722,2.3682313,0,0,3.7603235
1368,27,9961,1423,4u8y_MIY_B_1102,0,surfdock,0.63980602,0.27493922,2.3270807,0,0,4.4687855
1369,27,588,84,1g79_PLP_A_260,0,surfdock,0.62011394,0.27223413,2.277869,0,8.7059167e-05,2.799278
1370,27,11089,1584,5c7v_PYC_A_804,1,unimol,0.75025216,0.26911719,2.7878261,0,0,21.31
1371,27,16969,2424,6s39_K5Z_A_301,1,unimol,0.66359247,0.26710253,2.48441,0,0.97379937,26.44
1372,27,4690,670,2oci_TYC_A_401,0,surfdock,0.59914897,0.26303037,2.277869,0,0.99565989,2.8094256
1373,27,4228,604,2gx5_PCG_C_514,0,surfdock,0.59469387,0.26107455,2.277869,0,0.85691377,2.99121
1374,27,7714,1102,4cw2_XDS_A_1303,0,surfdock,0.59469387,0.26107455,2.277869,0,0,2.6790148
1375,27,14280,2040,5y1g_AKB_A_401,0,surfdock,0.59469387,0.26107455,2.277869,0,0.9331461,2.481586
1376,27,448,64,1fhv_OSB_A_789,0,surfdock,0.6408628,0.25933303,2.4711952,0,0.9865647,3.052847
1377,27,5054,722,2qui_LTN_A_501,0,surfdock,0.58948999,0.25879001,2.277869,0,0,3.1416823
1378,27,2002,286,1ov5_2LP_A_403,0,surfdock,0.66444328,0.25248243,2.6316407,0,0.99352793,2.8286597
1379,27,17431,2490,6vo2_R67_A_403,1,unimol,0.66359247,0.24778313,2.678117,0,0.85925299,15.04
1380,27,8351,1193,4hey_4MZ_A_308,0,surfdock,0.59469387,0.24674077,2.4101961,0,0.8286018,1.8849655
1381,27,12999,1857,5m62_BGC_A_409,0,surfdock,0.59469387,0.24533681,2.4239886,0,0,2.4140044
1382,27,15289,2184,6flu_DTK_A_406,1,unimol,0.89288057,0.24050922,3.7124579,0,0.99025352,18.31
1383,27,8141,1163,4evq_PHB_B_402,0,surfdock,0.66318141,0.23849327,2.7807124,0,0.98976449,2.6146326
1384,27,17690,2527,7bp1_CAQ_C_401,1,unimol,0.66359247,0.23657125,2.8050418,0,0.99556071,23.19
1385,27,17697,2528,7bp1_CAQ_D_401,1,unimol,0.66359247,0.23657125,2.8050418,0,0.99593816,21.98
1386,27,5866,838,2z7s_P01_A_1,0,surfdock,0.6455949,0.23379545,2.7613654,0,0.73019444,4.2077217
1387,27,15310,2187,6flu_DTK_B_403,1,unimol,0.89288792,0.23374132,3.8199823,0,0.97592084,19.98
1388,27,9660,1380,4pxd_1AL_B_502,0,surfdock,0.66056452,0.23183467,2.8492904,0,0,2.8896503
1389,27,15317,2188,6flu_DTK_B_404,1,unimol,0.8928791,0.23153361,3.8563683,0,0.97802153,23.57
1390,27,13952,1993,5w3k_9TY_B_401,1,unimol,0.66359247,0.23083826,2.8747065,0,0.95938069,19.46
1391,27,9653,1379,4pxd_1AL_A_502,0,surfdock,0.65662848,0.23045326,2.8492904,0,0,2.9034038
1392,27,8373,1196,4hez_1MZ_A_306,1,unimol,0.66359247,0.22917826,2.8955288,0,0.99592302,16.73
1393,27,14533,2076,5z9p_AX7_A_301,1,unimol,0.66359247,0.2265005,2.9297607,0,0,21.64
1394,27,8359,1194,4hez_1MZ_A_302,1,unimol,0.66359247,0.22551439,2.9425716,0,0.98590196,18.1
1395,27,8366,1195,4hez_1MZ_A_304,1,unimol,0.66359247,0.22533324,2.9449372,0,0.80111648,14.98
1396,27,8380,1197,4hez_1MZ_A_307,1,unimol,0.66359247,0.22419836,2.9598444,0,0.78738104,21.07
1397,27,595,85,1g79_PLP_A_270,0,surfdock,0.51032736,0.22403709,2.277869,0,3.2833526e-06,2.466289
1398,28,12510,1787,5iuy_BOG_B_503,1,unimol,0.66488616,0.291136,2.2837639,0,0,28.21
1399,28,12517,1788,5iuy_BOG_C_503,1,unimol,0.66488616,0.291136,2.2837639,0,0.97060563,27.72
1400,28,14784,2112,6bkk_308_B_101,0,surfdock,0.66220968,0.28996404,2.2837639,0,0.99665064,2.602945
1401,28,17339,2477,6urx_JMG_A_316,0,surfdock,0.65938266,0.28872617,2.2837639,0,0.99728875,2.4803622
1402,28,4165,595,2g21_L1B_A_885,0,surfdock,0.66267136,0.26183846,2.5308394,0,0.98834116,4.3242127
1403,28,10088,1441,4uy7_HIS_A_800,1,unimol,0.66488616,0.25856996,2.5713966,0,0,16.3
1404,28,10095,1442,4uy7_HIS_B_800,1,unimol,0.66488616,0.25725431,2.5845473,0,0,22.69
1405,28,4467,638,2jfv_FLC_A_1271,1,unimol,0.66488616,0.25626675,2.5945072,0,0.75624317,20.34
1406,28,2751,393,1uux_PPI_A_1165,0,surfdock,0.63199987,0.25146547,2.5132661,0,0.99515914,1.9075096
1407,28,12964,1852,5lwy_OLB_A_409,0,surfdock,0.62170462,0.25018507,2.484978,0,0,3.6953378
1408,28,8722,1246,4ioq_BAQ_A_201,0,surfdock,0.66020377,0.24882263,2.6533098,0,0.99515791,1.9965713
1409,28,12957,1851,5lwy_OLB_A_407,0,surfdock,0.59269734,0.24173518,2.4518447,0,0,3.6158872
1410,28,12783,1826,5kcj_6RM_B_302,1,unimol,0.66488616,0.23799597,2.7936857,0,0.99481248,20.38
1411,28,2016,288,1owz_4FA_A_409,0,surfdock,0.50689149,0.22195433,2.2837639,0,0.98487937,5.7590995
1412,28,2933,419,1wq4_TYR_A_501,0,surfdock,0.50689149,0.22195433,2.2837639,0,0.98465747,2.8815535
1413,28,3129,447,1yw9_A84_A_482,0,surfdock,0.50689149,0.22195433,2.2837639,0,0,4.4864508
1414,28,3311,473,1zoy_UQ1_B_1201,0,surfdock,0.50689149,0.22195433,2.2837639,0,0.99492405,3.2012228
1415,28,3808,544,2d3n_GLC_A_608,0,surfdock,0.50689149,0.22195433,2.2837639,0,0.013895512,2.24977
1416,28,4067,581,2fkm_G16_X_464,0,surfdock,0.50689149,0.22195433,2.2837639,0,5.105696e-06,3.5777036
1417,28,4466,638,2jfv_FLC_A_1271,0,surfdock,0.50689149,0.22195433,2.2837639,0,0.89292768,2.99709
1418,28,5474,782,2whq_HI6_A_1543,0,surfdock,0.50689149,0.22195433,2.2837639,0,0.0044690692,2.6967645
1419,28,5544,792,2x0u_X0U_B_1291,0,surfdock,0.50689149,0.22195433,2.2837639,0,7.3080386e-05,2.5582846
1420,28,5901,843,2zka_AZA_A_302,0,surfdock,0.50689149,0.22195433,2.2837639,0,0.1524748,2.1536613
1421,28,5908,844,2zm7_ACA_A_501,0,surfdock,0.50689149,0.22195433,2.2837639,0,0,3.4863747
1422,28,5915,845,2zm9_ACA_A_501,0,surfdock,0.50689149,0.22195433,2.2837639,0,0,3.3717546
1423,28,6545,935,3vnj_PSJ_A_301,0,surfdock,0.50689149,0.22195433,2.2837639,0,0,2.818328
1424,28,6552,936,3vnj_PSJ_B_301,0,surfdock,0.50689149,0.22195433,2.2837639,0,0.73477122,2.94644
1425,28,6559,937,3vnj_PSJ_D_301,0,surfdock,0.50689149,0.22195433,2.2837639,0,0.91312897,2.797116
1426,29,7729,1104,4cxr_2BG_A_502,1,unimol,0.8927987,0.39350008,2.2688644,0,0.9942728,21.35
1427,29,6056,865,3qhd_795_A_167,1,unimol,0.87960789,0.38768624,2.2688644,0,5.4053409e-05,22.95
1428,29,15638,2234,6ijn_6MZ_A_401,0,surfdock,0.66807733,0.29445437,2.2688644,0,0.95466967,4.1791798
1429,29,8772,1253,4j0k_EGR_A_501,1,unimol,0.66337232,0.29238065,2.2688644,0,0.7287984,19.19
1430,29,8779,1254,4j0k_EGR_B_501,1,unimol,0.66337232,0.29238065,2.2688644,0,0.77542336,16.87
1431,29,9521,1360,4o7g_ASC_B_304,1,unimol,0.66337232,0.29238065,2.2688644,0,0,16.88
1432,29,11404,1629,5dw3_TRP_A_402,1,unimol,0.66337232,0.29238065,2.2688644,0,0,17.82
1433,29,11411,1630,5dw3_TRP_C_402,1,unimol,0.66337232,0.29238065,2.2688644,0,0,24.02
1434,29,11418,1631,5dw3_TRP_D_402,1,unimol,0.66337232,0.29238065,2.2688644,0,0,25.06
1435,29,14939,2134,6cut_FEJ_A_401,1,unimol,0.66337232,0.29238065,2.2688644,0,0.92714295,22.07
1436,29,14946,2135,6cut_FEJ_B_401,1,unimol,0.66337232,0.29238065,2.2688644,0,0.9377936,24
1437,29,14953,2136,6cut_FEJ_C_401,1,unimol,0.66337232,0.29238065,2.2688644,0,0.93209002,23.59
1438,29,16962,2423,6s23_KSW_B_402,1,unimol,0.66337232,0.29238065,2.2688644,0,0.97933453,20.16
1439,29,9514,1359,4o7g_ASC_B_303,1,unimol,0.66203788,0.29179249,2.2688644,0,0.97739772,23.43
1440,29,3472,496,2aiq_BEN_A_401,0,surfdock,0.66487495,0.29169217,2.279371,0,0.98927238,2.3602387
1441,29,14882,2126,6c6w_TFX_A_502,0,surfdock,0.63386183,0.27937393,2.2688644,0,0,2.8020475
1442,29,2723,389,1ubs_SER_B_398,0,surfdock,0.64361719,0.27934674,2.3040073,0,0.96313177,4.1698978
1443,29,2254,322,1q6r_LX1_A_7301,0,surfdock,0.59581391,0.26260435,2.2688644,0,0.99215021,3.063702
1444,29,2261,323,1q6r_LX1_B_9301,0,surfdock,0.59581391,0.26260435,2.2688644,0,0.98713275,3.0653824
1445,29,3969,567,2f64_12Q_A_472,0,surfdock,0.59581391,0.26260435,2.2688644,0,0,2.4722166
1446,29,3976,568,2f64_12Q_B_471,0,surfdock,0.59581391,0.26260435,2.2688644,0,0.0054556519,2.5532196
1447,29,17647,2521,6zi7_RAM_D_503,0,surfdock,0.59581391,0.26260435,2.2688644,0,0.007081322,2.3488694
1448,29,1435,205,1km6_OMP_A_2001,0,surfdock,0.59581391,0.25817608,2.3077803,0,0.97817557,4.0283383
1449,29,3626,518,2bsc_NAG_A_1176,0,surfdock,0.65914799,0.25792627,2.5555665,0,0,2.6750616
1450,29,2738,391,1um4_SH4_H_1001,1,unimol,0.66337232,0.25720437,2.5791633,0,0.98374385,20.17
1451,29,4929,704,2qd1_CHD_D_802,1,unimol,0.75222012,0.25069701,3.000514,0,0,36.35
1452,29,1428,204,1klz_U_A_2001,0,surfdock,0.59581391,0.25004349,2.3828402,0,0.96733147,2.4806588
1453,29,6399,914,3ucl_CYH_A_543,1,unimol,0.66337232,0.24040988,2.7593379,0,0.98810365,22.21
1454,29,16955,2422,6s23_KSW_A_403,1,unimol,0.66337232,0.24030581,2.7605329,0,0.99324105,24.23
1455,29,4936,705,2qd4_CHD_A_801,1,unimol,0.66337232,0.23230239,2.8556404,0,0.98483548,23.27
1456,29,4971,710,2qd4_CHD_B_928,1,unimol,0.66337232,0.23230239,2.8556404,0,0.94293071,25.18
1457,29,14532,2076,5z9p_AX7_A_301,0,surfdock,0.59581391,0.22739955,2.6201181,0,0.99849684,2.2667711
1458,29,1022,146,1hsr_BHO_A_800,0,surfdock,0.66916166,0.22589896,2.9622157,0,0.99664928,2.4557929
1459,29,2996,428,1xid_ASC_A_389,0,surfdock,0.62188036,0.22561441,2.7563848,0,0.9912334,2.61429
1460,29,13328,1904,5r0i_SYV_A_2501,0,surfdock,0.66991963,0.22454064,2.9835107,0,0.99776035,2.1647542
1461,29,3619,517,2bs8_NAG_A_1177,0,surfdock,0.6118839,0.22362312,2.7362273,0,0.91733601,2.698787
1462,29,9513,1359,4o7g_ASC_B_303,0,surfdock,0.50581,0.22293522,2.2688644,0,0.98358203,2.5026878
1463,29,665,95,1gkc_NFH_A_1448,0,surfdock,0.50580609,0.2229335,2.2688644,0,0.99085417,3.5488832
1464,29,672,96,1gkc_NFH_B_1449,0,surfdock,0.50580609,0.2229335,2.2688644,0,0.96347199,2.6122122
1465,29,1239,177,1j54_TMP_A_2000,0,surfdock,0.50580609,0.2229335,2.2688644,0,0.98734221,3.4149292
1466,29,1295,185,1jtk_THU_B_1138,0,surfdock,0.50580609,0.2229335,2.2688644,0,0.98802818,3.0898941
1467,29,2478,354,1t93_FLV_A_431,0,surfdock,0.50580609,0.2229335,2.2688644,0,0.99121425,2.4505273
1468,29,2513,359,1thc_FL9_A_131,0,surfdock,0.50580609,0.2229335,2.2688644,0,0.0034077821,1.9204727
1469,29,2737,391,1um4_SH4_H_1001,0,surfdock,0.50580609,0.2229335,2.2688644,0,0.95339115,3.7760069
1470,29,4935,705,2qd4_CHD_A_801,0,surfdock,0.50580609,0.2229335,2.2688644,0,3.7933756e-08,4.2062896
1471,29,4942,706,2qd4_CHD_A_802,0,surfdock,0.50580609,0.2229335,2.2688644,0,0.83353854,4.1455653
1472,29,4949,707,2qd4_CHD_A_803,0,surfdock,0.50580609,0.2229335,2.2688644,0,0,3.5896988
1473,29,4956,708,2qd4_CHD_B_926,0,surfdock,0.50580609,0.2229335,2.2688644,0,0,3.6507416
1474,29,4963,709,2qd4_CHD_B_927,0,surfdock,0.50580609,0.2229335,2.2688644,0,2.0706733e-09,3.3122245
1475,29,4970,710,2qd4_CHD_B_928,0,surfdock,0.50580609,0.2229335,2.2688644,0,0,4.254858
1476,30,6398,914,3ucl_CYH_A_543,0,surfdock,0.67993596,0.29979157,2.268028,0,0.12866598,1.9711993
1477,30,14805,2115,6bqx_9AG_A_201,0,surfdock,0.63921155,0.28183571,2.268028,0,0.99148885,2.9544538
1478,30,10437,1491,4ynu_LGC_A_602,0,surfdock,0.60546903,0.26695824,2.268028,0,0,2.5284983
1479,30,17269,2467,6tt4_BMA_C_3,0,surfdock,0.60546903,0.26695824,2.268028,0,0,4.826324
1480,30,9520,1360,4o7g_ASC_B_304,0,surfdock,0.60546903,0.26538118,2.2815061,0,0.12732296,2.6571622
1481,30,17388,2484,6vmz_NAG_A_402,0,surfdock,0.60546903,0.2652951,2.2822464,0,0,2.2575018
1482,30,6405,915,3uu7_2OH_A_1,0,surfdock,0.60546903,0.26322855,2.3001637,0,0.99697205,3.3124763
1483,30,6412,916,3uu7_2OH_B_1,0,surfdock,0.60546903,0.26322855,2.3001637,0,0.99680394,3.3668991
1484,30,17395,2485,6vmz_NAG_C_402,0,surfdock,0.60546903,0.26183627,2.3123946,0,0,2.3727086
1485,30,17402,2486,6vmz_NAG_E_402,0,surfdock,0.60546903,0.26183627,2.3123946,0,0,2.0931056
1486,30,6888,984,3wur_O4B_B_204,0,surfdock,0.59750712,0.26048029,2.2938659,0,0.61499371,5.0012376
1487,30,6587,941,3vq4_0NX_A_305,0,surfdock,0.68018887,0.25914221,2.6247697,0,0.99491314,2.6939806
1488,30,6860,980,3wur_O4B_A_201,0,surfdock,0.57973684,0.25273343,2.2938659,0,0,1.751724
1489,30,8428,1204,4hrq_AZG_A_201,0,surfdock,0.67511377,0.25047589,2.6953235,0,0.012747853,2.4478447
1490,30,2934,419,1wq4_TYR_A_501,1,unimol,0.89264095,0.2425611,3.6800654,0,0,14.01
1491,30,994,142,1ho5_ADN_B_2604,0,surfdock,0.67516946,0.24136845,2.7972555,0,0.97807602,3.3294322
1492,30,5719,817,2yi6_6QM_A_1225,0,surfdock,0.65751514,0.2396651,2.7434738,0,0.97225952,5.7750953
1493,30,6580,940,3vq4_0NX_A_304,0,surfdock,0.67722669,0.2333773,2.9018524,0,0,2.7978799
1494,30,679,97,1gsi_TMP_A_1210,0,surfdock,0.51331792,0.22632776,2.268028,0,0.97981491,3.8479637
1495,30,1778,254,1n5i_TMP_A_217,0,surfdock,0.51331792,0.22632776,2.268028,0,0.98863951,3.6620313
1496,30,4354,622,2ij7_TPF_C_2471,0,surfdock,0.51331792,0.22632776,2.268028,0,8.3067248e-05,5.5540348
1497,30,4361,623,2ij7_TPF_D_2473,0,surfdock,0.51331792,0.22632776,2.268028,0,0,3.5463754
1498,30,4368,624,2ij7_TPF_F_2474,0,surfdock,0.51331792,0.22632776,2.268028,0,0.91679073,3.6093863
1499,30,4697,671,2okk_ABU_A_585,0,surfdock,0.51331792,0.22632776,2.268028,0,0,2.1781318
1500,30,5257,751,2v32_BEZ_B_1220,0,surfdock,0.51331792,0.22632776,2.268028,0,0.99633597,2.4662198
1501,30,5264,752,2v32_BEZ_D_1221,0,surfdock,0.51331792,0.22632776,2.268028,0,0.9705932,2.3934584
1502,30,5852,836,2z6j_TUI_A_501,0,surfdock,0.51331792,0.22632776,2.268028,0,3.3648333e-12,4.5129515
1503,30,5859,837,2z6j_TUI_B_502,0,surfdock,0.51331792,0.22632776,2.268028,0,0.86731063,4.5780648
1504,30,6167,881,3rsc_TYD_A_397,0,surfdock,0.51331792,0.22632776,2.268028,0,0,4.1532546
1505,30,6174,882,3rsc_TYD_B_397,0,surfdock,0.51331792,0.22632776,2.268028,0,0.94311174,4.0887035
1506,30,6454,922,3v7u_MTA_A_301,0,surfdock,0.51331792,0.22632776,2.268028,0,0.14848019,3.1576531
1507,30,6461,923,3v7u_MTA_A_302,0,surfdock,0.51331792,0.22632776,2.268028,0,0.98556534,3.2286413
1508,30,6566,938,3vnm_SDD_A_301,0,surfdock,0.51331792,0.22632776,2.268028,0,0.5634226,2.9686438
1509,30,6573,939,3vnm_SDD_D_301,0,surfdock,0.51331792,0.22632776,2.268028,0,0,2.8826509
1510,30,6776,968,3wk1_O7E_A_301,0,surfdock,0.51331792,0.22632776,2.268028,0,0.98620248,3.5634024
1511,30,7798,1114,4d3s_BOG_F_1000,0,surfdock,0.51331792,0.22632776,2.268028,0,0.96742037,3.6085243
1512,30,7805,1115,4d3s_BOG_H_1000,0,surfdock,0.51331792,0.22632776,2.268028,0,0.95094108,3.8536142
1513,30,7924,1132,4dt8_ADN_B_401,0,surfdock,0.51331792,0.22632776,2.268028,0,0.9783334,3.3349645
1514,30,7931,1133,4dta_ADN_A_401,0,surfdock,0.51331792,0.22632776,2.268028,0,0.99050774,3.3882639
1515,30,7938,1134,4dta_ADN_B_401,0,surfdock,0.51331792,0.22632776,2.268028,0,0.98202126,3.1216339
1516,30,7945,1135,4dtb_GMP_A_401,0,surfdock,0.51331792,0.22632776,2.268028,0,0,3.3089954
1517,30,8253,1179,4gim_PSU_B_400,0,surfdock,0.51331792,0.22632776,2.268028,0,0.97830455,3.7372134
1518,30,8260,1180,4gim_PSU_C_400,0,surfdock,0.51331792,0.22632776,2.268028,0,0.94561269,3.8482246
1519,30,9198,1314,4m72_M72_B_402,0,surfdock,0.51331792,0.22632776,2.268028,0,0,2.9043785
1520,30,10325,1475,4xp0_42A_A_404,0,surfdock,0.51331792,0.22632776,2.268028,0,0.99687933,2.5282739
1521,30,10633,1519,4zo7_BGC_A_801,0,surfdock,0.51331792,0.22632776,2.268028,0,0,2.3312382
1522,30,10640,1520,4zo7_BGC_A_802,0,surfdock,0.51331792,0.22632776,2.268028,0,0.9834413,2.4563068
1523,30,10647,1521,4zo7_BGC_A_805,0,surfdock,0.51331792,0.22632776,2.268028,0,0.76289475,2.5347766
1524,30,10654,1522,4zo7_GLC_A_806,0,surfdock,0.51331792,0.22632776,2.268028,0,0.99400109,2.7212385
1525,30,12404,1772,5ihe_D5M_A_701,0,surfdock,0.51331792,0.22632776,2.268028,0,0,3.4489489
1526,31,3067,438,1y2x_NAG_C_2144,1,unimol,0.89240451,0.32778726,2.7225103,0,0.89133688,16.43
1527,31,3074,439,1y2x_NAG_D_3144,1,unimol,0.89240442,0.32778722,2.7225103,0,0.96230572,23.45
1528,31,17696,2528,7bp1_CAQ_D_401,0,surfdock,0.70052476,0.31019365,2.2583456,0,0.98569628,2.2339641
1529,31,17689,2527,7bp1_CAQ_C_401,0,surfdock,0.70031532,0.31010091,2.2583456,0,0.99441545,2.3096333
1530,31,17073,2439,6syz_M1E_A_601,0,surfdock,0.69904083,0.30953656,2.2583456,0,0.99781947,2.6155291
1531,31,12992,1856,5m5a_KSA_A_404,0,surfdock,0.69398522,0.30729793,2.2583456,0,0.9903893,4.91918
1532,31,42,6,1ac4_TMT_A_296,0,surfdock,0.6926589,0.30671063,2.2583456,0,0,2.2024765
1533,31,1498,214,1kya_XYD_D_814,0,surfdock,0.68615572,0.30383101,2.2583456,0,0.015163434,2.0970058
1534,31,6237,891,3sli_SKD_A_760,0,surfdock,0.66806676,0.29582119,2.2583456,0,0,3.5073965
1535,31,3585,512,2bgc_DTT_F_1238,1,unimol,0.66136821,0.29285506,2.2583456,0,0,34.54
1536,31,3956,565,2exs_TRP_B_2100,1,unimol,0.66136821,0.29285506,2.2583456,0,0,27.08
1537,31,4754,679,2pir_NK_A_933,1,unimol,0.66136821,0.29285506,2.2583456,0,0.58580643,23.66
1538,31,9248,1321,4mog_G3F_A_802,1,unimol,0.66136821,0.29285506,2.2583456,0,0.92957132,22.35
1539,31,9255,1322,4mol_2FG_C_703,1,unimol,0.66136821,0.29285506,2.2583456,0,0,31.33
1540,31,9262,1323,4mol_2FG_D_802,1,unimol,0.66136821,0.29285506,2.2583456,0,0.95670906,23.69
1541,31,9276,1325,4mop_2H5_B_802,1,unimol,0.66136821,0.29285506,2.2583456,0,0.88983296,25.05
1542,31,9283,1326,4mop_2H5_C_703,1,unimol,0.66136821,0.29285506,2.2583456,0,0.91563809,25.34
1543,31,9542,1363,4ofu_DHT_A_1001,1,unimol,0.66136821,0.29285506,2.2583456,0,0.99453362,13.74
1544,31,10011,1430,4udc_DEX_A_1778,1,unimol,0.66136821,0.29285506,2.2583456,0,0.99631688,24.39
1545,31,16843,2406,6r7w_CIT_A_406,1,unimol,0.66136821,0.29285506,2.2583456,0,0.72064174,20
1546,31,3592,513,2bgc_DTU_A_1238,1,unimol,0.66027568,0.29237128,2.2583456,0,0,26.62
1547,31,5181,740,2rtn_IMI_B_300,1,unimol,0.66136821,0.29193179,2.2654879,0,0.98033077,19.19
1548,31,5188,741,2rtn_IMI_D_300,1,unimol,0.66136821,0.29005589,2.2801397,0,0.97334573,19.76
1549,31,16633,2376,6q4y_MAN_B_402,1,unimol,0.66136821,0.28913144,2.28743,0,0,23.44
1550,31,16626,2375,6q4y_MAN_A_402,1,unimol,0.66136821,0.28625518,2.3104138,0,0,22.03
1551,31,14316,2045,5y8k_SER_B_301,1,unimol,0.66136821,0.28406881,2.3281963,0,0.0027195521,20.7
1552,31,16954,2422,6s23_KSW_A_403,0,surfdock,0.69902821,0.28144307,2.4837277,0,0.20075418,1.9381392
1553,31,3053,436,1y2x_NAG_A_144,1,unimol,0.75238785,0.279916,2.6879048,0,0.88494877,21.33
1554,31,17564,2509,6y4f_GLU_A_202,1,unimol,0.66136821,0.27779474,2.3807793,0,0,18.33
1555,31,3060,437,1y2x_NAG_B_1144,1,unimol,0.75238785,0.27635803,2.7225103,0,0.96207865,18.08
1556,31,8191,1170,4fra_GAL_A_402,1,unimol,0.66136821,0.27471858,2.407438,0,0.98949227,20.46
1557,31,35,5,1a9r_HPA_A_290,0,surfdock,0.61052725,0.27034258,2.2583456,0,0,2.2273995
1558,31,2352,336,1s1f_PIM_A_431,0,surfdock,0.61052725,0.27034258,2.2583456,0,0,2.3478582
1559,31,5159,737,2rhx_MLY_A_537,0,surfdock,0.61052725,0.27034258,2.2583456,0,0.95165604,2.6795228
1560,31,9737,1391,4qe1_RUU_A_403,0,surfdock,0.61052725,0.27034258,2.2583456,0,0,2.480637
1561,31,15659,2237,6j4t_IMP_A_401,0,surfdock,0.61052725,0.27034258,2.2583456,0,0,3.9682666
1562,31,5992,856,2zvq_1NP_X_502,0,surfdock,0.61052724,0.27034258,2.2583456,0,0,1.9990842
1563,31,455,65,1fk1_DAO_A_201,0,surfdock,0.68632964,0.26880399,2.5532708,0,0.94505784,3.4397775
1564,31,16822,2403,6r6i_H50_B_201,1,unimol,0.66136821,0.26223706,2.5220232,0,0.98586324,26.44
1565,31,9619,1374,4pb4_PLP_A_401,1,unimol,0.66136821,0.25468121,2.5968463,0,0.94958664,21.11
1566,31,9626,1375,4pb4_PLP_B_401,1,unimol,0.66136821,0.25468121,2.5968463,0,0.81198516,22.55
1567,31,6342,906,3tye_YTZ_B_902,0,surfdock,0.5548806,0.24570215,2.2583456,0,0.00096460382,3.0208681
1568,31,12166,1738,5h8q_GLU_A_302,0,surfdock,0.61052725,0.2416803,2.5261762,0,0,2.4761161
1569,31,12159,1737,5h8f_GLU_A_302,0,surfdock,0.61052725,0.2414814,2.5282569,0,0,2.5196882
1570,31,2044,292,1p2s_ETF_A_400,0,surfdock,0.53685351,0.23771972,2.2583456,0,0,1.9618461
1571,31,9269,1324,4mop_2H5_A_802,1,unimol,0.66136821,0.23658824,2.795439,0,0.91595387,22.32
1572,31,12831,1833,5kjw_53C_B_800,0,surfdock,0.70092438,0.23584804,2.9719312,0,0.99900078,2.4320079
1573,31,12853,1836,5kxb_NGA_B_305,1,unimol,0.75238785,0.23461684,3.2068782,0,0.91942647,20.88
1574,31,12860,1837,5kxb_NGA_C_305,1,unimol,0.75238785,0.23461684,3.2068782,0,0.94395803,12.36
1575,31,12824,1832,5kjw_53C_A_800,0,surfdock,0.69570774,0.23339296,2.9808419,0,0.94584594,2.4249618
1576,32,7819,1117,4d4u_FUC_B_950,0,surfdock,0.69565351,0.30946794,2.2479007,0,0.99300574,2.3591384
1577,32,7812,1116,4d4u_FUC_A_950,0,surfdock,0.68349277,0.30405813,2.2479007,0,0.98504497,2.3623948
1578,32,11459,1637,5e4o_L57_B_201,0,surfdock,0.69349672,0.30228002,2.2942185,0,0.98319123,3.2732575
1579,32,13951,1993,5w3k_9TY_B_401,0,surfdock,0.67806135,0.30164191,2.2479007,0,0.26141844,2.5562171
1580,32,3136,448,1z11_8MO_C_501,0,surfdock,0.67215139,0.2990128,2.2479007,0,0.98998631,3.0708971
1581,32,3935,562,2euq_BVC_A_401,1,unimol,0.81065612,0.29694278,2.7300069,0,0.70256923,14.56
1582,32,6637,948,3w4i_8LG_B_402,1,unimol,0.6616214,0.29432844,2.2479007,0,0,20.96
1583,32,6644,949,3w4i_8LG_C_402,1,unimol,0.6616214,0.29432844,2.2479007,0,0,22.07
1584,32,8842,1263,4jh6_FCN_A_202,1,unimol,0.6616214,0.29432844,2.2479007,0,0.92701857,21.96
1585,32,8849,1264,4jh6_FCN_B_202,1,unimol,0.6616214,0.29432844,2.2479007,0,0,19.64
1586,32,11215,1602,5cpp_ADO_A_422,1,unimol,0.6616214,0.29432844,2.2479007,0,0.96500324,20.42
1587,32,16731,2390,6qor_JBK_A_301,1,unimol,0.6616214,0.29432844,2.2479007,0,0.95783462,18.11
1588,32,16738,2391,6qor_JBK_B_301,1,unimol,0.6616214,0.29432844,2.2479007,0,0.981224,18.94
1589,32,17522,2503,6xp1_T2C_A_401,1,unimol,0.6616214,0.29432844,2.2479007,0,0.98470695,23.2
1590,32,680,97,1gsi_TMP_A_1210,1,unimol,0.89240839,0.28175532,3.167316,0,0,17.44
1591,32,1779,254,1n5i_TMP_A_217,1,unimol,0.89240742,0.28139848,3.171329,0,0,23.9
1592,32,5706,815,2y5a_3AP_A_1295,1,unimol,0.72340829,0.27927969,2.5902636,0,0.99601294,18.91
1593,32,12467,1781,5ioq_DUR_C_302,0,surfdock,0.60971387,0.27123689,2.2479007,0,0.76390532,3.0442516
1594,32,10661,1523,4zqp_IMP_A_601,0,surfdock,0.60459871,0.26896137,2.2479007,0,0.99112463,3.9814826
1595,32,12902,1843,5la1_XYP_A_601,1,unimol,0.89240662,0.25709323,3.4711392,0,0,21.27
1596,32,1085,155,1iri_E4P_C_603,0,surfdock,0.67887796,0.25314063,2.6818204,0,0.99298605,2.9215186
1597,32,1078,154,1iri_E4P_B_602,0,surfdock,0.67835818,0.25294682,2.6818204,0,0.98966565,2.8570735
1598,32,11222,1603,5cr1_STL_B_201,1,unimol,0.6616214,0.2464507,2.6845984,0,0.99110272,22.18
1599,32,9199,1314,4m72_M72_B_402,1,unimol,0.75138431,0.24603368,3.0539887,0,0,18.41
1600,32,2597,371,1toq_AMG_E_503,0,surfdock,0.70152728,0.24601219,2.8515947,0,0,2.6936172
1601,32,4781,683,2prl_R2C_A_400,0,surfdock,0.69377704,0.24589018,2.8214905,0,0.98308756,4.1368645
1602,32,11453,1636,5e4o_L57_A_201,1,unimol,0.6616214,0.24214115,2.732378,0,0.96973711,18.67
1603,32,3766,538,2cxp_A5P_A_1601,0,surfdock,0.68294717,0.23984464,2.8474555,0,0.99396606,3.1556128
1604,33,1261,180,1jhv_NIO_A_991,1,unimol,0.8090899,0.32203619,2.5124183,0,0.99598565,21.14
1605,33,2247,321,1q4g_BFL_B_1701,0,surfdock,0.70091039,0.31153679,2.2498469,0,0.9911122,3.3462826
1606,33,2240,320,1q4g_BFL_A_701,0,surfdock,0.6995312,0.31092377,2.2498469,0,0.98606175,3.4801705
1607,33,11312,1616,5did_5CK_B_601,0,surfdock,0.70537476,0.29688256,2.3759377,0,0,3.6121037
1608,33,2325,332,1rum_BEZ_H_1601,1,unimol,0.65909349,0.29295025,2.2498469,0,0.9750919,15.75
1609,33,2395,342,1sep_BIO_A_801,1,unimol,0.65909349,0.29295025,2.2498469,0,0,14.61
1610,33,3158,451,1zb6_DIN_A_401,1,unimol,0.65909349,0.29295025,2.2498469,0,0.98006294,25.57
1611,33,7470,1067,4cb5_93G_A_1484,1,unimol,0.65909349,0.29295025,2.2498469,0,0,23.39
1612,33,10984,1569,5av4_GEN_A_400,1,unimol,0.65909349,0.29295025,2.2498469,0,0.91708029,14.41
1613,33,15429,2204,6gl4_GLU_B_301,1,unimol,0.65909349,0.2783184,2.3681266,0,0,18.05
1614,33,10059,1437,4upd_7P9_B_1550,0,surfdock,0.61233416,0.27216691,2.2498469,0,7.8624181e-05,4.0740095
1615,33,16709,2387,6qo4_97T_B_301,0,surfdock,0.61233416,0.27216691,2.2498469,0,0.9439596,2.8150725
1616,33,12040,1720,5gnx_BGC_A_502,0,surfdock,0.61233009,0.27216511,2.2498469,0,0,2.6222036
1617,33,5356,765,2vp5_DCZ_A_1210,1,unimol,0.65909349,0.26604121,2.4774103,0,0.98930056,19.09
1618,33,13280,1897,5oew_GLU_A_301,1,unimol,0.65909349,0.26186057,2.5169625,0,0,18.75
1619,33,13287,1898,5oew_GLU_B_902,1,unimol,0.65909349,0.26186057,2.5169625,0,0,25
1620,33,434,62,1eyw_TEN_A_403,0,surfdock,0.61233416,0.25984982,2.3564916,0,0.98636349,2.853019
1621,33,5363,766,2vp5_DCZ_B_1210,1,unimol,0.65909349,0.25582449,2.5763493,0,0.9933593,22.27
1622,33,3549,507,2bdg_PBZ_A_301,0,surfdock,0.7050554,0.25341306,2.7822368,0,0.99473734,2.3940752
1623,33,3556,508,2bdg_PBZ_B_302,0,surfdock,0.70474742,0.25330237,2.7822368,0,0.99058278,2.4899735
1624,33,9164,1309,4lz7_1YW_B_804,1,unimol,0.65909349,0.25302606,2.6048434,0,0.95077782,20.97
1625,33,11858,1694,5fp9_4SV_A_1342,0,surfdock,0.67945434,0.24931326,2.7253027,0,0.99651004,2.5668614
1626,33,11193,1599,5cmb_GLY_A_301,0,surfdock,0.61233416,0.24308977,2.5189621,0,0,2.1297035
1627,33,4277,611,2hdk_COI_B_900,0,surfdock,0.61233416,0.23647455,2.5894284,0,0,2.5540992
1628,33,7315,1045,4bdr_CYS_B_804,0,surfdock,0.52047307,0.231337,2.2498469,0,0,1.9929507
1629,33,1687,241,1ml4_PAL_A_385,0,surfdock,0.51768032,0.2300957,2.2498469,0,0.98836746,3.2942324
1630,33,2170,310,1pr6_XYA_A_1245,0,surfdock,0.51768032,0.2300957,2.2498469,0,0.98852205,3.0507016
1631,33,2177,311,1pr6_XYA_C_1247,0,surfdock,0.51768032,0.2300957,2.2498469,0,0.95218787,3.3425518
1632,33,2205,315,1pzy_NAG_B_405,0,surfdock,0.51768032,0.2300957,2.2498469,0,0.96747266,3.0496527
1633,33,2212,316,1pzy_NAG_D_406,0,surfdock,0.51768032,0.2300957,2.2498469,0,0.98454775,3.0459671
1634,33,2296,328,1r4s_MUA_A_800,0,surfdock,0.51768032,0.2300957,2.2498469,0,0.082806303,2.4548227
1635,33,2324,332,1rum_BEZ_H_1601,0,surfdock,0.51768032,0.2300957,2.2498469,0,0.98712959,2.4060336
1636,33,2359,337,1s3u_TQD_A_187,0,surfdock,0.51768032,0.2300957,2.2498469,0,0.5475266,4.0551084
1637,33,2394,342,1sep_BIO_A_801,0,surfdock,0.51768032,0.2300957,2.2498469,0,0,3.1102741
1638,33,2415,345,1sjc_SMG_A_1000,0,surfdock,0.51768032,0.2300957,2.2498469,0,0.93247286,3.2808589
1639,33,2422,346,1sjc_SMG_B_1100,0,surfdock,0.51768032,0.2300957,2.2498469,0,0.97844694,3.5033967
1640,33,2429,347,1sjc_SMG_D_1300,0,surfdock,0.51768032,0.2300957,2.2498469,0,0,3.2672914
1641,33,2555,365,1tl2_NDG_A_237,0,surfdock,0.51768032,0.2300957,2.2498469,0,0.98017459,2.7604079
1642,33,2562,366,1tl2_NDG_A_238,0,surfdock,0.51768032,0.2300957,2.2498469,0,0.00028478674,2.746407
1643,33,2569,367,1tl2_NDG_A_239,0,surfdock,0.51768032,0.2300957,2.2498469,0,0.97786416,2.8054267
1644,33,2576,368,1tl2_NDG_A_240,0,surfdock,0.51768032,0.2300957,2.2498469,0,0.90898353,2.7838576
1645,33,2583,369,1tl2_NDG_A_241,0,surfdock,0.51768032,0.2300957,2.2498469,0,0.98446654,2.8102498
1646,33,2702,386,1u6r_IOM_B_1601,0,surfdock,0.51768032,0.2300957,2.2498469,0,0.9270924,2.3682958
1647,33,3157,451,1zb6_DIN_A_401,0,surfdock,0.51768032,0.2300957,2.2498469,0,0.99759157,2.5586143
1648,33,3465,495,2ai1_P1G_A_293,0,surfdock,0.51768032,0.2300957,2.2498469,0,0.89927666,4.1533424
1649,33,4144,592,2fzb_TOL_A_600,0,surfdock,0.51768032,0.2300957,2.2498469,0,0.8933844,3.9138924
1650,33,4151,593,2fzb_TOL_A_800,0,surfdock,0.51768032,0.2300957,2.2498469,0,0.97663223,3.4131322
1651,33,4158,594,2fzb_TOL_A_900,0,surfdock,0.51768032,0.2300957,2.2498469,0,0,2.5189083
1652,33,4578,654,2nu7_COA_B_1025,0,surfdock,0.51768032,0.2300957,2.2498469,0,0,3.1487256
1653,33,4592,656,2nu7_COA_E_1025,0,surfdock,0.51768032,0.2300957,2.2498469,0,0.52875291,3.0057185
1654,34,4102,586,2fu9_MP2_B_2410,0,surfdock,0.71687113,0.31857641,2.250232,0,0.93812531,3.4614226
1655,34,2380,340,1s6h_4BZ_A_1,0,surfdock,0.70953805,0.3153176,2.250232,0,0.99692146,2.4632676
1656,34,1246,178,1ja9_PYQ_A_406,0,surfdock,0.70529065,0.31343006,2.250232,0,0,2.707271
1657,34,238,34,1cq1_BGC_A_455,0,surfdock,0.70397642,0.31284602,2.250232,0,0.11433033,2.2947047
1658,34,245,35,1cq1_BGC_B_455,0,surfdock,0.69014396,0.3066989,2.250232,0,0.66765475,2.4181228
1659,34,8393,1199,4hgg_SYN_B_502,0,surfdock,0.68897096,0.30617762,2.250232,0,0.99201502,2.25449
1660,34,2493,356,1tc2_7HP_A_800,1,unimol,0.6581337,0.29247359,2.250232,0,0,20.34
1661,34,2500,357,1tc2_7HP_B_810,1,unimol,0.6581337,0.29247359,2.250232,0,0,19.8
1662,34,6532,933,3vca_PRO_A_504,1,unimol,0.6581337,0.29247359,2.250232,0,0.044626171,18.1
1663,34,8386,1198,4hgg_SYN_A_502,0,surfdock,0.6417495,0.28519248,2.250232,0,0.99810189,2.2618047
1664,34,1015,145,1hsb_ALA_C_1,0,surfdock,0.62139786,0.27614824,2.250232,0,0,3.394277
1665,34,5691,813,2y2f_YI1_A_1469,0,surfdock,0.62139786,0.27614824,2.250232,0,0.83272339,3.5093002
1666,34,16107,2301,6mae_JBA_A_301,0,surfdock,0.62139786,0.27614824,2.250232,0,0.96698926,4.5010059
1667,34,17570,2510,6y4z_TLA_D_301,0,surfdock,0.62139786,0.27614824,2.250232,0,0.99618235,3.0096055
1668,34,1008,144,1hsb_ALA_A_1001,0,surfdock,0.62139786,0.27614824,2.250232,0,0,2.9595683
1669,34,12307,1758,5i0d_GLC_B_1122,1,unimol,0.6581337,0.27596164,2.3848729,0,0.99150468,24.85
1670,34,12173,1739,5h8q_GLY_B_301,0,surfdock,0.62139786,0.26445935,2.3496904,0,0,2.152815
1671,34,3941,563,2evd_D10_A_304,0,surfdock,0.69894044,0.26445761,2.6429195,0,0.97933701,2.733718
1672,34,2786,398,1v5g_HTL_A_1602,0,surfdock,0.62139786,0.26381885,2.3553951,0,0.17612155,4.2329617
1673,34,8778,1254,4j0k_EGR_B_501,0,surfdock,0.59194336,0.26305871,2.250232,0,0.9409488,2.7629207
1674,34,3809,544,2d3n_GLC_A_608,1,unimol,0.7474203,0.26149088,2.8583026,0,0.93914262,20.19
1675,34,9947,1421,4u7g_K17_B_303,0,surfdock,0.70131735,0.25921076,2.7055864,0,0,2.4507126
1676,34,12355,1765,5i8z_JA1_A_302,0,surfdock,0.70977345,0.25599679,2.7725863,0,0.98746334,3.8467733
1677,34,9380,1340,4n94_2HO_A_401,0,surfdock,0.71998846,0.25403802,2.8341751,0,0.0019292408,2.3723205
1678,34,8771,1253,4j0k_EGR_A_501,0,surfdock,0.56490702,0.2510438,2.250232,0,0.9034004,2.7448624
1679,34,5516,788,2wzv_FMN_A_801,0,surfdock,0.62139786,0.24574471,2.5286307,0,0.00037572046,4.9633476
1680,34,5523,789,2wzv_FMN_B_801,0,surfdock,0.62139786,0.24574471,2.5286307,0,0.98355615,4.6948491
1681,34,12300,1757,5i0d_GLC_A_1124,1,unimol,0.6581337,0.24392165,2.6981347,0,0.9889307,29.7
1682,34,11221,1603,5cr1_STL_B_201,0,surfdock,0.71700902,0.23763924,3.0172155,0,0,2.6950693
1683,34,8233,1176,4ghf_4NC_A_402,1,unimol,0.6581337,0.23477737,2.8032236,0,0.93823821,24.95
1684,34,8247,1178,4ghf_4NC_D_402,1,unimol,0.6581337,0.23477737,2.8032236,0,0.93203626,19.96
1685,34,980,140,1hkn_N2M_C_4138,0,surfdock,0.52542802,0.23349939,2.250232,0,0.9783261,2.6297896
1686,34,987,141,1hkn_N2M_D_5139,0,surfdock,0.52542802,0.23349939,2.250232,0,0.99528217,2.556798
1687,34,1197,171,1j3i_UMP_D_711,0,surfdock,0.52542802,0.23349939,2.250232,0,0.98312368,3.5666614
1688,34,1218,174,1j3k_UMP_D_711,0,surfdock,0.52542802,0.23349939,2.250232,0,0.9814067,3.4910235
1689,34,2100,300,1pke_2FD_A_446,0,surfdock,0.52542802,0.23349939,2.250232,0,0,3.3336873
1690,34,2107,301,1pke_2FD_B_447,0,surfdock,0.52542802,0.23349939,2.250232,0,0,3.3519925
1691,34,2338,334,1rvz_NAG_A_3321,0,surfdock,0.52542802,0.23349939,2.250232,0,2.3336708e-05,2.1828092
1692,34,2345,335,1rvz_NAG_F_3331,0,surfdock,0.52542802,0.23349939,2.250232,0,8.6951221e-05,2.6566408
1693,34,2492,356,1tc2_7HP_A_800,0,surfdock,0.52542802,0.23349939,2.250232,0,0.99734029,2.2512248
1694,34,2499,357,1tc2_7HP_B_810,0,surfdock,0.52542802,0.23349939,2.250232,0,0.99836053,2.2698597
1695,34,3416,488,2a9z_26A_A_1001,0,surfdock,0.52542802,0.23349939,2.250232,0,0.99335643,3.6925324
1696,34,3423,489,2a9z_26A_A_1002,0,surfdock,0.52542802,0.23349939,2.250232,0,0.9726906,5.0583303
1697,34,3612,516,2bs3_CIT_D_1657,0,surfdock,0.52542802,0.23349939,2.250232,0,0.99659677,2.885689
1698,34,3871,553,2eb5_OXL_A_2001,0,surfdock,0.52542802,0.23349939,2.250232,0,0.98917454,2.2354571
1699,34,3878,554,2eb5_OXL_B_2002,0,surfdock,0.52542802,0.23349939,2.250232,0,0.98365441,2.2528923
1700,34,3885,555,2eb5_OXL_C_2003,0,surfdock,0.52542802,0.23349939,2.250232,0,0.98853298,2.2476412
1701,34,3892,556,2eb5_OXL_E_2005,0,surfdock,0.52542802,0.23349939,2.250232,0,0.99276216,2.1810126
1702,34,3948,564,2ex1_C5P_A_1427,0,surfdock,0.52542802,0.23349939,2.250232,0,0,3.65042
1703,34,4284,612,2hi4_BHF_A_800,0,surfdock,0.52542802,0.23349939,2.250232,0,0.99774251,3.7382557
1704,35,9093,1299,4l91_X29_A_301,0,surfdock,0.72866462,0.32417793,2.2477295,0,0.99558306,3.5630032
1705,35,889,127,1h5r_G1P_C_1294,0,surfdock,0.71859017,0.31969587,2.2477295,0,0,3.1865425
1706,35,4977,711,2qg6_NMN_A_301,0,surfdock,0.71542141,0.3151421,2.270154,0,0,3.6988981
1707,35,8561,1223,4i4v_NGA_B_201,0,surfdock,0.70701208,0.31454486,2.2477295,0,0,2.7348689
1708,35,17437,2491,6vo2_R67_B_403,0,surfdock,0.69124138,0.30054553,2.2999547,0,0,2.6291521
1709,35,6048,864,3qgz_ADN_A_127,0,surfdock,0.72508742,0.29302791,2.4744644,0,0.99129892,3.1236053
1710,35,8190,1170,4fra_GAL_A_402,0,surfdock,0.72858473,0.29225695,2.4929585,0,0.9772443,2.4807137
1711,35,17794,2542,8icd_ICT_A_418,0,surfdock,0.69247283,0.28133871,2.4613483,0,0.86263823,2.6846625
1712,35,896,128,1h5r_G1P_D_1294,0,surfdock,0.62909368,0.27987949,2.2477295,0,0,3.1967115
1713,35,903,129,1h5r_THM_A_1292,0,surfdock,0.62909368,0.27987949,2.2477295,0,0.99569826,3.134831
1714,35,910,130,1h5r_THM_B_1292,0,surfdock,0.62909368,0.27987949,2.2477295,0,0.95763577,2.9801892
1715,35,917,131,1h5r_THM_B_1293,0,surfdock,0.62909368,0.27987949,2.2477295,0,0.98383148,3.1136914
1716,35,10332,1476,4xp3_DX4_A_401,0,surfdock,0.62909368,0.27806402,2.2624049,0,0,2.3439056
1717,35,287,41,1dai_DSD_A_225,0,surfdock,0.72715558,0.27294342,2.6641247,0,0.89260721,2.9957464
1718,35,406,58,1ei6_PPF_D_412,0,surfdock,0.66646671,0.27009483,2.4675276,0,0.99636031,2.3249696
1719,35,490,70,1fqo_F6R_B_2268,0,surfdock,0.70402325,0.26994874,2.6079876,0,0.94851056,3.3761576
1720,35,3367,481,1zwp_NIM_A_401,0,surfdock,0.70197854,0.26513232,2.6476526,0,0.9545907,3.0276443
1721,35,399,57,1ei6_PPF_A_410,0,surfdock,0.635481,0.26379709,2.4089756,0,0.97993212,2.294692
1722,35,12740,1820,5jp9_DCM_A_401,0,surfdock,0.6936793,0.26365826,2.6309779,0,0,3.4574453
1723,35,8127,1161,4ekr_0R0_B_203,0,surfdock,0.73012667,0.25988649,2.8094051,0,0,2.5570276
1724,35,8113,1159,4ekr_0R0_A_202,0,surfdock,0.72994561,0.25982204,2.8094051,0,0.9971705,2.5520904
1725,35,11214,1602,5cpp_ADO_A_422,0,surfdock,0.71397785,0.25806971,2.7666075,0,0.99587133,2.3162646
1726,35,12747,1821,5jp9_DCM_B_401,0,surfdock,0.68716032,0.25675035,2.6763744,0,0.9815708,3.5409343
1727,35,5768,824,2z20_PLP_B_801,0,surfdock,0.73120023,0.24961045,2.9293644,0,0,3.1607974
1728,35,882,126,1h5r_G1P_A_1294,0,surfdock,0.55945916,0.24889957,2.2477295,0,0.84403737,3.161929
1729,35,5075,725,2qx4_ML1_A_233,0,surfdock,0.72622535,0.24849779,2.922461,0,0.43266812,3.0179436
1730,35,8547,1221,4i4v_NGA_A_201,0,surfdock,0.5578305,0.24817499,2.2477295,0,0,2.8976884
1731,35,11746,1678,5fe1_12Q_A_901,0,surfdock,0.73080958,0.24449169,2.9890969,0,0.99711882,2.4373441
1732,35,11753,1679,5fe1_12Q_B_901,0,surfdock,0.73074207,0.2444691,2.9890969,0,0.99708093,2.4608628
1733,35,5712,816,2ye5_2A7_A_1224,0,surfdock,0.66285941,0.24390026,2.717747,0,0.99016123,2.422752
1734,35,5082,726,2qx4_ML1_B_233,0,surfdock,0.70927543,0.2428448,2.9206934,0,0.98086065,3.2205622
1735,35,483,69,1fqo_F6R_A_1268,0,surfdock,0.62909368,0.24136994,2.6063454,0,0.93841667,3.3187283
1736,35,5761,823,2z20_PLP_A_701,0,surfdock,0.69896318,0.23779657,2.9393315,0,0,3.2609828
1737,35,7917,1131,4do1_ANN_D_502,0,surfdock,0.53230625,0.23681943,2.2477295,0,0.99500566,2.5249288
1738,35,9940,1420,4tyv_BGC_B_701,0,surfdock,0.53230625,0.23681943,2.2477295,0,0.0043567237,2.6558123
1739,35,112,16,1anc_BEN_A_290,0,surfdock,0.53189791,0.23663776,2.2477295,0,0,2.4341044
1740,35,119,17,1anc_BEN_A_384,0,surfdock,0.53189791,0.23663776,2.2477295,0,0.010602554,1.9715919
1741,35,1050,150,1ij8_BNI_A_501,0,surfdock,0.53189791,0.23663776,2.2477295,0,0.74154892,3.661177
1742,35,1057,151,1ij8_BNI_B_502,0,surfdock,0.53189791,0.23663776,2.2477295,0,0.83194396,3.6198572
1743,35,1974,282,1okm_SAB_A_555,0,surfdock,0.53189791,0.23663776,2.2477295,0,0.99019112,3.4183799
1744,35,2086,298,1pfw_MF3_A_553,0,surfdock,0.53189791,0.23663776,2.2477295,0,0.98994574,2.8961607
1745,35,2149,307,1pr0_NOS_A_1245,0,surfdock,0.53189791,0.23663776,2.2477295,0,0,3.3338473
1746,35,2156,308,1pr0_NOS_B_1246,0,surfdock,0.53189791,0.23663776,2.2477295,0,0,3.3212781
1747,35,2163,309,1pr0_NOS_C_1247,0,surfdock,0.53189791,0.23663776,2.2477295,0,0.97562186,3.2876785
1748,35,2275,325,1qit_MAE_A_411,0,surfdock,0.53189791,0.23663776,2.2477295,0,0,2.2978116
1749,35,2506,358,1thc_FL9_A_130,0,surfdock,0.53189791,0.23663776,2.2477295,0,3.6158123e-07,3.0397459
1750,35,4879,697,2qb4_DSM_A_801,0,surfdock,0.53189791,0.23663776,2.2477295,0,0.9771008,3.6124669
1751,35,4886,698,2qb4_DSM_A_802,0,surfdock,0.53189791,0.23663776,2.2477295,0,0.97363166,3.1255423
1752,35,4893,699,2qb4_LEU_A_601,0,surfdock,0.53189791,0.23663776,2.2477295,0,0.99191571,2.6421194
1753,35,5432,776,2wd2_MS5_A_1263,0,surfdock,0.53189791,0.23663776,2.2477295,0,0.67091075,4.0607433
1754,36,7140,1020,4a9j_TYL_C_1184,0,surfdock,0.74522559,0.33131849,2.2492716,0,0.99701044,2.6364611
1755,36,7504,1072,4cjv_IV2_B_1215,0,surfdock,0.74521174,0.33131233,2.2492716,0,0.9945621,2.492782
1756,36,9541,1363,4ofu_DHT_A_1001,0,surfdock,0.74441266,0.33095707,2.2492716,0,0.99281794,3.7577584
1757,36,7133,1019,4a9j_TYL_B_1187,0,surfdock,0.74399491,0.33077134,2.2492716,0,0.99918209,2.3689557
1758,36,8134,1162,4evi_N7I_B_401,0,surfdock,0.74320598,0.33042059,2.2492716,0,0.99517936,3.0966965
1759,36,3752,536,2coj_GBN_A_420,0,surfdock,0.74277132,0.33022735,2.2492716,0,0.99037458,2.6722282
1760,36,7126,1018,4a9j_TYL_A_1188,0,surfdock,0.74239368,0.33005945,2.2492716,0,0.99415303,2.5292931
1761,36,12383,1769,5ice_2H4_A_402,0,surfdock,0.73944564,0.32874879,2.2492716,0,0,3.7571836
1762,36,3759,537,2coj_GBN_B_420,0,surfdock,0.7372812,0.32778651,2.2492716,0,0.99002875,2.8197495
1763,36,539,77,1fwn_PEP_A_1268,0,surfdock,0.73067993,0.32485166,2.2492716,0,0,2.3554295
1764,36,6629,947,3w4i_8LG_A_402,0,surfdock,0.72838587,0.32383175,2.2492716,0,0.35536132,4.2170304
1765,36,3312,473,1zoy_UQ1_B_1201,1,unimol,0.8911656,0.32185476,2.7688429,0,0.96770075,19.58
1766,36,2191,313,1pwz_RSO_A_256,0,surfdock,0.7185955,0.31947907,2.2492716,0,0.99704689,2.2953551
1767,36,9163,1309,4lz7_1YW_B_804,0,surfdock,0.71718594,0.31885239,2.2492716,0,0.19717189,3.1176897
1768,36,13468,1924,5tde_2HP_B_902,0,surfdock,0.71629543,0.31845648,2.2492716,0,0,1.8370169
1769,36,8946,1278,4kp7_1UQ_B_502,0,surfdock,0.7142783,0.31755969,2.2492716,0,0.99343385,3.3514633
1770,36,13461,1923,5tde_2HP_B_901,0,surfdock,0.71289483,0.31694461,2.2492716,0,0.9961562,2.1390357
1771,36,16737,2391,6qor_JBK_B_301,0,surfdock,0.73613084,0.30843143,2.3866911,0,0.99780293,2.7417034
1772,36,16961,2423,6s23_KSW_B_402,0,surfdock,0.73495514,0.30610206,2.4010124,0,0.21864376,2.025134
1773,36,16730,2390,6qor_JBK_A_301,0,surfdock,0.72157698,0.30233351,2.3866911,0,0.99854079,2.5831757
1774,36,10276,1468,4x36_CHT_A_409,0,surfdock,0.73031719,0.29823288,2.4488142,0,0.99646917,2.0876424
1775,36,182,26,1c3s_SHH_A_952,0,surfdock,0.68749996,0.29445724,2.3348031,0,0.96309139,3.370947
1776,36,13154,1879,5nov_93B_A_201,1,unimol,0.65788816,0.2924893,2.2492716,0,0.99266668,12.69
1777,36,14491,2070,5ylf_BGC_A_401,1,unimol,0.65788816,0.2924893,2.2492716,0,0.95010361,15.73
1778,36,343,49,1dxy_COI_A_404,0,surfdock,0.7139445,0.28941488,2.4668539,0,0.96684591,2.4330091
1779,36,336,48,1duc_DUD_A_201,0,surfdock,0.63450602,0.28209387,2.2492716,0,0.49790609,2.388787
1780,36,364,52,1e48_13P_P_302,0,surfdock,0.63450602,0.28209387,2.2492716,0,0.85673679,2.3157916
1781,36,7539,1077,4cld_JUO_A_1270,0,surfdock,0.63450602,0.28209387,2.2492716,0,0.99589984,3.2011092
1782,37,14490,2070,5ylf_BGC_A_401,0,surfdock,0.72619011,0.32326158,2.2464464,0,0,2.3546478
1783,37,7680,1097,4cno_9PY_B_301,1,unimol,0.65943348,0.29354504,2.2464464,0,0.94810296,20.75
1784,37,7687,1098,4cno_9PY_C_301,1,unimol,0.65943348,0.29354504,2.2464464,0,0.92928702,22.19
1785,37,7694,1099,4cno_9PY_D_301,1,unimol,0.65943348,0.29354504,2.2464464,0,0.97488296,24.93
1786,37,11425,1632,5dz2_212_A_404,1,unimol,0.65943348,0.29354504,2.2464464,0,0.9652972,17.93
1787,37,11432,1633,5dz2_212_B_404,1,unimol,0.65943348,0.29354504,2.2464464,0,0.94835662,20.12
1788,37,15330,2190,6flu_DTK_B_406,0,surfdock,0.64929246,0.2890308,2.2464464,0,0.11624599,3.2869045
1789,37,9548,1364,4ovl_1TD_A_308,0,surfdock,0.72188499,0.26227297,2.7524176,0,0.99390769,3.2184385
1790,37,5453,779,2wdq_CBE_K_1130,0,surfdock,0.7513816,0.26046993,2.8847144,0,0.991867,3.0709437
1791,37,5446,778,2wdq_CBE_G_1130,0,surfdock,0.74730326,0.25905616,2.8847144,0,0.99426637,3.1055284
1792,37,5439,777,2wdq_CBE_C_1130,0,surfdock,0.74894804,0.25530665,2.9335225,0,0.98982153,3.1474931
1793,37,16968,2424,6s39_K5Z_A_301,0,surfdock,0.74119155,0.24565911,3.0171537,0,1.0010585e-05,2.9312891
1794,37,1589,227,1lti_GAL_D_104,0,surfdock,0.54437533,0.24232722,2.2464464,0,0.99229857,2.4170301
1795,37,1596,228,1lti_GAL_E_104,0,surfdock,0.54437533,0.24232722,2.2464464,0,0.99412383,2.5128518
1796,37,1638,234,1m3u_KPL_B_265,0,surfdock,0.54437533,0.24232722,2.2464464,0,0.5774203,2.7065992
1797,37,1645,235,1m3u_KPL_E_265,0,surfdock,0.54437533,0.24232722,2.2464464,0,0.99436588,2.5224493
1798,37,1652,236,1m3u_KPL_F_265,0,surfdock,0.54437533,0.24232722,2.2464464,0,0.27282851,2.7092743
1799,37,1659,237,1m3u_KPL_G_265,0,surfdock,0.54437533,0.24232722,2.2464464,0,0.41429981,5.6412252
1800,37,1666,238,1m3u_KPL_I_265,0,surfdock,0.54437533,0.24232722,2.2464464,0,0.23320502,5.6368989
1801,37,1673,239,1m3u_KPL_J_265,0,surfdock,0.54437533,0.24232722,2.2464464,0,0.99584105,2.5730411
1802,37,1806,258,1njr_XYL_A_285,0,surfdock,0.54437533,0.24232722,2.2464464,0,0.9371685,2.4862078
1803,37,3255,465,1zha_R5P_A_1269,0,surfdock,0.54437533,0.24232722,2.2464464,0,0.51672359,6.5832868
1804,37,3745,535,2ci0_1CM_A_1450,0,surfdock,0.54437533,0.24232722,2.2464464,0,2.7426361e-05,3.24652
1805,37,3899,557,2ef9_A5P_A_1269,0,surfdock,0.54437533,0.24232722,2.2464464,0,0,4.6310723
1806,37,3906,558,2ef9_A5P_B_2269,0,surfdock,0.54437533,0.24232722,2.2464464,0,0.96285241,3.0447047
1807,37,4613,659,2nz5_226_A_432,0,surfdock,0.54437533,0.24232722,2.2464464,0,0.0022024582,2.4452958
1808,37,5754,822,2z1z_MLT_A_433,0,surfdock,0.54437533,0.24232722,2.2464464,0,0.97083013,2.4610223
1809,37,6300,900,3tky_N7I_A_369,0,surfdock,0.54437533,0.24232722,2.2464464,0,0,3.4385866
1810,37,6307,901,3tky_N7I_B_369,0,surfdock,0.54437533,0.24232722,2.2464464,0,0.08238235,2.8915246
1811,37,6314,902,3tky_N7I_C_369,0,surfdock,0.54437533,0.24232722,2.2464464,0,0.98277996,2.8447622
1812,37,6321,903,3tky_N7I_D_369,0,surfdock,0.54437533,0.24232722,2.2464464,0,0.91531158,2.8414893
1813,37,7252,1036,4aw0_MJF_A_600,0,surfdock,0.54437533,0.24232722,2.2464464,0,0,3.6839195
1814,37,7679,1097,4cno_9PY_B_301,0,surfdock,0.54437533,0.24232722,2.2464464,0,0,2.8305119
1815,37,7686,1098,4cno_9PY_C_301,0,surfdock,0.54437533,0.24232722,2.2464464,0,0,2.7404877
1816,37,7693,1099,4cno_9PY_D_301,0,surfdock,0.54437533,0.24232722,2.2464464,0,0.99007119,2.9303323
1817,37,8099,1157,4ek1_CAM_A_502,0,surfdock,0.54437533,0.24232722,2.2464464,0,0.066424545,2.4956931
1818,37,8106,1158,4ek1_CAM_B_502,0,surfdock,0.54437533,0.24232722,2.2464464,0,0.072793645,2.383185
1819,37,9030,1290,4l4d_CAM_A_503,0,surfdock,0.54437533,0.24232722,2.2464464,0,0,2.4387107
1820,37,9506,1358,4nv0_MG7_B_402,0,surfdock,0.54437533,0.24232722,2.2464464,0,7.2887944e-06,3.7498912
1821,37,9954,1422,4u8p_UDP_C_603,0,surfdock,0.54437533,0.24232722,2.2464464,0,0.97078699,2.6824547
1822,37,10171,1453,4wdx_WDX_A_402,0,surfdock,0.54437533,0.24232722,2.2464464,0,0,3.5711269
1823,37,10262,1466,4x2f_3WJ_A_601,0,surfdock,0.54437533,0.24232722,2.2464464,0,0.99857514,3.2307962
1824,37,10297,1471,4x3j_3WR_A_1201,0,surfdock,0.54437533,0.24232722,2.2464464,0,0.98624027,4.8412606
1825,37,10353,1479,4xti_IMP_A_601,0,surfdock,0.54437533,0.24232722,2.2464464,0,0.96372754,3.7365336
1826,37,10360,1480,4xti_IMP_B_601,0,surfdock,0.54437533,0.24232722,2.2464464,0,0.96915676,3.9686258
1827,37,10409,1487,4y14_C0A_A_407,0,surfdock,0.54437533,0.24232722,2.2464464,0,0.96805373,3.7273408
1828,37,10416,1488,4y14_C0A_B_404,0,surfdock,0.54437533,0.24232722,2.2464464,0,0.97211292,3.7984939
1829,37,10605,1515,4zhd_4OZ_B_202,0,surfdock,0.54437533,0.24232722,2.2464464,0,0.017621969,3.2836428
1830,37,11424,1632,5dz2_212_A_404,0,surfdock,0.54437533,0.24232722,2.2464464,0,0.98873409,3.002972
1831,37,11431,1633,5dz2_212_B_404,0,surfdock,0.54437533,0.24232722,2.2464464,0,0.99036767,2.9933616
1832,38,12782,1826,5kcj_6RM_B_302,0,surfdock,0.75908552,0.33749912,2.2491472,0,0,4.1154145
1833,38,294,42,1diw_GAL_A_1400,0,surfdock,0.74544779,0.33143561,2.2491472,0,0,2.5777497
1834,38,1099,157,1isx_XYP_B_961,0,surfdock,0.74434073,0.3309434,2.2491472,0,0.94605276,1.989432
1835,38,13223,1889,5o4j_9KH_C_302,0,surfdock,0.74017911,0.32909309,2.2491472,0,0,2.8114288
1836,38,1092,156,1isx_XYP_A_1461,0,surfdock,0.73978446,0.32891763,2.2491472,0,0.032025759,2.0609899
1837,38,13216,1888,5o4j_9KH_B_302,0,surfdock,0.73760153,0.32794707,2.2491472,0,0,2.8587497
1838,38,5573,796,2xhk_AKG_A_519,1,unimol,0.66106355,0.2939173,2.2491472,0,0.85769051,17.79
1839,38,5580,797,2xhk_AKG_B_519,1,unimol,0.66106355,0.2939173,2.2491472,0,0,18.01
1840,38,14477,2068,5ykt_PMP_A_501,1,unimol,0.66106355,0.2939173,2.2491472,0,0.99035337,20.87
1841,38,14484,2069,5ykt_PMP_B_501,1,unimol,0.66106355,0.2939173,2.2491472,0,0.99484012,21.01
1842,38,2052,293,1p7c_THM_B_501,1,unimol,0.89201177,0.29036893,3.0719936,0,0,22.36
1843,38,126,18,1aog_MAE_A_500,0,surfdock,0.64410815,0.28637871,2.2491472,0,0,2.3488039
1844,38,7469,1067,4cb5_93G_A_1484,0,surfdock,0.64410815,0.28637871,2.2491472,0,0,3.6555479
1845,38,15645,2235,6ix8_B3O_A_408,0,surfdock,0.64410815,0.28637871,2.2491472,0,0,3.8416893
1846,38,15652,2236,6ix8_B3O_B_408,0,surfdock,0.64410815,0.28637871,2.2491472,0,0.99101666,3.9511883
1847,38,14315,2045,5y8k_SER_B_301,0,surfdock,0.64410797,0.28637864,2.2491472,0,0,2.1955887
1848,38,10465,1495,4yu7_DHC_A_204,0,surfdock,0.68509667,0.28347406,2.4167869,0,0.57327386,2.4916905
1849,38,7511,1073,4cjw_CBJ_A_1215,0,surfdock,0.72862576,0.2814349,2.5889664,0,0.975414,3.6972605
1850,38,7525,1075,4cjw_CBJ_B_1217,0,surfdock,0.71678183,0.27686013,2.5889664,0,0.99189749,3.7812356
1851,38,17585,2512,6yaw_P9H_B_502,1,unimol,0.66106355,0.27090177,2.4402325,0,0.96220098,25.7
1852,38,7259,1037,4b1f_DGL_A_1257,0,surfdock,0.74949582,0.26992624,2.7766681,0,0.0014380996,2.895579
1853,38,10472,1496,4yu7_DHC_B_203,0,surfdock,0.6528456,0.26638054,2.4507997,0,0,2.5853719
1854,38,17578,2511,6yaw_P9H_A_301,1,unimol,0.66106355,0.26344956,2.5092595,0,0.95287341,21.3
1855,38,10458,1494,4yu7_DHC_A_203,0,surfdock,0.63737252,0.26090579,2.4429212,0,0.43601167,2.4348103
1856,38,12104,1729,5gwx_SAR_A_302,1,unimol,0.66106355,0.2589935,2.5524321,0,0.89604445,17.95
1857,38,6440,920,3v1m_HPK_A_288,0,surfdock,0.58238883,0.25893752,2.2491472,0,0,3.2950987
1858,38,16842,2406,6r7w_CIT_A_406,0,surfdock,0.58122319,0.25372037,2.2908013,0,0.96275909,2.7976271
1859,38,17319,2474,6ufd_Q6D_A_305,1,unimol,0.66106355,0.25186697,2.6246526,0,0.97896061,25.26
1860,38,16625,2375,6q4y_MAN_A_402,0,surfdock,0.64410815,0.25118391,2.5642881,0,0.0028326016,2.5256126
1861,38,16632,2376,6q4y_MAN_B_402,0,surfdock,0.64410815,0.2508533,2.5676677,0,0.091252207,2.461898
1862,38,5187,741,2rtn_IMI_D_300,0,surfdock,0.74515944,0.24643945,3.023701,0,0.99444179,3.2204497
1863,38,8730,1247,4iph_1FJ_A_201,1,unimol,0.66106355,0.24597685,2.6875021,0,0,17.99
1864,38,10010,1430,4udc_DEX_A_1778,0,surfdock,0.76006147,0.24568056,3.0936971,0,0.99319767,4.4621984
1865,38,2898,414,1w55_GPP_A_1374,0,surfdock,0.59711533,0.24318011,2.4554439,0,0,2.8638979
1866,38,350,50,1e26_GPB_A_208,0,surfdock,0.75187357,0.24263134,3.0988302,0,0.61697191,4.7087464
1867,38,5180,740,2rtn_IMI_B_300,0,surfdock,0.74969083,0.24246217,3.09199,0,0.9909278,3.2274384
1868,38,13573,1939,5u5g_7VD_A_302,0,surfdock,0.54518628,0.24239679,2.2491472,0,0.88365286,2.4553713
1869,38,546,78,1fwn_PEP_B_2268,0,surfdock,0.54489326,0.24226651,2.2491472,0,0.9953144,2.6197872
1870,38,924,132,1h69_ARH_C_1275,0,surfdock,0.54489326,0.24226651,2.2491472,0,0,3.4816126
1871,38,1372,196,1kbq_936_B_704,0,surfdock,0.54489326,0.24226651,2.2491472,0,0.99325856,3.9343684
1872,38,1379,197,1kbq_936_C_701,0,surfdock,0.54489326,0.24226651,2.2491472,0,0.99192282,3.9413596
1873,38,2373,339,1s5s_PG3_A_1,0,surfdock,0.54489326,0.24226651,2.2491472,0,0.97213715,2.5485703
1874,38,2842,406,1vzu_UDP_A_1371,0,surfdock,0.54489326,0.24226651,2.2491472,0,0,4.0457677
1875,38,2849,407,1vzu_UDP_B_2371,0,surfdock,0.54489326,0.24226651,2.2491472,0,0.97566077,3.923967
1876,38,3241,463,1zha_PEP_A_1268,0,surfdock,0.54489326,0.24226651,2.2491472,0,0.99620821,2.5460073
1877,38,3248,464,1zha_PEP_B_2268,0,surfdock,0.54489326,0.24226651,2.2491472,0,0,2.7339441
1878,38,3913,559,2ef9_PEP_A_1268,0,surfdock,0.54489326,0.24226651,2.2491472,0,0.99276944,2.5948998
1879,38,3920,560,2ef9_PEP_B_2268,0,surfdock,0.54489326,0.24226651,2.2491472,0,0,2.6209886
1880,38,4256,608,2gzm_DGL_A_501,0,surfdock,0.54489326,0.24226651,2.2491472,0,0.9912032,2.9393125
1881,38,4263,609,2gzm_DGL_B_502,0,surfdock,0.54489326,0.24226651,2.2491472,0,0,2.5897945
1882,39,5362,766,2vp5_DCZ_B_1210,0,surfdock,0.75736965,0.33682952,2.2485242,0,0.98266904,3.2209315
1883,39,5110,730,2r0g_7CK_A_1355,0,surfdock,0.75494715,0.33575215,2.2485242,0,0.99235832,4.1944352
1884,39,5355,765,2vp5_DCZ_A_1210,0,surfdock,0.75469663,0.33564073,2.2485242,0,0.99219234,3.2652953
1885,39,6685,955,3wat_BGC_A_403,0,surfdock,0.7529036,0.33484331,2.2485242,0,0.010465657,2.5502108
1886,39,6692,956,3wat_BGC_B_403,0,surfdock,0.75181985,0.33436133,2.2485242,0,0.012086556,2.5786586
1887,39,4698,671,2okk_ABU_A_585,1,unimol,0.74859242,0.32890376,2.2760217,0,0.14589691,19.71
1888,39,8232,1176,4ghf_4NC_A_402,0,surfdock,0.72106776,0.32068476,2.2485242,0,0,4.6651531
1889,39,7777,1111,4d0z_BBK_A_1581,0,surfdock,0.72104938,0.32067659,2.2485242,0,0.93187622,2.7812797
1890,39,8246,1178,4ghf_4NC_D_402,0,surfdock,0.71698325,0.31886824,2.2485242,0,0,2.5168662
1891,39,840,120,1h48_CDI_B_902,0,surfdock,0.74190565,0.30989118,2.3940835,0,0.90556716,3.0130402
1892,39,861,123,1h48_CDI_E_902,0,surfdock,0.74486816,0.30532944,2.4395547,0,0.96100581,2.9929156
1893,39,7442,1063,4c67_L5S_A_1170,1,unimol,0.66096082,0.29395305,2.2485242,0,0.98503551,21.7
1894,39,8443,1206,4hxk_1AJ_A_201,1,unimol,0.66096082,0.29395305,2.2485242,0,0.94145401,20.02
1895,39,9605,1372,4p8c_2J3_A_504,1,unimol,0.66096082,0.29395305,2.2485242,0,0,17.8
1896,39,13336,1905,5r28_RDJ_A_401,1,unimol,0.66096082,0.29395305,2.2485242,0,0.97562402,18.73
1897,39,581,83,1g72_PQQ_C_703,0,surfdock,0.63918844,0.28427009,2.2485242,0,7.0264733e-06,3.9703358
1898,39,5068,724,2qvr_FDP_A_333,0,surfdock,0.63918844,0.28427009,2.2485242,0,0.97305232,5.0605215
1899,39,6699,957,3wat_BMA_A_404,0,surfdock,0.63918844,0.28427009,2.2485242,0,0.99386302,2.6916418
1900,39,6706,958,3wat_BMA_B_404,0,surfdock,0.63918844,0.28427009,2.2485242,0,0.99042,2.7335768
1901,39,7784,1112,4d0z_BBK_B_1580,0,surfdock,0.63918844,0.28427009,2.2485242,0,0.95713481,2.6668645
1902,39,7791,1113,4d0z_BBK_E_1584,0,surfdock,0.63918844,0.28427009,2.2485242,0,0.92336522,2.8271555
1903,39,9884,1412,4s38_CDI_A_900,0,surfdock,0.63918844,0.28427009,2.2485242,0,0,2.2814844
1904,39,11403,1629,5dw3_TRP_A_402,0,surfdock,0.63918844,0.28427009,2.2485242,0,0,3.1564468
1905,39,11410,1630,5dw3_TRP_C_402,0,surfdock,0.63918844,0.28427009,2.2485242,0,0,3.3197525
1906,39,11417,1631,5dw3_TRP_D_402,0,surfdock,0.63918844,0.28427009,2.2485242,0,0,3.265084
1907,39,14833,2119,6bvl_EBY_B_2001,0,surfdock,0.63918844,0.28427009,2.2485242,0,0,4.3367803
1908,39,5103,729,2qxf_TMP_A_3000,0,surfdock,0.63904857,0.28420788,2.2485242,0,0.97848271,3.2517104
1909,39,666,95,1gkc_NFH_A_1448,1,unimol,0.89202608,0.28153272,3.1684623,0,0.97566059,23.24
1910,39,875,125,1h48_GPP_E_904,0,surfdock,0.65265497,0.28015536,2.329617,0,0,3.1058468
1911,39,854,122,1h48_CDI_D_201,0,surfdock,0.70784151,0.27962876,2.5313606,0,0,2.959965
1912,39,673,96,1gkc_NFH_B_1449,1,unimol,0.89202635,0.27673333,3.2234139,0,0.93849705,23.14
1913,39,868,124,1h48_GPP_C_904,0,surfdock,0.63918554,0.27486659,2.3254383,0,0.96648463,3.7375205
1914,39,10514,1502,4z69_DIF_A_1008,0,surfdock,0.63918844,0.27189203,2.3508897,0,0,3.4110982
1915,39,17676,2525,7a2h_QX2_A_401,1,unimol,0.66096082,0.27017909,2.4463794,0,0.9754679,13.97
1916,39,9261,1323,4mol_2FG_D_802,0,surfdock,0.73323237,0.25970979,2.8232749,0,0.0070901202,3.717067
1917,39,10507,1501,4z69_DIF_A_1006,0,surfdock,0.58018814,0.25803053,2.2485242,0,0,3.3421721
1918,39,6006,858,2zyv_NPO_X_1601,0,surfdock,0.69607721,0.25688206,2.7097142,0,0,3.0273176
1919,39,833,119,1h48_CDI_A_201,0,surfdock,0.63918844,0.25445039,2.5120347,0,0,3.1579558
1920,39,847,121,1h48_CDI_C_902,0,surfdock,0.63918844,0.25289472,2.5274873,0,0.89463906,3.0871488
1921,39,8177,1168,4fh7_TBP_A_202,1,unimol,0.66096082,0.25268583,2.6157405,0,0.020652629,14.67
1922,39,10983,1569,5av4_GEN_A_400,0,surfdock,0.70713348,0.2514838,2.8118441,0,1.1952507e-06,3.3302101
1923,39,9303,1329,4mr8_2BW_A_507,0,surfdock,0.72896395,0.2506671,2.9080949,0,0,3.0156429
1924,39,7322,1046,4bdr_KAI_B_900,0,surfdock,0.74129731,0.25045137,2.9598444,0,0.92350269,3.2464683
1925,39,15771,2253,6jx9_CQC_A_501,0,surfdock,0.74290957,0.24991984,2.9725904,0,0,4.0933421
1926,39,10521,1503,4z69_DIF_I_1006,0,surfdock,0.57342973,0.24864407,2.3062263,0,0.97985257,3.5106864
1927,39,12579,1797,5j5i_6GM_F_303,0,surfdock,0.54118822,0.24068587,2.2485242,0,0.95778132,4.5239596
1928,39,735,105,1h18_DTL_A_9009,0,surfdock,0.54068881,0.24046376,2.2485242,0,0.99448401,2.2306867
1929,39,742,106,1h18_DTL_B_9009,0,surfdock,0.54068881,0.24046376,2.2485242,0,0.99240068,2.281551
1930,39,1337,191,1k5s_GRO_B_601,0,surfdock,0.54068881,0.24046376,2.2485242,0,0,2.6523296
1931,39,1386,198,1kdo_C_A_5407,0,surfdock,0.54068881,0.24046376,2.2485242,0,0.96351685,3.7210304
1932,40,15589,2227,6hqr_3DM_A_502,0,surfdock,0.73525262,0.3267563,2.250155,0,0.99658488,2.7735888
1933,40,5376,768,2vsu_V55_D_1251,0,surfdock,0.750766,0.32262945,2.3270216,0,0.0038107567,2.7008038
1934,40,5369,767,2vss_V55_D_1250,0,surfdock,0.7457734,0.32073949,2.3251677,0,0.002850117,2.6354159
1935,40,17675,2525,7a2h_QX2_A_401,0,surfdock,0.74627636,0.30934611,2.4124308,0,0,2.436884
1936,40,147,21,1axg_ETF_B_404,0,surfdock,0.75228975,0.30470604,2.4689023,0,0.99135464,2.2104692
1937,40,6622,946,3vv5_SLZ_B_301,0,surfdock,0.68439767,0.30415567,2.250155,0,0,2.6195891
1938,40,12103,1729,5gwx_SAR_A_302,0,surfdock,0.69324073,0.30113385,2.3021007,0,0,2.1855173
1939,40,154,22,1axg_ETF_C_404,0,surfdock,0.73759317,0.29946228,2.4630578,0,0.99069673,2.1600829
1940,40,161,23,1axg_ETF_D_404,0,surfdock,0.74334986,0.29913129,2.4850278,0,0.41097855,2.1747948
1941,40,12930,1847,5lik_W8X_X_402,1,unimol,0.66016755,0.29338747,2.250155,0,0.91823304,22.41
1942,40,11081,1583,5c4i_TPP_F_402,0,surfdock,0.72247671,0.28504675,2.5345893,0,0.12796442,4.6679064
1943,40,2821,403,1vkf_CIT_D_503,0,surfdock,0.69837568,0.2834936,2.4634609,0,0.7903452,2.6891382
1944,40,3675,525,2c5b_5F1_A_500,0,surfdock,0.63522445,0.28230241,2.250155,0,0,3.3363655
1945,40,3682,526,2c5b_5F1_C_500,0,surfdock,0.63522445,0.28230241,2.250155,0,0,3.4608595
1946,40,6615,945,3vv5_SLZ_A_300,0,surfdock,0.63522445,0.28230241,2.250155,0,0.97458734,2.7903866
1947,40,9191,1313,4m54_AE5_A_403,0,surfdock,0.63522445,0.28230241,2.250155,0,5.927046e-05,3.234894
1948,40,12180,1740,5h9i_XAN_A_301,0,surfdock,0.63522445,0.28230241,2.250155,0,0,2.2949358
1949,40,6531,933,3vca_PRO_A_504,0,surfdock,0.63522204,0.28230134,2.250155,0,0.90096218,2.069561
1950,40,700,100,1gz5_G6P_A_901,0,surfdock,0.74848752,0.27467745,2.724968,0,0.70041485,3.2760552
1951,40,707,101,1gz5_G6P_B_901,0,surfdock,0.74412852,0.2730778,2.724968,0,0,3.1341666
1952,40,2814,402,1vkf_CIT_A_501,0,surfdock,0.67407427,0.27217496,2.4766202,0,0,2.8560114
1953,40,2087,298,1pfw_MF3_A_553,1,unimol,0.8920343,0.27188415,3.2809343,0,0.99201225,16.52
1954,40,714,102,1gz5_G6P_C_901,0,surfdock,0.73581252,0.2660721,2.7654619,0,0,3.2338916
1955,40,9296,1328,4mr7_2BV_A_501,0,surfdock,0.63522445,0.24339759,2.6098213,0,0,3.5534339
1956,40,12376,1768,5iav_MLI_B_302,0,surfdock,0.54269092,0.24117925,2.250155,0,0,2.1869781
1957,40,16142,2306,6mry_FLC_C_102,0,surfdock,0.53783076,0.23901933,2.250155,0,0.76872413,1.878073
1958,40,1708,244,1mmy_G6D_A_348,0,surfdock,0.53711868,0.23870287,2.250155,0,0.060535724,2.3685495
1959,40,1715,245,1mmy_G6D_B_348,0,surfdock,0.53711868,0.23870287,2.250155,0,0,2.3112388
1960,41,5510,787,2wzh_NGO_A_1589,1,unimol,0.89223436,0.3988088,2.2372475,0,0.98723503,21.32
1961,41,16821,2403,6r6i_H50_B_201,0,surfdock,0.74779426,0.33424731,2.2372475,0,0.76088164,2.2055924
1962,41,11172,1596,5ci9_549_A_402,0,surfdock,0.74412122,0.33260554,2.2372475,0,0.91531654,2.3774403
1963,41,11452,1636,5e4o_L57_A_201,0,surfdock,0.73692458,0.3293888,2.2372475,0,0.0010655202,2.9522823
1964,41,9338,1334,4n4j_HG1_A_605,0,surfdock,0.72259817,0.32298522,2.2372475,0,0.96596352,2.5352834
1965,41,1807,258,1njr_XYL_A_285,1,unimol,0.89223474,0.31367574,2.8444483,0,0.83104973,25
1966,41,9352,1336,4n4j_HG1_A_607,0,surfdock,0.69575449,0.30164947,2.306499,0,3.3184418e-08,2.708871
1967,41,6259,894,3t2e_F6R_A_3469,1,unimol,0.66075927,0.29534461,2.2372475,0,0.89464447,26.13
1968,41,6434,919,3uwb_BB2_A_154,1,unimol,0.66075927,0.29534461,2.2372475,0,0.93840398,22.21
1969,41,8800,1257,4j5h_1K4_A_303,1,unimol,0.66075927,0.29534461,2.2372475,0,0.94585595,25.69
1970,41,10179,1454,4wmz_TPF_A_602,1,unimol,0.66075927,0.29534461,2.2372475,0,0.98900676,20.44
1971,41,10599,1514,4zdz_TPF_A_602,1,unimol,0.66075927,0.29534461,2.2372475,0,0.99033853,18.71
1972,41,13819,1974,5vka_AKG_A_402,1,unimol,0.66075927,0.29534461,2.2372475,0,0,16.21
1973,41,2703,386,1u6r_IOM_B_1601,1,unimol,0.89223481,0.29480406,3.0265341,0,0.97355557,19.72
1974,41,13335,1905,5r28_RDJ_A_401,0,surfdock,0.7408926,0.28694598,2.5819924,0,0.9852464,3.0764899
1975,41,17521,2503,6xp1_T2C_A_401,0,surfdock,0.74701487,0.28556544,2.6159139,0,0.9852694,2.4550054
1976,41,3591,513,2bgc_DTU_A_1238,0,surfdock,0.62756885,0.28050924,2.2372475,0,0.58303984,2.3618462
1977,41,3584,512,2bgc_DTT_F_1238,0,surfdock,0.6268499,0.28018789,2.2372475,0,0.36626258,2.4071066
1978,41,7385,1055,4bvh_OCZ_B_1392,0,surfdock,0.6268499,0.28018789,2.2372475,0,0.9877122,3.4313842
1979,41,7392,1056,4bvh_OCZ_C_1394,0,surfdock,0.6268499,0.28018789,2.2372475,0,0.98447356,3.214962
1980,41,9779,1397,4r08_URI_D_901,0,surfdock,0.6268499,0.28018789,2.2372475,0,0,3.2569463
1981,41,17563,2509,6y4f_GLU_A_202,0,surfdock,0.6268499,0.28018789,2.2372475,0,0.95041491,2.3932388
1982,41,11165,1595,5ci9_549_A_401,0,surfdock,0.62684988,0.28018788,2.2372475,0,0,2.5298094
1983,41,959,137,1h8p_PC_A_1111,0,surfdock,0.69351608,0.27983698,2.4782851,0,0.071628614,2.3089451
1984,41,1554,222,1lo3_AN1_Y_500,0,surfdock,0.74071867,0.27499605,2.6935601,0,0.99192112,3.6125652
1985,41,2744,392,1uqx_MMA_A_1116,0,surfdock,0.70564949,0.27491579,2.5667832,0,0.90406872,2.4706624
1986,41,17325,2475,6uqd_QF4_A_501,0,surfdock,0.7001191,0.27464259,2.5491998,0,0,4.6175255
1987,41,17332,2476,6uqd_QF4_B_501,0,surfdock,0.70794126,0.27457948,2.5782735,0,0,4.6743035
1988,41,17318,2474,6ufd_Q6D_A_305,0,surfdock,0.7431416,0.26793675,2.7735701,0,0.99286006,3.8250929
1989,41,7098,1014,4a8p_PAO_C_1340,0,surfdock,0.73196066,0.26176706,2.7962282,0,0,3.2840949
1990,41,1624,232,1lzz_IHG_B_1830,0,surfdock,0.71343112,0.26088791,2.7346261,0,0.87990769,2.3465166
1991,41,5096,728,2qx9_ML2_A_234,0,surfdock,0.6268499,0.26049429,2.4063854,0,0,3.1831853
1992,41,8163,1166,4f8n_GAL_A_204,1,unimol,0.89223441,0.26030186,3.4276903,0,0.96241952,18.93
1993,41,3955,565,2exs_TRP_B_2100,0,surfdock,0.6268499,0.25958361,2.4148276,0,0,2.9568051
1994,41,5152,736,2rbx_3AY_X_2001,0,surfdock,0.57891615,0.25876257,2.2372475,0,0,2.3335885
1995,41,5089,727,2qx9_ML2_A_233,0,surfdock,0.6268499,0.25828869,2.4269342,0,0,2.9702857
1996,41,5265,752,2v32_BEZ_D_1221,1,unimol,0.89223449,0.2582548,3.4548602,0,0.9540522,21.42
1997,41,5258,751,2v32_BEZ_B_1220,1,unimol,0.8922343,0.25825475,3.4548602,0,0.96973012,22.2
1998,41,4369,624,2ij7_TPF_F_2474,1,unimol,0.89223489,0.25415658,3.5105708,0,0.12362351,27.72
1999,41,6560,937,3vnj_PSJ_D_301,1,unimol,0.89223491,0.25039642,3.5632885,0,0,23.97
2000,41,9674,1382,4q3a_2YC_B_904,0,surfdock,0.74846691,0.24781464,3.0202682,0,0,3.3306655
2001,41,9667,1381,4q3a_2YC_A_904,0,surfdock,0.74540051,0.24679936,3.0202682,0,0.86737563,3.3779044
2002,41,9927,1418,4trj_665_A_501,1,unimol,0.86865637,0.24255534,3.58127,0,0.97642702,18.98
2003,41,17746,2535,7cwd_GLC_A_901,1,unimol,0.66075927,0.242506,2.7247121,0,0.99043121,25.07
2004,41,6574,939,3vnm_SDD_D_301,1,unimol,0.74512536,0.24118936,3.0893781,0,0,18.19
2005,41,9322,1331,4n36_2F8_A_401,5,autodock,0.55911028,0.24041193,2.3256335,0,0.82459446,11.53951
2006,41,13013,1859,5m66_ADN_B_502,0,surfdock,0.70504806,0.23770469,2.9660661,0,0.99174247,3.4764264
2007,41,1253,179,1jho_RMB_A_990,0,surfdock,0.53002822,0.23691076,2.2372475,0,0.95681204,3.8814352
2008,41,1309,187,1jyw_147_A_2001,0,surfdock,0.53002822,0.23691076,2.2372475,0,0.98575778,3.5371734
2009,41,1316,188,1jyx_IPT_A_2001,0,surfdock,0.53002822,0.23691076,2.2372475,0,0,2.9842967
2010,42,6601,943,3vq5_MMJ_B_307,0,surfdock,0.75601759,0.33726034,2.241643,0,0.9934769,3.0018508
2011,42,6594,942,3vq5_MMJ_A_1007,0,surfdock,0.75181625,0.33538612,2.241643,0,0.99438716,2.9761187
2012,42,3773,539,2cxp_A5P_B_2601,0,surfdock,0.72449946,0.31818782,2.2769544,0,0.99442931,3.1411936
2013,42,16443,2349,6ooi_PGA_B_301,0,surfdock,0.73808527,0.31686238,2.329355,0,0.98859826,2.6196375
2014,42,10283,1469,4x36_CHT_A_411,0,surfdock,0.70840996,0.31602252,2.241643,0,0.87202325,2.0835108
2015,42,10290,1470,4x36_CHT_A_412,0,surfdock,0.6978649,0.31131836,2.241643,0,0,2.1112943
2016,42,9500,1357,4npm_SIN_A_301,1,unimol,0.66145345,0.29507517,2.241643,0,0.40064671,15.96
2017,42,2646,378,1tvw_UMP_A_317,0,surfdock,0.62576128,0.27915285,2.241643,0,0.99132926,3.471981
2018,42,2835,405,1vzd_UFP_A_317,0,surfdock,0.62576128,0.27915285,2.241643,0,0.98543516,3.3424588
2019,42,9877,1411,4rql_SNE_B_502,0,surfdock,0.62576128,0.27915285,2.241643,0,0.98532899,2.4517022
2020,42,5845,835,2z48_NGA_B_2006,0,surfdock,0.62557608,0.27907023,2.241643,0,0.13471393,2.7884494
2021,42,11998,1714,5g44_YTZ_A_1512,0,surfdock,0.75079421,0.26855593,2.7956707,0,0.00010079617,2.9993662
2022,42,3983,569,2f78_BEZ_A_1001,0,surfdock,0.75041015,0.2601862,2.8841264,0,0.99520585,2.2773014
2023,42,3997,571,2f78_BEZ_B_1002,0,surfdock,0.75556409,0.25891047,2.9182436,0,0.99407507,2.3236686
2024,42,8799,1257,4j5h_1K4_A_303,0,surfdock,0.72151022,0.25703251,2.8070767,0,0,3.7697567
2025,42,11060,1580,5bwr_4VT_A_402,0,surfdock,0.62576128,0.25586518,2.445667,0,0,3.2322174
2026,42,3990,570,2f78_BEZ_A_1003,0,surfdock,0.75347512,0.25469582,2.9583323,0,0.039227747,2.1632072
2027,42,1932,276,1o2i_655_A_246,0,surfdock,0.62576128,0.25437882,2.4599574,0,0.99334405,2.6354764
2028,42,12033,1719,5g6i_M85_A_904,0,surfdock,0.75479171,0.25316019,2.9814777,0,0.96293771,3.3779001
2029,42,8442,1206,4hxk_1AJ_A_201,0,surfdock,0.71852373,0.25032425,2.8703711,0,1.5991157e-05,2.8803488
2030,42,4004,572,2f78_BEZ_B_1005,0,surfdock,0.74923735,0.24691768,3.0343599,0,0.99813612,2.2740306
2031,42,10598,1514,4zdz_TPF_A_602,0,surfdock,0.75168941,0.24566329,3.0598352,0,3.7063607e-05,3.5360156
2032,42,14820,2117,6btn_E8M_A_304,1,unimol,0.66145345,0.24207806,2.7323964,0,0,26
2033,42,15386,2198,6fw0_E92_B_602,0,surfdock,0.7578482,0.24206977,3.1307006,0,0.98620506,3.7951735
2034,42,4522,646,2npq_BOG_A_2000,0,surfdock,0.72159837,0.23932586,3.0151281,0,0,3.0044944
2035,42,7329,1047,4bq5_GAL_C_1,0,surfdock,0.53458209,0.2384777,2.241643,0,0,3.550776
2036,42,2912,416,1w78_PD8_A_1421,0,surfdock,0.52975358,0.2363237,2.241643,0,0,5.7886982
2037,42,11137,1591,5cga_KP6_B_301,0,surfdock,0.74727005,0.23632256,3.1620758,0,0.99601473,2.5454739
2038,42,16660,2380,6qdb_HWQ_A_1002,0,surfdock,0.52938249,0.23615815,2.241643,0,0,3.7167432
2039,42,16667,2381,6qdb_HWQ_A_1003,0,surfdock,0.52938249,0.23615815,2.241643,0,0.98756333,3.6584325
2040,42,525,75,1fuq_CIT_A_1001,0,surfdock,0.52911178,0.23603739,2.241643,0,0.7328087,2.6607767
2041,42,973,139,1hdi_3PG_A_419,0,surfdock,0.52911178,0.23603739,2.241643,0,0.99369566,2.6846967
2042,42,1694,242,1mmx_FUC_A_348,0,surfdock,0.52911178,0.23603739,2.241643,0,0.12276465,2.4095924
2043,42,1701,243,1mmx_FUC_B_348,0,surfdock,0.52911178,0.23603739,2.241643,0,0.084803449,4.8287277
2044,42,2289,327,1r4f_AD3_B_330,0,surfdock,0.52911178,0.23603739,2.241643,0,0,3.5738717
2045,42,2709,387,1uay_ADN_A_1001,0,surfdock,0.52911178,0.23603739,2.241643,0,0.96927504,3.3053453
2046,42,2716,388,1uay_ADN_B_1002,0,surfdock,0.52911178,0.23603739,2.241643,0,0.99461596,3.2733912
2047,42,2730,390,1uk7_BUA_A_1300,0,surfdock,0.52911178,0.23603739,2.241643,0,0.99759868,2.2564102
2048,42,2947,421,1x09_IPE_A_902,0,surfdock,0.52911178,0.23603739,2.241643,0,0.90629933,2.9396694
2049,42,3108,444,1y8j_STS_A_900,0,surfdock,0.52911178,0.23603739,2.241643,0,0.87107372,3.3909367
2050,42,3269,467,1zk0_SS2_A_1260,0,surfdock,0.52911178,0.23603739,2.241643,0,0.78316205,2.141506
2051,42,3836,548,2e40_LGC_A_1001,0,surfdock,0.52911178,0.23603739,2.241643,0,0.9583643,2.8841988
2052,42,3843,549,2e40_LGC_B_2001,0,surfdock,0.52911178,0.23603739,2.241643,0,0,2.7662462
2053,42,4459,637,2j9e_AKG_C_1119,0,surfdock,0.52911178,0.23603739,2.241643,0,0.66424052,2.3429452
2054,42,4473,639,2jhp_GUN_A_1647,0,surfdock,0.52911178,0.23603739,2.241643,0,0.003464884,2.3631165
2055,42,4480,640,2jhp_GUN_A_1648,0,surfdock,0.52911178,0.23603739,2.241643,0,0.0013521698,2.274442
2056,42,4501,643,2jig_PD2_A_1254,0,surfdock,0.52911178,0.23603739,2.241643,0,0,2.7679589
2057,42,4599,657,2nu7_COA_E_1325,0,surfdock,0.52911178,0.23603739,2.241643,0,0.17455798,2.4740069
2058,42,4620,660,2o1o_RIS_A_400,0,surfdock,0.52911178,0.23603739,2.241643,0,0,3.2806648
2059,42,4627,661,2o1o_RIS_B_400,0,surfdock,0.52911178,0.23603739,2.241643,0,0.92457638,3.2041633
2060,43,329,47,1dpm_EBP_B_903,0,surfdock,0.74780166,0.33425061,2.2372475,0,0,2.7031244
2061,43,322,46,1dpm_EBP_A_901,0,surfdock,0.74699682,0.33389087,2.2372475,0,0.00036292408,2.8164722
2062,43,17745,2535,7cwd_GLC_A_901,0,surfdock,0.75551159,0.32846169,2.3001504,0,0,2.4647971
2063,43,9618,1374,4pb4_PLP_A_401,0,surfdock,0.72745242,0.32515496,2.2372475,0,0,4.2101326
2064,43,10451,1493,4ysx_MLI_E_701,0,surfdock,0.71857318,0.32118614,2.2372475,0,0.98895814,2.1752841
2065,43,5747,821,2yp6_C6W_B_1186,0,surfdock,0.71474567,0.31947533,2.2372475,0,1.2670129e-07,3.0936335
2066,43,12929,1847,5lik_W8X_X_402,0,surfdock,0.7059133,0.31552746,2.2372475,0,0.98541046,3.9179927
2067,43,3171,453,1zdq_MSM_A_1507,0,surfdock,0.75676458,0.31230955,2.4231224,0,0.93784982,2.0186503
2068,43,3178,454,1zdq_MSM_B_1508,0,surfdock,0.75385409,0.31110842,2.4231224,0,0.95106816,1.9850852
2069,43,6258,894,3t2e_F6R_A_3469,0,surfdock,0.68970855,0.3082843,2.2372475,0,0,3.0554683
2070,43,694,99,1gxu_2HP_A_1092,1,unimol,0.66069727,0.2953169,2.2372475,0,0.62895653,13.95
2071,43,3655,522,2c3d_COM_A_1525,1,unimol,0.66069727,0.2953169,2.2372475,0,0.96119892,20.66
2072,43,3662,523,2c3d_COM_A_1526,1,unimol,0.66069727,0.2953169,2.2372475,0,0.97824818,16.48
2073,43,3669,524,2c3d_COM_B_1525,1,unimol,0.66069727,0.2953169,2.2372475,0,0.94499902,20.42
2074,43,10872,1553,5a8k_COM_A_556,1,unimol,0.66069727,0.2953169,2.2372475,0,0,25.36
2075,43,10879,1554,5a8k_COM_D_555,1,unimol,0.66069727,0.2953169,2.2372475,0,0,27.31
2076,43,9625,1375,4pb4_PLP_B_401,0,surfdock,0.63292373,0.28290275,2.2372475,0,0,4.3373632
2077,43,5740,820,2ynf_WHU_A_1563,0,surfdock,0.62661217,0.28008162,2.2372475,0,0,4.4764038
2078,43,9429,1347,4ni1_2JX_A_203,0,surfdock,0.62661217,0.28008162,2.2372475,0,2.3874317e-06,2.8269122
2079,43,9436,1348,4ni1_2JX_A_204,0,surfdock,0.62661217,0.28008162,2.2372475,0,0,2.6870492
2080,43,9604,1372,4p8c_2J3_A_504,0,surfdock,0.62661217,0.28008162,2.2372475,0,0.68942883,2.8718905
2081,43,12306,1758,5i0d_GLC_B_1122,0,surfdock,0.75624904,0.27051547,2.7955842,0,0.98080117,2.3525553
2082,43,16933,2419,6rlt_MLI_B_511,0,surfdock,0.58148601,0.25991124,2.2372475,0,0.96251104,2.0659524
2083,43,12299,1757,5i0d_GLC_A_1124,0,surfdock,0.75448079,0.25525971,2.9557369,0,0.90418987,2.396163
2084,43,11144,1592,5cga_KP6_C_301,0,surfdock,0.7498138,0.24714727,3.0338736,0,0.99698746,2.6594242
2085,43,16926,2418,6rlt_MLI_A_508,0,surfdock,0.55166064,0.24657997,2.2372475,0,0.99526779,2.0491514
2086,43,11151,1593,5cga_KP6_E_301,0,surfdock,0.73878139,0.24351086,3.0338736,0,0.99686063,4.782112
2087,43,13790,1970,5urz_BOG_B_201,0,surfdock,0.53026913,0.23701844,2.2372475,0,0.69756857,3.2140905
2088,43,15442,2206,6gpn_OGA_B_402,0,surfdock,0.53026892,0.23701835,2.2372475,0,0.99673849,2.698228
2089,43,693,99,1gxu_2HP_A_1092,0,surfdock,0.52971323,0.23676996,2.2372475,0,0.98786244,1.7524364
2090,43,3654,522,2c3d_COM_A_1525,0,surfdock,0.52971323,0.23676996,2.2372475,0,0.99153815,2.3981563
2091,43,3661,523,2c3d_COM_A_1526,0,surfdock,0.52971323,0.23676996,2.2372475,0,0.97782818,2.4483888
2092,43,3668,524,2c3d_COM_B_1525,0,surfdock,0.52971323,0.23676996,2.2372475,0,0.97631434,2.3856056
2093,43,4025,575,2fcu_AKG_A_897,0,surfdock,0.52971323,0.23676996,2.2372475,0,0.9939544,2.7548233
2094,43,4032,576,2fcu_AKG_B_898,0,surfdock,0.52971323,0.23676996,2.2372475,0,0.9951317,2.7441418
2095,43,4186,598,2g9z_VNP_A_602,0,surfdock,0.52971323,0.23676996,2.2372475,0,0,4.2046523
2096,43,4193,599,2g9z_VNP_B_601,0,surfdock,0.52971323,0.23676996,2.2372475,0,0,4.1621263
2097,43,4326,618,2i1v_FDP_B_710,0,surfdock,0.52971323,0.23676996,2.2372475,0,0,3.6652548
2098,43,4725,675,2p1e_LAC_A_303,0,surfdock,0.52971323,0.23676996,2.2372475,0,0,1.9634558
2099,43,4858,694,2q6m_P34_A_1002,0,surfdock,0.52971323,0.23676996,2.2372475,0,0.95753292,3.337698
2100,43,4998,714,2qhv_OC9_A_1001,0,surfdock,0.52971323,0.23676996,2.2372475,0,0.9896149,2.8676035
2101,43,5131,733,2r4t_250_A_503,0,surfdock,0.52971323,0.23676996,2.2372475,0,1.2679296e-07,3.2222263
2102,43,5194,742,2tmk_ATM_A_217,0,surfdock,0.52971323,0.23676996,2.2372475,0,0.9804427,3.9454085
2103,43,5201,743,2tmk_ATM_B_217,0,surfdock,0.52971323,0.23676996,2.2372475,0,0.99067127,3.9458169
2104,43,5698,814,2y4j_LAC_B_400,0,surfdock,0.52971323,0.23676996,2.2372475,0,0.9640357,2.190249
2105,43,6181,883,3ryd_SRT_A_267,0,surfdock,0.52971323,0.23676996,2.2372475,0,0.977592,2.3872554
2106,43,6188,884,3ryd_SRT_A_271,0,surfdock,0.52971323,0.23676996,2.2372475,0,0,2.3552885
2107,43,6251,893,3sru_Q26_X_169,0,surfdock,0.52971323,0.23676996,2.2372475,0,0,4.4777316
2108,43,6286,898,3te7_TE7_A_1,0,surfdock,0.52971323,0.23676996,2.2372475,0,0.97875617,5.9432168
2109,43,6293,899,3te7_TE7_B_1,0,surfdock,0.52971323,0.23676996,2.2372475,0,0,3.6430426
2110,44,8372,1196,4hez_1MZ_A_306,0,surfdock,0.76289239,0.34223073,2.2291746,0,0.19139974,1.8470742
2111,44,13986,1998,5w8q_BU4_B_400,0,surfdock,0.76244308,0.34202918,2.2291746,0,0.025831113,2.2968119
2112,44,12488,1784,5irw_D9P_B_202,0,surfdock,0.75627859,0.33926381,2.2291746,0,0.92073588,3.5065143
2113,44,8358,1194,4hez_1MZ_A_302,0,surfdock,0.75593354,0.33910902,2.2291746,0,0,1.8859067
2114,44,5894,842,2zi2_24U_H_801,0,surfdock,0.75207456,0.3373779,2.2291746,0,0.94760229,3.8489437
2115,44,518,74,1fsa_F6P_B_338,0,surfdock,0.74673474,0.33498247,2.2291746,0,0.96123392,3.3005421
2116,44,13979,1997,5w8q_BU4_A_400,0,surfdock,0.74641871,0.3348407,2.2291746,0,0.99492649,2.2160697
2117,44,1463,209,1kuj_MMA_G_504,0,surfdock,0.74199129,0.33285458,2.2291746,0,0,2.7042118
2118,44,5208,744,2uuj_896_B_1250,0,surfdock,0.75642581,0.33141527,2.2824099,0,0,4.190677
2119,44,1456,208,1kuj_MMA_C_502,0,surfdock,0.73060904,0.32774854,2.2291746,0,0.99014569,2.7220013
2120,44,1449,207,1kuj_MMA_A_501,0,surfdock,0.73059773,0.32774347,2.2291746,0,0.97735509,4.4967705
2121,44,511,73,1fsa_F6P_A_338,0,surfdock,0.70358747,0.31562677,2.2291746,0,0.98133986,3.1487366
2122,44,2590,370,1toq_AMG_A_501,0,surfdock,0.73720912,0.31039169,2.375092,0,0.99549451,2.4576737
2123,44,2604,372,1toq_AMG_G_504,0,surfdock,0.72819172,0.30659504,2.375092,0,0.9657646,2.5033382
2124,44,5006,715,2qim_ZEA_A_159,1,unimol,0.66092729,0.29648956,2.2291746,0,0.97675144,14.74
2125,44,5013,716,2qim_ZEA_A_160,1,unimol,0.66092729,0.29648956,2.2291746,0,0.99004032,22.36
2126,44,5020,717,2qim_ZEA_A_161,1,unimol,0.66092729,0.29648956,2.2291746,0,0.47978796,17.78
2127,44,5027,718,2qim_ZEA_A_162,1,unimol,0.66092729,0.29648956,2.2291746,0,0,23.7
2128,44,11474,1639,5e9m_BAE_A_2001,1,unimol,0.66092729,0.29648956,2.2291746,0,0.98347443,19.43
2129,44,11649,1664,5ewc_5SJ_A_801,1,unimol,0.66092729,0.29648956,2.2291746,0,0,15.9
2130,44,805,115,1h48_C5P_C_901,0,surfdock,0.74626877,0.29523646,2.5276976,0,0.97232855,3.4743913
2131,44,13006,1858,5m66_ADN_A_502,0,surfdock,0.65235441,0.2926438,2.2291746,0,0.98782215,3.4935027
2132,44,13020,1860,5m66_ADN_D_502,0,surfdock,0.63496545,0.28484318,2.2291746,0,0.98273753,3.5209557
2133,44,84,12,1aiq_UMP_A_265,0,surfdock,0.63393743,0.28438201,2.2291746,0,0.97899523,3.5748086
2134,44,812,116,1h48_C5P_D_204,0,surfdock,0.71688663,0.2836124,2.5276976,0,0.98369946,3.4316925
2135,44,3563,509,2bf7_HBI_B_1290,0,surfdock,0.62869833,0.28203177,2.2291746,0,0,2.9395951
2136,44,2058,294,1p7l_MET_A_485,0,surfdock,0.62841796,0.281906,2.2291746,0,0.98409624,2.678224
2137,44,2065,295,1p7l_MET_B_385,0,surfdock,0.62841796,0.281906,2.2291746,0,0.97969341,2.526783
2138,45,981,140,1hkn_N2M_C_4138,1,unimol,0.89203723,0.40041821,2.2277629,0,0.98289347,17.54
2139,45,988,141,1hkn_N2M_D_5139,1,unimol,0.89203693,0.40041808,2.2277629,0,0.25884882,22.77
2140,45,8841,1263,4jh6_FCN_A_202,0,surfdock,0.7199391,0.3231667,2.2277629,0,0.99536604,4.3389776
2141,45,2297,328,1r4s_MUA_A_800,1,unimol,0.72639704,0.31185043,2.3293114,0,0.97175427,19.24
2142,45,13832,1976,5vl0_BNF_B_404,0,surfdock,0.75809286,0.30792242,2.4619596,0,0.9898405,2.6030538
2143,45,14,2,1a49_OXL_D_2333,0,surfdock,0.74749912,0.30442582,2.4554384,0,0.99569192,2.031792
2144,45,14483,2069,5ykt_PMP_B_501,0,surfdock,0.76733852,0.30027197,2.5554774,0,0.99295307,3.457541
2145,45,14476,2068,5ykt_PMP_A_501,0,surfdock,0.7642028,0.29904491,2.5554774,0,0.99034576,3.2516487
2146,45,13825,1975,5vl0_BNF_A_404,0,surfdock,0.75872531,0.29382091,2.5822704,0,0,2.5549648
2147,45,13839,1977,5vl0_BNF_C_404,0,surfdock,0.76098564,0.28738216,2.6479909,0,0.99308429,2.6353773
2148,45,16793,2399,6r5o_BGC_A_801,0,surfdock,0.63638963,0.28566296,2.2277629,0,0,2.5207564
2149,45,8848,1264,4jh6_FCN_B_202,0,surfdock,0.63322509,0.28424246,2.2277629,0,0,2.8943924
2150,45,11879,1697,5fqf_NGA_B_1585,0,surfdock,0.75181329,0.2828681,2.6578219,0,0.9868576,2.8796433
2151,45,11886,1698,5fqf_NGA_B_1586,0,surfdock,0.75661623,0.28196191,2.6833978,0,0.11588472,2.7350391
2152,45,21,3,1a49_OXL_F_4133,0,surfdock,0.680896,0.2805863,2.4266891,0,0.9892019,2.2614053
2153,45,16429,2347,6oha_XAN_A_501,0,surfdock,0.61221996,0.27481366,2.2277629,0,0.0021679904,2.247587
2154,45,15561,2223,6hnz_GH5_A_301,0,surfdock,0.75907921,0.27308687,2.7796245,0,0.97526871,4.2329427
2155,45,1001,143,1hot_16G_B_271,0,surfdock,0.74888999,0.25012677,2.9940407,0,0.27312227,2.4670409
2156,45,4425,632,2j1s_FUL_A_1153,1,unimol,0.73678033,0.24881713,2.9611309,0,0.95944846,18.52
2157,45,497,71,1fs5_16G_A_1267,0,surfdock,0.75313707,0.24695285,3.0497191,0,0.22979798,2.7611592
2158,45,4753,679,2pir_NK_A_933,0,surfdock,0.54961927,0.24671343,2.2277629,0,0.021549995,2.2585213
2159,45,938,134,1h7q_TYD_A_1258,0,surfdock,0.53556511,0.24040479,2.2277629,0,0.55942237,3.8327271
2160,45,1029,147,1i8a_BGC_A_189,0,surfdock,0.53556511,0.24040479,2.2277629,0,0.068665263,2.5477066
2161,45,1827,261,1nmm_NAG_D_527,0,surfdock,0.53556511,0.24040479,2.2277629,0,0.97095362,3.1130686
2162,45,2660,380,1u1g_BBB_B_4300,0,surfdock,0.53556511,0.24040479,2.2277629,0,0,4.4001362
2163,45,2667,381,1u1g_BBB_C_5300,0,surfdock,0.53556511,0.24040479,2.2277629,0,0,4.4417145
2164,45,2674,382,1u1g_BBB_D_6300,0,surfdock,0.53556511,0.24040479,2.2277629,0,0,4.5223036
2165,45,2681,383,1u1g_BBB_F_8300,0,surfdock,0.53556511,0.24040479,2.2277629,0,0,4.5532124
2166,45,2891,413,1w55_C_A_1373,0,surfdock,0.53556511,0.24040479,2.2277629,0,0.9813245,3.347471
2167,45,5593,799,2xoz_AMP_B_1664,0,surfdock,0.53556511,0.24040479,2.2277629,0,0.09174073,1.9653649
2168,45,6265,895,3t3q_9PL_A_501,0,surfdock,0.53556511,0.24040479,2.2277629,0,0.76479508,3.0337195
2169,45,6272,896,3t3q_9PL_B_501,0,surfdock,0.53556511,0.24040479,2.2277629,0,0.00011128351,3.1155567
2170,45,6279,897,3t3q_9PL_D_501,0,surfdock,0.53556511,0.24040479,2.2277629,0,6.7448191e-05,3.1239824
2171,45,7028,1004,3zyx_MBT_A_601,0,surfdock,0.53556511,0.24040479,2.2277629,0,0.99571843,5.0978006
2172,45,7301,1043,4bbx_LKF_A_1760,0,surfdock,0.53556511,0.24040479,2.2277629,0,0.97978534,4.0638881
2173,45,7308,1044,4bbx_LKF_B_1760,0,surfdock,0.53556511,0.24040479,2.2277629,0,0.89580478,4.0970645
2174,45,7399,1057,4bz6_SHH_A_700,0,surfdock,0.53556511,0.24040479,2.2277629,0,0.95973613,3.2416638
2175,45,7406,1058,4bz6_SHH_C_700,0,surfdock,0.53556511,0.24040479,2.2277629,0,0.93851565,3.245294
2176,45,7413,1059,4bz6_SHH_D_700,0,surfdock,0.53556511,0.24040479,2.2277629,0,0.98935604,3.1955538
2177,45,7595,1085,4clo_XP0_D_1270,0,surfdock,0.53556511,0.24040479,2.2277629,0,0.9637722,3.1089305
2178,45,7651,1093,4cmk_FQW_A_1270,0,surfdock,0.53556511,0.24040479,2.2277629,0,0.9571559,3.826882
2179,45,7658,1094,4cmk_FQW_B_1270,0,surfdock,0.53556511,0.24040479,2.2277629,0,0,4.0624783
2180,45,7665,1095,4cmk_FQW_C_1270,0,surfdock,0.53556511,0.24040479,2.2277629,0,0.95793718,3.8316107
2181,45,7672,1096,4cmk_FQW_D_1270,0,surfdock,0.53556511,0.24040479,2.2277629,0,0.99061305,3.7015613
2182,45,8337,1191,4hey_4MZ_A_303,0,surfdock,0.53556511,0.24040479,2.2277629,0,0.8082825,2.1426542
2183,45,8344,1192,4hey_4MZ_A_307,0,surfdock,0.53556511,0.24040479,2.2277629,0,0.071537657,1.8959037
2184,45,8617,1231,4i6w_1CO_B_1001,0,surfdock,0.53556511,0.24040479,2.2277629,0,0.98595935,2.5322443
2185,45,9114,1302,4lo1_GAL_A_301,0,surfdock,0.53556511,0.24040479,2.2277629,0,0.97194241,2.4374802
2186,45,9121,1303,4lo1_GAL_B_301,0,surfdock,0.53556511,0.24040479,2.2277629,0,0,2.3114595
2187,45,9387,1341,4n9v_AZA_A_401,0,surfdock,0.53556511,0.24040479,2.2277629,0,0.017437472,2.16655
2188,46,10108,1444,4uzi_IMD_B_1456,0,surfdock,0.76803209,0.34598949,2.2198124,0,0.8941696,3.9603235
2189,46,10178,1454,4wmz_TPF_A_602,0,surfdock,0.76522259,0.34472385,2.2198124,0,0,3.7242461
2190,46,11473,1639,5e9m_BAE_A_2001,0,surfdock,0.7613216,0.34296649,2.2198124,0,0.99808118,2.1963646
2191,46,7490,1070,4cjs_L0Y_A_1217,0,surfdock,0.76110152,0.34286735,2.2198124,0,0,4.4605303
2192,46,6951,993,3zcm_PX3_A_1214,0,surfdock,0.75564824,0.34041071,2.2198124,0,0,4.6804358
2193,46,7497,1071,4cjs_L0Y_B_1217,0,surfdock,0.74955128,0.3376641,2.2198124,0,0.98314179,4.4628124
2194,46,28,4,1a59_CIT_A_379,0,surfdock,0.72865498,0.32825056,2.2198124,0,0,2.9010887
2195,46,7007,1001,3zwe_FUC_C_110,0,surfdock,0.75781032,0.31999106,2.3682225,0,0.99039133,2.1546953
2196,46,7042,1006,3zzv_FUC_B_401,0,surfdock,0.75435417,0.31853167,2.3682225,0,0,2.2377172
2197,46,7000,1000,3zwe_FUC_B_110,0,surfdock,0.75428218,0.31850127,2.3682225,0,0.94357148,2.2897966
2198,46,17374,2482,6v8n_QS1_A_1704,0,surfdock,0.76721978,0.31776082,2.4144559,0,0,4.8363203
2199,46,596,85,1g79_PLP_A_270,1,unimol,0.73734243,0.3164163,2.3302913,0,0.002583767,17.38
2200,46,6896,985,3wwc_BUA_A_402,1,unimol,0.66210811,0.29827197,2.2198124,0,0,15.67
2201,46,6903,986,3wwc_BUA_A_403,1,unimol,0.66210811,0.29827197,2.2198124,0,0.98285024,14.45
2202,46,9731,1390,4qck_ASD_A_404,1,unimol,0.66210811,0.29827197,2.2198124,0,0,20.43
2203,46,12055,1722,5goo_FRU_A_501,1,unimol,0.66210811,0.29827197,2.2198124,0,0.97909459,24.71
2204,46,12062,1723,5goo_FRU_B_501,1,unimol,0.66210811,0.29827197,2.2198124,0,0,18.95
2205,46,12069,1724,5goo_FRU_C_501,1,unimol,0.66210811,0.29827197,2.2198124,0,0,19.04
2206,46,13686,1955,5uio_8DM_C_202,1,unimol,0.66210811,0.29827197,2.2198124,0,0.9648822,19.19
2207,46,13700,1957,5uio_8DM_E_202,1,unimol,0.66210811,0.29827197,2.2198124,0,0.97354823,21.23
2208,46,13959,1994,5w5t_9X7_A_506,1,unimol,0.66210811,0.29827197,2.2198124,0,0,31.15
2209,46,13966,1995,5w5t_9X7_D_508,1,unimol,0.66210811,0.29827197,2.2198124,0,0,30.98
2210,46,16598,2371,6q4k_HHW_A_301,1,unimol,0.66210811,0.29827197,2.2198124,0,0.9802355,19.6
2211,46,16605,2372,6q4k_HHW_A_302,1,unimol,0.66210811,0.29827197,2.2198124,0,0.97261115,17.04
2212,46,17529,2504,6xu3_GAB_B_402,1,unimol,0.66210811,0.29827197,2.2198124,0,0.99025138,26.88
2213,46,17550,2507,6xu3_PLP_D_401,1,unimol,0.66210811,0.29827197,2.2198124,0,0.98993726,21.95
2214,46,17060,2437,6sxr_KHP_A_507,1,unimol,0.89219301,0.29205299,3.0549002,0,0.93065747,26.09
2215,46,14896,2128,6cdy_EY1_B_501,0,surfdock,0.63515443,0.28612966,2.2198124,0,0,4.3587562
2216,46,4046,578,2fhk_MFN_B_602,0,surfdock,0.63471921,0.28593359,2.2198124,0,0,4.7510751
2217,46,3094,442,1y5x_E89_A_500,0,surfdock,0.63426116,0.28572725,2.2198124,0,0,4.2749783
2218,46,3101,443,1y5x_E89_D_1500,0,surfdock,0.63426116,0.28572725,2.2198124,0,0,4.2996906
2219,46,3738,534,2caq_GSH_A_1208,0,surfdock,0.63426116,0.28572725,2.2198124,0,0,5.1891011
2220,46,4445,635,2j5b_TYE_A_1336,0,surfdock,0.63426116,0.28572725,2.2198124,0,0,2.6827412
2221,46,6846,978,3wug_XYP_B_2,0,surfdock,0.63426116,0.28572725,2.2198124,0,0,2.0131156
2222,46,6853,979,3wug_XYP_C_2,0,surfdock,0.63426116,0.28572725,2.2198124,0,0.24022558,2.1871986
2223,46,6958,994,3zcm_PX3_B_1216,0,surfdock,0.63426116,0.28572725,2.2198124,0,0,4.7254709
2224,46,9681,1383,4q3a_2YC_C_904,0,surfdock,0.63426116,0.28572725,2.2198124,0,0.92837893,3.5834887
2225,46,14889,2127,6cdy_EY1_A_501,0,surfdock,0.63426116,0.28572725,2.2198124,0,0,4.2646179
2226,46,8225,1175,4gcq_0JM_B_401,0,surfdock,0.75221127,0.27857401,2.7002196,0,0.00023758942,3.5591604
2227,46,17543,2506,6xu3_PLG_C_401,1,unimol,0.66210811,0.27441493,2.4127982,0,0.93084,19.64
2228,46,10087,1441,4uy7_HIS_A_800,0,surfdock,0.63426116,0.27226335,2.329586,0,0,2.5256453
2229,46,10094,1442,4uy7_HIS_B_800,0,surfdock,0.63426116,0.27210437,2.3309472,0,0,2.4339585
2230,46,17536,2505,6xu3_PLG_B_401,1,unimol,0.66210811,0.26508062,2.4977603,0,0.97019812,20.94
2231,46,8218,1174,4gcq_0JM_A_401,0,surfdock,0.7142137,0.26450198,2.7002196,0,0,5.0412717
2232,46,4718,674,2oxp_THP_A_300,0,surfdock,0.63426116,0.26396659,2.4028075,0,0.96268291,3.7942803
2233,46,5572,796,2xhk_AKG_A_519,0,surfdock,0.67262801,0.25675782,2.6196973,0,0.92365457,2.4277778
2234,46,6433,919,3uwb_BB2_A_154,0,surfdock,0.72954123,0.25460324,2.8654034,0,0.98515746,4.0746032
2235,46,16577,2368,6ps7_ZMA_A_1201,1,unimol,0.66210811,0.25364061,2.6104174,0,0.96276576,22.82
2236,46,8729,1247,4iph_1FJ_A_201,0,surfdock,0.63426116,0.24945755,2.5425606,0,0.98293708,3.4917041
2237,46,5594,799,2xoz_AMP_B_1664,1,unimol,0.72396742,0.24557122,2.9480946,0,0,16.81
2238,47,13153,1879,5nov_93B_A_201,0,surfdock,0.76463508,0.34521542,2.2149496,0,0.99570964,2.0028032
2239,47,2408,344,1sff_IK2_C_450,0,surfdock,0.75338307,0.34013539,2.2149496,0,0.98606622,4.0639715
2240,47,2401,343,1sff_IK2_B_450,0,surfdock,0.74826169,0.3378232,2.2149496,0,0,4.1537638
2241,47,17605,2515,6zac_QDE_A_4000,0,surfdock,0.73289346,0.33088479,2.2149496,0,0,4.1168236
2242,47,7518,1074,4cjw_CBJ_A_1216,0,surfdock,0.62755002,0.28332462,2.2149496,0,4.6666931e-07,3.7011379
2243,47,9345,1335,4n4j_HG1_A_606,0,surfdock,0.62755002,0.28332462,2.2149496,0,0.5819457,3.3646501
2244,47,14287,2041,5y7a_KYN_A_502,0,surfdock,0.62755002,0.28332462,2.2149496,0,0.9182321,3.1640811
2245,47,12082,1726,5gto_MYR_A_502,0,surfdock,0.7093075,0.27301961,2.5980084,0,0,3.2528566
2246,47,2121,303,1pl6_572_A_405,0,surfdock,0.73675335,0.26556318,2.7743044,0,0.66601137,3.1068296
2247,47,2135,305,1pl6_572_C_409,0,surfdock,0.74071367,0.26323847,2.8138494,0,0,3.0083108
2248,47,2128,304,1pl6_572_B_407,0,surfdock,0.73068666,0.26185492,2.7904246,0,0.62174352,3.0897433
2249,47,560,80,1g4s_TPS_B_2002,0,surfdock,0.75747216,0.24804907,3.0537181,0,0,3.9905137
2250,47,553,79,1g4s_TPS_A_2001,0,surfdock,0.75804503,0.24792682,3.0575345,0,0.98867079,4.0188
2251,47,6874,982,3wur_O4B_B_201,0,surfdock,0.62752805,0.24620265,2.5488265,0,0.83349925,2.8370223
2252,47,721,103,1gz5_UDP_D_900,0,surfdock,0.74603543,0.24551515,3.0386524,0,0,4.3763847
2253,47,7532,1076,4cjw_CBJ_B_1218,0,surfdock,0.53429986,0.24122428,2.2149496,0,3.6857397e-07,4.4270859
2254,47,189,27,1c9c_PP3_A_413,0,surfdock,0.62755002,0.24066773,2.6075361,0,0,4.2114545
2255,47,1036,148,1ia1_TQ3_A_194,0,surfdock,0.53130413,0.23987178,2.2149496,0,0.99704587,3.3102819
2256,47,10780,1540,4zvz_4TF_D_503,0,surfdock,0.53130413,0.23987178,2.2149496,0,0.7568858,3.3443443
2257,47,2485,355,1t93_FLV_A_432,0,surfdock,0.53130228,0.23987094,2.2149496,0,0.99533845,2.8296121
2258,47,2926,418,1wmz_NGA_C_503,0,surfdock,0.53068467,0.23959211,2.2149496,0,0,2.7714369
2259,47,3143,449,1z4k_T3P_A_4341,0,surfdock,0.53068467,0.23959211,2.2149496,0,0.99006705,3.6414356
2260,47,3164,452,1zb6_GST_A_502,0,surfdock,0.53068467,0.23959211,2.2149496,0,0,3.6994587
2261,47,3850,550,2e56_MYR_A_501,0,surfdock,0.53068467,0.23959211,2.2149496,0,0.65949861,3.0656147
2262,47,3857,551,2e56_MYR_A_601,0,surfdock,0.53068467,0.23959211,2.2149496,0,0,2.9574193
2263,47,3864,552,2e56_MYR_A_701,0,surfdock,0.53068467,0.23959211,2.2149496,0,0.9766597,3.1923859
2264,47,4389,627,2ixi_TYD_A_1182,0,surfdock,0.53068467,0.23959211,2.2149496,0,0,3.4345686
2265,47,4396,628,2ixi_TYD_B_1182,0,surfdock,0.53068467,0.23959211,2.2149496,0,0.97950715,3.6727482
2266,47,5061,723,2qui_LTN_B_478,0,surfdock,0.53068467,0.23959211,2.2149496,0,0,3.0400293
2267,47,5397,771,2w0b_CMW_A_1450,0,surfdock,0.53068467,0.23959211,2.2149496,0,5.77721e-06,5.762002
2268,47,5481,783,2wj4_HQD_A_1281,0,surfdock,0.53068467,0.23959211,2.2149496,0,0,2.157455
2269,47,5530,790,2x05_X05_A_1900,0,surfdock,0.53068467,0.23959211,2.2149496,0,0.98629595,2.6149212
2270,47,5537,791,2x05_X05_B_1900,0,surfdock,0.53068467,0.23959211,2.2149496,0,0,2.5883987
2271,47,5558,794,2xh0_PEP_A_1440,0,surfdock,0.53068467,0.23959211,2.2149496,0,0,2.5388446
2272,47,6090,870,3qwi_CUE_B_272,0,surfdock,0.53068467,0.23959211,2.2149496,0,0.99810223,3.0944767
2273,47,6097,871,3qwi_CUE_D_272,0,surfdock,0.53068467,0.23959211,2.2149496,0,3.9190748e-06,3.2344193
2274,47,6363,909,3u1t_MLI_B_350,0,surfdock,0.53068467,0.23959211,2.2149496,0,0.99701817,2.2558361
2275,47,6384,912,3ucc_2PG_A_601,0,surfdock,0.53068467,0.23959211,2.2149496,0,0,2.5801554
2276,47,6391,913,3ucc_2PG_B_601,0,surfdock,0.53068467,0.23959211,2.2149496,0,0,2.8605478
2277,47,6783,969,3wlf_FEH_A_401,0,surfdock,0.53068467,0.23959211,2.2149496,0,0.99626471,2.5177062
2278,47,6790,970,3wlf_FEH_C_401,0,surfdock,0.53068467,0.23959211,2.2149496,0,0.9948248,2.3959558
2279,47,6979,997,3zog_A2Q_A_200,0,surfdock,0.53068467,0.23959211,2.2149496,0,0,1.9724082
2280,47,7168,1024,4ajj_88S_A_1332,0,surfdock,0.53068467,0.23959211,2.2149496,0,0.97726652,3.4788457
2281,47,7175,1025,4ajj_88S_B_1332,0,surfdock,0.53068467,0.23959211,2.2149496,0,0.99295854,3.3437698
2282,47,7182,1026,4ajj_88S_C_1334,0,surfdock,0.53068467,0.23959211,2.2149496,0,0.99264221,3.1753445
2283,47,7189,1027,4ajj_88S_D_1332,0,surfdock,0.53068467,0.23959211,2.2149496,0,0.96835044,3.4454768
2284,47,7567,1081,4cle_JR2_A_1270,0,surfdock,0.53068467,0.23959211,2.2149496,0,0.99282038,2.6102216
2285,47,7581,1083,4cle_JR2_B_1270,0,surfdock,0.53068467,0.23959211,2.2149496,0,0.99593436,2.6173222
2286,47,7588,1084,4clo_XP0_B_1270,0,surfdock,0.53068467,0.23959211,2.2149496,0,0,3.1826774
2287,47,7602,1086,4clr_FDB_A_1270,0,surfdock,0.53068467,0.23959211,2.2149496,0,0.14254979,2.344172
2288,48,6202,886,3se2_3AB_D_3,0,surfdock,0.75969542,0.34341944,2.2121494,0,0.99562959,2.5658703
2289,48,16597,2371,6q4k_HHW_A_301,0,surfdock,0.75545907,0.3415044,2.2121494,0,0.98913197,3.0744412
2290,48,6195,885,3se2_3AB_C_4,0,surfdock,0.75270686,0.34026027,2.2121494,0,0.9965687,2.4909066
2291,48,378,54,1e7h_PLM_A_1001,0,surfdock,0.75199752,0.33993961,2.2121494,0,0.96268238,2.935885
2292,48,16604,2372,6q4k_HHW_A_302,0,surfdock,0.75002041,0.33904586,2.2121494,0,0.96633229,2.9677423
2293,48,3262,466,1zjp_DR4_A_1,0,surfdock,0.74845455,0.33833801,2.2121494,0,0.92249257,3.8631107
2294,48,16576,2368,6ps7_ZMA_A_1201,0,surfdock,0.74299742,0.33587112,2.2121494,0,0,3.7921448
2295,48,17157,2451,6t9c_MX8_A_501,0,surfdock,0.75289893,0.33225489,2.2660272,0,0,4.213201
2296,48,6720,960,3wca_FPS_B_401,0,surfdock,0.73462205,0.33208505,2.2121494,0,0,4.1531931
2297,48,4726,675,2p1e_LAC_A_303,1,unimol,0.73223609,0.32973165,2.2207022,0,0,13.77
2298,48,9247,1321,4mog_G3F_A_802,0,surfdock,0.71931891,0.32516728,2.2121494,0,0.94564143,2.6083894
2299,48,6734,962,3wca_FPS_C_402,0,surfdock,0.70929534,0.32063614,2.2121494,0,0,3.9739704
2300,48,6727,961,3wca_FPS_C_401,0,surfdock,0.70067571,0.31673965,2.2121494,0,0.93488302,4.0652777
2301,48,3788,541,2d0e_NQ_A_410,1,unimol,0.89169573,0.3078791,2.8962519,0,0.98804439,14.5
2302,48,14050,2007,5wqp_NCA_A_302,1,unimol,0.6601601,0.29842461,2.2121494,0,0.98082532,14.27
2303,48,14680,2097,6ald_2FP_A_700,1,unimol,0.6601601,0.29842461,2.2121494,0,0,29.03
2304,48,14687,2098,6ald_2FP_B_700,1,unimol,0.6601601,0.29842461,2.2121494,0,0,27.97
2305,48,16982,2426,6s51_KVQ_A_901,0,surfdock,0.76525485,0.289946,2.6393003,0,0.92601743,3.911074
2306,48,9268,1324,4mop_2H5_A_802,0,surfdock,0.70960521,0.28810415,2.4630153,0,0.011034262,2.6123004
2307,48,6713,959,3wca_FPS_A_501,0,surfdock,0.64685277,0.28648639,2.2578821,0,0,4.0993361
2308,48,16975,2425,6s4h_KUQ_A_901,0,surfdock,0.62495035,0.28250808,2.2121494,0,0.99250904,3.9862891
2309,48,6923,989,3wzo_ZOE_A_201,0,surfdock,0.75319472,0.27759712,2.7132647,0,0,4.1592346
2310,48,6930,990,3wzo_ZOE_B_201,0,surfdock,0.74779442,0.27560678,2.7132647,0,0,4.1346229
2311,48,6741,963,3wca_FPS_D_401,0,surfdock,0.60731198,0.27453468,2.2121494,0,0,3.7972246
2312,48,6944,992,3wzo_ZOE_D_201,0,surfdock,0.73582634,0.27119583,2.7132647,0,0.94673785,4.1417433
2313,48,10206,1458,4wqq_MAN_D_204,0,surfdock,0.74099131,0.26935914,2.7509408,0,0.81890647,2.395596
2314,48,10192,1456,4wqq_MAN_B_204,0,surfdock,0.73796298,0.26756953,2.7580223,0,0.017094036,2.2455519
2315,48,10199,1457,4wqq_MAN_C_204,0,surfdock,0.72528628,0.26324385,2.755187,0,0,2.3453219
2316,49,17528,2504,6xu3_GAB_B_402,0,surfdock,0.76327362,0.34421508,2.2174313,0,0.0051727137,2.3979378
2317,49,13027,1861,5m8d_UGI_B_501,0,surfdock,0.76519825,0.3403656,2.2481647,0,0.98035145,4.6029128
2318,49,5943,849,2ztl_3HL_D_301,0,surfdock,0.74844232,0.33752658,2.2174313,0,0,2.1596996
2319,49,5936,848,2ztl_3HL_C_301,0,surfdock,0.74725427,0.3369908,2.2174313,0,0.99514346,2.1943142
2320,49,5922,846,2ztl_3HL_A_301,0,surfdock,0.74235572,0.33478169,2.2174313,0,0.99795886,2.0843456
2321,49,5929,847,2ztl_3HL_B_301,0,surfdock,0.73785227,0.33275076,2.2174313,0,0.987304,2.2379403
2322,49,7441,1063,4c67_L5S_A_1170,0,surfdock,0.75952697,0.3227633,2.3532002,0,0,3.2432911
2323,49,14750,2107,6b83_6NA_B_201,1,unimol,0.66006374,0.29767031,2.2174313,0,0.89047247,20.87
2324,49,14960,2137,6cwr_6LA_A_201,1,unimol,0.66006374,0.29767031,2.2174313,0,0,17.67
2325,49,4880,697,2qb4_DSM_A_801,1,unimol,0.89127778,0.2845556,3.1321735,0,0.98902921,22.86
2326,49,15933,2276,6l68_ALL_A_201,1,unimol,0.72894213,0.28449762,2.5622072,0,0,20.94
2327,49,9534,1362,4ocu_NDG_A_401,0,surfdock,0.72873263,0.28313393,2.573808,0,0,3.0004684
2328,49,8365,1195,4hez_1MZ_A_304,0,surfdock,0.62741488,0.28294658,2.2174313,0,0.22115159,1.9759462
2329,49,1568,224,1lqp_FCN_B_4003,0,surfdock,0.62422208,0.28150672,2.2174313,0,0,2.1695455
2330,49,8176,1168,4fh7_TBP_A_202,0,surfdock,0.62421772,0.28150475,2.2174313,0,0.02861531,2.2015926
2331,49,8379,1197,4hez_1MZ_A_307,0,surfdock,0.61754849,0.27849711,2.2174313,0,0.076795885,1.8764846
2332,49,1561,223,1lqp_FCN_B_4001,0,surfdock,0.62422208,0.2599034,2.4017456,0,0,1.620167
2333,49,14029,2004,5wgv_PM7_A_713,1,unimol,0.66006374,0.25883965,2.5500865,0,0,27.84
2334,49,13846,1978,5vrj_R07_A_204,0,surfdock,0.63526541,0.25814712,2.4608648,0,0,4.5797791
2335,49,14022,2003,5wgr_PM7_A_712,1,unimol,0.66006374,0.25242,2.6149414,0,0.98458436,24.32
2336,49,6027,861,3mk1_NPO_A_913,0,surfdock,0.76346336,0.25064567,3.0459857,0,0.9948701,2.0599082
2337,49,4887,698,2qb4_DSM_A_802,1,unimol,0.89072033,0.23894541,3.7277138,0,0.97583341,18.78
2338,49,3115,445,1yee_PNB_H_551,0,surfdock,0.52812977,0.23817177,2.2174313,0,0.98948095,3.9869009
2339,49,5565,795,2xh0_PEP_B_1440,0,surfdock,0.52812977,0.23817177,2.2174313,0,0.99111711,2.5890709
2340,49,6335,905,3tye_XTZ_A_801,0,surfdock,0.52812977,0.23817177,2.2174313,0,0.92288041,4.4937103
2341,49,8743,1249,4itu_1HS_A_302,0,surfdock,0.52812977,0.23817177,2.2174313,0,7.9335427e-06,4.5421114
2342,49,8750,1250,4itu_1HS_B_302,0,surfdock,0.52812977,0.23817177,2.2174313,0,7.3478855e-06,2.9050543
2343,49,8757,1251,4itu_1HS_D_302,0,surfdock,0.52812977,0.23817177,2.2174313,0,5.1528215e-06,2.9139994
2344,49,8764,1252,4ixw_IXW_B_302,0,surfdock,0.52812977,0.23817177,2.2174313,0,0.00090207446,2.5020497
2345,49,8869,1267,4jwx_1N4_A_301,0,surfdock,0.52812977,0.23817177,2.2174313,0,0.99003527,3.0227432
2346,49,9394,1342,4n9v_AZA_A_402,0,surfdock,0.52812977,0.23817177,2.2174313,0,0,1.9147094
2347,49,9401,1343,4n9v_AZA_A_403,0,surfdock,0.52812977,0.23817177,2.2174313,0,0,2.1034608
2348,49,9408,1344,4ndn_PPK_A_406,0,surfdock,0.52812977,0.23817177,2.2174313,0,0.90226474,2.9205422
2349,49,9415,1345,4ndn_PPK_C_404,0,surfdock,0.52812977,0.23817177,2.2174313,0,0,2.875802
2350,49,9443,1349,4nir_6DH_A_307,0,surfdock,0.52812977,0.23817177,2.2174313,0,0.99514521,2.7072676
2351,49,9450,1350,4nir_6DH_A_308,0,surfdock,0.52812977,0.23817177,2.2174313,0,0,2.6221154
2352,49,9457,1351,4nir_6DH_B_306,0,surfdock,0.52812977,0.23817177,2.2174313,0,1.003211e-05,2.758865
2353,49,9688,1384,4q40_VAL_A_403,0,surfdock,0.52812977,0.23817177,2.2174313,0,0,2.1967763
2354,49,9695,1385,4q40_VAL_B_403,0,surfdock,0.52812977,0.23817177,2.2174313,0,0,2.2673138
2355,49,9702,1386,4q40_VAL_C_404,0,surfdock,0.52812977,0.23817177,2.2174313,0,0,2.1403937
2356,49,9709,1387,4q40_VAL_D_403,0,surfdock,0.52812977,0.23817177,2.2174313,0,0.99675676,2.3675743
2357,49,9982,1426,4uc9_ASP_B_1300,0,surfdock,0.52812977,0.23817177,2.2174313,0,0,3.2400434
2358,49,9989,1427,4uc9_ASP_C_1300,0,surfdock,0.52812977,0.23817177,2.2174313,0,0.70422773,3.043848
2359,49,10045,1435,4umd_CIT_A_1174,0,surfdock,0.52812977,0.23817177,2.2174313,0,0.75898469,2.7259299
2360,49,10381,1483,4xz9_G3P_B_302,0,surfdock,0.52812977,0.23817177,2.2174313,0,0.9904519,2.4148418
2361,49,10486,1498,4ywd_NTM_A_704,0,surfdock,0.52812977,0.23817177,2.2174313,0,0.044634742,2.6163694
2362,49,10535,1505,4za7_4LV_A_606,0,surfdock,0.52812977,0.23817177,2.2174313,0,0.98510271,1.947083
2363,49,10668,1524,4zsy_RW2_A_502,0,surfdock,0.52812977,0.23817177,2.2174313,0,0,4.4133668
2364,49,10675,1525,4zsy_RW2_B_502,0,surfdock,0.52812977,0.23817177,2.2174313,0,0,4.3207179
2365,49,10682,1526,4zsy_RW2_C_502,0,surfdock,0.52812977,0.23817177,2.2174313,0,0,4.5498309
2366,50,17661,2523,6zjw_GAL_A_1102,0,surfdock,0.76426298,0.3482518,2.1945691,0,0.080685273,2.4234933
2367,50,5012,716,2qim_ZEA_A_160,0,surfdock,0.75924193,0.34596386,2.1945691,0,0,4.7104
2368,50,5005,715,2qim_ZEA_A_159,0,surfdock,0.74965358,0.34159474,2.1945691,0,0.99028936,3.3746808
2369,50,17584,2512,6yaw_P9H_B_502,0,surfdock,0.73915496,0.33681083,2.1945691,0,0,4.6649773
2370,50,17577,2511,6yaw_P9H_A_301,0,surfdock,0.73242482,0.33374411,2.1945691,0,0,4.5990635
2371,50,14749,2107,6b83_6NA_B_201,0,surfdock,0.68740056,0.31322789,2.1945691,0,0.99297664,2.4600462
2372,50,14049,2007,5wqp_NCA_A_302,0,surfdock,0.75259301,0.30103204,2.500042,0,0,2.3715302
2373,50,14021,2003,5wgr_PM7_A_712,0,surfdock,0.75530528,0.29303486,2.5775261,0,0,2.972047
2374,50,13377,1911,5t63_ALA_C_1,0,surfdock,0.62999071,0.28706794,2.1945691,0,0,3.3936328
2375,50,2030,290,1p1w_AMQ_A_428,0,surfdock,0.61730731,0.28128849,2.1945691,0,0.99363753,3.0575603
2376,50,2037,291,1p1w_AMQ_B_427,0,surfdock,0.61730731,0.28128849,2.1945691,0,0.99633263,2.8826369
2377,50,4312,616,2htu_BCZ_A_801,0,surfdock,0.61730731,0.28128849,2.1945691,0,0,3.8575939
2378,50,5026,718,2qim_ZEA_A_162,0,surfdock,0.61730731,0.27246455,2.2656417,0,0,2.9456981
2379,50,609,87,1g8z_GAL_F_104,0,surfdock,0.74955126,0.27000516,2.7760618,0,0.98978258,2.3111142
2380,50,602,86,1g8z_GAL_D_104,0,surfdock,0.74845519,0.26961033,2.7760618,0,0.94144543,2.4078918
2381,50,357,51,1e2s_CSN_P_701,0,surfdock,0.5899382,0.26881721,2.1945691,0,0.89353797,2.9647421
2382,50,623,89,1g8z_GAL_H_104,0,surfdock,0.73849211,0.26602141,2.7760618,0,0.96352562,2.3549966
2383,50,315,45,1dpm_EBP_A_900,0,surfdock,0.58162848,0.26503072,2.1945691,0,0,3.1996436
2384,50,98,14,1aj8_CIT_B_2000,0,surfdock,0.72618336,0.26319019,2.7591572,0,0.060059918,3.0147146
2385,50,91,13,1aj8_CIT_A_1000,0,surfdock,0.72097519,0.26279701,2.7434671,0,0,2.9107914
2386,50,616,88,1g8z_GAL_G_104,0,surfdock,0.73696517,0.26245084,2.8080113,0,0.99236488,2.4077871
2387,50,10185,1455,4wqq_MAN_A_204,0,surfdock,0.70035273,0.25734128,2.721493,0,0.91004476,2.3819903
2388,50,12054,1722,5goo_FRU_A_501,0,surfdock,0.75134423,0.25443491,2.952991,0,0.97635857,2.6561236
2389,50,9282,1326,4mop_2H5_C_703,0,surfdock,0.70555835,0.25307567,2.7879333,0,0.95564687,2.6108158
2390,50,9254,1322,4mol_2FG_C_703,0,surfdock,0.61730731,0.24998704,2.4693563,0,0.0074979064,2.7600281
2391,50,9275,1325,4mop_2H5_B_802,0,surfdock,0.68693914,0.24580009,2.7947056,0,0.99591975,2.7138877
2392,50,5019,717,2qim_ZEA_A_161,0,surfdock,0.55673485,0.24094998,2.3105817,0,0,3.0332242
2393,50,6902,986,3wwc_BUA_A_403,0,surfdock,0.75405405,0.24078768,3.131613,0,0.97680429,2.1917833
2394,50,4669,667,2o7d_DHC_A_701,0,surfdock,0.75993328,0.23819611,3.1903672,0,0.98973217,2.9650377
2395,50,4676,668,2o7d_DHC_B_701,0,surfdock,0.75961533,0.23809645,3.1903672,0,0.99689158,3.0411967
2396,50,1393,199,1kdo_C_B_6407,0,surfdock,0.52223254,0.23796576,2.1945691,0,0.96329766,3.7271947
2397,50,1834,262,1nmz_NYM_A_301,0,surfdock,0.52223254,0.23796576,2.1945691,0,0.97243404,3.718592
2398,50,1855,265,1ns4_BGC_A_1400,0,surfdock,0.52223254,0.23796576,2.1945691,0,0.071644719,2.5279651
2399,50,1862,266,1ns4_BGC_B_2400,0,surfdock,0.52223254,0.23796576,2.1945691,0,0,2.6040604
2400,50,1869,267,1nsm_GAL_A_1400,0,surfdock,0.52223254,0.23796576,2.1945691,0,0.018743792,2.4824638
2401,50,1876,268,1nsm_GLA_B_2400,0,surfdock,0.52223254,0.23796576,2.1945691,0,0.019248487,2.4858642
2402,50,2219,317,1q20_PLO_A_401,0,surfdock,0.52223254,0.23796576,2.1945691,0,4.5957738e-07,3.7948015
2403,50,2625,375,1tt6_DES_A_129,0,surfdock,0.52223254,0.23796576,2.1945691,0,0.33418096,3.0373336
2404,50,3276,468,1zmt_RNO_A_1002,0,surfdock,0.52223254,0.23796576,2.1945691,0,0,2.6497654
2405,50,3283,469,1zmt_RNO_B_1001,0,surfdock,0.52223254,0.23796576,2.1945691,0,0.98887301,2.8061384
2406,50,3290,470,1zmt_RNO_C_1003,0,surfdock,0.52223254,0.23796576,2.1945691,0,0.00013013306,2.6935252
2407,50,3297,471,1zmt_RNO_D_1004,0,surfdock,0.52223254,0.23796576,2.1945691,0,0,2.7522154
2408,50,3318,474,1zpd_CIT_A_610,0,surfdock,0.52223254,0.23796576,2.1945691,0,0,2.7317557
2409,50,3325,475,1zpd_CIT_B_610,0,surfdock,0.52223254,0.23796576,2.1945691,0,0,2.6532782
2410,50,3332,476,1zpd_CIT_E_610,0,surfdock,0.52223254,0.23796576,2.1945691,0,0.98209188,2.837468
2411,50,3339,477,1zpd_CIT_F_610,0,surfdock,0.52223254,0.23796576,2.1945691,0,0.89851557,2.7713554
2412,50,4305,615,2ht8_G39_A_800,0,surfdock,0.52223254,0.23796576,2.1945691,0,0.96659385,3.662866
2413,50,4837,691,2q1a_2KT_X_295,0,surfdock,0.52223254,0.23796576,2.1945691,0,0.99573964,2.8347216
2414,50,6132,876,3roe_THM_A_265,0,surfdock,0.52223254,0.23796576,2.1945691,0,0,3.3192129
2415,50,6139,877,3roe_THM_B_265,0,surfdock,0.52223254,0.23796576,2.1945691,0,0,3.3740594
2416,51,13699,1957,5uio_8DM_E_202,0,surfdock,0.74720211,0.34023538,2.1961319,0,0.98849882,3.343181
2417,51,13685,1955,5uio_8DM_C_202,0,surfdock,0.74089324,0.33736266,2.1961319,0,0,2.3758216
2418,51,12516,1788,5iuy_BOG_C_503,0,surfdock,0.74505989,0.32759528,2.2743294,0,0.084318658,2.4073598
2419,51,2765,395,1uxi_FUM_B_1311,0,surfdock,0.70517201,0.30044896,2.34706,0,0.78912487,2.5422915
2420,51,2758,394,1uxi_FUM_A_1311,0,surfdock,0.70479691,0.29746754,2.3693228,0,0,4.379057
2421,51,5306,758,2vjb_CCD_A_1540,0,surfdock,0.74608795,0.2870324,2.5993152,0,0,2.4973902
2422,51,224,32,1cdk_MYR_B_403,0,surfdock,0.67918397,0.28160851,2.4118011,0,0.9745238,2.3054236
2423,51,13888,1984,5vv5_9OJ_A_803,0,surfdock,0.74737236,0.28149899,2.6549726,0,0.06298845,3.3779899
2424,51,371,53,1e5f_PLP_B_405,0,surfdock,0.61433484,0.27973482,2.1961319,0,0.39337695,3.3245858
2425,51,5488,784,2wj4_HQD_C_1277,0,surfdock,0.61433484,0.27973482,2.1961319,0,0.026462154,2.2596126
2426,51,6895,985,3wwc_BUA_A_402,0,surfdock,0.61433484,0.27973482,2.1961319,0,0,2.1412961
2427,51,56,8,1aer_TIA_B_700,0,surfdock,0.61433484,0.27213601,2.2574542,0,0,2.8914188
2428,51,12509,1787,5iuy_BOG_B_503,0,surfdock,0.61433484,0.27155247,2.2623053,0,0.86112427,3.2271973
2429,51,5320,760,2vjb_CCD_B_1540,0,surfdock,0.76004285,0.27118316,2.802691,0,0.00014870783,2.4682249
2430,51,5579,797,2xhk_AKG_B_519,0,surfdock,0.61433484,0.26018866,2.3611121,0,0.95040386,2.6028196
2431,51,217,31,1cdk_MYR_A_403,0,surfdock,0.61433484,0.2564814,2.3952403,0,0.97867701,2.2744141
2432,51,10326,1475,4xp0_42A_A_404,1,unimol,0.89101187,0.25131743,3.5453634,0,0.98992031,21.89
2433,51,2772,396,1uxq_G1P_A_1503,0,surfdock,0.63635209,0.24175339,2.6322355,0,0.95994683,2.9915234
2434,51,7763,1109,4d06_X8W_B_301,0,surfdock,0.75499532,0.23929789,3.1550429,0,0.99502186,3.1881013
2435,51,7749,1107,4d06_NAR_F_301,0,surfdock,0.73296737,0.2383915,3.0746362,0,0.97458134,2.9190977
2436,51,728,104,1h0v_UN4_A_1299,0,surfdock,0.51969476,0.23664085,2.1961319,0,0,5.1399468
2437,51,1883,269,1nuw_F6P_A_2336,0,surfdock,0.51969476,0.23664085,2.1961319,0,0,3.1148016
2438,51,1890,270,1nux_F6P_A_2339,0,surfdock,0.51969476,0.23664085,2.1961319,0,0.9712401,3.2576205
2439,51,2114,302,1pke_2FD_C_448,0,surfdock,0.51969476,0.23664085,2.1961319,0,0.99291476,3.3048873
2440,51,3479,497,2ajv_COC_L_501,0,surfdock,0.51969476,0.23664085,2.1961319,0,0.75708418,3.3738056
2441,51,3486,498,2ajx_TGN_L_501,0,surfdock,0.51969476,0.23664085,2.1961319,0,0.02223558,3.7427729
2442,51,3521,503,2b3f_GAL_C_3312,0,surfdock,0.51969476,0.23664085,2.1961319,0,0,2.6916327
2443,51,3528,504,2b3f_GAL_D_3313,0,surfdock,0.51969476,0.23664085,2.1961319,0,0,2.6855147
2444,51,3535,505,2b3f_GAL_E_3314,0,surfdock,0.51969476,0.23664085,2.1961319,0,0,2.828061
2445,51,3542,506,2b3f_GAL_F_3315,0,surfdock,0.51969476,0.23664085,2.1961319,0,0.94250889,2.8313109
2446,51,3570,510,2bf7_HBI_C_1290,0,surfdock,0.51969476,0.23664085,2.1961319,0,0,4.8106395
2447,51,3577,511,2bf7_HBI_D_1290,0,surfdock,0.51969476,0.23664085,2.1961319,0,0,2.9004979
2448,51,4333,619,2i6p_4NP_A_401,0,surfdock,0.51969476,0.23664085,2.1961319,0,0.96173383,2.6319467
2449,51,4340,620,2iht_TPP_B_600,0,surfdock,0.51969476,0.23664085,2.1961319,0,0.8056644,4.5836029
2450,51,4347,621,2iht_TPP_D_600,0,surfdock,0.51969476,0.23664085,2.1961319,0,0.41478749,6.4589117
2451,51,4508,644,2nos_AGU_A_903,0,surfdock,0.51969476,0.23664085,2.1961319,0,0.15479364,2.0964395
2452,51,5285,755,2v7o_DRN_A_1303,0,surfdock,0.51969476,0.23664085,2.1961319,0,0.94648488,4.4563874
2453,51,5425,775,2wch_B7M_A_1145,0,surfdock,0.51969476,0.23664085,2.1961319,0,0,3.7129995
2454,51,5460,780,2wdq_TEO_A_1589,0,surfdock,0.51969476,0.23664085,2.1961319,0,0.98038844,2.5029935
2455,51,5467,781,2wdq_TEO_E_1589,0,surfdock,0.51969476,0.23664085,2.1961319,0,0,2.4780091
2456,51,5495,785,2wj4_HQD_D_1278,0,surfdock,0.51969476,0.23664085,2.1961319,0,0.0048803844,2.1757588
2457,51,6146,878,3roe_THM_D_265,0,surfdock,0.51969476,0.23664085,2.1961319,0,0,3.3217274
2458,51,6153,879,3roe_THM_E_265,0,surfdock,0.51969476,0.23664085,2.1961319,0,0,3.3240162
2459,51,6160,880,3roe_THM_F_265,0,surfdock,0.51969476,0.23664085,2.1961319,0,0.39800016,3.434778
2460,51,6349,907,3tyn_CXW_A_800,0,surfdock,0.51969476,0.23664085,2.1961319,0,0,3.9236538
2461,51,6356,908,3tyn_CXW_B_800,0,surfdock,0.51969476,0.23664085,2.1961319,0,0,3.8819488
2462,51,6804,972,3wsg_CIT_A_302,0,surfdock,0.51969476,0.23664085,2.1961319,0,0.98930535,2.8704975
2463,51,6811,973,3wsg_CIT_B_302,0,surfdock,0.51969476,0.23664085,2.1961319,0,0.98773373,2.7750901
2464,51,6818,974,3wsg_CIT_C_302,0,surfdock,0.51969476,0.23664085,2.1961319,0,0.91616998,2.8828145
2465,51,6825,975,3wsg_CIT_D_302,0,surfdock,0.51969476,0.23664085,2.1961319,0,0,2.7524942
2466,52,966,138,1h8p_PC_B_1110,0,surfdock,0.70184335,0.31963795,2.1957438,0,0.98868054,2.554675
2467,52,952,136,1h8p_PC_A_1110,0,surfdock,0.67630418,0.30800674,2.1957438,0,0,2.6176915
2468,52,5166,738,2ri1_GLP_A_234,0,surfdock,0.68719511,0.30441592,2.2574208,0,0,2.7824769
2469,52,4704,672,2ot7_OGA_A_500,0,surfdock,0.69909449,0.28693528,2.4364178,0,0.99467675,2.7214344
2470,52,4711,673,2ot7_OGA_B_500,0,surfdock,0.66464744,0.28128803,2.3628705,0,0,2.6939666
2471,52,1967,281,1o8a_NXA_A_702,0,surfdock,0.60969767,0.27767238,2.1957438,0,0.98983562,2.3559829
2472,52,12061,1723,5goo_FRU_B_501,0,surfdock,0.60969767,0.27767238,2.1957438,0,0,2.7413969
2473,52,12068,1724,5goo_FRU_C_501,0,surfdock,0.60969767,0.27767238,2.1957438,0,0.99390848,2.7607518
2474,52,5173,739,2ri1_GLP_B_234,0,surfdock,0.60969767,0.27261564,2.2364726,0,0.66481448,3.0096965
2475,52,15828,2261,6jz6_CKX_B_701,1,unimol,0.65853957,0.24261308,2.7143605,0,0.96911284,18.98
2476,52,3031,433,1xl0_OX2_A_998,0,surfdock,0.75867702,0.23649581,3.2079926,0,0.99585109,3.3628527
2477,52,630,90,1gck_PLP_A_413,0,surfdock,0.51562816,0.23483065,2.1957438,0,0,3.844498
2478,52,1281,183,1jl0_PUT_B_401,0,surfdock,0.51562816,0.23483065,2.1957438,0,0.98213682,2.1727192
2479,52,1736,248,1msv_PUT_A_355,0,surfdock,0.51562816,0.23483065,2.1957438,0,0,2.2164919
2480,52,1743,249,1msv_PUT_B_355,0,surfdock,0.51562816,0.23483065,2.1957438,0,0.93965909,2.4776504
2481,52,3346,478,1zuw_DGL_A_1301,0,surfdock,0.51562816,0.23483065,2.1957438,0,0.0022358184,2.8110173
2482,52,3353,479,1zuw_DGL_B_2301,0,surfdock,0.51562816,0.23483065,2.1957438,0,0.0010481364,2.8044692
2483,52,3360,480,1zuw_DGL_C_3301,0,surfdock,0.51562816,0.23483065,2.1957438,0,0,2.954644
2484,52,4823,689,2pwf_BGC_D_9999,0,surfdock,0.51562816,0.23483065,2.1957438,0,0.95640016,2.7718168
2485,52,6083,869,3qt8_FM0_B_328,0,surfdock,0.51562816,0.23483065,2.1957438,0,0,3.6703055
2486,52,6125,875,3ro7_TDR_A_300,0,surfdock,0.51562816,0.23483065,2.1957438,0,0,2.2216026
2487,52,7336,1048,4bu7_25F_A_2165,0,surfdock,0.51562816,0.23483065,2.1957438,0,0.99542246,3.3200582
2488,52,7343,1049,4bu7_25F_C_2165,0,surfdock,0.51562816,0.23483065,2.1957438,0,0.99673568,3.2144172
2489,52,7350,1050,4buf_F36_A_2162,0,surfdock,0.51562816,0.23483065,2.1957438,0,0.97707337,3.5109731
2490,52,7357,1051,4buf_F36_B_2162,0,surfdock,0.51562816,0.23483065,2.1957438,0,0.97541797,3.5315585
2491,52,7371,1053,4bux_F35_A_2166,0,surfdock,0.51562816,0.23483065,2.1957438,0,0.81415458,4.0480421
2492,52,7378,1054,4bux_F35_C_2165,0,surfdock,0.51562816,0.23483065,2.1957438,0,0.80383236,3.9983329
2493,52,7700,1100,4crg_J4X_A_1493,0,surfdock,0.51562816,0.23483065,2.1957438,0,0,3.9060725
2494,53,15827,2261,6jz6_CKX_B_701,0,surfdock,0.74180389,0.31906515,2.3249283,0,0.85205996,2.9694935
2495,53,17297,2471,6u6c_P1T_D_505,0,surfdock,0.71038506,0.28260331,2.5137172,0,0.97175868,4.0909413
2496,53,504,72,1fs5_16G_B_2267,0,surfdock,0.60983616,0.2441875,2.4974084,0,0.017154785,2.8733108
2497,53,17430,2490,6vo2_R67_A_403,0,surfdock,0.66156976,0.24171254,2.7370095,0,0,2.646546
2498,53,1351,193,1kae_HSO_A_1001,0,surfdock,0.51568728,0.23482437,2.1960542,0,0.97038463,2.5879972
2499,53,1785,255,1ne4_RP1_A_401,0,surfdock,0.51568728,0.23482437,2.1960542,0,0.9695519,3.6174853
2500,53,2317,331,1rnd_DGP_A_126,0,surfdock,0.51568728,0.23482437,2.1960542,0,0,3.1727591
2501,53,4900,700,2qca_DGP_A_200,0,surfdock,0.51568728,0.23482437,2.1960542,0,0.95858971,3.3449634
2502,53,5628,804,2xul_AKG_C_201,0,surfdock,0.51568728,0.23482437,2.1960542,0,0.93368965,2.529452
2503,53,5635,805,2xul_AKG_E_201,0,surfdock,0.51568728,0.23482437,2.1960542,0,0.99308964,2.7004374
2504,53,5642,806,2xul_AKG_F_201,0,surfdock,0.51568728,0.23482437,2.1960542,0,0.99389446,2.6161709
2505,53,7021,1003,3zwt_ORO_A_1398,0,surfdock,0.51568728,0.23482437,2.1960542,0,0.20988912,2.5106986
2506,53,7238,1034,4al9_GLA_G_1123,0,surfdock,0.51568728,0.23482437,2.1960542,0,0.96910569,2.3714074
2507,53,8435,1205,4hrq_AZG_B_201,0,surfdock,0.51568728,0.23482437,2.1960542,0,0,2.192591
2508,53,8939,1277,4kfj_1R0_A_202,0,surfdock,0.51568728,0.23482437,2.1960542,0,0,4.4056958
2509,53,8953,1279,4kqk_PCR_A_403,0,surfdock,0.51568728,0.23482437,2.1960542,0,0.99598812,2.1222956
2510,53,8960,1280,4kqk_PCR_B_703,0,surfdock,0.51568728,0.23482437,2.1960542,0,0.99704905,2.2732172
2511,53,9492,1356,4np7_DPJ_A_403,0,surfdock,0.51568728,0.23482437,2.1960542,0,0,2.4104806
2512,53,9765,1395,4qya_LU2_A_201,0,surfdock,0.51568728,0.23482437,2.1960542,0,0.98717476,2.9218322
2513,53,9772,1396,4qya_LU2_B_201,0,surfdock,0.51568728,0.23482437,2.1960542,0,0,5.7926778
2514,53,9835,1405,4rje_PYR_A_402,0,surfdock,0.51568728,0.23482437,2.1960542,0,0.74839893,2.16723
2515,53,9842,1406,4rje_PYR_C_402,0,surfdock,0.51568728,0.23482437,2.1960542,0,0,2.143351
2516,53,10213,1459,4ws1_URF_A_301,0,surfdock,0.51568728,0.23482437,2.1960542,0,0.035058805,2.3180734
2517,53,10234,1462,4wxb_CIT_A_501,0,surfdock,0.51568728,0.23482437,2.1960542,0,0.79853253,3.0019116
2518,53,10241,1463,4wxb_CIT_B_501,0,surfdock,0.51568728,0.23482437,2.1960542,0,0.90996692,2.9353589
2519,53,10248,1464,4wxb_CIT_C_501,0,surfdock,0.51568728,0.23482437,2.1960542,0,0.31199923,2.6004095
2520,53,10255,1465,4wxb_CIT_D_501,0,surfdock,0.51568728,0.23482437,2.1960542,0,0,3.0249008
2521,53,10318,1474,4xh4_PPI_A_504,0,surfdock,0.51568728,0.23482437,2.1960542,0,0.99779281,1.9700955
2522,53,10367,1481,4xv4_25T_A_302,0,surfdock,0.51568728,0.23482437,2.1960542,0,0.99781225,2.100988
2523,53,10374,1482,4xv4_25T_A_303,0,surfdock,0.51568728,0.23482437,2.1960542,0,0.77106562,1.9323441
2524,53,10430,1490,4yjs_4DN_A_701,0,surfdock,0.51568728,0.23482437,2.1960542,0,0,4.5337288
2525,53,10493,1499,4z1d_PEP_A_300,0,surfdock,0.51568728,0.23482437,2.1960542,0,0.82637592,2.4927393
2526,53,10500,1500,4z1d_PEP_B_300,0,surfdock,0.51568728,0.23482437,2.1960542,0,0.88488139,2.5682189
2527,53,10591,1513,4zbc_GLC_A_408,0,surfdock,0.51568728,0.23482437,2.1960542,0,0.087158684,2.2649568
2528,53,10696,1528,4zu3_4SD_A_301,0,surfdock,0.51568728,0.23482437,2.1960542,0,0.9567195,5.6027616
2529,53,10703,1529,4zu3_4SD_B_301,0,surfdock,0.51568728,0.23482437,2.1960542,0,0.93852138,2.4540769
2530,53,10710,1530,4zu3_4SD_B_302,0,surfdock,0.51568728,0.23482437,2.1960542,0,0.95106907,2.4259548
2531,53,10717,1531,4zu3_4SD_C_301,0,surfdock,0.51568728,0.23482437,2.1960542,0,0.030118337,2.4367526
2532,53,10724,1532,4zu3_4SD_D_301,0,surfdock,0.51568728,0.23482437,2.1960542,0,0.098106271,2.1302209
2533,53,10731,1533,4zu3_4SD_E_301,0,surfdock,0.51568728,0.23482437,2.1960542,0,0.98420085,2.4612195
2534,53,11200,1600,5cpn_531_A_401,0,surfdock,0.51568728,0.23482437,2.1960542,0,0.9526016,2.8629017
2535,53,11207,1601,5cpn_531_B_401,0,surfdock,0.51568728,0.23482437,2.1960542,0,0.99198861,2.9442521
2536,53,11368,1624,5dnx_5LD_A_203,0,surfdock,0.51568728,0.23482437,2.1960542,0,0.93684412,2.8551257
2537,53,11375,1625,5dnx_5LD_B_201,0,surfdock,0.51568728,0.23482437,2.1960542,0,0.98986377,3.0805541
2538,53,11382,1626,5dnx_5LD_B_205,0,surfdock,0.51568728,0.23482437,2.1960542,0,0,2.4182606
2539,53,11627,1661,5eso_ISC_B_602,0,surfdock,0.51568728,0.23482437,2.1960542,0,0,3.1666127
2540,53,11935,1705,5g03_OE2_A_1263,0,surfdock,0.51568728,0.23482437,2.1960542,0,0,3.8147961
2541,53,12089,1727,5gwt_SIN_A_302,0,surfdock,0.51568728,0.23482437,2.1960542,0,0.99381726,2.4463933
2542,53,12096,1728,5gwt_SIN_C_301,0,surfdock,0.51568728,0.23482437,2.1960542,0,0,2.4051284
2543,53,12271,1753,5hss_650_B_402,0,surfdock,0.51568728,0.23482437,2.1960542,0,0.99662284,2.8775997
2544,54,12208,1744,5hfa_FP1_A_607,0,surfdock,0.76552238,0.31097174,2.4617095,0,0.00070349745,2.5721982
2545,54,13958,1994,5w5t_9X7_A_506,0,surfdock,0.61257651,0.2796474,2.1905308,0,0,2.4171913
2546,54,13965,1995,5w5t_9X7_D_508,0,surfdock,0.61257651,0.2796474,2.1905308,0,0,2.4067867
2547,54,14959,2137,6cwr_6LA_A_201,0,surfdock,0.61257651,0.2796474,2.1905308,0,0.97222635,3.2387937
2548,54,14945,2135,6cut_FEJ_B_401,0,surfdock,0.72030319,0.27854175,2.5859783,0,0,4.5701004
2549,54,14952,2136,6cut_FEJ_C_401,0,surfdock,0.7161499,0.27693568,2.5859783,0,0.95382874,4.7010485
2550,54,14938,2134,6cut_FEJ_A_401,0,surfdock,0.7125475,0.27554262,2.5859783,0,0,3.2570074
2551,54,15765,2252,6jwy_PH2_A_802,1,unimol,0.65897574,0.24070107,2.7377341,0,0,23.49
2552,54,15912,2273,6kxh_DY9_D_402,1,unimol,0.87139871,0.238637,3.6515648,0,0.99574082,17.93
2553,54,7266,1038,4b1f_KRH_A_1256,0,surfdock,0.51806878,0.23650366,2.1905308,0,0.9184049,4.6217898
2554,54,7273,1039,4b1f_KRH_B_1257,0,surfdock,0.51806878,0.23650366,2.1905308,0,0,4.4550356
2555,54,7882,1126,4dd8_BAT_A_1000,0,surfdock,0.51806878,0.23650366,2.1905308,0,0,4.5834627
2556,54,7889,1127,4dd8_BAT_B_1000,0,surfdock,0.51806878,0.23650366,2.1905308,0,0.93643228,4.561592
2557,54,7896,1128,4dd8_BAT_C_1000,0,surfdock,0.51806878,0.23650366,2.1905308,0,0.59027314,4.893446
2558,54,8148,1164,4evs_PHB_A_408,0,surfdock,0.51806878,0.23650366,2.1905308,0,0.9955027,2.5894647
2559,54,8155,1165,4f06_PHB_A_401,0,surfdock,0.51806878,0.23650366,2.1905308,0,0.98213379,2.5080761
2560,54,8239,1177,4ghf_4NC_C_402,0,surfdock,0.51806878,0.23650366,2.1905308,0,0,2.6202711
2561,54,8589,1227,4i6s_FUC_A_101,0,surfdock,0.51806878,0.23650366,2.1905308,0,0.98624321,2.171519
2562,54,8596,1228,4i6s_FUC_B_101,0,surfdock,0.51806878,0.23650366,2.1905308,0,0.52744812,2.1105659
2563,54,8603,1229,4i6s_FUC_B_102,0,surfdock,0.51806878,0.23650366,2.1905308,0,0.97359678,2.3023008
2564,54,8610,1230,4i6s_FUC_C_101,0,surfdock,0.51806878,0.23650366,2.1905308,0,0.74154165,2.2329311
2565,54,8680,1240,4i9n_1E6_A_401,0,surfdock,0.51806878,0.23650366,2.1905308,0,0.99021964,4.1110327
2566,54,8687,1241,4i9n_1E6_B_401,0,surfdock,0.51806878,0.23650366,2.1905308,0,0.89919613,4.0501311
2567,54,8694,1242,4i9n_1E6_C_401,0,surfdock,0.51806878,0.23650366,2.1905308,0,0.97730695,4.0444522
2568,54,8701,1243,4i9n_1E6_D_401,0,surfdock,0.51806878,0.23650366,2.1905308,0,0.94817512,4.0885962
2569,54,8708,1244,4i9n_1E6_F_401,0,surfdock,0.51806878,0.23650366,2.1905308,0,0,4.1717616
2570,54,8715,1245,4i9n_1E6_G_401,0,surfdock,0.51806878,0.23650366,2.1905308,0,0,4.0368414
2571,54,8806,1258,4j7u_YTZ_A_802,0,surfdock,0.51806878,0.23650366,2.1905308,0,0.95283946,3.069864
2572,54,8813,1259,4j7u_YTZ_B_802,0,surfdock,0.51806878,0.23650366,2.1905308,0,0.94858893,2.9762659
2573,54,8820,1260,4j7u_YTZ_D_802,0,surfdock,0.51806878,0.23650366,2.1905308,0,0.99379934,3.0600803
2574,54,9219,1317,4mig_G3F_A_802,0,surfdock,0.51806878,0.23650366,2.1905308,0,0.95445049,2.6523262
2575,54,9226,1318,4mig_G3F_B_802,0,surfdock,0.51806878,0.23650366,2.1905308,0,0.98360732,2.739972
2576,54,11228,1604,5cyf_FLC_A_301,0,surfdock,0.51806878,0.23650366,2.1905308,0,0.98374886,2.761616
2577,54,11235,1605,5cyf_FLC_C_301,0,surfdock,0.51806878,0.23650366,2.1905308,0,0.99120391,2.8115804
2578,54,11340,1620,5dne_ASN_A_601,0,surfdock,0.51806878,0.23650366,2.1905308,0,0,2.5474067
2579,54,11347,1621,5dne_ASN_B_601,0,surfdock,0.51806878,0.23650366,2.1905308,0,0,2.5483569
2580,54,11354,1622,5dne_ASN_C_601,0,surfdock,0.51806878,0.23650366,2.1905308,0,0,2.5017056
2581,54,11361,1623,5dne_ASN_D_601,0,surfdock,0.51806878,0.23650366,2.1905308,0,0,2.420873
2582,54,11683,1669,5f35_FLC_A_302,0,surfdock,0.51806878,0.23650366,2.1905308,0,0.97670893,2.9875088
2583,54,12348,1764,5i8s_LEA_A_202,0,surfdock,0.51806878,0.23650366,2.1905308,0,0.99427968,2.5230618
2584,54,12936,1848,5lqs_NTM_A_302,0,surfdock,0.51806878,0.23650366,2.1905308,0,0.04883897,2.7290053
2585,54,13356,1908,5syi_NIZ_A_805,0,surfdock,0.51806878,0.23650366,2.1905308,0,0.0015552842,2.3156086
2586,54,13363,1909,5syi_NIZ_B_805,0,surfdock,0.51806878,0.23650366,2.1905308,0,0.95171259,2.4076129
2587,54,13475,1925,5tde_FLC_A_501,0,surfdock,0.51806878,0.23650366,2.1905308,0,0.98575395,2.9384996
2588,54,13657,1951,5ud0_13P_B_405,0,surfdock,0.51806878,0.23650366,2.1905308,0,0.99341643,2.5443994
2589,54,13706,1958,5uio_LG3_A_201,0,surfdock,0.51806878,0.23650366,2.1905308,0,0.9922251,2.1984508
2590,54,13713,1959,5uio_LG3_B_201,0,surfdock,0.51806878,0.23650366,2.1905308,0,0.99814409,4.6748922
2591,54,13720,1960,5uio_LG3_C_201,0,surfdock,0.51806878,0.23650366,2.1905308,0,0.9928667,2.1326034
2592,54,14084,2012,5x2m_GLN_A_951,0,surfdock,0.51806878,0.23650366,2.1905308,0,0.93053849,2.7294114
2593,54,14168,2024,5xdt_ZI7_A_403,0,surfdock,0.51806878,0.23650366,2.1905308,0,0.76888049,4.1793473
2594,55,105,15,1amq_PMP_A_413,0,surfdock,0.61665625,0.28153506,2.1903346,0,0,3.1383996
2595,55,63,9,1aia_PMP_A_411,0,surfdock,0.61665625,0.26463348,2.3302267,0,0.21621794,3.3163292
2596,55,70,10,1aia_PMP_B_411,0,surfdock,0.61665625,0.26302998,2.3444324,0,0.2344142,3.3198868
2597,55,17682,2526,7ak3_RH8_A_501,0,surfdock,0.61665625,0.24213877,2.546705,0,0,4.2271518
2598,55,10801,1543,5a02_GOL_C_1341,0,surfdock,0.52211884,0.23837391,2.1903346,0,0.99558525,2.1927317
2599,55,1792,256,1nf0_13P_A_5001,0,surfdock,0.52162221,0.23814717,2.1903346,0,0.99053029,2.6340857
2600,55,1799,257,1nf0_13P_B_1150,0,surfdock,0.52162221,0.23814717,2.1903346,0,0,2.6236737
2601,55,4585,655,2nu7_COA_B_1325,0,surfdock,0.52162221,0.23814717,2.1903346,0,0,3.0978386
2602,55,4760,680,2prg_BRL_A_1,0,surfdock,0.52162221,0.23814717,2.1903346,0,0.94496135,4.1129869
2603,55,4767,681,2prg_BRL_B_2,0,surfdock,0.52162221,0.23814717,2.1903346,0,0.79932773,4.086803
2604,55,4872,696,2qb3_PMP_A_700,0,surfdock,0.52162221,0.23814717,2.1903346,0,0,3.1583242
2605,55,4984,712,2qgw_EES_A_1,0,surfdock,0.52162221,0.23814717,2.1903346,0,0,3.415773
2606,55,4991,713,2qgw_EES_B_1,0,surfdock,0.52162221,0.23814717,2.1903346,0,0,3.4282159
2607,55,5950,850,2zut_A2G_A_4001,0,surfdock,0.52162221,0.23814717,2.1903346,0,0,2.8569745
2608,55,5957,851,2zut_A2G_B_4002,0,surfdock,0.52162221,0.23814717,2.1903346,0,0.00016298939,2.9798526
2609,55,5964,852,2zut_A2G_D_4004,0,surfdock,0.52162221,0.23814717,2.1903346,0,0.98132327,2.886992
2610,55,5971,853,2zuw_NDG_B_4002,0,surfdock,0.52162221,0.23814717,2.1903346,0,0,2.9261829
2611,55,5978,854,2zuw_NDG_C_4003,0,surfdock,0.52162221,0.23814717,2.1903346,0,8.3746197e-05,2.9175198
2612,55,7707,1101,4cvb_PQQ_A_1608,0,surfdock,0.52162221,0.23814717,2.1903346,0,0,3.8820325
2613,55,7770,1110,4d06_X8W_D_303,0,surfdock,0.52162221,0.23814717,2.1903346,0,0.99223868,2.2802877
2614,55,7847,1121,4d96_5PA_B_501,0,surfdock,0.52162221,0.23814717,2.1903346,0,0,4.2029021
2615,55,7854,1122,4d96_5PA_C_402,0,surfdock,0.52162221,0.23814717,2.1903346,0,0,4.1462194
2616,55,7861,1123,4d96_5PA_D_501,0,surfdock,0.52162221,0.23814717,2.1903346,0,0,4.1416012
2617,55,8169,1167,4f8n_PC_A_202,0,surfdock,0.52162221,0.23814717,2.1903346,0,0.9663152,2.5033255
2618,55,9100,1300,4lek_1DN_X_202,0,surfdock,0.52162221,0.23814717,2.1903346,0,0,4.3608922
2619,55,9310,1330,4mux_2E4_A_402,0,surfdock,0.52162221,0.23814717,2.1903346,0,0,4.3781208
2620,55,9933,1419,4tsk_TLA_A_404,0,surfdock,0.52162221,0.23814717,2.1903346,0,0,2.4077408
2621,55,10395,1485,4xzh_48I_A_402,0,surfdock,0.52162221,0.23814717,2.1903346,0,0.99561665,3.9394605
2622,55,10402,1486,4xzh_48I_B_402,0,surfdock,0.52162221,0.23814717,2.1903346,0,0.99490213,3.931736
2623,55,10423,1489,4y6n_3PG_A_402,0,surfdock,0.52162221,0.23814717,2.1903346,0,0.98158737,2.800526
2624,55,10542,1506,4zb2_FRU_A_404,0,surfdock,0.52162221,0.23814717,2.1903346,0,0,2.3885343
2625,55,10787,1541,5a02_GOL_A_1341,0,surfdock,0.52162221,0.23814717,2.1903346,0,0.9922155,2.1168342
2626,55,10794,1542,5a02_GOL_B_1342,0,surfdock,0.52162221,0.23814717,2.1903346,0,0.99563457,2.1654127
2627,55,10808,1544,5a02_GOL_D_1341,0,surfdock,0.52162221,0.23814717,2.1903346,0,0.99496701,2.1384999
2628,55,10815,1545,5a02_GOL_E_1341,0,surfdock,0.52162221,0.23814717,2.1903346,0,0.99371558,2.0697913
2629,55,10822,1546,5a02_GOL_F_1342,0,surfdock,0.52162221,0.23814717,2.1903346,0,0.99547269,2.0625073
2630,55,11291,1613,5di7_5CQ_A_601,0,surfdock,0.52162221,0.23814717,2.1903346,0,0.99054191,3.5499709
2631,55,11298,1614,5di7_5CQ_B_601,0,surfdock,0.52162221,0.23814717,2.1903346,0,0.98966724,3.6158434
2632,55,11802,1686,5fli_QUE_A_301,0,surfdock,0.52162221,0.23814717,2.1903346,0,0,3.7880706
2633,55,11809,1687,5fli_QUE_C_301,0,surfdock,0.52162221,0.23814717,2.1903346,0,0,5.7402666
2634,55,11816,1688,5fli_QUE_D_301,0,surfdock,0.52162221,0.23814717,2.1903346,0,0,3.8000864
2635,55,11823,1689,5fli_QUE_E_301,0,surfdock,0.52162221,0.23814717,2.1903346,0,0.99697999,3.8073196
2636,55,11830,1690,5fli_QUE_F_301,0,surfdock,0.52162221,0.23814717,2.1903346,0,0,2.8296642
2637,55,11837,1691,5fli_QUE_G_301,0,surfdock,0.52162221,0.23814717,2.1903346,0,0.82699134,3.8072462
2638,55,11844,1692,5fli_QUE_H_301,0,surfdock,0.52162221,0.23814717,2.1903346,0,0,3.7948451
2639,55,11851,1693,5fli_QUE_J_301,0,surfdock,0.52162221,0.23814717,2.1903346,0,0,3.7753083
2640,55,12047,1721,5gnx_BGC_B_503,0,surfdock,0.52162221,0.23814717,2.1903346,0,0,2.619027
2641,55,12369,1767,5iav_MLI_A_302,0,surfdock,0.52162221,0.23814717,2.1903346,0,0.98892606,2.3652326
2642,55,12698,1814,5jg5_EVF_B_302,0,surfdock,0.52162221,0.23814717,2.1903346,0,0,2.3962052
2643,55,13069,1867,5mzj_TEP_A_2401,0,surfdock,0.52162221,0.23814717,2.1903346,0,0.99759144,2.6419047
2644,56,784,112,1h1m_KMP_A_1360,0,surfdock,0.75542163,0.319816,2.3620498,0,0,3.7219702
2645,56,2142,306,1poc_GEL_A_420,0,surfdock,0.72892494,0.29838987,2.4428599,0,0.78301201,4.7250981
2646,56,2443,349,1syf_THP_A_180,0,surfdock,0.61253389,0.2800469,2.1872537,0,0,3.7392967
2647,56,6209,887,3se2_LDR_A_1,0,surfdock,0.61253389,0.2800469,2.1872537,0,0.99714113,2.8279053
2648,56,6216,888,3se2_LDR_B_2,0,surfdock,0.61253389,0.2800469,2.1872537,0,0.99832843,2.8723626
2649,56,11648,1664,5ewc_5SJ_A_801,0,surfdock,0.61253389,0.2800469,2.1872537,0,0.99223491,2.9480854
2650,56,13818,1974,5vka_AKG_A_402,0,surfdock,0.61253389,0.2800469,2.1872537,0,0.99425499,2.6465563
2651,56,6013,859,3mk1_NPO_A_911,0,surfdock,0.60282639,0.27560869,2.1872537,0,0.99454875,2.1105427
2652,56,4683,669,2o7d_DHC_G_701,0,surfdock,0.75855106,0.27430129,2.7653928,0,0.98389492,3.0795984
2653,56,6020,860,3mk1_NPO_A_912,0,surfdock,0.56213556,0.25700508,2.1872537,0,0,2.2563475
2654,56,7546,1078,4cld_JUO_B_1270,0,surfdock,0.61253389,0.25477848,2.4041812,0,0,3.1217085
2655,56,7553,1079,4cld_JUO_C_1270,0,surfdock,0.61253389,0.25477848,2.4041812,0,0,3.221171
2656,56,7560,1080,4cld_JUO_D_1270,0,surfdock,0.61253389,0.25477848,2.4041812,0,0,3.1914864
2657,56,4179,597,2g8t_MI2_A_401,0,surfdock,0.61253389,0.24479924,2.5021877,0,0,3.1621988
2658,56,8631,1233,4i6y_MEV_B_1001,0,surfdock,0.51851447,0.23706177,2.1872537,0,0.99439308,2.6002915
2659,56,9996,1428,4uch_OLW_A_800,0,surfdock,0.51851447,0.23706177,2.1872537,0,0,3.5915554
2660,56,1421,203,1klk_PMD_A_653,0,surfdock,0.51802069,0.23683602,2.1872537,0,0.99428941,4.0786649
2661,56,1533,219,1ldo_SNR_A_150,0,surfdock,0.51802069,0.23683602,2.1872537,0,0,3.215273
2662,56,1540,220,1ldo_SNR_B_350,0,surfdock,0.51802069,0.23683602,2.1872537,0,0.98395114,3.1708224
2663,56,2940,420,1x09_IPE_A_901,0,surfdock,0.51802069,0.23683602,2.1872537,0,0.98596716,2.4415176
2664,56,3640,520,2bxh_IOS_A_1002,0,surfdock,0.51802069,0.23683602,2.1872537,0,0.21960481,2.7667199
2665,56,4011,573,2f7x_4EA_E_351,0,surfdock,0.51802069,0.23683602,2.1872537,0,0.97317141,4.3032171
2666,56,4438,634,2j51_DKI_A_1314,0,surfdock,0.51802069,0.23683602,2.1872537,0,0,5.5936205
2667,56,5033,719,2qs2_UBF_A_603,0,surfdock,0.51802069,0.23683602,2.1872537,0,0,3.7279463
2668,56,5040,720,2qs2_UBF_B_602,0,surfdock,0.51802069,0.23683602,2.1872537,0,0.97744816,3.5488158
2669,56,5327,761,2vkg_CF4_A_1064,0,surfdock,0.51802069,0.23683602,2.1872537,0,0.00012713225,3.3453425
2670,56,5418,774,2w7k_PLP_A_501,0,surfdock,0.51802069,0.23683602,2.1872537,0,0.79909884,3.6759911
2671,56,5600,800,2xta_TPP_B_2001,0,surfdock,0.51802069,0.23683602,2.1872537,0,0.99476056,4.4247346
2672,57,5677,811,2y00_Y00_A_601,0,surfdock,0.75693825,0.34603288,2.187474,0,0.98063099,3.9948899
2673,57,5684,812,2y00_Y00_B_601,0,surfdock,0.75361103,0.31004141,2.4306777,0,0.99473563,3.9578664
2674,57,10871,1553,5a8k_COM_A_556,0,surfdock,0.61266411,0.28007823,2.187474,0,0,2.3921486
2675,57,10878,1554,5a8k_COM_D_555,0,surfdock,0.61266411,0.28007823,2.187474,0,0,2.202166
2676,57,14028,2004,5wgv_PM7_A_713,0,surfdock,0.61266411,0.28007823,2.187474,0,0,3.1118326
2677,57,7918,1131,4do1_ANN_D_502,1,unimol,0.85286626,0.25157571,3.3900969,0,0.97936974,21.45
2678,57,4095,585,2fr6_URI_B_1002,0,surfdock,0.61790949,0.24197759,2.5535805,0,0,3.3668069
2679,57,1106,158,1itw_ICT_B_744,0,surfdock,0.5180273,0.23681519,2.187474,0,0,2.8329707
2680,57,1113,159,1itw_ICT_C_743,0,surfdock,0.5180273,0.23681519,2.187474,0,0.99213665,2.7923759
2681,57,1120,160,1itw_ICT_D_743,0,surfdock,0.5180273,0.23681519,2.187474,0,0.98668586,2.7827767
2682,57,1547,221,1lfw_AEP_A_683,0,surfdock,0.5180273,0.23681519,2.187474,0,0,3.3151864
2683,57,1610,230,1luq_BTN_A_5100,0,surfdock,0.5180273,0.23681519,2.187474,0,0.99249329,3.2579777
2684,57,1617,231,1luq_BTN_B_5200,0,surfdock,0.5180273,0.23681519,2.187474,0,0.98717775,3.311904
2685,57,2366,338,1s3v_TQD_A_187,0,surfdock,0.5180273,0.23681519,2.187474,0,0.87342551,4.3183713
2686,57,4074,582,2fr6_CTN_A_1001,0,surfdock,0.5180273,0.23681519,2.187474,0,0.97399279,3.3069241
2687,57,4081,583,2fr6_CTN_C_1003,0,surfdock,0.5180273,0.23681519,2.187474,0,0.99263193,3.9908025
2688,57,4088,584,2fr6_CTN_D_1004,0,surfdock,0.5180273,0.23681519,2.187474,0,0.99356225,3.3631786
2689,57,5271,753,2v60_C17_A_1503,0,surfdock,0.5180273,0.23681519,2.187474,0,0.98825756,4.0576315
2690,57,5278,754,2v60_C17_B_1498,0,surfdock,0.5180273,0.23681519,2.187474,0,0.9941897,5.8610365
2691,57,5775,825,2z48_A2G_A_1001,0,surfdock,0.5180273,0.23681519,2.187474,0,0,2.6642257
2692,57,5782,826,2z48_A2G_A_1005,0,surfdock,0.5180273,0.23681519,2.187474,0,0.98852892,2.7728808
2693,57,5789,827,2z48_A2G_B_2001,0,surfdock,0.5180273,0.23681519,2.187474,0,0,2.7870599
2694,57,5796,828,2z48_A2G_B_2005,0,surfdock,0.5180273,0.23681519,2.187474,0,0,2.6952069
2695,57,5803,829,2z48_NGA_A_1002,0,surfdock,0.5180273,0.23681519,2.187474,0,0,2.6916391
2696,57,5810,830,2z48_NGA_A_1003,0,surfdock,0.5180273,0.23681519,2.187474,0,0,2.7111553
2697,57,5817,831,2z48_NGA_A_1004,0,surfdock,0.5180273,0.23681519,2.187474,0,0,2.6848058
2698,57,5824,832,2z48_NGA_B_2002,0,surfdock,0.5180273,0.23681519,2.187474,0,0.97904807,2.6944507
2699,57,5831,833,2z48_NGA_B_2003,0,surfdock,0.5180273,0.23681519,2.187474,0,0.98433886,2.7226763
2700,57,5838,834,2z48_NGA_B_2004,0,surfdock,0.5180273,0.23681519,2.187474,0,0,2.6591698
2701,57,6370,910,3u3o_3QV_A_296,0,surfdock,0.5180273,0.23681519,2.187474,0,0,2.7611647
2702,57,6797,971,3wqs_KBK_B_503,0,surfdock,0.5180273,0.23681519,2.187474,0,0.99157589,3.6004611
2703,57,7609,1087,4clr_FDB_C_1270,0,surfdock,0.5180273,0.23681519,2.187474,0,0.15304424,2.3316405
2704,57,7616,1088,4clr_FDB_D_1270,0,surfdock,0.5180273,0.23681519,2.187474,0,0.99889934,2.2792768
2705,57,7840,1120,4d6z_PK9_A_1600,0,surfdock,0.5180273,0.23681519,2.187474,0,8.3803221e-06,3.7566903
2706,57,7903,1129,4do1_ANN_B_502,0,surfdock,0.5180273,0.23681519,2.187474,0,0.99638973,2.6886339
2707,57,7910,1130,4do1_ANN_C_502,0,surfdock,0.5180273,0.23681519,2.187474,0,0.99806827,2.5930361
2708,57,7952,1136,4du7_DP6_A_401,0,surfdock,0.5180273,0.23681519,2.187474,0,0.98583086,3.5652661
2709,57,7959,1137,4du7_DP6_B_401,0,surfdock,0.5180273,0.23681519,2.187474,0,0.98082006,3.4735105
2710,57,8267,1181,4gmu_OXL_A_705,0,surfdock,0.5180273,0.23681519,2.187474,0,0,2.1004316
2711,57,8554,1222,4i4v_NGA_A_202,0,surfdock,0.5180273,0.23681519,2.187474,0,0.96863382,2.6645247
2712,57,8568,1224,4i4v_NGA_B_202,0,surfdock,0.5180273,0.23681519,2.187474,0,0,2.7615746
2713,57,8575,1225,4i4v_NGA_D_201,0,surfdock,0.5180273,0.23681519,2.187474,0,0.98665319,2.5786067
2714,57,8582,1226,4i4v_NGA_D_202,0,surfdock,0.5180273,0.23681519,2.187474,0,0,2.6642417
2715,57,8624,1232,4i6y_MEV_A_501,0,surfdock,0.5180273,0.23681519,2.187474,0,0,2.4878581
2716,57,8785,1255,4j4b_0TF_A_904,0,surfdock,0.5180273,0.23681519,2.187474,0,0.97641548,3.5830967
2717,57,8792,1256,4j4b_0TF_B_301,0,surfdock,0.5180273,0.23681519,2.187474,0,0.97586855,3.5552565
2718,57,9037,1291,4l7p_M95_A_601,0,surfdock,0.5180273,0.23681519,2.187474,0,0.97495861,3.8747205
2719,57,9149,1307,4lxi_22J_A_301,0,surfdock,0.5180273,0.23681519,2.187474,0,0.90201603,3.632006
2720,57,9177,1311,4m2c_DAR_C_402,0,surfdock,0.5180273,0.23681519,2.187474,0,0.97985841,2.9672316
2721,57,9184,1312,4m2c_DAR_D_402,0,surfdock,0.5180273,0.23681519,2.187474,0,0,2.8617601
2722,58,4019,574,2fc0_DGP_A_239,1,unimol,0.71224453,0.26299011,2.7082551,0,0,18.09
2723,58,3647,521,2bxh_IOS_B_1002,0,surfdock,0.51942708,0.23715425,2.190249,0,0.00019830868,2.7457917
2724,58,7623,1089,4cme_KTZ_A_1270,0,surfdock,0.51942708,0.23715425,2.190249,0,0.9896458,3.8205152
2725,58,7630,1090,4cme_KTZ_B_1270,0,surfdock,0.51942708,0.23715425,2.190249,0,0.98976229,3.5023872
2726,58,7637,1091,4cme_KTZ_C_1270,0,surfdock,0.51942708,0.23715425,2.190249,0,0.99550674,3.5899261
2727,58,7644,1092,4cme_KTZ_D_1270,0,surfdock,0.51942708,0.23715425,2.190249,0,0.95432119,3.3143672
2728,58,8288,1184,4gt9_UMP_A_302,0,surfdock,0.51942708,0.23715425,2.190249,0,0.49790126,3.110952
2729,58,8862,1266,4jp3_CIT_A_301,0,surfdock,0.51942708,0.23715425,2.190249,0,0,2.9394392
2730,58,9044,1292,4l80_OXL_A_402,0,surfdock,0.51942708,0.23715425,2.190249,0,0.99550802,2.2808445
2731,58,9051,1293,4l80_OXL_B_402,0,surfdock,0.51942708,0.23715425,2.190249,0,0.98072824,2.1793839
2732,58,9058,1294,4l80_OXL_C_402,0,surfdock,0.51942708,0.23715425,2.190249,0,0.99606764,2.1267748
2733,58,9065,1295,4l80_OXL_D_402,0,surfdock,0.51942708,0.23715425,2.190249,0,0.99482162,2.2723322
2734,58,9072,1296,4l80_OXL_E_402,0,surfdock,0.51942708,0.23715425,2.190249,0,0.99179727,2.1333565
2735,58,9079,1297,4l80_OXL_F_402,0,surfdock,0.51942708,0.23715425,2.190249,0,0.99232612,2.1511185
2736,58,9359,1337,4n4j_HG1_A_608,0,surfdock,0.51942708,0.23715425,2.190249,0,0.0016010646,2.0092326
2737,58,9800,1400,4r3n_3GQ_B_404,0,surfdock,0.51942708,0.23715425,2.190249,0,0.86026705,2.7528801
2738,58,10003,1429,4ud9_FQI_H_1257,0,surfdock,0.51942708,0.23715425,2.190249,0,0.99553818,2.5610052
2739,58,10304,1472,4xf0_CYS_A_502,0,surfdock,0.51942708,0.23715425,2.190249,0,0.99501274,2.3204556
2740,58,10339,1477,4xpq_FUL_A_1003,0,surfdock,0.51942708,0.23715425,2.190249,0,0.017863074,2.3307931
2741,58,10346,1478,4xpq_FUL_A_1004,0,surfdock,0.51942708,0.23715425,2.190249,0,0.0056294515,2.0062277
2742,58,10528,1504,4z6p_DHY_C_403,0,surfdock,0.51942708,0.23715425,2.190249,0,0.98436267,2.8051257
2743,58,10934,1562,5af9_SJR_H_1250,0,surfdock,0.51942708,0.23715425,2.190249,0,2.8190952e-07,3.0890524
2744,58,11025,1575,5b4u_MLA_A_302,0,surfdock,0.51942708,0.23715425,2.190249,0,0,2.2741432
2745,58,11032,1576,5bk9_SIN_A_301,0,surfdock,0.51942708,0.23715425,2.190249,0,0.99492289,2.5050132
2746,58,11039,1577,5bkd_AKG_A_502,0,surfdock,0.51942708,0.23715425,2.190249,0,0.9889843,2.8840909
2747,58,11046,1578,5bkd_AKG_B_502,0,surfdock,0.51942708,0.23715425,2.190249,0,0.97236046,2.5903196
2748,58,11977,1711,5g21_YN4_A_1002,0,surfdock,0.51942708,0.23715425,2.190249,0,0.95834817,5.0657047
2749,58,12908,1844,5la1_XYP_A_602,0,surfdock,0.51942708,0.23715425,2.190249,0,0.088004989,2.095253
2750,58,12915,1845,5la2_ARB_A_606,0,surfdock,0.51942708,0.23715425,2.190249,0,0.046580092,2.1989986
2751,58,12922,1846,5la2_ARB_B_606,0,surfdock,0.51942708,0.23715425,2.190249,0,0,2.116045
2752,58,12978,1854,5m0t_AKG_A_302,0,surfdock,0.51942708,0.23715425,2.190249,0,0.99488046,2.727667
2753,58,12985,1855,5m0t_AKG_B_302,0,surfdock,0.51942708,0.23715425,2.190249,0,0.99435051,2.8556848
2754,58,13048,1864,5mot_HBD_A_402,0,surfdock,0.51942708,0.23715425,2.190249,0,0.94229475,2.187132
2755,58,13972,1996,5w7b_MYR_B_208,0,surfdock,0.51942708,0.23715425,2.190249,0,0.98258875,3.0239843
2756,58,14322,2046,5y8p_3OH_B_301,0,surfdock,0.51942708,0.23715425,2.190249,0,0.41505808,2.0536081
2757,58,14399,2057,5ybl_AKG_C_302,0,surfdock,0.51942708,0.23715425,2.190249,0,0.9948874,2.6361814
2758,58,14413,2059,5ybp_AKG_A_302,0,surfdock,0.51942708,0.23715425,2.190249,0,0.99764391,2.5540868
2759,58,14441,2063,5ybq_AKG_A_302,0,surfdock,0.51942708,0.23715425,2.190249,0,0.99649565,2.6230688
2760,58,14658,2094,6a3j_SOE_A_402,0,surfdock,0.51942708,0.23715425,2.190249,0,0.0089691686,2.70716
2761,58,14756,2108,6b9p_D0J_A_1001,0,surfdock,0.51942708,0.23715425,2.190249,0,0.83438537,4.025449
2762,58,14763,2109,6b9p_D0J_B_1001,0,surfdock,0.51942708,0.23715425,2.190249,0,0.17947829,4.1147184
2763,58,15015,2145,6e2w_DP6_A_403,0,surfdock,0.51942708,0.23715425,2.190249,0,0.98644199,3.5862724
2764,58,15337,2191,6fs7_E4Z_A_903,0,surfdock,0.51942708,0.23715425,2.190249,0,0,4.3990724
2765,58,15344,2192,6fs7_E4Z_B_903,0,surfdock,0.51942708,0.23715425,2.190249,0,0,4.5708195
2766,58,15358,2194,6fs7_E4Z_D_903,0,surfdock,0.51942708,0.23715425,2.190249,0,0.59360106,4.6652843
2767,58,15365,2195,6fs7_E4Z_E_903,0,surfdock,0.51942708,0.23715425,2.190249,0,0,4.4860731
2768,58,15372,2196,6fs7_E4Z_F_903,0,surfdock,0.51942708,0.23715425,2.190249,0,0.00056997011,4.6432709
2769,58,15393,2199,6g3f_FUM_A_601,0,surfdock,0.51942708,0.23715425,2.190249,0,0.97490132,2.2722554
2770,58,15407,2201,6gck_EUB_A_302,0,surfdock,0.51942708,0.23715425,2.190249,0,0.82353599,3.3976825
2771,58,15414,2202,6gck_EUB_C_302,0,surfdock,0.51942708,0.23715425,2.190249,0,0.99039091,2.3450384
2772,59,17549,2507,6xu3_PLP_D_401,0,surfdock,0.75905749,0.34775371,2.1827435,0,0,3.3555834
2773,59,17535,2505,6xu3_PLG_B_401,0,surfdock,0.7449665,0.29355509,2.537739,0,0,3.7595429
2774,59,17542,2506,6xu3_PLG_C_401,0,surfdock,0.71687027,0.28657891,2.5014751,0,0.98334706,3.8449804
2775,59,6636,948,3w4i_8LG_B_402,0,surfdock,0.61836691,0.28329789,2.1827435,0,0.34595657,2.161602
2776,59,6643,949,3w4i_8LG_C_402,0,surfdock,0.61836691,0.28329789,2.1827435,0,0.99651356,2.7762108
2777,59,14679,2097,6ald_2FP_A_700,0,surfdock,0.61836691,0.28329789,2.1827435,0,0,3.3039596
2778,59,14686,2098,6ald_2FP_B_700,0,surfdock,0.61836691,0.28329789,2.1827435,0,0,3.4088113
2779,59,9360,1337,4n4j_HG1_A_608,1,unimol,0.71066453,0.24084269,2.9507406,0,0.86529873,18.12
2780,59,1323,189,1jyx_IPT_A_2002,0,surfdock,0.52293469,0.23957668,2.1827435,0,0.00063031565,2.8837358
2781,59,2639,377,1tvw_CB3_A_318,0,surfdock,0.52293469,0.23957668,2.1827435,0,0.18547571,4.6013381
2782,59,3927,561,2ei7_D93_A_700,0,surfdock,0.52293469,0.23957668,2.1827435,0,0,4.5935335
2783,59,5138,734,2r5e_QLP_A_430,0,surfdock,0.52293469,0.23957668,2.1827435,0,0,4.5880256
2784,59,5726,818,2yjd_YJD_A_1498,0,surfdock,0.52293469,0.23957668,2.1827435,0,0.99391657,3.6635991
2785,59,5733,819,2yjd_YJD_B_1498,0,surfdock,0.52293469,0.23957668,2.1827435,0,0,6.6417426
2786,59,6538,934,3vmg_9CA_C_2002,0,surfdock,0.52293469,0.23957668,2.1827435,0,0,3.7688702
2787,59,6993,999,3zr0_8OG_A_1157,0,surfdock,0.52293469,0.23957668,2.1827435,0,0.9732504,3.8000082
2788,59,8281,1183,4gt9_MEF_A_304,0,surfdock,0.52293469,0.23957668,2.1827435,0,0,3.1851156
2789,59,8421,1203,4hoz_GLC_A_703,0,surfdock,0.52293469,0.23957668,2.1827435,0,0.99290205,2.7397413
2790,59,9128,1304,4lol_1YE_A_402,0,surfdock,0.52293469,0.23957668,2.1827435,0,0.99567078,3.7242259
2791,59,9240,1320,4mju_27S_A_501,0,surfdock,0.52293469,0.23957668,2.1827435,0,0.67541437,4.0897363
2792,59,9324,1332,4n36_2F8_B_401,0,surfdock,0.52293469,0.23957668,2.1827435,0,0,2.8258597
2793,59,9331,1333,4n36_2F8_C_401,0,surfdock,0.52293469,0.23957668,2.1827435,0,0,2.6603025
2794,59,9751,1393,4qxc_OGA_A_600,0,surfdock,0.52293469,0.23957668,2.1827435,0,0.99713744,2.8374349
2795,59,9758,1394,4qxc_OGA_C_600,0,surfdock,0.52293469,0.23957668,2.1827435,0,0,2.7186117
2796,59,10115,1445,4v2z_Y70_A_151,0,surfdock,0.52293469,0.23957668,2.1827435,0,0.99272155,3.288723
2797,59,10150,1450,4wbd_CIT_A_602,0,surfdock,0.52293469,0.23957668,2.1827435,0,0.89966864,2.7331183
2798,59,10948,1564,5agl_CCW_B_800,0,surfdock,0.52293469,0.23957668,2.1827435,0,0.82902421,3.176015
2799,59,10955,1565,5agn_4JK_A_800,0,surfdock,0.52293469,0.23957668,2.1827435,0,0,3.0282708
2800,59,10962,1566,5agn_4JK_B_800,0,surfdock,0.52293469,0.23957668,2.1827435,0,2.7294901e-06,2.9000287
2801,59,11053,1579,5bkd_RCF_B_503,0,surfdock,0.52293469,0.23957668,2.1827435,0,0.78975612,3.4879136
2802,59,12075,1725,5gri_CIT_B_401,0,surfdock,0.52293469,0.23957668,2.1827435,0,0.71560247,2.082705
2803,59,12152,1736,5h5k_C5P_B_203,0,surfdock,0.52293469,0.23957668,2.1827435,0,0.98619093,3.5220093
2804,59,12215,1745,5hfa_FP1_A_608,0,surfdock,0.52293469,0.23957668,2.1827435,0,0.0055357731,2.569883
2805,59,12222,1746,5hfa_FP1_B_609,0,surfdock,0.52293469,0.23957668,2.1827435,0,0.0041199842,2.4820926
2806,59,12285,1755,5hxi_5HN_A_403,0,surfdock,0.52293469,0.23957668,2.1827435,0,0.99486855,2.2887044
2807,59,12390,1770,5icf_SAU_A_402,0,surfdock,0.52293469,0.23957668,2.1827435,0,0,3.7455659
2808,59,12887,1841,5l9v_OGA_A_502,0,surfdock,0.52293469,0.23957668,2.1827435,0,0.99676817,2.7697512
2809,59,12894,1842,5l9v_OGA_B_502,0,surfdock,0.52293469,0.23957668,2.1827435,0,0.99753535,2.7653912
2810,59,13230,1890,5o4j_PJL_A_304,0,surfdock,0.52293469,0.23957668,2.1827435,0,0.24224215,2.8153998
2811,59,13307,1901,5oo4_URI_A_201,0,surfdock,0.52293469,0.23957668,2.1827435,0,0.97431333,3.1598202
2812,59,13314,1902,5ooa_URI_A_201,0,surfdock,0.52293469,0.23957668,2.1827435,0,0.98805986,3.1419623
2813,59,13321,1903,5osf_A9E_A_404,0,surfdock,0.52293469,0.23957668,2.1827435,0,0.94604718,2.9091523
2814,59,13384,1912,5t6b_TMP_B_504,0,surfdock,0.52293469,0.23957668,2.1827435,0,0,3.5422913
2815,59,13391,1913,5t6b_TMP_D_503,0,surfdock,0.52293469,0.23957668,2.1827435,0,0,3.5440493
2816,59,13510,1930,5thu_B3N_A_404,0,surfdock,0.52293469,0.23957668,2.1827435,0,0.83072565,3.6242909
2817,59,13517,1931,5thu_B3N_B_404,0,surfdock,0.52293469,0.23957668,2.1827435,0,0,3.6837984
2818,59,13531,1933,5tix_OQR_A_302,0,surfdock,0.52293469,0.23957668,2.1827435,0,0,3.651984
2819,59,13538,1934,5tix_OQR_B_302,0,surfdock,0.52293469,0.23957668,2.1827435,0,0,3.5958046
2820,59,13804,1972,5v31_ARG_A_401,0,surfdock,0.52293469,0.23957668,2.1827435,0,0,2.8812195
2821,59,14056,2008,5x0j_SEP_A_302,0,surfdock,0.52293469,0.23957668,2.1827435,0,0,2.7351516
2822,60,14819,2117,6btn_E8M_A_304,0,surfdock,0.6146258,0.28157545,2.1828094,0,0,3.943499
2823,60,637,91,1gey_PPE_A_413,0,surfdock,0.51970407,0.23808944,2.1828094,0,0,3.9491909
2824,60,3003,429,1xin_XYL_A_397,0,surfdock,0.51970407,0.23808944,2.1828094,0,0.77721827,4.9799165
2825,60,3010,430,1xin_XYL_B_397,0,surfdock,0.51970407,0.23808944,2.1828094,0,0.98988845,2.6014409
2826,60,3017,431,1xin_XYL_C_397,0,surfdock,0.51970407,0.23808944,2.1828094,0,0.98328384,2.6117917
2827,60,3024,432,1xin_XYL_D_397,0,surfdock,0.51970407,0.23808944,2.1828094,0,0.98686733,2.4667065
2828,60,4487,641,2ji6_TPW_A_1566,0,surfdock,0.51970407,0.23808944,2.1828094,0,0,4.530183
2829,60,4494,642,2ji6_TPW_B_1566,0,surfdock,0.51970407,0.23808944,2.1828094,0,0,4.8316653
2830,60,4732,676,2pd5_ZST_A_600,0,surfdock,0.51970407,0.23808944,2.1828094,0,0.99154006,4.3385824
2831,60,4844,692,2q28_TPP_A_4001,0,surfdock,0.51970407,0.23808944,2.1828094,0,0.90482135,4.0171504
2832,60,4851,693,2q28_TPP_B_5001,0,surfdock,0.51970407,0.23808944,2.1828094,0,0,3.9050466
2833,60,5334,762,2vlf_PLI_B_1459,0,surfdock,0.51970407,0.23808944,2.1828094,0,0,4.03213
2834,60,5607,801,2xta_TPP_C_2001,0,surfdock,0.51970407,0.23808944,2.1828094,0,0.95225006,4.3915352
2835,60,5614,802,2xta_TPP_D_2001,0,surfdock,0.51970407,0.23808944,2.1828094,0,0,4.5752978
2836,60,6769,967,3wjz_NUP_A_301,0,surfdock,0.51970407,0.23808944,2.1828094,0,0,3.6776969
2837,60,7154,1022,4ajj_88R_B_1333,0,surfdock,0.51970407,0.23808944,2.1828094,0,0.99150414,2.4798312
2838,60,7161,1023,4ajj_88R_C_1335,0,surfdock,0.51970407,0.23808944,2.1828094,0,0.9930883,3.3811996
2839,60,7196,1028,4ajj_MLI_A_1333,0,surfdock,0.51970407,0.23808944,2.1828094,0,0.99369265,2.2051053
2840,60,7203,1029,4ajj_MLI_D_1333,0,surfdock,0.51970407,0.23808944,2.1828094,0,0,2.0752333
2841,60,8519,1217,4i0b_CMP_A_301,0,surfdock,0.51970407,0.23808944,2.1828094,0,0.53440727,3.9218496
2842,60,8533,1219,4i0b_CMP_B_301,0,surfdock,0.51970407,0.23808944,2.1828094,0,0.89837496,3.7810162
2843,60,9135,1305,4luu_BTM_A_704,0,surfdock,0.51970407,0.23808944,2.1828094,0,0.00048386375,3.1276323
2844,60,9156,1308,4lz3_BTM_A_409,0,surfdock,0.51970407,0.23808944,2.1828094,0,0.98642741,3.0659308
2845,60,9366,1338,4n5p_2H0_E_412,0,surfdock,0.51970407,0.23808944,2.1828094,0,0.99056021,3.8310382
2846,60,10080,1440,4ur9_OAN_B_1718,0,surfdock,0.51970407,0.23808944,2.1828094,0,0.89753483,3.9499942
2847,60,10164,1452,4wdd_CIT_A_401,0,surfdock,0.51970407,0.23808944,2.1828094,0,0.98767434,2.6589179
2848,60,10444,1492,4ysx_MLI_A_701,0,surfdock,0.51970407,0.23808944,2.1828094,0,0.99129179,2.237314
2849,60,10899,1557,5abz_Z47_A_201,0,surfdock,0.51970407,0.23808944,2.1828094,0,0.98239623,3.5227389
2850,61,3185,455,1zei_CRS_C_56,0,surfdock,0.75548738,0.34126558,2.2137804,0,0.99600051,2.0594273
2851,61,3213,459,1zei_CRS_F_54,0,surfdock,0.75466291,0.34089315,2.2137804,0,0.99545588,2.1275344
2852,61,3199,457,1zei_CRS_E_54,0,surfdock,0.75210731,0.33973875,2.2137804,0,0.99604346,2.2079328
2853,61,3192,456,1zei_CRS_D_54,0,surfdock,0.73979885,0.33875974,2.1838443,0,0.036488016,2.1399407
2854,61,3220,460,1zei_CRS_F_55,0,surfdock,0.75195916,0.33344628,2.2551124,0,0.24575348,2.1300459
2855,61,17479,2497,6wiw_I14_B_601,0,surfdock,0.65943484,0.30196042,2.1838443,0,0.95102656,4.1794404
2856,61,6118,874,3rgz_BLD_A_800,0,surfdock,0.61621902,0.28217156,2.1838443,0,0.025871044,4.6754073
2857,61,15428,2204,6gl4_GLU_B_301,0,surfdock,0.61621902,0.26470233,2.3279688,0,0,2.6146568
2858,61,9499,1357,4npm_SIN_A_301,0,surfdock,0.5695173,0.26078647,2.1838443,0,0.99523311,2.5402076
2859,61,13279,1897,5oew_GLU_A_301,0,surfdock,0.61621902,0.24515687,2.5135694,0,0,2.3361478
2860,61,13286,1898,5oew_GLU_B_902,0,surfdock,0.61621902,0.24515687,2.5135694,0,0,2.7533071
2861,61,5656,808,2xyj_WLM_A_1442,0,surfdock,0.52107303,0.23860346,2.1838443,0,0,4.4595814
2862,61,5663,809,2xyj_WLM_B_1441,0,surfdock,0.52107303,0.23860346,2.1838443,0,0.85546994,5.0574008
2863,61,5670,810,2xyj_WLM_B_1442,0,surfdock,0.52107303,0.23860346,2.1838443,0,0.92627018,4.93018
2864,61,7427,1061,4c2z_646_A_1498,0,surfdock,0.52107303,0.23860346,2.1838443,0,0.95322667,6.6881694
2865,61,7434,1062,4c2z_646_B_1498,0,surfdock,0.52107303,0.23860346,2.1838443,0,0,4.892861
2866,61,8295,1185,4gy9_ZIP_A_201,0,surfdock,0.52107303,0.23860346,2.1838443,0,0.99409346,3.0900416
2867,61,8855,1265,4jhh_H35_A_201,0,surfdock,0.52107303,0.23860346,2.1838443,0,0.96983172,3.172112
2868,61,8876,1268,4jxh_HRC_A_301,0,surfdock,0.52107303,0.23860346,2.1838443,0,0.98481105,3.1521944
2869,61,9849,1407,4rkz_3S4_B_401,0,surfdock,0.52107303,0.23860346,2.1838443,0,0,3.0362343
2870,61,10689,1527,4zsy_RW2_D_502,0,surfdock,0.52107303,0.23860346,2.1838443,0,0,4.4039708
2871,61,10843,1549,5a7p_6Z1_A_1361,0,surfdock,0.52107303,0.23860346,2.1838443,0,0.92192178,3.9367071
2872,61,10850,1550,5a7p_6Z1_B_1361,0,surfdock,0.52107303,0.23860346,2.1838443,0,0.9926639,3.7124536
2873,61,10920,1560,5aew_BNL_C_462,0,surfdock,0.52107303,0.23860346,2.1838443,0,0,2.7472478
2874,61,10927,1561,5aew_BNL_I_462,0,surfdock,0.52107303,0.23860346,2.1838443,0,0.99844431,2.7621883
2875,61,11130,1590,5cfw_53W_A_201,0,surfdock,0.52107303,0.23860346,2.1838443,0,6.2280362e-05,4.1074991
2876,61,11305,1615,5did_5CK_A_601,0,surfdock,0.52107303,0.23860346,2.1838443,0,0.99497961,3.6881318
2877,61,11319,1617,5die_5CJ_A_601,0,surfdock,0.52107303,0.23860346,2.1838443,0,0.9934629,3.8432884
2878,61,11438,1634,5dzh_5KG_A_900,0,surfdock,0.52107303,0.23860346,2.1838443,0,0.98964519,4.2396554
2879,61,11445,1635,5dzh_5KG_B_901,0,surfdock,0.52107303,0.23860346,2.1838443,0,0,4.1346289
2880,61,11795,1685,5fkl_TDC_A_222,0,surfdock,0.52107303,0.23860346,2.1838443,0,0,4.3808355
2881,61,11984,1712,5g44_I6G_A_1510,0,surfdock,0.52107303,0.23860346,2.1838443,0,0.99529456,2.8782603
2882,61,12005,1715,5g4r_LF1_A_1739,0,surfdock,0.52107303,0.23860346,2.1838443,0,0.93962611,4.6108603
2883,61,12012,1716,5g4r_LF1_B_1739,0,surfdock,0.52107303,0.23860346,2.1838443,0,0,4.073532
2884,61,12019,1717,5g4r_LF1_C_1739,0,surfdock,0.52107303,0.23860346,2.1838443,0,0.98728553,4.1278043
2885,61,12026,1718,5g4r_LF1_D_1739,0,surfdock,0.52107303,0.23860346,2.1838443,0,0.36085273,4.3883815
2886,61,12110,1730,5gzz_GSH_C_301,0,surfdock,0.52107303,0.23860346,2.1838443,0,0.9453332,3.6136343
2887,61,12117,1731,5gzz_GSH_D_301,0,surfdock,0.52107303,0.23860346,2.1838443,0,0.98052436,3.5312485
2888,61,12124,1732,5gzz_GSH_E_301,0,surfdock,0.52107303,0.23860346,2.1838443,0,0.89858757,3.4725561
2889,61,12187,1741,5ha7_WY1_A_402,0,surfdock,0.52107303,0.23860346,2.1838443,0,0.59192995,3.2768745
2890,61,12194,1742,5ha7_WY1_B_402,0,surfdock,0.52107303,0.23860346,2.1838443,0,0,3.4534377
2891,61,12327,1761,5i5t_67X_A_402,0,surfdock,0.52107303,0.23860346,2.1838443,0,0.96197103,3.0057838
2892,61,12334,1762,5i5t_67X_B_402,0,surfdock,0.52107303,0.23860346,2.1838443,0,0.99593959,3.0629267
2893,61,12481,1783,5irw_D9P_A_202,0,surfdock,0.52107303,0.23860346,2.1838443,0,0.92349947,3.1542908
2894,61,12495,1785,5ita_6DC_A_801,0,surfdock,0.52107303,0.23860346,2.1838443,0,0.97928989,4.5431021
2895,61,12502,1786,5ita_6DC_B_801,0,surfdock,0.52107303,0.23860346,2.1838443,0,0.51378784,4.4532884
2896,61,12607,1801,5j61_A3G_A_501,0,surfdock,0.52107303,0.23860346,2.1838443,0,0.98920645,3.6518427
2897,61,12614,1802,5j61_A3G_C_501,0,surfdock,0.52107303,0.23860346,2.1838443,0,0,3.9663754
2898,61,12621,1803,5j61_A3G_D_501,0,surfdock,0.52107303,0.23860346,2.1838443,0,0.97440373,3.7482396
2899,61,12628,1804,5j61_A3G_E_501,0,surfdock,0.52107303,0.23860346,2.1838443,0,0,3.9847741
2900,62,133,19,1aua_BOG_A_1,0,surfdock,0.61879757,0.25273352,2.4484181,0,0,3.3150406
2901,62,5313,759,2vjb_CCD_B_1539,0,surfdock,0.61879757,0.24434062,2.5325193,0,0,2.8112015
2902,62,4816,688,2pvy_ACP_D_802,0,surfdock,0.53082795,0.24321877,2.1825113,0,0.97872743,3.0163561
2903,62,5299,757,2vjb_CCD_A_1539,0,surfdock,0.61879757,0.24317066,2.544704,0,0.87407036,2.8168837
2904,62,2884,412,1w55_C_A_1372,0,surfdock,0.52327834,0.23975963,2.1825113,0,1.4510704e-05,2.9015676
2905,62,3689,527,2c6q_IMP_A_1337,0,surfdock,0.52327834,0.23975963,2.1825113,0,0.95838321,3.8342806
2906,62,3696,528,2c6q_IMP_B_1339,0,surfdock,0.52327834,0.23975963,2.1825113,0,0,3.8397259
2907,62,3703,529,2c6q_IMP_C_1337,0,surfdock,0.52327834,0.23975963,2.1825113,0,0.99548347,3.7831181
2908,62,3710,530,2c6q_IMP_D_1337,0,surfdock,0.52327834,0.23975963,2.1825113,0,0.95736072,3.9253672
2909,62,3717,531,2c6q_IMP_E_1337,0,surfdock,0.52327834,0.23975963,2.1825113,0,0.52824311,3.8296305
2910,62,3724,532,2c6q_IMP_G_1338,0,surfdock,0.52327834,0.23975963,2.1825113,0,0.99621839,3.9007411
2911,62,3731,533,2c6q_IMP_H_1337,0,surfdock,0.52327834,0.23975963,2.1825113,0,0,3.9403654
2912,62,4809,687,2pvy_ACP_A_802,0,surfdock,0.52327834,0.23975963,2.1825113,0,0.98973713,3.1206346
2913,62,7014,1002,3zwt_KFZ_A_1401,0,surfdock,0.52327834,0.23975963,2.1825113,0,0.98430495,3.8483007
2914,62,8197,1171,4g1q_T27_A_601,0,surfdock,0.52327834,0.23975963,2.1825113,0,0,3.5897501
2915,62,8407,1201,4hon_AKG_A_401,0,surfdock,0.52327834,0.23975963,2.1825113,0,0.99662671,2.7235457
2916,62,8414,1202,4hon_AKG_B_401,0,surfdock,0.52327834,0.23975963,2.1825113,0,0.99329821,2.7992165
2917,62,8540,1220,4i2p_G73_A_601,0,surfdock,0.52327834,0.23975963,2.1825113,0,0.9862799,4.7205472
2918,62,8645,1235,4i7n_1DJ_B_203,0,surfdock,0.52327834,0.23975963,2.1825113,0,0.99866992,2.6774523
2919,62,9576,1368,4p5y_NGA_A_201,0,surfdock,0.52327834,0.23975963,2.1825113,0,0.9865421,2.7555941
2920,62,9583,1369,4p7q_NAG_A_703,0,surfdock,0.52327834,0.23975963,2.1825113,0,0.084504057,2.6983645
2921,62,9590,1370,4p7q_NAG_A_704,0,surfdock,0.52327834,0.23975963,2.1825113,0,0,2.5964143
2922,62,10612,1516,4zhd_4OZ_C_202,0,surfdock,0.52327834,0.23975963,2.1825113,0,0.015308782,3.5120573
2923,62,11256,1608,5dav_58J_A_402,0,surfdock,0.52327834,0.23975963,2.1825113,0,0,3.6022738
2924,62,11900,1700,5fv3_OGA_A_1770,0,surfdock,0.52327834,0.23975963,2.1825113,0,0.99799561,2.8540856
2925,62,12257,1751,5hss_64Z_A_402,0,surfdock,0.52327834,0.23975963,2.1825113,0,0.97133303,2.7930232
2926,62,12264,1752,5hss_64Z_D_403,0,surfdock,0.52327834,0.23975963,2.1825113,0,0,2.8268749
2927,62,12425,1775,5ijz_AKG_B_502,0,surfdock,0.52327834,0.23975963,2.1825113,0,0,2.7554986
2928,62,12432,1776,5ijz_AKG_C_502,0,surfdock,0.52327834,0.23975963,2.1825113,0,0,2.6837369
2929,62,12439,1777,5ijz_AKG_D_502,0,surfdock,0.52327834,0.23975963,2.1825113,0,0.99187262,2.6546177
2930,62,12446,1778,5ijz_AKG_H_502,0,surfdock,0.52327834,0.23975963,2.1825113,0,0,2.5232767
2931,62,12656,1808,5j6y_GLC_A_309,0,surfdock,0.52327834,0.23975963,2.1825113,0,0,2.4469272
2932,62,13034,1862,5mdh_MAK_A_335,0,surfdock,0.52327834,0.23975963,2.1825113,0,0,2.4248993
2933,62,13041,1863,5mdh_MAK_B_335,0,surfdock,0.52327834,0.23975963,2.1825113,0,0.48841866,2.3427831
2934,62,13132,1876,5njb_BB2_A_502,0,surfdock,0.52327834,0.23975963,2.1825113,0,0.95977064,4.4224969
2935,62,13139,1877,5njb_BB2_C_502,0,surfdock,0.52327834,0.23975963,2.1825113,0,0.96875337,4.3337833
2936,62,13237,1891,5o4k_9KE_A_405,0,surfdock,0.52327834,0.23975963,2.1825113,0,0.94895827,3.6962761
2937,62,13349,1907,5sga_TYR_P_1,0,surfdock,0.52327834,0.23975963,2.1825113,0,0,4.7938696
2938,62,13370,1910,5t3h_BEN_A_302,0,surfdock,0.52327834,0.23975963,2.1825113,0,0.99801722,2.3055867
2939,62,13412,1916,5tch_MLI_A_301,0,surfdock,0.52327834,0.23975963,2.1825113,0,0.99560524,2.2362386
2940,62,13419,1917,5tch_MLI_B_501,0,surfdock,0.52327834,0.23975963,2.1825113,0,0.99862595,2.1242608
2941,62,13426,1918,5tch_MLI_D_501,0,surfdock,0.52327834,0.23975963,2.1825113,0,0.99581503,2.2337338
2942,62,13433,1919,5tch_MLI_E_301,0,surfdock,0.52327834,0.23975963,2.1825113,0,0.99810456,2.1694318
2943,62,13440,1920,5tch_MLI_F_501,0,surfdock,0.52327834,0.23975963,2.1825113,0,0.99787196,2.262593
2944,62,13447,1921,5tch_MLI_G_301,0,surfdock,0.52327834,0.23975963,2.1825113,0,0.99705808,2.3257489
2945,62,13454,1922,5tch_MLI_H_501,0,surfdock,0.52327834,0.23975963,2.1825113,0,0.93544723,2.2382551
2946,62,13601,1943,5u5x_TP5_A_302,0,surfdock,0.52327834,0.23975963,2.1825113,0,0.99792246,2.3799534
2947,62,13615,1945,5u8z_83D_A_602,0,surfdock,0.52327834,0.23975963,2.1825113,0,0,3.429471
2948,62,13622,1946,5u8z_83D_B_602,0,surfdock,0.52327834,0.23975963,2.1825113,0,3.3227494e-07,3.4737884
2949,62,13629,1947,5u8z_83D_C_602,0,surfdock,0.52327834,0.23975963,2.1825113,0,2.5714219e-07,3.4398438
2950,63,4536,648,2nry_STU_C_503,0,surfdock,0.74930826,0.34328927,2.1827304,0,0.99268149,4.9439056
2951,63,4543,649,2nry_STU_D_501,0,surfdock,0.7432504,0.34051391,2.1827304,0,0.99343246,4.9969553
2952,63,4529,647,2nry_STU_A_504,0,surfdock,0.74221019,0.34003735,2.1827304,0,0.99421219,5.0333872
2953,63,6510,930,3vc3_C6P_D_501,0,surfdock,0.73290477,0.28222756,2.5968566,0,0,4.2683375
2954,63,6524,932,3vc3_C6P_F_501,0,surfdock,0.73202046,0.28188703,2.5968566,0,0.64304037,4.1961572
2955,63,6517,931,3vc3_C6P_E_501,0,surfdock,0.72089996,0.27935687,2.580569,0,0.95757499,4.2312206
2956,63,6503,929,3vc3_C6P_C_501,0,surfdock,0.72837254,0.27894491,2.6111689,0,0,4.1588311
2957,63,6496,928,3vc3_C6P_B_501,0,surfdock,0.71838633,0.27512049,2.6111689,0,3.2435431e-05,4.2278885
2958,63,9730,1390,4qck_ASD_A_404,0,surfdock,0.62038565,0.2721192,2.2798295,0,0.97764501,2.5859804
2959,63,16779,2397,6r0i_JNB_A_901,0,surfdock,0.75641564,0.26666813,2.8365421,0,0.99443317,4.3546084
2960,63,4571,653,2ntk_IMP_D_208,0,surfdock,0.62038565,0.24430714,2.5393667,0,0,3.7238533
2961,63,6244,892,3sp6_IL2_A_901,0,surfdock,0.52461098,0.2403461,2.1827304,0,0,4.3345224
2962,63,8085,1155,4ejh_0QA_D_502,0,surfdock,0.52461098,0.2403461,2.1827304,0,0,3.2009156
2963,63,9170,1310,4lz7_1YW_C_804,0,surfdock,0.52461098,0.2403461,2.1827304,0,0,3.7917553
2964,63,9891,1413,4tq4_DMA_B_403,0,surfdock,0.52461098,0.2403461,2.1827304,0,0,3.0358262
2965,63,9905,1415,4tq4_DMA_D_403,0,surfdock,0.52461098,0.2403461,2.1827304,0,0.9842704,3.1070621
2966,63,10563,1509,4zbc_FRU_A_409,0,surfdock,0.52461098,0.2403461,2.1827304,0,0.99597874,2.616858
2967,63,10570,1510,4zbc_FRU_A_410,0,surfdock,0.52461098,0.2403461,2.1827304,0,0.007092705,2.5952144
2968,63,10577,1511,4zbc_FRU_B_408,0,surfdock,0.52461098,0.2403461,2.1827304,0,0.0056344966,2.466939
2969,63,11263,1609,5ddu_PMP_A_601,0,surfdock,0.52461098,0.2403461,2.1827304,0,0.98996833,3.4104584
2970,63,11270,1610,5ddu_PMP_B_601,0,surfdock,0.52461098,0.2403461,2.1827304,0,0.21266363,3.185501
2971,63,11277,1611,5ddu_PMP_C_601,0,surfdock,0.52461098,0.2403461,2.1827304,0,0.9915381,3.33637
2972,63,11284,1612,5ddu_PMP_D_601,0,surfdock,0.52461098,0.2403461,2.1827304,0,0.99385418,3.3943615
2973,63,11760,1680,5fe4_5WY_A_903,0,surfdock,0.52461098,0.2403461,2.1827304,0,0.9972424,2.5724385
2974,63,11767,1681,5fe4_5WY_B_904,0,surfdock,0.52461098,0.2403461,2.1827304,0,0.99617209,2.599196
2975,63,11914,1702,5fwe_OGA_A_1358,0,surfdock,0.52461098,0.2403461,2.1827304,0,0.99620838,2.6985111
2976,63,11921,1703,5fwe_OGA_B_1359,0,surfdock,0.52461098,0.2403461,2.1827304,0,0,2.9125906
2977,63,11942,1706,5g09_6DF_A_1475,0,surfdock,0.52461098,0.2403461,2.1827304,0,0,4.2912402
2978,63,11949,1707,5g09_6DF_B_1474,0,surfdock,0.52461098,0.2403461,2.1827304,0,0.98969785,4.1698878
2979,63,11956,1708,5g09_6DF_C_1475,0,surfdock,0.52461098,0.2403461,2.1827304,0,0,4.3781633
2980,63,11963,1709,5g09_6DF_D_1476,0,surfdock,0.52461098,0.2403461,2.1827304,0,0.9898245,4.1086181
2981,63,12229,1747,5hgz_MLA_A_302,0,surfdock,0.52461098,0.2403461,2.1827304,0,0.87498562,2.2657783
2982,63,12236,1748,5hgz_MLA_A_303,0,surfdock,0.52461098,0.2403461,2.1827304,0,0.97848244,1.9900539
2983,63,12341,1763,5i7r_68W_A_402,0,surfdock,0.52461098,0.2403461,2.1827304,0,0.8057277,3.9138716
2984,63,12663,1809,5jdv_EVF_B_302,0,surfdock,0.52461098,0.2403461,2.1827304,0,0.9943729,2.7725391
2985,63,12670,1810,5je7_EVF_B_302,0,surfdock,0.52461098,0.2403461,2.1827304,0,0.99305987,2.7529429
2986,63,12677,1811,5jep_EVF_B_302,0,surfdock,0.52461098,0.2403461,2.1827304,0,0.99295943,2.8940951
2987,63,12684,1812,5jep_EVF_B_303,0,surfdock,0.52461098,0.2403461,2.1827304,0,0.45918749,2.5357858
2988,63,12768,1824,5k2c_ZMA_A_1201,0,surfdock,0.52461098,0.2403461,2.1827304,0,0,3.7117504
2989,63,12817,1831,5kf2_COA_A_401,0,surfdock,0.52461098,0.2403461,2.1827304,0,0.91137968,3.6807374
2990,63,12971,1853,5m0e_7CR_A_922,0,surfdock,0.52461098,0.2403461,2.1827304,0,0.89477815,4.7786531
2991,63,13160,1880,5nuk_Z80_A_201,0,surfdock,0.52461098,0.2403461,2.1827304,0,0.97926673,3.657142
2992,63,14210,2030,5xmq_PLG_A_501,0,surfdock,0.52461098,0.2403461,2.1827304,0,0,3.6743093
2993,63,14217,2031,5xmq_PLG_B_501,0,surfdock,0.52461098,0.2403461,2.1827304,0,2.7062575e-05,3.4261503
2994,63,14224,2032,5xmq_PLG_C_501,0,surfdock,0.52461098,0.2403461,2.1827304,0,0.99155092,3.5081732
2995,63,14259,2037,5xvv_AKG_A_508,0,surfdock,0.52461098,0.2403461,2.1827304,0,0,2.6650077
2996,63,14266,2038,5xvv_AKG_B_506,0,surfdock,0.52461098,0.2403461,2.1827304,0,0,2.6189231
2997,63,14273,2039,5xvv_AKG_C_504,0,surfdock,0.52461098,0.2403461,2.1827304,0,0.98379346,2.6807016
2998,63,14308,2044,5y8k_SER_A_301,0,surfdock,0.52461098,0.2403461,2.1827304,0,0,2.2266843
2999,63,14518,2074,5z54_0HZ_D_303,0,surfdock,0.52461098,0.2403461,2.1827304,0,0.98743691,3.3965882
3000,64,7287,1041,4b98_PXG_C_470,0,surfdock,0.62187747,0.27062162,2.2979584,0,0,4.3627894
3001,64,7294,1042,4b98_PXG_D_470,0,surfdock,0.62187747,0.27062162,2.2979584,0,0.99305579,4.3619536
3002,64,2870,410,1w3t_3GR_B_1297,0,surfdock,0.6210814,0.24726206,2.5118337,0,0.97220018,2.0490043
3003,64,4298,614,2hs3_FGR_A_2166,0,surfdock,0.52588518,0.24066441,2.185138,0,0.92818262,3.9436492
3004,64,7574,1082,4cle_JR2_A_1271,0,surfdock,0.52588518,0.24066441,2.185138,0,0,2.8784623
3005,64,9744,1392,4qpe_37E_A_901,0,surfdock,0.52588518,0.24066441,2.185138,0,0.99374267,3.0125852
3006,64,10052,1436,4uoc_NCN_B_400,0,surfdock,0.52588518,0.24066441,2.185138,0,0,3.7150079
3007,64,10122,1446,4v36_LYN_A_1851,0,surfdock,0.52588518,0.24066441,2.185138,0,0,2.3904895
3008,64,11690,1670,5f79_4V7_A_4000,0,surfdock,0.52588518,0.24066441,2.185138,0,0.96011011,4.4131304
3009,64,11774,1682,5fh3_OXL_A_703,0,surfdock,0.52588518,0.24066441,2.185138,0,0.99741032,1.518635
3010,64,13692,1956,5uio_8DM_D_202,0,surfdock,0.52588518,0.24066441,2.185138,0,0,3.1091516
3011,64,13811,1973,5vjg_0BP_A_403,0,surfdock,0.52588518,0.24066441,2.185138,0,0.99877021,2.648073
3012,64,13902,1986,5vyr_B62_A_301,0,surfdock,0.52588518,0.24066441,2.185138,0,0.98878633,2.4885434
3013,64,13909,1987,5vyr_B62_B_301,0,surfdock,0.52588518,0.24066441,2.185138,0,0.97738831,2.4919844
3014,64,13923,1989,5vyr_GMP_B_303,0,surfdock,0.52588518,0.24066441,2.185138,0,0.99858409,2.2419566
3015,64,13930,1990,5vys_1YJ_A_301,0,surfdock,0.52588518,0.24066441,2.185138,0,0.99314773,2.64742
3016,64,13937,1991,5vys_1YJ_B_301,0,surfdock,0.52588518,0.24066441,2.185138,0,0.98921784,2.5439477
3017,64,14175,2025,5xin_XLS_A_397,0,surfdock,0.52588518,0.24066441,2.185138,0,0.99144466,2.5722516
3018,64,14182,2026,5xin_XLS_B_397,0,surfdock,0.52588518,0.24066441,2.185138,0,0.98670937,2.6506327
3019,64,14189,2027,5xin_XLS_C_397,0,surfdock,0.52588518,0.24066441,2.185138,0,0.95556714,2.6503125
3020,64,14196,2028,5xin_XLS_D_397,0,surfdock,0.52588518,0.24066441,2.185138,0,0.95246752,2.6615473
3021,64,14301,2043,5y7r_AKG_B_402,0,surfdock,0.52588518,0.24066441,2.185138,0,0.99479759,2.7682492
3022,64,14343,2049,5yb7_ORN_A_602,0,surfdock,0.52588518,0.24066441,2.185138,0,0.98493186,2.5456619
3023,64,14350,2050,5yb7_ORN_A_603,0,surfdock,0.52588518,0.24066441,2.185138,0,0.98024333,2.567118
3024,64,14357,2051,5yb7_ORN_B_602,0,surfdock,0.52588518,0.24066441,2.185138,0,0,2.4964718
3025,64,14364,2052,5yb7_ORN_B_603,0,surfdock,0.52588518,0.24066441,2.185138,0,0,2.6380259
3026,64,14371,2053,5yb7_ORN_C_603,0,surfdock,0.52588518,0.24066441,2.185138,0,0,2.4462348
3027,64,14378,2054,5yb7_ORN_D_602,0,surfdock,0.52588518,0.24066441,2.185138,0,0.99589612,2.6066713
3028,65,8050,1150,4e7v_CRS_Y_101,0,surfdock,0.75298564,0.29789765,2.5276647,0,0.99746277,2.0818356
3029,65,7980,1140,4e7v_CRS_1_101,0,surfdock,0.74946146,0.29650341,2.5276647,0,0,2.0024688
3030,65,7987,1141,4e7v_CRS_3_101,0,surfdock,0.74502834,0.29474956,2.5276647,0,0.99789088,2.1265068
3031,65,763,109,1h1i_QUE_B_1356,0,surfdock,0.62497726,0.28621596,2.1835854,0,0.99406393,3.8209774
3032,65,770,110,1h1i_QUE_C_1358,0,surfdock,0.62497726,0.28621596,2.1835854,0,0,3.7784095
3033,65,777,111,1h1i_QUE_D_1357,0,surfdock,0.62497726,0.28621596,2.1835854,0,0.99102434,3.9360502
3034,65,8036,1148,4e7v_CRS_S_101,0,surfdock,0.75019495,0.28431187,2.638633,0,0.18070844,2.1735846
3035,65,8001,1143,4e7v_CRS_G_101,0,surfdock,0.75685911,0.2829511,2.674875,0,0.99448582,2.1405284
3036,65,7994,1142,4e7v_CRS_E_101,0,surfdock,0.75369524,0.2817683,2.674875,0,0.25271518,2.2444065
3037,65,8043,1149,4e7v_CRS_U_101,0,surfdock,0.75359652,0.28173139,2.674875,0,0.99700699,2.2591896
3038,65,8029,1147,4e7v_CRS_Q_101,0,surfdock,0.75165165,0.2810043,2.674875,0,0.99832261,2.0923158
3039,65,8015,1145,4e7v_CRS_M_101,0,surfdock,0.75158419,0.28097908,2.674875,0,0.99555703,1.5826159
3040,65,8022,1146,4e7v_CRS_O_101,0,surfdock,0.75153641,0.28096122,2.674875,0,0.9942327,2.2200898
3041,65,8008,1144,4e7v_CRS_I_101,0,surfdock,0.751333,0.28088517,2.674875,0,0.9978539,2.2362911
3042,65,273,39,1d7a_AIR_C_400,0,surfdock,0.70962212,0.26339297,2.6941564,0,0,3.386709
3043,65,280,40,1d7a_AIR_D_450,0,surfdock,0.70089446,0.2601535,2.6941564,0,0.97994517,3.3899028
3044,65,266,38,1d7a_AIR_B_350,0,surfdock,0.68398026,0.25501589,2.6821074,0,0.95471767,3.5235584
3045,65,6986,998,3zp7_PRE_A_1118,0,surfdock,0.62497726,0.24550397,2.5456901,0,0,3.2090018
3046,65,945,135,1h82_GZZ_A_590,0,surfdock,0.52851503,0.2420399,2.1835854,0,0,4.5328439
3047,65,2268,324,1q92_DRM_A_1001,0,surfdock,0.52851503,0.2420399,2.1835854,0,0.98807652,3.3656483
3048,65,4739,677,2pin_LEG_A_501,0,surfdock,0.52851503,0.2420399,2.1835854,0,0.94474377,2.9131498
3049,65,4746,678,2pin_LEG_B_502,0,surfdock,0.52851503,0.2420399,2.1835854,0,8.4718178e-08,2.7373096
3050,65,5341,763,2vmp_PLP_A_501,0,surfdock,0.52851503,0.2420399,2.1835854,0,0.99157569,3.7390362
3051,65,5348,764,2vmw_PLP_A_501,0,surfdock,0.52851503,0.2420399,2.1835854,0,0,3.7178195
3052,65,7756,1108,4d06_NAR_F_302,0,surfdock,0.52851503,0.2420399,2.1835854,0,0.9941494,2.0347751
3053,65,8078,1154,4ejh_0QA_A_502,0,surfdock,0.52851503,0.2420399,2.1835854,0,0.99249055,3.0687066
3054,65,8092,1156,4ejh_0QA_F_502,0,surfdock,0.52851503,0.2420399,2.1835854,0,0,3.0859733
3055,65,8302,1186,4h4c_10D_A_402,0,surfdock,0.52851503,0.2420399,2.1835854,0,0,3.1501993
3056,65,8309,1187,4h4c_10D_B_402,0,surfdock,0.52851503,0.2420399,2.1835854,0,0,3.2391694
3057,65,9212,1316,4mgj_CPZ_A_502,0,surfdock,0.52851503,0.2420399,2.1835854,0,8.6485453e-05,2.7426395
3058,65,11389,1627,5dr9_SKE_A_401,0,surfdock,0.52851503,0.2420399,2.1835854,0,0,3.9061869
3059,65,11396,1628,5dt0_SKE_A_401,0,surfdock,0.52851503,0.2420399,2.1835854,0,0.96918022,3.9722193
3060,65,11781,1683,5fiu_Y3J_B_1299,0,surfdock,0.52851503,0.2420399,2.1835854,0,0,3.5077773
3061,65,11788,1684,5fiu_Y3J_C_1299,0,surfdock,0.52851503,0.2420399,2.1835854,0,0.98945543,3.5932209
3062,65,13104,1872,5nh9_XLS_A_503,0,surfdock,0.52851503,0.2420399,2.1835854,0,0.78732848,2.7512124
3063,65,13111,1873,5nh9_XLS_C_504,0,surfdock,0.52851503,0.2420399,2.1835854,0,0.97912871,2.6298294
3064,65,13118,1874,5nh9_XLS_D_504,0,surfdock,0.52851503,0.2420399,2.1835854,0,0.97576516,2.7034397
3065,65,13342,1906,5r9o_54F_A_401,0,surfdock,0.52851503,0.2420399,2.1835854,0,0.99296671,2.8990852
3066,65,13643,1949,5uap_82S_A_505,0,surfdock,0.52851503,0.2420399,2.1835854,0,0.042905437,2.3985072
3067,65,13650,1950,5uap_82S_B_505,0,surfdock,0.52851503,0.2420399,2.1835854,0,0.99603508,2.4527923
3068,65,13678,1954,5uda_CAE_B_502,0,surfdock,0.52851503,0.2420399,2.1835854,0,0.50867144,2.2577718
3069,65,14070,2010,5x23_LSN_A_503,0,surfdock,0.52851503,0.2420399,2.1835854,0,0,3.7762575
3070,65,14077,2011,5x23_LSN_A_504,0,surfdock,0.52851503,0.2420399,2.1835854,0,0.05913547,4.4571975
3071,65,14574,2082,5zi4_OAA_A_401,0,surfdock,0.52851503,0.2420399,2.1835854,0,0.99549711,2.4002484
3072,65,14721,2103,6ayv_MLI_A_409,0,surfdock,0.52851503,0.2420399,2.1835854,0,0,2.2242317
3073,65,14728,2104,6b5k_TYD_A_304,0,surfdock,0.52851503,0.2420399,2.1835854,0,0.94791251,3.8337928
3074,65,14735,2105,6b5k_TYD_B_304,0,surfdock,0.52851503,0.2420399,2.1835854,0,0.97336789,2.5916104
3075,65,15078,2154,6ezf_C6Z_A_1003,0,surfdock,0.52851503,0.2420399,2.1835854,0,0.99549646,3.1078533
3076,65,15183,2169,6f77_PLP_C_600,0,surfdock,0.52851503,0.2420399,2.1835854,0,0,3.0928905
3077,65,15190,2170,6f77_PLP_D_600,0,surfdock,0.52851503,0.2420399,2.1835854,0,0,3.2995387
3078,66,17592,2513,6ypv_AKG_A_302,1,unimol,0.65873097,0.30249513,2.1776571,0,0.95992978,25.72
3079,66,15764,2252,6jwy_PH2_A_802,0,surfdock,0.62622716,0.28756909,2.1776571,0,0.9927468,2.8593223
3080,66,15974,2282,6l86_MLT_A_303,0,surfdock,0.62670027,0.2447336,2.5607438,0,0,2.4925379
3081,66,15946,2278,6l86_LMR_B_302,0,surfdock,0.62669942,0.2436314,2.5723252,0,0,2.5174817
3082,66,1330,190,1jyx_IPT_C_2001,0,surfdock,0.52955179,0.2431749,2.1776571,0,0,2.8209646
3083,66,2982,426,1xc7_GL6_A_998,0,surfdock,0.52955179,0.2431749,2.1776571,0,0.95675401,3.5406753
3084,66,11179,1597,5cjn_52F_A_809,0,surfdock,0.52955179,0.2431749,2.1776571,0,0.99020367,3.4173138
3085,66,11501,1643,5eo7_SFU_A_401,0,surfdock,0.52955179,0.2431749,2.1776571,0,0,1.684788
3086,66,11508,1644,5eo7_SFU_A_402,0,surfdock,0.52955179,0.2431749,2.1776571,0,0,3.0833849
3087,66,11522,1646,5eo7_SFU_B_401,0,surfdock,0.52955179,0.2431749,2.1776571,0,0.94623429,2.44376
3088,66,11529,1647,5eo7_SFU_B_403,0,surfdock,0.52955179,0.2431749,2.1776571,0,0,2.439579
3089,66,11536,1648,5eo7_SFU_B_404,0,surfdock,0.52955179,0.2431749,2.1776571,0,0,2.6196737
3090,66,11543,1649,5eo7_SFU_B_405,0,surfdock,0.52955179,0.2431749,2.1776571,0,0,2.4287783
3091,66,11550,1650,5eo7_SFU_C_401,0,surfdock,0.52955179,0.2431749,2.1776571,0,0.84803217,2.5149213
3092,66,11557,1651,5eo7_SFU_C_402,0,surfdock,0.52955179,0.2431749,2.1776571,0,0,2.4691404
3093,66,11564,1652,5eo7_SFU_C_403,0,surfdock,0.52955179,0.2431749,2.1776571,0,0.70668546,2.3554724
3094,66,11571,1653,5eo7_SFU_C_404,0,surfdock,0.52955179,0.2431749,2.1776571,0,0.96825835,2.5507333
3095,66,11578,1654,5eo7_SFU_C_405,0,surfdock,0.52955179,0.2431749,2.1776571,0,0,2.5481625
3096,66,12131,1733,5gzz_JAA_A_601,0,surfdock,0.52955179,0.2431749,2.1776571,0,0,3.2524495
3097,66,12138,1734,5h24_LQG_A_501,0,surfdock,0.52955179,0.2431749,2.1776571,0,0.99173182,6.3582158
3098,66,12145,1735,5h24_LQG_B_501,0,surfdock,0.52955179,0.2431749,2.1776571,0,0.93618506,3.4331341
3099,66,12397,1771,5igs_GMP_A_403,0,surfdock,0.52955179,0.2431749,2.1776571,0,0.97818636,3.2658476
3100,66,13993,1999,5wct_GY4_A_303,0,surfdock,0.52955179,0.2431749,2.1776571,0,0,7.0097659
3101,66,14231,2033,5xoi_SIN_A_401,0,surfdock,0.52955179,0.2431749,2.1776571,0,0.99751015,2.369884
3102,66,14672,2096,6acn_TRC_A_899,0,surfdock,0.52955179,0.2431749,2.1776571,0,0.93096665,5.6424195
3103,66,14840,2120,6bxk_MTA_B_401,0,surfdock,0.52955179,0.2431749,2.1776571,0,0.99068009,3.2735543
3104,66,14847,2121,6c17_DNX_A_202,0,surfdock,0.52955179,0.2431749,2.1776571,0,0.0062003955,2.9046743
3105,66,14875,2125,6c1x_DNX_A_203,0,surfdock,0.52955179,0.2431749,2.1776571,0,0,2.8562423
3106,66,15197,2171,6f77_PLP_E_600,0,surfdock,0.52955179,0.2431749,2.1776571,0,0.96609486,3.3784549
3107,66,15498,2214,6hl9_SIN_A_402,0,surfdock,0.52955179,0.2431749,2.1776571,0,0,2.3919278
3108,66,15505,2215,6hl9_SIN_B_402,0,surfdock,0.52955179,0.2431749,2.1776571,0,0.98131883,2.3904057
3109,66,15701,2243,6jk9_BU0_A_501,0,surfdock,0.52955179,0.2431749,2.1776571,0,0,4.6756169
3110,66,15708,2244,6jk9_BU0_B_501,0,surfdock,0.52955179,0.2431749,2.1776571,0,0,4.5876108
3111,66,15813,2259,6jz4_EVA_A_701,0,surfdock,0.52955179,0.2431749,2.1776571,0,0.97526108,2.7072699
3112,66,15820,2260,6jz4_EVA_B_701,0,surfdock,0.52955179,0.2431749,2.1776571,0,0.97516707,2.5763742
3113,66,16002,2286,6lit_2OH_A_501,0,surfdock,0.52955179,0.2431749,2.1776571,0,0.99498036,3.4367261
3114,66,16009,2287,6lit_2OH_B_501,0,surfdock,0.52955179,0.2431749,2.1776571,0,0.99754227,3.3454785
3115,66,16023,2289,6lql_F0C_A_702,0,surfdock,0.52955179,0.2431749,2.1776571,0,0.9818878,3.441678
3116,66,16058,2294,6ly4_TES_A_501,0,surfdock,0.52955179,0.2431749,2.1776571,0,0.99030392,3.4256508
3117,66,16128,2304,6mry_FLC_A_101,0,surfdock,0.52955179,0.2431749,2.1776571,0,0.98769566,2.8375034
3118,66,16135,2305,6mry_FLC_B_101,0,surfdock,0.52955179,0.2431749,2.1776571,0,0.81909782,2.889825
3119,66,16226,2318,6ncx_ADA_A_601,0,surfdock,0.52955179,0.2431749,2.1776571,0,0,2.6376895
3120,66,16233,2319,6ncx_ADA_C_601,0,surfdock,0.52955179,0.2431749,2.1776571,0,0,2.7199956
3121,66,16240,2320,6ncx_ADA_D_601,0,surfdock,0.52955179,0.2431749,2.1776571,0,0,2.6086906
3122,66,16401,2343,6ofr_BOG_A_802,0,surfdock,0.52955179,0.2431749,2.1776571,0,0,3.0557283
3123,66,16408,2344,6ofr_BOG_A_803,0,surfdock,0.52955179,0.2431749,2.1776571,0,0,3.1727597
3124,66,16415,2345,6ofr_BOG_A_804,0,surfdock,0.52955179,0.2431749,2.1776571,0,0,3.1608001
3125,66,16436,2348,6ooi_PGA_A_301,0,surfdock,0.52955179,0.2431749,2.1776571,0,0.92030802,2.4227927
3126,66,16450,2350,6ooi_PGA_C_302,0,surfdock,0.52955179,0.2431749,2.1776571,0,0,2.3664186
3127,66,16457,2351,6ooi_PGA_D_301,0,surfdock,0.52955179,0.2431749,2.1776571,0,0.99094368,2.683569
3128,67,4172,596,2g5v_22M_A_301,0,surfdock,0.74503023,0.34189731,2.1791043,0,0,3.1986023
3129,67,756,108,1h18_PYR_B_1001,0,surfdock,0.62495647,0.28679499,2.1791043,0,0,1.6093919
3130,67,9464,1352,4nkw_PLO_A_601,0,surfdock,0.75194324,0.25503316,2.9484127,0,0.98700299,3.884379
3131,67,9485,1355,4nkw_PLO_D_601,0,surfdock,0.75100677,0.25471554,2.9484127,0,0.98034375,3.9260768
3132,67,9478,1354,4nkw_PLO_C_601,0,surfdock,0.75062294,0.25458536,2.9484127,0,7.6450406e-07,3.9125172
3133,67,140,20,1aua_BOG_A_2,0,surfdock,0.62495647,0.25226115,2.4774177,0,0.15718129,3.2993286
3134,67,9471,1353,4nkw_PLO_B_601,0,surfdock,0.74972484,0.25204148,2.9746079,0,0.99066857,3.9582903
3135,67,3234,462,1zg3_2HI_A_365,0,surfdock,0.74200194,0.24959301,2.9728465,0,0.80538256,3.2325869
3136,67,5880,840,2zgw_ADN_A_1301,0,surfdock,0.52843241,0.24249971,2.1791043,0,0.9912198,3.2315443
3137,67,6650,950,3w7f_FPS_A_301,0,surfdock,0.52843241,0.24249971,2.1791043,0,0,4.0122563
3138,67,6657,951,3w7f_FPS_A_302,0,surfdock,0.52843241,0.24249971,2.1791043,0,0.96497093,4.4375359
3139,67,6664,952,3w7f_FPS_B_301,0,surfdock,0.52843241,0.24249971,2.1791043,0,0,4.1114917
3140,67,6671,953,3w7f_FPS_B_302,0,surfdock,0.52843241,0.24249971,2.1791043,0,0,4.4153911
3141,67,7455,1065,4can_M7K_A_800,0,surfdock,0.52843241,0.24249971,2.1791043,0,0,3.1265138
3142,67,7462,1066,4can_M7K_B_800,0,surfdock,0.52843241,0.24249971,2.1791043,0,0,3.069955
3143,67,7483,1069,4cdt_M48_A_801,0,surfdock,0.52843241,0.24249971,2.1791043,0,0.035791247,3.2243036
3144,67,9639,1377,4pgi_Y69_A_303,0,surfdock,0.52843241,0.24249971,2.1791043,0,0.96262219,4.4458797
3145,67,10479,1497,4ywb_OXD_C_704,0,surfdock,0.52843241,0.24249971,2.1791043,0,0.9971287,2.1501865
3146,67,10997,1571,5b4o_6DQ_A_201,0,surfdock,0.52843241,0.24249971,2.1791043,0,3.9933693e-06,2.9824868
3147,67,11004,1572,5b4o_6DQ_B_201,0,surfdock,0.52843241,0.24249971,2.1791043,0,0.91413971,3.1405133
3148,67,11011,1573,5b4o_6DQ_B_202,0,surfdock,0.52843241,0.24249971,2.1791043,0,0.25459049,2.7683218
3149,67,11018,1574,5b4o_6DQ_C_201,0,surfdock,0.52843241,0.24249971,2.1791043,0,1.2912694e-06,3.0408666
3150,67,11592,1656,5eo8_TFU_A_402,0,surfdock,0.52843241,0.24249971,2.1791043,0,0.86508143,2.4219273
3151,67,11599,1657,5eo8_TFU_A_404,0,surfdock,0.52843241,0.24249971,2.1791043,0,0,2.5585632
3152,67,11865,1695,5fqf_NGA_A_1588,0,surfdock,0.52843241,0.24249971,2.1791043,0,0.96236063,4.5167768
3153,67,11872,1696,5fqf_NGA_A_1589,0,surfdock,0.52843241,0.24249971,2.1791043,0,0.51472543,2.5228299
3154,67,11970,1710,5g0v_JDD_B_1271,0,surfdock,0.52843241,0.24249971,2.1791043,0,2.0925589e-10,4.3098058
3155,67,13545,1935,5tlg_7EG_B_601,0,surfdock,0.52843241,0.24249971,2.1791043,0,0.9922672,4.2588869
3156,67,13881,1983,5vv0_9OM_B_803,0,surfdock,0.52843241,0.24249971,2.1791043,0,0.7012228,3.373001
3157,67,13916,1988,5vyr_GMP_B_302,0,surfdock,0.52843241,0.24249971,2.1791043,0,0,3.1636747
3158,67,13944,1992,5vys_GMP_B_303,0,surfdock,0.52843241,0.24249971,2.1791043,0,0.97877942,3.1400268
3159,67,14329,2047,5yaq_ISE_B_402,0,surfdock,0.52843241,0.24249971,2.1791043,0,0.97140153,2.4756665
3160,67,14336,2048,5yaq_ISE_D_402,0,surfdock,0.52843241,0.24249971,2.1791043,0,0,2.5800925
3161,67,14644,2092,6a2n_9QR_A_701,0,surfdock,0.52843241,0.24249971,2.1791043,0,3.0441704e-09,4.6071782
3162,67,14742,2106,6b6r_BEN_A_302,0,surfdock,0.52843241,0.24249971,2.1791043,0,0.99817632,2.4207113
3163,67,15071,2153,6e8i_PTR_A_201,0,surfdock,0.52843241,0.24249971,2.1791043,0,0.97849353,2.9815224
3164,67,15085,2155,6f2b_AKG_A_402,0,surfdock,0.52843241,0.24249971,2.1791043,0,0,2.7284423
3165,67,15092,2156,6f2b_AKG_B_402,0,surfdock,0.52843241,0.24249971,2.1791043,0,0,2.6304487
3166,67,15099,2157,6f2b_AKG_C_402,0,surfdock,0.52843241,0.24249971,2.1791043,0,0.71480457,2.6836751
3167,67,15106,2158,6f2v_AMP_B_1001,0,surfdock,0.52843241,0.24249971,2.1791043,0,0,3.7240255
3168,67,15134,2162,6f66_CUT_A_300,0,surfdock,0.52843241,0.24249971,2.1791043,0,0.99597963,3.1862527
3169,67,15141,2163,6f66_CUT_B_300,0,surfdock,0.52843241,0.24249971,2.1791043,0,0.99767746,3.1833365
3170,67,15435,2205,6gnf_GLC_B_602,0,surfdock,0.52843241,0.24249971,2.1791043,0,0.98433106,2.6882267
3171,67,15484,2212,6hl7_CP_A_401,0,surfdock,0.52843241,0.24249971,2.1791043,0,0.99479686,2.3298442
3172,67,15491,2213,6hl7_CP_C_401,0,surfdock,0.52843241,0.24249971,2.1791043,0,0.92243022,2.3841801
3173,67,15512,2216,6hmw_FUL_A_203,0,surfdock,0.52843241,0.24249971,2.1791043,0,0.99471794,2.2393444
3174,67,15519,2217,6hmw_FUL_B_204,0,surfdock,0.52843241,0.24249971,2.1791043,0,0.99029071,2.0922974
3175,67,15526,2218,6hmw_FUL_C_203,0,surfdock,0.52843241,0.24249971,2.1791043,0,0.73038698,2.09118
3176,67,15533,2219,6hmw_FUL_F_202,0,surfdock,0.52843241,0.24249971,2.1791043,0,0.98868244,2.3045245
3177,67,15540,2220,6hmw_FUL_G_202,0,surfdock,0.52843241,0.24249971,2.1791043,0,0.90053132,2.2474215
3178,68,1526,218,1lc8_33P_A_800,0,surfdock,0.52883986,0.24284798,2.1776571,0,0,4.0614858
3179,68,4270,610,2gzm_DGL_C_503,0,surfdock,0.52883986,0.24284798,2.1776571,0,0,2.6148527
3180,68,7735,1105,4d06_NAR_C_301,0,surfdock,0.52883986,0.24284798,2.1776571,0,0,3.5536592
3181,68,7742,1106,4d06_NAR_E_301,0,surfdock,0.52883986,0.24284798,2.1776571,0,0.99419914,3.5008715
3182,68,8183,1169,4fm6_TYR_C_259,0,surfdock,0.52883986,0.24284798,2.1776571,0,0,4.8356587
3183,68,8736,1248,4iph_1FJ_A_202,0,surfdock,0.52883986,0.24284798,2.1776571,0,0.0023835989,2.3903207
3184,68,10143,1449,4w1v_3GS_B_502,0,surfdock,0.52883986,0.24284798,2.1776571,0,0,3.9740663
3185,68,11333,1619,5dmm_HCS_A_505,0,surfdock,0.52883986,0.24284798,2.1776571,0,0.55866903,2.5043383
3186,68,11928,1704,5fzn_FB2_A_1615,0,surfdock,0.52883986,0.24284798,2.1776571,0,0.92541509,2.4091017
3187,68,12775,1825,5k5m_68T_A_1003,0,surfdock,0.52883986,0.24284798,2.1776571,0,0.33246179,4.5512195
3188,68,13482,1926,5tdt_MBN_A_502,0,surfdock,0.52883986,0.24284798,2.1776571,0,0,2.2099794
3189,68,13489,1927,5tdt_MBN_A_503,0,surfdock,0.52883986,0.24284798,2.1776571,0,0.08580802,2.1556942
3190,68,13496,1928,5tdt_MBN_D_501,0,surfdock,0.52883986,0.24284798,2.1776571,0,0.088836549,2.1487033
3191,68,13741,1963,5unt_8J1_B_803,0,surfdock,0.52883986,0.24284798,2.1776571,0,0.95879282,3.5334878
3192,68,13867,1981,5vuu_9OJ_A_805,0,surfdock,0.52883986,0.24284798,2.1776571,0,0.0001329821,3.5126246
3193,68,13874,1982,5vuu_9OJ_B_803,0,surfdock,0.52883986,0.24284798,2.1776571,0,0.69973667,3.5522171
3194,68,14098,2014,5x5d_UMP_A_401,0,surfdock,0.52883986,0.24284798,2.1776571,0,0.96627977,3.4421889
3195,68,14105,2015,5x5d_UMP_B_401,0,surfdock,0.52883986,0.24284798,2.1776571,0,0.96184083,3.4957718
3196,68,14112,2016,5x5d_UMP_C_401,0,surfdock,0.52883986,0.24284798,2.1776571,0,0.73875451,3.4795492
3197,68,14119,2017,5x5d_UMP_D_401,0,surfdock,0.52883986,0.24284798,2.1776571,0,0,3.4334346
3198,68,14238,2034,5xrv_F6R_A_702,0,surfdock,0.52883986,0.24284798,2.1776571,0,0,2.8281847
3199,68,14581,2083,5zpt_HY1_A_702,0,surfdock,0.52883986,0.24284798,2.1776571,0,0.0056048982,2.4072332
3200,68,14665,2095,6abm_9VR_A_505,0,surfdock,0.52883986,0.24284798,2.1776571,0,0,4.6345689
3201,68,15120,2160,6f3s_PLP_A_901,0,surfdock,0.52883986,0.24284798,2.1776571,0,0,3.1908382
3202,68,15400,2200,6g5q_EMZ_B_402,0,surfdock,0.52883986,0.24284798,2.1776571,0,0.96654761,2.8510993
3203,68,15582,2226,6hpx_GKQ_A_205,0,surfdock,0.52883986,0.24284798,2.1776571,0,0.95569734,3.718744
3204,68,15624,2232,6i4b_ORO_B_602,0,surfdock,0.52883986,0.24284798,2.1776571,0,0.0075869235,2.6159834
3205,68,15834,2262,6k92_GT0_A_802,0,surfdock,0.52883986,0.24284798,2.1776571,0,0.99321628,2.8607249
3206,69,7826,1118,4d5e_TPP_A_1589,0,surfdock,0.52658094,0.24196884,2.1762335,0,0.36990274,4.8050634
3207,69,7833,1119,4d5e_TPP_B_1590,0,surfdock,0.52658094,0.24196884,2.1762335,0,0,4.6451007
3208,69,8057,1151,4e9z_651_A_301,0,surfdock,0.52658094,0.24196884,2.1762335,0,0.99823689,3.4438554
3209,69,8064,1152,4ea0_651_A_306,0,surfdock,0.52658094,0.24196884,2.1762335,0,0.82475567,3.6191851
3210,69,8071,1153,4ea0_651_B_305,0,surfdock,0.52658094,0.24196884,2.1762335,0,0.88660388,3.7618455
3211,69,9716,1388,4qbz_D80_A_917,0,surfdock,0.52658094,0.24196884,2.1762335,0,6.5425734e-05,3.4114184
3212,69,9723,1389,4qbz_D80_B_901,0,surfdock,0.52658094,0.24196884,2.1762335,0,0.99623849,3.3853902
3213,69,9828,1404,4rii_TYD_B_401,0,surfdock,0.52658094,0.24196884,2.1762335,0,0.94001228,4.3053027
3214,69,10990,1570,5awd_IDQ_A_901,0,surfdock,0.52658094,0.24196884,2.1762335,0,5.1274426e-06,3.8297529
3215,69,11585,1655,5eo8_TFU_A_401,0,surfdock,0.52658094,0.24196884,2.1762335,0,0,2.5112327
3216,69,11606,1658,5eo8_TFU_A_405,0,surfdock,0.52658094,0.24196884,2.1762335,0,0,2.5782269
3217,69,11620,1660,5eso_ISC_A_602,0,surfdock,0.52658094,0.24196884,2.1762335,0,0.98798575,2.9272267
3218,69,13090,1870,5n5k_HAE_A_306,0,surfdock,0.52658094,0.24196884,2.1762335,0,0.26727682,2.0405031
3219,69,14133,2019,5x6r_7ZR_A_402,0,surfdock,0.52658094,0.24196884,2.1762335,0,0.87822792,4.5189668
3220,69,14140,2020,5x6r_7ZR_B_402,0,surfdock,0.52658094,0.24196884,2.1762335,0,5.6017311e-10,4.2582028
3221,69,14903,2129,6cgc_F0A_A_402,0,surfdock,0.52658094,0.24196884,2.1762335,0,0.72459197,4.8100504
3222,69,14910,2130,6cgc_F0A_B_402,0,surfdock,0.52658094,0.24196884,2.1762335,0,0.96937185,4.819187
3223,69,15127,2161,6f48_XQB_A_302,0,surfdock,0.52658094,0.24196884,2.1762335,0,0,3.2423775
3224,69,15470,2210,6h8p_OGA_A_504,0,surfdock,0.52658094,0.24196884,2.1762335,0,0,2.7037712
3225,69,15750,2250,6jws_PT1_A_801,0,surfdock,0.52658094,0.24196884,2.1762335,0,0.99481599,4.1123534
3226,69,15757,2251,6jws_PT1_B_801,0,surfdock,0.52658094,0.24196884,2.1762335,0,0.99679335,3.967422
3227,69,15939,2277,6l86_LMR_A_302,0,surfdock,0.52658094,0.24196884,2.1762335,0,0,2.4749227
3228,69,15953,2279,6l86_LMR_B_303,0,surfdock,0.52658094,0.24196884,2.1762335,0,0.0041605763,2.6257015
3229,69,15960,2280,6l86_LMR_C_302,0,surfdock,0.52658094,0.24196884,2.1762335,0,0.0034258343,2.4930934
3230,69,15967,2281,6l86_LMR_D_302,0,surfdock,0.52658094,0.24196884,2.1762335,0,0.95079546,2.5796829
3231,69,16030,2290,6lx5_C5F_A_502,0,surfdock,0.52658094,0.24196884,2.1762335,0,0,3.455891
3232,69,16359,2337,6o04_DNA_B_601,0,surfdock,0.52658094,0.24196884,2.1762335,0,0.0005838815,3.0270392
3233,69,16366,2338,6o04_DNA_C_603,0,surfdock,0.52658094,0.24196884,2.1762335,0,0,3.0924877
3234,69,16380,2340,6o2z_LJV_A_500,0,surfdock,0.52658094,0.24196884,2.1762335,0,0.98556962,4.1146221
3235,69,16492,2356,6p9t_O5D_A_307,0,surfdock,0.52658094,0.24196884,2.1762335,0,1.7834601e-05,2.9272426
3236,69,16583,2369,6pvi_OZ7_A_501,0,surfdock,0.52658094,0.24196884,2.1762335,0,0,5.2398418
3237,69,16611,2373,6q4r_HJ5_A_1009,0,surfdock,0.52658094,0.24196884,2.1762335,0,0,4.7933326
3238,69,16786,2398,6r4j_GLU_A_704,0,surfdock,0.52658094,0.24196884,2.1762335,0,0,2.4332153
3239,69,16884,2412,6rgg_K3Q_A_403,0,surfdock,0.52658094,0.24196884,2.1762335,0,2.8875836e-06,3.4864596
3240,69,16898,2414,6rgg_K3Q_B_402,0,surfdock,0.52658094,0.24196884,2.1762335,0,0.0071367634,3.5844502
3241,69,16947,2421,6rq3_OUC_A_401,0,surfdock,0.52658094,0.24196884,2.1762335,0,0.028560803,3.8336933
3242,69,17248,2464,6tor_PMP_B_504,0,surfdock,0.52658094,0.24196884,2.1762335,0,0,3.1503947
3243,69,17556,2508,6xzx_O5H_B_302,0,surfdock,0.52658094,0.24196884,2.1762335,0,0.97270403,4.0864214
3244,69,17612,2516,6zi7_QR8_A_502,0,surfdock,0.52658094,0.24196884,2.1762335,0,0,3.9709411
3245,69,17619,2517,6zi7_QR8_B_502,0,surfdock,0.52658094,0.24196884,2.1762335,0,0.92980244,3.9360716
3246,69,17626,2518,6zi7_QR8_C_502,0,surfdock,0.52658094,0.24196884,2.1762335,0,0.053298546,3.7864946
3247,69,17633,2519,6zi7_QR8_D_502,0,surfdock,0.52658094,0.24196884,2.1762335,0,2.0707183e-06,3.8965149
3248,69,17640,2520,6zi7_QR8_F_503,0,surfdock,0.52658094,0.24196884,2.1762335,0,0,3.5872403
3249,69,17766,2538,7joc_ARZ_A_302,0,surfdock,0.52658094,0.24196884,2.1762335,0,0.98923768,3.7009592
3250,69,17780,2540,7kjg_BTM_A_406,0,surfdock,0.52658094,0.24196884,2.1762335,0,0.98037926,3.1350962
3251,69,10311,1473,4xfh_CYS_A_502,0,surfdock,0.52635966,0.24186716,2.1762335,0,0,2.3085011
3252,69,17738,2534,7cwd_GAL_A_902,0,surfdock,0.52588493,0.24164902,2.1762335,0,0.92003339,2.509627
3253,69,4606,658,2nz5_226_A_431,0,surfdock,0.52588317,0.24164821,2.1762335,0,0.029638301,2.48304
3254,69,4907,701,2qca_DGP_A_300,0,surfdock,0.52588317,0.24164821,2.1762335,0,0.97119515,3.5347667
3255,69,11515,1645,5eo7_SFU_A_403,0,surfdock,0.52583326,0.24162528,2.1762335,0,0.01341422,2.54309
3256,70,17591,2513,6ypv_AKG_A_302,0,surfdock,0.71722446,0.32919386,2.1787288,0,0.99691914,2.588406
3257,70,13209,1887,5o3g_9J8_B_501,0,surfdock,0.61848518,0.26071079,2.3723028,0,0.19507364,7.2762861
3258,70,2877,411,1w3t_3GR_C_1297,0,surfdock,0.52288607,0.23999584,2.1787288,0,0.57352286,2.2587825
3259,70,4200,600,2giq_NN2_A_1001,0,surfdock,0.52288607,0.23999584,2.1787288,0,0.99421199,4.5222768
3260,70,4249,607,2gyw_OBI_A_952,0,surfdock,0.52288607,0.23999584,2.1787288,0,0.98696586,3.7537951
3261,70,4410,630,2izf_BTN_B_300,0,surfdock,0.52288607,0.23999584,2.1787288,0,0.99576395,3.2528317
3262,70,4417,631,2izf_BTN_D_301,0,surfdock,0.52288607,0.23999584,2.1787288,0,0.99433626,3.3316932
3263,70,5502,786,2wu4_HBP_B_1545,0,surfdock,0.52288607,0.23999584,2.1787288,0,0.98368864,4.3131564
3264,70,8449,1207,4hzf_CMP_A_301,0,surfdock,0.52288607,0.23999584,2.1787288,0,0.48825785,3.9607236
3265,70,8456,1208,4hzf_CMP_A_302,0,surfdock,0.52288607,0.23999584,2.1787288,0,0.8709495,3.4864712
3266,70,8463,1209,4hzf_CMP_B_301,0,surfdock,0.52288607,0.23999584,2.1787288,0,0,3.9120259
3267,70,9611,1373,4p8c_Y22_B_502,0,surfdock,0.52288607,0.23999584,2.1787288,0,0,4.4290013
3268,70,9793,1399,4r2n_PLP_A_401,0,surfdock,0.52288607,0.23999584,2.1787288,0,0,4.3457625
3269,70,10549,1507,4zb2_GLC_A_403,0,surfdock,0.52288607,0.23999584,2.1787288,0,0,2.5985373
3270,70,10556,1508,4zb5_GLC_A_403,0,surfdock,0.52288607,0.23999584,2.1787288,0,0.98060384,2.631438
3271,70,10584,1512,4zbc_GLC_A_407,0,surfdock,0.52288607,0.23999584,2.1787288,0,0,2.7934014
3272,70,11634,1662,5ew8_5SF_A_803,0,surfdock,0.52288607,0.23999584,2.1787288,0,0.98966429,4.8057504
3273,70,11641,1663,5ew8_5SF_B_802,0,surfdock,0.52288607,0.23999584,2.1787288,0,0.9519242,4.7232337
3274,70,13580,1940,5u5g_7VD_B_302,0,surfdock,0.52288607,0.23999584,2.1787288,0,0.86719422,2.3754154
3275,70,13587,1941,5u5g_7VD_C_302,0,surfdock,0.52288607,0.23999584,2.1787288,0,0,2.2803161
3276,70,13594,1942,5u5g_7VD_D_302,0,surfdock,0.52288607,0.23999584,2.1787288,0,0.99126469,2.3721521
3277,70,14007,2001,5wgk_AGJ_A_816,0,surfdock,0.52288607,0.23999584,2.1787288,0,0.9639104,3.5570316
3278,70,14294,2042,5y7r_58K_B_403,0,surfdock,0.52288607,0.23999584,2.1787288,0,0,3.511197
3279,70,14595,2085,6a1f_9OF_A_807,0,surfdock,0.52288607,0.23999584,2.1787288,0,0.97926501,3.2909702
3280,70,14602,2086,6a1l_BEZ_A_403,0,surfdock,0.52288607,0.23999584,2.1787288,0,0.99315221,2.4498688
3281,70,14609,2087,6a1l_BEZ_A_404,0,surfdock,0.52288607,0.23999584,2.1787288,0,0.98537155,2.114208
3282,70,14924,2132,6cqu_HI6_A_601,0,surfdock,0.52288607,0.23999584,2.1787288,0,0,3.6771858
3283,70,14931,2133,6cqu_HI6_B_601,0,surfdock,0.52288607,0.23999584,2.1787288,0,0,3.7611742
3284,70,15239,2177,6fld_DQ5_A_604,0,surfdock,0.52288607,0.23999584,2.1787288,0,0,3.8511134
3285,70,15246,2178,6fld_NAG_A_602,0,surfdock,0.52288607,0.23999584,2.1787288,0,0.60495081,2.4022287
3286,70,15253,2179,6fld_NAG_A_603,0,surfdock,0.52288607,0.23999584,2.1787288,0,0,2.4289316
3287,70,15666,2238,6jc7_F0G_A_601,0,surfdock,0.52288607,0.23999584,2.1787288,0,0.99311049,3.8970423
3288,70,15673,2239,6jc7_F0G_B_601,0,surfdock,0.52288607,0.23999584,2.1787288,0,0,4.0291964
3289,70,15680,2240,6jc7_F0G_C_601,0,surfdock,0.52288607,0.23999584,2.1787288,0,0.96058201,3.8868572
3290,70,15687,2241,6jc7_F0G_D_601,0,surfdock,0.52288607,0.23999584,2.1787288,0,0.9843174,4.1559317
3291,70,15715,2245,6jmd_BVO_A_408,0,surfdock,0.52288607,0.23999584,2.1787288,0,0.99417619,4.7117748
3292,70,15729,2247,6jme_BVU_A_409,0,surfdock,0.52288607,0.23999584,2.1787288,0,0.99346171,4.5754759
3293,70,15743,2249,6jq8_CIT_A_302,0,surfdock,0.52288607,0.23999584,2.1787288,0,0.99450081,2.6079996
3294,70,15925,2275,6l59_CIT_B_403,0,surfdock,0.52288607,0.23999584,2.1787288,0,0,2.8874198
3295,70,16149,2307,6mry_FLC_K_101,0,surfdock,0.52288607,0.23999584,2.1787288,0,0.98904505,2.8908529
3296,70,16345,2335,6ny7_L8J_A_303,0,surfdock,0.52288607,0.23999584,2.1787288,0,0.012106808,2.9559962
3297,70,16499,2357,6pk1_3PY_A_502,0,surfdock,0.52288607,0.23999584,2.1787288,0,0.99504973,1.5224836
3298,70,16702,2386,6qni_GLC_A_402,0,surfdock,0.52288607,0.23999584,2.1787288,0,0,2.8081526
3299,70,16744,2392,6qot_6SD_A_301,0,surfdock,0.52288607,0.23999584,2.1787288,0,0.99085635,2.9141685
3300,70,16751,2393,6qot_6SD_B_301,0,surfdock,0.52288607,0.23999584,2.1787288,0,0,2.9055812
3301,70,16828,2404,6r73_LMP_A_301,0,surfdock,0.52288607,0.23999584,2.1787288,0,0,3.9980953
3302,70,16835,2405,6r73_LMP_B_301,0,surfdock,0.52288607,0.23999584,2.1787288,0,0.47154947,4.1896422
3303,70,16940,2420,6rlt_MLI_B_512,0,surfdock,0.52288607,0.23999584,2.1787288,0,0.98949235,1.9797115
3304,70,16996,2428,6s9g_L1Q_A_306,0,surfdock,0.52288607,0.23999584,2.1787288,0,0.94764216,2.7907181
3305,70,17185,2455,6tgi_N8Z_A_508,0,surfdock,0.52288607,0.23999584,2.1787288,0,0.99346529,2.872143
3306,71,7,1,1a49_OXL_A_533,0,surfdock,0.52454946,0.24080645,2.1783023,0,0.98958419,2.1645708
3307,71,6034,862,3qfx_CP6_A_602,0,surfdock,0.52454946,0.24080645,2.1783023,0,0.99170231,3.1645906
3308,71,6041,863,3qfx_CP6_B_702,0,surfdock,0.52454946,0.24080645,2.1783023,0,0.98832834,3.1758338
3309,71,7721,1103,4cx6_Q16_B_800,0,surfdock,0.52454946,0.24080645,2.1783023,0,1.7980389e-11,3.5666788
3310,71,10038,1434,4ugg_S5D_A_904,0,surfdock,0.52454946,0.24080645,2.1783023,0,0.10672969,3.5479889
3311,71,14245,2035,5xsm_8EO_A_705,0,surfdock,0.52454946,0.24080645,2.1783023,0,0.96814297,4.0302039
3312,71,14252,2036,5xvt_8FL_A_709,0,surfdock,0.52454946,0.24080645,2.1783023,0,0.43280237,3.925252
3313,71,14385,2055,5yb7_ORN_D_603,0,surfdock,0.52454946,0.24080645,2.1783023,0,0.9779181,2.5713
3314,71,14455,2065,5yfj_RUB_A_401,0,surfdock,0.52454946,0.24080645,2.1783023,0,0.8848409,5.0633779
3315,71,14462,2066,5yfj_RUB_B_401,0,surfdock,0.52454946,0.24080645,2.1783023,0,0,3.347755
3316,71,14469,2067,5yfj_RUB_C_401,0,surfdock,0.52454946,0.24080645,2.1783023,0,0,3.5585089
3317,71,15008,2144,6dmi_5T5_A_504,0,surfdock,0.52454946,0.24080645,2.1783023,0,0.98771329,4.1082817
3318,71,15421,2203,6gck_EUB_D_302,0,surfdock,0.52454946,0.24080645,2.1783023,0,0.99379371,3.3217421
3319,71,15456,2208,6gxk_FFW_A_402,0,surfdock,0.52454946,0.24080645,2.1783023,0,0.98787049,4.2977756
3320,71,15463,2209,6gxk_FFW_B_402,0,surfdock,0.52454946,0.24080645,2.1783023,0,0.99106229,4.0637079
3321,71,15596,2228,6hsg_GM5_A_504,0,surfdock,0.52454946,0.24080645,2.1783023,0,0,3.6036237
3322,71,15603,2229,6hsg_GM5_B_504,0,surfdock,0.52454946,0.24080645,2.1783023,0,0.99615439,3.5827768
3323,71,15610,2230,6hsg_GM5_D_504,0,surfdock,0.52454946,0.24080645,2.1783023,0,0,3.5893399
3324,71,15631,2233,6i6r_H62_A_704,0,surfdock,0.52454946,0.24080645,2.1783023,0,0.92511346,2.6941482
3325,71,15918,2274,6l17_E2X_A_401,0,surfdock,0.52454946,0.24080645,2.1783023,0,0.99032057,3.9041635
3326,71,16065,2295,6m5m_NAG_A_202,0,surfdock,0.52454946,0.24080645,2.1783023,0,0.00024894146,2.856397
3327,71,16072,2296,6m5m_NAG_B_202,0,surfdock,0.52454946,0.24080645,2.1783023,0,0,2.8526762
3328,71,16156,2308,6mwl_K5G_B_301,0,surfdock,0.52454946,0.24080645,2.1783023,0,0.98814662,6.7304599
3329,71,16331,2333,6nni_CP6_A_203,0,surfdock,0.52454946,0.24080645,2.1783023,0,0.99389583,3.1634969
3330,71,16919,2417,6rhc_K48_A_305,0,surfdock,0.52454946,0.24080645,2.1783023,0,0.9953123,2.7247411
3331,71,17010,2430,6si4_LEK_A_402,0,surfdock,0.52454946,0.24080645,2.1783023,0,0.94630379,3.4245349
3332,71,17017,2431,6si4_LEK_B_402,0,surfdock,0.52454946,0.24080645,2.1783023,0,0.95633218,3.5722978
3333,71,17136,2448,6t5p_VD8_B_302,0,surfdock,0.52454946,0.24080645,2.1783023,0,0,3.4626318
3334,71,17143,2449,6t5p_VD8_C_302,0,surfdock,0.52454946,0.24080645,2.1783023,0,0,3.3303335
3335,71,17150,2450,6t5p_VD8_D_302,0,surfdock,0.52454946,0.24080645,2.1783023,0,0.99554728,3.3310801
3336,71,17346,2478,6uvj_QJ1_A_205,0,surfdock,0.52454946,0.24080645,2.1783023,0,0.90871613,3.057739
3337,71,17353,2479,6uxr_K6G_B_202,0,surfdock,0.52454946,0.24080645,2.1783023,0,0,3.0856607
3338,71,17409,2487,6vmz_R3P_A_404,0,surfdock,0.52454946,0.24080645,2.1783023,0,0,3.3416914
3339,71,17423,2489,6vmz_R3P_E_403,0,surfdock,0.52454946,0.24080645,2.1783023,0,2.4401517e-07,3.3076102
3340,71,17703,2529,7bqu_EF2_A_501,0,surfdock,0.52454946,0.24080645,2.1783023,0,0.78958698,4.8244849
3341,71,17759,2537,7jo3_VGS_A_302,0,surfdock,0.52454946,0.24080645,2.1783023,0,0.98560844,3.1632144
3342,71,17773,2539,7kje_NRD_A_405,0,surfdock,0.52454946,0.24080645,2.1783023,0,0,3.1184695
3343,71,15617,2231,6i4b_E2N_A_603,0,surfdock,0.52427553,0.24068069,2.1783023,0,0.99096788,3.7158556
3344,71,791,113,1h1m_KMP_C_1358,0,surfdock,0.52400991,0.24055875,2.1783023,0,0,3.8149461
3345,71,2548,364,1tkj_MED_A_913,0,surfdock,0.52400991,0.24055875,2.1783023,0,0.83885921,2.5725439
3346,71,15547,2221,6hmw_FUL_H_201,0,surfdock,0.52454946,0.23694518,2.2138,0,0.95566509,2.1281478
3347,71,15554,2222,6hmw_FUL_I_201,0,surfdock,0.52454946,0.23605667,2.2221327,0,0,2.2759044
3348,71,17598,2514,6yta_IYZ_A_702,0,surfdock,0.52454946,0.23207423,2.2602649,0,0.98236373,3.7045621
3349,71,15841,2263,6k92_GT0_B_602,0,surfdock,0.52454946,0.23073464,2.2733874,0,0.99388675,2.7717407
3350,71,16695,2385,6qde_HWW_A_503,0,surfdock,0.52454946,0.22975613,2.2830696,0,0,3.8018302
3351,71,16688,2384,6qde_HWW_A_502,0,surfdock,0.52454946,0.22512402,2.3300457,0,0,4.3564466
3352,71,13755,1965,5unx_8F1_B_803,0,surfdock,0.52400991,0.22470527,2.3319867,0,0.98437922,4.0167592
3353,71,14777,2111,6bds_DJ4_A_303,0,surfdock,0.52454946,0.22422854,2.3393509,0,2.6134336e-05,2.7478546
3354,71,10024,1432,4ug7_1EV_A_904,0,surfdock,0.52454946,0.22302268,2.3519995,0,0.96100584,3.9405823
3355,71,7077,1011,4a7a_RGZ_A_601,0,surfdock,0.52454946,0.22271021,2.3552995,0,0.99485876,3.6948041
3356,72,8890,1270,4jzx_IPE_A_401,0,surfdock,0.52603746,0.24144227,2.1787288,0,0,2.9595068
3357,72,10913,1559,5adi_TUE_A_800,0,surfdock,0.52603746,0.24144227,2.1787288,0,0.99028658,3.311625
3358,72,14406,2058,5ybp_8SX_B_303,0,surfdock,0.52603746,0.24144227,2.1787288,0,0,4.8683879
3359,72,14420,2060,5ybp_AKG_B_302,0,surfdock,0.52603746,0.24144227,2.1787288,0,0,2.4768621
3360,72,14427,2061,5ybq_8T0_A_303,0,surfdock,0.52603746,0.24144227,2.1787288,0,0.94937369,4.857475
3361,72,14448,2064,5ybq_AKG_B_302,0,surfdock,0.52603746,0.24144227,2.1787288,0,0,2.6138444
3362,72,15211,2173,6fa1_D2Z_A_203,0,surfdock,0.52603746,0.24144227,2.1787288,0,0.0022376178,3.3110667
3363,72,15218,2174,6fa1_D2Z_B_203,0,surfdock,0.52603746,0.24144227,2.1787288,0,0.13906551,3.6498885
3364,72,15232,2176,6fjj_LSA_A_302,0,surfdock,0.52603746,0.24144227,2.1787288,0,0.99771514,2.6447889
3365,72,15260,2180,6flu_DTK_A_401,0,surfdock,0.52603746,0.24144227,2.1787288,0,0.15435641,3.3352154
3366,72,15267,2181,6flu_DTK_A_403,0,surfdock,0.52603746,0.24144227,2.1787288,0,0.92117095,3.3213897
3367,72,15274,2182,6flu_DTK_A_404,0,surfdock,0.52603746,0.24144227,2.1787288,0,0.78265699,3.2608547
3368,72,15295,2185,6flu_DTK_B_401,0,surfdock,0.52603746,0.24144227,2.1787288,0,0,3.3140699
3369,72,15302,2186,6flu_DTK_B_402,0,surfdock,0.52603746,0.24144227,2.1787288,0,0.080564702,3.238258
3370,72,15323,2189,6flu_DTK_B_405,0,surfdock,0.52603746,0.24144227,2.1787288,0,0,3.1620892
3371,72,16716,2388,6qol_JB5_A_301,0,surfdock,0.52603746,0.24144227,2.1787288,0,0.99391945,2.4951829
3372,72,16723,2389,6qol_JB5_B_301,0,surfdock,0.52603746,0.24144227,2.1787288,0,0.00073635277,2.5432824
3373,72,17087,2441,6szl_M3E_B_604,0,surfdock,0.52603746,0.24144227,2.1787288,0,0.34560644,2.842487
3374,72,17101,2443,6t02_M5E_A_601,0,surfdock,0.52603746,0.24144227,2.1787288,0,0,2.7883577
3375,72,17115,2445,6t0a_M58_A_601,0,surfdock,0.52603746,0.24144227,2.1787288,0,0.0026412827,2.5095316
3376,72,17122,2446,6t0a_M58_B_601,0,surfdock,0.52603746,0.24144227,2.1787288,0,0.88004269,2.4306977
3377,72,17129,2447,6t10_M6Z_A_601,0,surfdock,0.52603746,0.24144227,2.1787288,0,0.99516666,2.8624808
3378,72,17171,2453,6tbx_N0Z_D_302,0,surfdock,0.52603746,0.24144227,2.1787288,0,0,2.479586
3379,72,17710,2530,7bzm_GIM_A_501,0,surfdock,0.52603746,0.24144227,2.1787288,0,0.99316825,2.8914248
3380,72,17717,2531,7bzm_GIM_B_501,0,surfdock,0.52603746,0.24144227,2.1787288,0,0,2.8959662
3381,72,15225,2175,6fa1_D2Z_F_203,0,surfdock,0.52586753,0.24136428,2.1787288,0,0.07383777,3.5673856
3382,72,9898,1414,4tq4_DMA_C_403,0,surfdock,0.52524171,0.24107703,2.1787288,0,0.95790485,3.1383623
3383,72,17234,2462,6toj_NQQ_A_201,0,surfdock,0.52524171,0.24107703,2.1787288,0,0.97418721,3.5769026
3384,73,2717,388,1uay_ADN_B_1002,1,unimol,0.79307871,0.36110373,2.1962619,0,0.95467063,20.09
3385,73,2710,387,1uay_ADN_A_1001,1,unimol,0.78580567,0.35707774,2.2006562,0,0.97851728,18.72
3386,73,1232,176,1j3k_WRA_B_709,0,surfdock,0.73434117,0.26212006,2.8015442,0,0.98990463,4.0548766
3387,73,1225,175,1j3k_WRA_A_609,0,surfdock,0.73295214,0.26162425,2.8015442,0,0.97624103,4.1311499
3388,73,1211,173,1j3i_WRA_B_709,0,surfdock,0.73386483,0.26073267,2.8146245,0,0.97842315,3.9564379
3389,73,1204,172,1j3i_WRA_A_609,0,surfdock,0.73091649,0.26022869,2.8087459,0,0,3.989063
3390,73,11067,1581,5c38_DA8_A_403,0,surfdock,0.71445433,0.24465136,2.9202948,0,0.8342698,3.9401416
3391,73,686,98,1gsq_GDN_A_203,0,surfdock,0.52444977,0.2406232,2.1795468,0,0.73101184,2.927866
3392,73,2436,348,1sqk_LAR_A_378,0,surfdock,0.52444977,0.2406232,2.1795468,0,0,4.1738179
3393,73,6230,890,3sjh_LAR_A_503,0,surfdock,0.52444977,0.2406232,2.1795468,0,0,4.2261876
3394,73,7280,1040,4b98_PXG_B_470,0,surfdock,0.52444977,0.2406232,2.1795468,0,0,6.2248244
3395,73,7476,1068,4ccu_AWF_A_1500,0,surfdock,0.52444977,0.2406232,2.1795468,0,0.9827705,4.5617677
3396,73,9912,1416,4tqi_6BD_A_201,0,surfdock,0.52444977,0.2406232,2.1795468,0,0.92487826,3.0719504
3397,73,9919,1417,4tqi_6BD_B_201,0,surfdock,0.52444977,0.2406232,2.1795468,0,0.95377808,3.0380911
3398,73,14630,2090,6a2m_UMP_A_703,0,surfdock,0.52444977,0.2406232,2.1795468,0,0.9910418,3.5199014
3399,73,14637,2091,6a2m_UMP_B_703,0,surfdock,0.52444977,0.2406232,2.1795468,0,0.97735796,3.4903549
3400,73,14651,2093,6a2n_UMP_B_703,0,surfdock,0.52444977,0.2406232,2.1795468,0,0.97628209,3.5616251
3401,73,14693,2099,6auq_BYJ_B_803,0,surfdock,0.52444977,0.2406232,2.1795468,0,0.98728891,3.3498904
3402,73,15848,2264,6krs_CIT_B_301,0,surfdock,0.52444977,0.2406232,2.1795468,0,0.016753714,2.914619
3403,73,15862,2266,6krs_CIT_D_301,0,surfdock,0.52444977,0.2406232,2.1795468,0,0,2.8327839
3404,73,15869,2267,6krs_CIT_F_301,0,surfdock,0.52444977,0.2406232,2.1795468,0,0,2.7896287
3405,73,15876,2268,6krs_CIT_H_301,0,surfdock,0.52444977,0.2406232,2.1795468,0,0.015301673,2.8154706
3406,73,15883,2269,6krs_CIT_I_301,0,surfdock,0.52444977,0.2406232,2.1795468,0,0.014972373,2.8803471
3407,73,15890,2270,6krs_CIT_J_301,0,surfdock,0.52444977,0.2406232,2.1795468,0,0.015352468,2.82186
3408,73,15981,2283,6l8a_BAL_C_504,0,surfdock,0.52444977,0.2406232,2.1795468,0,0.97370188,1.965551
3409,73,15988,2284,6l8a_BAL_D_507,0,surfdock,0.52444977,0.2406232,2.1795468,0,0.99811306,2.0140837
3410,73,15995,2285,6l8a_BAL_E_503,0,surfdock,0.52444977,0.2406232,2.1795468,0,0.07984342,2.0054214
3411,73,16548,2364,6png_OSG_B_801,0,surfdock,0.52444977,0.2406232,2.1795468,0,0.44401434,3.6063752
3412,73,16555,2365,6png_OSG_B_804,0,surfdock,0.52444977,0.2406232,2.1795468,0,0.46300822,3.5148393
3413,73,16800,2400,6r5o_BGC_A_802,0,surfdock,0.52444977,0.2406232,2.1795468,0,0.0020964094,2.3298483
3414,73,16807,2401,6r5o_BGC_B_801,0,surfdock,0.52444977,0.2406232,2.1795468,0,0.99279429,2.6187711
3415,73,16814,2402,6r5o_BGC_B_802,0,surfdock,0.52444977,0.2406232,2.1795468,0,0.066333765,2.498755
3416,73,16989,2427,6s9g_L1Q_A_305,0,surfdock,0.52444977,0.2406232,2.1795468,0,0.99700611,3.2533709
3417,73,17108,2444,6t07_M45_B_601,0,surfdock,0.52444977,0.2406232,2.1795468,0,0.00023881849,2.6244922
3418,73,17220,2460,6tof_NQE_A_201,0,surfdock,0.52444977,0.2406232,2.1795468,0,0.99410309,3.0767051
3419,73,17724,2532,7c7g_FJR_A_402,0,surfdock,0.52444977,0.2406232,2.1795468,0,0.99076541,3.57108
3420,73,4452,636,2j5b_TYE_B_1338,0,surfdock,0.52382871,0.24033826,2.1795468,0,0.83428746,2.7618277
3421,73,12418,1774,5ijz_AKG_A_502,0,surfdock,0.52382871,0.24033826,2.1795468,0,0,2.6673436
3422,73,16541,2363,6png_OSG_A_803,0,surfdock,0.52444977,0.23998489,2.185344,0,0.21349137,3.5545441
3423,73,10227,1461,4wua_3UL_A_701,0,surfdock,0.52444977,0.23913849,2.1930788,0,0.98708508,4.1555126
3424,73,15855,2265,6krs_CIT_C_301,0,surfdock,0.52091718,0.23900241,2.1795468,0,0.032461642,2.9503466
3425,73,15204,2172,6f7r_CIT_A_1003,0,surfdock,0.52444977,0.23868597,2.1972365,0,0.84794682,2.4750404
3426,73,11669,1667,5ezp_IPJ_C_201,0,surfdock,0.52444977,0.23804925,2.2031136,0,0,2.8414261
3427,73,13734,1962,5unr_8EV_A_803,0,surfdock,0.52444977,0.2356855,2.2252092,0,0,3.6286556
3428,73,17731,2533,7c7g_FJR_B_402,0,surfdock,0.52444977,0.23433812,2.2380035,0,0.99153711,3.8066775
3429,73,9016,1288,4l1x_STR_A_402,0,surfdock,0.52444977,0.22905574,2.2896154,0,0.98821587,3.5815556
3430,73,11655,1665,5ezp_IPJ_A_201,0,surfdock,0.52444977,0.22786813,2.3015485,0,0.98673532,3.23014
3431,73,11662,1666,5ezp_IPJ_B_201,0,surfdock,0.52444977,0.22635865,2.3168964,0,0,3.1125996
3432,73,11676,1668,5ezp_IPJ_G_202,0,surfdock,0.52444977,0.22635865,2.3168964,0,0.99217538,3.1444464
3433,73,9023,1289,4l1x_STR_B_402,0,surfdock,0.52444977,0.21869338,2.3981044,0,0,3.4503285
3434,74,9976,1425,4uc9_ASP_A_1300,1,unimol,0.65849433,0.27197944,2.4211171,0,0,23.76
3435,74,9975,1425,4uc9_ASP_A_1300,0,surfdock,0.52446916,0.24066772,2.1792243,0,0,2.8285685
3436,74,11991,1713,5g44_SWX_A_1511,0,surfdock,0.52446916,0.24066772,2.1792243,0,1.3399904e-05,2.8507837
3437,74,13272,1896,5oew_9TE_C_301,0,surfdock,0.52446916,0.24066772,2.1792243,0,0.75081606,3.3578079
3438,74,14147,2021,5x86_TMP_A_205,0,surfdock,0.52446916,0.24066772,2.1792243,0,0,3.3302913
3439,74,14770,2110,6ba2_7KM_A_809,0,surfdock,0.52446916,0.24066772,2.1792243,0,0.99141067,4.2318875
3440,74,16016,2288,6lj7_EFR_A_301,0,surfdock,0.52446916,0.24066772,2.1792243,0,0.95921318,2.9586467
3441,74,16639,2377,6qa7_HTW_A_901,0,surfdock,0.52446916,0.24066772,2.1792243,0,0,4.3105448
3442,74,16674,2382,6qdc_HXE_A_1003,0,surfdock,0.52446916,0.24066772,2.1792243,0,0.95424498,3.8394248
3443,74,16681,2383,6qdc_HXE_A_1004,0,surfdock,0.52446916,0.24066772,2.1792243,0,0.0014868794,3.6990279
3444,74,16758,2394,6qqs_JCZ_A_301,0,surfdock,0.52446916,0.24066772,2.1792243,0,0.53484623,3.0488607
3445,74,16765,2395,6qqs_JCZ_B_301,0,surfdock,0.52446916,0.24066772,2.1792243,0,0.92756935,2.9582012
3446,74,17094,2442,6szt_M4Q_B_601,0,surfdock,0.52446916,0.24066772,2.1792243,0,0.037841621,3.2586268
3447,74,17654,2522,6zjw_GAL_A_1101,0,surfdock,0.52446916,0.24066772,2.1792243,0,0.99808136,2.6631945
3448,74,3206,458,1zei_CRS_E_55,0,surfdock,0.52407771,0.24048809,2.1792243,0,0.99500818,2.0795327
3449,74,8883,1269,4jzx_476_A_402,0,surfdock,0.52382314,0.24037127,2.1792243,0,0.98889299,3.7889907
3450,74,14154,2022,5x86_TMP_B_207,0,surfdock,0.52382314,0.24037127,2.1792243,0,0.99407495,3.5300978
3451,74,16506,2358,6pk1_PLP_B_501,0,surfdock,0.52446916,0.23497018,2.2320659,0,0.9891685,3.1308089
3452,74,17045,2435,6sux_BEN_A_302,0,surfdock,0.52446916,0.23034631,2.2768714,0,0.99755928,2.4550788
3453,74,17052,2436,6svu_BEN_A_302,0,surfdock,0.52446916,0.23034631,2.2768714,0,0.99585252,2.4611995
3454,74,14700,2100,6av2_BY7_A_803,0,surfdock,0.52446916,0.22890051,2.2912529,0,0.43517616,3.9608741
3455,74,14707,2101,6av2_BY7_B_803,0,surfdock,0.52446916,0.22571731,2.3235655,0,0.64943977,3.9817669
3456,74,8897,1271,4k5g_Q13_A_803,0,surfdock,0.52446916,0.22519237,2.3289819,0,0.021061927,3.7725091
3457,74,12411,1773,5ihe_D5M_B_701,0,surfdock,0.52446916,0.22434334,2.337796,0,0.56347226,3.4068162
3458,74,8904,1272,4k5g_Q13_B_803,0,surfdock,0.52446916,0.2243192,2.3380475,0,0.22522573,3.8466717
3459,74,17228,2461,6tog_NQH_A_201,1,unimol,0.78469064,0.22298178,3.5190787,0,0.99100723,20.3
3460,74,16464,2352,6ooi_PGA_E_301,0,surfdock,0.52446916,0.22070764,2.3763063,0,0.98413419,2.5029793
3461,74,16471,2353,6ooi_PGA_F_301,0,surfdock,0.52446916,0.22034839,2.3801806,0,0.99383737,2.5150154
3462,74,16478,2354,6ooi_PGA_G_301,0,surfdock,0.52446916,0.22034839,2.3801806,0,0,2.5711845
3463,74,16485,2355,6ooi_PGA_H_302,0,surfdock,0.52446916,0.22034839,2.3801806,0,0.98955924,2.4886914
3464,74,16394,2342,6ock_9KL_A_602,0,surfdock,0.52446916,0.21983065,2.3857863,0,0.99487708,3.0826585
3465,74,16387,2341,6ock_9KL_A_601,0,surfdock,0.52446916,0.21840754,2.4013317,0,0.86336569,3.6795148
3466,74,17080,2440,6sz3_M1H_B_601,0,surfdock,0.52446916,0.21482783,2.4413455,0,0.00048584639,2.1243166
3467,74,13405,1915,5tbo_78Z_A_1001,0,surfdock,0.52446916,0.21348966,2.4566481,0,0.97538858,4.3741434
3468,74,15043,2149,6e43_BEZ_A_502,0,surfdock,0.52446916,0.21281541,2.4644313,0,0.99782941,2.3891681
3469,74,15057,2151,6e43_BEZ_C_502,0,surfdock,0.52446916,0.21281541,2.4644313,0,0.99858528,2.4636453
3470,74,15064,2152,6e43_BEZ_D_502,0,surfdock,0.52446916,0.21248786,2.4682302,0,0.99779232,2.4963526
3471,74,4299,614,2hs3_FGR_A_2166,1,unimol,0.77269441,0.2123592,3.6386189,0,0,21.67
3472,74,4865,695,2qab_EI1_A_1,0,surfdock,0.52446916,0.21041668,2.4925256,0,0.99637467,3.5235664
3473,74,12838,1834,5kjz_PCG_A_401,0,surfdock,0.52446916,0.20886252,2.5110726,0,0.9532402,3.673476
3474,74,13776,1968,5uo5_M4R_A_803,0,surfdock,0.52446916,0.20496654,2.5588028,0,0.98346452,4.0920005
3475,74,10861,1551,5a86_D7E_A_1433,4,gnina,0.44525136,0.20431636,2.1792243,0,0.99174548,6.4000885
3476,74,17514,2502,6xim_XLS_C_397,0,surfdock,0.52446916,0.20419763,2.5684381,0,0,2.6097931
3477,74,13783,1969,5uo5_M4R_B_803,0,surfdock,0.52446916,0.20339551,2.578567,0,0.9880854,3.9172972
3478,74,17507,2501,6xim_XLS_A_397,0,surfdock,0.52446916,0.20130067,2.605401,0,0.99491317,2.7460502
3479,74,10752,1536,4zvv_GN0_C_403,0,surfdock,0.52446916,0.20092536,2.6102676,0,0,4.3553307
3480,74,10745,1535,4zvv_GN0_B_404,0,surfdock,0.52446916,0.19865062,2.6401577,0,0.81865592,4.3992568
3481,74,13265,1895,5oew_9TE_B_901,0,surfdock,0.52446916,0.19785991,2.6507087,0,0.98736748,3.9360865
3482,74,16877,2411,6rgg_K3Q_A_402,0,surfdock,0.52446916,0.19512997,2.687793,0,0.00075329736,2.7198102
3483,74,14868,2124,6c1i_KNA_A_502,0,surfdock,0.52446916,0.19512246,2.6878965,0,0.00045524375,2.8018676
3484,75,4999,714,2qhv_OC9_A_1001,1,unimol,0.78712774,0.25349865,3.105056,0,0.98433836,20.85
3485,75,16163,2309,6n0z_DP6_B_401,0,surfdock,0.52681469,0.24170825,2.1795468,0,0.98471677,4.1453131
3486,75,16170,2310,6n0z_DP6_C_401,0,surfdock,0.52681469,0.24170825,2.1795468,0,0,3.3434854
3487,75,16177,2311,6n0z_DP6_E_401,0,surfdock,0.52681469,0.24170825,2.1795468,0,0.97835863,3.5882475
3488,75,16184,2312,6n0z_DP6_F_401,0,surfdock,0.52681469,0.24170825,2.1795468,0,0,5.7352749
3489,75,16191,2313,6n9r_OHN_A_303,0,surfdock,0.52681469,0.24170825,2.1795468,0,0,3.6656246
3490,75,16198,2314,6n9r_OHN_X_305,0,surfdock,0.52681469,0.24170825,2.1795468,0,0,3.6359243
3491,75,16205,2315,6nba_P1T_A_501,0,surfdock,0.52681469,0.24170825,2.1795468,0,0,4.0355285
3492,75,16212,2316,6nba_P1T_B_501,0,surfdock,0.52681469,0.24170825,2.1795468,0,0,3.8999835
3493,75,16219,2317,6nba_P1T_D_501,0,surfdock,0.52681469,0.24170825,2.1795468,0,0,3.9110403
3494,75,16352,2336,6nyo_U94_A_301,0,surfdock,0.52681469,0.24170825,2.1795468,0,0,4.334854
3495,75,16870,2410,6rgg_K3Q_A_401,0,surfdock,0.52681469,0.24170825,2.1795468,0,0,2.6329973
3496,75,16891,2413,6rgg_K3Q_B_401,0,surfdock,0.52681469,0.24170825,2.1795468,0,0.034880406,2.7226447
3497,75,17255,2465,6tot_NRK_A_401,0,surfdock,0.52681469,0.24170825,2.1795468,0,0,4.6962485
3498,75,17262,2466,6tot_NRK_B_401,0,surfdock,0.52681469,0.24170825,2.1795468,0,8.9394841e-07,4.7003205
3499,75,17500,2500,6xeb_V1P_A_411,0,surfdock,0.52681469,0.24170825,2.1795468,0,0,4.4025306
3500,75,13552,1936,5tm5_7EV_B_601,0,surfdock,0.52681469,0.24114265,2.184659,0,0,4.2876879
3501,75,14063,2009,5x23_LSN_A_502,0,surfdock,0.52681469,0.23898273,2.2044039,0,0,4.8955941
3502,75,17367,2481,6v1e_5SW_A_301,0,surfdock,0.52681469,0.2362693,2.2297204,0,0.98806437,3.7344751
3503,75,11885,1697,5fqf_NGA_B_1585,6,smina,0.50140047,0.23004793,2.1795468,0,0.98834972,1.482469
3504,75,11116,1588,5c8w_PCG_F_302,0,surfdock,0.52681469,0.22749123,2.3157573,0,0,3.5784222
3505,75,11109,1587,5c8w_PCG_D_302,0,surfdock,0.52681469,0.21995326,2.3951201,0,0,3.4855853
3506,75,6608,944,3vqe_FMQ_A_1006,0,surfdock,0.56145187,0.21888017,2.5651097,0,0.98665076,2.7816948
3507,75,15567,2223,6hnz_GH5_A_301,6,smina,0.47504033,0.21795362,2.1795468,0,0.97909173,4.1304928
3508,75,11102,1586,5c8w_PCG_B_303,0,surfdock,0.52681469,0.21415426,2.4599767,0,0,3.6234255
3509,75,15390,2198,6fw0_E92_B_602,4,gnina,0.46569846,0.21366747,2.1795468,0,0.9910779,5.1107774
3510,75,2618,374,1tsd_UMP_B_265,0,surfdock,0.52681469,0.2134607,2.4679694,0,0.97418974,3.4521133
3511,75,2611,373,1tsd_UMP_A_267,0,surfdock,0.52681469,0.21338905,2.4687982,0,0.96169717,3.6706363
3512,75,256,36,1d6u_HY1_A_2001,4,gnina,0.46468837,0.21320403,2.1795468,0,0.99548726,3.365729
3513,75,16125,2303,6mpa_NAG_B_502,4,gnina,0.45699306,0.2063962,2.2141535,0,7.807765e-05,3.0166562
3514,75,16797,2399,6r5o_BGC_A_801,4,gnina,0.44544198,0.20437358,2.1795468,0,0.98725877,3.4118593
3515,75,17787,2541,8cpp_TCM_A_422,0,surfdock,0.52681469,0.20418446,2.580091,0,0.078946401,1.7516298
3516,75,15575,2225,6ho7_GHQ_A_301,0,surfdock,0.52681469,0.20247297,2.6019003,0,0,3.2805673
3517,75,17003,2429,6sds_L8N_A_302,0,surfdock,0.52681469,0.20107829,2.6199472,0,0.98422833,3.5819436
3518,75,11095,1585,5c8w_PCG_A_302,0,surfdock,0.52681469,0.20049351,2.6275887,0,0.99197156,3.7918229
3519,75,16338,2334,6nsu_DYA_A_402,0,surfdock,0.52681469,0.19909003,2.646112,0,0,2.5503455
3520,75,12705,1815,5jj2_MLI_A_301,0,surfdock,0.52681469,0.19873074,2.6508958,0,0.9768498,2.2178925
3521,75,5699,814,2y4j_LAC_B_400,1,unimol,0.77998345,0.19821049,3.9351261,0,0.94610881,15.24
3522,75,4435,633,2j1s_FUL_B_1153,4,gnina,0.42044569,0.19290501,2.1795468,0,0.954016,1.4596603
3523,75,12719,1817,5jj2_MLI_A_303,0,surfdock,0.52681469,0.19277759,2.732758,0,0.99342226,2.2277855
3524,75,263,37,1d6u_HY1_B_3001,4,gnina,0.41971893,0.19257157,2.1795468,0,0.97149502,4.4583965
3525,75,6451,921,3v1s_0LH_B_401,4,gnina,0.41970888,0.19256696,2.1795468,0,0.013387532,2.2243775
3526,75,1271,181,1jhv_PCR_A_990,4,gnina,0.41970793,0.19256652,2.1795468,0,0.0054470704,1.4717022
3527,75,13731,1961,5uio_LG3_E_201,4,gnina,0.41970405,0.19256474,2.1795468,0,0.99160355,2.3696727
3528,75,8005,1143,4e7v_CRS_G_101,4,gnina,0.41970045,0.19256309,2.1795468,0,0.99424206,1.9860705
3529,75,2006,286,1ov5_2LP_A_403,4,gnina,0.41969053,0.19255853,2.1795468,0,0.99478527,1.8284144
3530,75,14487,2069,5ykt_PMP_B_501,4,gnina,0.41968995,0.19255827,2.1795468,0,0.12230085,4.0278002
3531,75,1523,217,1l5o_2MP_A_990,4,gnina,0.41968127,0.19255429,2.1795468,0,0.014184438,2.133076
3532,75,17077,2439,6syz_M1E_A_601,4,gnina,0.41967579,0.19255177,2.1795468,0,0.010496457,2.4205808
3533,75,3378,482,227l_BNZ_A_169,4,gnina,0.41966606,0.19254731,2.1795468,0,2.3666409e-05,1.8881698
3534,76,12492,1784,5irw_D9P_B_202,4,gnina,0.82921375,0.3813684,2.1743107,0,0.98274255,3.6585534
3535,76,13383,1911,5t63_ALA_C_1,6,smina,0.62256761,0.2863286,2.1743107,0,0,4.2682885
3536,76,3821,545,2dcf_ACA_A_501,6,smina,0.56493852,0.25982408,2.1743107,0,0.83433157,2.3821127
3537,76,16799,2399,6r5o_BGC_A_801,6,smina,0.55749332,0.25639991,2.1743107,0,0.93359819,0.85866813
3538,76,12391,1770,5icf_SAU_A_402,1,unimol,0.69565343,0.25372904,2.7417169,0,0.9098824,15.06
3539,76,4460,637,2j9e_AKG_C_1119,1,unimol,0.6965416,0.2487512,2.8001528,0,0.96067827,25.69
3540,76,9323,1331,4n36_2F8_A_401,6,smina,0.53914511,0.24796129,2.1743107,0,0.82176799,1.5965134
3541,76,10031,1433,4ugf_Q16_A_904,0,surfdock,0.52404692,0.24101739,2.1743107,0,0,3.6510887
3542,76,12712,1816,5jj2_MLI_A_302,0,surfdock,0.52404692,0.24101739,2.1743107,0,0.88094184,2.1428794
3543,76,13097,1871,5n8c_8Q8_A_403,0,surfdock,0.52404692,0.24101739,2.1743107,0,0,5.0410398
3544,76,15148,2164,6f6a_CU5_B_301,0,surfdock,0.52404692,0.24101739,2.1743107,0,0.90033323,3.7317386
3545,76,15477,2211,6hgl_TES_A_401,0,surfdock,0.52404692,0.24101739,2.1743107,0,0.97795019,3.0527818
3546,76,16513,2359,6pmv_M16_B_803,0,surfdock,0.52404692,0.24101739,2.1743107,0,0.96203394,3.2650104
3547,76,16534,2362,6pna_M16_B_803,0,surfdock,0.52404692,0.24101739,2.1743107,0,0.81867137,3.1713866
3548,76,17381,2483,6vlu_CIT_A_701,0,surfdock,0.52404692,0.24101739,2.1743107,0,0.32936247,2.5197273
3549,76,17444,2492,6vv9_RQ1_A_202,0,surfdock,0.52404692,0.24101739,2.1743107,0,0.0013911405,3.9090793
3550,76,17451,2493,6vv9_RQ1_B_304,0,surfdock,0.52404692,0.24101739,2.1743107,0,0.49085464,3.7832155
3551,76,13853,1979,5vut_9OG_A_803,0,surfdock,0.52404692,0.24054391,2.1785905,0,0.93034317,3.2684947
3552,76,578,82,1g6t_S3P_A_601,4,gnina,0.82929986,0.23968731,3.459923,0,0.41918545,2.2714706
3553,76,17206,2458,6to7_SUV_A_401,0,surfdock,0.52404692,0.23877815,2.1947012,0,0,4.7170606
3554,76,17213,2459,6to7_SUV_B_401,0,surfdock,0.52404692,0.23877815,2.1947012,0,0,4.8451533
3555,76,8007,1143,4e7v_CRS_G_101,6,smina,0.51844317,0.23844014,2.1743107,0,0.92393251,0.51680816
3556,76,17311,2473,6u6c_PZV_F_802,0,surfdock,0.52404692,0.23788571,2.2029347,0,0.82493413,4.0728295
3557,76,16912,2416,6rgr_RM4_A_403,0,surfdock,0.52404692,0.2345272,2.2344816,0,0.22235516,2.1348385
3558,76,12726,1818,5jj2_MLI_A_305,0,surfdock,0.52404692,0.23259648,2.2530293,0,0.024031921,1.9220215
3559,76,17231,2461,6tog_NQH_A_201,4,gnina,0.49661809,0.22840244,2.1743107,0,0.98322104,2.2152263
3560,76,3210,458,1zei_CRS_E_55,4,gnina,0.49151916,0.22605736,2.1743107,0,9.8062974e-06,1.8737316
3561,76,2552,364,1tkj_MED_A_913,4,gnina,0.49053805,0.22560614,2.1743107,0,0,1.7676967
3562,77,8833,1261,4jb0_ENO_A_402,6,smina,0.74253338,0.3425359,2.1677525,0,0.9950233,1.281559
3563,77,9820,1402,4rg3_ECE_A_603,6,smina,0.73294108,0.3381109,2.1677525,0,0.97253955,0.48393132
3564,77,5121,731,2r3d_ACM_A_303,4,gnina,0.83095018,0.29445641,2.8219793,0,0.9937472,1.3016927
3565,77,15056,2150,6e43_BEZ_B_502,6,smina,0.58991808,0.27213338,2.1677525,0,0.067339126,0.78914416
3566,77,15334,2190,6flu_DTK_B_406,4,gnina,0.58049856,0.26778809,2.1677525,0,3.4084104e-07,4.300279
3567,77,1308,186,1jw0_GUA_B_999,6,smina,0.55304609,0.25512407,2.1677525,0,2.5623888e-06,1.2318533
3568,77,2601,371,1toq_AMG_E_503,4,gnina,0.82974725,0.25006592,3.3181131,0,0.9941913,2.462078
3569,77,2072,296,1p7l_PPK_C_684,0,surfdock,0.52361654,0.24154801,2.1677525,0,0.98636298,2.961343
3570,77,2079,297,1p7l_PPK_D_884,0,surfdock,0.52361654,0.24154801,2.1677525,0,0.0071423959,2.9455863
3571,77,13797,1971,5ut1_7DZ_A_905,0,surfdock,0.52361654,0.24154801,2.1677525,0,0,3.6889991
3572,77,14539,2077,5zg2_ZK1_A_901,0,surfdock,0.52361654,0.24154801,2.1677525,0,0.91170789,4.32761
3573,77,14546,2078,5zg2_ZK1_B_901,0,surfdock,0.52361654,0.24154801,2.1677525,0,0,4.1227278
3574,77,17192,2456,6tgi_N8Z_B_508,0,surfdock,0.52361654,0.24154801,2.1677525,0,0.99641959,2.8234463
3575,77,17752,2536,7est_0Z2_E_1,0,surfdock,0.52361654,0.24154801,2.1677525,0,0.97246926,4.3457963
3576,77,13664,1952,5ud3_P6F_B_404,0,surfdock,0.52361654,0.24125762,2.1703618,0,0,3.6443343
3577,77,8215,1173,4g1x_TQU_A_410,4,gnina,0.50901876,0.23481395,2.1677525,0,0.1632594,2.7474297
3578,77,4610,658,2nz5_226_A_431,4,gnina,0.50289909,0.23199091,2.1677525,0,2.1495134e-06,2.2380872
3579,77,795,113,1h1m_KMP_C_1358,4,gnina,0.50271307,0.2319051,2.1677525,0,0.99258705,4.7804437
3580,77,11242,1606,5d8u_0N8_A_203,0,surfdock,0.52361654,0.22700503,2.3066287,0,0.96603555,3.4497401
3581,77,15392,2198,6fw0_E92_B_602,6,smina,0.58171469,0.22195692,2.6208441,0,0,2.7632967
3582,77,8208,1172,4g1x_TQU_A_409,4,gnina,0.480961,0.22187071,2.1677525,0,3.7308404e-06,1.9226227
3583,77,13577,1939,5u5g_7VD_A_302,4,gnina,0.47268665,0.21805369,2.1677525,0,0.4864854,2.7187395
3584,77,10906,1558,5abz_Z47_B_201,0,surfdock,0.52361654,0.21748097,2.4076421,0,0.18177379,3.5620317
3585,77,13733,1961,5uio_LG3_E_201,6,smina,0.64132106,0.2172296,2.9522719,0,0,0.74848328
3586,77,1999,285,1opr_ORO_A_220,4,gnina,0.47065176,0.21711499,2.1677525,0,0.22505904,1.9938582
3587,77,2783,397,1v03_BGC_A_1498,4,gnina,0.47024546,0.21678779,2.1691501,0,0.87859552,4.66377
3588,77,2995,427,1xdj_HCS_A_1049,6,smina,0.53864741,0.21670103,2.4856699,0,0.43332523,0.90537059
3589,77,8553,1221,4i4v_NGA_A_201,6,smina,0.63411772,0.21610051,2.9343638,0,0.98213771,1.2492217
3590,77,3553,507,2bdg_PBZ_A_301,4,gnina,0.46534354,0.21466627,2.1677525,0,0.98897645,1.6914745
3591,77,15915,2273,6kxh_DY9_D_402,4,gnina,0.46533839,0.21466389,2.1677525,0,0,3.7902399
3592,77,7508,1072,4cjv_IV2_B_1215,4,gnina,0.46533177,0.21466084,2.1677525,0,0.97667082,1.6262665
3593,77,3560,508,2bdg_PBZ_B_302,4,gnina,0.46530486,0.21464842,2.1677525,0,0.99663567,2.0442574
3594,77,7732,1104,4cxr_2BG_A_502,4,gnina,0.46530167,0.21464695,2.1677525,0,0.98196121,2.2645665
3595,77,13332,1904,5r0i_SYV_A_2501,4,gnina,0.46528522,0.21463936,2.1677525,0,1.4983411e-06,1.7652648
3596,77,11750,1678,5fe1_12Q_A_901,4,gnina,0.46527708,0.21463561,2.1677525,0,0.99032203,2.0812783
3597,77,11757,1679,5fe1_12Q_B_901,4,gnina,0.46527383,0.21463411,2.1677525,0,0.98733452,1.7074715
3598,77,6332,904,3tye_XHP_B_901,4,gnina,0.46526607,0.21463053,2.1677525,0,0.99656712,2.2280397
3599,77,1026,146,1hsr_BHO_A_800,4,gnina,0.4652386,0.21461786,2.1677525,0,2.819143e-06,1.7605827
3600,77,3189,455,1zei_CRS_C_56,4,gnina,0.46523608,0.2146167,2.1677525,0,0.88448169,1.6180366
3601,77,10945,1563,5afy_WCE_H_1248,4,gnina,0.46522246,0.21461041,2.1677525,0,0.00072854404,2.0662803
3602,77,1474,210,1kwc_BPY_B_401,4,gnina,0.46521854,0.2146086,2.1677525,0,0.0030372542,2.336225
3603,77,3217,459,1zei_CRS_F_54,4,gnina,0.46520161,0.21460079,2.1677525,0,0.83379369,1.8838963
3604,77,6031,861,3mk1_NPO_A_913,4,gnina,0.46519168,0.21459621,2.1677525,0,0.00039834249,2.1443972
3605,77,10329,1475,4xp0_42A_A_404,4,gnina,0.46518738,0.21459423,2.1677525,0,0.013915543,1.8341733
3606,77,7823,1117,4d4u_FUC_B_950,4,gnina,0.46518005,0.21459084,2.1677525,0,0.99782195,1.7043176
3607,77,8726,1246,4ioq_BAQ_A_201,4,gnina,0.46516915,0.21458582,2.1677525,0,2.1962924e-05,1.3633349
3608,77,5114,730,2r0g_7CK_A_1355,4,gnina,0.46515484,0.21457922,2.1677525,0,0.97860672,4.215833
3609,77,12247,1749,5hpu_IPH_A_101,4,gnina,0.46512584,0.21456584,2.1677525,0,0.98905824,1.1539476
3610,77,2797,399,1v5y_4HC_A_1455,4,gnina,0.46511287,0.21455986,2.1677525,0,1.7080079e-07,1.5632279
3611,77,3203,457,1zei_CRS_E_54,4,gnina,0.46510794,0.21455758,2.1677525,0,0.98767554,1.4890052
3612,78,11883,1697,5fqf_NGA_B_1585,4,gnina,0.83518239,0.38976806,2.1427667,0,0.98856648,3.4057177
3613,78,4801,685,2pt6_S4M_B_502,6,smina,0.72246136,0.2954326,2.4454346,0,0.99001806,9.0965086
3614,78,3562,508,2bdg_PBZ_B_302,6,smina,0.60156625,0.28074264,2.1427667,0,0,0.82759347
3615,78,2008,286,1ov5_2LP_A_403,6,smina,0.60069382,0.28033549,2.1427667,0,0.99529623,1.0684163
3616,78,16099,2299,6m9b_BTN_C_201,6,smina,0.60040904,0.28020259,2.1427667,0,0,2.4895822
3617,78,11752,1678,5fe1_12Q_A_901,6,smina,0.59859267,0.27935491,2.1427667,0,0,0.59428369
3618,78,3555,507,2bdg_PBZ_A_301,6,smina,0.59794673,0.27905346,2.1427667,0,0,0.75301971
3619,78,11759,1679,5fe1_12Q_B_901,6,smina,0.59718562,0.27869826,2.1427667,0,0,0.54358185
3620,78,7734,1104,4cxr_2BG_A_502,6,smina,0.59464844,0.27751419,2.1427667,0,0.98467477,1.0305407
3621,78,5116,730,2r0g_7CK_A_1355,6,smina,0.59310007,0.27679159,2.1427667,0,0.98073989,2.83811
3622,78,265,37,1d6u_HY1_B_3001,6,smina,0.58970913,0.26703845,2.2083294,0,0.0060246585,0.7577231
3623,78,15180,2168,6f77_PLP_A_600,4,gnina,0.55220997,0.25770875,2.1427667,0,0,7.3028052
3624,78,1481,211,1kwu_MMA_B_601,4,gnina,0.54696326,0.25526018,2.1427667,0,0.93648164,1.8807873
3625,78,258,36,1d6u_HY1_A_2001,6,smina,0.55444361,0.25106914,2.2083294,0,0.0063647831,0.9322478
3626,78,15176,2168,6f77_PLP_A_600,0,surfdock,0.52378837,0.24444478,2.1427667,0,0,3.3309306
3627,78,7035,1005,3zzm_JLN_A_1526,0,surfdock,0.52352624,0.24432245,2.1427667,0,0.96898039,4.0108715
3628,78,14854,2122,6c1i_EEY_A_501,0,surfdock,0.52352624,0.24432245,2.1427667,0,0.9899883,3.342108
3629,78,14861,2123,6c1i_EEY_B_501,0,surfdock,0.52352624,0.24432245,2.1427667,0,0.99469493,3.2989511
3630,78,16114,2302,6md2_GW9_B_501,0,surfdock,0.52352624,0.24432245,2.1427667,0,0,2.3453176
3631,78,12212,1744,5hfa_FP1_A_607,4,gnina,0.51563259,0.24063859,2.1427667,0,0.0012453548,2.6795277
3632,78,4820,688,2pvy_ACP_D_802,4,gnina,0.51563203,0.24063833,2.1427667,0,0.0014472393,5.5538189
3633,78,8642,1234,4i7n_1DJ_A_202,4,gnina,0.50623795,0.23625424,2.1427667,0,0.99493549,2.4445369
3634,78,13157,1879,5nov_93B_A_201,4,gnina,0.50606322,0.2361727,2.1427667,0,0.26403636,1.9171164
3635,78,8117,1159,4ekr_0R0_A_202,4,gnina,0.50603998,0.23616185,2.1427667,0,0.13947097,1.7155149
3636,78,8047,1149,4e7v_CRS_U_101,4,gnina,0.50597879,0.23613329,2.1427667,0,0.97613473,1.8972115
3637,78,2090,298,1pfw_MF3_A_553,4,gnina,0.50597441,0.23613125,2.1427667,0,0.93724513,3.7407611
3638,78,8054,1150,4e7v_CRS_Y_101,4,gnina,0.50594479,0.23611743,2.1427667,0,0.28434399,2.387796
3639,78,9013,1287,4kwl_3SS_A_302,4,gnina,0.50594121,0.23611576,2.1427667,0,0.90050951,1.6985979
3640,78,9636,1376,4pbr_2L7_A_401,4,gnina,0.50593648,0.23611355,2.1427667,0,0.96567063,3.9323819
3641,78,8033,1147,4e7v_CRS_Q_101,4,gnina,0.50586915,0.23608213,2.1427667,0,0.86585662,2.144497
3642,78,8012,1144,4e7v_CRS_I_101,4,gnina,0.50584398,0.23607038,2.1427667,0,0.4515021,2.198755
3643,78,8019,1145,4e7v_CRS_M_101,4,gnina,0.50583573,0.23606653,2.1427667,0,0.99087744,2.2684131
3644,78,8026,1146,4e7v_CRS_O_101,4,gnina,0.50581875,0.23605861,2.1427667,0,0.99386439,2.0819867
3645,78,15292,2184,6flu_DTK_A_406,4,gnina,0.50581564,0.23605716,2.1427667,0,0.99458142,1.9598207
3646,78,1726,246,1mrj_ADN_A_300,4,gnina,0.50579425,0.23604717,2.1427667,0,0,2.0540218
3647,78,6206,886,3se2_3AB_D_3,4,gnina,0.50578185,0.23604139,2.1427667,0,0.91978108,2.3717138
3648,78,13843,1977,5vl0_BNF_C_404,4,gnina,0.50573671,0.23602032,2.1427667,0,0.59481012,4.0154088
3649,78,12324,1760,5i5s_NVU_A_402,4,gnina,0.50571903,0.23601207,2.1427667,0,0.77987337,2.1383086
3650,78,151,21,1axg_ETF_B_404,4,gnina,0.50566334,0.23598608,2.1427667,0,0.9805795,3.3450711
3651,78,7977,1139,4dwv_PFB_B_378,4,gnina,0.50556091,0.23593828,2.1427667,0,0.96671165,2.2450861
3652,78,13836,1976,5vl0_BNF_B_404,4,gnina,0.50552377,0.23592094,2.1427667,0,0.70593462,3.3093084
3653,78,16594,2370,6q4b_HHN_A_301,4,gnina,0.50550968,0.23591437,2.1427667,0,0.036972606,1.4744077
3654,78,6227,889,3sj1_DXC_X_75,4,gnina,0.50550961,0.23591434,2.1427667,0,0,3.408633
3655,78,7991,1141,4e7v_CRS_3_101,4,gnina,0.50544445,0.23588393,2.1427667,0,0.69783633,2.5607993
3656,78,2013,287,1ovk_NYL_A_405,4,gnina,0.50540739,0.23586663,2.1427667,0,0.99258249,2.0166419
3657,78,15320,2188,6flu_DTK_B_404,4,gnina,0.50538638,0.23585682,2.1427667,0,0.99333461,3.4037593
3658,78,6199,885,3se2_3AB_C_4,4,gnina,0.505369,0.23584871,2.1427667,0,0.98961868,2.1561149
3659,78,4386,626,2isf_PAC_A_317,4,gnina,0.50532749,0.23582934,2.1427667,0,0.0012259024,1.7842649
3660,78,613,87,1g8z_GAL_F_104,4,gnina,0.50530726,0.2358199,2.1427667,0,0.9685009,1.8705716
3661,78,10273,1467,4x36_CHT_A_408,4,gnina,0.5052933,0.23581339,2.1427667,0,0.060996447,1.6217252
3662,79,14130,2018,5x5d_UMP_E_401,4,gnina,0.59295108,0.27880282,2.1267748,0,0.99051924,5.7696244
3663,79,830,118,1h48_C5P_F_901,4,gnina,0.56358693,0.26499594,2.1267748,0,0.97576667,4.0291775
3664,79,7825,1117,4d4u_FUC_B_950,6,smina,0.55753073,0.26214834,2.1267748,0,0.99713997,0.88443533
3665,79,17693,2527,7bp1_CAQ_C_401,4,gnina,0.55712914,0.26195951,2.1267748,0,0.99411729,3.3183897
3666,79,17700,2528,7bp1_CAQ_D_401,4,gnina,0.55697325,0.26188621,2.1267748,0,0,3.6616311
3667,79,6334,904,3tye_XHP_B_901,6,smina,0.55695086,0.26187569,2.1267748,0,0,1.0531178
3668,79,9573,1367,4oxy_1TN_B_302,4,gnina,0.55648449,0.2616564,2.1267748,0,0.98568679,5.9149761
3669,79,3476,496,2aiq_BEN_A_401,4,gnina,0.55627119,0.26155611,2.1267748,0,0.96948563,1.5044654
3670,79,8644,1234,4i7n_1DJ_A_202,6,smina,0.55618892,0.26151743,2.1267748,0,0.99493901,1.1290076
3671,79,2384,340,1s6h_4BZ_A_1,4,gnina,0.55611077,0.26148068,2.1267748,0,0.97033242,1.8755791
3672,79,389,55,1e8g_FCR_B_601,4,gnina,0.55595594,0.26140788,2.1267748,0,0.066671352,3.6890268
3673,79,2328,332,1rum_BEZ_H_1601,4,gnina,0.55571525,0.26129471,2.1267748,0,0.0063939891,2.0156254
3674,79,10280,1468,4x36_CHT_A_409,4,gnina,0.5557112,0.2612928,2.1267748,0,0.98865111,1.5583885
3675,79,4106,586,2fu9_MP2_B_2410,4,gnina,0.55568747,0.26128165,2.1267748,0,0.51457615,4.3788307
3676,79,2015,287,1ovk_NYL_A_405,6,smina,0.55559044,0.26123603,2.1267748,0,0.99273848,0.99935961
3677,79,9566,1366,4oxy_1TN_A_302,4,gnina,0.55558533,0.26123362,2.1267748,0,5.4457692e-05,5.4967967
3678,79,13297,1899,5oip_9WE_A_302,4,gnina,0.55533283,0.2611149,2.1267748,0,0.99749967,3.5098526
3679,79,7816,1116,4d4u_FUC_A_950,4,gnina,0.55529569,0.26109743,2.1267748,0,0.99233232,1.893119
3680,79,12205,1743,5hc0_NPO_A_402,4,gnina,0.55526142,0.26108132,2.1267748,0,0.015055082,1.4447605
3681,79,809,115,1h48_C5P_C_901,4,gnina,0.55521763,0.26106073,2.1267748,0,0.9799157,3.9892134
3682,79,8656,1236,4i9n_1E5_B_402,4,gnina,0.55516952,0.26103811,2.1267748,0,0.97073742,9.1492381
3683,79,2391,341,1s83_4HA_A_5,4,gnina,0.55496684,0.26094281,2.1267748,0,0.9817371,1.5902144
3684,79,6115,873,3r51_MMA_A_200,4,gnina,0.55483091,0.2608789,2.1267748,0,0.98866503,1.9353093
3685,79,207,29,1ca7_ENO_B_601,4,gnina,0.55457869,0.26076031,2.1267748,0,0.98746204,1.8318636
3686,79,2195,313,1pwz_RSO_A_256,4,gnina,0.55456654,0.26075459,2.1267748,0,0.00086467767,1.517371
3687,79,8670,1238,4i9n_1E5_F_402,4,gnina,0.55425407,0.26060767,2.1267748,0,0.96253824,9.3802751
3688,79,9867,1409,4rm3_FOA_B_1000,4,gnina,0.55679563,0.26043666,2.1379302,0,0.023662431,2.1399494
3689,79,8397,1199,4hgg_SYN_B_502,4,gnina,0.55383087,0.26040868,2.1267748,0,0.00017374498,2.2890154
3690,79,2755,393,1uux_PPI_A_1165,4,gnina,0.55316741,0.26009673,2.1267748,0,0.00041528366,2.3004046
3691,79,2727,389,1ubs_SER_B_398,4,gnina,0.55313397,0.260081,2.1267748,0,0.84783539,5.2591741
3692,79,5681,811,2y00_Y00_A_601,4,gnina,0.55649994,0.26006213,2.1398721,0,0.95648764,4.6735275
3693,79,10315,1473,4xfh_CYS_A_502,4,gnina,0.55296415,0.26000115,2.1267748,0,0.42501001,2.0102515
3694,79,816,116,1h48_C5P_D_204,4,gnina,0.5528568,0.25995068,2.1267748,0,0.94676052,4.5594618
3695,79,13570,1938,5tzr_MLI_A_2403,4,gnina,0.55272382,0.25988816,2.1267748,0,0.00010712918,1.8759716
3696,79,1264,180,1jhv_NIO_A_991,4,gnina,0.55215345,0.25961997,2.1267748,0,0.98879985,1.9279441
3697,79,16825,2403,6r6i_H50_B_201,4,gnina,0.55187754,0.25949024,2.1267748,0,0.15044841,3.1906343
3698,79,214,30,1ca7_ENO_C_701,4,gnina,0.5510731,0.25911199,2.1267748,0,0.95822014,2.3525254
3699,79,1495,213,1kya_XYD_B_612,4,gnina,0.55581855,0.25893321,2.1465702,0,0.98832672,4.5565255
3700,79,14753,2107,6b83_6NA_B_201,4,gnina,0.55067827,0.25892635,2.1267748,0,0.0086406301,2.5702736
3701,79,10287,1469,4x36_CHT_A_411,4,gnina,0.55034799,0.25877105,2.1267748,0,0.04488214,2.5125417
3702,79,153,21,1axg_ETF_B_404,6,smina,0.55017666,0.25869049,2.1267748,0,0.97820694,0.71939019
3703,79,2811,401,1vje_MSE_A_401,4,gnina,0.54997614,0.25859621,2.1267748,0,3.1162682e-06,2.4980363
3704,79,17742,2534,7cwd_GAL_A_902,4,gnina,0.60015334,0.25855598,2.3211727,0,4.5540684e-06,2.1670671
3705,79,228,32,1cdk_MYR_B_403,4,gnina,0.5496576,0.25844643,2.1267748,0,0.83482987,2.1371706
3706,79,10070,1438,4ur9_BK9_A_1717,4,gnina,0.55701728,0.25840477,2.1555989,0,0.072516129,3.5902578
3707,79,8936,1276,4k90_MLA_A_704,4,gnina,0.54943987,0.25834406,2.1267748,0,4.518149e-05,1.6788693
3708,79,8390,1198,4hgg_SYN_A_502,4,gnina,0.54904811,0.25815985,2.1267748,0,1.8623296e-05,2.0765465
3709,79,2230,318,1q3a_NGH_A_480,4,gnina,0.54877716,0.25803245,2.1267748,0,0.7758924,4.8922565
3710,79,3637,519,2bx7_34D_B_1313,4,gnina,0.54877338,0.25803067,2.1267748,0,0.0132491,1.8759905
3711,79,5513,787,2wzh_NGO_A_1589,4,gnina,0.55647971,0.25800862,2.1568251,0,0.99405449,2.7362821
3712,80,4911,701,2qca_DGP_A_300,4,gnina,0.60882979,0.29049341,2.0958462,0,0.22357045,3.9196784
3713,80,17168,2452,6tbx_N0Z_A_302,4,gnina,0.59098057,0.28197695,2.0958462,0,0.0057607347,2.8788846
3714,80,5515,787,2wzh_NGO_A_1589,6,smina,0.56830713,0.27115868,2.0958462,0,0.99409787,1.0414833
3715,80,17695,2527,7bp1_CAQ_C_401,6,smina,0.5682832,0.27114726,2.0958462,0,0.1892896,0.63304373
3716,80,8028,1146,4e7v_CRS_O_101,6,smina,0.56821435,0.27111441,2.0958462,0,0.80527909,0.57448593
3717,80,7818,1116,4d4u_FUC_A_950,6,smina,0.56773454,0.27088547,2.0958462,0,0.99187064,0.62575539
3718,80,1266,180,1jhv_NIO_A_991,6,smina,0.56719966,0.27063026,2.0958462,0,0,0.71269103
3719,80,8021,1145,4e7v_CRS_M_101,6,smina,0.56710652,0.27058582,2.0958462,0,0.22714645,0.58019137
3720,80,6201,885,3se2_3AB_C_4,6,smina,0.56667056,0.27037781,2.0958462,0,0,0.76117958
3721,80,10282,1468,4x36_CHT_A_409,6,smina,0.5663268,0.27021379,2.0958462,0,0,0.58411179
3722,80,1497,213,1kya_XYD_B_612,6,smina,0.56621394,0.27015994,2.0958462,0,0,0.69265223
3723,80,209,29,1ca7_ENO_B_601,6,smina,0.56598811,0.27005219,2.0958462,0,0.98735042,1.4510354
3724,80,3205,457,1zei_CRS_E_54,6,smina,0.56592334,0.27002129,2.0958462,0,0.98244692,0.50794953
3725,80,9575,1367,4oxy_1TN_B_302,6,smina,0.56521965,0.26968553,2.0958462,0,0,3.4725328
3726,80,2393,341,1s83_4HA_A_5,6,smina,0.56385881,0.26903623,2.0958462,0,0.0083943497,0.66431111
3727,80,811,115,1h48_C5P_C_901,6,smina,0.56318469,0.26871459,2.0958462,0,0,4.9015354
3728,80,3518,502,2b3f_GAL_B_3311,4,gnina,0.56309242,0.26867056,2.0958462,0,0.99844754,6.8900822
3729,80,1509,215,1l4f_150_A_990,4,gnina,0.56283065,0.26854566,2.0958462,0,0.022965378,1.8584074
3730,80,11477,1639,5e9m_BAE_A_2001,4,gnina,0.56282068,0.2685409,2.0958462,0,0.014004822,1.7187819
3731,80,16083,2297,6m9b_BTN_A_201,4,gnina,0.56279223,0.26852733,2.0958462,0,0.99416538,3.4638671
3732,80,77,11,1aiq_CB3_A_266,0,surfdock,0.61978918,0.26847399,2.3085623,0,0.93128278,4.8039041
3733,80,17525,2503,6xp1_T2C_A_401,4,gnina,0.56267981,0.26847369,2.0958462,0,0.97282158,3.4991597
3734,80,14529,2075,5z9b_HX3_B_303,4,gnina,0.56258035,0.26842623,2.0958462,0,0.00045624252,1.8261606
3735,80,3161,451,1zb6_DIN_A_401,4,gnina,0.56255503,0.26841415,2.0958462,0,0.00011901319,2.7918514
3736,80,5184,740,2rtn_IMI_B_300,4,gnina,0.56245327,0.2683656,2.0958462,0,0.98680205,2.8453594
3737,80,984,140,1hkn_N2M_C_4138,4,gnina,0.56241683,0.26834821,2.0958462,0,0,2.5189412
3738,80,17322,2474,6ufd_Q6D_A_305,4,gnina,0.56238547,0.26833325,2.0958462,0,0.58782142,4.8144046
3739,80,7011,1001,3zwe_FUC_C_110,4,gnina,0.56230526,0.26829498,2.0958462,0,0.99778929,1.3519837
3740,81,7013,1001,3zwe_FUC_C_110,6,smina,0.56183764,0.26997086,2.0811038,0,0.9977935,0.62513258
3741,81,15294,2184,6flu_DTK_A_406,6,smina,0.56057356,0.26936345,2.0811038,0,0.028848672,0.71716524
3742,81,15322,2188,6flu_DTK_B_404,6,smina,0.56017603,0.26917243,2.0811038,0,0.99685739,0.53886405
3743,81,7144,1020,4a9j_TYL_C_1184,4,gnina,0.55999449,0.2690852,2.0811038,0,0.5980144,1.8840998
3744,81,7137,1019,4a9j_TYL_B_1187,4,gnina,0.55987727,0.26902887,2.0811038,0,0.95811048,1.7909579
3745,81,3805,543,2d20_NPO_B_953,4,gnina,0.55964222,0.26891593,2.0811038,0,0.0015166757,2.1015765
3746,81,7130,1018,4a9j_TYL_A_1188,4,gnina,0.55956917,0.26888083,2.0811038,0,0.00028638637,1.7444546
3747,81,3756,536,2coj_GBN_A_420,4,gnina,0.55954356,0.26886852,2.0811038,0,0.2209652,2.4129175
3748,81,10630,1518,4zjz_BEZ_B_601,4,gnina,0.55937751,0.26878873,2.0811038,0,0.99411853,2.3837143
3749,81,3791,541,2d0e_NQ_A_410,4,gnina,0.55924615,0.26872561,2.0811038,0,3.6539229e-05,1.6816446
3750,81,9860,1408,4rm3_FOA_A_1000,4,gnina,0.55922132,0.26871368,2.0811038,0,0.040549919,2.3070082
3751,81,3966,566,2f3s_7GP_A_998,4,gnina,0.55916792,0.26868802,2.0811038,0,0.95983706,3.580426
3752,81,1852,264,1now_IFG_B_558,4,gnina,0.5591172,0.26866365,2.0811038,0,0.99245148,2.9619459
3753,81,3763,537,2coj_GBN_B_420,4,gnina,0.55882209,0.26852185,2.0811038,0,0.94883069,2.453389
3754,81,12249,1749,5hpu_IPH_A_101,6,smina,0.55846016,0.26834793,2.0811038,0,0,0.41955432
3755,81,669,95,1gkc_NFH_A_1448,4,gnina,0.55823906,0.26824169,2.0811038,0,0.98274896,4.4025068
3756,81,2713,387,1uay_ADN_A_1001,4,gnina,0.55804204,0.26814702,2.0811038,0,0.98484557,3.0327213
3757,81,1824,260,1nmm_NAG_B_403,4,gnina,0.55800156,0.26812757,2.0811038,0,0.99266223,2.7060682
3758,81,1845,263,1now_IFG_A_557,4,gnina,0.55778746,0.26802469,2.0811038,0,0.98513541,2.744394
3759,81,5186,740,2rtn_IMI_B_300,6,smina,0.55772223,0.26799335,2.0811038,0,0.98855135,2.6002111
3760,81,3315,473,1zoy_UQ1_B_1201,4,gnina,0.55767783,0.26797201,2.0811038,0,1.7945595e-05,3.6455119
3761,81,11218,1602,5cpp_ADO_A_422,4,gnina,0.55747938,0.26787665,2.0811038,0,0.22872553,1.7897079
3762,81,15313,2187,6flu_DTK_B_403,4,gnina,0.55715492,0.26772075,2.0811038,0,0.97549626,1.94885
3763,81,7004,1000,3zwe_FUC_B_110,4,gnina,0.55712837,0.26770799,2.0811038,0,0.99692369,1.8798987
3764,81,1103,157,1isx_XYP_B_961,4,gnina,0.55706269,0.26767643,2.0811038,0,0.97528673,2.0395475
3765,81,2706,386,1u6r_IOM_B_1601,4,gnina,0.55681174,0.26755584,2.0811038,0,8.499711e-09,2.3247494
3766,81,8278,1182,4gnp_PEP_A_703,4,gnina,0.55672754,0.26751539,2.0811038,0,0.83794124,2.0755289
3767,81,2720,388,1uay_ADN_B_1002,4,gnina,0.55662222,0.26746478,2.0811038,0,0.99770245,2.6884332
3768,81,5086,726,2qx4_ML1_B_233,4,gnina,0.55654245,0.26742645,2.0811038,0,3.1383347e-07,2.5260533
3769,81,11862,1694,5fp9_4SV_A_1342,4,gnina,0.55632228,0.26732065,2.0811038,0,0.0061118203,1.927178
3770,81,12548,1792,5j4k_6FZ_A_404,4,gnina,0.55740584,0.26721836,2.0859554,0,0.84280335,1.4491102
3771,81,53,7,1aej_NVI_A_296,4,gnina,0.55595112,0.2671423,2.0811038,0,0.04936543,1.3965927
3772,81,13465,1923,5tde_2HP_B_901,4,gnina,0.55578698,0.26706343,2.0811038,0,0.96861979,1.7079263
3773,81,9552,1364,4ovl_1TD_A_308,4,gnina,0.55569487,0.26701917,2.0811038,0,0.99017838,2.4770395
3774,81,676,96,1gkc_NFH_B_1449,4,gnina,0.55469262,0.26653758,2.0811038,0,0.93715389,4.5594292
3775,81,17063,2437,6sxr_KHP_A_507,4,gnina,0.55453111,0.26645997,2.0811038,0,0.94253946,3.7867757
3776,81,8049,1149,4e7v_CRS_U_101,6,smina,0.55360232,0.26601367,2.0811038,0,0.21217742,0.6157134
3777,81,1964,280,1o6g_SIN_A_724,4,gnina,0.5531121,0.26577811,2.0811038,0,0.74244214,3.7645311
3778,81,6969,995,3zjq_NCA_B_300,4,gnina,0.55252724,0.26549708,2.0811038,0,5.9838391e-06,1.6563206
3779,81,2748,392,1uqx_MMA_A_1116,4,gnina,0.55228198,0.26537923,2.0811038,0,0.95911907,1.6077898
3780,81,3000,428,1xid_ASC_A_389,4,gnina,0.55204115,0.26526351,2.0811038,0,0.0010913964,1.6947692
3781,81,8658,1236,4i9n_1E5_B_402,6,smina,0.55190353,0.26519738,2.0811038,0,0,4.1453233
3782,81,7067,1009,4a3u_NCA_B_1359,4,gnina,0.55166994,0.26508514,2.0811038,0,0.016413314,2.1268482
3783,81,2386,340,1s6h_4BZ_A_1,6,smina,0.55157054,0.26503738,2.0811038,0,0,0.86943671
3784,81,3478,496,2aiq_BEN_A_401,6,smina,0.55125127,0.26488396,2.0811038,0,0.00035627015,0.6691384
3785,81,396,56,1e8m_P0H_A_724,4,gnina,0.55098369,0.26475538,2.0811038,0,0.22087112,4.2926255
3786,81,615,87,1g8z_GAL_F_104,6,smina,0.55095276,0.26474052,2.0811038,0,1.8600377e-06,0.91785023
3787,81,4463,637,2j9e_AKG_C_1119,4,gnina,0.55093261,0.26473084,2.0811038,0,0.86686622,1.6778219
3788,81,13675,1953,5uda_CAE_A_502,4,gnina,0.55091355,0.26472168,2.0811038,0,0.15880663,2.0911693
3789,81,3392,484,2a1m_CAM_A_1422,4,gnina,0.55059139,0.26456688,2.0811038,0,0.12311961,1.9372162
3790,82,15113,2159,6f3s_CKW_A_902,0,surfdock,0.62022348,0.30254073,2.0500486,0,0.99020573,4.4854593
3791,82,9545,1363,4ofu_DHT_A_1001,4,gnina,0.57008186,0.27990294,2.0367117,0,0.99005079,2.1080136
3792,82,8145,1163,4evq_PHB_B_402,4,gnina,0.56979451,0.27976186,2.0367117,0,0.99519428,2.3553053
3793,82,5366,766,2vp5_DCZ_B_1210,4,gnina,0.56973455,0.27973242,2.0367117,0,0.98908917,3.0629997
3794,82,5359,765,2vp5_DCZ_A_1210,4,gnina,0.56960481,0.27966871,2.0367117,0,0.99265351,2.9344945
3795,82,17343,2477,6urx_JMG_A_316,4,gnina,0.56960405,0.27966834,2.0367117,0,0.075619508,1.8567633
3796,82,2251,321,1q4g_BFL_B_1701,4,gnina,0.56953561,0.27963474,2.0367117,0,0.98989504,3.8214713
3797,82,5415,773,2w1a_TSA_D_1091,4,gnina,0.56951664,0.27962542,2.0367117,0,0,3.9904543
3798,82,14718,2102,6axu_BTM_A_401,4,gnina,0.56928874,0.27951353,2.0367117,0,0.064060977,2.2710562
3799,82,2244,320,1q4g_BFL_A_701,4,gnina,0.56919644,0.27946821,2.0367117,0,0.98892805,4.5664956
3800,82,6052,864,3qgz_ADN_A_127,4,gnina,0.56908299,0.27941251,2.0367117,0,0.98518542,2.3626631
3801,82,12037,1719,5g6i_M85_A_904,4,gnina,0.57177461,0.27920326,2.0478785,0,4.55622e-06,3.7174605
3802,82,1943,277,1o68_KIV_B_275,4,gnina,0.56864556,0.27919774,2.0367117,0,0.75614116,3.380959
3803,82,12359,1765,5i8z_JA1_A_302,4,gnina,0.56854924,0.27915044,2.0367117,0,0.9835488,4.1100667
3804,82,16986,2426,6s51_KVQ_A_901,4,gnina,0.5684457,0.27909961,2.0367117,0,0.99558929,4.6816886
3805,82,1950,278,1o68_KIV_D_275,4,gnina,0.56831457,0.27903522,2.0367117,0,0.9821337,3.2517429
3806,82,13983,1997,5w8q_BU4_A_400,4,gnina,0.56816466,0.27896162,2.0367117,0,0.75869276,1.9158204
3807,82,1348,192,1k8z_IAG_A_501,4,gnina,0.56727914,0.27852684,2.0367117,0,0.0056558862,2.8631098
3808,82,8166,1166,4f8n_GAL_A_204,4,gnina,0.56698677,0.27838329,2.0367117,0,0.80353539,1.8544551
3809,82,2979,425,1x8x_TYR_A_952,4,gnina,0.56631562,0.27805376,2.0367117,0,7.4857321e-06,2.012396
3810,82,3140,448,1z11_8MO_C_501,4,gnina,0.5660028,0.27790017,2.0367117,0,0.00024697782,4.9202029
3811,82,3371,481,1zwp_NIM_A_401,4,gnina,0.56478266,0.2773011,2.0367117,0,0.00024279211,3.3769507
3812,82,10455,1493,4ysx_MLI_E_701,4,gnina,0.56467377,0.27724764,2.0367117,0,0.98534629,6.8124556
3813,82,5408,772,2w1a_TSA_C_1091,4,gnina,0.56888384,0.27720262,2.0522301,0,0.99227351,2.8757245
3814,82,1957,279,1o68_KIV_E_275,4,gnina,0.5637873,0.27681239,2.0367117,0,0.9452387,3.0948676
3815,82,14956,2136,6cut_FEJ_C_401,4,gnina,0.56364079,0.27674046,2.0367117,0,0.98810039,10.29518
3816,82,5009,715,2qim_ZEA_A_159,4,gnina,0.56845259,0.27635891,2.0569351,0,0,2.570492
3817,82,9874,1410,4rql_SNE_A_505,4,gnina,0.56103869,0.27546286,2.0367117,0,0.0066785632,2.7942237
3818,82,16853,2407,6rbo_JXQ_A_302,4,gnina,0.5604103,0.27515433,2.0367117,0,0.00037822043,2.7966216
3819,82,2202,314,1pym_OXL_A_1001,4,gnina,0.55985101,0.27487973,2.0367117,0,1.8353189e-09,1.7081032
3820,82,3042,434,1xny_BTN_A_5602,4,gnina,0.55979322,0.27485135,2.0367117,0,0.03052433,3.6234059
3821,82,5079,725,2qx4_ML1_A_233,4,gnina,0.55747472,0.27371299,2.0367117,0,1.1428709e-05,2.4948478
3822,82,16958,2422,6s23_KSW_A_403,4,gnina,0.55448965,0.27224737,2.0367117,0,0.013875394,1.7561305
3823,82,14501,2071,5ysh_5AD_D_605,4,gnina,0.55409375,0.27205298,2.0367117,0,0.0024414504,13.347835
3824,82,14508,2072,5ysh_5AD_J_605,4,gnina,0.55365674,0.27183842,2.0367117,0,0.074807582,12.439989
3825,82,3224,460,1zei_CRS_F_55,4,gnina,0.55358116,0.27180131,2.0367117,0,0.21348986,1.3009897
3826,82,2874,410,1w3t_3GR_B_1297,4,gnina,0.55277487,0.27140543,2.0367117,0,0.26933799,2.6846288
3827,82,9111,1301,4lm7_U5P_A_201,4,gnina,0.55266588,0.27135192,2.0367117,0,0.11201742,3.6309621
3828,82,13955,1993,5w3k_9TY_B_401,4,gnina,0.55239014,0.27121653,2.0367117,0,0.97672361,2.110169
3829,82,13990,1998,5w8q_BU4_B_400,4,gnina,0.55238083,0.27121196,2.0367117,0,0.75891852,1.8371706
3830,82,473,67,1foi_14W_A_810,4,gnina,0.55208743,0.27106791,2.0367117,0,2.4001213e-06,2.9246652
3831,82,12786,1826,5kcj_6RM_B_302,4,gnina,0.55203838,0.27104382,2.0367117,0,0.70238409,6.2444419
3832,82,3399,485,2a1m_CAM_B_2422,4,gnina,0.55173528,0.270895,2.0367117,0,0.036889306,2.2104799
3833,82,5016,716,2qim_ZEA_A_160,4,gnina,0.55164078,0.27084861,2.0367117,0,0.77505353,2.2551645
3834,82,4,0,19gs_BSP_B_210,4,gnina,0.55157819,0.27081787,2.0367117,0,2.4252396e-05,1.6902626
3835,82,12366,1766,5i9m_69K_A_302,4,gnina,0.55156908,0.2708134,2.0367117,0,0.42843656,3.9847499
3836,82,2475,353,1t87_CAM_B_2422,4,gnina,0.55156639,0.27081208,2.0367117,0,0.032618709,2.6297474
3837,82,11190,1598,5clo_NS8_M_101,4,gnina,0.5514964,0.27077772,2.0367117,0,0.0062618977,2.3331127
3838,82,2804,400,1v5y_4HC_B_1201,4,gnina,0.55116977,0.27061735,2.0367117,0,4.1809602e-06,1.748019
3839,82,14053,2007,5wqp_NCA_A_302,4,gnina,0.55087613,0.27047317,2.0367117,0,5.5159792e-06,1.7056512
3840,83,12835,1833,5kjw_53C_B_800,4,gnina,0.56039326,0.27804565,2.0154712,0,0.0021873312,2.0337934
3841,83,4001,571,2f78_BEZ_B_1002,4,gnina,0.56007514,0.27788781,2.0154712,0,0.98932595,1.7586937
3842,83,4008,572,2f78_BEZ_B_1005,4,gnina,0.55954299,0.27762377,2.0154712,0,0.018186831,1.7594598
3843,83,3987,569,2f78_BEZ_A_1001,4,gnina,0.55952244,0.27761358,2.0154712,0,0.99379844,2.0792715
3844,83,14480,2068,5ykt_PMP_A_501,4,gnina,0.55941062,0.2775581,2.0154712,0,0.1512955,5.3467384
3845,83,15565,2223,6hnz_GH5_A_301,4,gnina,0.85779565,0.27697411,3.0970237,0,0.97543327,4.6765815
3846,83,15593,2227,6hqr_3DM_A_502,4,gnina,0.55722134,0.27647186,2.0154712,0,0.96189051,1.7752806
3847,83,620,88,1g8z_GAL_G_104,4,gnina,0.55700599,0.27636501,2.0154712,0,0.56838283,1.6791416
3848,83,2741,391,1um4_SH4_H_1001,4,gnina,0.55686135,0.27629325,2.0154712,0,0.77252682,4.8239939
3849,83,12828,1832,5kjw_53C_A_800,4,gnina,0.55673699,0.27623154,2.0154712,0,0.7654594,2.0164332
3850,83,3077,439,1y2x_NAG_D_3144,4,gnina,0.55561137,0.27567305,2.0154712,0,0.99065152,2.3028803
3851,83,627,89,1g8z_GAL_H_104,4,gnina,0.55559519,0.27566503,2.0154712,0,0.00068052065,1.7309438
3852,83,606,86,1g8z_GAL_D_104,4,gnina,0.55550919,0.27562236,2.0154712,0,0.00023796911,2.2527514
3853,83,5702,814,2y4j_LAC_B_400,4,gnina,0.55439999,0.27507202,2.0154712,0,0.12507775,2.1577086
3854,83,12933,1847,5lik_W8X_X_402,4,gnina,0.5533464,0.27454926,2.0154712,0,1.8965233e-05,4.01842
3855,83,5716,816,2ye5_2A7_A_1224,4,gnina,0.55052937,0.27315156,2.0154712,0,0.68504063,1.87815
3856,83,15831,2261,6jz6_CKX_B_701,4,gnina,0.55019755,0.27298692,2.0154712,0,0.98261223,3.2106859
3857,83,3070,438,1y2x_NAG_C_2144,4,gnina,0.54988618,0.27283243,2.0154712,0,7.4309069e-05,3.9610423
3858,83,4694,670,2oci_TYC_A_401,4,gnina,0.54906027,0.27242265,2.0154712,0,0.062857317,2.163631
3859,83,6591,941,3vq4_0NX_A_305,4,gnina,0.55951775,0.27204762,2.0566895,0,0.97484415,1.8864669
3860,83,2769,395,1uxi_FUM_B_1311,4,gnina,0.54245182,0.26914379,2.0154712,0,0.14989793,2.0901183
3861,83,14004,2000,5wcz_NOJ_B_601,4,gnina,0.54062896,0.26823936,2.0154712,0,0,4.0267801
3862,83,8649,1235,4i7n_1DJ_B_203,4,gnina,0.53718449,0.26653034,2.0154712,0,0.99533162,3.0375852
3863,83,10371,1481,4xv4_25T_A_302,4,gnina,0.53713117,0.26650389,2.0154712,0,0.010143747,1.4513555
3864,83,2734,390,1uk7_BUA_A_1300,4,gnina,0.5371179,0.2664973,2.0154712,0,0.90257817,1.4190071
3865,83,8964,1280,4kqk_PCR_B_703,4,gnina,0.53708373,0.26648035,2.0154712,0,0.99363817,1.9073455
3866,83,6367,909,3u1t_MLI_B_350,4,gnina,0.53708181,0.2664794,2.0154712,0,0.00018807884,2.0379403
3867,83,8957,1279,4kqk_PCR_A_403,4,gnina,0.53701778,0.26644763,2.0154712,0,0.99456061,1.695891
3868,83,10798,1542,5a02_GOL_B_1342,4,gnina,0.5369958,0.26643672,2.0154712,0,0.00034967447,4.7605946
3869,83,10826,1546,5a02_GOL_F_1342,4,gnina,0.53698574,0.26643173,2.0154712,0,1.3083337e-05,4.8732228
3870,83,10812,1544,5a02_GOL_D_1341,4,gnina,0.53695431,0.26641613,2.0154712,0,7.2261559e-06,18.692393
3871,83,11036,1576,5bk9_SIN_A_301,4,gnina,0.53695156,0.26641477,2.0154712,0,0.9277497,2.0555638
3872,83,14403,2057,5ybl_AKG_C_302,4,gnina,0.53694936,0.26641368,2.0154712,0,0.00060066452,2.988072
3873,83,10805,1543,5a02_GOL_C_1341,4,gnina,0.53693115,0.26640465,2.0154712,0,0.00066432178,5.1075043
3874,83,8299,1185,4gy9_ZIP_A_201,4,gnina,0.53690001,0.26638919,2.0154712,0,0.67768399,2.1198505
3875,83,10819,1545,5a02_GOL_E_1341,4,gnina,0.53687652,0.26637754,2.0154712,0,0.0024088277,5.018972
3876,83,12723,1817,5jj2_MLI_A_303,4,gnina,0.53685829,0.26636849,2.0154712,0,0.55265081,1.4692452
3877,83,14606,2086,6a1l_BEZ_A_403,4,gnina,0.5368415,0.26636016,2.0154712,0,0.9536112,2.0823994
3878,83,13346,1906,5r9o_54F_A_401,4,gnina,0.53682997,0.26635444,2.0154712,0,0.80689795,2.4800748
3879,83,10623,1517,4zjz_BEZ_A_1001,4,gnina,0.53678555,0.26633241,2.0154712,0,0.99169519,2.3652483
3880,83,7774,1110,4d06_X8W_D_303,4,gnina,0.53678472,0.26633199,2.0154712,0,0.0002565592,4.1564013
3881,83,10791,1541,5a02_GOL_A_1341,4,gnina,0.53678328,0.26633128,2.0154712,0,1.4487754e-05,4.6822693
3882,83,11211,1601,5cpn_531_B_401,4,gnina,0.53676917,0.26632428,2.0154712,0,0.0015063447,2.8151784
3883,83,11043,1577,5bkd_AKG_A_502,4,gnina,0.53658244,0.26623163,2.0154712,0,0.62261497,2.1932004
3884,83,16160,2308,6mwl_K5G_B_301,4,gnina,0.53653038,0.2662058,2.0154712,0,0.58065383,3.2350334
3885,83,1299,185,1jtk_THU_B_1138,4,gnina,0.53652302,0.26620215,2.0154712,0,0.96714939,2.3819461
3886,83,14578,2082,5zi4_OAA_A_401,4,gnina,0.53698726,0.26617244,2.0174403,0,0.0038665598,1.8947307
3887,83,1313,187,1jyw_147_A_2001,4,gnina,0.53638191,0.26613214,2.0154712,0,0.13454226,19.043372
3888,83,13479,1925,5tde_FLC_A_501,4,gnina,0.53638168,0.26613202,2.0154712,0,0.72458447,2.8295264
3889,83,14613,2087,6a1l_BEZ_A_404,4,gnina,0.53635791,0.26612023,2.0154712,0,0.58055684,1.559191
3890,84,6980,997,3zog_A2Q_A_200,1,unimol,0.69615195,0.34849811,1.9975765,0,0,20.03
3891,84,6906,986,3wwc_BUA_A_403,4,gnina,0.5560524,0.27836338,1.9975765,0,3.367669e-05,1.4521994
3892,84,15642,2234,6ijn_6MZ_A_401,4,gnina,0.55594662,0.27831042,1.9975765,0,0,5.7097685
3893,84,17595,2513,6ypv_AKG_A_302,4,gnina,0.55410827,0.27739013,1.9975765,0,0.85743381,1.8119239
3894,84,4407,629,2iyq_SKM_A_201,4,gnina,0.55223249,0.2764511,1.9975765,0,0.98451484,1.7128113
3895,84,382,54,1e7h_PLM_A_1001,4,gnina,0.55451304,0.26831627,2.0666387,0,0.63660115,2.9658274
3896,84,6017,859,3mk1_NPO_A_911,4,gnina,0.53241451,0.2665301,1.9975765,0,0.026093389,2.4961129
3897,84,7998,1142,4e7v_CRS_E_101,4,gnina,0.53064717,0.26564536,1.9975765,0,0.29467062,1.7889562
3898,84,8040,1148,4e7v_CRS_S_101,4,gnina,0.52818665,0.26441361,1.9975765,0,0.31859733,1.8865939
3899,84,9517,1359,4o7g_ASC_B_303,4,gnina,0.55508632,0.26438861,2.0995083,0,0.012399145,2.0719088
3900,84,6402,914,3ucl_CYH_A_543,4,gnina,0.52728222,0.26396084,1.9975765,0,2.0293749e-06,1.5456337
3901,84,17665,2523,6zjw_GAL_A_1102,4,gnina,0.52724746,0.26394344,1.9975765,0,0.00020239148,2.2484412
3902,84,15768,2252,6jwy_PH2_A_802,4,gnina,0.52592644,0.26328213,1.9975765,0,0.97439447,3.6011282
3903,84,7060,1008,4a01_2PN_B_1773,4,gnina,0.52592395,0.26328088,1.9975765,0,0,3.4526837
3904,84,5709,815,2y5a_3AP_A_1295,4,gnina,0.52887442,0.26318176,2.0095396,0,0.44215715,1.5910185
3905,84,5933,847,2ztl_3HL_B_301,4,gnina,0.55306049,0.2631663,2.1015618,0,0.97108292,2.9448393
3906,84,221,31,1cdk_MYR_A_403,4,gnina,0.52564373,0.26314061,1.9975765,0,0.94718211,1.8743344
3907,84,16846,2406,6r7w_CIT_A_406,4,gnina,0.52498339,0.26281003,1.9975765,0,0.060461382,2.2637918
3908,84,9664,1380,4pxd_1AL_B_502,4,gnina,0.52443863,0.26253732,1.9975765,0,0,2.727872
3909,84,7984,1140,4e7v_CRS_1_101,4,gnina,0.52419144,0.26241358,1.9975765,0,0.27938768,1.8732594
3910,84,16373,2339,6o1s_7SD_E_803,0,surfdock,0.52414277,0.26238921,1.9975765,0,0.93003853,3.3648307
3911,84,7620,1088,4clr_FDB_D_1270,4,gnina,0.52411438,0.262375,1.9975765,0,0.98718323,3.7388964
3912,84,13717,1959,5uio_LG3_B_201,4,gnina,0.5240724,0.26235399,1.9975765,0,0.99255094,2.4132273
3913,84,15992,2284,6l8a_BAL_D_507,4,gnina,0.52407068,0.26235312,1.9975765,0,0.20411744,8.1227891
3914,84,17658,2522,6zjw_GAL_A_1101,4,gnina,0.52406892,0.26235224,1.9975765,0,0.016058939,2.4410029
3915,84,11904,1700,5fv3_OGA_A_1770,4,gnina,0.52406415,0.26234986,1.9975765,0,9.6099507e-05,2.1420857
3916,84,13073,1867,5mzj_TEP_A_2401,4,gnina,0.52404168,0.26233861,1.9975765,0,0.97845991,2.0029759
3917,84,3455,493,2ahc_VNL_B_266,4,gnina,0.52400147,0.26231848,1.9975765,0,0.00051382353,2.1856321
3918,85,2989,427,1xdj_HCS_A_1049,0,surfdock,0.56698431,0.28550864,1.9858735,0,0.99616954,2.4224635
3919,85,7767,1109,4d06_X8W_B_301,4,gnina,0.55015485,0.27703406,1.9858735,0,0.0011293498,5.1327611
3920,85,7921,1131,4do1_ANN_D_502,4,gnina,0.54918079,0.27654356,1.9858735,0,4.11256e-08,3.9001729
3921,85,158,22,1axg_ETF_C_404,4,gnina,0.54749857,0.27569647,1.9858735,0,0.92264914,3.4096305
3922,85,172,24,1bqp_MAN_B_401,4,gnina,0.54683015,0.27535988,1.9858735,0,0.99689744,1.8551375
3923,85,16860,2408,6rbr_JXN_A_302,4,gnina,0.54580302,0.27484267,1.9858735,0,0.019195882,1.7064397
3924,85,16447,2349,6ooi_PGA_B_301,4,gnina,0.54815089,0.27414834,1.9994673,0,0.96352225,5.5179601
3925,85,291,41,1dai_DSD_A_225,4,gnina,0.54453092,0.27322672,1.9929627,0,0,3.6259445
3926,85,9930,1418,4trj_665_A_501,4,gnina,0.542244,0.2730505,1.9858735,0,0.0012420697,3.3424057
3927,85,186,26,1c3s_SHH_A_952,4,gnina,0.53935905,0.27159776,1.9858735,0,4.7177354e-05,4.3730559
3928,85,1628,232,1lzz_IHG_B_1830,4,gnina,0.53796969,0.27089814,1.9858735,0,0.4955154,2.2741006
3929,85,9650,1378,4pik_MAN_C_503,4,gnina,0.53671167,0.27026466,1.9858735,0,0.99442552,1.8542036
3930,85,970,138,1h8p_PC_B_1110,4,gnina,0.54216214,0.26979241,2.009552,0,0.36779961,1.7376522
3931,85,9342,1334,4n4j_HG1_A_605,4,gnina,0.5445033,0.26840448,2.028666,0,0.34090253,2.2123981
3932,85,1810,258,1njr_XYL_A_285,4,gnina,0.53004144,0.26690582,1.9858735,0,6.1466915e-05,1.9269694
3933,85,11470,1638,5e4r_40E_A_504,4,gnina,0.52763871,0.26569591,1.9858735,0,0.10567557,1.6651551
3934,85,249,35,1cq1_BGC_B_455,4,gnina,0.52723436,0.2654923,1.9858735,0,0.00039786642,2.3280821
3935,85,13125,1875,5nj0_8YW_A_301,0,surfdock,0.52440697,0.26406855,1.9858735,0,0.98833615,4.0507629
3936,85,14826,2118,6btq_E8S_A_305,0,surfdock,0.52440697,0.26406855,1.9858735,0,0,3.3289807
3937,85,15568,2224,6ho2_GHN_A_301,0,surfdock,0.52440697,0.26406855,1.9858735,0,0,4.6454905
3938,85,15694,2242,6jea_NAG_A_501,0,surfdock,0.52440697,0.26406855,1.9858735,0,0,2.8826307
3939,85,7914,1130,4do1_ANN_C_502,4,gnina,0.51992607,0.26181216,1.9858735,0,8.3470383e-08,6.0644234
3940,85,15145,2163,6f66_CUT_B_300,4,gnina,0.51989924,0.26179865,1.9858735,0,0.97144165,2.4714957
3941,85,9713,1387,4q40_VAL_D_403,4,gnina,0.51983603,0.26176682,1.9858735,0,0.36322147,4.8515715
3942,85,3616,516,2bs3_CIT_D_1657,4,gnina,0.51982505,0.26176129,1.9858735,0,0.0092431437,6.4660317
3943,85,7907,1129,4do1_ANN_B_502,4,gnina,0.51981084,0.26175413,1.9858735,0,1.6661633e-08,4.6257299
3944,85,9062,1294,4l80_OXL_C_402,4,gnina,0.51978873,0.261743,1.9858735,0,0.28365325,5.1431562
3945,85,15138,2162,6f66_CUT_A_300,4,gnina,0.51978269,0.26173996,1.9858735,0,0.99216737,3.1603867
3946,85,10007,1429,4ud9_FQI_H_1257,4,gnina,0.51975238,0.2617247,1.9858735,0,0.99684691,2.0277827
3947,85,9048,1292,4l80_OXL_A_402,4,gnina,0.51975031,0.26172366,1.9858735,0,0.94922082,5.295105
3948,85,9069,1295,4l80_OXL_D_402,4,gnina,0.51970319,0.26169993,1.9858735,0,0,5.0075979
3949,85,1600,228,1lti_GAL_E_104,4,gnina,0.51965529,0.26167581,1.9858735,0,0.66476972,1.9883214
3950,85,16720,2388,6qol_JB5_A_301,4,gnina,0.51964126,0.26166874,1.9858735,0,0.00077986611,1.9604026
3951,85,15425,2203,6gck_EUB_D_302,4,gnina,0.51963263,0.2616644,1.9858735,0,0.00020704967,4.0539302
3952,85,8635,1233,4i6y_MEV_B_1001,4,gnina,0.51962172,0.2616589,1.9858735,0,0.86946354,2.5406881
3953,85,17035,2433,6sj8_44V_B_901,4,gnina,0.51961985,0.26165796,1.9858735,0,0.55474017,2.1481879
3954,85,13661,1951,5ud0_13P_B_405,4,gnina,0.51960673,0.26165136,1.9858735,0,0.8977546,2.1015172
3955,85,9083,1297,4l80_OXL_F_402,4,gnina,0.51953189,0.26161367,1.9858735,0,0.78572142,4.9089109
3956,85,1593,227,1lti_GAL_D_104,4,gnina,0.51953,0.26161272,1.9858735,0,0.98717018,2.0008758
3957,85,4897,699,2qb4_LEU_A_601,4,gnina,0.51950372,0.26159948,1.9858735,0,0.96159178,2.6014134
3958,85,9076,1296,4l80_OXL_E_402,4,gnina,0.51949559,0.26159539,1.9858735,0,0,10.634547
3959,85,11239,1605,5cyf_FLC_C_301,4,gnina,0.51945486,0.26157488,1.9858735,0,0.71267358,2.7308107
3960,85,15418,2202,6gck_EUB_C_302,4,gnina,0.51939906,0.26154678,1.9858735,0,0.00070002957,3.7255522
3961,85,11379,1625,5dnx_5LD_B_201,4,gnina,0.51936288,0.26152856,1.9858735,0,3.4394565e-05,2.5755583
3962,85,7235,1033,4al9_GLA_E_1123,4,gnina,0.51930771,0.26150078,1.9858735,0,0.99723239,2.0316281
3963,85,1691,241,1ml4_PAL_A_385,4,gnina,0.51926018,0.26147685,1.9858735,0,0.99335002,3.5751873
3964,85,2272,324,1q92_DRM_A_1001,4,gnina,0.51924022,0.26146679,1.9858735,0,0.90616134,2.8860929
3965,85,17371,2481,6v1e_5SW_A_301,4,gnina,0.51923938,0.26146637,1.9858735,0,0.95424,3.7767069
3966,85,16132,2304,6mry_FLC_A_101,4,gnina,0.51921408,0.26145363,1.9858735,0,0.016340912,2.3552745
3967,85,1243,177,1j54_TMP_A_2000,4,gnina,0.51918982,0.26144142,1.9858735,0,0.95078537,3.526417
3968,86,15072,2153,6e8i_PTR_A_201,1,unimol,0.77968269,0.31515599,2.4739571,0,0,22.39
3969,86,17203,2457,6tgl_LVP_B_201,4,gnina,0.54903236,0.27843688,1.9718368,0,1.9877009e-06,2.427817
3970,86,5261,751,2v32_BEZ_B_1220,4,gnina,0.54774409,0.27778355,1.9718368,0,0.85883692,2.140546
3971,86,3308,472,1zng_HE4_A_202,4,gnina,0.54680264,0.2773061,1.9718368,0,0.0001590073,1.5692753
3972,86,5940,848,2ztl_3HL_C_301,4,gnina,0.54746276,0.27722735,1.9747781,0,0.99533857,2.1229134
3973,86,5926,846,2ztl_3HL_A_301,4,gnina,0.54683285,0.27690838,1.9747781,0,0.99201901,2.213477
3974,86,1817,259,1nme_159_B_9002,4,gnina,0.54572416,0.27675916,1.9718368,0,8.3719521e-07,2.8079384
3975,86,5268,752,2v32_BEZ_D_1221,4,gnina,0.54434376,0.2760591,1.9718368,0,0.65370823,2.2081267
3976,86,11176,1596,5ci9_549_A_402,4,gnina,0.54415058,0.27596113,1.9718368,0,2.0183795e-06,2.3117407
3977,86,8845,1263,4jh6_FCN_A_202,4,gnina,0.54268793,0.27521936,1.9718368,0,0.64751537,1.3961277
3978,86,11743,1677,5fc5_PC_A_516,4,gnina,0.54267752,0.27521408,1.9718368,0,0.86952398,2.3326478
3979,86,17546,2506,6xu3_PLG_C_401,4,gnina,0.54239868,0.27507267,1.9718368,0,0.98537327,5.8886333
3980,86,9251,1321,4mog_G3F_A_802,4,gnina,0.53995691,0.27383435,1.9718368,0,0.0008515307,2.3257111
3981,86,11428,1632,5dz2_212_A_404,4,gnina,0.54676308,0.27211643,2.0092974,0,0.0098241803,2.7116954
3982,86,11435,1633,5dz2_212_B_404,4,gnina,0.54487465,0.27051205,2.0142334,0,0.98175431,2.6576203
3983,86,16867,2409,6rbx_JYT_A_301,4,gnina,0.54738325,0.27026472,2.0253587,0,0.57371739,2.7002975
3984,86,347,49,1dxy_COI_A_404,4,gnina,0.54312006,0.26787721,2.0274954,0,0.0057999504,1.647067
3985,86,14791,2113,6bmm_OLB_A_404,0,surfdock,0.52420128,0.26584402,1.9718368,0,0,4.1245335
3986,86,14798,2114,6bmm_OLB_B_404,0,surfdock,0.52420128,0.26584402,1.9718368,0,0.41789111,4.0121179
3987,86,16037,2291,6lx5_C5F_A_503,0,surfdock,0.52420128,0.26584402,1.9718368,0,4.578077e-07,3.3300952
3988,86,16905,2415,6rgr_RM4_A_402,0,surfdock,0.52420128,0.26584402,1.9718368,0,0.054839278,2.2098548
3989,86,5898,842,2zi2_24U_H_801,4,gnina,0.54606515,0.26270815,2.078599,0,0.99146739,4.5621295
3990,86,14165,2023,5xdt_MB3_A_404,4,gnina,0.5179257,0.26266142,1.9718368,0,2.3614621e-05,1.5086745
3991,86,13815,1973,5vjg_0BP_A_403,4,gnina,0.51701828,0.26220123,1.9718368,0,0.98581697,1.9122444
3992,86,13927,1989,5vyr_GMP_B_303,4,gnina,0.51700508,0.26219453,1.9718368,0,0.00035778169,1.8106106
3993,86,10266,1466,4x2f_3WJ_A_601,4,gnina,0.51700445,0.26219421,1.9718368,0,0.99200375,3.346599
3994,86,14417,2059,5ybp_AKG_A_302,4,gnina,0.51693844,0.26216074,1.9718368,0,0.99128515,2.4136548
3995,86,16013,2287,6lit_2OH_B_501,4,gnina,0.51693123,0.26215708,1.9718368,0,0.99427985,3.044853
3996,86,12898,1842,5l9v_OGA_B_502,4,gnina,0.51693074,0.26215683,1.9718368,0,0.00045241003,1.8492986
3997,86,11778,1682,5fh3_OXL_A_703,4,gnina,0.51692188,0.26215234,1.9718368,0,0.10940755,1.6191743
3998,86,10483,1497,4ywb_OXD_C_704,4,gnina,0.51690192,0.26214222,1.9718368,0,5.8043281e-05,2.9881648
3999,86,12891,1841,5l9v_OGA_A_502,4,gnina,0.51687636,0.26212926,1.9718368,0,0.89997525,1.9123541
4000,86,7347,1049,4bu7_25F_C_2165,4,gnina,0.51687406,0.26212809,1.9718368,0,0.99359914,3.1281784
4001,86,8411,1201,4hon_AKG_A_401,4,gnina,0.51686634,0.26212417,1.9718368,0,0.99502428,2.4837465
4002,86,14445,2063,5ybq_AKG_A_302,4,gnina,0.51685705,0.26211946,1.9718368,0,0.00024023266,2.1705746
4003,86,6787,969,3wlf_FEH_A_401,4,gnina,0.51684068,0.26211116,1.9718368,0,0.95949053,3.0476078
4004,86,12338,1762,5i5t_67X_B_402,4,gnina,0.51681763,0.26209947,1.9718368,0,9.2281678e-05,2.5891333
4005,86,15082,2154,6ezf_C6Z_A_1003,4,gnina,0.51678622,0.26208354,1.9718368,0,0.96685908,2.8316116
4006,86,7340,1048,4bu7_25F_A_2165,4,gnina,0.51678098,0.26208088,1.9718368,0,0.992241,2.7649632
4007,86,16006,2286,6lit_2OH_A_501,4,gnina,0.51674964,0.26206499,1.9718368,0,0.99420795,2.9140955
4008,86,12289,1755,5hxi_5HN_A_403,4,gnina,0.51674172,0.26206097,1.9718368,0,0.6673586,1.6276649
4009,86,6794,970,3wlf_FEH_C_401,4,gnina,0.51673862,0.2620594,1.9718368,0,1.32047e-05,3.0101204
4010,86,15488,2212,6hl7_CP_A_401,4,gnina,0.51673664,0.26205839,1.9718368,0,3.3135942e-06,4.6746925
4011,86,15516,2216,6hmw_FUL_A_203,4,gnina,0.51673104,0.26205556,1.9718368,0,0.050537344,2.8057803
4012,86,15747,2249,6jq8_CIT_A_302,4,gnina,0.51671565,0.26204775,1.9718368,0,3.749705e-05,2.0077359
4013,86,8824,1260,4j7u_YTZ_D_802,4,gnina,0.51666594,0.26202254,1.9718368,0,0.00092071355,4.5631685
4014,86,8418,1202,4hon_AKG_B_401,4,gnina,0.51663042,0.26200453,1.9718368,0,0.99500132,2.3745566
4015,86,5653,807,2xya_7L4_A_1181,4,gnina,0.51662652,0.26200255,1.9718368,0,0.99351733,1.728211
4016,86,5240,748,2uyv_TLA_C_1275,4,gnina,0.5166257,0.26200213,1.9718368,0,0.63159596,2.8202262
4017,86,17714,2530,7bzm_GIM_A_501,4,gnina,0.51662121,0.26199986,1.9718368,0,0.89535569,2.6097878
4018,87,6605,943,3vq5_MMJ_B_307,4,gnina,0.55789744,0.28459984,1.9602863,0,0.13876908,2.5218684
4019,87,6598,942,3vq5_MMJ_A_1007,4,gnina,0.55718628,0.28423706,1.9602863,0,0.88242219,2.2201556
4020,87,12310,1758,5i0d_GLC_B_1122,4,gnina,0.55642305,0.28384772,1.9602863,0,1.8145499e-05,5.9337364
4021,87,998,142,1ho5_ADN_B_2604,4,gnina,0.55467459,0.28295578,1.9602863,0,6.0170552e-09,3.6761832
4022,87,12303,1757,5i0d_GLC_A_1124,4,gnina,0.55115474,0.2811602,1.9602863,0,7.9565379e-06,6.1677719
4023,87,12751,1821,5jp9_DCM_B_401,4,gnina,0.54762639,0.27936028,1.9602863,0,0.98209601,3.6625617
4024,87,515,73,1fsa_F6P_A_338,4,gnina,0.54644245,0.27476663,1.9887502,0,0.029052086,3.0089587
4025,87,5576,796,2xhk_AKG_A_519,4,gnina,0.53613837,0.27349991,1.9602863,0,0.00030766263,1.7927736
4026,87,10210,1458,4wqq_MAN_D_204,4,gnina,0.5420818,0.27242578,1.989832,0,0.073111727,2.1293223
4027,87,10189,1455,4wqq_MAN_A_204,4,gnina,0.54147678,0.27212172,1.989832,0,0.023236129,1.7516214
4028,87,3084,440,1y42_TYR_X_701,4,gnina,0.53088354,0.27081926,1.9602863,0,0.60631816,2.3670726
4029,87,8922,1274,4k5u_GAL_C_301,4,gnina,0.55197526,0.26796315,2.0598915,0,0.99041217,2.6261964
4030,87,14203,2029,5xj7_87O_A_309,0,surfdock,0.52364751,0.26712795,1.9602863,0,0.94204549,4.3936477
4031,87,522,74,1fsa_F6P_B_338,4,gnina,0.55280185,0.26636263,2.0753722,0,0.9842941,3.447132
4032,87,15061,2151,6e43_BEZ_C_502,4,gnina,0.52203303,0.26630436,1.9602863,0,0.9888876,4.090364
4033,87,15047,2149,6e43_BEZ_A_502,4,gnina,0.52197529,0.26627491,1.9602863,0,0.9843882,3.4370861
4034,87,10322,1474,4xh4_PPI_A_504,4,gnina,0.5219725,0.26627348,1.9602863,0,0.86211515,1.6115082
4035,87,15068,2152,6e43_BEZ_D_502,4,gnina,0.52197246,0.26627346,1.9602863,0,0.9865475,3.6476039
4036,87,14235,2033,5xoi_SIN_A_401,4,gnina,0.52195091,0.26626247,1.9602863,0,0.90212068,1.4931915
4037,87,11764,1680,5fe4_5WY_A_903,4,gnina,0.52193046,0.26625203,1.9602863,0,0.042694497,2.1648043
4038,87,11771,1681,5fe4_5WY_B_904,4,gnina,0.52184872,0.26621033,1.9602863,0,0.0041152133,1.8882244
4039,87,10658,1522,4zo7_GLC_A_806,4,gnina,0.52168291,0.26612575,1.9602863,0,0.99503436,4.5934627
4040,87,3896,556,2eb5_OXL_E_2005,4,gnina,0.5215883,0.26607749,1.9602863,0,0,2.9755518
4041,87,6038,862,3qfx_CP6_A_602,4,gnina,0.52150737,0.2660362,1.9602863,0,0.98894938,2.688901
4042,87,1796,256,1nf0_13P_A_5001,4,gnina,0.52141787,0.26599055,1.9602863,0,0.81037383,2.6568177
4043,87,3147,449,1z4k_T3P_A_4341,4,gnina,0.5213825,0.26597251,1.9602863,0,3.6264113e-07,4.7378138
4044,87,16944,2420,6rlt_MLI_B_512,4,gnina,0.52133862,0.26595012,1.9602863,0,0.12911536,2.2469524
4045,87,7424,1060,4c2p_X8Z_A_709,4,gnina,0.52131926,0.26594025,1.9602863,0,0.9800801,2.2055522
4046,87,3875,553,2eb5_OXL_A_2001,4,gnina,0.52131435,0.26593774,1.9602863,0,0.06494912,2.9199478
4047,87,3889,555,2eb5_OXL_C_2003,4,gnina,0.52126537,0.26591275,1.9602863,0,0.65468291,2.8679697
4048,87,2174,310,1pr6_XYA_A_1245,4,gnina,0.52126453,0.26591233,1.9602863,0,0.53011637,3.0768915
4049,87,6045,863,3qfx_CP6_B_702,4,gnina,0.52124974,0.26590478,1.9602863,0,0.98899696,2.7181297
4050,87,5534,790,2x05_X05_A_1900,4,gnina,0.52109457,0.26582562,1.9602863,0,0.53919631,5.9403016
4051,87,10539,1505,4za7_4LV_A_606,4,gnina,0.52100347,0.26577915,1.9602863,0,0.95496015,1.9807209
4052,87,3882,554,2eb5_OXL_B_2002,4,gnina,0.5208929,0.26572275,1.9602863,0,0.026761768,3.6815013
4053,87,10644,1520,4zo7_BGC_A_802,4,gnina,0.52087663,0.26571445,1.9602863,0,8.2086896e-07,3.2835307
4054,87,3231,461,1zfj_IMP_A_500,4,gnina,0.52086245,0.26570721,1.9602863,0,0.90681112,4.2464544
4055,87,1201,171,1j3i_UMP_D_711,4,gnina,0.52085239,0.26570208,1.9602863,0,0.97627229,4.3846852
4056,87,13976,1996,5w7b_MYR_B_208,4,gnina,0.52081155,0.26568125,1.9602863,0,4.7302411e-11,5.8724364
4057,87,1285,183,1jl0_PUT_B_401,4,gnina,0.52077705,0.26566365,1.9602863,0,0.97865221,1.7420244
4058,87,1222,174,1j3k_UMP_D_711,4,gnina,0.52072132,0.26563522,1.9602863,0,0.99328345,4.7507824
4059,87,12240,1748,5hgz_MLA_A_303,4,gnina,0.52049811,0.26552135,1.9602863,0,0,1.4308756
4060,87,7354,1050,4buf_F36_A_2162,4,gnina,0.52039057,0.26546649,1.9602863,0,0.99289624,3.2871395
4061,87,4127,589,2fyd_NGA_B_404,4,gnina,0.52038356,0.26546292,1.9602863,0,0.00012987687,2.5067649
4062,87,12709,1815,5jj2_MLI_A_301,4,gnina,0.52037351,0.26545779,1.9602863,0,0.92516581,1.4929693
4063,87,2167,309,1pr0_NOS_C_1247,4,gnina,0.52027979,0.26540998,1.9602863,0,0.98695175,2.7472282
4064,87,7361,1051,4buf_F36_B_2162,4,gnina,0.52026423,0.26540204,1.9602863,0,0.98739917,3.820796
4065,87,15817,2259,6jz4_EVA_A_701,4,gnina,0.52025226,0.26539593,1.9602863,0,0.021828691,3.2902162
4066,87,15824,2260,6jz4_EVA_B_701,4,gnina,0.52024508,0.26539227,1.9602863,0,0.023728291,3.102211
4067,87,1894,270,1nux_F6P_A_2339,4,gnina,0.51994542,0.26523941,1.9602863,0,0.77438456,2.7049575
4068,88,18,2,1a49_OXL_D_2333,4,gnina,0.55465933,0.286515,1.9358814,0,9.8789352e-05,17.972973
4069,88,12996,1856,5m5a_KSA_A_404,4,gnina,0.55612164,0.28633279,1.9422203,0,0.9847279,6.8318512
4070,88,3602,514,2bk3_FOF_A_1503,4,gnina,0.55152853,0.28489775,1.9358814,0,0.44863987,3.783067
4071,88,16157,2308,6mwl_K5G_B_301,1,unimol,0.78442627,0.28366177,2.7653568,0,0.97405846,20.55
4072,88,3497,499,2as1_TP5_A_500,4,gnina,0.546168,0.28212872,1.9358814,0,0.0010120522,1.5262053
4073,88,25,3,1a49_OXL_F_4133,4,gnina,0.54429174,0.28115952,1.9358814,0,0.13037441,27.762517
4074,88,6094,870,3qwi_CUE_B_272,4,gnina,0.52707168,0.27226432,1.9358814,0,0.0057113971,2.7324614
4075,88,13605,1943,5u5x_TP5_A_302,4,gnina,0.52705672,0.27225659,1.9358814,0,0.8041954,1.9370682
4076,88,15236,2176,6fjj_LSA_A_302,4,gnina,0.52703947,0.27224768,1.9358814,0,0.93281075,1.8918892
4077,88,9755,1393,4qxc_OGA_A_600,4,gnina,0.5269914,0.27222285,1.9358814,0,7.3929275e-05,2.2173919
4078,88,13654,1950,5uap_82S_B_505,4,gnina,0.52689968,0.27217547,1.9358814,0,0.029566402,2.2004622
4079,88,7585,1083,4cle_JR2_B_1270,4,gnina,0.5268913,0.27217114,1.9358814,0,0.95633931,3.7529872
4080,88,2489,355,1t93_FLV_A_432,4,gnina,0.52687807,0.2721643,1.9358814,0,0.00079637273,1.8428056
4081,88,4841,691,2q1a_2KT_X_295,4,gnina,0.5268751,0.27216277,1.9358814,0,0.16999174,1.3659812
4082,88,550,78,1fwn_PEP_B_2268,4,gnina,0.52683972,0.27214449,1.9358814,0,0.882534,1.9632115
4083,88,7368,1052,4buv_16I_C_2165,4,gnina,0.52683963,0.27214445,1.9358814,0,0.97277691,3.7062829
4084,88,7081,1011,4a7a_RGZ_A_601,4,gnina,0.52680181,0.27212491,1.9358814,0,1.0724182e-08,4.8127617
4085,88,739,105,1h18_DTL_A_9009,4,gnina,0.52677062,0.2721088,1.9358814,0,0.040986001,4.0546901
4086,88,12667,1809,5jdv_EVF_B_302,4,gnina,0.52676138,0.27210403,1.9358814,0,0.99750222,2.7418479
4087,88,1425,203,1klk_PMD_A_653,4,gnina,0.52675443,0.27210044,1.9358814,0,0.98987492,4.4645558
4088,88,5646,806,2xul_AKG_F_201,4,gnina,0.52672157,0.27208347,1.9358814,0,0.0017602733,2.0037237
4089,88,9748,1392,4qpe_37E_A_901,4,gnina,0.52670894,0.27207694,1.9358814,0,0.63849856,3.3490291
4090,88,5639,805,2xul_AKG_E_201,4,gnina,0.52665461,0.27204888,1.9358814,0,1.5467365e-07,2.7101756
4091,88,12674,1810,5je7_EVF_B_302,4,gnina,0.52665213,0.2720476,1.9358814,0,0.99807033,1.6516705
4092,88,12681,1811,5jep_EVF_B_302,4,gnina,0.52664378,0.27204328,1.9358814,0,0.99872965,2.4939648
4093,88,7571,1081,4cle_JR2_A_1270,4,gnina,0.52663221,0.2720373,1.9358814,0,0.00053617997,2.8201288
4094,88,746,106,1h18_DTL_B_9009,4,gnina,0.52659729,0.27201926,1.9358814,0,2.0181051e-06,4.4846193
4095,88,2482,354,1t93_FLV_A_431,4,gnina,0.52649858,0.27196828,1.9358814,0,5.7515578e-06,2.7893042
4096,89,8138,1162,4evi_N7I_B_401,4,gnina,0.56430541,0.29225395,1.9308726,0,0.99763647,3.2269904
4097,89,8194,1170,4fra_GAL_A_402,4,gnina,0.56268968,0.29141716,1.9308726,0,0.95511636,1.5293155
4098,89,9531,1361,4o95_245_A_602,4,gnina,0.55929614,0.28965965,1.9308726,0,8.0319187e-07,2.4597196
4099,89,3665,523,2c3d_COM_A_1526,4,gnina,0.56094859,0.28636014,1.958891,0,2.6327133e-05,2.4282602
4100,89,3672,524,2c3d_COM_B_1525,4,gnina,0.55561277,0.28283765,1.964422,0,0.016208887,2.2784401
4101,89,2538,362,1tiw_TFB_A_2002,4,gnina,0.53914932,0.2792256,1.9308726,0,0.46832062,1.7718881
4102,89,8327,1189,4h9x_HL4_A_404,4,gnina,0.53905829,0.27917846,1.9308726,0,0.55857501,2.3757969
4103,89,3658,522,2c3d_COM_A_1525,4,gnina,0.55912589,0.27337354,2.0452807,0,0.97526773,2.3223917
4104,89,8971,1281,4kqx_HIO_A_402,4,gnina,0.54704326,0.27105619,2.0181904,0,0.75291498,1.949267
4105,89,6409,915,3uu7_2OH_A_1,4,gnina,0.52069771,0.26966951,1.9308726,0,0.98734571,2.5668337
4106,89,6416,916,3uu7_2OH_B_1,4,gnina,0.52069382,0.26966749,1.9308726,0,0.9849778,2.4361127
4107,89,438,62,1eyw_TEN_A_403,4,gnina,0.52045319,0.26954287,1.9308726,0,0.33580396,2.3195339
4108,89,9881,1411,4rql_SNE_B_502,4,gnina,0.52042946,0.26953058,1.9308726,0,0.40531124,3.1921436
4109,89,6108,872,3r3z_GOA_B_305,4,gnina,0.51992544,0.26926955,1.9308726,0,0.47391131,2.4685449
4110,89,14284,2040,5y1g_AKB_A_401,4,gnina,0.51925799,0.26892387,1.9308726,0,0.85245806,1.5201915
4111,89,16993,2427,6s9g_L1Q_A_305,4,gnina,0.51905042,0.26881637,1.9308726,0,0.95528941,2.6522797
4112,89,12275,1753,5hss_650_B_402,4,gnina,0.51902091,0.2688011,1.9308726,0,1.3837209e-05,7.2786705
4113,89,9132,1304,4lol_1YE_A_402,4,gnina,0.51894763,0.26876314,1.9308726,0,3.5719712e-09,3.7523086
4114,89,11988,1712,5g44_I6G_A_1510,4,gnina,0.51891867,0.26874814,1.9308726,0,0.98994113,2.0028753
4115,89,10308,1472,4xf0_CYS_A_502,4,gnina,0.51889698,0.26873691,1.9308726,0,0.96923581,1.8354247
4116,89,12982,1854,5m0t_AKG_A_302,4,gnina,0.5188868,0.26873164,1.9308726,0,0.00020997059,2.5294864
4117,89,12989,1855,5m0t_AKG_B_302,4,gnina,0.51884601,0.26871051,1.9308726,0,0.00020001647,2.6422429
4118,89,12352,1764,5i8s_LEA_A_202,4,gnina,0.51884056,0.26870769,1.9308726,0,0.8744518,1.6472049
4119,89,12093,1727,5gwt_SIN_A_302,4,gnina,0.51880497,0.26868926,1.9308726,0,0.015791442,2.554052
4120,89,10840,1548,5a66_3PO_B_1000,4,gnina,0.51857071,0.26856793,1.9308726,0,0.61127011,2.7167797
4121,89,11295,1613,5di7_5CQ_A_601,4,gnina,0.51855291,0.26855872,1.9308726,0,0.60352761,3.0542424
4122,89,16062,2294,6ly4_TES_A_501,4,gnina,0.5185346,0.26854923,1.9308726,0,0.98631157,1.9293295
4123,89,15523,2217,6hmw_FUL_B_204,4,gnina,0.51853358,0.26854871,1.9308726,0,0.99879277,2.2175412
4124,89,11302,1614,5di7_5CQ_B_601,4,gnina,0.51848561,0.26852386,1.9308726,0,0.91039536,3.641317
4125,89,3119,445,1yee_PNB_H_551,4,gnina,0.51847127,0.26851644,1.9308726,0,0.16173101,5.5081153
4126,89,15537,2219,6hmw_FUL_F_202,4,gnina,0.51840983,0.26848462,1.9308726,0,0.9951536,2.4077074
4127,89,8593,1227,4i6s_FUC_A_101,4,gnina,0.51822217,0.26838742,1.9308726,0,0.99698009,1.4695586
4128,89,10833,1547,5a66_3PO_A_1000,4,gnina,0.51818599,0.26836869,1.9308726,0,0.00010782283,2.394056
4129,89,11232,1604,5cyf_FLC_A_301,4,gnina,0.51803029,0.26828805,1.9308726,0,0.14918866,2.7254405
4130,89,6185,883,3ryd_SRT_A_267,4,gnina,0.51755679,0.26804282,1.9308726,0,0.093633642,2.3507434
4131,89,2853,407,1vzu_UDP_B_2371,4,gnina,0.5174083,0.26796592,1.9308726,0,0.88303613,5.0302468
4132,89,8978,1282,4kqx_HIO_B_401,4,gnina,0.54113102,0.26795062,2.0195167,0,0.44556243,2.278171
4133,89,8607,1229,4i6s_FUC_B_102,4,gnina,0.51724962,0.26788374,1.9308726,0,0.99634592,2.0999585
4134,89,6535,933,3vca_PRO_A_504,4,gnina,0.51724834,0.26788308,1.9308726,0,4.7754138e-08,2.0398399
4135,89,2377,339,1s5s_PG3_A_1,4,gnina,0.51713742,0.26782563,1.9308726,0,0.82229427,1.8978294
4136,89,12261,1751,5hss_64Z_A_402,4,gnina,0.51707561,0.26779362,1.9308726,0,0.18064841,4.9720226
4137,89,8355,1193,4hey_4MZ_A_308,4,gnina,0.51705695,0.26778396,1.9308726,0,0.00030598116,1.5711049
4138,89,1761,251,1n1i_HIS_C_501,4,gnina,0.516972,0.26773996,1.9308726,0,0.0014285187,1.9027157
4139,89,8859,1265,4jhh_H35_A_201,4,gnina,0.51696023,0.26773386,1.9308726,0,0.00090745135,2.1331689
4140,89,12884,1840,5l7u_NGA_B_601,4,gnina,0.5169419,0.26772437,1.9308726,0,0.9776628,3.2731983
4141,89,13304,1900,5oir_9W8_A_302,4,gnina,0.51675028,0.26762513,1.9308726,0,0.41659568,3.8212842
4142,89,11246,1606,5d8u_0N8_A_203,4,gnina,0.51666851,0.26758279,1.9308726,0,2.3288307e-08,3.6876431
4143,89,2300,328,1r4s_MUA_A_800,4,gnina,0.51609965,0.26728817,1.9308726,0,0.98834243,1.8199798
4144,89,4134,590,2fyd_NGA_D_529,4,gnina,0.51600983,0.26724166,1.9308726,0,6.9903463e-05,2.5770094
4145,89,15551,2221,6hmw_FUL_H_201,4,gnina,0.51587199,0.26717027,1.9308726,0,0.0015617879,3.8563556
4146,90,9097,1299,4l91_X29_A_301,4,gnina,0.58790277,0.3068257,1.9160796,0,0.97637226,2.9611319
4147,90,4883,697,2qb4_DSM_A_801,4,gnina,0.58693912,0.29849862,1.9663033,0,0.85914879,3.0083285
4148,90,14809,2115,6bqx_9AG_A_201,4,gnina,0.56692277,0.29587627,1.9160796,0,1.9870696e-06,2.4429225
4149,90,8376,1196,4hez_1MZ_A_306,4,gnina,0.56109578,0.29283517,1.9160796,0,1.0054297e-06,1.3454882
4150,90,6633,947,3w4i_8LG_A_402,4,gnina,0.55862624,0.29154632,1.9160796,0,0.015176675,2.9468469
4151,90,9384,1340,4n94_2HO_A_401,4,gnina,0.55659901,0.29048831,1.9160796,0,0.005013606,2.3359697
4152,90,3623,517,2bs8_NAG_A_1177,4,gnina,0.55553859,0.28993488,1.9160796,0,0.53439824,1.9764814
4153,90,8131,1161,4ekr_0R0_B_203,4,gnina,0.55551809,0.28992418,1.9160796,0,0.12591395,1.8804431
4154,90,11890,1698,5fqf_NGA_B_1586,4,gnina,0.55456923,0.28942897,1.9160796,0,3.8888974e-06,17.172556
4155,90,8362,1194,4hez_1MZ_A_302,4,gnina,0.55398096,0.28912195,1.9160796,0,2.7716504e-08,1.679497
4156,90,7879,1125,4dch_GLC_A_501,4,gnina,0.55338766,0.28881231,1.9160796,0,0.96669289,1.7665904
4157,90,46,6,1ac4_TMT_A_296,4,gnina,0.5529526,0.28858525,1.9160796,0,0.95959659,1.4505376
4158,90,9657,1379,4pxd_1AL_A_502,4,gnina,0.55207925,0.28812945,1.9160796,0,0.9971479,2.6062577
4159,90,536,76,1fuy_FIP_A_269,4,gnina,0.55150276,0.28782858,1.9160796,0,0.82269911,3.7363464
4160,90,17679,2525,7a2h_QX2_A_401,4,gnina,0.55139243,0.287771,1.9160796,0,0.0031100341,1.4572699
4161,90,7046,1006,3zzv_FUC_B_401,4,gnina,0.55092859,0.28752893,1.9160796,0,0.99761764,1.7968237
4162,90,3196,456,1zei_CRS_D_54,4,gnina,0.55072706,0.28742374,1.9160796,0,0.99369211,1.8616979
4163,90,431,61,1eyw_PEL_A_404,4,gnina,0.54951852,0.28679301,1.9160796,0,0.15232892,1.6115583
4164,90,4218,602,2gn2_C5P_A_400,4,gnina,0.54872092,0.28637674,1.9160796,0,3.6028831e-07,4.0968171
4165,90,1775,253,1n3o_GYP_B_1101,4,gnina,0.54871404,0.28637315,1.9160796,0,0.0016164724,2.4224077
4166,90,5128,732,2r4j_13P_A_1968,4,gnina,0.54592784,0.28491904,1.9160796,0,0.00018027954,2.69632
4167,90,9307,1329,4mr8_2BW_A_507,4,gnina,0.54518174,0.28452965,1.9160796,0,0.00041973873,3.3471246
4168,90,14494,2070,5ylf_BGC_A_401,4,gnina,0.54515137,0.2845138,1.9160796,0,0.0197927,2.0589642
4169,90,13066,1866,5mxh_GAL_A_402,4,gnina,0.54509033,0.28448194,1.9160796,0,0.98743605,1.9609062
4170,90,13472,1924,5tde_2HP_B_902,4,gnina,0.54496638,0.28441725,1.9160796,0,0.009372456,1.9107184
4171,90,4428,632,2j1s_FUL_A_1153,4,gnina,0.5448514,0.28435724,1.9160796,0,0.9956599,1.9285014
4172,90,1768,252,1n3o_GYP_A_1001,4,gnina,0.5443447,0.2840928,1.9160796,0,0.9763628,1.9631277
4173,90,8124,1160,4ekr_0R0_A_203,4,gnina,0.5432173,0.28350441,1.9160796,0,0,1.4211055
4174,90,13059,1865,5mxh_GAL_A_401,4,gnina,0.54161031,0.28266572,1.9160796,0,0.9886336,1.666507
4175,90,14536,2076,5z9p_AX7_A_301,4,gnina,0.54129607,0.28250172,1.9160796,0,0.24590882,1.4379315
4176,90,2650,378,1tvw_UMP_A_317,4,gnina,0.54109967,0.28239922,1.9160796,0,0.087126514,3.7059902
4177,90,2839,405,1vzd_UFP_A_317,4,gnina,0.54093857,0.28231514,1.9160796,0,1.882708e-06,4.4665665
4178,90,8733,1247,4iph_1FJ_A_201,4,gnina,0.5408704,0.28227957,1.9160796,0,0.32825542,3.3801218
4179,90,12737,1819,5joy_6LW_B_602,4,gnina,0.5407644,0.28222424,1.9160796,0,5.2882408e-06,2.4303169
4180,90,9734,1390,4qck_ASD_A_404,4,gnina,0.5407262,0.28220431,1.9160796,0,0.99830789,2.3668869
4181,90,17441,2491,6vo2_R67_B_403,4,gnina,0.53951517,0.28157227,1.9160796,0,0,2.1136315
4182,90,11225,1603,5cr1_STL_B_201,4,gnina,0.55527524,0.28119258,1.9747142,0,2.3943964e-07,2.3355965
4183,90,1145,163,1ixo_G3P_A_1001,4,gnina,0.53774829,0.28065014,1.9160796,0,0.027220164,2.482941
4184,90,2636,376,1tuu_PIS_B_2854,4,gnina,0.53280464,0.27807006,1.9160796,0,0,2.5181381
4185,90,459,65,1fk1_DAO_A_201,4,gnina,0.5806772,0.27799874,2.0887754,0,0.0027017322,3.2541763
4186,90,1068,152,1iki_DAL_A_500,4,gnina,0.53210556,0.27770521,1.9160796,0,6.2995826e-06,1.5896343
4187,90,14886,2126,6c6w_TFX_A_502,4,gnina,0.53831714,0.27659959,1.9461955,0,5.8058256e-09,2.3585489
4188,90,3063,437,1y2x_NAG_B_1144,4,gnina,0.54808816,0.27532277,1.9907104,0,0.99351531,2.803295
4189,90,4778,682,2prl_ORO_A_399,4,gnina,0.52412216,0.27353868,1.9160796,0,0.9727857,1.7858547
4190,90,16657,2379,6qaw_HVE_A_402,4,gnina,0.55224168,0.27353309,2.0189199,0,0.99028299,4.0220631
4191,90,13636,1948,5u8z_83D_D_602,0,surfdock,0.52388239,0.27341355,1.9160796,0,0,3.5406719
4192,90,17434,2490,6vo2_R67_A_403,4,gnina,0.52372798,0.27333296,1.9160796,0,0.04929356,1.9918776
4193,90,6857,979,3wug_XYP_C_2,4,gnina,0.52341234,0.27316823,1.9160796,0,6.1534215e-06,1.4150352
4194,90,4890,698,2qb4_DSM_A_802,4,gnina,0.58334972,0.27282185,2.1382065,0,0.012040554,2.7610446
4195,90,5492,784,2wj4_HQD_C_1277,4,gnina,0.51936376,0.27105528,1.9160796,0,0.99203035,3.3147542
4196,91,5191,741,2rtn_IMI_D_300,4,gnina,0.60088247,0.31721423,1.8942472,0,0.9860596,3.0728551
4197,91,17364,2480,6uzr_QM1_B_301,4,gnina,0.56789614,0.29980029,1.8942472,0,0.99557091,2.9642398
4198,91,753,107,1h18_PYR_A_1001,4,gnina,0.56639201,0.29900624,1.8942472,0,0.9379037,3.7234212
4199,91,8432,1204,4hrq_AZG_A_201,4,gnina,0.56515734,0.29835444,1.8942472,0,0.037300879,1.5904357
4200,91,1096,156,1isx_XYP_A_1461,4,gnina,0.56106334,0.29619316,1.8942472,0,0.97624465,2.6410294
4201,91,9972,1424,4ubp_HAE_C_800,4,gnina,0.5600096,0.29563688,1.8942472,0,0.97836021,1.5800916
4202,91,9951,1421,4u7g_K17_B_303,4,gnina,0.55998238,0.2956225,1.8942472,0,3.2205703e-06,1.6042345
4203,91,7326,1046,4bdr_KAI_B_900,4,gnina,0.59569916,0.29499908,2.0193245,0,0.95036284,2.4405444
4204,91,6913,987,3wxo_NIZ_A_802,4,gnina,0.55481011,0.29289199,1.8942472,0,0.053818481,3.1611157
4205,91,4526,646,2npq_BOG_A_2000,4,gnina,0.55405511,0.29249342,1.8942472,0,0,4.3949989
4206,91,8446,1206,4hxk_1AJ_A_201,4,gnina,0.55257593,0.29171254,1.8942472,0,1.5934067e-05,1.7914203
4207,91,32,4,1a59_CIT_A_379,4,gnina,0.55117282,0.29097182,1.8942472,0,0,3.0711551
4208,91,10665,1523,4zqp_IMP_A_601,4,gnina,0.54779341,0.28918778,1.8942472,0,0.91449427,3.7672996
4209,91,4379,625,2ipf_FFA_A_3,4,gnina,0.54728678,0.28892032,1.8942472,0,0.012948833,3.8159797
4210,91,5583,797,2xhk_AKG_B_519,4,gnina,0.54631697,0.28840835,1.8942472,0,0.00043138965,2.1338581
4211,91,10973,1567,5ahn_IMP_A_1468,4,gnina,0.54624171,0.28836861,1.8942472,0,0.033553405,4.3115086
4212,91,480,68,1fp2_HMO_A_2000,4,gnina,0.54594714,0.28821311,1.8942472,0,3.7590801e-09,2.840696
4213,91,1075,153,1iki_REY_A_400,4,gnina,0.54306908,0.28669374,1.8942472,0,0.81633863,5.7832692
4214,91,6059,865,3qhd_795_A_167,4,gnina,0.54198691,0.28612245,1.8942472,0,0.99075318,1.9222068
4215,91,7445,1063,4c67_L5S_A_1170,4,gnina,0.56693101,0.28010242,2.0240123,0,0.99747818,2.8730161
4216,91,15726,2246,6jmd_ORO_A_402,4,gnina,0.52860365,0.27905724,1.8942472,0,0.97213268,3.5923433
4217,91,15740,2248,6jme_ORO_A_402,4,gnina,0.52429043,0.27678023,1.8942472,0,6.2110735e-05,2.1174152
4218,91,4242,606,2gyv_HBP_B_545,0,surfdock,0.5239803,0.27661651,1.8942472,0,0,4.0471019
4219,91,11253,1607,5d9w_ASC_A_301,4,gnina,0.52290552,0.27604912,1.8942472,0,0.47769333,1.5866502
4220,91,1404,200,1kep_TDX_A_3500,4,gnina,0.52146524,0.27528877,1.8942472,0,7.5800224e-05,1.7392364
4221,91,13402,1914,5t85_44G_L_301,4,gnina,0.51810867,0.27351679,1.8942472,0,1.3983781e-05,5.1771925
4222,91,4022,574,2fc0_DGP_A_239,4,gnina,0.51787057,0.27339109,1.8942472,0,5.0921204e-05,3.6061206
4223,91,1684,240,1m9j_CLW_A_906,4,gnina,0.51785778,0.27338434,1.8942472,0,3.6529426e-06,2.1763167
4224,91,8404,1200,4hmx_WUB_A_302,4,gnina,0.51783523,0.27337244,1.8942472,0,0.0012224197,2.7979222
4225,91,10063,1437,4upd_7P9_B_1550,4,gnina,0.51783401,0.2733718,1.8942472,0,0,12.363922
4226,91,760,108,1h18_PYR_B_1001,4,gnina,0.51783211,0.27337079,1.8942472,0,0.075282129,3.3477261
4227,91,935,133,1h70_CIR_A_500,4,gnina,0.51783211,0.27337079,1.8942472,0,0.98628454,2.6072609
4228,91,2356,336,1s1f_PIM_A_431,4,gnina,0.51783211,0.27337079,1.8942472,0,6.1802859e-09,3.5201254
4229,91,2545,363,1tkh_DPN_A_913,4,gnina,0.51783211,0.27337079,1.8942472,0,0.040389185,2.0217849
4230,91,2909,415,1w62_PYC_A_700,4,gnina,0.51783211,0.27337079,1.8942472,0,0.99455149,2.2623112
4231,91,4729,675,2p1e_LAC_A_303,4,gnina,0.51783211,0.27337079,1.8942472,0,0.018681664,1.4006013
4232,91,6003,857,2zwt_CAM_A_422,4,gnina,0.51783211,0.27337079,1.8942472,0,0.046702397,1.7606722
4233,91,7249,1035,4aql_TXC_A_1452,4,gnina,0.51783211,0.27337079,1.8942472,0,0.93783965,7.6846685
4234,91,7718,1102,4cw2_XDS_A_1303,4,gnina,0.51783211,0.27337079,1.8942472,0,0,2.4517771
4235,91,9559,1365,4ox5_DAL_A_307,4,gnina,0.51783211,0.27337079,1.8942472,0,0.15291809,1.3746919
4236,91,9888,1412,4s38_CDI_A_900,4,gnina,0.51783211,0.27337079,1.8942472,0,0.0050901669,1.6684072
4237,91,9979,1425,4uc9_ASP_A_1300,4,gnina,0.51783211,0.27337079,1.8942472,0,6.0201099e-08,4.2354153
4238,91,12184,1740,5h9i_XAN_A_301,4,gnina,0.51783211,0.27337079,1.8942472,0,0.97615154,1.5149688
4239,91,12870,1838,5l1u_7PF_A_401,4,gnina,0.51783211,0.27337079,1.8942472,0,0.99431735,2.6229356
4240,91,5996,856,2zvq_1NP_X_502,4,gnina,0.51783191,0.27337069,1.8942472,0,0,1.771014
4241,91,6920,988,3wxo_NIZ_A_804,4,gnina,0.51772299,0.27331319,1.8942472,0,2.4608157e-06,1.8848306
4242,91,4925,703,2qcx_PF1_B_300,4,gnina,0.56654987,0.27284074,2.0764847,0,0.57505882,3.594051
4243,91,11064,1580,5bwr_4VT_A_402,4,gnina,0.51783211,0.27250892,1.9002382,0,1.7144744e-08,3.5663891
4244,91,4918,702,2qcx_PF1_A_300,4,gnina,0.56327463,0.27109103,2.0778053,0,0.35760892,2.754275
4245,91,9447,1349,4nir_6DH_A_307,4,gnina,0.5132345,0.27094365,1.8942472,0,1.4013414e-09,2.7019071
4246,92,14788,2112,6bkk_308_B_101,4,gnina,0.63862641,0.33898484,1.883937,0,0.24380635,1.4362802
4247,92,452,64,1fhv_OSB_A_789,4,gnina,0.61470523,0.32628741,1.883937,0,0,2.7351022
4248,92,13080,1868,5mzp_CFF_A_2401,4,gnina,0.60721935,0.32231388,1.883937,0,0.040571855,1.6443486
4249,92,298,42,1diw_GAL_A_1400,4,gnina,0.60036835,0.31867735,1.883937,0,0.0009117094,1.7511232
4250,92,13227,1889,5o4j_9KH_C_302,4,gnina,0.59658537,0.31666933,1.883937,0,0.00024096733,2.6893793
4251,92,13220,1888,5o4j_9KH_B_302,4,gnina,0.59473823,0.31568886,1.883937,0,0.00048254295,2.6869679
4252,92,11085,1583,5c4i_TPP_F_402,4,gnina,0.58521161,0.3106321,1.883937,0,0.45696125,10.485259
4253,92,5947,849,2ztl_3HL_D_301,4,gnina,0.59841725,0.30444815,1.9655793,0,0,2.1573102
4254,92,10294,1470,4x36_CHT_A_412,4,gnina,0.57142324,0.30331319,1.883937,0,0.061966186,1.4664123
4255,92,12394,1770,5icf_SAU_A_402,4,gnina,0.57091361,0.30304268,1.883937,0,0.32372939,2.0458644
4256,92,17574,2510,6y4z_TLA_D_301,4,gnina,0.56629473,0.30059097,1.883937,0,0.97516837,3.2956399
4257,92,12905,1843,5la1_XYP_A_601,4,gnina,0.5662796,0.30058294,1.883937,0,0.98693706,1.6491939
4258,92,2937,419,1wq4_TYR_A_501,4,gnina,0.56556773,0.30020507,1.883937,0,0.89852906,2.2489205
4259,92,12107,1729,5gwx_SAR_A_302,4,gnina,0.56465282,0.29971944,1.883937,0,0.82752785,1.5226408
4260,92,5107,729,2qxf_TMP_A_3000,4,gnina,0.56407743,0.29941402,1.883937,0,0.0069316859,4.2481249
4261,92,11617,1659,5eo8_TFU_A_406,4,gnina,0.56022824,0.29629456,1.8907804,0,0.83137131,2.478782
4262,92,10077,1439,4ur9_BK9_B_1717,4,gnina,0.6107316,0.29454978,2.0734401,0,0.0015978673,3.5565412
4263,92,9363,1337,4n4j_HG1_A_608,4,gnina,0.55095075,0.29244634,1.883937,0,0,1.8195928
4264,92,6584,940,3vq4_0NX_A_304,4,gnina,0.60460581,0.29097525,2.0778589,0,0.9726435,1.7668683
4265,92,2258,322,1q6r_LX1_A_7301,4,gnina,0.5660401,0.29021295,1.9504292,0,0.060144459,2.2548038
4266,92,2265,323,1q6r_LX1_B_9301,4,gnina,0.56572366,0.29005072,1.9504292,0,0.028295898,2.8553812
4267,92,12471,1781,5ioq_DUR_C_302,4,gnina,0.54290295,0.28817454,1.883937,0,9.8145322e-07,3.6211824
4268,92,17532,2504,6xu3_GAB_B_402,4,gnina,0.60811535,0.28066589,2.1666868,0,0.011252634,4.681571
4269,92,16937,2419,6rlt_MLI_B_511,4,gnina,0.52682254,0.27963901,1.883937,0,0.66561134,2.2560714
4270,92,10885,1555,5a8k_TP7_A_558,0,surfdock,0.52425318,0.27827518,1.883937,0,0,2.9580491
4271,92,10892,1556,5a8k_TP7_D_554,0,surfdock,0.52425318,0.27827518,1.883937,0,0,4.0888127
4272,92,12845,1835,5kmj_6UF_A_901,0,surfdock,0.52425318,0.27827518,1.883937,0,0.00087032259,4.3439181
4273,92,16044,2292,6lx5_C5F_B_501,0,surfdock,0.52425318,0.27827518,1.883937,0,0.99204312,3.476727
4274,93,13528,1932,5thu_GGG_B_405,4,gnina,0.58189902,0.30994305,1.8774376,0,5.5683206e-07,3.6328798
4275,93,5590,798,2xmi_FLC_A_1379,4,gnina,0.57432945,0.30591118,1.8774376,0,0.0093724617,2.0739271
4276,93,3175,453,1zdq_MSM_A_1507,4,gnina,0.63566947,0.30576307,2.0789599,0,0.95670318,1.9317793
4277,93,3182,454,1zdq_MSM_B_1508,4,gnina,0.63467527,0.30528485,2.0789599,0,0.99527764,2.430702
4278,93,1292,184,1jtk_THU_A_138,4,gnina,0.57189776,0.30461597,1.8774376,0,0.97278509,2.6432747
4279,93,893,127,1h5r_G1P_C_1294,4,gnina,0.57949364,0.30188409,1.9195889,0,1.6174966e-05,3.2891252
4280,93,12761,1823,5jtu_6NE_A_902,0,surfdock,0.62822739,0.29858965,2.1039815,0,0,4.4630817
4281,93,6479,925,3vbn_TYD_A_301,4,gnina,0.55083575,0.29339749,1.8774376,0,0.59744717,5.7968827
4282,93,368,52,1e48_13P_P_302,4,gnina,0.5501578,0.29119992,1.8892777,0,0.83234214,1.6788285
4283,93,1131,161,1iwe_IMP_B_1443,4,gnina,0.55750023,0.28790423,1.9364077,0,0.011203601,4.5156244
4284,93,6976,996,3zks_WZV_A_1398,4,gnina,0.57668141,0.2868634,2.0102987,0,0.0013204761,6.7521408
4285,93,16608,2372,6q4k_HHW_A_302,4,gnina,0.62860893,0.28534265,2.2029958,0,5.9196144e-05,4.5204
4286,93,6486,926,3vbn_TYD_E_301,4,gnina,0.53341774,0.28411995,1.8774376,0,0.84560493,5.7749872
4287,93,13822,1974,5vka_AKG_A_402,4,gnina,0.55847488,0.28194832,1.9807694,0,0.97059111,1.8093679
4288,93,9167,1309,4lz7_1YW_B_804,4,gnina,0.57517161,0.28192384,2.0401657,0,3.3472084e-09,4.1383936
4289,93,12943,1849,5lwy_OLB_A_403,0,surfdock,0.52430275,0.27926493,1.8774376,0,0,3.5230749
4290,93,12950,1850,5lwy_OLB_A_406,0,surfdock,0.52430275,0.27926493,1.8774376,0,0,2.7366331
4291,93,15792,2256,6jyg_FLC_D_401,0,surfdock,0.52430275,0.27926493,1.8774376,0,0.88282996,2.860752
4292,93,15806,2258,6jyg_FLC_E_402,0,surfdock,0.52430275,0.27926493,1.8774376,0,0.0017093796,2.5325328
4293,93,15656,2236,6ix8_B3O_B_408,4,gnina,0.5582737,0.27883002,2.0021999,0,0.97162843,3.2478596
4294,93,9503,1357,4npm_SIN_A_301,4,gnina,0.52060819,0.27729706,1.8774376,0,0.96441396,2.1287081
4295,93,15778,2254,6jyg_FLC_A_401,0,surfdock,0.52430275,0.27669283,1.8948901,0,0.99004638,3.0059119
4296,93,15799,2257,6jyg_FLC_E_401,0,surfdock,0.52430275,0.27669283,1.8948901,0,0,2.7742978
4297,93,17497,2499,6x9d_HYP_B_2002,4,gnina,0.55677857,0.27584797,2.0184245,0,0.99912904,12.769349
4298,93,8152,1164,4evs_PHB_A_408,4,gnina,0.51781016,0.27580672,1.8774376,0,0.99611657,1.9902959
4299,93,9370,1338,4n5p_2H0_E_412,4,gnina,0.51713232,0.27544567,1.8774376,0,0.20330346,6.2709471
4300,93,15446,2206,6gpn_OGA_B_402,4,gnina,0.51674116,0.27523732,1.8774376,0,2.5254973e-10,3.1215179
4301,93,10168,1452,4wdd_CIT_A_401,4,gnina,0.51673667,0.27523493,1.8774376,0,0.15536286,2.1186957
4302,93,8621,1231,4i6w_1CO_B_1001,4,gnina,0.5165016,0.27510972,1.8774376,0,0.010918322,2.4648888
4303,93,8159,1165,4f06_PHB_A_401,4,gnina,0.51597736,0.27483049,1.8774376,0,0.99503577,1.8325139
4304,93,16027,2289,6lql_F0C_A_702,4,gnina,0.51594365,0.27481254,1.8774376,0,4.1876293e-07,4.0365027
4305,93,10427,1489,4y6n_3PG_A_402,4,gnina,0.51590249,0.27479062,1.8774376,0,0.93853534,1.8635448
4306,93,13164,1880,5nuk_Z80_A_201,4,gnina,0.51558459,0.27462129,1.8774376,0,0,3.4358687
4307,93,11575,1653,5eo7_SFU_C_404,4,gnina,0.51407755,0.27381857,1.8774376,0,0.0090471548,2.9404485
4308,93,8173,1167,4f8n_PC_A_202,4,gnina,0.5138117,0.27367698,1.8774376,0,2.5810723e-07,2.1031892
4309,93,4337,619,2i6p_4NP_A_401,4,gnina,0.51318515,0.27334325,1.8774376,0,0.00016037917,2.0326699
4310,93,2181,311,1pr6_XYA_C_1247,4,gnina,0.51188065,0.27264842,1.8774376,0,0.048018603,2.9323943
4311,93,13367,1909,5syi_NIZ_B_805,4,gnina,0.51181574,0.27261384,1.8774376,0,0.0079905635,3.6551963
4312,93,4225,603,2gnm_MAN_A_253,4,gnina,0.51163367,0.27251687,1.8774376,0,0.94370028,1.8480649
4313,93,11526,1646,5eo7_SFU_B_401,4,gnina,0.51106781,0.27221546,1.8774376,0,0.82249309,2.6749301
4314,93,13325,1903,5osf_A9E_A_404,4,gnina,0.51104227,0.27220186,1.8774376,0,3.9295155e-07,2.3405736
4315,93,13052,1864,5mot_HBD_A_402,4,gnina,0.51053027,0.27192915,1.8774376,0,6.188253e-05,1.6061502
4316,93,11932,1704,5fzn_FB2_A_1615,4,gnina,0.50823029,0.27070409,1.8774376,0,0.0029536857,1.6877848
4317,93,15635,2233,6i6r_H62_A_704,4,gnina,0.50818924,0.27068222,1.8774376,0,0.7033315,3.1400689
4318,93,6325,903,3tky_N7I_D_369,4,gnina,0.50685631,0.26997225,1.8774376,0,0.00030304475,4.3398255
4319,93,2951,421,1x09_IPE_A_902,4,gnina,0.50563262,0.26932047,1.8774376,0,1.4298886e-05,2.3673318
4320,93,15012,2144,6dmi_5T5_A_504,4,gnina,0.51674201,0.26788676,1.9289559,0,0.57661169,5.4326481
4321,93,3980,568,2f64_12Q_B_471,4,gnina,0.50289207,0.26786074,1.8774376,0,6.7573112e-06,2.0018684
4322,93,1362,194,1kar_HSM_A_502,4,gnina,0.50271588,0.26776689,1.8774376,0,0.30388834,2.1414879
4323,93,1138,162,1iwe_IMP_B_1452,4,gnina,0.5026511,0.26773239,1.8774376,0,0.00098386525,5.3405556
4324,94,284,40,1d7a_AIR_D_450,4,gnina,0.60542917,0.3229886,1.8744589,0,1.5505939e-06,7.5332613
4325,94,270,38,1d7a_AIR_B_350,4,gnina,0.59113888,0.31536492,1.8744589,0,0.0024426256,5.6155114
4326,94,14515,2073,5z54_0HZ_A_303,4,gnina,0.58742612,0.31338421,1.8744589,0,0.99127067,3.6430501
4327,94,6066,866,3qhd_MSR_A_166,4,gnina,0.58356516,0.31132444,1.8744589,0,0.0001756332,1.8665192
4328,94,17462,2494,6wdv_TWM_A_701,4,gnina,0.58292253,0.3109816,1.8744589,0,0.94020952,4.2193777
4329,94,12457,1779,5in3_G1P_B_418,4,gnina,0.57914138,0.3089644,1.8744589,0,0.82688479,2.7776779
4330,94,8320,1188,4h9g_14J_A_512,4,gnina,0.57733298,0.30718093,1.8794549,0,0.67832617,1.6071347
4331,94,1250,178,1ja9_PYQ_A_406,4,gnina,0.57433526,0.3064004,1.8744589,0,0.013991928,1.826398
4332,94,10392,1484,4xz9_G3P_C_302,4,gnina,0.62752638,0.30548985,2.0541635,0,0.10556462,2.6662969
4333,94,10014,1430,4udc_DEX_A_1778,4,gnina,0.64690449,0.29903193,2.1633282,0,0.99512038,3.8317328
4334,94,277,39,1d7a_AIR_C_400,4,gnina,0.55390251,0.2954998,1.8744589,0,1.1507757e-06,5.0408707
4335,94,6262,894,3t2e_F6R_A_3469,4,gnina,0.54021706,0.28819879,1.8744589,0,1.1495919e-09,3.166503
4336,94,3994,570,2f78_BEZ_A_1003,4,gnina,0.58583628,0.28716962,2.0400348,0,0.41110663,1.632675
4337,94,88,12,1aiq_UMP_A_265,4,gnina,0.55745622,0.2856873,1.9512801,0,0.90941846,3.4344387
4338,94,17469,2495,6wdw_TWV_A_701,4,gnina,0.54845604,0.28336839,1.9354868,0,0.63457327,5.2870272
4339,94,7074,1010,4a78_JZ3_A_1296,4,gnina,0.5913667,0.28239042,2.0941448,0,0.19416268,1.6259077
4340,94,9790,1398,4r2n_PHE_C_402,4,gnina,0.53248373,0.28174563,1.889944,0,0.00033469632,3.7266011
4341,94,6647,949,3w4i_8LG_C_402,4,gnina,0.5540395,0.28133766,1.9693035,0,0.011049899,2.8811385
4342,94,5145,735,2r5e_QLP_B_430,0,surfdock,0.52400717,0.27955102,1.8744589,0,0,4.4178894
4343,94,14035,2005,5wgw_MB5_A_714,0,surfdock,0.52400717,0.27955102,1.8744589,0,0,3.9313676
4344,94,17749,2535,7cwd_GLC_A_901,4,gnina,0.58333966,0.27794145,2.0987852,0,0.013983677,2.6057889
4345,94,242,34,1cq1_BGC_A_455,4,gnina,0.57708797,0.27535539,2.0957923,0,0.0005490441,2.5970248
4346,94,4036,576,2fcu_AKG_B_898,4,gnina,0.51607753,0.27532066,1.8744589,0,0.00022896457,1.9822186
4347,94,14305,2043,5y7r_AKG_B_402,4,gnina,0.51602734,0.27529389,1.8744589,0,0.00015502519,2.0720746
4348,94,4029,575,2fcu_AKG_A_897,4,gnina,0.5159007,0.27522633,1.8744589,0,0.00021050051,2.2168114
4349,94,8425,1203,4hoz_GLC_A_703,4,gnina,0.51574265,0.27514201,1.8744589,0,0.97618737,1.9280447
4350,94,10119,1445,4v2z_Y70_A_151,4,gnina,0.51571554,0.27512755,1.8744589,0,0.99689397,2.4244454
4351,94,12373,1767,5iav_MLI_A_302,4,gnina,0.51514561,0.2748235,1.8744589,0,0.71451342,2.0305035
4352,94,14522,2074,5z54_0HZ_D_303,4,gnina,0.51492204,0.27470422,1.8744589,0,0.97400102,3.3548013
4353,94,1607,229,1lti_GAL_H_104,4,gnina,0.51465852,0.27456364,1.8744589,0,0.98903389,2.2753825
4354,94,15509,2215,6hl9_SIN_B_402,4,gnina,0.51400375,0.27421432,1.8744589,0,0.00068395039,2.6723727
4355,94,12401,1771,5igs_GMP_A_403,4,gnina,0.51353373,0.27396358,1.8744589,0,0.99104438,3.2234797
4356,94,17756,2536,7est_0Z2_E_1,4,gnina,0.51267617,0.27350608,1.8744589,0,0.93689354,7.2120064
4357,94,11050,1578,5bkd_AKG_B_502,4,gnina,0.51265986,0.27349738,1.8744589,0,0.58856697,2.2807517
4358,94,1040,148,1ia1_TQ3_A_194,4,gnina,0.51619071,0.27340174,1.8880291,0,0.99667661,2.5313093
4359,94,7872,1124,4dch_4DC_A_502,4,gnina,0.51205101,0.27317256,1.8744589,0,0.74005399,5.2030361
4360,94,2020,288,1owz_4FA_A_409,4,gnina,0.51453812,0.27190522,1.8923427,0,0.98990214,1.7733918
4361,94,14088,2012,5x2m_GLN_A_951,4,gnina,0.50639913,0.27015736,1.8744589,0,0.68679809,8.7067265
4362,94,16930,2418,6rlt_MLI_A_508,4,gnina,0.50592982,0.26990699,1.8744589,0,0.59734535,2.1457903
4363,94,6640,948,3w4i_8LG_B_402,4,gnina,0.51037099,0.26976357,1.8919187,0,0.010712321,3.0536373
4364,94,17420,2488,6vmz_R3P_C_404,4,gnina,0.56927863,0.26816252,2.1228857,0,0,4.5137176
4365,94,2867,409,1w1a_NDG_2_1261,4,gnina,0.50113083,0.26734679,1.8744589,0,0.065471508,2.3109754
4366,94,14042,2006,5wgw_MB5_A_715,0,surfdock,0.52400717,0.26691104,1.9632268,0,0.54284463,3.1914601
4367,94,10504,1500,4z1d_PEP_B_300,4,gnina,0.49959725,0.26652865,1.8744589,0,0.04670795,1.8748734
4368,94,12716,1816,5jj2_MLI_A_302,4,gnina,0.49901246,0.26621667,1.8744589,0,7.2630691e-05,1.4919656
4369,94,2832,404,1vl1_CIT_A_300,4,gnina,0.49695529,0.2651192,1.8744589,0,0.048999102,2.4360782
4370,94,8180,1168,4fh7_TBP_A_202,4,gnina,0.49446792,0.26379221,1.8744589,0,4.0272779e-05,2.6861073
4371,94,3959,565,2exs_TRP_B_2100,4,gnina,0.49279945,0.26290211,1.8744589,0,0,3.0875896
4372,94,3973,567,2f64_12Q_A_472,4,gnina,0.49279945,0.26290211,1.8744589,0,0.10329489,1.9793988
4373,94,6899,985,3wwc_BUA_A_402,4,gnina,0.49279945,0.26290211,1.8744589,0,6.7551523e-08,1.4110317
4374,95,6437,919,3uwb_BB2_A_154,4,gnina,0.62877503,0.31789184,1.9779518,0,0.91972278,7.2553434
4375,95,16965,2423,6s23_KSW_B_402,4,gnina,0.59111033,0.31732236,1.8628061,0,6.1288765e-06,1.8967046
4376,95,7781,1111,4d0z_BBK_A_1581,4,gnina,0.62290624,0.31243068,1.9937413,0,0.0001254788,20.656014
4377,95,6682,954,3w8x_FTK_A_601,4,gnina,0.58060893,0.31168495,1.8628061,0,4.2572477e-05,3.5258255
4378,95,16972,2424,6s39_K5Z_A_301,4,gnina,0.57990699,0.31130814,1.8628061,0,0.95771196,3.2881883
4379,95,3826,546,2dm5_ODI_A_312,4,gnina,0.57465451,0.30848848,1.8628061,0,0.82854696,1.9903694
4380,95,2524,360,1thc_FL9_B_130,4,gnina,0.56559772,0.30362658,1.8628061,0,1.7245159e-08,2.6749357
4381,95,5380,768,2vsu_V55_D_1251,4,gnina,0.58416661,0.30128101,1.9389417,0,0.54310222,3.9883934
4382,95,3238,462,1zg3_2HI_A_365,4,gnina,0.63266709,0.2966324,2.1328311,0,2.6605662e-05,3.1415633
4383,95,1782,254,1n5i_TMP_A_217,4,gnina,0.54939932,0.29493088,1.8628061,0,0.98917489,3.5444947
4384,95,683,97,1gsi_TMP_A_1210,4,gnina,0.54860042,0.29450201,1.8628061,0,0.32520119,3.3977728
4385,95,11897,1699,5fuv_THM_B_1385,4,gnina,0.5483711,0.29437891,1.8628061,0,0.99435105,3.3049487
4386,95,16111,2301,6mae_JBA_A_301,4,gnina,0.54744465,0.29388156,1.8628061,0,0.96993224,5.8853099
4387,95,16713,2387,6qo4_97T_B_301,4,gnina,0.5453854,0.29277611,1.8628061,0,0.99763953,2.7356868
4388,95,5373,767,2vss_V55_D_1250,4,gnina,0.58044598,0.29174443,1.9895691,0,0.049314917,4.0962787
4389,95,5296,756,2vez_G6P_A_202,4,gnina,0.53826094,0.28895153,1.8628061,0,0.00073660641,2.2550962
4390,95,10759,1537,4zvz_4TF_A_503,0,surfdock,0.52443117,0.28152737,1.8628061,0,0,3.25305
4391,95,10766,1538,4zvz_4TF_B_503,0,surfdock,0.52443117,0.28152737,1.8628061,0,0.87903441,3.2847384
4392,95,10773,1539,4zvz_4TF_C_503,0,surfdock,0.52443117,0.28152737,1.8628061,0,0.97449052,3.232034
4393,95,15785,2255,6jyg_FLC_C_401,0,surfdock,0.52443117,0.28152737,1.8628061,0,0.99005395,2.9761095
4394,95,16646,2378,6qa7_PLP_A_902,0,surfdock,0.52443117,0.28152737,1.8628061,0,0.99308094,3.2638336
4395,95,95,13,1aj8_CIT_A_1000,4,gnina,0.56201502,0.2804896,2.0036919,0,0,2.4958698
4396,95,102,14,1aj8_CIT_B_2000,4,gnina,0.5672218,0.28046777,2.0224125,0,0.96574497,3.5601769
4397,95,16923,2417,6rhc_K48_A_305,4,gnina,0.52099667,0.27968365,1.8628061,0,0.9896873,2.0734903
4398,95,9146,1306,4lvb_20N_B_601,4,gnina,0.52073133,0.27954121,1.8628061,0,3.032122e-07,3.461842
4399,95,5884,840,2zgw_ADN_A_1301,4,gnina,0.52027729,0.27929747,1.8628061,0,0.99241541,3.3184266
4400,95,15782,2254,6jyg_FLC_A_401,4,gnina,0.52007106,0.27918676,1.8628061,0,0.51718771,13.054833
4401,95,11792,1684,5fiu_Y3J_C_1299,4,gnina,0.5199672,0.279131,1.8628061,0,0.98340815,4.5566605
4402,95,4113,587,2fyd_BGC_B_403,4,gnina,0.51891722,0.27856735,1.8628061,0,0.95983845,2.3820573
4403,95,5464,780,2wdq_TEO_A_1589,4,gnina,0.51837413,0.2782758,1.8628061,0,0.0023192583,10.860682
4404,95,8257,1179,4gim_PSU_B_400,4,gnina,0.5180081,0.27807931,1.8628061,0,0.10406538,3.9761234
4405,95,13913,1987,5vyr_B62_B_301,4,gnina,0.51784718,0.27799293,1.8628061,0,0.99237914,1.9271652
4406,95,15397,2199,6g3f_FUM_A_601,4,gnina,0.51741044,0.27775847,1.8628061,0,0.017714108,3.3501582
4407,95,14333,2047,5yaq_ISE_B_402,4,gnina,0.51679594,0.2774286,1.8628061,0,0.32380565,3.7338657
4408,95,13143,1877,5njb_BB2_C_502,4,gnina,0.51633106,0.27717904,1.8628061,0,0.96179374,9.3295151
4409,95,13136,1876,5njb_BB2_A_502,4,gnina,0.51475475,0.27633284,1.8628061,0,0.95091423,9.9573424
4410,95,8264,1180,4gim_PSU_C_400,4,gnina,0.51227226,0.27500018,1.8628061,0,0.00043871067,3.9031911
4411,95,340,48,1duc_DUD_A_201,4,gnina,0.50988112,0.27371655,1.8628061,0,0.042842225,4.1980608
4412,95,7788,1112,4d0z_BBK_B_1580,4,gnina,0.54656096,0.27360228,1.9976467,0,1.3578964e-07,12.425158
4413,95,17350,2478,6uvj_QJ1_A_205,4,gnina,0.50581627,0.27153444,1.8628061,0,0.98269995,2.0213178
4414,95,9153,1307,4lxi_22J_A_301,4,gnina,0.50464641,0.27087736,1.863006,0,0.75705965,3.7300689
4415,95,571,81,1g6n_CMP_B_622,4,gnina,0.58912081,0.27081152,2.1753895,0,0.99234586,4.3178425
4416,95,7795,1113,4d0z_BBK_E_1584,4,gnina,0.54356155,0.27051007,2.0093939,0,0.00011604205,95.4585
4417,95,15796,2256,6jyg_FLC_D_401,4,gnina,0.50130162,0.26911087,1.8628061,0,0.35726869,5.7094393
4418,95,10196,1456,4wqq_MAN_B_204,4,gnina,0.57155309,0.26868909,2.1271904,0,0.045734904,1.7754386
4419,95,12233,1747,5hgz_MLA_A_302,4,gnina,0.49993654,0.26837806,1.8628061,0,0.9124851,1.9008373
4420,95,10469,1495,4yu7_DHC_A_204,4,gnina,0.55930338,0.26701659,2.0946381,0,1.507307e-08,2.029005
4421,95,13318,1902,5ooa_URI_A_201,4,gnina,0.51972194,0.26688936,1.9473301,0,0.98657926,3.3745196
4422,95,10203,1457,4wqq_MAN_C_204,4,gnina,0.56246257,0.26671184,2.1088765,0,0.024335351,1.889148
4423,95,9769,1395,4qya_LU2_A_201,4,gnina,0.51956641,0.26671001,1.9480565,0,2.03726e-11,2.5448944
4424,96,12863,1837,5kxb_NGA_C_305,4,gnina,0.56842554,0.30447148,1.8669244,0,0.30038483,2.7599961
4425,96,5751,821,2yp6_C6W_B_1186,4,gnina,0.56211594,0.30109181,1.8669244,0,0,4.1726475
4426,96,12856,1836,5kxb_NGA_B_305,4,gnina,0.55645807,0.29806123,1.8669244,0,0.32887604,4.3512865
4427,96,11652,1664,5ewc_5SJ_A_801,4,gnina,0.55159943,0.29545875,1.8669244,0,0.99176909,3.2845777
4428,96,963,137,1h8p_PC_A_1111,4,gnina,0.55147805,0.29539373,1.8669244,0,4.3345933e-06,1.7896995
4429,96,5527,789,2wzv_FMN_B_801,4,gnina,0.5507532,0.29500547,1.8669244,0,0.94119692,6.6802823
4430,96,16741,2391,6qor_JBK_B_301,4,gnina,0.66262641,0.29425153,2.2519038,0,0.010140233,1.7147998
4431,96,4722,674,2oxp_THP_A_300,4,gnina,0.54873159,0.29392262,1.8669244,0,0.0049480547,5.0355666
4432,96,16734,2390,6qor_JBK_A_301,4,gnina,0.65014846,0.28871046,2.2519038,0,0.0087774616,1.8637234
4433,96,2825,403,1vkf_CIT_D_503,4,gnina,0.59704721,0.28849184,2.0695453,0,7.6385723e-06,2.6443028
4434,96,8950,1278,4kp7_1UQ_B_502,4,gnina,0.64312357,0.28843254,2.2297182,0,0.95483281,3.4873563
4435,96,410,58,1ei6_PPF_D_412,4,gnina,0.61149615,0.28658487,2.133734,0,0.97372118,5.1349608
4436,96,10161,1451,4wca_CIT_A_401,4,gnina,0.52701149,0.28228846,1.8669244,0,0.073860612,2.2048417
4437,96,17196,2456,6tgi_N8Z_B_508,4,gnina,0.52684092,0.2821971,1.8669244,0,0.019028467,2.72215
4438,96,403,57,1ei6_PPF_A_410,4,gnina,0.58261524,0.28216321,2.0648155,0,0.43038769,3.6856348
4439,96,17189,2455,6tgi_N8Z_A_508,4,gnina,0.52628183,0.28189763,1.8669244,0,0.018848965,2.2820367
4440,96,11183,1597,5cjn_52F_A_809,4,gnina,0.52566466,0.28156705,1.8669244,0,0.27620025,3.6793639
4441,96,11736,1676,5fay_CHT_B_906,4,gnina,0.52555097,0.28150615,1.8669244,0,0.9954769,4.6867917
4442,96,11729,1675,5fay_CHT_A_908,4,gnina,0.52375421,0.28054373,1.8669244,0,0.99036631,4.6534289
4443,96,8789,1255,4j4b_0TF_A_904,4,gnina,0.52305662,0.28017008,1.8669244,0,0.8492999,5.1780007
4444,96,8796,1256,4j4b_0TF_B_301,4,gnina,0.52295321,0.28011468,1.8669244,0,0.94029711,4.7200186
4445,96,5758,822,2z1z_MLT_A_433,4,gnina,0.52200063,0.27960445,1.8669244,0,0.16624079,3.0680566
4446,96,6010,858,2zyv_NPO_X_1601,4,gnina,0.54731809,0.2787769,1.9632826,0,7.123906e-06,1.5364488
4447,96,3840,548,2e40_LGC_A_1001,4,gnina,0.51964489,0.27834262,1.8669244,0,0.037004959,3.059255
4448,96,4827,689,2pwf_BGC_D_9999,4,gnina,0.51927386,0.27814388,1.8669244,0,3.6474947e-05,5.7270698
4449,96,15586,2226,6hpx_GKQ_A_205,4,gnina,0.5191411,0.27807277,1.8669244,0,5.2846481e-12,4.8539609
4450,96,2762,394,1uxi_FUM_A_1311,4,gnina,0.55447109,0.27461449,2.019088,0,0.86098064,1.8001216
4451,96,13906,1986,5vyr_B62_A_301,4,gnina,0.5253965,0.27359297,1.9203572,0,0.99493885,1.8811724
4452,97,4785,683,2prl_R2C_A_400,4,gnina,0.66716508,0.3215747,2.0746806,0,7.9024643e-09,4.6266075
4453,97,5324,760,2vjb_CCD_B_1540,4,gnina,0.58824092,0.31624946,1.8600526,0,0.030340774,2.6799656
4454,97,13703,1957,5uio_8DM_E_202,4,gnina,0.66044099,0.31408301,2.1027584,0,0.97693308,4.3878384
4455,97,5310,758,2vjb_CCD_A_1540,4,gnina,0.57854925,0.31103903,1.8600526,0,0.00042257663,2.6888473
4456,97,2461,351,1sz6_NAG_B_5002,4,gnina,0.57707965,0.31024895,1.8600526,0,2.1621625e-05,2.0338941
4457,97,14232,2033,5xoi_SIN_A_401,1,unimol,0.94428855,0.30879732,3.0579548,0,0.92729051,24.92
4458,97,16580,2368,6ps7_ZMA_A_1201,4,gnina,0.57391768,0.30854901,1.8600526,0,2.6371419e-05,4.4335977
4459,97,3770,538,2cxp_A5P_A_1601,4,gnina,0.6581411,0.30627424,2.1488612,0,0.56572498,3.4200594
4460,97,3154,450,1z6k_OAA_A_274,4,gnina,0.56764563,0.30517704,1.8600526,0,0.00016303905,1.8028205
4461,97,3777,539,2cxp_A5P_B_2601,4,gnina,0.64859718,0.30483098,2.1277263,0,0,3.5207276
4462,97,17609,2515,6zac_QDE_A_4000,4,gnina,0.56649271,0.30455721,1.8600526,0,0.96881303,7.7968864
4463,97,1089,155,1iri_E4P_C_603,4,gnina,0.6541181,0.3021023,2.1652195,0,0.323562,6.4945659
4464,97,1082,154,1iri_E4P_B_602,4,gnina,0.6531918,0.30167449,2.1652195,0,0.00065815938,6.3802822
4465,97,592,84,1g79_PLP_A_260,4,gnina,0.54389767,0.29240968,1.8600526,0,0.0047690718,2.8855782
4466,97,1460,208,1kuj_MMA_C_502,4,gnina,0.64759186,0.28833568,2.2459641,0,0.98028587,2.1663832
4467,97,4232,604,2gx5_PCG_C_514,4,gnina,0.53621832,0.28828112,1.8600526,0,0.00051424062,3.803665
4468,97,5695,813,2y2f_YI1_A_1469,4,gnina,0.53392457,0.28704796,1.8600526,0,0.56709888,3.6295391
4469,97,1453,207,1kuj_MMA_A_501,4,gnina,0.64592429,0.28692617,2.2511854,0,0.99593486,1.8538269
4470,97,16503,2357,6pk1_3PY_A_502,4,gnina,0.52764348,0.28367112,1.8600526,0,0.082156728,1.8718764
4471,97,3420,488,2a9z_26A_A_1001,4,gnina,0.5273067,0.28349007,1.8600526,0,0.998523,4.2576045
4472,97,17280,2468,6tt4_FT8_A_709,4,gnina,0.52711321,0.28338604,1.8600526,0,0.98896537,9.7520074
4473,97,14228,2032,5xmq_PLG_C_501,4,gnina,0.52694763,0.28329702,1.8600526,0,0.89712726,4.7933541
4474,97,5569,795,2xh0_PEP_B_1440,4,gnina,0.52686136,0.28325064,1.8600526,0,0.99727669,4.0450759
4475,97,10385,1483,4xz9_G3P_B_302,4,gnina,0.52672907,0.28317952,1.8600526,0,0.39112219,2.6647035
4476,97,445,63,1f5f_DHT_A_253,4,gnina,0.52659087,0.28310522,1.8600526,0,0.99767391,2.0392128
4477,97,16153,2307,6mry_FLC_K_101,4,gnina,0.52644931,0.28302912,1.8600526,0,0.0094543097,2.2399625
4478,97,9580,1368,4p5y_NGA_A_201,4,gnina,0.52595162,0.28276155,1.8600526,0,0.37464,1.9933696
4479,97,12156,1736,5h5k_C5P_B_203,4,gnina,0.5258818,0.28272401,1.8600526,0,0.50518412,3.4946386
4480,97,2944,420,1x09_IPE_A_901,4,gnina,0.52583731,0.28270009,1.8600526,0,0.73411853,1.5898693
4481,97,1544,220,1ldo_SNR_B_350,4,gnina,0.52543648,0.2824846,1.8600526,0,0,2.8152114
4482,97,13115,1873,5nh9_XLS_C_504,4,gnina,0.52447783,0.28196921,1.8600526,0,0.17804614,4.1657171
4483,97,11911,1701,5fwd_GJV_A_1446,4,gnina,0.52404151,0.28173464,1.8600526,0,0.9703424,6.8824086
4484,97,9041,1291,4l7p_M95_A_601,4,gnina,0.523649,0.28152362,1.8600526,0,0.00045034415,4.7657374
4485,97,17560,2508,6xzx_O5H_B_302,4,gnina,0.52320095,0.28128274,1.8600526,0,0.6876984,5.2998979
4486,97,3427,489,2a9z_26A_A_1002,4,gnina,0.52319828,0.2812813,1.8600526,0,0.97359999,4.0752722
4487,97,10420,1488,4y14_C0A_B_404,4,gnina,0.52308349,0.28121959,1.8600526,0,0.95733781,5.562419
4488,97,10413,1487,4y14_C0A_A_407,4,gnina,0.52227695,0.28078598,1.8600526,0,0.9954446,5.5430532
4489,97,15404,2200,6g5q_EMZ_B_402,4,gnina,0.52197773,0.28062511,1.8600526,0,0.99190876,2.4961353
4490,97,5303,757,2vjb_CCD_A_1539,4,gnina,0.53786353,0.28056865,1.9170469,0,0.066573815,3.5134884
4491,97,11981,1711,5g21_YN4_A_1002,4,gnina,0.52034913,0.27974954,1.8600526,0,0.89426831,9.2635589
4492,97,13122,1874,5nh9_XLS_D_504,4,gnina,0.52380929,0.27971295,1.8726664,0,0.27597213,4.439246
4493,97,11400,1628,5dt0_SKE_A_401,4,gnina,0.52250077,0.27848425,1.87623,0,0,4.7680711
4494,97,6318,902,3tky_N7I_C_369,4,gnina,0.52520364,0.278426,1.8863302,0,4.1924649e-05,3.7686775
4495,97,5212,744,2uuj_896_B_1250,4,gnina,0.5859126,0.27805536,2.1071787,0,0.99403521,5.5167349
4496,97,3266,466,1zjp_DR4_A_1,4,gnina,0.65045927,0.27783393,2.3411791,0,3.9146134e-07,7.412579
4497,97,13689,1955,5uio_8DM_C_202,4,gnina,0.57497451,0.27716646,2.0744727,0,0.67561793,4.40571
4498,97,14812,2116,6br1_E3Y_B_505,0,surfdock,0.52585602,0.27535933,1.9097074,0,0,3.8733641
4499,97,16510,2358,6pk1_PLP_B_501,4,gnina,0.52647386,0.27461976,1.9171002,0,0.93881311,3.0387633
4500,97,13269,1895,5oew_9TE_B_901,4,gnina,0.52611573,0.27246706,1.9309324,0,0.54794392,6.1370192
4501,97,14025,2003,5wgr_PM7_A_712,4,gnina,0.58488606,0.26888976,2.1751881,0,2.3301768e-05,2.6303035
4502,98,11330,1618,5dky_NOJ_A_1000,4,gnina,0.59680898,0.32113986,1.8584074,0,0.99409784,2.2622694
4503,98,543,77,1fwn_PEP_A_1268,4,gnina,0.58752948,0.3161466,1.8584074,0,0.91753597,1.957233
4504,98,3049,435,1xuz_PEP_A_2001,4,gnina,0.5853431,0.31497013,1.8584074,0,0.93958689,2.1017271
4505,98,8803,1257,4j5h_1K4_A_303,4,gnina,0.57373947,0.30805297,1.8624692,0,0.90802991,5.1473083
4506,98,3812,544,2d3n_GLC_A_608,4,gnina,0.57067649,0.30707809,1.8584074,0,0.00070214434,3.2671937
4507,98,907,129,1h5r_THM_A_1292,4,gnina,0.55106771,0.29652671,1.8584074,0,1.6440774e-05,3.500051
4508,98,662,94,1giu_ADE_A_300,4,gnina,0.55005412,0.29598131,1.8584074,0,0.1552893,1.6064843
4509,98,921,131,1h5r_THM_B_1293,4,gnina,0.54976525,0.29582587,1.8584074,0,0.50497134,3.9880436
4510,98,15075,2153,6e8i_PTR_A_201,4,gnina,0.54918193,0.29551198,1.8584074,0,0.21785012,2.8066689
4511,98,14963,2137,6cwr_6LA_A_201,4,gnina,0.5484991,0.29514455,1.8584074,0,0.9902869,3.5087296
4512,98,914,130,1h5r_THM_B_1292,4,gnina,0.54691794,0.29429374,1.8584074,0,3.9230732e-05,4.4224118
4513,98,1411,201,1ki2_GA2_A_1,4,gnina,0.54624342,0.29393079,1.8584074,0,0,3.597544
4514,98,2692,384,1u2o_NEC_A_1001,4,gnina,0.6732851,0.2885408,2.3334129,0,0.87010244,3.7885364
4515,98,15845,2263,6k92_GT0_B_602,4,gnina,0.53201202,0.28627294,1.8584074,0,0.92029185,2.2612779
4516,98,15838,2262,6k92_GT0_A_802,4,gnina,0.53187012,0.28619658,1.8584074,0,0.97320732,2.5461496
4517,98,1418,202,1ki2_GA2_B_2,4,gnina,0.53103868,0.28574919,1.8584074,0,0.00046980284,3.937106
4518,98,11624,1660,5eso_ISC_A_602,4,gnina,0.53076319,0.28560095,1.8584074,0,0.99596121,12.607952
4519,98,10364,1480,4xti_IMP_B_601,4,gnina,0.52678027,0.28345776,1.8584074,0,0.926246,4.20236
4520,98,1897,271,1o28_UFP_B_708,0,surfdock,0.52638646,0.28324585,1.8584074,0,0,3.5742421
4521,98,1904,272,1o28_UFP_C_713,0,surfdock,0.52638646,0.28324585,1.8584074,0,0,3.6866722
4522,98,1918,274,1o29_UFP_A_803,0,surfdock,0.52638646,0.28324585,1.8584074,0,0.00012005399,3.5447023
4523,98,1925,275,1o29_UFP_C_813,0,surfdock,0.52638646,0.28324585,1.8584074,0,0.0001942159,3.6100121
4524,98,10357,1479,4xti_IMP_A_601,4,gnina,0.52563239,0.2828401,1.8584074,0,0.93205912,4.5787503
4525,98,3910,558,2ef9_A5P_B_2269,4,gnina,0.52544739,0.28274055,1.8584074,0,0.053077539,2.6628612
4526,98,7697,1099,4cno_9PY_D_301,4,gnina,0.66894808,0.28195785,2.37251,0,0.92287123,3.3875619
4527,98,11204,1600,5cpn_531_A_401,4,gnina,0.52328098,0.28157481,1.8584074,0,0.0011261313,3.1678272
4528,98,15971,2281,6l86_LMR_D_302,4,gnina,0.52289938,0.28136947,1.8584074,0,0.15227293,4.1230234
4529,98,3385,483,2a15_NCA_A_1001,4,gnina,0.52160308,0.28067194,1.8584074,0,0.99032072,1.6121397
4530,98,6612,944,3vqe_FMQ_A_1006,4,gnina,0.52045764,0.28005559,1.8584074,0,0.94627712,2.0925718
4531,98,3245,463,1zha_PEP_A_1268,4,gnina,0.53250339,0.27899307,1.9086608,0,0.020921135,1.8984997
4532,98,6339,905,3tye_XTZ_A_801,4,gnina,0.51700626,0.27819842,1.8584074,0,0.79584104,6.1402578
4533,98,9412,1344,4ndn_PPK_A_406,4,gnina,0.51266086,0.27586018,1.8584074,0,0.0068493319,6.0899548
4534,98,14396,2056,5ybl_AKG_A_302,4,gnina,0.55905769,0.27359828,2.0433514,0,0,3.5452749
4535,98,1488,212,1kwu_MMA_C_701,4,gnina,0.56817785,0.27042685,2.1010399,0,0.88839844,1.9116484
4536,98,10497,1499,4z1d_PEP_A_300,4,gnina,0.49674267,0.26729468,1.8584074,0,0.00091743283,3.5664517
4537,98,5457,779,2wdq_CBE_K_1130,4,gnina,0.67770189,0.26673,2.5407777,0,3.4621361e-06,10.613055
4538,98,5443,777,2wdq_CBE_C_1130,4,gnina,0.67525087,0.26619819,2.5366461,0,3.5757344e-06,11.452718
4539,98,15152,2164,6f6a_CU5_B_301,4,gnina,0.51225408,0.2658615,1.9267695,0,0.99606021,3.8516056
4540,98,5450,778,2wdq_CBE_G_1130,4,gnina,0.67435888,0.26541426,2.5407777,0,7.6884478e-08,10.506499
4541,98,8341,1191,4hey_4MZ_A_303,4,gnina,0.49297583,0.26526777,1.8584074,0,0,1.3941344
4542,98,865,123,1h48_CDI_E_902,4,gnina,0.66486151,0.26514727,2.5075169,0,0.9893664,2.5770713
4543,98,844,120,1h48_CDI_B_902,4,gnina,0.65523698,0.26216352,2.4993436,0,0.96092771,2.5242741
4544,98,9622,1374,4pb4_PLP_A_401,4,gnina,0.57565591,0.26119825,2.2039032,0,0,6.05607
4545,98,1152,164,1ixo_G3P_B_1002,4,gnina,0.49925626,0.26041079,1.9171864,0,0.82159133,2.9302148
4546,98,10049,1435,4umd_CIT_A_1174,4,gnina,0.48281948,0.25980269,1.8584074,0,0.013306951,2.353263
4547,98,3917,559,2ef9_PEP_A_1268,4,gnina,0.53177554,0.25767886,2.0637133,0,0.80141553,2.1271706
4548,98,11141,1591,5cga_KP6_B_301,4,gnina,0.67479935,0.25741605,2.6214337,0,0.60939695,3.8224896
4549,98,11148,1592,5cga_KP6_C_301,4,gnina,0.67397072,0.25709995,2.6214337,0,0.98809012,4.0045565
4550,98,5597,799,2xoz_AMP_B_1664,4,gnina,0.47754317,0.25696353,1.8584074,0,0.22022367,1.735451
4551,98,2048,292,1p2s_ETF_A_400,4,gnina,0.47399871,0.25505628,1.8584074,0,0.0078780893,1.2525373
4552,99,4169,595,2g21_L1B_A_885,4,gnina,0.68760723,0.37071827,1.8547963,0,0.99020939,5.441279
4553,99,12058,1722,5goo_FRU_A_501,4,gnina,0.67669518,0.35679809,1.8965764,0,4.2896074e-06,3.5775643
4554,99,179,25,1bqp_MAN_C_402,4,gnina,0.61260949,0.3302838,1.8547963,0,0.97895466,1.8007861
4555,99,1278,182,1jl0_PUT_A_401,4,gnina,0.5738666,0.30939586,1.8547963,0,0.92656634,3.3126203
4556,99,13339,1905,5r28_RDJ_A_401,4,gnina,0.6756088,0.30746666,2.1973391,0,5.437714e-05,2.3809201
4557,99,12072,1724,5goo_FRU_C_501,4,gnina,0.55265113,0.2979577,1.8547963,0,4.083696e-07,6.2185475
4558,99,14921,2131,6cgn_DA_A_801,4,gnina,0.61598532,0.29598138,2.0811615,0,0.17996551,4.0108665
4559,99,2657,379,1u18_HSM_A_401,4,gnina,0.54045108,0.29138014,1.8547963,0,0.078205628,1.726047
4560,99,14746,2106,6b6r_BEN_A_302,4,gnina,0.53582753,0.28888739,1.8547963,0,0.9948327,1.4386174
4561,99,13374,1910,5t3h_BEN_A_302,4,gnina,0.53579327,0.28886892,1.8547963,0,0.99474533,1.7120192
4562,99,17049,2435,6sux_BEN_A_302,4,gnina,0.53569467,0.28881576,1.8547963,0,0.99563407,1.7478407
4563,99,17056,2436,6svu_BEN_A_302,4,gnina,0.53532719,0.28861763,1.8547963,0,0.99395164,2.6073303
4564,99,13934,1990,5vys_1YJ_A_301,4,gnina,0.53474487,0.28830368,1.8547963,0,0.99217786,2.3994829
4565,99,16650,2378,6qa7_PLP_A_902,4,gnina,0.53473049,0.28829593,1.8547963,0,0.025386994,2.746093
4566,99,13549,1935,5tlg_7EG_B_601,4,gnina,0.5345553,0.28820148,1.8547963,0,0.99243756,5.9967395
4567,99,10448,1492,4ysx_MLI_A_701,4,gnina,0.53434532,0.28808827,1.8547963,0,0.96187262,7.0832824
4568,99,13941,1991,5vys_1YJ_B_301,4,gnina,0.53389887,0.28784757,1.8547963,0,0.94978735,1.6534684
4569,99,14277,2039,5xvv_AKG_C_504,4,gnina,0.53273134,0.2872181,1.8547963,0,0.33409901,8.7071183
4570,99,4309,615,2ht8_G39_A_800,4,gnina,0.5290308,0.28522298,1.8547963,0,0.9840305,3.597251
4571,99,14616,2088,6a2m_9QR_A_701,0,surfdock,0.52593643,0.28355468,1.8547963,0,0,4.1707799
4572,99,14623,2089,6a2m_9QR_B_701,0,surfdock,0.52593643,0.28355468,1.8547963,0,0.9312779,4.0887308
4573,99,15155,2165,6f76_CVK_A_203,0,surfdock,0.52593643,0.28355468,1.8547963,0,0,4.0684282
4574,99,15162,2166,6f76_CVK_B_203,0,surfdock,0.52593643,0.28355468,1.8547963,0,0.48931418,4.0262364
4575,99,15169,2167,6f76_CVK_C_203,0,surfdock,0.52593643,0.28355468,1.8547963,0,0.98460263,4.0931243
4576,99,7389,1055,4bvh_OCZ_B_1392,4,gnina,0.55194072,0.28342233,1.9474134,0,0.99709252,3.102076
4577,99,4743,677,2pin_LEG_A_501,4,gnina,0.52433338,0.2826904,1.8547963,0,6.7850976e-08,2.6964167
4578,99,1747,249,1msv_PUT_B_355,4,gnina,0.52324092,0.28210141,1.8547963,0,0.92001553,2.3397728
4579,99,5632,804,2xul_AKG_C_201,4,gnina,0.52195873,0.28141013,1.8547963,0,1.1395584e-06,2.1967779
4580,99,697,99,1gxu_2HP_A_1092,4,gnina,0.5195811,0.28012825,1.8547963,0,0.97989811,1.2277663
4581,99,17567,2509,6y4f_GLU_A_202,4,gnina,0.54771391,0.27984241,1.9572217,0,0.21139587,1.8374078
4582,99,9181,1311,4m2c_DAR_C_402,4,gnina,0.5318845,0.27920583,1.9049897,0,0,4.9850784
4583,99,4869,695,2qab_EI1_A_1,4,gnina,0.53543961,0.27781114,1.9273502,0,0.97449855,5.4215955
4584,99,9233,1319,4mig_G3F_D_802,0,surfdock,0.52593643,0.27771648,1.8937881,0,0.96683168,2.7636333
4585,99,8383,1197,4hez_1MZ_A_307,4,gnina,0.51481832,0.27756043,1.8547963,0,0.0004586778,1.2190649
4586,99,10154,1450,4wbd_CIT_A_602,4,gnina,0.51465968,0.2774749,1.8547963,0,0.7018558,2.9639902
4587,99,4470,638,2jfv_FLC_A_1271,4,gnina,0.53652202,0.27656871,1.9399221,0,0.13497512,2.877453
4588,99,7396,1056,4bvh_OCZ_C_1394,4,gnina,0.55157033,0.2756708,2.0008287,0,0.9984219,3.1844499
4589,99,1502,214,1kya_XYD_D_814,4,gnina,0.61169843,0.27441105,2.229131,0,0.99324334,6.7108782
4590,99,14599,2085,6a1f_9OF_A_807,4,gnina,0.53175681,0.27336044,1.9452579,0,0.99859068,2.507577
4591,99,4708,672,2ot7_OGA_A_500,4,gnina,0.63796343,0.26894348,2.3721087,0,0.00053726649,2.8955784
4592,99,6073,867,3qss_MTG_A_405,4,gnina,0.49750122,0.26822405,1.8547963,0,0.90616657,2.5199156
4593,99,16422,2346,6ofr_BOG_A_805,0,surfdock,0.52593643,0.26777251,1.9641156,0,1.6278771e-08,2.9521139
4594,99,16811,2401,6r5o_BGC_B_801,4,gnina,0.53466878,0.26772729,1.997064,0,0.029728356,3.4088823
4595,99,9209,1315,4ma8_Z80_C_301,4,gnina,0.49599421,0.26741155,1.8547963,0,8.2069673e-07,3.1229275
4596,99,6290,898,3te7_TE7_A_1,4,gnina,0.53164732,0.26552501,2.0022485,0,0.047596639,3.5659732
4597,99,5394,770,2vzu_PNJ_B_1904,4,gnina,0.64793212,0.26534964,2.4418042,0,0.80974869,6.7813958
4598,99,10378,1482,4xv4_25T_A_303,4,gnina,0.48733192,0.26274134,1.8547963,0,0.99796524,1.5001363
4599,99,2594,370,1toq_AMG_A_501,4,gnina,0.66671233,0.26193588,2.5453255,0,0.99717729,1.9364906
4600,99,8369,1195,4hez_1MZ_A_304,4,gnina,0.51996877,0.26122521,1.990499,0,8.9247272e-05,1.3589196
4601,99,5156,736,2rbx_3AY_X_2001,4,gnina,0.49504938,0.26076502,1.8984492,0,0.67999946,1.4957822
4602,100,12793,1827,5kcp_PFB_A_378,4,gnina,0.6408837,0.32703669,1.9596682,0,0.96436567,2.8168902
4603,100,15775,2253,6jx9_CQC_A_501,4,gnina,0.64762681,0.32701675,1.9804077,0,0.030228069,4.1697231
4604,100,12807,1829,5kcp_PFB_B_378,4,gnina,0.63695123,0.32502999,1.9596682,0,0.95752684,2.5511463
4605,100,17490,2498,6x9d_HYP_A_2002,4,gnina,0.55638777,0.3028502,1.8371706,0,0.9988529,12.727041
4606,100,16601,2371,6q4k_HHW_A_301,4,gnina,0.6858752,0.3016581,2.2736831,0,0.00049452879,4.5078589
4607,100,10476,1496,4yu7_DHC_B_203,4,gnina,0.56470957,0.30118102,1.874983,0,1.9919171e-07,2.1265174
4608,100,12800,1828,5kcp_PFB_A_379,4,gnina,0.55981642,0.30041841,1.8634548,0,0.010325126,3.969758
4609,100,2139,305,1pl6_572_C_409,4,gnina,0.63989322,0.2975221,2.1507409,0,0.27721091,4.650796
4610,100,6423,917,3uud_EST_A_600,4,gnina,0.54034556,0.29411818,1.8371706,0,0.96961901,2.6971917
4611,100,3462,494,2ahc_VNL_D_466,4,gnina,0.54204758,0.29369818,1.845593,0,0.00036857131,2.2424723
4612,100,17602,2514,6yta_IYZ_A_702,4,gnina,0.53915448,0.29346986,1.8371706,0,0.90923012,4.2537224
4613,100,6430,918,3uud_EST_B_600,4,gnina,0.53899145,0.29338112,1.8371706,0,0.99579504,2.4656049
4614,100,12814,1830,5kcp_PFB_B_379,4,gnina,0.55169166,0.29336099,1.8805888,0,0.14157073,2.3108665
4615,100,7683,1097,4cno_9PY_B_301,4,gnina,0.63330431,0.2931474,2.1603603,0,0.99307578,2.5264147
4616,100,7690,1098,4cno_9PY_C_301,4,gnina,0.62186258,0.29275053,2.1242056,0,0.42788562,2.5902082
4617,100,2132,304,1pl6_572_B_407,4,gnina,0.63710426,0.29230355,2.1795971,0,9.4804642e-06,5.6896393
4618,100,2125,303,1pl6_572_A_405,4,gnina,0.64493896,0.29189333,2.2095013,0,5.8115657e-07,4.8115726
4619,100,14011,2001,5wgk_AGJ_A_816,4,gnina,0.53509219,0.29125869,1.8371706,0,0.64658277,4.8084231
4620,100,7599,1085,4clo_XP0_D_1270,4,gnina,0.53506178,0.29124214,1.8371706,0,0.98833029,4.0646312
4621,100,977,139,1hdi_3PG_A_419,4,gnina,0.54165027,0.29066577,1.8634804,0,0.038082066,2.0601689
4622,100,3469,495,2ai1_P1G_A_293,4,gnina,0.52088913,0.28352776,1.8371706,0,0.98789627,6.1949719
4623,100,13724,1960,5uio_LG3_C_201,4,gnina,0.54146766,0.28049639,1.9303899,0,0.99395769,2.5473355
4624,100,13710,1958,5uio_LG3_A_201,4,gnina,0.54132634,0.28042318,1.9303899,0,0.99218586,2.5962294
4625,100,13948,1992,5vys_GMP_B_303,4,gnina,0.53836523,0.27792078,1.9371166,0,0.0031482846,3.3987547
4626,100,7515,1073,4cjw_CBJ_A_1215,4,gnina,0.66377121,0.27632534,2.4021356,0,0.0067639809,3.6623035
4627,100,4176,596,2g5v_22M_A_301,4,gnina,0.65602465,0.27521985,2.3836377,0,0.91245337,2.462844
4628,100,6762,966,3wgc_PLG_D_401,0,surfdock,0.52630878,0.27372267,1.9227802,0,0.97951194,3.7549692
4629,100,7529,1075,4cjw_CBJ_B_1217,4,gnina,0.65376874,0.27216135,2.4021356,0,0.0078914951,3.5254699
4630,101,5989,855,2zuw_NDG_D_4004,4,gnina,0.68105973,0.30949864,2.2005248,0,3.9478236e-05,10.020864
4631,101,13507,1929,5tdt_MBN_D_502,4,gnina,0.56786599,0.30869532,1.8395669,0,2.3893224e-06,9.4965086
4632,101,2503,357,1tc2_7HP_B_810,4,gnina,0.56009978,0.30447356,1.8395669,0,0.98543863,1.52159
4633,101,2496,356,1tc2_7HP_A_800,4,gnina,0.5599765,0.30440654,1.8395669,0,0.99171433,1.5643716
4634,101,16335,2333,6nni_CP6_A_203,4,gnina,0.54239777,0.29485064,1.8395669,0,0.99439024,2.3930277
4635,101,10980,1568,5av3_KMP_A_300,4,gnina,0.67157714,0.29447073,2.2806234,0,7.4367066e-07,2.7251144
4636,101,15481,2211,6hgl_TES_A_401,4,gnina,0.53888892,0.29294321,1.8395669,0,0.99569856,2.002373
4637,101,7802,1114,4d3s_BOG_F_1000,4,gnina,0.53657277,0.29168414,1.8395669,0,0.91158733,7.9378122
4638,101,16020,2288,6lj7_EFR_A_301,4,gnina,0.53476808,0.2907031,1.8395669,0,4.1916056e-05,2.4855355
4639,101,7809,1115,4d3s_BOG_H_1000,4,gnina,0.53294966,0.28971459,1.8395669,0,2.0973815e-07,8.8262574
4640,101,17000,2428,6s9g_L1Q_A_306,4,gnina,0.53222464,0.28357906,1.8768113,0,0.0021964177,2.2769825
4641,101,5772,824,2z20_PLP_B_801,4,gnina,0.68760974,0.27819503,2.4716814,0,0.93804712,2.8053024
4642,101,4456,636,2j5b_TYE_B_1338,4,gnina,0.50615824,0.27515062,1.8395669,0,0.53486462,2.5872255
4643,101,6241,891,3sli_SKD_A_760,4,gnina,0.65155849,0.27411342,2.3769658,0,0.97718353,3.6644985
4644,101,10028,1432,4ug7_1EV_A_904,4,gnina,0.53516223,0.27257141,1.9633826,0,7.4270546e-07,5.5785465
4645,101,4862,694,2q6m_P34_A_1002,4,gnina,0.53439867,0.27050433,1.9755633,0,0.85416859,2.613416
4646,101,655,93,1gim_HDA_A_438,4,gnina,0.49728472,0.27032692,1.8395669,0,0.72330822,1.6614125
4647,101,2930,418,1wmz_NGA_C_503,4,gnina,0.49728472,0.27032692,1.8395669,0,0.0044891239,2.1519098
4648,101,5485,783,2wj4_HQD_A_1281,4,gnina,0.49728472,0.27032692,1.8395669,0,0.98940949,3.2142797
4649,101,8243,1177,4ghf_4NC_C_402,4,gnina,0.49728472,0.27032692,1.8395669,0,0.002341934,5.5800991
4650,101,8838,1262,4jb0_FER_A_401,4,gnina,0.49728472,0.27032692,1.8395669,0,0,2.590765
4651,101,8866,1266,4jp3_CIT_A_301,4,gnina,0.49728472,0.27032692,1.8395669,0,0.060732711,2.1750515
4652,101,10035,1433,4ugf_Q16_A_904,4,gnina,0.49728472,0.27032692,1.8395669,0,6.7127896e-07,5.2756455
4653,101,10126,1446,4v36_LYN_A_1851,4,gnina,0.49728472,0.27032692,1.8395669,0,2.1146423e-09,2.6581059
4654,101,10224,1460,4ws6_WBU_A_301,4,gnina,0.49728472,0.27032692,1.8395669,0,5.1519438e-07,1.89395
4655,101,13353,1907,5sga_TYR_P_1,4,gnina,0.49728472,0.27032692,1.8395669,0,0,12.940933
4656,101,13486,1926,5tdt_MBN_A_502,4,gnina,0.49728472,0.27032692,1.8395669,0,0.11663416,19.554269
4657,101,16076,2296,6m5m_NAG_B_202,4,gnina,0.49728472,0.27032692,1.8395669,0,0.84963001,2.0535527
4658,101,17721,2531,7bzm_GIM_B_501,4,gnina,0.49728472,0.27032692,1.8395669,0,0.90780873,3.5154371
4659,101,9216,1316,4mgj_CPZ_A_502,4,gnina,0.49727934,0.27032399,1.8395669,0,2.4505765e-05,1.801561
4660,101,16069,2295,6m5m_NAG_A_202,4,gnina,0.49726925,0.27031851,1.8395669,0,6.1126849e-05,2.3632084
4661,101,5499,785,2wj4_HQD_D_1278,4,gnina,0.49698147,0.27016207,1.8395669,0,0.99412005,2.7759294
4662,101,1047,149,1ia1_TQ3_B_196,4,gnina,0.49728472,0.27010229,1.8410968,0,0.99739114,2.6194083
4663,101,16349,2335,6ny7_L8J_A_303,4,gnina,0.4965325,0.26991801,1.8395669,0,7.5711598e-05,3.5971101
4664,101,3784,540,2d0e_NQ_A_409,4,gnina,0.49603074,0.26964525,1.8395669,0,6.3525041e-05,1.786018
4665,101,7091,1013,4a8p_PAO_B_1340,0,surfdock,0.52649295,0.26802716,1.9643259,0,0.98914774,3.270282
4666,101,7112,1016,4a8p_PAO_E_1338,0,surfdock,0.52649295,0.26802716,1.9643259,0,0.96495038,3.2936178
4667,101,5765,823,2z20_PLP_A_701,4,gnina,0.65306859,0.26773985,2.4391899,0,0.91180688,3.1777387
4668,101,13493,1927,5tdt_MBN_A_503,4,gnina,0.49195859,0.2674316,1.8395669,0,0.19925902,9.2815363
4669,101,13500,1928,5tdt_MBN_D_501,4,gnina,0.49177086,0.26732955,1.8395669,0,0.99751706,9.5945682
4670,101,4512,644,2nos_AGU_A_903,4,gnina,0.48768822,0.26511021,1.8395669,0,0.00029350186,1.4645331
4671,101,8614,1230,4i6s_FUC_C_101,4,gnina,0.48740638,0.26495699,1.8395669,0,0.99215671,1.4215779
4672,101,1467,209,1kuj_MMA_G_504,4,gnina,0.66959701,0.26490515,2.5276849,0,0.99545417,2.296349
4673,101,116,16,1anc_BEN_A_290,4,gnina,0.49728472,0.26483625,1.8777055,0,0.99375656,1.7126518
4674,101,1586,226,1lro_PEP_B_2268,4,gnina,0.49706346,0.26448438,1.879367,0,0.22775219,1.8763821
4675,101,5555,793,2x6o_2TC_A_1209,4,gnina,0.49728472,0.26405668,1.8832489,0,4.399401e-07,5.3383199
4676,101,7105,1015,4a8p_PAO_D_1340,0,surfdock,0.52649295,0.26316397,2.0006261,0,0.88022415,3.155383
4677,101,1579,225,1lro_PEP_A_1268,4,gnina,0.49728472,0.26293239,1.8913016,0,0.46288175,1.9731032
4678,101,10959,1565,5agn_4JK_A_800,4,gnina,0.49728472,0.26229155,1.8959225,0,5.6689466e-06,4.3348988
4679,101,10966,1566,5agn_4JK_B_800,4,gnina,0.49728455,0.26229146,1.8959225,0,1.4849271e-06,3.2028326
4680,102,9356,1336,4n4j_HG1_A_607,4,gnina,0.65368503,0.35672739,1.8324488,0,3.2952515e-05,2.7376944
4681,102,333,47,1dpm_EBP_B_903,4,gnina,0.69837412,0.29808406,2.3428755,0,7.1840838e-10,2.7964525
4682,102,326,46,1dpm_EBP_A_901,4,gnina,0.69759459,0.29775134,2.3428755,0,5.190402e-06,2.6702813
4683,102,9160,1308,4lz3_BTM_A_409,4,gnina,0.54423102,0.29555369,1.8413938,0,0.90449749,2.5607769
4684,102,9118,1302,4lo1_GAL_A_301,4,gnina,0.54086483,0.29515943,1.8324488,0,0.97033081,2.0866701
4685,102,17784,2540,7kjg_BTM_A_406,4,gnina,0.54282538,0.29185118,1.859938,0,0,2.6408739
4686,102,11372,1624,5dnx_5LD_A_203,4,gnina,0.53271243,0.28810844,1.8489988,0,0.0023865991,2.8641253
4687,102,12002,1714,5g44_YTZ_A_1512,4,gnina,0.70466372,0.28702775,2.4550359,0,0.89602537,2.3980073
4688,102,12345,1763,5i7r_68W_A_402,4,gnina,0.50235745,0.27414528,1.8324488,0,0.99404188,4.1879873
4689,102,4120,588,2fyd_BGC_D_530,4,gnina,0.49914305,0.27239112,1.8324488,0,0.19660342,2.5734905
4690,102,5219,745,2uyv_TLA_A_1275,4,gnina,0.49914305,0.27239112,1.8324488,0,0.16753244,2.8091275
4691,102,5226,746,2uyv_TLA_A_1277,4,gnina,0.49914305,0.27239112,1.8324488,0,0.0035942168,4.4034045
4692,102,5233,747,2uyv_TLA_B_1275,4,gnina,0.49914305,0.27239112,1.8324488,0,0.027000597,2.7574515
4693,102,5247,749,2uyv_TLA_D_1275,4,gnina,0.49914305,0.27239112,1.8324488,0,0.0012277301,2.8793869
4694,102,9125,1303,4lo1_GAL_B_301,4,gnina,0.49914305,0.27239112,1.8324488,0,0.74117009,2.3403595
4695,102,9937,1419,4tsk_TLA_A_404,4,gnina,0.49914305,0.27239112,1.8324488,0,0.0015403094,1.8412924
4696,102,11386,1626,5dnx_5LD_B_205,4,gnina,0.49914305,0.27239112,1.8324488,0,0.3184792,3.6957106
4697,102,14298,2042,5y7r_58K_B_403,4,gnina,0.49914305,0.27239112,1.8324488,0,0,3.3731051
4698,102,16356,2336,6nyo_U94_A_301,4,gnina,0.49914305,0.27239112,1.8324488,0,0.92698156,6.8659777
4699,102,17028,2432,6sj8_44V_A_901,4,gnina,0.49914305,0.27239112,1.8324488,0,0.92708296,1.8904579
4700,102,9846,1406,4rje_PYR_C_402,4,gnina,0.49914305,0.27233172,1.8328485,0,0.32609573,5.1303687
4701,102,10217,1459,4ws1_URF_A_301,4,gnina,0.49678348,0.27110346,1.8324488,0,3.8771334e-07,1.4220731
4702,102,5877,839,2zce_PYL_A_601,4,gnina,0.52660912,0.27026128,1.9485176,0,0.7276469,3.754757
4703,102,1033,147,1i8a_BGC_A_189,4,gnina,0.49452288,0.26983988,1.8326521,0,0.014920795,1.5714013
4704,102,8565,1223,4i4v_NGA_B_201,4,gnina,0.68184834,0.26555607,2.5676239,0,0.86158138,2.1885873
4705,102,7452,1064,4c7g_NGO_A_1495,4,gnina,0.49914305,0.26461887,1.8862706,0,0.98097349,2.1578102
4706,102,13395,1913,5t6b_TMP_D_503,4,gnina,0.49914305,0.26444354,1.8875213,0,1.5910565e-06,5.4191233
4707,102,5870,838,2z7s_P01_A_1,4,gnina,0.64321179,0.26441928,2.432544,0,0.10142447,5.79237
4708,102,9839,1405,4rje_PYR_A_402,4,gnina,0.48921402,0.26390598,1.8537426,0,0,3.0438745
4709,102,9139,1305,4luu_BTM_A_704,4,gnina,0.49911048,0.26333366,1.895353,0,0,2.0630656
4710,102,5548,792,2x0u_X0U_B_1291,4,gnina,0.49913813,0.26030497,1.9175119,0,0.99488689,1.9296968
4711,102,4400,628,2ixi_TYD_B_1182,4,gnina,0.5426227,0.25984072,2.0882888,0,0.017339826,4.840262
4712,102,13388,1912,5t6b_TMP_B_504,4,gnina,0.49914305,0.25983681,1.9209857,0,0.92135352,9.0756045
4713,102,15544,2220,6hmw_FUL_G_202,4,gnina,0.52428593,0.25926352,2.0222116,0,0.99605811,2.1548268
4714,102,15607,2229,6hsg_GM5_B_504,4,gnina,0.54649197,0.25889078,2.1108968,0,0.38165738,6.6613511
4715,102,60,8,1aer_TIA_B_700,4,gnina,0.47337201,0.25832741,1.8324488,0,0.19126473,2.307893
4716,102,1565,223,1lqp_FCN_B_4001,4,gnina,0.47337201,0.25832741,1.8324488,0,0,1.7943603
4717,102,1572,224,1lqp_FCN_B_4003,4,gnina,0.47337201,0.25832741,1.8324488,0,0.001582878,1.9172396
4718,102,6080,868,3qss_MTG_B_405,4,gnina,0.49914305,0.25769111,1.9369811,0,0.90286485,1.9443086
4719,102,7704,1100,4crg_J4X_A_1493,4,gnina,0.49914305,0.25746129,1.9387101,0,0.77980335,5.3094857
4720,102,2293,327,1r4f_AD3_B_330,4,gnina,0.49914305,0.25648387,1.9460982,0,0.0008071043,4.5841823
4721,102,9405,1343,4n9v_AZA_A_403,4,gnina,0.49914305,0.25643829,1.9464442,0,2.6852909e-08,1.5642093
4722,102,10714,1530,4zu3_4SD_B_302,4,gnina,0.53601573,0.2561643,2.0924675,0,0.94175236,3.2081338
4723,102,9398,1342,4n9v_AZA_A_402,4,gnina,0.49914305,0.25552327,1.9534143,0,5.1500805e-07,1.5036008
4724,102,8348,1192,4hey_4MZ_A_307,4,gnina,0.49432972,0.25425778,1.9442059,0,1.6473936e-05,1.2114629
4725,102,9391,1341,4n9v_AZA_A_401,4,gnina,0.49796931,0.25298947,1.9683391,0,9.354593e-09,1.5762823
4726,102,4505,643,2jig_PD2_A_1254,4,gnina,0.49914305,0.2529847,1.9730158,0,0,2.2649153
4727,102,4288,612,2hi4_BHF_A_800,4,gnina,0.54686114,0.25280699,2.1631558,0,0.99702579,2.9009067
4728,102,6346,906,3tye_YTZ_B_902,4,gnina,0.46201929,0.25213203,1.8324488,0,4.7010081e-05,2.5435031
4729,102,6626,946,3vv5_SLZ_B_301,4,gnina,0.63763399,0.25012575,2.5492527,0,0.91289648,2.4918529
4730,103,7263,1037,4b1f_DGL_A_1257,4,gnina,0.70070819,0.34364261,2.0390599,0,0.97114198,3.4418722
4731,103,17553,2507,6xu3_PLP_D_401,4,gnina,0.70713195,0.33917606,2.0848513,0,0.99131844,4.0457376
4732,103,11316,1616,5did_5CK_B_601,4,gnina,0.71149521,0.335958,2.1178091,0,0.21551187,2.9601017
4733,103,3035,433,1xl0_OX2_A_998,4,gnina,0.67132061,0.32299618,2.0784156,0,0.97801986,4.2111748
4734,103,6689,955,3wat_BGC_A_403,4,gnina,0.70404637,0.31996129,2.2004101,0,9.098236e-05,2.3900385
4735,103,6696,956,3wat_BGC_B_403,4,gnina,0.70285249,0.31941872,2.2004101,0,3.2307756e-05,2.0956614
4736,103,200,28,1ca7_ENO_A_501,4,gnina,0.65453737,0.3037854,2.1546035,0,0.97297985,1.99551
4737,103,17133,2447,6t10_M6Z_A_601,4,gnina,0.55232823,0.30306857,1.8224521,0,0.9613588,1.9965328
4738,103,12744,1820,5jp9_DCM_A_401,4,gnina,0.66998689,0.29857071,2.2439797,0,0.97559846,3.7852568
4739,103,3287,469,1zmt_RNO_B_1001,4,gnina,0.55071295,0.29484437,1.867808,0,0,2.751106
4740,103,10567,1509,4zbc_FRU_A_409,4,gnina,0.55253666,0.29254155,1.888745,0,0.00023153372,2.2273245
4741,103,13829,1975,5vl0_BNF_A_404,4,gnina,0.70241682,0.29168355,2.4081459,0,0.73291573,3.7520729
4742,103,5863,837,2z6j_TUI_B_502,4,gnina,0.51954366,0.28507932,1.8224521,0,1.5816314e-08,8.8037822
4743,103,14592,2084,5zpt_HY1_B_703,4,gnina,0.55019253,0.28447561,1.9340577,0,0.94606189,2.8432111
4744,103,9804,1400,4r3n_3GQ_B_404,4,gnina,0.51774033,0.28408981,1.8224521,0,0.087253294,2.5532345
4745,103,7319,1045,4bdr_CYS_B_804,4,gnina,0.51087771,0.28032421,1.8224521,0,0,3.817727
4746,103,16538,2362,6pna_M16_B_803,4,gnina,0.50710166,0.27825226,1.8224521,0,8.6516959e-07,3.5184237
4747,103,2335,333,1rvt_NDG_H_742,4,gnina,0.4986874,0.27363526,1.8224521,0,4.6338268e-07,3.8310396
4748,103,5065,723,2qui_LTN_B_478,4,gnina,0.4986874,0.27363526,1.8224521,0,0.074536037,2.9417284
4749,103,5471,781,2wdq_TEO_E_1589,4,gnina,0.4986874,0.27363526,1.8224521,0,0.96847194,10.370341
4750,103,5912,844,2zm7_ACA_A_501,4,gnina,0.4986874,0.27363526,1.8224521,0,6.596368e-09,4.8009106
4751,103,5919,845,2zm9_ACA_A_501,4,gnina,0.4986874,0.27363526,1.8224521,0,9.5734583e-11,5.1003806
4752,103,9426,1346,4nf4_2JK_A_301,4,gnina,0.4986874,0.27363526,1.8224521,0,0.99571387,2.3030336
4753,103,10056,1436,4uoc_NCN_B_400,4,gnina,0.4986874,0.27363526,1.8224521,0,0.95792048,4.1058233
4754,103,10546,1506,4zb2_FRU_A_404,4,gnina,0.4986874,0.27363526,1.8224521,0,4.9786474e-05,1.6980638
4755,103,12100,1728,5gwt_SIN_C_301,4,gnina,0.4986874,0.27363526,1.8224521,0,0.84291507,6.8288195
4756,103,5856,836,2z6j_TUI_A_501,4,gnina,0.4986874,0.27363526,1.8224521,0,2.109236e-13,8.8261721
4757,103,17112,2444,6t07_M45_B_601,4,gnina,0.49866983,0.27362562,1.8224521,0,0.00017573677,2.1462824
4758,103,8768,1252,4ixw_IXW_B_302,4,gnina,0.49862104,0.27359884,1.8224521,0,0.0038590219,1.8948756
4759,103,4484,640,2jhp_GUN_A_1648,4,gnina,0.49858792,0.27358067,1.8224521,0,0.001057896,1.8909332
4760,103,4477,639,2jhp_GUN_A_1647,4,gnina,0.49843249,0.27349539,1.8224521,0,0.011613809,1.9110721
4761,103,123,17,1anc_BEN_A_384,4,gnina,0.49790741,0.27320727,1.8224521,0,4.0040124e-06,1.3162544
4762,103,12730,1818,5jj2_MLI_A_305,4,gnina,0.49691956,0.27266522,1.8224521,0,0.001456144,1.2899932
4763,103,3280,468,1zmt_RNO_A_1002,4,gnina,0.4986874,0.27265079,1.8290324,0,5.949699e-05,2.9345736
4764,103,3301,471,1zmt_RNO_D_1004,4,gnina,0.4986874,0.27265079,1.8290324,0,0,2.4641958
4765,103,13647,1949,5uap_82S_A_505,4,gnina,0.49553146,0.27190356,1.8224521,0,0.043442223,2.449768
4766,103,10490,1498,4ywd_NTM_A_704,4,gnina,0.49540429,0.27183378,1.8224521,0,0.00082228475,2.3954784
4767,103,3252,464,1zha_PEP_B_2268,4,gnina,0.4986874,0.27118647,1.8389087,0,0.025008269,2.3865343
4768,103,10574,1510,4zbc_FRU_A_410,4,gnina,0.49816561,0.26970082,1.8471036,0,4.5660184e-06,2.3209111
4769,103,13892,1984,5vv5_9OJ_A_803,4,gnina,0.69116446,0.26813061,2.5777147,0,2.1060541e-08,5.414675
4770,103,424,60,1euu_GAL_A_2,4,gnina,0.55582897,0.26752894,2.0776396,0,0.08592342,1.909252
4771,103,5905,843,2zka_AZA_A_302,4,gnina,0.48747956,0.26748539,1.8224521,0,0.9862864,1.5729749
4772,103,3294,470,1zmt_RNO_C_1003,4,gnina,0.49867783,0.26698546,1.867808,0,0,3.5553088
4773,103,14312,2044,5y8k_SER_A_301,4,gnina,0.4986874,0.26543907,1.8787255,0,1.675565e-05,1.7238242
4774,103,10581,1511,4zbc_FRU_B_408,4,gnina,0.49827288,0.26305707,1.8941617,0,0.00045318814,3.7980845
4775,103,5163,737,2rhx_MLY_A_537,4,gnina,0.54947877,0.26274762,2.0912788,0,0.040457057,2.4034677
4776,103,1005,143,1hot_16G_B_271,4,gnina,0.6701824,0.26188252,2.5590947,0,4.3482707e-07,2.8319864
4777,103,5478,782,2whq_HI6_A_1543,4,gnina,0.49835862,0.26178647,1.9036827,0,0.00020978055,3.0329267
4778,103,13360,1908,5syi_NIZ_A_805,4,gnina,0.49857298,0.26063375,1.9129246,0,0.0082002149,5.5334642
4779,103,3847,549,2e40_LGC_B_2001,4,gnina,0.4986874,0.2597399,1.9199482,0,0.037437316,2.270075
4780,104,17182,2454,6tfb_N6W_B_202,4,gnina,0.6691135,0.31787559,2.1049531,0,0.99839897,1.7863525
4781,104,14774,2110,6ba2_7KM_A_809,4,gnina,0.55608534,0.30692535,1.8117925,0,4.6528061e-10,5.1770765
4782,104,16769,2395,6qqs_JCZ_B_301,4,gnina,0.53778359,0.29682389,1.8117925,0,6.3193828e-06,2.4487346
4783,104,15922,2274,6l17_E2X_A_401,4,gnina,0.55577276,0.28729426,1.9345061,0,0.6151808,3.4615554
4784,104,17770,2538,7joc_ARZ_A_302,4,gnina,0.55546226,0.28550389,1.9455496,0,0.96316359,3.0039637
4785,104,7480,1068,4ccu_AWF_A_1500,4,gnina,0.55360791,0.28090916,1.9707711,0,0.9759741,6.9163847
4786,104,2580,368,1tl2_NDG_A_240,4,gnina,0.53245748,0.27609022,1.9285624,0,8.5012011e-05,1.9229871
4787,104,9314,1330,4mux_2E4_A_402,4,gnina,0.49449532,0.2729314,1.8117925,0,0.69855967,2.9291195
4788,104,9496,1356,4np7_DPJ_A_403,4,gnina,0.49449532,0.2729314,1.8117925,0,0.91772187,1.7613499
4789,104,11029,1575,5b4u_MLA_A_302,4,gnina,0.49449532,0.2729314,1.8117925,0,0,1.6594483
4790,104,12198,1742,5ha7_WY1_B_402,4,gnina,0.49449532,0.2729314,1.8117925,0,0.00021459129,4.2579838
4791,104,5135,733,2r4t_250_A_503,4,gnina,0.49449531,0.27293139,1.8117925,0,1.9627898e-07,2.9956889
4792,104,11995,1713,5g44_SWX_A_1511,4,gnina,0.49449424,0.2729308,1.8117925,0,2.076966e-06,2.0348691
4793,104,2517,359,1thc_FL9_A_131,4,gnina,0.49422021,0.27277955,1.8117925,0,0.00037338405,1.509244
4794,104,1369,195,1kar_HSM_B_503,4,gnina,0.49420249,0.27276977,1.8117925,0,3.8082026e-06,2.4403294
4795,104,15628,2232,6i4b_ORO_B_602,4,gnina,0.49388283,0.27259334,1.8117925,0,6.3670224e-05,2.1951371
4796,104,2531,361,1thc_FL9_B_131,4,gnina,0.4920662,0.27159067,1.8117925,0,7.0184595e-06,1.3493059
4797,104,12940,1848,5lqs_NTM_A_302,4,gnina,0.49055308,0.27075552,1.8117925,0,0.0046690651,1.8444439
4798,104,16384,2340,6o2z_LJV_A_500,4,gnina,0.5544105,0.26915602,2.0598099,0,0.99444416,4.8990346
4799,104,14126,2018,5x5d_UMP_E_401,0,surfdock,0.83859366,0.26758217,3.133966,0,0.96373128,3.5265522
4800,104,17105,2443,6t02_M5E_A_601,4,gnina,0.49449532,0.26632739,1.8567188,0,0.0015942901,2.0751026
4801,104,529,75,1fuq_CIT_A_1001,4,gnina,0.48210569,0.26609308,1.8117925,0,1.6959119e-05,3.63351
4802,104,4442,634,2j51_DKI_A_1314,4,gnina,0.49449532,0.26396633,1.8733263,0,0.66240364,5.1917702
4803,104,16496,2356,6p9t_O5D_A_307,4,gnina,0.49449388,0.26366043,1.8754942,0,1.5596822e-09,6.1931396
4804,104,11456,1636,5e4o_L57_A_201,4,gnina,0.68852552,0.25903974,2.6579909,0,0.87180585,3.0068142
4805,104,17385,2483,6vlu_CIT_A_701,4,gnina,0.46795778,0.25828429,1.8117925,0,0.00025217842,2.4076298
4806,104,10343,1477,4xpq_FUL_A_1003,4,gnina,0.49305329,0.25684935,1.9196196,0,0.0014670546,2.0473653
4807,104,165,23,1axg_ETF_D_404,4,gnina,0.65399161,0.25358423,2.5789907,0,0.96158857,10.188681
4808,105,2608,372,1toq_AMG_G_504,4,gnina,0.63959313,0.34678245,1.8443632,0,0.97921127,2.418097
4809,105,8236,1176,4ghf_4NC_A_402,4,gnina,0.66777542,0.31960556,2.0893726,0,0.002936082,5.3948219
4810,105,8250,1178,4ghf_4NC_D_402,4,gnina,0.66400945,0.31780312,2.0893726,0,0,5.7387673
4811,105,16398,2342,6ock_9KL_A_602,4,gnina,0.56010697,0.31083555,1.8019389,0,0.00010056827,3.0397401
4812,105,11918,1702,5fwe_OGA_A_1358,4,gnina,0.56050663,0.29229583,1.9175996,0,0.73491417,2.3435439
4813,105,16569,2367,6po9_OS7_B_804,0,surfdock,0.52989362,0.28517654,1.8581239,0,0.40392794,3.8649129
4814,105,16562,2366,6po9_OS7_A_803,0,surfdock,0.52989362,0.2847508,1.8609021,0,0.26412292,3.7755204
4815,105,4715,673,2ot7_OGA_B_500,4,gnina,0.62341693,0.27970877,2.2288063,0,0.69061319,2.1926839
4816,105,7200,1028,4ajj_MLI_A_1333,4,gnina,0.5597514,0.27848207,2.0100079,0,0.56591784,2.7841537
4817,105,14459,2065,5yfj_RUB_A_401,4,gnina,0.52708542,0.27780849,1.8972968,0,0.85270405,4.0121388
4818,105,16391,2341,6ock_9KL_A_601,4,gnina,0.5206448,0.27572893,1.8882477,0,0,3.3604691
4819,105,9923,1417,4tqi_6BD_B_201,4,gnina,0.54777027,0.2745769,1.9949603,0,2.1020935e-08,3.679247
4820,105,6129,875,3ro7_TDR_A_300,4,gnina,0.49385655,0.27406939,1.8019389,0,0.04408724,1.3088778
4821,105,14060,2008,5x0j_SEP_A_302,4,gnina,0.49385655,0.27406939,1.8019389,0,0,2.7962089
4822,105,13612,1944,5u5z_7VP_A_302,4,gnina,0.49383958,0.27405997,1.8019389,0,1.7737456e-09,1.5947554
4823,105,10350,1478,4xpq_FUL_A_1004,4,gnina,0.49338156,0.27380579,1.8019389,0,0.00046264559,1.968597
4824,105,10532,1504,4z6p_DHY_C_403,4,gnina,0.55695061,0.27256528,2.043365,0,0.99711357,9.150277
4825,105,3112,444,1y8j_STS_A_900,4,gnina,0.52295628,0.27198802,1.9227171,0,0,3.5063322
4826,105,10560,1508,4zb5_GLC_A_403,4,gnina,0.55582227,0.27183822,2.0446794,0,4.8949895e-05,1.8159972
4827,105,9916,1416,4tqi_6BD_A_201,4,gnina,0.53909728,0.26983462,1.9978794,0,1.1004356e-06,4.017239
4828,105,3273,467,1zk0_SS2_A_1260,4,gnina,0.49661625,0.26843632,1.8500328,0,0.5119674,1.4697425
4829,105,14340,2048,5yaq_ISE_D_402,4,gnina,0.49385655,0.26825266,1.8410118,0,0.96639665,3.7346925
4830,105,2818,402,1vkf_CIT_A_501,4,gnina,0.62544776,0.26666742,2.3454216,0,0.93882056,3.0797871
4831,105,9944,1420,4tyv_BGC_B_701,4,gnina,0.49013402,0.26617576,1.8413914,0,0.0079766368,2.5212614
4832,105,16520,2360,6pn9_OU7_A_803,0,surfdock,0.52989362,0.26515083,1.9984602,0,0,3.726505
4833,105,16527,2361,6pn9_OU7_B_803,0,surfdock,0.52989362,0.26500169,1.9995849,0,0.53555805,3.7540299
4834,105,12282,1754,5htd_MYR_A_201,4,gnina,0.55609228,0.26403116,2.1061606,0,0.0010852526,3.6934443
4835,105,13234,1890,5o4j_PJL_A_304,4,gnina,0.47343456,0.26273605,1.8019389,0,7.6158928e-05,2.9409359
4836,105,1187,169,1j0y_BGC_C_3601,4,gnina,0.56084002,0.2613889,2.1456144,0,0.99471414,5.1669663
4837,105,1173,167,1j0y_BGC_A_1601,4,gnina,0.56079173,0.26136639,2.1456144,0,0.99026507,6.4772123
4838,105,1194,170,1j0y_BGC_D_4601,4,gnina,0.56029672,0.26113568,2.1456144,0,0.99544638,5.5191117
4839,105,14466,2066,5yfj_RUB_B_401,4,gnina,0.49385655,0.26018295,1.8981117,0,0.86307711,4.0290474
4840,105,14473,2067,5yfj_RUB_C_401,4,gnina,0.49385655,0.26018295,1.8981117,0,0.81605438,5.6760314
4841,105,3945,563,2evd_D10_A_304,4,gnina,0.6493131,0.25916589,2.5053947,0,0.0065154614,1.9692976
4842,105,12660,1808,5j6y_GLC_A_309,4,gnina,0.49385655,0.25819838,1.912701,0,0.053104879,1.668812
4843,105,6374,910,3u3o_3QV_A_296,4,gnina,0.49385655,0.25781522,1.9155437,0,1.4329771e-06,2.4101409
4844,105,9510,1358,4nv0_MG7_B_402,4,gnina,0.49385594,0.25748287,1.9180138,0,0.53074633,4.565971
4845,105,11925,1703,5fwe_OGA_B_1359,4,gnina,0.49385655,0.25727792,1.9195441,0,0,3.2212425
4846,105,2286,326,1qmh_CIT_A_401,4,gnina,0.49385655,0.25661221,1.9245238,0,0.70857955,2.514814
4847,105,1180,168,1j0y_BGC_B_2601,4,gnina,0.54793941,0.25508703,2.1480479,0,0.91602912,6.8330639
4848,105,16435,2347,6oha_XAN_A_501,6,smina,0.45633812,0.25324826,1.8019389,0,0.98474906,0.83852701
4849,105,11155,1593,5cga_KP6_E_301,4,gnina,0.6548665,0.25251217,2.5934048,0,0.91174818,3.7911878
4850,105,16748,2392,6qot_6SD_A_301,4,gnina,0.55889995,0.25210196,2.216959,0,0.9941742,2.5626471
4851,105,1432,204,1klz_U_A_2001,4,gnina,0.54148028,0.25153893,2.152669,0,0.96808301,3.6072961
4852,105,13416,1916,5tch_MLI_A_301,4,gnina,0.56032557,0.25139503,2.228864,0,0.88528734,7.5036774
4853,105,13451,1921,5tch_MLI_G_301,4,gnina,0.56076171,0.25089601,2.2350354,0,0.18721962,7.5308486
4854,105,2216,316,1pzy_NAG_D_406,4,gnina,0.55700617,0.25066102,2.2221482,0,0.95472897,2.6655535
4855,105,13437,1919,5tch_MLI_E_301,4,gnina,0.56107587,0.24994921,2.2447586,0,0.22376891,7.3338954
4856,105,8600,1228,4i6s_FUC_B_101,4,gnina,0.44974434,0.24958899,1.8019389,0,0.99787803,1.3882819
4857,105,16776,2396,6qrn_RIP_A_500,4,gnina,0.44962502,0.24952277,1.8019389,0,0.97174706,1.3147044
4858,106,4981,711,2qg6_NMN_A_301,4,gnina,0.69006166,0.38464034,1.7940429,0,0.98589242,4.2708438
4859,106,6766,966,3wgc_PLG_D_401,4,gnina,0.56013871,0.3122213,1.7940429,0,8.9902259e-06,5.3571591
4860,106,17021,2431,6si4_LEK_B_402,4,gnina,0.55296248,0.30525565,1.8114724,0,9.7879364e-06,3.5822746
4861,106,17014,2430,6si4_LEK_A_402,4,gnina,0.54985801,0.30354187,1.8114724,0,0.98431142,3.3925392
4862,106,5072,724,2qvr_FDP_A_333,4,gnina,0.54427122,0.30337676,1.7940429,0,0.94848265,3.2298502
4863,106,6755,965,3wgc_PLG_B_401,0,surfdock,0.53039443,0.29564184,1.7940429,0,0.99242287,3.8141048
4864,106,6748,964,3wgc_PLG_A_401,0,surfdock,0.53011329,0.29548513,1.7940429,0,0,3.721126
4865,106,11127,1589,5cak_4Z9_A_802,4,gnina,0.55971186,0.29233597,1.9146175,0,0.88575084,2.4435903
4866,106,10602,1514,4zdz_TPF_A_602,4,gnina,0.70344772,0.29112494,2.4163077,0,2.6890642e-05,3.4420669
4867,106,13514,1930,5thu_B3N_A_404,4,gnina,0.51409487,0.28655646,1.7940429,0,3.0764625e-06,6.4672746
4868,106,10182,1454,4wmz_TPF_A_602,4,gnina,0.70267114,0.28596696,2.457175,0,1.1269131e-05,3.5990536
4869,106,13241,1891,5o4k_9KE_A_405,4,gnina,0.55067974,0.28380685,1.9403318,0,0.00053507212,4.5537094
4870,106,9958,1422,4u8p_UDP_C_603,4,gnina,0.55743747,0.27955347,1.9940271,0,1.9734331e-05,5.8281538
4871,106,928,132,1h69_ARH_C_1275,4,gnina,0.49887522,0.27807303,1.7940429,0,4.7567371e-06,4.3270485
4872,106,1866,266,1ns4_BGC_B_2400,4,gnina,0.49887522,0.27807303,1.7940429,0,0.95373104,2.0995039
4873,106,3504,500,2b04_CHO_A_200,4,gnina,0.49887522,0.27807303,1.7940429,0,1.1109683e-13,5.7355556
4874,106,4295,613,2hjp_PPR_A_291,4,gnina,0.49887522,0.27807303,1.7940429,0,0,1.9097802
4875,106,8439,1205,4hrq_AZG_B_201,4,gnina,0.49887522,0.27807303,1.7940429,0,0,1.7424519
4876,106,9811,1401,4rcv_DE2_A_403,4,gnina,0.49887522,0.27807303,1.7940429,0,0.00036552727,2.096886
4877,106,15257,2179,6fld_NAG_A_603,4,gnina,0.49887522,0.27807303,1.7940429,0,3.643899e-10,2.4996145
4878,106,15579,2225,6ho7_GHQ_A_301,4,gnina,0.49887522,0.27807303,1.7940429,0,0.98730573,2.094326
4879,106,16790,2398,6r4j_GLU_A_704,4,gnina,0.49887522,0.27807303,1.7940429,0,0,3.6454778
4880,106,13521,1931,5thu_B3N_B_404,4,gnina,0.49887522,0.27778247,1.7959195,0,5.6350685e-07,5.420306
4881,106,1873,267,1nsm_GAL_A_1400,4,gnina,0.4971797,0.27712795,1.7940429,0,0.014965331,2.054871
4882,106,1880,268,1nsm_GLA_B_2400,4,gnina,0.49713405,0.2771025,1.7940429,0,0.16334207,2.1255708
4883,106,1859,265,1ns4_BGC_A_1400,4,gnina,0.49239501,0.27446096,1.7940429,0,0.64048264,2.0831136
4884,106,2972,424,1x7j_GEN_B_202,4,gnina,0.70546603,0.27375647,2.576983,0,0.19292268,3.272362
4885,106,1383,197,1kbq_936_C_701,4,gnina,0.56398126,0.26876858,2.0983889,0,8.1288974e-08,5.532584
4886,106,4155,593,2fzb_TOL_A_800,4,gnina,0.55924714,0.26867712,2.0814831,0,0.00014165223,4.5722485
4887,106,12702,1814,5jg5_EVF_B_302,4,gnina,0.49887522,0.26856293,1.857572,0,0.39567733,2.0392324
4888,106,1376,196,1kbq_936_B_704,4,gnina,0.56439483,0.26846974,2.1022651,0,1.1322975e-06,5.162938
4889,106,9762,1394,4qxc_OGA_C_600,4,gnina,0.49887522,0.26640133,1.8726444,0,0,2.9292253
4890,106,12331,1761,5i5t_67X_A_402,4,gnina,0.55470815,0.26337448,2.1061566,0,0.21340523,3.1514823
4891,106,6619,945,3vv5_SLZ_A_300,4,gnina,0.54453835,0.26209715,2.0776193,0,0.95686754,3.4235804
4892,106,4148,592,2fzb_TOL_A_600,4,gnina,0.53347876,0.26072113,2.0461652,0,0.97854583,4.5774372
4893,106,2902,414,1w55_GPP_A_1374,4,gnina,0.56875266,0.26043628,2.1838448,0,8.7802426e-08,4.0859594
4894,106,4253,607,2gyw_OBI_A_952,4,gnina,0.56244651,0.2596078,2.166523,0,0.73773655,5.2067963
4895,106,8740,1248,4iph_1FJ_A_202,4,gnina,0.4986596,0.25907446,1.9247724,0,0.0052194573,2.9709883
4896,106,11687,1669,5f35_FLC_A_302,4,gnina,0.55927089,0.25846406,2.1638236,0,3.4505883e-06,2.6840648
4897,106,15502,2214,6hl9_SIN_A_402,4,gnina,0.49887522,0.25830723,1.9313241,0,0.0027613893,2.7285187
4898,106,991,141,1hkn_N2M_D_5139,4,gnina,0.56673685,0.25699143,2.2052743,0,0,2.6777197
4899,106,17126,2446,6t0a_M58_B_601,4,gnina,0.52935031,0.25607049,2.0672045,0,0,1.6681623
4900,106,2923,417,1wc7_PP3_A_1214,4,gnina,0.49887522,0.25597694,1.9489059,0,9.453789e-06,5.1801009
4901,106,16342,2334,6nsu_DYA_A_402,4,gnina,0.49887522,0.25352942,1.9677203,0,0,1.7174791
4902,106,10735,1533,4zu3_4SD_E_301,4,gnina,0.56159043,0.25321223,2.2178636,0,0.90159167,4.307259
4903,106,9524,1360,4o7g_ASC_B_304,4,gnina,0.45309903,0.25255738,1.7940429,0,0.0017570331,1.8351811
4904,106,8271,1181,4gmu_OXL_A_705,4,gnina,0.49887522,0.25180797,1.9811723,0,0.39934617,1.5706914
4905,106,6752,964,3wgc_PLG_A_401,4,gnina,0.45145917,0.25164332,1.7940429,0,0.93901007,5.3748127
4906,106,6759,965,3wgc_PLG_B_401,4,gnina,0.45064098,0.25118726,1.7940429,0,0.45592065,5.3747352
4907,106,11092,1584,5c7v_PYC_A_804,4,gnina,0.44931089,0.25044587,1.7940429,0,0.97596914,1.9627511
4908,107,956,136,1h8p_PC_A_1110,4,gnina,0.6307246,0.32405054,1.9463763,0,0.98762949,1.9626369
4909,107,6703,957,3wat_BMA_A_404,4,gnina,0.54262087,0.29725013,1.8254679,0,0.016449917,2.1291109
4910,107,6710,958,3wat_BMA_B_404,4,gnina,0.54197971,0.2968989,1.8254679,0,0.013933567,4.3898805
4911,107,17668,2524,6zug_QPW_H_1001,0,surfdock,0.53061643,0.29613145,1.7918264,0,0.99218168,4.7803496
4912,107,14207,2029,5xj7_87O_A_309,4,gnina,0.54818171,0.29551649,1.8549944,0,0.85377942,6.8989222
4913,107,14697,2099,6auq_BYJ_B_803,4,gnina,0.56280263,0.28839583,1.9514927,0,7.2020778e-06,4.2461472
4914,107,15733,2247,6jme_BVU_A_409,4,gnina,0.56479754,0.28308164,1.9951745,0,0.99561846,5.5941877
4915,107,8579,1225,4i4v_NGA_D_201,4,gnina,0.56259718,0.28205854,1.9946104,0,0.91589457,2.1455611
4916,107,1208,172,1j3i_WRA_A_609,4,gnina,0.68726762,0.27771613,2.4747117,0,0.60342269,11.473046
4917,107,1341,191,1k5s_GRO_B_601,4,gnina,0.49741217,0.27760051,1.7918264,0,0.89925485,2.1381258
4918,107,6192,884,3ryd_SRT_A_271,4,gnina,0.49741217,0.27760051,1.7918264,0,3.093599e-08,1.9506226
4919,107,15089,2155,6f2b_AKG_A_402,4,gnina,0.49741217,0.27760051,1.7918264,0,0.82883501,5.7769201
4920,107,15096,2156,6f2b_AKG_B_402,4,gnina,0.49741217,0.27760051,1.7918264,0,0.93239866,6.2755575
4921,107,10938,1562,5af9_SJR_H_1250,4,gnina,0.49741214,0.27760049,1.7918264,0,0.97465303,2.3582668
4922,107,14781,2111,6bds_DJ4_A_303,4,gnina,0.49740963,0.27759909,1.7918264,0,4.4369736e-07,3.1853877
4923,107,17084,2440,6sz3_M1H_B_601,4,gnina,0.49736498,0.27757417,1.7918264,0,0.049964074,1.6896186
4924,107,16727,2389,6qol_JB5_B_301,4,gnina,0.49734065,0.27756059,1.7918264,0,0.00061054468,2.1297274
4925,107,17119,2445,6t0a_M58_A_601,4,gnina,0.49715564,0.27745734,1.7918264,0,0.0038696588,2.0810584
4926,107,12926,1846,5la2_ARB_B_606,4,gnina,0.49741217,0.27679035,1.797071,0,0.19952281,2.5818007
4927,107,1236,176,1j3k_WRA_B_709,4,gnina,0.64331532,0.27658737,2.3259017,0,0.054633894,6.1899319
4928,107,1551,221,1lfw_AEP_A_683,4,gnina,0.49741217,0.27622129,1.8007733,0,0.0002049184,3.3171116
4929,107,1229,175,1j3k_WRA_A_609,4,gnina,0.64035158,0.27531314,2.3259017,0,0.97867757,6.8221324
4930,107,12919,1845,5la2_ARB_A_606,4,gnina,0.49288823,0.27286351,1.8063536,0,0.1732959,2.2961827
4931,107,2510,358,1thc_FL9_A_130,4,gnina,0.49741213,0.2704303,1.8393348,0,4.4278506e-08,3.1392394
4932,107,7084,1012,4a7a_RGZ_B_601,0,surfdock,0.53061643,0.26990215,1.9659575,0,0.98458192,3.7679005
4933,107,8558,1222,4i4v_NGA_A_202,4,gnina,0.55677387,0.26899709,2.0698128,0,0.8267704,2.6902178
4934,107,15719,2245,6jmd_BVO_A_408,4,gnina,0.56502844,0.26776334,2.1101775,0,0.99707209,7.8086095
4935,107,14291,2041,5y7a_KYN_A_502,4,gnina,0.52893122,0.26743569,1.9777875,0,0.74610367,2.5530614
4936,107,17154,2450,6t5p_VD8_D_302,4,gnina,0.56547155,0.26718886,2.1163731,0,0.99169574,3.4117349
4937,107,11309,1615,5did_5CK_A_601,4,gnina,0.56528809,0.26667371,2.1197734,0,0.64527221,3.8857918
4938,107,12912,1844,5la1_XYP_A_602,4,gnina,0.4888653,0.26576042,1.8394953,0,0.16214341,1.4610784
4939,107,15103,2157,6f2b_AKG_C_402,4,gnina,0.47481246,0.26498784,1.7918264,0,1.6155747e-09,5.6617854
4940,107,14662,2094,6a3j_SOE_A_402,4,gnina,0.49654104,0.26379301,1.8823122,0,0.98129301,4.9807999
4941,107,13094,1870,5n5k_HAE_A_306,4,gnina,0.47146188,0.26311792,1.7918264,0,0.83156046,1.3927118
4942,107,9293,1327,4mpr_TPP_A_602,4,gnina,0.66936319,0.26055846,2.5689549,0,0.066398459,8.4519269
4943,107,8572,1224,4i4v_NGA_B_202,4,gnina,0.49741217,0.25965161,1.9156897,0,0.81798704,3.0770289
4944,107,2118,302,1pke_2FD_C_448,4,gnina,0.56462078,0.25903109,2.1797404,0,0.070094079,3.5484852
4945,107,1215,173,1j3i_WRA_B_709,4,gnina,0.64135458,0.25857373,2.4803538,0,0.35374769,6.7819969
4946,107,12226,1746,5hfa_FP1_B_609,4,gnina,0.49701202,0.25441638,1.9535369,0,0.0016849908,3.0958827
4947,107,15495,2213,6hl7_CP_C_401,4,gnina,0.54184329,0.25353318,2.1371682,0,0.0021838172,2.7511867
4948,107,2573,367,1tl2_NDG_A_239,4,gnina,0.55975681,0.25336584,2.2092819,0,0.98178096,2.2052337
4949,107,12380,1768,5iav_MLI_B_302,4,gnina,0.51887477,0.24972461,2.0777869,0,0,1.7776187
4950,107,3259,465,1zha_R5P_A_1269,4,gnina,0.44735529,0.24959318,1.7923368,0,2.1169192e-05,2.6064972
4951,107,12219,1745,5hfa_FP1_A_608,4,gnina,0.49687451,0.24885563,1.9966366,0,0.022337836,3.0239866
4952,107,6213,887,3se2_LDR_A_1,4,gnina,0.54323286,0.24854299,2.1856687,0,0.9951603,2.6192888
4953,107,8810,1258,4j7u_YTZ_A_802,4,gnina,0.55166978,0.24768425,2.2273097,0,0.0011275768,4.3815988
4954,107,6220,888,3se2_LDR_B_2,4,gnina,0.54345489,0.24738997,2.196753,0,0.0010412299,3.2680542
4955,107,2559,365,1tl2_NDG_A_237,4,gnina,0.56050347,0.24737969,2.2657609,0,0.98518128,2.0308458
4956,107,2587,369,1tl2_NDG_A_241,4,gnina,0.56189051,0.24730042,2.2720959,0,0.00011101267,2.6650955
4957,107,8817,1259,4j7u_YTZ_B_802,4,gnina,0.55029621,0.24706756,2.2273097,0,0.028202588,3.307477
4958,108,9538,1362,4ocu_NDG_A_401,4,gnina,0.65513968,0.36585493,1.7907079,0,3.9679713e-05,2.5882696
4959,108,7760,1108,4d06_NAR_F_302,4,gnina,0.5683822,0.31740625,1.7907079,0,0.0044526342,4.0543879
4960,108,7270,1038,4b1f_KRH_A_1256,4,gnina,0.54317204,0.30332794,1.7907079,0,4.0960437e-06,6.8158612
4961,108,15208,2172,6f7r_CIT_A_1003,4,gnina,0.51972511,0.29023428,1.7907079,0,0.011988733,2.5060912
4962,108,4015,573,2f7x_4EA_E_351,4,gnina,0.56139979,0.29019112,1.9345855,0,0.72414433,5.9912518
4963,108,16139,2305,6mry_FLC_B_101,4,gnina,0.51012667,0.28487415,1.7907079,0,0.8163096,2.5647794
4964,108,3952,564,2ex1_C5P_A_1427,4,gnina,0.49927878,0.27881627,1.7907079,0,0.99127305,4.1560469
4965,108,7277,1039,4b1f_KRH_B_1257,4,gnina,0.49927878,0.27881627,1.7907079,0,1.8713326e-07,7.5547904
4966,108,9776,1396,4qya_LU2_B_201,4,gnina,0.49927878,0.27881627,1.7907079,0,9.3388017e-07,2.2739928
4967,108,12135,1733,5gzz_JAA_A_601,4,gnina,0.49927878,0.27881627,1.7907079,0,6.5754048e-05,5.1555996
4968,108,13801,1971,5ut1_7DZ_A_905,4,gnina,0.49927878,0.27881627,1.7907079,0,1.608975e-08,3.1642951
4969,108,17483,2497,6wiw_I14_B_601,4,gnina,0.57282369,0.27447608,2.0869703,0,3.7073442e-06,5.2555571
4970,108,17791,2541,8cpp_TCM_A_422,4,gnina,0.49128171,0.27435041,1.7907079,0,0.043855689,1.8443851
4971,108,15285,2183,6flu_DTK_A_405,4,gnina,0.49927878,0.27022894,1.8476131,0,0.99696657,1.7114618
4972,108,10987,1569,5av4_GEN_A_400,4,gnina,0.64311807,0.26858486,2.3944678,0,0.98818979,2.9601885
4973,108,8537,1219,4i0b_CMP_B_301,4,gnina,0.53650602,0.26683309,2.0106418,0,0.99540471,3.7787866
4974,108,13696,1956,5uio_8DM_D_202,4,gnina,0.49927878,0.25975061,1.9221457,0,0.98803698,3.8281344
4975,108,10462,1494,4yu7_DHC_A_203,4,gnina,0.46138875,0.25765704,1.7907079,0,0.0042653599,2.1584455
4976,108,13598,1942,5u5g_7VD_D_302,4,gnina,0.56742203,0.25544903,2.221272,0,0.80504719,3.0821258
4977,108,17091,2441,6szl_M3E_B_604,4,gnina,0.46428218,0.2516764,1.8447576,0,0.99260877,2.2494261
4978,108,13311,1901,5oo4_URI_A_201,4,gnina,0.56177986,0.25118379,2.2365282,0,0.99302518,2.8622135
4979,108,9034,1290,4l4d_CAM_A_503,4,gnina,0.49927878,0.2501637,1.9958073,0,0.047347539,1.4516746
4980,108,15558,2222,6hmw_FUL_I_201,4,gnina,0.49927878,0.24844364,2.009625,0,0.99453974,2.3234073
4981,108,4414,630,2izf_BTN_B_300,4,gnina,0.5689196,0.24841848,2.2901652,0,0.99254101,2.7407104
4982,108,4421,631,2izf_BTN_D_301,4,gnina,0.5684444,0.24821099,2.2901652,0,0.99405643,2.6710958
4983,108,2629,375,1tt6_DES_A_129,4,gnina,0.46543814,0.24767801,1.8792056,0,0,2.4205983
4984,108,11337,1619,5dmm_HCS_A_505,4,gnina,0.44289405,0.2473289,1.7907079,0,0.0009088102,1.6957932
4985,108,15530,2218,6hmw_FUL_C_203,4,gnina,0.48062835,0.247177,1.9444695,0,3.7350092e-10,2.2994875
4986,109,14557,2079,5zge_ZZ7_B_302,4,gnina,0.63364326,0.33854788,1.8716494,0,0.95815713,4.560066
4987,109,14571,2081,5zgr_ZZ7_B_303,4,gnina,0.61639713,0.32784778,1.8801311,0,0,5.3321988
4988,109,14564,2080,5zgr_ZZ7_A_303,4,gnina,0.5831514,0.3115707,1.8716494,0,0.96568782,4.7907153
4989,109,15379,2197,6fw0_E92_A_602,0,surfdock,0.5315515,0.29700556,1.7897012,0,0.54614392,3.7660483
4990,109,1390,198,1kdo_C_A_5407,4,gnina,0.56115273,0.29502824,1.9020296,0,0.98940465,4.2211384
4991,109,1397,199,1kdo_C_B_6407,4,gnina,0.5610783,0.29386398,1.909312,0,0.63907508,4.2836485
4992,109,858,122,1h48_CDI_D_201,4,gnina,0.63740985,0.29303316,2.1752131,0,0.98409532,3.1540632
4993,109,1124,160,1itw_ICT_D_743,4,gnina,0.5690204,0.29118853,1.9541296,0,0.0010759672,10.383908
4994,109,1117,159,1itw_ICT_C_743,4,gnina,0.57087139,0.29101065,1.9616846,0,0.047695722,9.3253627
4995,109,9104,1300,4lek_1DN_X_202,4,gnina,0.50107726,0.27997801,1.7897012,0,0.95927662,4.896656
4996,109,6101,871,3qwi_CUE_D_272,4,gnina,0.50107685,0.27997779,1.7897012,0,6.3207392e-07,3.0645171
4997,109,5401,771,2w0b_CMW_A_1450,4,gnina,0.50107666,0.27997768,1.7897012,0,0,4.9777995
4998,109,3651,521,2bxh_IOS_B_1002,4,gnina,0.50105661,0.27996647,1.7897012,0,2.4831414e-08,4.5166532
4999,109,16804,2400,6r5o_BGC_A_802,4,gnina,0.50085894,0.27985603,1.7897012,0,1.0989753e-07,3.4497687
5000,109,8873,1267,4jwx_1N4_A_301,4,gnina,0.57015779,0.27721837,2.0567091,0,0.98708271,3.0169853
5001,109,16818,2402,6r5o_BGC_B_802,4,gnina,0.4941694,0.27611823,1.7897012,0,2.0561331e-06,4.2472484
5002,109,8201,1171,4g1q_T27_A_601,4,gnina,0.50107726,0.27380791,1.8300312,0,2.6334242e-07,5.7852543
5003,109,8761,1251,4itu_1HS_D_302,4,gnina,0.50107673,0.27364535,1.8311163,0,0.935659,2.9405659
5004,109,8754,1250,4itu_1HS_B_302,4,gnina,0.5010765,0.27364522,1.8311163,0,0.48153044,4.2613559
5005,109,8747,1249,4itu_1HS_A_302,4,gnina,0.50107644,0.27364519,1.8311163,0,0,2.7460983
5006,109,3644,520,2bxh_IOS_A_1002,4,gnina,0.47821053,0.26720118,1.7897012,0,4.7310786e-06,3.410759
5007,109,13409,1915,5tbo_78Z_A_1001,4,gnina,0.56518408,0.26499307,2.1328249,0,0.9840683,5.0311317
5008,109,8082,1154,4ejh_0QA_A_502,4,gnina,0.57099157,0.2643281,2.1601613,0,0.83547295,18.037179
5009,109,2986,426,1xc7_GL6_A_998,4,gnina,0.55885626,0.26152673,2.1368983,0,0.80567889,3.5244938
5010,109,11260,1608,5dav_58J_A_402,4,gnina,0.50107726,0.25985022,1.9283302,0,0.99450685,3.1535375
5011,109,1110,158,1itw_ICT_B_744,4,gnina,0.50107726,0.25641955,1.9541296,0,0.013753761,9.4803039
5012,109,17252,2464,6tor_PMP_B_504,4,gnina,0.50107726,0.25225823,1.9863654,0,0.19892391,5.0009781
5013,109,13682,1954,5uda_CAE_B_502,4,gnina,0.4481725,0.25041736,1.7897012,0,0.051776905,1.9225434
5014,109,3749,535,2ci0_1CM_A_1450,4,gnina,0.50107441,0.24983763,2.0055993,0,8.2726627e-06,3.3475092
5015,109,7970,1138,4dvw_0M4_B_512,4,gnina,0.44657782,0.24952633,1.7897012,0,0.65702038,3.7081996
5016,109,15383,2197,6fw0_E92_A_602,4,gnina,0.4461273,0.2492746,1.7897012,0,0.99149301,3.9612437
5017,109,8096,1156,4ejh_0QA_F_502,4,gnina,0.50107726,0.24914317,2.0112011,0,0.93840715,21.37507
5018,109,4449,635,2j5b_TYE_A_1336,4,gnina,0.43985985,0.24577265,1.7897012,0,0.18788128,3.1861167
5019,109,10336,1476,4xp3_DX4_A_401,4,gnina,0.43985985,0.24577265,1.7897012,0,0.018795449,2.8715273
5020,109,599,85,1g79_PLP_A_270,4,gnina,0.43985862,0.24577197,1.7897012,0,1.7753979e-07,2.3610622
5021,109,14319,2045,5y8k_SER_B_301,4,gnina,0.43985859,0.24577195,1.7897012,0,6.20462e-06,2.0084953
5022,109,14844,2120,6bxk_MTA_B_401,4,gnina,0.57037676,0.24523919,2.3257968,0,0.089247854,4.3002125
5023,109,4430,632,2j1s_FUL_A_1153,6,smina,0.43856004,0.24504638,1.7897012,0,0.99149687,0.54461409
5024,109,6255,893,3sru_Q26_X_169,4,gnina,0.50107726,0.24449388,2.0494461,0,0.96475039,8.0857964
5025,109,9659,1379,4pxd_1AL_A_502,6,smina,0.43495626,0.24303276,1.7897012,0,0.99719807,1.6253425
5026,109,7048,1006,3zzv_FUC_B_401,6,smina,0.43492372,0.24301458,1.7897012,0,0.99755056,0.60284298
5027,109,573,81,1g6n_CMP_B_622,6,smina,0.43487669,0.2429883,1.7897012,0,0,2.9658383
5028,109,17555,2507,6xu3_PLP_D_401,6,smina,0.43479096,0.2429404,1.7897012,0,0.98538643,2.8486682
5029,109,1469,209,1kuj_MMA_G_504,6,smina,0.43471238,0.24289649,1.7897012,0,0.99496109,1.2220414
5030,109,17366,2480,6uzr_QM1_B_301,6,smina,0.43470786,0.24289396,1.7897012,0,0,2.3342855
5031,109,3065,437,1y2x_NAG_B_1144,6,smina,0.43456279,0.24281291,1.7897012,0,0.99305975,1.2423095
5032,109,1504,214,1kya_XYD_D_814,6,smina,0.43441541,0.24273056,1.7897012,0,0,0.68673723
5033,109,7685,1097,4cno_9PY_B_301,6,smina,0.4343667,0.24270334,1.7897012,0,0.99297493,0.97987397
5034,109,3198,456,1zei_CRS_D_54,6,smina,0.4341091,0.24255941,1.7897012,0,0.41055306,0.53975712
5035,109,181,25,1bqp_MAN_C_402,6,smina,0.43391091,0.24244867,1.7897012,0,0.97879968,0.7845852
5036,110,17378,2482,6v8n_QS1_A_1704,4,gnina,0.68077605,0.38311155,1.7769647,0,0.92450931,8.766993
5037,110,10112,1444,4uzi_IMD_B_1456,4,gnina,0.63259063,0.330033,1.9167486,0,0.93724548,1.7136169
5038,110,1754,250,1mvc_BM6_A_200,4,gnina,0.5752483,0.32372506,1.7769647,0,0.99609982,6.263078
5039,110,10101,1443,4uzi_IMD_B_1455,0,surfdock,0.52444736,0.29513647,1.7769647,0,0.86494796,1.9665179
5040,110,1159,165,1ixo_G3P_D_1004,4,gnina,0.50098316,0.28193183,1.7769647,0,0.015634324,2.3641862
5041,110,17777,2539,7kje_NRD_A_405,4,gnina,0.50098316,0.28193183,1.7769647,0,0,3.0632896
5042,110,14585,2083,5zpt_HY1_A_702,4,gnina,0.50039174,0.281599,1.7769647,0,0.5505773,2.7815153
5043,110,11631,1661,5eso_ISC_B_602,4,gnina,0.50098316,0.28110807,1.7821718,0,0.96883954,8.1148637
5044,110,10637,1519,4zo7_BGC_A_801,4,gnina,0.50098316,0.27788534,1.8028404,0,0.99254537,3.9763089
5045,110,11332,1618,5dky_NOJ_A_1000,6,smina,0.49323849,0.27757346,1.7769647,0,0.99427407,0.81158828
5046,110,6586,940,3vq4_0NX_A_304,6,smina,0.49169713,0.27670605,1.7769647,0,1.8473579e-05,1.1511078
5047,110,9974,1424,4ubp_HAE_C_800,6,smina,0.4916884,0.27670113,1.7769647,0,0.84384405,0.47185558
5048,110,7881,1125,4dch_GLC_A_501,6,smina,0.49132358,0.27649583,1.7769647,0,0.0049831128,0.84851139
5049,110,1294,184,1jtk_THU_A_138,6,smina,0.49115458,0.27640072,1.7769647,0,0.97610867,1.5691375
5050,110,6243,891,3sli_SKD_A_760,6,smina,0.49107055,0.27635343,1.7769647,0,0,2.4848865
5051,110,12746,1820,5jp9_DCM_A_401,6,smina,0.49083626,0.27622158,1.7769647,0,0,3.0527157
5052,110,48,6,1ac4_TMT_A_296,6,smina,0.49082681,0.27621626,1.7769647,0,0,0.58272992
5053,110,12795,1827,5kcp_PFB_A_378,6,smina,0.49070446,0.27614741,1.7769647,0,0.20405932,0.88081266
5054,110,202,28,1ca7_ENO_A_501,6,smina,0.49016044,0.27584126,1.7769647,0,0.53163124,1.1756886
5055,110,12809,1829,5kcp_PFB_B_378,6,smina,0.49012996,0.27582411,1.7769647,0,1.9108277e-07,0.93938814
5056,110,4780,682,2prl_ORO_A_399,6,smina,0.48913814,0.27526596,1.7769647,0,0,0.78577325
5057,110,15728,2246,6jmd_ORO_A_402,6,smina,0.4888035,0.27507763,1.7769647,0,0,0.82667711
5058,110,13068,1866,5mxh_GAL_A_402,6,smina,0.48783744,0.27453398,1.7769647,0,0.96641087,0.98548801
5059,110,13061,1865,5mxh_GAL_A_401,6,smina,0.48747411,0.27432951,1.7769647,0,0.98364106,0.7463849
5060,110,1049,149,1ia1_TQ3_B_196,6,smina,0.48742968,0.27430451,1.7769647,0,0.99761943,1.9262566
5061,110,15287,2183,6flu_DTK_A_405,6,smina,0.48740045,0.27428806,1.7769647,0,0.96103359,0.57719646
5062,110,5550,792,2x0u_X0U_B_1291,6,smina,0.48725484,0.27420612,1.7769647,0,0,0.98144384
5063,110,15560,2222,6hmw_FUL_I_201,6,smina,0.48723335,0.27419402,1.7769647,0,0.99454261,0.80875809
5064,110,11262,1608,5dav_58J_A_402,6,smina,0.48723109,0.27419275,1.7769647,0,0,3.4564371
5065,110,118,16,1anc_BEN_A_290,6,smina,0.48717943,0.27416368,1.7769647,0,0.98920182,0.88080557
5066,110,5501,785,2wj4_HQD_D_1278,6,smina,0.48704362,0.27408725,1.7769647,0,0.99431803,1.1244735
5067,110,3954,564,2ex1_C5P_A_1427,6,smina,0.48700843,0.27406745,1.7769647,0,0,4.0464171
5068,110,5487,783,2wj4_HQD_A_1281,6,smina,0.48688012,0.27399524,1.7769647,0,0.98978407,1.1730227
5069,110,7454,1064,4c7g_NGO_A_1495,6,smina,0.48629928,0.27366837,1.7769647,0,0.00072600716,1.0494616
5070,110,14517,2073,5z54_0HZ_A_303,6,smina,0.4860505,0.27352836,1.7769647,0,0,2.1459679
5071,110,14664,2094,6a3j_SOE_A_402,6,smina,0.48602569,0.2735144,1.7769647,0,0.98080315,0.98981478
5072,110,10651,1521,4zo7_BGC_A_805,4,gnina,0.49524936,0.27343378,1.8112214,0,6.2179074e-07,3.321725
5073,110,6628,946,3vv5_SLZ_B_301,6,smina,0.48578309,0.27337788,1.7769647,0,0.87615467,2.1193262
5074,110,1280,182,1jl0_PUT_A_401,6,smina,0.48544012,0.27318487,1.7769647,0,0.41996822,0.71532412
5075,110,10058,1436,4uoc_NCN_B_400,6,smina,0.48471208,0.27277516,1.7769647,0,0,3.7096357
5076,110,1490,212,1kwu_MMA_C_701,6,smina,0.48456905,0.27269467,1.7769647,0,0.024385922,0.99732339
5077,110,13502,1928,5tdt_MBN_D_501,6,smina,0.48451106,0.27266204,1.7769647,0,0.93351141,0.61623162
5078,110,1868,266,1ns4_BGC_B_2400,6,smina,0.48442364,0.27261284,1.7769647,0,0.95397826,0.82664297
5079,110,8567,1223,4i4v_NGA_B_201,6,smina,0.48388186,0.27230795,1.7769647,0,1.0038648e-10,1.444961
5080,110,104,14,1aj8_CIT_B_2000,6,smina,0.48832147,0.27214856,1.7943186,0,0.87412835,1.4568068
5081,110,8763,1251,4itu_1HS_D_302,6,smina,0.48317925,0.27191255,1.7769647,0,1.8979311e-06,1.7480627
5082,110,17030,2432,6sj8_44V_A_901,6,smina,0.48258899,0.27158038,1.7769647,0,0,0.76513313
5083,110,13390,1912,5t6b_TMP_B_504,6,smina,0.48219455,0.2713584,1.7769647,0,0,3.6142561
5084,110,13957,1993,5w3k_9TY_B_401,6,smina,0.48216531,0.27134195,1.7769647,0,0,0.74527296
5085,110,9498,1356,4np7_DPJ_A_403,6,smina,0.48194453,0.2712177,1.7769647,0,0.94365657,1.1039447
5086,111,15439,2205,6gnf_GLC_B_602,4,gnina,0.5738847,0.33137163,1.7318453,0,0.99475402,5.4412782
5087,111,5002,714,2qhv_OC9_A_1001,4,gnina,0.64617096,0.31141989,2.0749178,0,3.1956239e-06,2.0857922
5088,111,9377,1339,4n6w_FLC_A_203,4,gnina,0.50211069,0.28992799,1.7318453,0,0.99702905,2.4970976
5089,111,1770,252,1n3o_GYP_A_1001,6,smina,0.48771003,0.28161278,1.7318453,0,0.0021016581,1.1452795
5090,111,958,136,1h8p_PC_A_1110,6,smina,0.48770893,0.28161215,1.7318453,0,0,1.2094074
5091,111,1098,156,1isx_XYP_A_1461,6,smina,0.48681623,0.28109668,1.7318453,0,0.038516264,0.55558561
5092,111,16974,2424,6s39_K5Z_A_301,6,smina,0.48678903,0.28108098,1.7318453,0,4.51464e-10,2.9668473
5093,111,17184,2454,6tfb_N6W_B_202,6,smina,0.48665463,0.28100337,1.7318453,0,0,1.6250366
5094,111,9428,1346,4nf4_2JK_A_301,6,smina,0.48659276,0.28096765,1.7318453,0,0.99543615,1.4223105
5095,111,10639,1519,4zo7_BGC_A_801,6,smina,0.48637143,0.28083985,1.7318453,0,3.7122335e-06,0.90776496
5096,111,14559,2079,5zge_ZZ7_B_302,6,smina,0.48610016,0.28068321,1.7318453,0,3.3937472e-07,5.0585256
5097,111,13698,1956,5uio_8DM_D_202,6,smina,0.48605652,0.28065801,1.7318453,0,0,2.0480814
5098,111,2302,328,1r4s_MUA_A_800,6,smina,0.48595704,0.28060057,1.7318453,0,0,0.73466372
5099,111,5774,824,2z20_PLP_B_801,6,smina,0.48572844,0.28046857,1.7318453,0,0,1.4625388
5100,111,755,107,1h18_PYR_A_1001,6,smina,0.4855999,0.28039436,1.7318453,0,0.048898879,0.60586928
5101,111,10940,1562,5af9_SJR_H_1250,6,smina,0.48512166,0.28011821,1.7318453,0,0,1.7120511
5102,111,11633,1661,5eso_ISC_B_602,6,smina,0.48471562,0.27988375,1.7318453,0,0.96180469,1.7386814
5103,111,5473,781,2wdq_TEO_E_1589,6,smina,0.48468994,0.27986893,1.7318453,0,0.9623516,1.0322953
5104,111,14342,2048,5yaq_ISE_D_402,6,smina,0.48454499,0.27978523,1.7318453,0,0.08979739,1.0030998
5105,111,2820,402,1vkf_CIT_A_501,6,smina,0.48435923,0.27967797,1.7318453,0,0.82759415,1.4395972
5106,111,545,77,1fwn_PEP_A_1268,6,smina,0.48414111,0.27955202,1.7318453,0,0.0030251786,1.3241013
5107,111,5767,823,2z20_PLP_A_701,6,smina,0.4833952,0.27912132,1.7318453,0,0,1.4353592
5108,111,16358,2336,6nyo_U94_A_301,6,smina,0.48179223,0.27819574,1.7318453,0,0.75828904,12.024617
5109,111,5907,843,2zka_AZA_A_302,6,smina,0.4811726,0.27783795,1.7318453,0,0.98636755,0.71347765
5110,111,1719,245,1mmy_G6D_B_348,4,gnina,0.50211069,0.27743642,1.8098216,0,0.0033965023,1.9227067
5111,111,17723,2531,7bzm_GIM_B_501,6,smina,0.48045335,0.27742264,1.7318453,0,0,1.0406108
5112,111,6082,868,3qss_MTG_B_405,6,smina,0.48010813,0.2772233,1.7318453,0,0.0018673786,0.59809029
5113,111,1343,191,1k5s_GRO_B_601,6,smina,0.47985605,0.27707775,1.7318453,0,0.94707091,1.0634992
5114,111,2911,415,1w62_PYC_A_700,6,smina,0.47981842,0.27705602,1.7318453,0,0.99453936,0.68202383
5115,111,12872,1838,5l1u_7PF_A_401,6,smina,0.47980299,0.27704711,1.7318453,0,1.8954547e-06,1.4338161
5116,111,2764,394,1uxi_FUM_A_1311,6,smina,0.47978633,0.27703749,1.7318453,0,0,0.79352868
5117,111,12186,1740,5h9i_XAN_A_301,6,smina,0.47860577,0.27635582,1.7318453,0,0.97503983,0.63819466
5118,111,16659,2379,6qaw_HVE_A_402,6,smina,0.48898386,0.27625856,1.7700216,0,0,2.141834
5119,111,11094,1584,5c7v_PYC_A_804,6,smina,0.47828669,0.27617157,1.7318453,0,1.7746324e-05,0.64460536
5120,111,3828,546,2dm5_ODI_A_312,6,smina,0.47821538,0.27613039,1.7318453,0,0.15456901,1.3862739
5121,111,538,76,1fuy_FIP_A_269,6,smina,0.47798339,0.27599644,1.7318453,0,0,2.3003838
5122,111,16778,2396,6qrn_RIP_A_500,6,smina,0.47745791,0.27569302,1.7318453,0,0.05173119,0.51966646
5123,111,12109,1729,5gwx_SAR_A_302,6,smina,0.47737668,0.27564611,1.7318453,0,0.82482136,0.68654303
5124,111,1712,244,1mmy_G6D_A_348,4,gnina,0.49570514,0.27543117,1.7997414,0,0.0026300371,4.0305555
5125,111,12102,1728,5gwt_SIN_C_301,6,smina,0.47592259,0.2748065,1.7318453,0,0,0.81414823
5126,111,17093,2441,6szl_M3E_B_604,6,smina,0.47559213,0.27461568,1.7318453,0,0,1.0539688
5127,111,16426,2346,6ofr_BOG_A_805,4,gnina,0.50211069,0.27421987,1.8310505,0,2.2532843e-10,4.7311932
5128,111,860,122,1h48_CDI_D_201,6,smina,0.48789923,0.27395678,1.7809341,0,0.97633968,1.0918876
5129,111,16244,2320,6ncx_ADA_D_601,4,gnina,0.50211069,0.27328995,1.837281,0,0.00105751,7.4967684
5130,111,13992,1998,5w8q_BU4_B_400,6,smina,0.4731824,0.27322426,1.7318453,0,0.75503505,0.80036172
5131,111,167,23,1axg_ETF_D_404,6,smina,0.47303811,0.27314094,1.7318453,0,0.91311732,0.53952607
5132,111,6444,920,3v1m_HPK_A_288,4,gnina,0.47227591,0.27270083,1.7318453,0,0.88227148,2.6045265
5133,111,13831,1975,5vl0_BNF_A_404,6,smina,0.4722282,0.27267329,1.7318453,0,0,0.99718043
5134,111,8602,1228,4i6s_FUC_B_101,6,smina,0.47030288,0.27156157,1.7318453,0,0.99789244,0.60128224
5135,111,16230,2318,6ncx_ADA_A_601,4,gnina,0.50211069,0.27138894,1.8501507,0,0.00069010586,6.3786462
5136,112,12086,1726,5gto_MYR_A_502,4,gnina,0.64004358,0.38111639,1.6793904,0,0,4.2408337
5137,112,17161,2451,6t9c_MX8_A_501,4,gnina,0.66921815,0.36896485,1.8137711,0,0,5.8446991
5138,112,14973,2139,6dl7_ONC_B_301,0,surfdock,0.74224331,0.32880073,2.2574251,0,0,4.4665608
5139,112,15001,2143,6dl7_ONC_G_301,0,surfdock,0.74457322,0.32468885,2.293189,0,2.3043627e-07,4.5083476
5140,112,14994,2142,6dl7_ONC_F_301,0,surfdock,0.73890449,0.32210381,2.2939939,0,0.93854984,4.5417522
5141,112,14987,2141,6dl7_ONC_D_301,0,surfdock,0.73875306,0.31225058,2.3658972,0,0,4.389173
5142,112,14980,2140,6dl7_ONC_C_301,0,surfdock,0.73562655,0.31032606,2.3704946,0,0.98777042,4.4959124
5143,112,1733,247,1mrq_STR_A_501,4,gnina,0.57601657,0.30980908,1.8592621,0,0,2.4608852
5144,112,13563,1937,5tvr_AKG_B_402,4,gnina,0.61700428,0.30841453,2.0005672,0,0.00055039333,2.343973
5145,112,14966,2138,6dl7_ONC_A_301,0,surfdock,0.74239813,0.30163578,2.4612393,0,0.9216076,4.5531512
5146,112,7256,1036,4aw0_MJF_A_600,4,gnina,0.50257941,0.29926282,1.6793904,0,1.715285e-10,6.3581428
5147,112,8929,1275,4k5u_GAL_D_301,4,gnina,0.67442225,0.29695981,2.2710884,0,0.97369752,2.1917674
5148,112,8943,1277,4kfj_1R0_A_202,4,gnina,0.50257941,0.29324781,1.7138376,0,0.0002590492,6.029362
5149,112,8915,1273,4k5u_GAL_B_301,4,gnina,0.67280328,0.2879186,2.336782,0,0.98764343,2.0890665
5150,112,17245,2463,6tol_NQW_A_201,4,gnina,0.50257941,0.28524396,1.7619274,0,0.00094125083,8.1763278
5151,112,6024,860,3mk1_NPO_A_912,4,gnina,0.47108445,0.28050903,1.6793904,0,0.99480978,2.2434398
5152,112,5436,776,2wd2_MS5_A_1263,4,gnina,0.46448118,0.27657709,1.6793904,0,0.58799277,4.9187597
5153,112,1442,206,1knu_YPA_A_1001,0,surfdock,0.53164252,0.27038392,1.9662496,0,0.98339956,4.53872
5154,112,5494,784,2wj4_HQD_C_1277,6,smina,0.45356618,0.27007771,1.6793904,0,0,1.24355
5155,112,937,133,1h70_CIR_A_500,6,smina,0.45353149,0.27005705,1.6793904,0,0.99223198,2.5758958
5156,112,16034,2290,6lx5_C5F_A_502,4,gnina,0.50257941,0.26838135,1.8726307,0,0,3.0483064
5157,112,4750,678,2pin_LEG_B_502,4,gnina,0.5025794,0.26797343,1.8754812,0,7.6301262e-07,2.8368617
5158,112,9379,1339,4n6w_FLC_A_203,6,smina,0.44754373,0.26649162,1.6793904,0,0.99632401,1.4920637
5159,112,7447,1063,4c67_L5S_A_1170,6,smina,0.44590002,0.26551287,1.6793904,0,0,2.5477126
5160,112,5214,744,2uuj_896_B_1250,6,smina,0.44569522,0.26539092,1.6793904,0,0,5.4621169
5161,112,10989,1569,5av4_GEN_A_400,6,smina,0.44543816,0.26523785,1.6793904,0,0,1.6513546
5162,112,6061,865,3qhd_795_A_167,6,smina,0.44494689,0.26494532,1.6793904,0,0,0.92672351
5163,112,16715,2387,6qo4_97T_B_301,6,smina,0.44425168,0.26453136,1.6793904,0,0.00094564925,1.1759156
5164,113,5887,841,2zgw_BTN_A_1401,0,surfdock,0.53090757,0.31640748,1.6779226,0,0.95145951,3.2053579
5165,113,17735,2533,7c7g_FJR_B_402,4,gnina,0.57730628,0.30710784,1.8798152,0,0.0037554411,3.4803722
5166,113,17728,2532,7c7g_FJR_A_402,4,gnina,0.57703306,0.30432044,1.8961354,0,0.0017118082,3.088658
5167,113,4323,617,2i1v_F6P_B_720,4,gnina,0.50124422,0.29872888,1.6779226,0,0,2.613236
5168,113,7578,1082,4cle_JR2_A_1271,4,gnina,0.50124422,0.29872888,1.6779226,0,6.3886891e-05,2.8110026
5169,113,14725,2103,6ayv_MLI_A_409,4,gnina,0.50124422,0.29872888,1.6779226,0,0,2.1777136
5170,113,16881,2411,6rgg_K3Q_A_402,4,gnina,0.5011626,0.2844828,1.7616613,0,0.00069195418,2.3398715
5171,113,16874,2410,6rgg_K3Q_A_401,4,gnina,0.50124422,0.28231482,1.7754787,0,0.018100136,2.6212231
5172,113,8887,1269,4jzx_476_A_402,4,gnina,0.57519768,0.28203761,2.0394351,0,0.94457069,4.0413793
5173,113,16895,2413,6rgg_K3Q_B_401,4,gnina,0.49746515,0.28187466,1.7648443,0,0.01816007,2.1844905
5174,113,17294,2470,6u6c_P1T_B_502,4,gnina,0.61971267,0.27896832,2.2214437,0,0.97823644,9.9920726
5175,113,17301,2471,6u6c_P1T_D_505,4,gnina,0.6150224,0.27685696,2.2214437,0,0.97890094,9.9329761
5176,113,17308,2472,6u6c_P1T_H_504,4,gnina,0.61167404,0.27534967,2.2214437,0,0.97754211,10.278772
5177,113,14326,2046,5y8p_3OH_B_301,4,gnina,0.45629641,0.27194112,1.6779226,0,0.00034065989,1.8173199
5178,113,3490,498,2ajx_TGN_L_501,4,gnina,0.49883512,0.26573927,1.877159,0,0.93081373,3.9239026
5179,113,7242,1034,4al9_GLA_G_1123,4,gnina,0.56936424,0.2650891,2.1478212,0,0.99563934,2.3263524
5180,113,15250,2178,6fld_NAG_A_602,4,gnina,0.44107516,0.26286964,1.6779226,0,2.2550837e-08,2.0782875
5181,113,6026,860,3mk1_NPO_A_912,6,smina,0.44034131,0.26243228,1.6779226,0,0,0.70002191
5182,113,7251,1035,4aql_TXC_A_1452,6,smina,0.43924298,0.26177771,1.6779226,0,0,8.988647
5183,113,14242,2034,5xrv_F6R_A_702,4,gnina,0.50124422,0.2616674,1.9155767,0,0.38875384,4.9826488
5184,113,7221,1031,4al9_GLA_C_1123,4,gnina,0.56078272,0.26109365,2.1478212,0,0.99489451,2.4441147
5185,113,7214,1030,4al9_GLA_A_1123,4,gnina,0.56057727,0.26099799,2.1478212,0,0.99731625,2.0886162
5186,113,9741,1391,4qe1_RUU_A_403,4,gnina,0.43782693,0.26093378,1.6779226,0,0.66167179,2.1033612
5187,113,17651,2521,6zi7_RAM_D_503,4,gnina,0.43782544,0.26093289,1.6779226,0,0.073458542,6.5655652
5188,113,3483,497,2ajv_COC_L_501,4,gnina,0.4943126,0.25836801,1.9132104,0,0.80486634,3.722762
5189,113,16078,2296,6m5m_NAG_B_202,6,smina,0.43109883,0.256924,1.6779226,0,0.94115924,1.270149
5190,113,17098,2442,6szt_M4Q_B_601,4,gnina,0.49714433,0.25667066,1.9368949,0,0.0031281087,2.5494195
5191,113,12459,1779,5in3_G1P_B_418,6,smina,0.4303486,0.25647688,1.6779226,0,0.021391389,1.5579718
5192,113,7228,1032,4al9_GLA_D_1123,4,gnina,0.55031085,0.25621807,2.1478212,0,0.9948591,2.0961933
5193,113,14965,2137,6cwr_6LA_A_201,6,smina,0.42967234,0.25607384,1.6779226,0,0.98292288,2.4983092
5194,113,2498,356,1tc2_7HP_A_800,6,smina,0.42946778,0.25595194,1.6779226,0,1.0491379e-07,0.67305545
5195,113,8616,1230,4i6s_FUC_C_101,6,smina,0.4293545,0.25588442,1.6779226,0,0.82584714,0.66331077
5196,113,10380,1482,4xv4_25T_A_303,6,smina,0.42929792,0.2558507,1.6779226,0,0.72554105,0.54730936
5197,113,12907,1843,5la1_XYP_A_601,6,smina,0.42923211,0.25581148,1.6779226,0,0.023808841,0.81051978
5198,113,2505,357,1tc2_7HP_B_810,6,smina,0.42912677,0.2557487,1.6779226,0,1.2944224e-07,0.82853399
5199,113,8574,1224,4i4v_NGA_B_202,6,smina,0.42911605,0.25574231,1.6779226,0,8.7304767e-06,1.4054247
5200,113,12347,1763,5i7r_68W_A_402,6,smina,0.4285583,0.25540991,1.6779226,0,0,3.9077711
5201,113,13824,1974,5vka_AKG_A_402,6,smina,0.42839505,0.25531261,1.6779226,0,0,1.0392034
5202,113,1434,204,1klz_U_A_2001,6,smina,0.42855841,0.25505199,1.6802777,0,0,3.0355493
5203,113,6621,945,3vv5_SLZ_A_300,6,smina,0.42789369,0.25501382,1.6779226,0,0.992605,2.0733444
5204,113,5018,716,2qim_ZEA_A_160,6,smina,0.42746374,0.25475758,1.6779226,0,1.6855805e-06,1.8369448
5205,113,5074,724,2qvr_FDP_A_333,6,smina,0.42747478,0.25471443,1.6782502,0,4.223438e-06,3.0543688
5206,113,15546,2220,6hmw_FUL_G_202,6,smina,0.42733835,0.25468285,1.6779226,0,0.99605066,0.89304499
5207,113,5529,789,2wzv_FMN_B_801,6,smina,0.42698606,0.25447289,1.6779226,0,0,8.5593286
5208,113,9652,1378,4pik_MAN_C_503,6,smina,0.42666279,0.25428023,1.6779226,0,0.99424236,0.8916094
5209,113,17352,2478,6uvj_QJ1_A_205,6,smina,0.42638536,0.25411489,1.6779226,0,0,1.4857788
5210,113,6488,926,3vbn_TYD_E_301,6,smina,0.42636392,0.25410211,1.6779226,0,0,7.9024058
5211,113,3387,483,2a15_NCA_A_1001,6,smina,0.42635423,0.25409634,1.6779226,0,0,0.79279871
5212,113,4150,592,2fzb_TOL_A_600,6,smina,0.42634222,0.25408918,1.6779226,0,0,4.3733173
5213,113,8609,1229,4i6s_FUC_B_102,6,smina,0.4263227,0.25407754,1.6779226,0,0.99635898,0.63762483
5214,114,1257,179,1jho_RMB_A_990,4,gnina,0.56965271,0.3169448,1.7973237,0,0.99268842,3.9799574
5215,114,8285,1183,4gt9_MEF_A_304,4,gnina,0.5031959,0.30526337,1.6483983,0,4.637946e-06,3.1341844
5216,114,3938,562,2euq_BVC_A_401,4,gnina,0.48609877,0.29489141,1.6483983,0,0.67039515,1.4175088
5217,114,14872,2124,6c1i_KNA_A_502,4,gnina,0.50314528,0.2700017,1.8634883,0,3.1599622e-09,2.6165357
5218,114,8917,1273,4k5u_GAL_B_301,6,smina,0.4419004,0.26807851,1.6483983,0,0.98824991,0.81215222
5219,114,8931,1275,4k5u_GAL_D_301,6,smina,0.44120722,0.26765798,1.6483983,0,0.89615582,0.82900095
5220,114,3448,492,2ahc_VNL_A_166,4,gnina,0.48758888,0.26748998,1.8228295,0,0.00036360511,2.5570233
5221,114,3413,487,2a5t_GLY_A_1001,4,gnina,0.4392636,0.26647889,1.6483983,0,0,1.7062074
5222,114,4281,611,2hdk_COI_B_900,4,gnina,0.4392636,0.26647889,1.6483983,0,0.48413384,2.4150628
5223,114,10441,1491,4ynu_LGC_A_602,4,gnina,0.4392636,0.26647889,1.6483983,0,0.0059438459,2.7109929
5224,114,11197,1599,5cmb_GLY_A_301,4,gnina,0.4392636,0.26647889,1.6483983,0,0.99882663,2.5438189
5225,114,12177,1739,5h8q_GLY_B_301,4,gnina,0.4392636,0.26647889,1.6483983,0,0,1.9811117
5226,114,15936,2276,6l68_ALL_A_201,4,gnina,0.4392636,0.26647889,1.6483983,0,0.90275732,1.6483778
5227,114,39,5,1a9r_HPA_A_290,4,gnina,0.4392636,0.26647889,1.6483983,0,0.9870541,2.0072693
5228,114,12004,1714,5g44_YTZ_A_1512,6,smina,0.43663271,0.26488286,1.6483983,0,0,1.467832
5229,114,11596,1656,5eo8_TFU_A_402,4,gnina,0.53612108,0.25952858,2.0657487,0,0.0036373978,1.7373845
5230,114,13087,1869,5n5k_8NW_A_307,4,gnina,0.5031959,0.25903198,1.9426005,0,0.52232736,2.8941852
5231,114,12788,1826,5kcj_6RM_B_302,6,smina,0.42533934,0.25803175,1.6483983,0,0,6.2626357
5232,114,3492,498,2ajx_TGN_L_501,6,smina,0.42500312,0.25782778,1.6483983,0,0,5.3812253
5233,114,15833,2261,6jz6_CKX_B_701,6,smina,0.42317051,0.25671603,1.6483983,0,0.98498229,1.5213517
5234,114,8924,1274,4k5u_GAL_C_301,6,smina,0.42277289,0.25647482,1.6483983,0,0.9111077,0.90646787
5235,114,1952,278,1o68_KIV_D_275,6,smina,0.42249068,0.25630361,1.6483983,0,0.99047589,0.74524271
5236,114,7006,1000,3zwe_FUC_B_110,6,smina,0.4223142,0.25619655,1.6483983,0,0.99642748,0.61158591
5237,114,3520,502,2b3f_GAL_B_3311,6,smina,0.42213941,0.25609052,1.6483983,0,0.99888467,1.4530715
5238,114,1847,263,1now_IFG_A_557,6,smina,0.42213764,0.25608944,1.6483983,0,0.98508921,1.2126305
5239,114,8147,1163,4evq_PHB_B_402,6,smina,0.42204382,0.25603252,1.6483983,0,0,1.9415909
5240,114,5368,766,2vp5_DCZ_B_1210,6,smina,0.42188161,0.25593412,1.6483983,0,0,2.2247788
5241,114,1854,264,1now_IFG_B_558,6,smina,0.42173556,0.25584552,1.6483983,0,0.98528131,1.2602346
5242,114,5361,765,2vp5_DCZ_A_1210,6,smina,0.42172639,0.25583996,1.6483983,0,0,2.2148211
5243,114,5828,832,2z48_NGA_B_2002,4,gnina,0.57778143,0.25580973,2.2586365,0,5.4945047e-05,2.5329831
5244,114,867,123,1h48_CDI_E_902,6,smina,0.42154663,0.2557309,1.6483983,0,0.98930827,1.0671479
5245,114,15315,2187,6flu_DTK_B_403,6,smina,0.42133016,0.25559959,1.6483983,0,0.96787132,0.55155939
5246,114,1826,260,1nmm_NAG_B_403,6,smina,0.42122152,0.25553368,1.6483983,0,0.99530916,1.6386065
5247,114,174,24,1bqp_MAN_B_401,6,smina,0.42118573,0.25551197,1.6483983,0,0.99227775,0.76984829
5248,114,3079,439,1y2x_NAG_D_3144,6,smina,0.42109026,0.25545405,1.6483983,0,0.99071689,1.230388
5249,114,4409,629,2iyq_SKM_A_201,6,smina,0.42105521,0.25543279,1.6483983,0,0.0097245743,0.85961833
5250,114,7510,1072,4cjv_IV2_B_1215,6,smina,0.42100966,0.25540515,1.6483983,0,0.052108639,0.87846395
5251,114,5942,848,2ztl_3HL_C_301,6,smina,0.42092925,0.25535638,1.6483983,0,0.00029793126,0.70586192
5252,114,1105,157,1isx_XYP_B_961,6,smina,0.42092645,0.25535468,1.6483983,0,0.021229635,0.57519997
5253,114,6117,873,3r51_MMA_A_200,6,smina,0.42089492,0.25533555,1.6483983,0,0.99344042,0.93529013
5254,114,12361,1765,5i8z_JA1_A_302,6,smina,0.42083874,0.25530146,1.6483983,0,0,4.6983573
5255,114,846,120,1h48_CDI_B_902,6,smina,0.42081798,0.25528887,1.6483983,0,0.9614032,1.649782
5256,114,6593,941,3vq4_0NX_A_305,6,smina,0.42059155,0.25515151,1.6483983,0,0.9723803,0.98660088
5257,114,1455,207,1kuj_MMA_A_501,6,smina,0.42055379,0.2551286,1.6483983,0,0.994993,1.053496
5258,114,17527,2503,6xp1_T2C_A_401,6,smina,0.42050658,0.25509996,1.6483983,0,0,0.64282036
5259,114,5928,846,2ztl_3HL_A_301,6,smina,0.42038992,0.25502919,1.6483983,0,0.00033717621,0.6843413
5260,114,8196,1170,4fra_GAL_A_402,6,smina,0.41982898,0.25468889,1.6483983,0,4.1850984e-06,1.0584717
5261,114,7328,1046,4bdr_KAI_B_900,6,smina,0.41978732,0.25466362,1.6483983,0,0.98536359,2.2062522
5262,114,7139,1019,4a9j_TYL_B_1187,6,smina,0.41974085,0.25463543,1.6483983,0,0,0.88167926
5263,114,9554,1364,4ovl_1TD_A_308,6,smina,0.41961789,0.25456084,1.6483983,0,0,1.8726454
5264,115,2034,290,1p1w_AMQ_A_428,4,gnina,0.54634127,0.31313223,1.7447612,0,0.96512929,2.9687677
5265,115,2041,291,1p1w_AMQ_B_427,4,gnina,0.54692454,0.31102655,1.7584487,0,0.90247571,3.3202116
5266,115,17357,2479,6uxr_K6G_B_202,4,gnina,0.50338441,0.31099347,1.6186324,0,0.00034241582,5.9163127
5267,115,6178,882,3rsc_TYD_B_397,4,gnina,0.5648924,0.30692914,1.8404642,0,0.95954458,4.9946286
5268,115,9678,1382,4q3a_2YC_B_904,4,gnina,0.65515391,0.30230367,2.1672037,0,0.97992052,4.1014986
5269,115,7025,1003,3zwt_ORO_A_1398,4,gnina,0.47973764,0.30078874,1.5949312,0,0.00013061549,1.6802519
5270,115,17380,2482,6v8n_QS1_A_1704,6,smina,0.46153848,0.28937812,1.5949312,0,0,16.367767
5271,115,17611,2515,6zac_QDE_A_4000,6,smina,0.46126747,0.2892082,1.5949312,0,0,4.7902657
5272,115,8140,1162,4evi_N7I_B_401,6,smina,0.46050176,0.28872811,1.5949312,0,0,2.0644802
5273,115,5410,772,2w1a_TSA_C_1091,6,smina,0.46042622,0.28868075,1.5949312,0,0.092288641,1.1816213
5274,115,4178,596,2g5v_22M_A_301,6,smina,0.46030692,0.28860595,1.5949312,0,0,1.7420287
5275,115,3184,454,1zdq_MSM_B_1508,6,smina,0.46023853,0.28856307,1.5949312,0,0,0.38931277
5276,115,4003,571,2f78_BEZ_B_1002,6,smina,0.46023158,0.28855871,1.5949312,0,0.98852637,0.9257424
5277,115,4171,595,2g21_L1B_A_885,6,smina,0.46022217,0.28855281,1.5949312,0,0,5.9999745
5278,115,9547,1363,4ofu_DHT_A_1001,6,smina,0.4601766,0.28852424,1.5949312,0,0,1.4385062
5279,115,3989,569,2f78_BEZ_A_1001,6,smina,0.45997514,0.28839793,1.5949312,0,0.99368829,0.7158328
5280,115,6054,864,3qgz_ADN_A_127,6,smina,0.45912232,0.28786322,1.5949312,0,0.98556684,2.1549066
5281,115,5193,741,2rtn_IMI_D_300,6,smina,0.4584477,0.28744024,1.5949312,0,0.30624612,3.5231492
5282,115,3177,453,1zdq_MSM_A_1507,6,smina,0.45819965,0.28728472,1.5949312,0,0,0.42021335
5283,115,13705,1957,5uio_8DM_E_202,6,smina,0.45792146,0.2871103,1.5949312,0,0,3.1270396
5284,115,7979,1139,4dwv_PFB_B_378,6,smina,0.45785975,0.28707161,1.5949312,0,0.97443221,1.1952748
5285,115,8805,1257,4j5h_1K4_A_303,6,smina,0.45732071,0.28673364,1.5949312,0,0.92141415,5.1191271
5286,115,10114,1444,4uzi_IMD_B_1456,6,smina,0.45724796,0.28668802,1.5949312,0,0,0.37657917
5287,115,2092,298,1pfw_MF3_A_553,6,smina,0.45674481,0.28637255,1.5949312,0,0.89847451,1.9405595
5288,115,5935,847,2ztl_3HL_B_301,6,smina,0.456266,0.28607235,1.5949312,0,0.0092645086,0.66544782
5289,115,2069,295,1p7l_MET_B_385,4,gnina,0.54334391,0.28519968,1.9051341,0,6.4489877e-07,3.8860595
5290,115,7699,1099,4cno_9PY_D_301,6,smina,0.45466031,0.2850656,1.5949312,0,0.96551874,1.047493
5291,115,9015,1287,4kwl_3SS_A_302,6,smina,0.45443795,0.28492619,1.5949312,0,0.62750063,0.76380438
5292,115,2062,294,1p7l_MET_A_485,4,gnina,0.54428661,0.28466858,1.9120001,0,4.4855776e-05,4.2472975
5293,115,671,95,1gkc_NFH_A_1448,6,smina,0.45841892,0.28465038,1.6104621,0,0,3.8918299
5294,115,160,22,1axg_ETF_C_404,6,smina,0.45377785,0.28451232,1.5949312,0,0.93178758,0.53518158
5295,115,3191,455,1zei_CRS_C_56,6,smina,0.45346617,0.28431689,1.5949312,0,0.26359788,0.56533624
5296,115,6600,942,3vq5_MMJ_A_1007,6,smina,0.45324802,0.28418012,1.5949312,0,0.00092565632,1.6636025
5297,115,678,96,1gkc_NFH_B_1449,6,smina,0.45312822,0.28410501,1.5949312,0,0,3.9503863
5298,115,9671,1381,4q3a_2YC_A_904,4,gnina,0.61530987,0.28391868,2.1672037,0,0.91490274,5.0307149
5299,115,17065,2437,6sxr_KHP_A_507,6,smina,0.45281964,0.28391153,1.5949312,0,0,2.7410449
5300,115,1959,279,1o68_KIV_E_275,6,smina,0.45231258,0.28359361,1.5949312,0,0.63647904,0.69919028
5301,115,8035,1147,4e7v_CRS_Q_101,6,smina,0.45200748,0.28340232,1.5949312,0,0.1888693,0.50334211
5302,115,6439,919,3uwb_BB2_A_154,6,smina,0.45194733,0.2833646,1.5949312,0,0,7.1396467
5303,115,216,30,1ca7_ENO_C_701,6,smina,0.45188808,0.28332745,1.5949312,0,0.96569604,1.2533392
5304,115,12389,1769,5ice_2H4_A_402,6,smina,0.45164012,0.28317199,1.5949312,0,0,2.8027787
5305,115,412,58,1ei6_PPF_D_412,6,smina,0.45160557,0.28315033,1.5949312,0,0.99170829,0.71986785
5306,115,5263,751,2v32_BEZ_B_1220,6,smina,0.45033698,0.28235493,1.5949312,0,0.99193351,0.63929723
5307,115,3219,459,1zei_CRS_F_54,6,smina,0.45028946,0.28232514,1.5949312,0,0.27302846,0.50281451
5308,115,14237,2033,5xoi_SIN_A_401,6,smina,0.45003599,0.28216622,1.5949312,0,0,0.89852918
5309,115,17597,2513,6ypv_AKG_A_302,6,smina,0.4495625,0.28186935,1.5949312,0,0.029032794,1.351093
5310,115,12550,1792,5j4k_6FZ_A_404,6,smina,0.44915585,0.28161439,1.5949312,0,0.77373321,0.68254634
5311,115,8280,1182,4gnp_PEP_A_703,6,smina,0.44819692,0.28101315,1.5949312,0,3.2525816e-07,1.0862744
5312,115,2729,389,1ubs_SER_B_398,6,smina,0.44780435,0.28076701,1.5949312,0,0.87363587,4.138218
5313,115,13181,1883,5o3b_9HZ_C_501,0,surfdock,0.5219603,0.28043158,1.8612741,0,0,4.4746512
5314,116,5044,720,2qs2_UBF_B_602,4,gnina,0.57927526,0.35170548,1.6470455,0,0.50263432,5.3234633
5315,116,9594,1370,4p7q_NAG_A_704,4,gnina,0.50476933,0.32393913,1.5582218,0,1.6376658e-05,2.2576863
5316,116,9587,1369,4p7q_NAG_A_703,4,gnina,0.49514217,0.31749945,1.5595046,0,0.0017362879,2.6947899
5317,116,5037,719,2qs2_UBF_A_603,4,gnina,0.50476933,0.3064694,1.6470455,0,0.69927724,4.9581718
5318,116,9680,1382,4q3a_2YC_B_904,6,smina,0.45417672,0.29147098,1.5582218,0,0,3.4363862
5319,116,10632,1518,4zjz_BEZ_B_601,6,smina,0.45117303,0.28954334,1.5582218,0,8.4606511e-07,0.66189356
5320,116,2253,321,1q4g_BFL_B_1701,6,smina,0.45095111,0.28940092,1.5582218,0,0,1.5874746
5321,116,2246,320,1q4g_BFL_A_701,6,smina,0.4507527,0.28927359,1.5582218,0,0,1.9863121
5322,116,9099,1299,4l91_X29_A_301,6,smina,0.45015284,0.28888863,1.5582218,0,0,2.5569527
5323,116,2596,370,1toq_AMG_A_501,6,smina,0.44956045,0.28850846,1.5582218,0,0.99724082,0.88260839
5324,116,16449,2349,6ooi_PGA_B_301,6,smina,0.44847148,0.28780961,1.5582218,0,0.071158905,1.1045404
5325,116,3660,522,2c3d_COM_A_1525,6,smina,0.44834967,0.28773143,1.5582218,0,0.95704071,0.71655274
5326,116,14566,2080,5zgr_ZZ7_A_303,6,smina,0.44811411,0.28758026,1.5582218,0,0.033785488,4.9443504
5327,116,3765,537,2coj_GBN_B_420,6,smina,0.44806147,0.28754648,1.5582218,0,0.0017205918,1.2543886
5328,116,1462,208,1kuj_MMA_C_502,6,smina,0.44794446,0.28747139,1.5582218,0,0.99043813,1.0329455
5329,116,2610,372,1toq_AMG_G_504,6,smina,0.44772612,0.28733127,1.5582218,0,0.99399425,1.0623412
5330,116,13467,1923,5tde_2HP_B_901,6,smina,0.44686721,0.28678006,1.5582218,0,0.98793898,0.51995532
5331,116,6208,886,3se2_3AB_D_3,6,smina,0.44644941,0.28651193,1.5582218,0,0,0.86259574
5332,116,9673,1381,4q3a_2YC_A_904,6,smina,0.44623915,0.28637699,1.5582218,0,0,3.6884986
5333,116,2750,392,1uqx_MMA_A_1116,6,smina,0.44525617,0.28574616,1.5582218,0,0.01502514,0.89557124
5334,116,17763,2537,7jo3_VGS_A_302,4,gnina,0.58228784,0.28500507,2.0430779,0,0.99243681,2.3241309
5335,116,11745,1677,5fc5_PC_A_516,6,smina,0.43996201,0.28234859,1.5582218,0,0,1.1380179
5336,116,3051,435,1xuz_PEP_A_2001,6,smina,0.43921872,0.28187159,1.5582218,0,0.94619993,0.99857274
5337,116,12326,1760,5i5s_NVU_A_402,6,smina,0.43833526,0.28130462,1.5582218,0,3.8294434e-05,1.2443348
5338,116,8168,1166,4f8n_GAL_A_204,6,smina,0.43791141,0.28103261,1.5582218,0,0.80339719,0.71091127
5339,116,12830,1832,5kjw_53C_A_800,6,smina,0.43722452,0.28059179,1.5582218,0,0,0.83265762
5340,116,7613,1087,4clr_FDB_C_1270,4,gnina,0.48733407,0.27993614,1.7408749,0,0.94024436,2.3911399
5341,116,1945,277,1o68_KIV_B_275,6,smina,0.43603764,0.27983011,1.5582218,0,0.65560804,0.69853849
5342,117,10917,1559,5adi_TUE_A_800,4,gnina,0.58501946,0.38762394,1.509244,0,1.5762146e-06,4.1460885
5343,117,8880,1268,4jxh_HRC_A_301,4,gnina,0.58299141,0.34970801,1.6670796,0,0.0011788271,3.669468
5344,117,4260,608,2gzm_DGL_A_501,4,gnina,0.58535897,0.33858547,1.7288357,0,0.99304708,4.928495
5345,117,8894,1270,4jzx_IPE_A_401,4,gnina,0.50530238,0.31361258,1.6112303,0,0.00027107356,3.5562462
5346,117,130,18,1aog_MAE_A_500,4,gnina,0.44154885,0.29256276,1.509244,0,0.8868754,2.2138741
5347,117,3434,490,2agw_TSS_D_3001,4,gnina,0.44154885,0.29256276,1.509244,0,0.072105097,2.3672911
5348,117,3441,491,2agw_TSS_H_2001,4,gnina,0.44154885,0.29256276,1.509244,0,0.050957705,3.3444697
5349,117,13150,1878,5nnw_GCS_D_302,4,gnina,0.44154885,0.29256276,1.509244,0,7.5903389e-06,2.4453437
5350,117,3968,566,2f3s_7GP_A_998,6,smina,0.44148151,0.29251814,1.509244,0,0.65451171,3.0877655
5351,117,4274,610,2gzm_DGL_C_503,4,gnina,0.50530238,0.29215465,1.7295706,0,0.99337429,2.9386778
5352,117,4267,609,2gzm_DGL_B_502,4,gnina,0.50530238,0.29193732,1.7308582,0,0.99104021,4.4445594
5353,117,1838,262,1nmz_NYM_A_301,4,gnina,0.57840716,0.28950523,1.9979151,0,0.3615752,3.8429287
5354,117,4465,637,2j9e_AKG_C_1119,6,smina,0.43522684,0.2883739,1.509244,0,0.99432455,1.1557366
5355,117,10457,1493,4ysx_MLI_E_701,6,smina,0.44069751,0.28684209,1.5363758,0,0.10787287,0.83398846
5356,117,15525,2217,6hmw_FUL_B_204,6,smina,0.43099189,0.28556789,1.509244,0,0.95134835,0.63770099
5357,117,3422,488,2a9z_26A_A_1001,6,smina,0.43097802,0.2855587,1.509244,0,0,3.1667546
5358,117,5571,795,2xh0_PEP_B_1440,6,smina,0.43089116,0.28550115,1.509244,0,0.99461301,1.6031575
5359,117,7237,1033,4al9_GLA_E_1123,6,smina,0.43088533,0.28549729,1.509244,0,0.9970911,0.84309931
5360,117,4290,612,2hi4_BHF_A_800,6,smina,0.43088372,0.28549622,1.509244,0,0,1.405068
5361,117,10121,1445,4v2z_Y70_A_151,6,smina,0.4308677,0.28548561,1.509244,0,0,1.9377782
5362,117,8595,1227,4i6s_FUC_A_101,6,smina,0.43086451,0.28548349,1.509244,0,0.99697048,0.87503813
5363,117,7216,1030,4al9_GLA_A_1123,6,smina,0.43083626,0.28546478,1.509244,0,0.9974034,0.72815334
5364,117,8154,1164,4evs_PHB_A_408,6,smina,0.43081946,0.28545364,1.509244,0,0,1.04534
5365,117,17051,2435,6sux_BEN_A_302,6,smina,0.43079004,0.28543415,1.509244,0,0.99528147,0.70780964
5366,117,6432,918,3uud_EST_B_600,6,smina,0.43077859,0.28542657,1.509244,0,0,1.7784511
5367,117,1196,170,1j0y_BGC_D_4601,6,smina,0.43077447,0.28542384,1.509244,0,0.99561829,0.93180391
5368,117,8651,1235,4i7n_1DJ_B_203,6,smina,0.43077137,0.28542178,1.509244,0,0.99523392,1.2199692
5369,117,7244,1034,4al9_GLA_G_1123,6,smina,0.4307519,0.28540888,1.509244,0,0.0049342247,0.76756317
5370,117,15539,2219,6hmw_FUL_F_202,6,smina,0.43074513,0.28540439,1.509244,0,0.99518184,0.59617447
5371,117,10660,1522,4zo7_GLC_A_806,6,smina,0.43074464,0.28540407,1.509244,0,0.99504636,0.93845347
5372,117,14748,2106,6b6r_BEN_A_302,6,smina,0.43073716,0.28539911,1.509244,0,0.99484727,0.63332224
5373,117,13376,1910,5t3h_BEN_A_302,6,smina,0.43073107,0.28539507,1.509244,0,0.99472224,0.67457602
5374,117,8161,1165,4f06_PHB_A_401,6,smina,0.43072823,0.28539319,1.509244,0,0,1.0944909
5375,117,1189,169,1j0y_BGC_C_3601,6,smina,0.43072795,0.28539301,1.509244,0,0.25181758,0.99905697
5376,117,8959,1279,4kqk_PCR_A_403,6,smina,0.43071571,0.2853849,1.509244,0,0,0.54557588
5377,117,16015,2287,6lit_2OH_B_501,6,smina,0.43069914,0.28537392,1.509244,0,0,1.6943135
5378,117,16386,2340,6o2z_LJV_A_500,6,smina,0.43069314,0.28536995,1.509244,0,2.1512187e-09,5.691281
5379,117,16008,2286,6lit_2OH_A_501,6,smina,0.43069058,0.28536825,1.509244,0,0,1.5432496
5380,117,16750,2392,6qot_6SD_A_301,6,smina,0.4306824,0.28536283,1.509244,0,0,1.8361869
5381,117,17058,2436,6svu_BEN_A_302,6,smina,0.43067464,0.28535769,1.509244,0,0.99496937,0.67998667
5382,117,7223,1031,4al9_GLA_C_1123,6,smina,0.43067336,0.28535684,1.509244,0,0.021251355,0.80313093
5383,117,13726,1960,5uio_LG3_C_201,6,smina,0.43067073,0.2853551,1.509244,0,0,0.83122077
5384,117,8966,1280,4kqk_PCR_B_703,6,smina,0.43065535,0.28534491,1.509244,0,0,0.61925031
5385,117,7349,1049,4bu7_25F_C_2165,6,smina,0.43065227,0.28534287,1.509244,0,0,1.5496769
5386,117,7230,1032,4al9_GLA_D_1123,6,smina,0.43064188,0.28533598,1.509244,0,0.99475716,0.74527131
5387,117,1693,241,1ml4_PAL_A_385,6,smina,0.43062353,0.28532382,1.509244,0,0.7954115,2.2569962
5388,117,13719,1959,5uio_LG3_B_201,6,smina,0.43058403,0.28529765,1.509244,0,0,0.64738792
5389,117,7342,1048,4bu7_25F_A_2165,6,smina,0.43055922,0.28528121,1.509244,0,0,2.0353322
5390,117,13936,1990,5vys_1YJ_A_301,6,smina,0.43055166,0.2852762,1.509244,0,0.99284637,0.75457758
5391,117,13712,1958,5uio_LG3_A_201,6,smina,0.43055086,0.28527567,1.509244,0,0,0.612557
5392,118,12523,1789,5ivg_FPS_B_704,0,surfdock,0.53185659,0.33396299,1.5925605,0,0,4.4480399
5393,118,12537,1791,5ivg_FPS_D_704,0,surfdock,0.53185659,0.32797741,1.6216247,0,0,4.3841401
5394,118,12530,1790,5ivg_FPS_C_704,0,surfdock,0.53185659,0.31905342,1.6669819,0,0,4.4405719
5395,118,9002,1286,4kux_FPS_D_704,0,surfdock,0.53185659,0.3136534,1.6956816,0,0,4.2423635
5396,118,16988,2426,6s51_KVQ_A_901,6,smina,0.45404586,0.3113174,1.4584651,0,3.1062005e-08,2.7631201
5397,118,8995,1285,4kux_FPS_C_705,0,surfdock,0.53185659,0.31097237,1.7103008,0,0,4.2115209
5398,118,524,74,1fsa_F6P_B_338,6,smina,0.45194864,0.30987944,1.4584651,0,2.1935784e-05,2.1922011
5399,118,11437,1633,5dz2_212_B_404,6,smina,0.45025199,0.30871612,1.4584651,0,0,1.8974159
5400,118,8992,1284,4kux_FPS_B_405,4,gnina,0.62553711,0.30325998,2.0627081,0,0.53266792,7.2634926
5401,118,8981,1283,4kux_FPS_A_704,0,surfdock,0.53185659,0.30311497,1.7546356,0,0.86740178,4.359318
5402,118,13003,1857,5m62_BGC_A_409,4,gnina,0.44090114,0.3023047,1.4584651,0,0.005516375,1.8045686
5403,118,14601,2085,6a1f_9OF_A_807,6,smina,0.438057,0.30035461,1.4584651,0,0,1.1771372
5404,118,10009,1429,4ud9_FQI_H_1257,6,smina,0.43801456,0.30032551,1.4584651,0,0.0041502751,1.3511103
5405,118,8413,1201,4hon_AKG_A_401,6,smina,0.43789667,0.30024468,1.4584651,0,0.99503453,1.1242094
5406,118,11738,1676,5fay_CHT_B_906,6,smina,0.43789414,0.30024294,1.4584651,0,0,0.73850606
5407,118,8420,1202,4hon_AKG_B_401,6,smina,0.43787938,0.30023282,1.4584651,0,0.94454028,1.0511665
5408,118,15483,2211,6hgl_TES_A_401,6,smina,0.43785522,0.30021626,1.4584651,0,0,0.96720565
5409,118,5655,807,2xya_7L4_A_1181,6,smina,0.43777893,0.30016395,1.4584651,0,5.118026e-06,1.2425404
5410,118,4262,608,2gzm_DGL_A_501,6,smina,0.43773754,0.30013557,1.4584651,0,0.99320177,1.5348839
5411,118,10625,1517,4zjz_BEZ_A_1001,6,smina,0.43765124,0.3000764,1.4584651,0,7.4747403e-08,0.69587525
5412,118,14419,2059,5ybp_AKG_A_302,6,smina,0.43764928,0.30007506,1.4584651,0,5.9948306e-05,1.2366393
5413,118,11990,1712,5g44_I6G_A_1510,6,smina,0.43754739,0.30000519,1.4584651,0,0.00043100361,1.0908396
5414,118,15406,2200,6g5q_EMZ_B_402,6,smina,0.4375468,0.30000479,1.4584651,0,8.56782e-10,1.3060261
5415,118,11731,1675,5fay_CHT_A_908,6,smina,0.43750446,0.29997576,1.4584651,0,0,0.79423688
5416,118,2022,288,1owz_4FA_A_409,6,smina,0.43749539,0.29996954,1.4584651,0,0,0.88255164
5417,118,15063,2151,6e43_BEZ_C_502,6,smina,0.43749219,0.29996734,1.4584651,0,0.10030386,0.8491615
5418,118,1609,229,1lti_GAL_H_104,6,smina,0.43744052,0.29993192,1.4584651,0,0.98904427,0.73105582
5419,118,7622,1088,4clr_FDB_D_1270,6,smina,0.43737886,0.29988964,1.4584651,0,0,0.71031515
5420,118,1595,227,1lti_GAL_D_104,6,smina,0.43734617,0.29986723,1.4584651,0,0.98758186,0.84560292
5421,118,15070,2152,6e43_BEZ_D_502,6,smina,0.43733067,0.2998566,1.4584651,0,0.12612577,0.84994349
5422,118,8875,1267,4jwx_1N4_A_301,6,smina,0.43732946,0.29985577,1.4584651,0,0,1.6951742
5423,118,7601,1085,4clo_XP0_D_1270,6,smina,0.43729184,0.29982997,1.4584651,0,0,2.8376633
5424,118,13817,1973,5vjg_0BP_A_403,6,smina,0.43728621,0.29982611,1.4584651,0,0.00684306,0.75010783
5425,118,2169,309,1pr0_NOS_C_1247,6,smina,0.4372528,0.29980321,1.4584651,0,0.99591391,2.1079051
5426,118,15049,2149,6e43_BEZ_A_502,6,smina,0.4371854,0.299757,1.4584651,0,0.10446788,0.7632519
5427,118,2561,365,1tl2_NDG_A_237,6,smina,0.43715442,0.29973576,1.4584651,0,0.91973813,1.2622809
5428,118,2575,367,1tl2_NDG_A_239,6,smina,0.43691392,0.29957085,1.4584651,0,0.98124082,1.2203831
5429,118,4276,610,2gzm_DGL_C_503,6,smina,0.43675621,0.29946272,1.4584651,0,0.99347535,1.6097062
5430,118,1287,183,1jl0_PUT_B_401,6,smina,0.43672308,0.29944,1.4584651,0,0.9840279,0.81273194
5431,118,8427,1203,4hoz_GLC_A_703,6,smina,0.43660925,0.29936195,1.4584651,0,0.16170067,0.78520421
5432,118,12886,1840,5l7u_NGA_B_601,6,smina,0.43659692,0.2993535,1.4584651,0,5.6208175e-05,1.3770132
5433,118,4269,609,2gzm_DGL_B_502,6,smina,0.43659551,0.29935253,1.4584651,0,0.99151646,1.4957585
5434,118,15840,2262,6k92_GT0_A_802,6,smina,0.43641033,0.29922557,1.4584651,0,0.97158807,1.2069136
5435,118,3429,489,2a9z_26A_A_1002,6,smina,0.43633721,0.29917543,1.4584651,0,0,2.8883687
5436,118,8973,1281,4kqx_HIO_A_402,6,smina,0.43621376,0.29909079,1.4584651,0,0.005095586,0.82364087
5437,118,9120,1302,4lo1_GAL_A_301,6,smina,0.43611309,0.29902177,1.4584651,0,0.97187122,0.78272977
5438,118,1301,185,1jtk_THU_B_1138,6,smina,0.4359773,0.29892866,1.4584651,0,0.96875062,1.7456616
5439,118,4899,699,2qb4_LEU_A_601,6,smina,0.43562358,0.29868613,1.4584651,0,0.96185469,0.90890196
5440,118,4115,587,2fyd_BGC_B_403,6,smina,0.43546334,0.29857626,1.4584651,0,0.45587006,0.89969785
5441,118,8322,1188,4h9g_14J_A_512,6,smina,0.43536028,0.2985056,1.4584651,0,0.0097244858,0.67101272
5442,119,8313,1187,4h4c_10D_B_402,4,gnina,0.50426585,0.35447741,1.4225603,0,0.040354752,3.4329845
5443,119,8306,1186,4h4c_10D_A_402,4,gnina,0.50426585,0.35008021,1.4404285,0,0.80311995,4.0170773
5444,119,8103,1157,4ek1_CAM_A_502,4,gnina,0.49671908,0.33792115,1.469925,0,0.046482637,2.0064011
5445,119,8110,1158,4ek1_CAM_B_502,4,gnina,0.49599547,0.3376264,1.4690651,0,0.043326237,2.2906114
5446,119,12114,1730,5gzz_GSH_C_301,4,gnina,0.56831444,0.33294562,1.7069278,0,2.5837688e-08,11.802401
5447,119,12121,1731,5gzz_GSH_D_301,4,gnina,0.5813272,0.32098575,1.8110676,0,1.8636896e-07,8.2325109
5448,119,2715,387,1uay_ADN_A_1001,6,smina,0.44535671,0.3169643,1.405068,0,0.98503771,2.3848195
5449,119,2722,388,1uay_ADN_B_1002,6,smina,0.44437691,0.31626697,1.405068,0,0.99770735,2.3885509
5450,119,9638,1376,4pbr_2L7_A_401,6,smina,0.44427473,0.31619424,1.405068,0,0,4.1218418
5451,119,15595,2227,6hqr_3DM_A_502,6,smina,0.44203538,0.31460048,1.405068,0,0,0.88582427
5452,119,7615,1087,4clr_FDB_C_1270,6,smina,0.43741353,0.31131107,1.405068,0,0,0.72663789
5453,119,12753,1821,5jp9_DCM_B_401,6,smina,0.44128465,0.31094613,1.4191666,0,0,2.858663
5454,119,15385,2197,6fw0_E92_A_602,6,smina,0.43555143,0.30998579,1.405068,0,0,2.0614128
5455,119,12128,1732,5gzz_GSH_E_301,4,gnina,0.55102962,0.30997764,1.7776421,0,0,13.513908
5456,119,12683,1811,5jep_EVF_B_302,6,smina,0.4302871,0.30623913,1.405068,0,0.99859952,1.301643
5457,119,12676,1810,5je7_EVF_B_302,6,smina,0.43023585,0.30620265,1.405068,0,0.00016567211,1.2293339
5458,119,12669,1809,5jdv_EVF_B_302,6,smina,0.43017777,0.30616132,1.405068,0,0.00012658825,1.1174003
5459,119,15441,2205,6gnf_GLC_B_602,6,smina,0.43008318,0.30609399,1.405068,0,0.0012664955,0.83923237
5460,119,13313,1901,5oo4_URI_A_201,6,smina,0.4300664,0.30608205,1.405068,0,0,2.5144632
5461,119,13908,1986,5vyr_B62_A_301,6,smina,0.43004646,0.30606786,1.405068,0,0,0.84982806
5462,119,1224,174,1j3k_UMP_D_711,6,smina,0.43000474,0.30603817,1.405068,0,0,4.0207555
5463,119,16337,2333,6nni_CP6_A_203,6,smina,0.42994681,0.30599694,1.405068,0,0,1.5937594
5464,119,1392,198,1kdo_C_A_5407,6,smina,0.4299151,0.30597437,1.405068,0,0,4.7544412
5465,119,5886,840,2zgw_ADN_A_1301,6,smina,0.42982713,0.30591176,1.405068,0,0.99105103,2.5597317
5466,119,15140,2162,6f66_CUT_A_300,6,smina,0.42975454,0.3058601,1.405068,0,0,1.4136241
5467,119,16064,2294,6ly4_TES_A_501,6,smina,0.42937416,0.30558938,1.405068,0,0,1.1067513
5468,119,1203,171,1j3i_UMP_D_711,6,smina,0.42869343,0.3051049,1.405068,0,0,3.0522689
5469,119,13985,1997,5w8q_BU4_A_400,6,smina,0.42859902,0.30503771,1.405068,0,0.75537341,0.63231106
5470,119,15147,2163,6f66_CUT_B_300,6,smina,0.42816629,0.30472972,1.405068,0,0,1.9351458
5471,119,6425,917,3uud_EST_A_600,6,smina,0.42813775,0.30470941,1.405068,0,0,1.9198191
5472,119,10310,1472,4xf0_CYS_A_502,6,smina,0.42802891,0.30463196,1.405068,0,0.97012731,0.77849068
5473,119,17135,2447,6t10_M6Z_A_601,6,smina,0.42743269,0.30420761,1.405068,0,0,0.97398819
5474,119,7706,1100,4crg_J4X_A_1493,6,smina,0.42740217,0.30418589,1.405068,0,0,6.6212312
5475,119,13096,1870,5n5k_HAE_A_306,6,smina,0.42720287,0.30404405,1.405068,0,2.4947079e-07,0.41766418
5476,119,16995,2427,6s9g_L1Q_A_305,6,smina,0.42695554,0.30386802,1.405068,0,0.99433744,2.2672804
5477,119,14608,2086,6a1l_BEZ_A_403,6,smina,0.4268707,0.30380765,1.405068,0,1.832623e-06,0.64362578
5478,119,13943,1991,5vys_1YJ_B_301,6,smina,0.42662521,0.30363293,1.405068,0,0.98250282,0.74199178
5479,119,4227,603,2gnm_MAN_A_253,6,smina,0.42659132,0.3036088,1.405068,0,0.96363483,0.83986788
5480,119,14594,2084,5zpt_HY1_B_703,6,smina,0.42637034,0.30345153,1.405068,0,0,0.94965406
5481,119,9267,1323,4mol_2FG_D_802,6,smina,0.42625452,0.3033691,1.405068,0,0.17331627,0.96995375
5482,119,16512,2358,6pk1_PLP_B_501,6,smina,0.42580082,0.3030462,1.405068,0,0.010367014,2.0009784
5483,119,13838,1976,5vl0_BNF_B_404,6,smina,0.42571655,0.30298623,1.405068,0,0,0.99510403
5484,119,13320,1902,5ooa_URI_A_201,6,smina,0.42941977,0.30277681,1.4182707,0,0,2.6530971
5485,119,5158,736,2rbx_3AY_X_2001,6,smina,0.42513175,0.30257002,1.405068,0,0.67344959,0.70641437
5486,119,1749,249,1msv_PUT_B_355,6,smina,0.42491882,0.30241847,1.405068,0,0.98670242,0.71380387
5487,119,11038,1576,5bk9_SIN_A_301,6,smina,0.42491228,0.30241382,1.405068,0,0,0.89459345
5488,119,7993,1141,4e7v_CRS_3_101,6,smina,0.4248399,0.3023623,1.405068,0,0.29191525,0.44460855
5489,119,9127,1303,4lo1_GAL_B_301,6,smina,0.42443571,0.30207464,1.405068,0,0.028775082,0.74563326
5490,119,8581,1225,4i4v_NGA_D_201,6,smina,0.42411256,0.30184465,1.405068,0,2.39634e-07,1.6257652
5491,119,11304,1614,5di7_5CQ_B_601,6,smina,0.42367276,0.30153164,1.405068,0,0,1.5473431
5492,120,3126,446,1yik_MM1_A_501,4,gnina,0.47573709,0.36035806,1.3201779,0,0.00053327132,1.7877393
5493,120,4603,657,2nu7_COA_E_1325,4,gnina,0.48289209,0.35729255,1.3515304,0,3.6358971e-07,4.2109559
5494,120,5900,842,2zi2_24U_H_801,6,smina,0.44846631,0.33970117,1.3201779,0,0,4.2449299
5495,120,3996,570,2f78_BEZ_A_1003,6,smina,0.44442924,0.3366432,1.3201779,0,0.94535438,0.59274627
5496,120,5711,815,2y5a_3AP_A_1295,6,smina,0.44299778,0.33555891,1.3201779,0,0,0.50854161
5497,120,6983,997,3zog_A2Q_A_200,4,gnina,0.44117043,0.33417474,1.3201779,0,0.0070547844,1.4708113
5498,120,4885,697,2qb4_DSM_A_801,6,smina,0.44069065,0.33381132,1.3201779,0,0,2.2200166
5499,120,8952,1278,4kp7_1UQ_B_502,6,smina,0.43927966,0.33274254,1.3201779,0,0,2.8396667
5500,120,7986,1140,4e7v_CRS_1_101,6,smina,0.43673908,0.33081811,1.3201779,0,0.27925035,0.46011247
5501,120,8329,1189,4h9x_HL4_A_404,6,smina,0.43458414,0.32918581,1.3201779,0,0,1.2534985
5502,120,8042,1148,4e7v_CRS_S_101,6,smina,0.43358003,0.32635243,1.3285629,0,0.047936036,0.52871998
5503,120,15581,2225,6ho7_GHQ_A_301,6,smina,0.43369294,0.32586807,1.3308841,0,0.98717229,1.8919143
5504,120,8133,1161,4ekr_0R0_B_203,6,smina,0.42974344,0.3255191,1.3201779,0,0.99016093,0.9767278
5505,120,433,61,1eyw_PEL_A_404,6,smina,0.42713343,0.32354209,1.3201779,0,0,0.65063999
5506,120,3226,460,1zei_CRS_F_55,6,smina,0.42602949,0.32270588,1.3201779,0,0.059056671,0.56734599
5507,120,7076,1010,4a78_JZ3_A_1296,6,smina,0.42551812,0.32231853,1.3201779,0,0.15206974,0.64112792
5508,120,9386,1340,4n94_2HO_A_401,6,smina,0.42438057,0.32145687,1.3201779,0,0,1.0463051
5509,120,5270,752,2v32_BEZ_D_1221,6,smina,0.42351751,0.32080313,1.3201779,0,0.072497837,0.73931623
5510,120,8434,1204,4hrq_AZG_A_201,6,smina,0.42291304,0.32034525,1.3201779,0,0.040063501,0.63738286
5511,120,9666,1380,4pxd_1AL_B_502,6,smina,0.42270119,0.32018479,1.3201779,0,0.99686467,1.3423634
5512,120,8364,1194,4hez_1MZ_A_302,6,smina,0.42259773,0.32010642,1.3201779,0,0,0.41428609
5513,120,12214,1744,5hfa_FP1_A_607,6,smina,0.42245654,0.31999947,1.3201779,0,0,0.88361223
5514,120,2806,400,1v5y_4HC_B_1201,6,smina,0.42225748,0.31984869,1.3201779,0,1.169379e-05,0.65897733
5515,120,17667,2523,6zjw_GAL_A_1102,6,smina,0.42220188,0.31980658,1.3201779,0,0.0039612279,0.85415947
5516,120,17751,2535,7cwd_GLC_A_901,6,smina,0.42395628,0.31930502,1.327746,0,0.00022970443,0.86632524
5517,120,17681,2525,7a2h_QX2_A_401,6,smina,0.42113306,0.31899697,1.3201779,0,0.0099326878,0.55316691
5518,120,3772,538,2cxp_A5P_A_1601,6,smina,0.4205469,0.31855297,1.3201779,0,0.98424829,2.572278
5519,120,2463,351,1sz6_NAG_B_5002,6,smina,0.42000827,0.31814497,1.3201779,0,3.428949e-09,1.3559282
5520,121,447,63,1f5f_DHT_A_253,6,smina,0.4265436,0.34158084,1.248733,0,0,1.3851088
5521,121,1175,167,1j0y_BGC_A_1601,6,smina,0.42537747,0.34064698,1.248733,0,0.22234628,1.1645375
5522,121,11199,1599,5cmb_GLY_A_301,6,smina,0.4250629,0.34039507,1.248733,0,0.99879427,0.599091
5523,121,7426,1060,4c2p_X8Z_A_709,6,smina,0.42420081,0.3397047,1.248733,0,0,1.2699075
5524,121,13075,1867,5mzj_TEP_A_2401,6,smina,0.42378909,0.33937499,1.248733,0,0,0.78720368
5525,121,15084,2154,6ezf_C6Z_A_1003,6,smina,0.42228878,0.33817353,1.248733,0,0,1.4663643
5526,121,6789,969,3wlf_FEH_A_401,6,smina,0.42128826,0.3373723,1.248733,0,0.0052109764,0.84747903
5527,121,10541,1505,4za7_4LV_A_606,6,smina,0.42094176,0.33709481,1.248733,0,0,0.97751068
5528,121,2218,316,1pzy_NAG_D_406,6,smina,0.42092375,0.33708039,1.248733,0,0.00043383384,1.4608949
5529,121,10429,1489,4y6n_3PG_A_402,6,smina,0.41883374,0.33540669,1.248733,0,0.0014364564,1.7931044
5530,121,699,99,1gxu_2HP_A_1092,6,smina,0.41825088,0.33493994,1.248733,0,0.96195406,0.42156138
5531,121,12235,1747,5hgz_MLA_A_302,6,smina,0.41784849,0.33461769,1.248733,0,0.00056184696,0.57797504
5532,121,1182,168,1j0y_BGC_B_2601,6,smina,0.41646123,0.33350676,1.248733,0,0.99200104,0.98735226
5533,121,15847,2263,6k92_GT0_B_602,6,smina,0.41613244,0.33324346,1.248733,0,0.003774098,1.2592953
5534,121,657,93,1gim_HDA_A_438,6,smina,0.41588453,0.33304493,1.248733,0,0.010349419,0.78473519
5535,121,13663,1951,5ud0_13P_B_405,6,smina,0.41316523,0.33086728,1.248733,0,0.74208696,1.0801729
5536,121,17716,2530,7bzm_GIM_A_501,6,smina,0.41285467,0.33061859,1.248733,0,0,1.0363857
5537,121,15938,2276,6l68_ALL_A_201,6,smina,0.41273577,0.33052337,1.248733,0,0.92053352,0.7646829
5538,121,552,78,1fwn_PEP_B_2268,6,smina,0.41112389,0.32923256,1.248733,0,0.0020633448,0.95430076
5539,121,8637,1233,4i6y_MEV_B_1001,6,smina,0.4097413,0.32812536,1.248733,0,0.48466494,1.0876596
5540,121,10324,1474,4xh4_PPI_A_504,6,smina,0.40840672,0.32705662,1.248733,0,0,0.50855817
5541,121,8782,1254,4j0k_EGR_B_501,4,gnina,0.56800534,0.32678404,1.7381663,0,0.00053170677,3.1887955
5542,121,7956,1136,4du7_DP6_A_401,4,gnina,0.58286014,0.32639889,1.7857286,0,0.94559839,4.4086001
5543,121,8231,1175,4gcq_0JM_B_401,6,smina,0.40698689,0.32591961,1.248733,0,1.3648693e-07,6.40997
5544,121,2407,343,1sff_IK2_B_450,6,smina,0.40692328,0.32586867,1.248733,0,0,6.716205
5545,121,6614,944,3vqe_FMQ_A_1006,6,smina,0.4067597,0.32573766,1.248733,0,0,1.5744252
5546,121,1154,164,1ixo_G3P_B_1002,6,smina,0.40654294,0.32556408,1.248733,0,0.024492461,1.4803993
5547,121,16141,2305,6mry_FLC_B_101,6,smina,0.40628496,0.32535749,1.248733,0,0.97431607,1.3399124
5548,121,8560,1222,4i4v_NGA_A_202,6,smina,0.40442315,0.32386653,1.248733,0,0.98645358,1.6176807
5549,121,11528,1646,5eo7_SFU_B_401,6,smina,0.40431958,0.32378359,1.248733,0,0.42122763,1.1626317
5550,121,2379,339,1s5s_PG3_A_1,6,smina,0.40377955,0.32335113,1.248733,0,0.55755448,0.94215354
5551,121,8224,1174,4gcq_0JM_A_401,6,smina,0.40318872,0.32287799,1.248733,0,8.7788002e-09,5.3999695
5552,121,1861,265,1ns4_BGC_A_1400,6,smina,0.40275386,0.32252974,1.248733,0,0.98345498,0.99738415
5553,121,13348,1906,5r9o_54F_A_401,6,smina,0.40144268,0.32147974,1.248733,0,0,1.2106246
5554,121,3919,559,2ef9_PEP_A_1268,6,smina,0.40076306,0.32093549,1.248733,0,0.9153514,0.95702924
5555,121,7963,1137,4du7_DP6_B_401,4,gnina,0.58099118,0.32043415,1.8131366,0,0.9694456,4.081529
5556,121,1896,270,1nux_F6P_A_2339,6,smina,0.39779817,0.31856117,1.248733,0,6.7003181e-06,1.7674498
5557,121,17499,2499,6x9d_HYP_B_2002,6,smina,0.39691001,0.31784993,1.248733,0,0.99915038,1.0290334
5558,121,17492,2498,6x9d_HYP_A_2002,6,smina,0.39676768,0.31773595,1.248733,0,0.0087431302,1.0133204
5559,121,7398,1056,4bvh_OCZ_C_1394,6,smina,0.39653824,0.31755221,1.248733,0,0,1.7788536
5560,121,7391,1055,4bvh_OCZ_B_1392,6,smina,0.39634287,0.31739576,1.248733,0,0,1.9437386
5561,121,6215,887,3se2_LDR_A_1,6,smina,0.3959912,0.31711414,1.248733,0,0,1.0186351
5562,121,132,18,1aog_MAE_A_500,6,smina,0.41070939,0.31576526,1.3006785,0,0,0.71096821
5563,121,15770,2252,6jwy_PH2_A_802,6,smina,0.39390484,0.31544335,1.248733,0,0,0.98215648
5564,121,12368,1766,5i9m_69K_A_302,6,smina,0.39345644,0.31508427,1.248733,0,0.00071310436,1.9688509
5565,121,14587,2083,5zpt_HY1_A_702,6,smina,0.39293059,0.31466317,1.248733,0,0,0.98256514
5566,121,7692,1098,4cno_9PY_C_301,6,smina,0.39102811,0.31313964,1.248733,0,0.43542829,1.2103805
5567,121,11057,1579,5bkd_RCF_B_503,4,gnina,0.50973346,0.31179705,1.6348236,0,0,4.0825036
5568,121,7146,1020,4a9j_TYL_C_1184,6,smina,0.38911414,0.3116069,1.248733,0,0,0.95992297
5569,121,3940,562,2euq_BVC_A_401,6,smina,0.3888726,0.31141348,1.248733,0,0,0.67615727
5570,122,11458,1636,5e4o_L57_A_201,6,smina,0.47857103,0.41135733,1.163394,0,0,2.9509948
5571,122,9965,1423,4u8y_MIY_B_1102,4,gnina,0.63521081,0.39726849,1.5989449,0,0,15.126139
5572,122,16041,2291,6lx5_C5F_A_503,4,gnina,0.50208939,0.38887362,1.2911367,0,0.16064342,3.2154492
5573,122,15131,2161,6f48_XQB_A_302,4,gnina,0.50208944,0.38714953,1.2968867,0,0,3.2325065
5574,122,16051,2293,6lx5_C5F_B_502,0,surfdock,0.53096668,0.38397799,1.382804,0,5.4205958e-07,3.3250002
5575,122,5382,768,2vsu_V55_D_1251,6,smina,0.43232616,0.37160739,1.163394,0,1.9703024e-07,1.38022
5576,122,9967,1423,4u8y_MIY_B_1102,6,smina,0.42148247,0.36228667,1.163394,0,0,4.4900331
5577,122,6446,920,3v1m_HPK_A_288,6,smina,0.4211068,0.36196376,1.163394,0,0.41910781,2.237549
5578,122,15154,2164,6f6a_CU5_B_301,6,smina,0.41404201,0.35589119,1.163394,0,0.99598924,2.8939501
5579,122,3058,436,1y2x_NAG_A_144,6,smina,0.41337622,0.35531891,1.163394,0,0.99018027,1.2877173
5580,122,17016,2430,6si4_LEK_A_402,6,smina,0.41003233,0.35244466,1.163394,0,0,2.5356935
5581,122,17765,2537,7jo3_VGS_A_302,6,smina,0.40937401,0.3518788,1.163394,0,0.99384505,1.67786
5582,122,6047,863,3qfx_CP6_B_702,6,smina,0.40872841,0.35132387,1.163394,0,0,1.5815582
5583,122,230,32,1cdk_MYR_B_403,6,smina,0.40856941,0.3511872,1.163394,0,0.95304053,0.55214364
5584,122,6040,862,3qfx_CP6_A_602,6,smina,0.40856128,0.35118021,1.163394,0,0,1.6859594
5585,122,7370,1052,4buv_16I_C_2165,6,smina,0.40597006,0.34895292,1.163394,0,0,2.6209312
5586,122,17772,2538,7joc_ARZ_A_302,6,smina,0.40481909,0.3479636,1.163394,0,0,2.6522039
5587,122,6075,867,3qss_MTG_A_405,6,smina,0.40438415,0.34758975,1.163394,0,0.00092424007,0.7927917
5588,122,12970,1852,5lwy_OLB_A_409,6,smina,0.41679596,0.34612012,1.2041936,0,0,12.222767
5589,122,1966,280,1o6g_SIN_A_724,6,smina,0.40138831,0.34501466,1.163394,0,2.8431668e-08,3.3850285
5590,122,12711,1815,5jj2_MLI_A_301,6,smina,0.39974277,0.34360024,1.163394,0,0.20184878,0.62462655
5591,122,9162,1308,4lz3_BTM_A_409,6,smina,0.39626733,0.34061291,1.163394,0,0,1.4009039
5592,122,2736,390,1uk7_BUA_A_1300,6,smina,0.39549385,0.33994806,1.163394,0,0.89872057,0.69472206
5593,122,12893,1841,5l9v_OGA_A_502,6,smina,0.39515197,0.33965419,1.163394,0,0.00037146538,0.90376142
5594,122,13845,1977,5vl0_BNF_C_404,6,smina,0.39158195,0.33658558,1.163394,0,0,1.0178707
5595,122,15238,2176,6fjj_LSA_A_302,6,smina,0.39992057,0.33571675,1.1912431,0,0.022076591,0.68861571
5596,122,2540,362,1tiw_TFB_A_2002,6,smina,0.3891445,0.33449046,1.163394,0,0.97557413,0.6407121
5597,122,5718,816,2ye5_2A7_A_1224,6,smina,0.38888328,0.33426593,1.163394,0,0.0071464511,0.70677945
5598,122,8000,1142,4e7v_CRS_E_101,6,smina,0.38681504,0.33248816,1.163394,0,0.049165754,0.5885503
5599,122,11465,1637,5e4o_L57_B_201,6,smina,0.40053544,0.33225044,1.2055217,0,0,2.8739955
5600,122,622,88,1g8z_GAL_G_104,6,smina,0.38626625,0.33201645,1.163394,0,3.1325451e-07,0.90068702
5601,122,3406,486,2a5t_GLU_B_2002,4,gnina,0.50208944,0.33172373,1.5135761,0,0,2.4515288
5602,122,9736,1390,4qck_ASD_A_404,6,smina,0.38422058,0.33025808,1.163394,0,0,1.3754795
5603,122,11654,1664,5ewc_5SJ_A_801,6,smina,0.3839758,0.33004768,1.163394,0,0,1.4817272
5604,122,223,31,1cdk_MYR_A_403,6,smina,0.38274889,0.32899309,1.163394,0,0.66112392,0.56919767
5605,122,13600,1942,5u5g_7VD_D_302,6,smina,0.38237171,0.32866888,1.163394,0,0.93651939,0.82089849
5606,122,13607,1943,5u5x_TP5_A_302,6,smina,0.38207409,0.32841307,1.163394,0,0,1.165409
5607,122,9505,1357,4npm_SIN_A_301,6,smina,0.3809287,0.32742854,1.163394,0,0,0.80338076
5608,122,8014,1144,4e7v_CRS_I_101,6,smina,0.38063511,0.32717618,1.163394,0,0.010759305,0.56379253
5609,122,1630,232,1lzz_IHG_B_1830,6,smina,0.38047092,0.32703505,1.163394,0,0.0020482913,0.67060711
5610,122,14286,2040,5y1g_AKB_A_401,6,smina,0.38045817,0.32702409,1.163394,0,0.12295326,0.98313284
5611,122,2785,397,1v03_BGC_A_1498,6,smina,0.38009542,0.32671229,1.163394,0,0,3.5972069
5612,122,11619,1659,5eo8_TFU_A_406,6,smina,0.3799714,0.32660569,1.163394,0,0.9789705,0.7971105
5613,122,9743,1391,4qe1_RUU_A_403,6,smina,0.37950861,0.3262079,1.163394,0,0.00069800512,0.70890236
5614,122,17044,2434,6sjs_THH_B_901,6,smina,0.37816126,0.32504978,1.163394,0,0,0.91424076
5615,122,1539,219,1ldo_SNR_A_150,6,smina,0.37746612,0.32445227,1.163394,0,0,1.8512103
5616,122,3408,486,2a5t_GLU_B_2002,6,smina,0.37746612,0.32445227,1.163394,0,1.3153815e-07,1.8342831
5617,122,3863,551,2e56_MYR_A_601,6,smina,0.37746612,0.32445227,1.163394,0,5.8843662e-07,5.0713625
5618,122,6306,900,3tky_N7I_A_369,6,smina,0.37746612,0.32445227,1.163394,0,0,1.6402068
5619,122,7209,1029,4ajj_MLI_D_1333,6,smina,0.37746612,0.32445227,1.163394,0,0.95990453,0.65268193
5620,123,2279,325,1qit_MAE_A_411,4,gnina,0.5006092,0.46066849,1.0867007,0,2.0989431e-05,1.7306052
5621,123,7711,1101,4cvb_PQQ_A_1608,4,gnina,0.5006092,0.46066849,1.0867007,0,0.98932721,4.1767554
5622,123,9106,1300,4lek_1DN_X_202,6,smina,0.46483549,0.42774896,1.0867007,0,0,6.3501739
5623,123,11724,1674,5faj_DCS_D_401,6,smina,0.4524174,0.41632164,1.0867007,0,0.98276286,3.9019619
5624,123,1985,283,1om5_INE_A_790,4,gnina,0.50058697,0.41415309,1.2086993,0,2.7932529e-05,2.1976963
5625,123,11710,1672,5faj_DCS_B_401,6,smina,0.44925529,0.41341181,1.0867007,0,0,5.9920797
5626,123,11717,1673,5faj_DCS_C_401,6,smina,0.44622883,0.41062681,1.0867007,0,0,4.8129447
5627,123,11703,1671,5faj_DCS_A_401,6,smina,0.44523996,0.40971684,1.0867007,0,0,4.8273753
5628,123,13691,1955,5uio_8DM_C_202,6,smina,0.48140807,0.40163453,1.1986213,0,0,3.1094403
5629,123,503,71,1fs5_16G_A_1267,6,smina,0.4338663,0.39925062,1.0867007,0,5.5937244e-08,2.6789855
5630,123,17590,2512,6yaw_P9H_B_502,6,smina,0.44985701,0.39830949,1.1294148,0,0.69172576,18.197718
5631,123,1992,284,1om5_INE_B_791,4,gnina,0.48114533,0.39542804,1.2167699,0,0.00029421017,2.2517857
5632,123,5396,770,2vzu_PNJ_B_1904,6,smina,0.4215965,0.38795975,1.0867007,0,0,3.5689465
5633,123,7104,1014,4a8p_PAO_C_1340,6,smina,0.44989883,0.37690475,1.1936662,0,0,2.7866682
5634,123,7356,1050,4buf_F36_A_2162,6,smina,0.40297514,0.37082409,1.0867007,0,0,3.1947222
5635,123,7363,1051,4buf_F36_B_2162,6,smina,0.40211083,0.37002874,1.0867007,0,0,2.1942516
5636,123,16869,2409,6rbx_JYT_A_301,6,smina,0.39995593,0.36804576,1.0867007,0,0,1.5535053
5637,123,9050,1292,4l80_OXL_A_402,6,smina,0.39429472,0.36283623,1.0867007,0,0.052766983,0.61265428
5638,123,2939,419,1wq4_TYR_A_501,6,smina,0.38942601,0.35835596,1.0867007,0,2.2285523e-06,1.4709873
5639,123,17583,2511,6yaw_P9H_A_301,6,smina,0.44758644,0.35811789,1.2498289,0,0.21424433,12.679154
5640,123,4689,669,2o7d_DHC_G_701,6,smina,0.38878939,0.35777014,1.0867007,0,0,2.0849243
5641,123,10079,1439,4ur9_BK9_B_1717,6,smina,0.38840416,0.35741564,1.0867007,0,1.7833965e-06,0.98320832
5642,123,4675,667,2o7d_DHC_A_701,6,smina,0.3882521,0.35727571,1.0867007,0,0,1.5398351
5643,123,4927,703,2qcx_PF1_B_300,6,smina,0.468951,0.35724532,1.3126853,0,0,1.9347204
5644,123,4668,666,2o7b_HC4_G_701,6,smina,0.38793198,0.35698113,1.0867007,0,0,1.3016339
5645,123,4682,668,2o7d_DHC_B_701,6,smina,0.38791547,0.35696594,1.0867007,0,0,1.6821243
5646,123,370,52,1e48_13P_P_302,6,smina,0.38724862,0.35635229,1.0867007,0,2.6846964e-05,0.96878192
5647,123,1077,153,1iki_REY_A_400,6,smina,0.38663838,0.35579075,1.0867007,0,7.6439142e-08,6.1899493
5648,123,6,0,19gs_BSP_B_210,6,smina,0.38649642,0.35566011,1.0867007,0,2.9078849e-06,0.67157019
5649,123,5326,760,2vjb_CCD_B_1540,6,smina,0.39063917,0.3554546,1.0989838,0,0,1.3166006
5650,123,14293,2041,5y7a_KYN_A_502,6,smina,0.38410348,0.35345809,1.0867007,0,0.33603053,2.1376245
5651,123,6684,954,3w8x_FTK_A_601,6,smina,0.38398781,0.35335165,1.0867007,0,0.0018548253,2.5460017
5652,123,300,42,1diw_GAL_A_1400,6,smina,0.38378205,0.3531623,1.0867007,0,0.00096965744,0.8265303
5653,123,5312,758,2vjb_CCD_A_1540,6,smina,0.38336615,0.35277958,1.0867007,0,0,1.250913
5654,123,3086,440,1y42_TYR_X_701,6,smina,0.38310884,0.35254281,1.0867007,0,3.968174e-06,1.6961852
5655,123,5949,849,2ztl_3HL_D_301,6,smina,0.38282652,0.35228301,1.0867007,0,0.00067215566,0.66336302
5656,123,5592,798,2xmi_FLC_A_1379,6,smina,0.38205866,0.35157641,1.0867007,0,0.092777569,1.602977
5657,123,496,70,1fqo_F6R_B_2268,6,smina,0.38158291,0.35113862,1.0867007,0,0.034743563,2.409616
5658,123,16582,2368,6ps7_ZMA_A_1201,6,smina,0.381431,0.35099883,1.0867007,0,0,3.925518
5659,123,6404,914,3ucl_CYH_A_543,6,smina,0.38106325,0.35066042,1.0867007,0,0.00010864387,0.44438181
5660,123,14496,2070,5ylf_BGC_A_401,6,smina,0.3808661,0.350479,1.0867007,0,0.014519174,0.83515575
5661,123,13474,1924,5tde_2HP_B_902,6,smina,0.37964842,0.34935847,1.0867007,0,7.0745561e-05,0.41984355
5662,123,6383,911,3u3o_3QV_A_297,6,smina,0.38690039,0.34846325,1.1103038,0,0,1.0096654
5663,123,8056,1150,4e7v_CRS_Y_101,6,smina,0.37816615,0.34799446,1.0867007,0,0.28516806,0.55514563
5664,123,13159,1879,5nov_93B_A_201,6,smina,0.37757198,0.34744769,1.0867007,0,0,0.44560302
5665,123,10296,1470,4x36_CHT_A_412,6,smina,0.37721129,0.34711579,1.0867007,0,0,0.61875306
5666,123,4283,611,2hdk_COI_B_900,6,smina,0.37705107,0.34696835,1.0867007,0,6.9365813e-07,0.98079147
5667,123,8126,1160,4ekr_0R0_A_203,6,smina,0.37690969,0.34683825,1.0867007,0,0.0088247875,0.59584109
5668,123,14790,2112,6bkk_308_B_101,6,smina,0.37670501,0.3466499,1.0867007,0,0,0.53088782
5669,123,9344,1334,4n4j_HG1_A_605,6,smina,0.37585101,0.34586404,1.0867007,0,8.2795518e-05,1.4711472
5670,124,2288,326,1qmh_CIT_A_401,6,smina,0.42276088,0.40328948,1.0482805,0,0.016457058,1.5121148
5671,124,3037,433,1xl0_OX2_A_998,6,smina,0.43661119,0.39565714,1.103508,0,0.71233137,1.7238157
5672,124,1798,256,1nf0_13P_A_5001,6,smina,0.38136123,0.36379661,1.0482805,0,0.00049362274,1.023543
5673,124,13481,1925,5tde_FLC_A_501,6,smina,0.35898593,0.34245186,1.0482805,0,0.036615954,1.6497067
5674,124,12375,1767,5iav_MLI_A_302,6,smina,0.35685698,0.34042097,1.0482805,0,5.400759e-05,0.90055451
5675,124,11241,1605,5cyf_FLC_C_301,6,smina,0.35647245,0.34005415,1.0482805,0,0.05744854,1.5413094
5676,124,10156,1450,4wbd_CIT_A_602,6,smina,0.35619475,0.33978924,1.0482805,0,0.97958002,1.7966679
5677,124,7207,1029,4ajj_MLI_D_1333,4,gnina,0.88857708,0.33810407,2.6281161,0,0.95931022,3.1582882
5678,124,12291,1755,5hxi_5HN_A_403,6,smina,0.3501312,0.33400497,1.0482805,0,2.2305846e-07,0.83306974
5679,124,1581,225,1lro_PEP_A_1268,6,smina,0.34894513,0.33287352,1.0482805,0,0.037611107,0.92150848
5680,124,3891,555,2eb5_OXL_C_2003,6,smina,0.34890213,0.3328325,1.0482805,0,0.028213748,0.57849242
5681,124,10716,1530,4zu3_4SD_B_302,6,smina,0.42358847,0.33254595,1.2737733,0,0.71791004,1.2696684
5682,124,16939,2419,6rlt_MLI_B_511,6,smina,0.34739137,0.33139133,1.0482805,0,0.63673615,0.6106585
5683,124,6565,937,3vnj_PSJ_D_301,6,smina,0.34722354,0.33123123,1.0482805,0,0.051081607,1.4636763
5684,124,11045,1577,5bkd_AKG_A_502,6,smina,0.34685418,0.33087887,1.0482805,0,3.7492852e-06,1.1304436
5685,124,3056,436,1y2x_NAG_A_144,4,gnina,0.96576831,0.33006114,2.9260275,0,0.99068784,2.2440601
5686,124,7713,1101,4cvb_PQQ_A_1608,6,smina,0.50985784,0.32947913,1.5474653,0,2.7020321e-09,3.5290285
5687,124,14615,2087,6a1l_BEZ_A_404,6,smina,0.34502762,0.32913645,1.0482805,0,0.37966528,0.58247424
5688,124,11052,1578,5bkd_AKG_B_502,6,smina,0.34494984,0.32906225,1.0482805,0,1.4474867e-06,1.2192784
5689,124,9232,1318,4mig_G3F_B_802,6,smina,0.34480713,0.32892611,1.0482805,0,0.00060204633,0.88501016
5690,124,7202,1028,4ajj_MLI_A_1333,6,smina,0.3447937,0.3289133,1.0482805,0,0.95322187,0.68619756
5691,124,1742,248,1msv_PUT_A_355,6,smina,0.34462859,0.32875579,1.0482805,0,0.89947524,0.69653748
5692,124,3926,560,2ef9_PEP_B_2268,6,smina,0.34462859,0.32875579,1.0482805,0,0.78803941,1.0306002
5693,124,6551,935,3vnj_PSJ_A_301,6,smina,0.34462859,0.32875579,1.0482805,0,0.065552202,1.5187467
5694,124,9330,1332,4n36_2F8_B_401,6,smina,0.34462859,0.32875579,1.0482805,0,0.871185,1.7133965
5695,124,9337,1333,4n36_2F8_C_401,6,smina,0.34462859,0.32875579,1.0482805,0,0.91756857,1.4557807
5696,124,10555,1507,4zb2_GLC_A_403,6,smina,0.34462859,0.32875579,1.0482805,0,0.035948937,0.86420052
5697,124,10590,1512,4zbc_GLC_A_407,6,smina,0.34462859,0.32875579,1.0482805,0,0.0010367392,0.86591948
5698,125,13299,1899,5oip_9WE_A_302,6,smina,0.46227583,0.44870685,1.0302392,0,0,3.4348858
5699,125,41,5,1a9r_HPA_A_290,6,smina,0.46954446,0.44323672,1.0593528,0,0.22012759,0.5928253
5700,125,7032,1004,3zyx_MBT_A_601,4,gnina,0.59220747,0.41559331,1.4249678,0,0,3.0469671
5701,125,1245,177,1j54_TMP_A_2000,6,smina,0.4238749,0.41143309,1.0302392,0,0,3.6011647
5702,125,235,33,1cgk_NAR_A_390,4,gnina,0.44481351,0.40775444,1.0908848,0,0,3.2945778
5703,125,3924,560,2ef9_PEP_B_2268,4,gnina,0.78854881,0.40266584,1.9583197,0,0.79352428,2.5526111
5704,125,12354,1764,5i8s_LEA_A_202,6,smina,0.3984698,0.3867737,1.0302392,0,0.97513702,0.74938167
5705,125,4864,694,2q6m_P34_A_1002,6,smina,0.39482632,0.37587278,1.0504245,0,0,2.6494063
5706,125,4717,673,2ot7_OGA_B_500,6,smina,0.44624529,0.37079995,1.2034655,0,0.0001279635,1.2295159
5707,125,5891,841,2zgw_BTN_A_1401,4,gnina,0.57419178,0.36704837,1.5643481,0,0.97960222,3.5096533
5708,125,6411,915,3uu7_2OH_A_1,6,smina,0.37297877,0.36203089,1.0302392,0,0,1.5443812
5709,125,6418,916,3uu7_2OH_B_1,6,smina,0.37230475,0.36137665,1.0302392,0,0,1.511677
5710,125,9085,1297,4l80_OXL_F_402,6,smina,0.3709195,0.36003206,1.0302392,0,0.073805683,0.63046289
5711,125,16925,2417,6rhc_K48_A_305,6,smina,0.43598383,0.35735764,1.2200201,0,0.98957485,1.3392307
5712,125,11920,1702,5fwe_OGA_A_1358,6,smina,0.35731751,0.34682933,1.0302392,0,0.00033973026,1.2278487
5713,125,4423,631,2izf_BTN_D_301,6,smina,0.43750302,0.3438603,1.2723268,0,0,2.4296025
5714,125,4416,630,2izf_BTN_B_300,6,smina,0.43688448,0.34337415,1.2723268,0,0,2.279233
5715,125,9335,1333,4n36_2F8_C_401,4,gnina,0.87721055,0.33955692,2.5833967,0,0,2.4736571
5716,125,11351,1621,5dne_ASN_B_601,4,gnina,0.50125862,0.33879391,1.4795375,0,0.99318145,6.8838173
5717,125,11358,1622,5dne_ASN_C_601,4,gnina,0.50125862,0.33879391,1.4795375,0,0.99329093,6.8388853
5718,125,8630,1232,4i6y_MEV_A_501,6,smina,0.34768727,0.33748177,1.0302392,0,0.48337873,1.1264956
5719,125,11346,1620,5dne_ASN_A_601,6,smina,0.34768727,0.33748177,1.0302392,0,0.99692051,1.2770631
5720,125,11353,1621,5dne_ASN_B_601,6,smina,0.34768727,0.33748177,1.0302392,0,0.99323185,1.1494895
5721,125,11360,1622,5dne_ASN_C_601,6,smina,0.34768727,0.33748177,1.0302392,0,0.99312344,1.0224762
5722,125,11367,1623,5dne_ASN_D_601,6,smina,0.34768727,0.33748177,1.0302392,0,0.34525333,1.116762
5723,125,11591,1655,5eo8_TFU_A_401,6,smina,0.34768727,0.33748177,1.0302392,0,0.9555576,0.7665399
5724,125,11605,1657,5eo8_TFU_A_404,6,smina,0.34768727,0.33748177,1.0302392,0,0.96960337,0.82452755
5725,125,11612,1658,5eo8_TFU_A_405,6,smina,0.34768727,0.33748177,1.0302392,0,0.98951449,0.78186585
5726,125,12053,1721,5gnx_BGC_B_503,6,smina,0.34768727,0.33748177,1.0302392,0,0.00023209025,0.88586054
5727,125,14363,2051,5yb7_ORN_B_602,6,smina,0.34768727,0.33748177,1.0302392,0,0.00089183754,1.2564889
5728,125,14370,2052,5yb7_ORN_B_603,6,smina,0.34768727,0.33748177,1.0302392,0,0.96210958,1.7048697
5729,125,14377,2053,5yb7_ORN_C_603,6,smina,0.34768727,0.33748177,1.0302392,0,0.99178823,1.2315516
5730,125,15476,2210,6h8p_OGA_A_504,6,smina,0.34768727,0.33748177,1.0302392,0,0.93765158,0.95566607
5731,125,16708,2386,6qni_GLC_A_402,6,smina,0.34768727,0.33748177,1.0302392,0,0.021217893,0.8150103
5732,125,16757,2393,6qot_6SD_B_301,6,smina,0.34768727,0.33748177,1.0302392,0,0,1.4271856
5733,125,5333,761,2vkg_CF4_A_1064,6,smina,0.34767561,0.33747044,1.0302392,0,0,4.7907032
5734,125,2568,366,1tl2_NDG_A_238,6,smina,0.34766114,0.3374564,1.0302392,0,0.98017502,1.1909251
5735,125,16162,2308,6mwl_K5G_B_301,6,smina,0.34765312,0.33744862,1.0302392,0,0,2.9619011
5736,125,4619,659,2nz5_226_A_432,6,smina,0.34748523,0.33728565,1.0302392,0,1.1578051e-05,0.93645764
5737,125,11344,1620,5dne_ASN_A_601,4,gnina,0.50125862,0.3372321,1.4863896,0,0.99699319,7.2871982
5738,125,11365,1623,5dne_ASN_D_601,4,gnina,0.50125862,0.3372321,1.4863896,0,0.99412384,6.9803881
5739,125,6089,869,3qt8_FM0_B_328,6,smina,0.34768727,0.33563652,1.0359032,0,0.59715475,4.2989244
5740,125,14384,2054,5yb7_ORN_D_602,6,smina,0.34409698,0.33399686,1.0302392,0,0.00063249683,1.2580633
5741,125,7034,1004,3zyx_MBT_A_601,6,smina,0.34409088,0.33399093,1.0302392,0,0,1.6935999
5742,125,9694,1384,4q40_VAL_A_403,6,smina,0.34768727,0.33367314,1.0419986,0,1.8802408e-05,0.80496365
5743,125,9701,1385,4q40_VAL_B_403,6,smina,0.34768727,0.33367314,1.0419986,0,8.2591593e-07,0.8341732
5744,125,9708,1386,4q40_VAL_C_404,6,smina,0.34768727,0.33367314,1.0419986,0,1.4088198e-05,0.86238402
5745,125,14349,2049,5yb7_ORN_A_602,6,smina,0.34372034,0.33363127,1.0302392,0,0.0019406813,1.3009473
5746,125,9057,1293,4l80_OXL_B_402,6,smina,0.34357601,0.33349117,1.0302392,0,0.066336833,0.61229659
5747,125,14356,2050,5yb7_ORN_A_603,6,smina,0.34355936,0.33347502,1.0302392,0,0.0024499293,1.2299309
5748,126,7265,1037,4b1f_DGL_A_1257,6,smina,0.61413352,0.46905227,1.3093063,0,0.96934558,1.4881355
5749,126,11603,1657,5eo8_TFU_A_404,4,gnina,0.91823755,0.42059684,2.1831765,0,0.98362263,1.650315
5750,126,14375,2053,5yb7_ORN_C_603,4,gnina,0.93412245,0.38468008,2.428309,0,8.4247704e-09,16.662712
5751,126,11589,1655,5eo8_TFU_A_401,4,gnina,0.90819341,0.38317789,2.3701603,0,0.97604573,1.5769799
5752,126,14368,2052,5yb7_ORN_B_603,4,gnina,0.91287745,0.37872129,2.4104192,0,1.8982984e-08,8.24479
5753,126,11610,1658,5eo8_TFU_A_405,4,gnina,0.93249328,0.37286596,2.5008798,0,0.98085887,1.8705674
5754,126,14426,2060,5ybp_AKG_B_302,6,smina,0.36302676,0.36399402,0.99734163,0,0.31201769,1.2169334
5755,126,14454,2064,5ybq_AKG_B_302,6,smina,0.36302676,0.36399402,0.99734163,0,9.7007669e-05,1.229574
5756,126,11024,1574,5b4o_6DQ_C_201,6,smina,0.36302659,0.36399385,0.99734163,0,0,1.6689201
5757,126,16911,2415,6rgr_RM4_A_402,6,smina,0.3557404,0.35668825,0.99734163,0,0.1183336,0.64634927
5758,126,1637,233,1m3u_KPL_A_265,6,smina,0.35274419,0.35368406,0.99734163,0,0.55967398,1.1556237
5759,126,11003,1571,5b4o_6DQ_A_201,6,smina,0.36302623,0.3530665,1.0282083,0,0,1.5484426
5760,126,16456,2350,6ooi_PGA_C_302,6,smina,0.36302676,0.35259923,1.0295724,0,0.61582659,1.0785746
5761,126,16484,2354,6ooi_PGA_G_301,6,smina,0.36302676,0.35259923,1.0295724,0,0.051679523,1.1186382
5762,126,15700,2242,6jea_NAG_A_501,6,smina,0.36302676,0.34949686,1.0387115,0,0.0001441617,1.3293126
5763,126,8273,1181,4gmu_OXL_A_705,6,smina,0.34856403,0.34949275,0.99734163,0,3.5458718e-05,0.61950761
5764,126,2946,420,1x09_IPE_A_901,6,smina,0.34464068,0.34555896,0.99734163,0,0.11013749,0.81749
5765,126,3625,517,2bs8_NAG_A_1177,6,smina,0.34457648,0.34549458,0.99734163,0,6.2355563e-05,1.3262374
5766,126,2344,334,1rvz_NAG_A_3321,6,smina,0.36302365,0.34162697,1.0626308,0,3.5141672e-07,1.6913799
5767,126,6110,872,3r3z_GOA_B_305,6,smina,0.34071903,0.34162685,0.99734163,0,0.96450152,0.57054572
5768,126,1602,228,1lti_GAL_E_104,6,smina,0.34058666,0.34149413,0.99734163,0,0.99247915,0.80494931
5769,126,972,138,1h8p_PC_B_1110,6,smina,0.34054908,0.34145645,0.99734163,0,0,1.2930017
5770,126,16629,2375,6q4y_MAN_A_402,4,gnina,0.46375395,0.34138333,1.3584542,0,0.10381571,2.1804319
5771,126,2862,408,1w1a_NDG_1_1261,6,smina,0.36302676,0.34133183,1.0635587,0,4.5442916e-06,1.230873
5772,126,5242,748,2uyv_TLA_C_1275,6,smina,0.3398348,0.34074027,0.99734163,0,0.02263719,0.91128877
5773,126,1679,239,1m3u_KPL_J_265,6,smina,0.33927155,0.34017551,0.99734163,0,0.25874524,1.0062959
5774,126,1651,235,1m3u_KPL_E_265,6,smina,0.33924009,0.34014397,0.99734163,0,0.98668302,1.0558685
5775,126,12725,1817,5jj2_MLI_A_303,6,smina,0.33863919,0.33954147,0.99734163,0,0.80087995,0.56946669
5776,126,8119,1159,4ekr_0R0_A_202,6,smina,0.3386277,0.33866159,0.99989891,0,0.98582054,1.0475558
5777,126,16932,2418,6rlt_MLI_A_508,6,smina,0.3376885,0.33858825,0.99734163,0,0.62911768,0.63262324
5778,126,17345,2477,6urx_JMG_A_316,6,smina,0.33755762,0.33845702,0.99734163,0,0.98906749,1.203978
5779,126,10394,1484,4xz9_G3P_C_302,6,smina,0.33726356,0.33816218,0.99734163,0,0.0095464658,0.8051149
5780,126,10275,1467,4x36_CHT_A_408,6,smina,0.33703549,0.3379335,0.99734163,0,0,0.56951573
5781,126,9862,1408,4rm3_FOA_A_1000,6,smina,0.33687707,0.33777465,0.99734163,0,0.98233621,0.98203377
5782,126,1525,217,1l5o_2MP_A_990,6,smina,0.33682869,0.33772615,0.99734163,0,0,0.5097731
5783,126,16596,2370,6q4b_HHN_A_301,6,smina,0.33680567,0.33770307,0.99734163,0,0.0034727076,0.42090857
5784,126,9869,1409,4rm3_FOA_B_1000,6,smina,0.33680361,0.337701,0.99734163,0,0.83713343,0.75449748
5785,126,10387,1483,4xz9_G3P_B_302,6,smina,0.33678437,0.33768171,0.99734163,0,0.0074782438,0.91559487
5786,126,17079,2439,6syz_M1E_A_601,6,smina,0.33678047,0.3376778,0.99734163,0,0.9974067,0.82997299
5787,126,12837,1833,5kjw_53C_B_800,6,smina,0.33675642,0.33765368,0.99734163,0,0,0.82836471
5788,126,1273,181,1jhv_PCR_A_990,6,smina,0.3367562,0.33765346,0.99734163,0,0,0.5165349
5789,126,4010,572,2f78_BEZ_B_1005,6,smina,0.33675208,0.33764933,0.99734163,0,0.020369962,0.71355207
5790,126,10331,1475,4xp0_42A_A_404,6,smina,0.33674389,0.33764112,0.99734163,0,0,0.69659052
5791,126,1511,215,1l4f_150_A_990,6,smina,0.33671182,0.33760897,0.99734163,0,5.2107776e-06,0.60300285
5792,126,3380,482,227l_BNZ_A_169,6,smina,0.33662582,0.33752274,0.99734163,0,0,0.32164495
5793,126,9715,1387,4q40_VAL_D_403,6,smina,0.33660465,0.33750151,0.99734163,0,0.00063821345,0.98148945
5794,126,1028,146,1hsr_BHO_A_800,6,smina,0.33659741,0.33749425,0.99734163,0,7.7953214e-10,0.96723915
5795,126,10947,1563,5afy_WCE_H_1248,6,smina,0.33659581,0.33749265,0.99734163,0,0,0.8216839
5796,126,9582,1368,4p5y_NGA_A_201,6,smina,0.33655197,0.33744869,0.99734163,0,0.93758387,1.6269399
5797,126,8728,1246,4ioq_BAQ_A_201,6,smina,0.33653102,0.33742768,0.99734163,0,0.050988144,0.44208609
5798,127,2566,366,1tl2_NDG_A_238,4,gnina,0.98125339,0.42328422,2.3181894,0,0.98335812,2.4517397
5799,127,11150,1592,5cga_KP6_C_301,6,smina,0.46886071,0.4162803,1.1263092,0,0,1.0793684
5800,127,1740,248,1msv_PUT_A_355,4,gnina,0.91672466,0.40468773,2.2652633,0,0.90418271,1.9319796
5801,127,4701,671,2okk_ABU_A_585,4,gnina,0.450236,0.39450048,1.1412803,0,3.3406161e-07,1.9203717
5802,127,11157,1593,5cga_KP6_E_301,6,smina,0.43728258,0.3882435,1.1263092,0,0,1.0267956
5803,127,6250,892,3sp6_IL2_A_901,6,smina,0.35771202,0.36983007,0.96723247,0,0.98685608,7.9047227
5804,127,13040,1862,5mdh_MAK_A_335,6,smina,0.35771202,0.36983007,0.96723247,0,0.50891523,0.68769853
5805,127,13593,1941,5u5g_7VD_C_302,6,smina,0.35771202,0.36983007,0.96723247,0,0.9364544,0.77821483
5806,127,11136,1590,5cfw_53W_A_201,6,smina,0.35770417,0.36982194,0.96723247,0,0,7.7899063
5807,127,5823,831,2z48_NGA_A_1004,6,smina,0.35771202,0.36017335,0.99316525,0,6.7392776e-06,1.775109
5808,127,5844,834,2z48_NGA_B_2004,6,smina,0.35771202,0.36017335,0.99316525,0,7.4545354e-06,1.4548143
5809,127,10597,1513,4zbc_GLC_A_408,6,smina,0.34680873,0.35855741,0.96723247,0,0.00031172023,0.87204468
5810,127,5809,829,2z48_NGA_A_1002,6,smina,0.35771202,0.35845283,0.99793231,0,5.0627104e-06,1.3968012
5811,127,8301,1185,4gy9_ZIP_A_201,6,smina,0.34468288,0.35635955,0.96723247,0,0.0031092819,1.1414113
5812,127,9328,1332,4n36_2F8_B_401,4,gnina,0.89419923,0.35628557,2.5097814,0,0.75492842,2.9705293
5813,127,1649,235,1m3u_KPL_E_265,4,gnina,1.0135794,0.35380025,2.8648343,0,0.99054643,7.421332
5814,127,1973,281,1o8a_NXA_A_702,6,smina,0.3416589,0.35323312,0.96723247,0,0.99092957,0.86518835
5815,127,5781,825,2z48_A2G_A_1001,6,smina,0.35771202,0.35252737,1.0147061,0,0.96055526,1.4363315
5816,127,5795,827,2z48_A2G_B_2001,6,smina,0.35771202,0.35252737,1.0147061,0,0.90086712,1.4934126
5817,127,5816,830,2z48_NGA_A_1003,6,smina,0.35771202,0.35252737,1.0147061,0,0.88621048,1.3535767
5818,127,5802,828,2z48_A2G_B_2005,6,smina,0.35771202,0.35169288,1.0171138,0,3.5234666e-07,1.4316511
5819,127,405,57,1ei6_PPF_A_410,6,smina,0.33819821,0.3496552,0.96723247,0,0.39004258,0.63925077
5820,127,13586,1940,5u5g_7VD_B_302,6,smina,0.33707176,0.34849058,0.96723247,0,0.85159144,0.8436617
5821,127,11220,1602,5cpp_ADO_A_422,6,smina,0.33702505,0.3484423,0.96723247,0,0,0.54984823
5822,127,8980,1282,4kqx_HIO_B_401,6,smina,0.33544596,0.3468097,0.96723247,0,0.045117141,1.0237191
5823,127,10072,1438,4ur9_BK9_A_1717,6,smina,0.33529666,0.34665535,0.96723247,0,5.7791018e-06,1.0810713
5824,127,6453,921,3v1s_0LH_B_401,6,smina,0.3346769,0.3460146,0.96723247,0,0,0.97815093
5825,127,14335,2047,5yaq_ISE_B_402,6,smina,0.33591313,0.34598785,0.97088027,0,0.054592476,0.86954072
5826,127,7132,1018,4a9j_TYL_A_1188,6,smina,0.33449114,0.34582255,0.96723247,0,0,0.80510596
5827,127,12207,1743,5hc0_NPO_A_402,6,smina,0.33447224,0.345803,0.96723247,0,0,0.61542171
5828,127,17702,2528,7bp1_CAQ_D_401,6,smina,0.33436096,0.34568795,0.96723247,0,0.99569098,0.63468186
5829,127,3275,467,1zk0_SS2_A_1260,6,smina,0.3342499,0.34557313,0.96723247,0,0.00026403213,0.5974912
5830,127,6908,986,3wwc_BUA_A_403,6,smina,0.33406379,0.34538072,0.96723247,0,2.6542606e-05,0.63547102
5831,127,12060,1722,5goo_FRU_A_501,6,smina,0.33402023,0.34533568,0.96723247,0,3.892378e-06,1.2530614
5832,127,8399,1199,4hgg_SYN_B_502,6,smina,0.33400475,0.34531968,0.96723247,0,5.6953334e-07,0.68021619
5833,127,10170,1452,4wdd_CIT_A_401,6,smina,0.33399666,0.34531131,0.96723247,0,0.0021672794,1.3897693
5834,127,1819,259,1nme_159_B_9002,6,smina,0.33382487,0.3451337,0.96723247,0,0,2.6061579
5835,127,11234,1604,5cyf_FLC_A_301,6,smina,0.33382455,0.34513336,0.96723247,0,0.072548995,1.5458822
5836,127,5760,822,2z1z_MLT_A_433,6,smina,0.33375641,0.34506292,0.96723247,0,1.2495812e-06,0.93385406
5837,127,13915,1987,5vyr_B62_B_301,6,smina,0.4569305,0.34503781,1.3242902,0,0.0035990669,0.83981475
5838,127,16946,2420,6rlt_MLI_B_512,6,smina,0.33368867,0.34499288,0.96723247,0,0.9857655,0.61622298
5839,127,14755,2107,6b83_6NA_B_201,6,smina,0.33364952,0.34495241,0.96723247,0,0.00069610032,1.0395649
5840,127,3002,428,1xid_ASC_A_389,6,smina,0.33359581,0.34489689,0.96723247,0,0.0027791524,0.95651449
5841,127,13572,1938,5tzr_MLI_A_2403,6,smina,0.33356639,0.34486647,0.96723247,0,4.9461216e-06,0.63128084
5842,127,8392,1198,4hgg_SYN_A_502,6,smina,0.33338938,0.34468346,0.96723247,0,3.0795128e-07,0.61991787
5843,127,13579,1939,5u5g_7VD_A_302,6,smina,0.33330034,0.3445914,0.96723247,0,0.88740571,0.93316682
5844,127,3639,519,2bx7_34D_B_1313,6,smina,0.33320522,0.34449306,0.96723247,0,0.013457812,1.0365207
5845,127,3877,553,2eb5_OXL_A_2001,6,smina,0.33283246,0.34410767,0.96723247,0,0.084324625,0.59314971
5846,127,15518,2216,6hmw_FUL_A_203,6,smina,0.33276859,0.34404164,0.96723247,0,0.99782233,0.67990168
5847,127,10373,1481,4xv4_25T_A_302,6,smina,0.33230806,0.34356551,0.96723247,0,0.42025833,0.60348342
5848,128,1021,145,1hsb_ALA_C_1,6,smina,0.50982373,0.55739883,0.91464698,0,0,2.810108
5849,128,5627,803,2xul_AKG_A_201,6,smina,0.50982373,0.55739883,0.91464698,0,1.456169e-06,1.3962471
5850,128,17394,2484,6vmz_NAG_A_402,6,smina,0.50982373,0.55739883,0.91464698,0,1.1336423e-11,1.514293
5851,128,17401,2485,6vmz_NAG_C_402,6,smina,0.50982373,0.55739883,0.91464698,0,1.0292973e-10,1.4847697
5852,128,17408,2486,6vmz_NAG_E_402,6,smina,0.50982373,0.55739883,0.91464698,0,3.9733008e-10,1.5950553
5853,128,16638,2376,6q4y_MAN_B_402,6,smina,0.50511781,0.55225377,0.91464698,0,0.97069181,0.87590167
5854,128,7153,1021,4adl_LMR_D_1468,6,smina,0.50982373,0.54243938,0.93987125,0,0,1.4265195
5855,128,12046,1720,5gnx_BGC_A_502,6,smina,0.50633251,0.53287498,0.95018905,0,0.00068479845,0.87669171
5856,128,9610,1372,4p8c_2J3_A_504,6,smina,0.48574868,0.53107718,0.91464698,0,9.7816295e-06,2.3184231
5857,128,6579,939,3vnm_SDD_D_301,6,smina,0.50982373,0.52847963,0.9646979,0,0.4431793,1.5529006
5858,128,3590,512,2bgc_DTT_F_1238,6,smina,0.49386608,0.50901478,0.97023815,0,0.034002664,0.84724644
5859,128,9603,1371,4p7q_NAG_A_706,6,smina,0.50339553,0.50835328,0.99024642,0,0.061666058,1.9024226
5860,128,4311,615,2ht8_G39_A_800,6,smina,0.48040241,0.50265346,0.95573181,0,0.0002985737,3.5182311
5861,128,3597,513,2bgc_DTU_A_1238,6,smina,0.48579404,0.50069515,0.97023815,0,0.1518423,0.86635649
5862,128,4451,635,2j5b_TYE_A_1336,6,smina,0.44701506,0.48872907,0.91464698,0,0,1.4058195
5863,128,17569,2509,6y4f_GLU_A_202,6,smina,0.4303648,0.47052506,0.91464698,0,0.0011851029,1.1393703
5864,128,16631,2375,6q4y_MAN_A_402,6,smina,0.42388152,0.46343677,0.91464698,0,0.97919966,1.1562367
5865,128,5697,813,2y2f_YI1_A_1469,6,smina,0.52074469,0.46294372,1.1248543,0,0,3.0567917
5866,128,5599,799,2xoz_AMP_B_1664,6,smina,0.45224172,0.46080287,0.98142022,0,0.0023664657,0.53896753
5867,128,664,94,1giu_ADE_A_300,6,smina,0.4207819,0.46004791,0.91464698,0,0.0500229,0.67378554
5868,128,762,108,1h18_PYR_B_1001,6,smina,0.41684657,0.45544128,0.91525763,0,0.044328048,0.64310784
5869,128,4318,616,2htu_BCZ_A_801,6,smina,0.50982373,0.45130694,1.1296598,0,0.99050918,4.602376
5870,128,2470,352,1sz6_NAG_B_5004,6,smina,0.50982035,0.44741459,1.1394799,0,8.9375181e-12,1.3572346
5871,128,2659,379,1u18_HSM_A_401,6,smina,0.40832313,0.44642653,0.91464698,0,4.3048206e-08,0.77813568
5872,128,3443,491,2agw_TSS_H_2001,6,smina,0.41105611,0.44190028,0.93020004,0,0.00060152545,1.0592789
5873,128,3436,490,2agw_TSS_D_3001,6,smina,0.41607527,0.44007462,0.94546425,0,0.00057872677,0.97711872
5874,128,2260,322,1q6r_LX1_A_7301,6,smina,0.40143051,0.43889071,0.91464698,0,0.1764175,1.6974625
5875,128,11129,1589,5cak_4Z9_A_802,6,smina,0.43556875,0.43838899,0.9935658,0,0.81595932,1.4228338
5876,129,8308,1186,4h4c_10D_A_402,6,smina,0.52115081,0.57242664,0.91042274,0,0,2.1880003
5877,129,9316,1330,4mux_2E4_A_402,6,smina,0.47459962,0.43957406,1.0796797,0,0,2.0180968
5878,129,9274,1324,4mop_2H5_A_802,6,smina,0.46365569,0.4243358,1.0926613,0,0.0024081128,1.0220344
5879,129,7335,1047,4bq5_GAL_C_1,6,smina,0.36658414,0.40603438,0.90283912,0,0.99557529,2.5096101
5880,129,10261,1465,4wxb_CIT_D_501,6,smina,0.36124312,0.40011859,0.90283912,0,0.00048475968,1.6480309
5881,129,13810,1972,5v31_ARG_A_401,6,smina,0.36124312,0.40011859,0.90283912,0,9.7121824e-06,2.4792369
5882,129,4073,581,2fkm_G16_X_464,6,smina,0.36124233,0.40011771,0.90283912,0,9.8347923e-06,2.558767
5883,129,2890,412,1w55_C_A_1372,6,smina,0.36124086,0.40011608,0.90283912,0,0,3.2190395
5884,129,9155,1307,4lxi_22J_A_301,6,smina,0.36077868,0.39960417,0.90283912,0,0.75580724,2.2258305
5885,129,5779,825,2z48_A2G_A_1001,4,gnina,0.97083165,0.39379549,2.4653184,0,0.66874474,2.9817969
5886,129,3576,510,2bf7_HBI_C_1290,6,smina,0.36124312,0.39294635,0.9193182,0,0,1.447119
5887,129,13584,1940,5u5g_7VD_B_302,4,gnina,0.95239427,0.38790603,2.4552181,0,0.69592775,3.3438993
5888,129,13591,1941,5u5g_7VD_C_302,4,gnina,0.95121633,0.38742626,2.4552181,0,0.74006961,2.6339639
5889,129,5375,767,2vss_V55_D_1250,6,smina,0.34116665,0.37788157,0.90283912,0,6.0635982e-07,1.1663947
5890,129,11395,1627,5dr9_SKE_A_401,6,smina,0.36124312,0.37547131,0.9621048,0,0,4.1634064
5891,129,5793,827,2z48_A2G_B_2001,4,gnina,0.92231499,0.37411582,2.4653184,0,0.89976222,2.6216648
5892,129,391,55,1e8g_FCR_B_601,6,smina,0.33776515,0.37411402,0.90283912,0,0,1.4793713
5893,129,3793,541,2d0e_NQ_A_410,6,smina,0.33667848,0.37290858,0.90284353,0,6.1722315e-06,0.8559856
5894,129,17520,2502,6xim_XLS_C_397,6,smina,0.36124312,0.37289778,0.9687447,0,0.34211676,1.1136695
5895,129,16743,2391,6qor_JBK_B_301,6,smina,0.33657119,0.37279157,0.90283912,0,0,0.92318494
5896,129,14531,2075,5z9b_HX3_B_303,6,smina,0.33623213,0.37241602,0.90283912,0,0,0.8061522
5897,129,986,140,1hkn_N2M_C_4138,6,smina,0.33605624,0.3722212,0.90283912,0,0,1.0757368
5898,129,16736,2390,6qor_JBK_A_301,6,smina,0.33487547,0.37091336,0.90283912,0,0,0.88081274
5899,129,608,86,1g8z_GAL_D_104,6,smina,0.33480352,0.37083367,0.90283912,0,1.3832775e-05,0.78324387
5900,129,629,89,1g8z_GAL_H_104,6,smina,0.33422876,0.37019705,0.90283912,0,2.2046911e-05,0.77850897
5901,129,2981,425,1x8x_TYR_A_952,6,smina,0.33412851,0.37008602,0.90283912,0,2.1509289e-06,1.4547262
5902,129,5814,830,2z48_NGA_A_1003,4,gnina,0.9104356,0.36929722,2.4653184,0,0.8858936,2.8103148
5903,129,16960,2422,6s23_KSW_A_403,6,smina,0.33287757,0.36870046,0.90283912,0,0,0.45115883
5904,129,3583,511,2bf7_HBI_D_1290,6,smina,0.36124312,0.36789021,0.98193085,0,0,1.6670371
5905,129,9253,1321,4mog_G3F_A_802,6,smina,0.33176036,0.36746301,0.90283912,0,0.0012544621,1.1654251
5906,129,17037,2433,6sj8_44V_B_901,6,smina,0.33315807,0.36721229,0.90726185,0,0,1.0137145
5907,129,10289,1469,4x36_CHT_A_411,6,smina,0.33117939,0.36681952,0.90283912,0,0,0.55468747
5908,129,10247,1463,4wxb_CIT_B_501,6,smina,0.331075,0.3667039,0.90283912,0,0.7553303,1.8245141
5909,129,2876,410,1w3t_3GR_B_1297,6,smina,0.33058274,0.36615866,0.90283912,0,0.046959138,0.6441708
5910,129,14167,2023,5xdt_MB3_A_404,6,smina,0.33052706,0.366097,0.90283912,0,0,0.48555769
5911,129,55,7,1aej_NVI_A_296,6,smina,0.33537057,0.3644241,0.9202745,0,0,0.60063798
5912,129,10240,1462,4wxb_CIT_A_501,6,smina,0.32698135,0.36216971,0.90283912,0,0.26274747,1.9376679
5913,129,2757,393,1uux_PPI_A_1165,6,smina,0.33284472,0.36159441,0.92049086,0,0.00012097063,0.41508421
5914,129,1812,258,1njr_XYL_A_285,6,smina,0.32636325,0.36148509,0.90283912,0,2.1740645e-06,1.1517725
5915,129,11780,1682,5fh3_OXL_A_703,6,smina,0.32554021,0.36057348,0.90283912,0,7.311055e-06,0.53336895
5916,129,16505,2357,6pk1_3PY_A_502,6,smina,0.32507776,0.36006127,0.90283912,0,8.2027209e-07,0.62670502
5917,129,12739,1819,5joy_6LW_B_602,6,smina,0.32446791,0.35938578,0.90283912,0,5.1831319e-06,0.95954686
5918,129,979,139,1hdi_3PG_A_419,6,smina,0.32440174,0.35931249,0.90283912,0,0.044621543,1.217632
5919,129,3667,523,2c3d_COM_A_1526,6,smina,0.3357027,0.35898887,0.93513298,0,2.3624236e-05,0.86319958
5920,129,3884,554,2eb5_OXL_B_2002,6,smina,0.32393452,0.35879499,0.90283912,0,0.070084887,0.52881262
5921,129,14580,2082,5zi4_OAA_A_401,6,smina,0.32362751,0.35845495,0.90283912,0,1.5186214e-05,0.88053217
5922,129,13929,1989,5vyr_GMP_B_303,6,smina,0.32362109,0.35844783,0.90283912,0,0.00043544301,0.61173574
5923,129,16155,2307,6mry_FLC_K_101,6,smina,0.32360785,0.35843317,0.90283912,0,0.018606391,1.7527462
5924,129,10485,1497,4ywb_OXD_C_704,6,smina,0.32357867,0.35840085,0.90283912,0,9.1255734e-06,0.56323742
5925,129,10569,1509,4zbc_FRU_A_409,6,smina,0.3235546,0.35837419,0.90283912,0,6.6816229e-06,1.3250788
5926,130,1042,148,1ia1_TQ3_A_194,6,smina,0.48733989,0.55263055,0.88185376,0,0.99649422,1.7860153
5927,130,16636,2376,6q4y_MAN_B_402,4,gnina,0.92987198,0.5385743,1.7265426,0,0.046564699,2.3601457
5928,130,11899,1699,5fuv_THM_B_1385,6,smina,0.40219616,0.45607982,0.88185376,0,0,2.4283086
5929,130,9512,1358,4nv0_MG7_B_402,6,smina,0.39753413,0.45079319,0.88185376,0,0,3.9821452
5930,130,10177,1453,4wdx_WDX_A_402,6,smina,0.34816654,0.39481165,0.88185376,0,0,2.9739626
5931,130,11801,1685,5fkl_TDC_A_222,6,smina,0.34816654,0.39481165,0.88185376,0,0,3.492366
5932,130,15931,2275,6l59_CIT_B_403,6,smina,0.34816654,0.39481165,0.88185376,0,0,1.7256828
5933,130,15474,2210,6h8p_OGA_A_504,4,gnina,1.0149387,0.39202433,2.5889676,0,0,2.2460099
5934,130,4759,679,2pir_NK_A_933,6,smina,0.34349465,0.38951385,0.88185376,0,0.53546217,0.60850799
5935,130,3135,447,1yw9_A84_A_482,6,smina,0.34816654,0.38153375,0.91254354,0,0,8.2798553
5936,130,7039,1005,3zzm_JLN_A_1526,4,gnina,0.59501084,0.38001538,1.5657537,0,0.99370554,6.2704354
5937,130,4332,618,2i1v_FDP_B_710,6,smina,0.34816654,0.37829873,0.92034715,0,6.93364e-05,3.0237794
5938,130,10737,1533,4zu3_4SD_E_301,6,smina,0.43667606,0.37779342,1.1558584,0,0.91181571,0.93003366
5939,130,2274,324,1q92_DRM_A_1001,6,smina,0.43858092,0.37611152,1.1660918,0,0,2.3170032
5940,130,10175,1453,4wdx_WDX_A_402,4,gnina,0.49696611,0.37407451,1.3285208,0,0.00058387903,3.699328
5941,130,7496,1070,4cjs_L0Y_A_1217,6,smina,0.42301579,0.37293094,1.1342996,0,0,11.12129
5942,130,17226,2460,6tof_NQE_A_201,6,smina,0.32500392,0.36854585,0.88185376,0,0,2.0506361
5943,130,1616,230,1luq_BTN_A_5100,6,smina,0.32492663,0.36845821,0.88185376,0,0,2.392937
5944,130,1623,231,1luq_BTN_B_5200,6,smina,0.32467145,0.36816884,0.88185376,0,0,3.2187792
5945,130,1357,193,1kae_HSO_A_1001,6,smina,0.32386572,0.36725516,0.88185376,0,0.97239001,1.4615583
5946,130,1791,255,1ne4_RP1_A_401,6,smina,0.32382578,0.36720988,0.88185376,0,0,3.2267827
5947,130,1789,255,1ne4_RP1_A_401,4,gnina,0.59523275,0.3670636,1.6216056,0,0.99409321,3.4710146
5948,130,16085,2297,6m9b_BTN_A_201,6,smina,0.51370146,0.36579014,1.4043602,0,0,3.6051664
5949,130,12823,1831,5kf2_COA_A_401,6,smina,0.32104064,0.3640516,0.88185376,0,0.36853679,6.520731
5950,130,90,12,1aiq_UMP_A_265,6,smina,0.44947679,0.35900983,1.2519892,0,0,2.8668014
5951,130,11479,1639,5e9m_BAE_A_2001,6,smina,0.31468601,0.35684562,0.88185376,0,0.0020392714,0.72566078
5952,130,13334,1904,5r0i_SYV_A_2501,6,smina,0.31453964,0.35667963,0.88185376,0,0,0.69163333
5953,130,4843,691,2q1a_2KT_X_295,6,smina,0.3144972,0.35663152,0.88185376,0,0.86930508,0.59924946
5954,130,6033,861,3mk1_NPO_A_913,6,smina,0.31441719,0.35654078,0.88185376,0,0,0.686727
5955,130,2799,399,1v5y_4HC_A_1455,6,smina,0.31437569,0.35649373,0.88185376,0,7.7755802e-06,0.66149747
5956,130,17282,2468,6tt4_FT8_A_709,6,smina,0.48387385,0.35609857,1.358819,0,0,7.3667805
5957,130,2197,313,1pwz_RSO_A_256,6,smina,0.31399982,0.3560675,0.88185376,0,0.88854085,0.55998218
5958,130,4696,670,2oci_TYC_A_401,6,smina,0.3138626,0.35591189,0.88185376,0,2.3054853e-05,1.5300719
5959,130,13038,1862,5mdh_MAK_A_335,4,gnina,0.64664889,0.35584392,1.8172252,0,0.70234831,1.8247603
5960,130,3310,472,1zng_HE4_A_202,6,smina,0.31377708,0.35581492,0.88185376,0,0,1.2191688
5961,130,2204,314,1pym_OXL_A_1001,6,smina,0.31292981,0.35485414,0.88185376,0,0.010642768,0.60933813
5962,130,8938,1276,4k90_MLA_A_704,6,smina,0.31246093,0.35432244,0.88185376,0,0.77167957,0.67762676
5963,130,188,26,1c3s_SHH_A_952,6,smina,0.31224882,0.3540819,0.88185376,0,4.3502039e-05,4.815063
5964,130,6019,859,3mk1_NPO_A_911,6,smina,0.31208066,0.35389122,0.88185376,0,0,0.74160383
5965,130,13656,1950,5uap_82S_B_505,6,smina,0.3115659,0.3533075,0.88185376,0,0,0.58220535
5966,130,2813,401,1vje_MSE_A_401,6,smina,0.31141058,0.35313136,0.88185376,0,1.1335214e-06,1.0245533
5967,130,9519,1359,4o7g_ASC_B_303,6,smina,0.31133992,0.35305124,0.88185376,0,3.6517667e-07,0.86067752
5968,130,11906,1700,5fv3_OGA_A_1770,6,smina,0.31102545,0.35269464,0.88185376,0,8.7153091e-05,0.94789951
5969,130,14307,2043,5y7r_AKG_B_402,6,smina,0.31091503,0.35256942,0.88185376,0,1.5085619e-05,1.2767575
5970,130,6796,970,3wlf_FEH_C_401,6,smina,0.31091305,0.35256718,0.88185376,0,0.02112609,0.79566612
5971,130,2484,354,1t93_FLV_A_431,6,smina,0.3107869,0.35242413,0.88185376,0,3.6435712e-05,0.88366405
5972,130,3289,469,1zmt_RNO_B_1001,6,smina,0.31070511,0.35233138,0.88185376,0,0,1.1282308
5973,130,15399,2199,6g3f_FUM_A_601,6,smina,0.31058315,0.35219308,0.88185376,0,0,0.64683766
5974,130,12284,1754,5htd_MYR_A_201,6,smina,0.31047051,0.35206535,0.88185376,0,0.010783164,3.914191
5975,130,13166,1880,5nuk_Z80_A_201,6,smina,0.3103702,0.3519516,0.88185376,0,0,2.5584537
5976,131,12149,1735,5h24_LQG_B_501,4,gnina,0.58425799,0.47479964,1.2305349,0,3.6062827e-06,3.5046932
5977,131,12142,1734,5h24_LQG_A_501,4,gnina,0.60609471,0.45557782,1.3303858,0,3.2715486e-06,3.2653601
5978,131,3233,461,1zfj_IMP_A_500,6,smina,0.44352952,0.41278035,1.0744919,0,0,3.7023094
5979,131,2309,329,1rf2_BV4_E_105,6,smina,0.34303851,0.39497193,0.86851263,0,0.44423549,3.6976332
5980,131,9456,1350,4nir_6DH_A_308,6,smina,0.34303851,0.39497193,0.86851263,0,0,2.1243048
5981,131,14881,2125,6c1x_DNX_A_203,6,smina,0.34303851,0.39497193,0.86851263,0,0,1.0194681
5982,131,9463,1351,4nir_6DH_B_306,6,smina,0.3430369,0.39497007,0.86851263,0,0,1.7943381
5983,131,14853,2121,6c17_DNX_A_202,6,smina,0.34203968,0.39382188,0.86851263,0,0,0.972365
5984,131,2316,330,1rf2_BV4_H_108,6,smina,0.33938682,0.3907674,0.86851263,0,0.032103827,3.810141
5985,131,15945,2277,6l86_LMR_A_302,6,smina,0.34303851,0.38992332,0.87975788,0,0.6539197,0.94335803
5986,131,15959,2279,6l86_LMR_B_303,6,smina,0.34236822,0.37798102,0.90578049,0,0.0029716466,1.2834855
5987,131,15966,2280,6l86_LMR_C_302,6,smina,0.34248657,0.37288929,0.91846615,0,0.0041471852,0.89905396
5988,131,1329,189,1jyx_IPT_A_2002,6,smina,0.34293695,0.36891276,0.92958719,0,0.00046079002,1.6572542
5989,131,7608,1086,4clr_FDB_A_1270,6,smina,0.32029024,0.36877974,0.86851263,0,0,0.74761011
5990,131,7333,1047,4bq5_GAL_C_1,4,gnina,1.0127536,0.36170296,2.7999585,0,0.99531233,5.3109267
5991,131,16372,2338,6o04_DNA_C_603,6,smina,0.34303851,0.35750162,0.95954293,0,0.00020066346,1.2665864
5992,131,10107,1443,4uzi_IMD_B_1455,6,smina,0.31001584,0.35694988,0.86851263,0,0,0.38204619
5993,131,16918,2416,6rgr_RM4_A_403,6,smina,0.30801717,0.35464863,0.86851263,0,0.89728833,0.58758163
5994,131,1728,246,1mrj_ADN_A_300,6,smina,0.30647114,0.35286854,0.86851263,0,0,0.93660907
5995,131,12256,1750,5hpu_IPH_C_101,6,smina,0.30644301,0.35283615,0.86851263,0,0,0.40604514
5996,131,4388,626,2isf_PAC_A_317,6,smina,0.3063087,0.3526815,0.86851263,0,0.0012103723,0.78140332
5997,131,1350,192,1k8z_IAG_A_501,6,smina,0.3062967,0.35266769,0.86851263,0,0,2.100078
5998,131,17205,2457,6tgl_LVP_B_201,6,smina,0.30619731,0.35255325,0.86851263,0,3.4512735e-07,2.1695309
5999,131,16365,2337,6o04_DNA_B_601,6,smina,0.34294443,0.35215317,0.97384918,0,0.00040008891,1.3939139
6000,131,3947,563,2evd_D10_A_304,6,smina,0.30576415,0.35205452,0.86851263,0,0,1.006139
6001,131,12151,1735,5h24_LQG_B_501,6,smina,0.31534789,0.35196163,0.89597136,0,0,3.4969864
6002,131,2708,386,1u6r_IOM_B_1601,6,smina,0.30403693,0.3500658,0.86851263,0,0,1.0428401
6003,131,11766,1680,5fe4_5WY_A_903,6,smina,0.30386121,0.34986348,0.86851263,0,0,0.93100747
6004,131,11773,1681,5fe4_5WY_B_904,6,smina,0.30294914,0.34881333,0.86851263,0,0,0.89251122
6005,131,6369,909,3u1t_MLI_B_350,6,smina,0.30289238,0.34874798,0.86851263,0,0.00018737299,0.64567667
6006,131,9449,1349,4nir_6DH_A_307,6,smina,0.30281767,0.34866196,0.86851263,0,0,1.8111277
6007,131,15749,2249,6jq8_CIT_A_302,6,smina,0.30279427,0.34863502,0.86851263,0,8.0601932e-08,1.5524052
6008,131,12242,1748,5hgz_MLA_A_303,6,smina,0.30219145,0.34794093,0.86851263,0,0.017982742,0.64646212
6009,131,7020,1002,3zwt_KFZ_A_1401,6,smina,0.31786631,0.34771141,0.91416603,0,0,4.6448767
6010,131,8175,1167,4f8n_PC_A_202,6,smina,0.30173495,0.34741533,0.86851263,0,0,1.0794709
6011,131,3499,499,2as1_TP5_A_500,6,smina,0.30138853,0.34701646,0.86851263,0,0,0.85793296
6012,131,15553,2221,6hmw_FUL_H_201,6,smina,0.30137096,0.34699623,0.86851263,0,0.98921896,0.66222533
6013,131,13054,1864,5mot_HBD_A_402,6,smina,0.30083703,0.34638147,0.86851263,0,0,0.68978519
6014,131,11934,1704,5fzn_FB2_A_1615,6,smina,0.3002713,0.34573009,0.86851263,0,0,0.72013269
6015,131,2953,421,1x09_IPE_A_902,6,smina,0.29949315,0.34483413,0.86851263,0,4.7284273e-06,1.6311204
6016,131,12718,1816,5jj2_MLI_A_302,6,smina,0.29855198,0.34375048,0.86851263,0,2.1948505e-05,0.62494686
6017,131,17128,2446,6t0a_M58_B_601,6,smina,0.298517,0.3437102,0.86851263,0,0,0.67647056
6018,131,9806,1400,4r3n_3GQ_B_404,6,smina,0.29972652,0.34358532,0.87234861,0,0,1.4696475
6019,131,1336,190,1jyx_IPT_C_2001,6,smina,0.34303851,0.34324312,0.99940288,0,0.97887138,1.6847287
6020,131,11598,1656,5eo8_TFU_A_402,6,smina,0.29804314,0.3431646,0.86851263,0,0.97902047,0.84152608
6021,131,14538,2076,5z9p_AX7_A_301,6,smina,0.29788298,0.34298019,0.86851263,0,0,0.64855242
6022,131,2001,285,1opr_ORO_A_220,6,smina,0.29684824,0.3417888,0.86851263,0,0,0.83656344
6023,131,15077,2153,6e8i_PTR_A_201,6,smina,0.29657177,0.34147048,0.86851263,0,4.6629395e-07,2.8256119
6024,131,15973,2281,6l86_LMR_D_302,6,smina,0.30460107,0.33943708,0.89737022,0,0.0046149491,0.90781528
6025,131,1355,193,1kae_HSO_A_1001,4,gnina,1.0172958,0.33896131,3.0012143,0,0.9758712,2.565715
6026,132,7587,1083,4cle_JR2_B_1270,6,smina,0.46797228,0.5476398,0.85452467,0,0,1.2124448
6027,132,4757,679,2pir_NK_A_933,4,gnina,0.69185683,0.54050621,1.2800155,0,0.0040232903,1.699928
6028,132,1259,179,1jho_RMB_A_990,6,smina,0.49625537,0.4851235,1.0229455,0,0,4.0386781
6029,132,15098,2156,6f2b_AKG_B_402,6,smina,0.63151806,0.46990553,1.3439246,0,0.86175175,1.8011138
6030,132,15721,2245,6jmd_BVO_A_408,6,smina,0.49244285,0.45147115,1.0907506,0,0,5.7378758
6031,132,15735,2247,6jme_BVU_A_409,6,smina,0.49170157,0.45023738,1.0920931,0,0,4.4811726
6032,132,12317,1759,5i0m_UMP_B_201,4,gnina,0.47602535,0.44626591,1.0666845,0,0.53329478,3.371054
6033,132,15091,2155,6f2b_AKG_A_402,6,smina,0.56970124,0.4335889,1.3139193,0,0.76210396,1.3526269
6034,132,4983,711,2qg6_NMN_A_301,6,smina,0.71462954,0.41720737,1.7128872,0,0,3.7111498
6035,132,1334,190,1jyx_IPT_C_2001,4,gnina,1.0145168,0.40909599,2.4798982,0,0.98479017,18.196277
6036,132,4920,702,2qcx_PF1_A_300,6,smina,0.34666854,0.40568533,0.85452467,0,0,2.2601057
6037,132,7951,1135,4dtb_GMP_A_401,6,smina,0.33766514,0.3951492,0.85452467,0,0,2.6751523
6038,132,713,101,1gz5_G6P_B_901,6,smina,0.4174218,0.39162822,1.0658615,0,1.2296307e-06,1.9706202
6039,132,11626,1660,5eso_ISC_A_602,6,smina,0.49284353,0.38591465,1.2770782,0,0.65527448,2.2731514
6040,132,720,102,1gz5_G6P_C_901,6,smina,0.41469117,0.3779679,1.0971588,0,6.8706661e-06,2.4637235
6041,132,321,45,1dpm_EBP_A_900,6,smina,0.36785276,0.37573366,0.97902429,0,0.00024718902,2.4189629
6042,132,14739,2105,6b5k_TYD_B_304,4,gnina,0.59980307,0.37535267,1.5979711,0,2.5534735e-06,6.1204114
6043,132,12704,1814,5jg5_EVF_B_302,6,smina,0.31596334,0.36975289,0.85452467,0,0.00010441745,0.93827125
6044,132,3324,474,1zpd_CIT_A_610,6,smina,0.33766514,0.36903668,0.91498971,0,0.30172994,1.5015098
6045,132,3331,475,1zpd_CIT_B_610,6,smina,0.33766514,0.36903668,0.91498971,0,0.036868219,1.5314123
6046,132,6754,964,3wgc_PLG_A_401,6,smina,0.63546663,0.36562201,1.7380416,0,0.94045521,4.679314
6047,132,7949,1135,4dtb_GMP_A_401,4,gnina,0.495036,0.36376764,1.3608568,0,0.98272948,3.271057
6048,132,14732,2104,6b5k_TYD_A_304,4,gnina,0.58974011,0.36144448,1.6316192,0,2.6706697e-06,6.5744906
6049,132,16463,2351,6ooi_PGA_D_301,6,smina,0.31052535,0.36124514,0.85959631,0,0.63102214,1.0905825
6050,132,16470,2352,6ooi_PGA_E_301,6,smina,0.31013825,0.36079481,0.85959631,0,0.12410474,1.3217641
6051,132,16477,2353,6ooi_PGA_F_301,6,smina,0.31068989,0.35959241,0.86400467,0,0.58604062,1.142049
6052,132,16491,2355,6ooi_PGA_H_302,6,smina,0.31044664,0.35931088,0.86400467,0,0.53983538,1.044435
6053,132,16442,2348,6ooi_PGA_A_301,6,smina,0.30651638,0.35597336,0.86106449,0,0.68629142,1.0568295
6054,133,17576,2510,6y4z_TLA_D_301,6,smina,0.44358624,0.44331402,1.0006131,0,0.17780734,0.95402871
6055,133,16916,2416,6rgr_RM4_A_403,4,gnina,1.0053438,0.42158775,2.3846598,0,0.23026258,1.6662779
6056,133,2036,290,1p1w_AMQ_A_428,6,smina,0.43815125,0.39143432,1.1193471,0,0,1.3712292
6057,133,6390,912,3ucc_2PG_A_601,6,smina,0.33323314,0.38876647,0.85715401,0,0.99496091,1.1839913
6058,133,6397,913,3ucc_2PG_B_601,6,smina,0.33323314,0.38876647,0.85715401,0,0.99453015,1.5354273
6059,133,17177,2453,6tbx_N0Z_D_302,6,smina,0.33323314,0.38876647,0.85715401,0,0,1.0590808
6060,133,15637,2233,6i6r_H62_A_704,6,smina,0.33941824,0.3726149,0.91090792,0,0.036343028,0.96125659
6061,133,10268,1466,4x2f_3WJ_A_601,6,smina,0.49918461,0.36073878,1.3837832,0,0,2.033594
6062,133,17175,2453,6tbx_N0Z_D_302,4,gnina,0.49650796,0.35443141,1.4008567,0,0.056130628,2.5877724
6063,133,3758,536,2coj_GBN_A_420,6,smina,0.30336533,0.35392119,0.85715401,0,0.0027682582,1.0931357
6064,133,2043,291,1p1w_AMQ_B_427,6,smina,0.40168369,0.3504597,1.1461613,0,0,1.4749585
6065,133,3807,543,2d20_NPO_B_953,6,smina,0.29814084,0.34782605,0.85715401,0,0,0.6844058
6066,133,11864,1694,5fp9_4SV_A_1342,6,smina,0.29758494,0.3471775,0.85715401,0,0,0.8458416
6067,133,10877,1553,5a8k_COM_A_556,6,smina,0.2974324,0.34699954,0.85715401,0,4.6477801e-08,1.0774379
6068,133,10884,1554,5a8k_COM_D_555,6,smina,0.2974324,0.34699954,0.85715401,0,2.821489e-06,1.138821
6069,133,13964,1994,5w5t_9X7_A_506,6,smina,0.2974324,0.34699954,0.85715401,0,0.00027594973,2.5235201
6070,133,13971,1995,5w5t_9X7_D_508,6,smina,0.2974324,0.34699954,0.85715401,0,0.0016447594,2.1510639
6071,133,12396,1770,5icf_SAU_A_402,6,smina,0.29657578,0.34600016,0.85715401,0,0,1.4883876
6072,133,349,49,1dxy_COI_A_404,6,smina,0.2963486,0.34573512,0.85715401,0,2.5624335e-06,0.83420636
6073,133,6187,883,3ryd_SRT_A_267,6,smina,0.29539644,0.34462429,0.85715401,0,0.20625193,0.91953563
6074,133,17156,2450,6t5p_VD8_D_302,6,smina,0.49948878,0.34459408,1.4494981,0,0.98988526,1.9271888
6075,133,3618,516,2bs3_CIT_D_1657,6,smina,0.29404386,0.3430463,0.85715401,0,6.8432718e-06,1.9097154
6076,133,12900,1842,5l9v_OGA_B_502,6,smina,0.29385901,0.34283064,0.85715401,0,0.00057084481,1.0359458
6077,133,7762,1108,4d06_NAR_F_302,6,smina,0.29381723,0.3427819,0.85715401,0,1.6169152e-08,0.67914358
6078,133,4038,576,2fcu_AKG_B_898,6,smina,0.29375106,0.34270471,0.85715401,0,0.00022465322,1.6610745
6079,133,4031,575,2fcu_AKG_A_897,6,smina,0.29370053,0.34264575,0.85715401,0,0.00022507216,1.3051607
6080,133,3898,556,2eb5_OXL_E_2005,6,smina,0.29364446,0.34258034,0.85715401,0,0.033610164,0.55209421
6081,133,15511,2215,6hl9_SIN_B_402,6,smina,0.2931758,0.34203358,0.85715401,0,0,0.79032603
6082,133,8861,1265,4jhh_H35_A_201,6,smina,0.29269426,0.34147178,0.85715401,0,0.98798569,1.5245426
6083,133,13418,1916,5tch_MLI_A_301,6,smina,0.43505058,0.33897902,1.2834135,0,0.65645534,0.80704947
6084,133,3674,524,2c3d_COM_B_1525,6,smina,0.29695179,0.33892707,0.87615144,0,7.3106425e-06,0.76287002
6085,133,15210,2172,6f7r_CIT_A_1003,6,smina,0.28784926,0.33581937,0.85715401,0,0.012231345,1.5199694
6086,133,1476,210,1kwc_BPY_B_401,6,smina,0.29817176,0.33528998,0.88929415,0,8.2689359e-05,1.2696285
6087,133,10646,1520,4zo7_BGC_A_802,6,smina,0.29324848,0.33181883,0.8837598,0,6.3444466e-06,0.95827037
6088,133,13677,1953,5uda_CAE_A_502,6,smina,0.28320922,0.33040607,0.85715401,0,0,0.48520498
6089,133,13047,1863,5mdh_MAK_B_335,6,smina,0.28304217,0.33021118,0.85715401,0,1.1796391e-06,0.66512162
6090,133,12690,1812,5jep_EVF_B_303,6,smina,0.28197566,0.32896693,0.85715401,0,0.51538962,0.9476024
6091,133,15448,2206,6gpn_OGA_B_402,6,smina,0.29113563,0.3262833,0.89227766,0,2.3333729e-10,1.2322197
6092,133,6537,933,3vca_PRO_A_504,6,smina,0.27960308,0.32619896,0.85715401,0,0.48848969,0.72719573
6093,133,15602,2228,6hsg_GM5_A_504,6,smina,0.33323314,0.32593346,1.0223953,0,0,3.9011421
6094,133,13285,1897,5oew_GLU_A_301,6,smina,0.2974324,0.32415899,0.91754997,0,4.2324782e-05,1.791062
6095,133,13292,1898,5oew_GLU_B_902,6,smina,0.2974324,0.32415899,0.91754997,0,4.7408746e-05,2.1701581
6096,133,5025,717,2qim_ZEA_A_161,6,smina,0.32193089,0.32384665,0.99408334,0,9.8116473e-08,1.7756027
6097,133,8357,1193,4hey_4MZ_A_308,6,smina,0.27631171,0.32235909,0.85715401,0,5.9772251e-08,0.36657153
6098,133,2582,368,1tl2_NDG_A_240,6,smina,0.29010523,0.32203291,0.90085483,0,0.97585545,1.1357488
6099,133,13341,1905,5r28_RDJ_A_401,6,smina,0.29741153,0.32163064,0.924698,0,0.00024046419,2.5094897
6100,133,15616,2230,6hsg_GM5_D_504,6,smina,0.33323314,0.32162603,1.0360879,0,0,4.0619296
6101,133,10653,1521,4zo7_BGC_A_805,6,smina,0.28402781,0.32156414,0.88326854,0,4.6578789e-06,0.88112148
6102,133,2456,350,1sz6_NAG_A_5003,6,smina,0.2974324,0.32111211,0.92625618,0,2.6643445e-07,1.0680097
6103,133,13684,1954,5uda_CAE_B_502,6,smina,0.27505204,0.32088949,0.85715401,0,0,0.49312815
6104,134,16622,2374,6q4r_MLT_A_1041,4,gnina,0.51376794,0.46525463,1.1042717,0,0,2.3457436
6105,134,17373,2481,6v1e_5SW_A_301,6,smina,0.45812051,0.42041524,1.0896848,0,0,3.8882291
6106,134,6248,892,3sp6_IL2_A_901,4,gnina,1.0137994,0.39926905,2.5391374,0,0.9470916,6.287205
6107,134,5564,794,2xh0_PEP_A_1440,6,smina,0.33326224,0.39492748,0.8438558,0,0.99572164,1.3832842
6108,134,2974,424,1x7j_GEN_B_202,6,smina,0.32190481,0.38146852,0.8438558,0,0,2.7023345
6109,134,487,69,1fqo_F6R_A_1268,4,gnina,0.60767454,0.37807037,1.6073045,0,0.30529828,3.1454778
6110,134,5739,819,2yjd_YJD_B_1498,6,smina,0.33326224,0.37390022,0.8913123,0,0,2.5760435
6111,134,11941,1705,5g03_OE2_A_1263,6,smina,0.33326224,0.37106175,0.89813048,0,0.37743604,3.9694825
6112,134,13425,1917,5tch_MLI_B_501,6,smina,0.30804551,0.36504476,0.8438558,0,0.51514403,0.77306751
6113,134,13432,1918,5tch_MLI_D_501,6,smina,0.30785565,0.36481977,0.8438558,0,0.8164263,0.8798255
6114,134,13460,1922,5tch_MLI_H_501,6,smina,0.30378425,0.35999502,0.8438558,0,0.687427,0.78469516
6115,134,15943,2277,6l86_LMR_A_302,4,gnina,0.78952795,0.35997602,2.1932783,0,0.0059220457,3.7889123
6116,134,8777,1253,4j0k_EGR_A_501,6,smina,0.30132068,0.35707561,0.8438558,0,2.9673024e-08,1.4987609
6117,134,10245,1463,4wxb_CIT_B_501,4,gnina,1.0055344,0.35642006,2.8212049,0,0,5.2043334
6118,134,494,70,1fqo_F6R_B_2268,4,gnina,0.58202957,0.35334064,1.6472185,0,0.8639032,3.130363
6119,134,11255,1607,5d9w_ASC_A_301,6,smina,0.29722364,0.35222046,0.8438558,0,0.011661129,0.9058582
6120,134,9064,1294,4l80_OXL_C_402,6,smina,0.29595629,0.35071861,0.8438558,0,0.07067587,0.83350301
6121,134,16323,2331,6nig_NAG_A_605,6,smina,0.31811933,0.34691393,0.91699684,0,1.0173681e-08,1.4260809
6122,134,5088,726,2qx4_ML1_B_233,6,smina,0.29148881,0.34542449,0.8438558,0,0,1.9407206
6123,134,16330,2332,6nig_NAG_C_802,6,smina,0.32833842,0.34538454,0.95064497,0,1.3019599e-08,1.4470923
6124,134,5732,818,2yjd_YJD_A_1498,6,smina,0.30772743,0.34525169,0.8913123,0,0,2.5582209
6125,134,13565,1937,5tvr_AKG_B_402,6,smina,0.29103047,0.34488134,0.8438558,0,0.83775767,1.1458006
6126,134,17471,2495,6wdw_TWV_A_701,6,smina,0.53024786,0.34288736,1.546419,0,0,4.4981514
6127,134,16120,2302,6md2_GW9_B_501,6,smina,0.33326224,0.34279997,0.97217596,0,1.67707e-08,2.3805407
6128,134,9757,1393,4qxc_OGA_A_600,6,smina,0.2875608,0.34076966,0.8438558,0,0.00046379457,0.98822936
6129,134,9071,1295,4l80_OXL_D_402,6,smina,0.28744795,0.34063593,0.8438558,0,0.27765711,0.83216594
6130,134,16722,2388,6qol_JB5_A_301,6,smina,0.28742745,0.34061164,0.8438558,0,0,0.76447415
6131,134,8826,1260,4j7u_YTZ_D_802,6,smina,0.28742579,0.34060968,0.8438558,0,0,1.5124073
6132,134,9078,1296,4l80_OXL_E_402,6,smina,0.28730344,0.34046468,0.8438558,0,0.26180432,0.63265468
6133,134,13446,1920,5tch_MLI_F_501,6,smina,0.30799458,0.33910741,0.9082498,0,0.55652378,0.78059395
6134,134,8784,1254,4j0k_EGR_B_501,6,smina,0.28607641,0.33901061,0.8438558,0,2.0937666e-10,2.2300168
6135,134,8819,1259,4j7u_YTZ_B_802,6,smina,0.28605919,0.33899021,0.8438558,0,0,1.554662
6136,134,8812,1258,4j7u_YTZ_A_802,6,smina,0.28548038,0.33830429,0.8438558,0,0,1.5195053
6137,134,17464,2494,6wdv_TWM_A_701,6,smina,0.50561522,0.33641451,1.5029521,0,0,4.9885138
6138,134,14678,2096,6acn_TRC_A_899,6,smina,0.30348259,0.33364706,0.90959066,0,1.9524921e-05,1.3677118
6139,134,16029,2289,6lql_F0C_A_702,6,smina,0.28683041,0.33354449,0.85994548,0,0,2.5194343
6140,134,16316,2330,6nig_NAG_A_604,6,smina,0.33326224,0.33060279,1.0080433,0,3.1525341e-05,1.2657592
6141,134,6388,912,3ucc_2PG_A_601,4,gnina,1.0137528,0.3300353,3.0716486,0,0.99474864,2.3813394
6142,134,5081,725,2qx4_ML1_A_233,6,smina,0.2783295,0.32983024,0.8438558,0,0,1.894251
6143,134,748,106,1h18_DTL_B_9009,6,smina,0.28733233,0.32865508,0.87426609,0,5.4925283e-07,0.89311613
6144,134,14887,2126,6c6w_TFX_A_502,5,autodock,0.2772705,0.3285753,0.8438558,0,0,4.6549545
6145,134,6395,913,3ucc_2PG_B_601,4,gnina,1.0137552,0.32824426,3.0884163,0,0,2.3806948
6146,134,3632,518,2bsc_NAG_A_1176,6,smina,0.27522493,0.32615122,0.8438558,0,7.4872225e-05,1.1859627
6147,134,6705,957,3wat_BMA_A_404,6,smina,0.27506557,0.32596237,0.8438558,0,0.016810906,0.83440258
6148,134,17534,2504,6xu3_GAB_B_402,6,smina,0.27502054,0.32590901,0.8438558,0,0,0.77038088
6149,134,6712,958,3wat_BMA_B_404,6,smina,0.27485958,0.32571827,0.8438558,0,0.013965045,0.8050132
6150,134,6222,888,3se2_LDR_B_2,6,smina,0.27485864,0.32571715,0.8438558,0,0,0.89561456
6151,134,566,80,1g4s_TPS_B_2002,6,smina,0.45028249,0.32518985,1.3846748,0,0.98985005,9.0327686
6152,134,6068,866,3qhd_MSR_A_166,6,smina,0.2737976,0.32445978,0.8438558,0,0,0.78437588
6153,134,5730,818,2yjd_YJD_A_1498,4,gnina,0.60843082,0.32403613,1.8776625,0,0.001734402,5.9974226
6154,135,12858,1836,5kxb_NGA_B_305,6,smina,0.37060714,0.43867223,0.84483737,0,0.94351,1.5517801
6155,135,12865,1837,5kxb_NGA_C_305,6,smina,0.3650131,0.43205081,0.84483737,0,0.98135855,1.7121204
6156,135,8889,1269,4jzx_476_A_402,6,smina,0.44998127,0.4133842,1.0885295,0,0,3.5847822
6157,135,11507,1643,5eo7_SFU_A_401,6,smina,0.3306476,0.39605369,0.83485448,0,0.7441878,0.85062835
6158,135,11535,1647,5eo7_SFU_B_403,6,smina,0.3306476,0.39605369,0.83485448,0,0.56993597,0.83019186
6159,135,11542,1648,5eo7_SFU_B_404,6,smina,0.3306476,0.39605369,0.83485448,0,0.99585731,0.89992085
6160,135,11549,1649,5eo7_SFU_B_405,6,smina,0.3306476,0.39605369,0.83485448,0,0.96055797,0.80632864
6161,135,11563,1651,5eo7_SFU_C_402,6,smina,0.3306476,0.39605369,0.83485448,0,0.98953764,0.79206083
6162,135,11584,1654,5eo7_SFU_C_405,6,smina,0.3306476,0.39605369,0.83485448,0,0.98015925,1.3072662
6163,135,11514,1644,5eo7_SFU_A_402,6,smina,0.3306476,0.39588803,0.83520383,0,0.97566781,0.85376501
6164,135,11521,1645,5eo7_SFU_A_403,6,smina,0.32549265,0.38987903,0.83485448,0,0.58374412,0.91207341
6165,135,9288,1326,4mop_2H5_C_703,6,smina,0.3158465,0.35995854,0.87745142,0,0.00051532968,0.95678934
6166,135,11556,1650,5eo7_SFU_C_401,6,smina,0.29479961,0.35311454,0.83485448,0,0.92547719,0.90533834
6167,135,1560,222,1lo3_AN1_Y_500,6,smina,0.2897658,0.34708498,0.83485448,0,0,2.0540651
6168,135,9281,1325,4mop_2H5_B_802,6,smina,0.31523189,0.34618861,0.91057742,0,0.056191623,0.95202229
6169,135,11570,1652,5eo7_SFU_C_403,6,smina,0.28453865,0.34082383,0.83485448,0,0.80519618,0.89212561
6170,135,12688,1812,5jep_EVF_B_303,4,gnina,0.69603047,0.33994639,2.0474703,0,0.51415964,2.2638527
6171,135,4472,638,2jfv_FLC_A_1271,6,smina,0.28368242,0.33979822,0.83485448,0,0.019819547,1.3959691
6172,135,11577,1653,5eo7_SFU_C_404,6,smina,0.28206157,0.33785676,0.83485448,0,0.99002,0.88516313
6173,135,3842,548,2e40_LGC_A_1001,6,smina,0.28243504,0.33716341,0.83767897,0,0.037046778,0.89598068
6174,135,2330,332,1rum_BEZ_H_1601,6,smina,0.28976455,0.33683742,0.86024946,0,0.0085915776,0.61898304
6175,135,10450,1492,4ysx_MLI_A_701,6,smina,0.45995024,0.33673576,1.3659075,0,0.075302474,0.83341553
6176,135,9848,1406,4rje_PYR_C_402,6,smina,0.27950774,0.33479774,0.83485448,0,0.0010161957,0.63903934
6177,135,251,35,1cq1_BGC_B_455,6,smina,0.27844308,0.33352249,0.83485448,0,6.5070003e-05,0.81773079
6178,135,6691,955,3wat_BGC_A_403,6,smina,0.27580917,0.33036755,0.83485448,0,8.4966266e-05,1.1088193
6179,135,6698,956,3wat_BGC_B_403,6,smina,0.27541749,0.3298984,0.83485448,0,6.5421146e-05,1.1658338
6180,135,8378,1196,4hez_1MZ_A_306,6,smina,0.27501409,0.32941519,0.83485448,0,0,0.38019193
6181,135,14055,2007,5wqp_NCA_A_302,6,smina,0.27494073,0.32608973,0.8431434,0,0,0.66879156
6182,135,16967,2423,6s23_KSW_B_402,6,smina,0.27259047,0.32579129,0.83670175,0,0,0.44735647
6183,135,9953,1421,4u7g_K17_B_303,6,smina,0.27162015,0.32534989,0.83485448,0,1.6533587e-05,0.63992256
6184,135,244,34,1cq1_BGC_A_455,6,smina,0.27083785,0.32441285,0.83485448,0,6.5584112e-05,0.81624536
6185,135,9841,1405,4rje_PYR_A_402,6,smina,0.2706412,0.32417729,0.83485448,0,0.9411885,0.80944059
6186,135,12816,1830,5kcp_PFB_B_379,6,smina,0.2705228,0.32403547,0.83485448,0,0.86263017,0.81476481
6187,135,12802,1828,5kcp_PFB_A_379,6,smina,0.26994863,0.32334773,0.83485448,0,0.01043589,0.77103219
6188,135,15532,2218,6hmw_FUL_C_203,6,smina,0.26974943,0.32310913,0.83485448,0,1.1505356e-08,0.66707161
6189,135,5562,794,2xh0_PEP_A_1440,4,gnina,1.0134352,0.32224735,3.1448977,0,0.99472856,4.1877164
6190,135,3814,544,2d3n_GLC_A_608,6,smina,0.2669107,0.31970886,0.83485448,0,5.8077887e-07,0.82139278
6191,135,12431,1775,5ijz_AKG_B_502,6,smina,0.3306476,0.31749114,1.0414379,0,0.012043709,2.3457317
6192,135,12424,1774,5ijz_AKG_A_502,6,smina,0.32768494,0.31734702,1.0325751,0,0.023286878,1.8460064
6193,135,12438,1776,5ijz_AKG_C_502,6,smina,0.3306476,0.31614161,1.0458835,0,0,2.0400196
6194,135,12452,1778,5ijz_AKG_H_502,6,smina,0.3306476,0.31480053,1.0503391,0,0,1.283537
6195,135,12403,1771,5igs_GMP_A_403,6,smina,0.47854909,0.31442305,1.5219902,0,0,2.307206
6196,135,10163,1451,4wca_CIT_A_401,6,smina,0.26235823,0.31425585,0.83485448,0,0.017833404,1.3358277
6197,135,13089,1869,5n5k_8NW_A_307,6,smina,0.37903601,0.31346101,1.2091957,0,0,2.9478792
6198,135,2883,411,1w3t_3GR_C_1297,6,smina,0.27537401,0.31154169,0.88390642,0,0.023939091,0.63599057
6199,135,10562,1508,4zb5_GLC_A_403,6,smina,0.28241522,0.30882887,0.91447055,0,0.070965102,0.85123438
6200,135,16440,2348,6ooi_PGA_A_301,4,gnina,0.94304381,0.30870097,3.054877,0,0.93821991,6.1671851
6201,135,5466,780,2wdq_TEO_A_1589,6,smina,0.28247601,0.30803606,0.91702151,0,0.0013792425,1.4334238
6202,135,14328,2046,5y8p_3OH_B_301,6,smina,0.25506208,0.30551644,0.83485448,0,1.3522448e-08,0.69845922
6203,135,8371,1195,4hez_1MZ_A_304,6,smina,0.25467016,0.305047,0.83485448,0,0,0.48904621
6204,136,2055,293,1p7c_THM_B_501,4,gnina,0.62092272,0.71367968,0.87002897,0,0.98697997,3.5099759
6205,136,1971,281,1o8a_NXA_A_702,4,gnina,0.98668621,0.43596083,2.2632442,0,0.99091045,2.5808275
6206,136,11568,1652,5eo7_SFU_C_403,4,gnina,1.0027217,0.431766,2.322372,0,0.85826809,2.1989231
6207,136,11554,1650,5eo7_SFU_C_401,4,gnina,1.0098566,0.42902992,2.3538129,0,0.86090734,2.6247865
6208,136,11547,1649,5eo7_SFU_B_405,4,gnina,1.0139432,0.42150303,2.4055409,0,0.99098463,2.6045292
6209,136,11540,1648,5eo7_SFU_B_404,4,gnina,1.0137349,0.41861882,2.421617,0,0.0061792143,3.1940707
6210,136,11582,1654,5eo7_SFU_C_405,4,gnina,1.0138274,0.41588309,2.4377692,0,0.92516502,2.4674365
6211,136,11561,1651,5eo7_SFU_C_402,4,gnina,1.0137721,0.41586041,2.4377692,0,0.94458545,2.3370572
6212,136,11512,1644,5eo7_SFU_A_402,4,gnina,1.0138539,0.40973875,2.47439,0,0.96358229,2.196907
6213,136,2190,312,1pvc_ILE_0_7,6,smina,0.33518367,0.40547356,0.82664639,0,0,12.443189
6214,136,14524,2074,5z54_0HZ_D_303,6,smina,0.48185682,0.39074026,1.2331886,0,0,3.8023061
6215,136,11505,1643,5eo7_SFU_A_401,4,gnina,0.87981288,0.37948104,2.3184624,0,0.94221486,2.1878791
6216,136,14230,2032,5xmq_PLG_C_501,6,smina,0.43453464,0.36775117,1.1815987,0,4.0833952e-07,4.2278205
6217,136,9239,1319,4mig_G3F_D_802,6,smina,0.30268405,0.3661586,0.82664639,0,0.026031548,0.90522631
6218,136,9225,1317,4mig_G3F_A_802,6,smina,0.30182972,0.36512511,0.82664639,0,0.00043361116,0.98683643
6219,136,2771,395,1uxi_FUM_B_1311,6,smina,0.28640738,0.34646862,0.82664639,0,0,0.79067833
6220,136,2057,293,1p7c_THM_B_501,6,smina,0.2844771,0.34413355,0.82664639,0,0,2.7296292
6221,136,14447,2063,5ybq_AKG_A_302,6,smina,0.28369415,0.34318641,0.82664639,0,0.00027452361,1.2336808
6222,136,5648,806,2xul_AKG_F_201,6,smina,0.28361261,0.34308777,0.82664639,0,1.1211021e-06,1.547764
6223,136,5641,805,2xul_AKG_E_201,6,smina,0.28352096,0.34297689,0.82664639,0,0.015398723,1.5020595
6224,136,14713,2101,6av2_BY7_B_803,6,smina,0.28112226,0.34007517,0.82664639,0,0,6.7581557
6225,136,5634,804,2xul_AKG_C_201,6,smina,0.28063964,0.33949134,0.82664639,0,1.8312659e-06,1.263373
6226,136,14405,2057,5ybl_AKG_C_302,6,smina,0.28362647,0.33511905,0.84634441,0,0.67335344,1.2268027
6227,136,6971,995,3zjq_NCA_B_300,6,smina,0.27646087,0.33443627,0.82664639,0,0,0.74031017
6228,136,8336,1190,4h9x_HL4_B_404,6,smina,0.27512165,0.3328162,0.82664639,0,0,1.175926
6229,136,8343,1191,4hey_4MZ_A_303,6,smina,0.27464864,0.332244,0.82664639,0,0.99094859,0.45658915
6230,136,11059,1579,5bkd_RCF_B_503,6,smina,0.27377458,0.33118665,0.82664639,0,0,3.2004716
6231,136,14706,2100,6av2_BY7_A_803,6,smina,0.27090631,0.32771688,0.82664639,0,0,5.8420282
6232,137,10212,1458,4wqq_MAN_D_204,6,smina,0.28617228,0.34665282,0.82552892,0,0.021299423,0.75350462
6233,137,12081,1725,5gri_CIT_B_401,6,smina,0.28304713,0.34286719,0.82552892,0,0.1709131,1.4005519
6234,137,10191,1455,4wqq_MAN_A_204,6,smina,0.28179781,0.34135384,0.82552892,0,0.049962727,0.76268856
6235,137,14006,2000,5wcz_NOJ_B_601,6,smina,0.280943,0.34031837,0.82552892,0,0.0046810373,0.90902049
6236,137,8623,1231,4i6w_1CO_B_1001,6,smina,0.28070304,0.34002769,0.82552892,0,0.53250516,1.0257928
6237,137,475,67,1foi_14W_A_810,6,smina,0.27846584,0.33731768,0.82552892,0,1.1915409e-07,1.0185815
6238,137,10098,1442,4uy7_HIS_B_800,4,gnina,0.53163343,0.33616055,1.5814857,0,0.47961638,3.0954742
6239,137,10198,1456,4wqq_MAN_B_204,6,smina,0.27694191,0.33547168,0.82552892,0,0.0073612754,0.77380397
6240,137,10091,1441,4uy7_HIS_A_800,4,gnina,0.53163343,0.33281389,1.5973886,0,0,2.5516217
6241,137,6635,947,3w4i_8LG_A_402,6,smina,0.27390131,0.33178846,0.82552892,0,0,0.59571317
6242,137,741,105,1h18_DTL_A_9009,6,smina,0.28210561,0.33171904,0.85043436,0,4.641402e-08,0.87338772
6243,137,4710,672,2ot7_OGA_A_500,6,smina,0.28457518,0.32941952,0.86386758,0,0.64262793,1.1268018
6244,137,10205,1457,4wqq_MAN_C_204,6,smina,0.27028502,0.32740789,0.82552892,0,0.0065203781,0.84767631
6245,137,10051,1435,4umd_CIT_A_1174,6,smina,0.26923438,0.32613521,0.82552892,0,0.44486526,1.4260892
6246,137,3156,450,1z6k_OAA_A_274,6,smina,0.26919808,0.32609124,0.82552892,0,0.00022556493,0.86701069
6247,137,1147,163,1ixo_G3P_A_1001,6,smina,0.26206965,0.31745627,0.82552892,0,0.21934923,1.0950547
6248,137,1777,253,1n3o_GYP_B_1101,6,smina,0.27061392,0.31346438,0.86329937,0,0.96391073,0.92576179
6249,137,6852,978,3wug_XYP_B_2,6,smina,0.25497278,0.30885952,0.82552892,0,1.9270191e-06,0.52593529
6250,137,10093,1441,4uy7_HIS_A_800,6,smina,0.25497278,0.30885952,0.82552892,0,0.51130064,1.2308151
6251,137,10100,1442,4uy7_HIS_B_800,6,smina,0.25497278,0.30885952,0.82552892,0,0.68924053,1.1693678
6252,137,13430,1918,5tch_MLI_D_501,4,gnina,1.0210137,0.30824334,3.3123617,0,7.6492707e-07,8.2867494
6253,137,15742,2248,6jme_ORO_A_402,6,smina,0.25355544,0.30714263,0.82552892,0,0,0.76177657
6254,137,4122,588,2fyd_BGC_D_530,6,smina,0.24946533,0.30218811,0.82552892,0,0.38487729,0.85892049
6255,137,8385,1197,4hez_1MZ_A_307,6,smina,0.24814365,0.3005871,0.82552892,0,0,0.3942376
6256,137,5221,745,2uyv_TLA_A_1275,6,smina,0.24676156,0.29891292,0.82552892,0,0.16785782,1.1374636
6257,137,16461,2351,6ooi_PGA_D_301,4,gnina,0.92538571,0.2964933,3.1211007,0,0.95421701,6.9584164
6258,137,3016,430,1xin_XYL_B_397,6,smina,0.30316392,0.29624598,1.0233511,0,0.0042073303,1.0778243
6259,137,2638,376,1tuu_PIS_B_2854,6,smina,0.26005154,0.29614058,0.87813443,0,0,0.76527297
6260,137,13458,1922,5tch_MLI_H_501,4,gnina,0.96537315,0.29606017,3.2607319,0,0.93353675,7.2343925
6261,137,17513,2501,6xim_XLS_A_397,6,smina,0.30353607,0.2957727,1.0262468,0,0.18266953,1.131789
6262,137,3023,431,1xin_XYL_C_397,6,smina,0.30267487,0.29576808,1.0233511,0,0,1.0957264
6263,137,7069,1009,4a3u_NCA_B_1359,6,smina,0.27876096,0.29530923,0.94396192,0,0,0.84043066
6264,137,3030,432,1xin_XYL_D_397,6,smina,0.3029402,0.29518985,1.0262545,0,0.0038490129,1.1568895
6265,137,16148,2306,6mry_FLC_C_102,6,smina,0.28467898,0.29496691,0.96512073,0,0.018377331,1.334549
6266,137,8628,1232,4i6y_MEV_A_501,4,gnina,0.6315914,0.29487708,2.1418793,0,0.00099556579,2.4189412
6267,137,13530,1932,5thu_GGG_B_405,6,smina,0.2747669,0.29468416,0.93241048,0,5.424622e-08,2.0386528
6268,137,4514,644,2nos_AGU_A_903,6,smina,0.24263395,0.29391297,0.82552892,0,7.2369047e-07,0.52248096
6269,137,2050,292,1p2s_ETF_A_400,6,smina,0.24109355,0.29204701,0.82552892,0,0.10524747,0.43564666
6270,137,14195,2027,5xin_XLS_C_397,6,smina,0.30062391,0.29149465,1.0313178,0,0.10989176,1.062696
6271,137,426,60,1euu_GAL_A_2,6,smina,0.24885685,0.29125414,0.85443097,0,0.25925457,0.75891931
6272,137,14181,2025,5xin_XLS_A_397,6,smina,0.30327917,0.29077485,1.0430025,0,0.17956137,1.1796688
6273,137,14188,2026,5xin_XLS_B_397,6,smina,0.3029285,0.29043864,1.0430025,0,0.11210808,1.0789195
6274,137,9036,1290,4l4d_CAM_A_503,6,smina,0.23967407,0.29032754,0.82552892,0,0,0.56537121
6275,137,293,41,1dai_DSD_A_225,6,smina,0.28350359,0.29032716,0.97649592,0,8.9489172e-07,3.8670656
6276,137,531,75,1fuq_CIT_A_1001,6,smina,0.26753102,0.29005574,0.92234248,0,0.00013096266,1.4892645
6277,137,16897,2413,6rgg_K3Q_B_401,6,smina,0.23934805,0.28993261,0.82552892,0,0.020266255,1.1207159
6278,137,1035,147,1i8a_BGC_A_189,6,smina,0.24023193,0.28981179,0.82892293,0,0.046825916,0.78134617
6279,137,5235,747,2uyv_TLA_B_1275,6,smina,0.23877362,0.28923679,0.82552892,0,0.15769175,1.0469099
6280,137,10219,1459,4ws1_URF_A_301,6,smina,0.23864824,0.2890849,0.82552892,0,2.7236541e-05,0.6585103
6281,137,2533,361,1thc_FL9_B_131,6,smina,0.23850123,0.28890682,0.82552892,0,1.2601285e-09,0.79699283
6282,138,5289,755,2v7o_DRN_A_1303,4,gnina,0.59575052,0.47073149,1.2655836,0,0,7.6829124
6283,138,4444,634,2j51_DKI_A_1314,6,smina,0.47500151,0.41276476,1.1507792,0,0,5.7477594
6284,138,15985,2283,6l8a_BAL_C_504,4,gnina,0.606845,0.35190512,1.7244554,0,0.20245014,7.9824318
6285,138,9484,1354,4nkw_PLO_C_601,6,smina,0.43214544,0.34717817,1.2447358,0,0,2.3893744
6286,138,12312,1758,5i0d_GLC_B_1122,6,smina,0.28108661,0.34610046,0.81215221,0,1.5495395e-06,0.96262694
6287,138,10254,1464,4wxb_CIT_C_501,6,smina,0.28052148,0.34540462,0.81215221,0,2.1206378e-07,2.4366952
6288,138,13439,1919,5tch_MLI_E_301,6,smina,0.28414361,0.34188014,0.83111954,0,0.82725085,0.73114181
6289,138,11178,1596,5ci9_549_A_402,6,smina,0.27749747,0.34168118,0.81215221,0,0,1.1552565
6290,138,12305,1757,5i0d_GLC_A_1124,6,smina,0.27715347,0.34125762,0.81215221,0,6.2300799e-07,0.93482656
6291,138,3247,463,1zha_PEP_A_1268,6,smina,0.27679259,0.34081326,0.81215221,0,0.0036218456,1.0019213
6292,138,2491,355,1t93_FLV_A_432,6,smina,0.27551093,0.33923516,0.81215221,0,0.0027046301,1.1910457
6293,138,17800,2542,8icd_ICT_A_418,6,smina,0.27451292,0.33800632,0.81215221,0,0.0012382394,1.4760562
6294,138,10723,1531,4zu3_4SD_C_301,6,smina,0.32701318,0.33727288,0.9695794,0,0.91737285,1.0318125
6295,138,13327,1903,5osf_A9E_A_404,6,smina,0.2732291,0.33642556,0.81215221,0,0,2.518607
6296,138,13453,1921,5tch_MLI_G_301,6,smina,0.28275738,0.33476874,0.84463394,0,0.62485001,0.81403328
6297,138,10506,1500,4z1d_PEP_B_300,6,smina,0.27143055,0.33421102,0.81215221,0,0.91020797,1.076547
6298,138,2834,404,1vl1_CIT_A_300,6,smina,0.27051795,0.33308733,0.81215221,0,0.00040064112,1.4982997
6299,138,10499,1499,4z1d_PEP_A_300,6,smina,0.26662656,0.32829588,0.81215221,0,0.0039833175,0.98049827
6300,138,10730,1532,4zu3_4SD_D_301,6,smina,0.31565485,0.31937326,0.98835617,0,0.92144207,0.94440911
6301,138,16001,2285,6l8a_BAL_E_503,6,smina,0.31870236,0.31765465,1.0032973,0,6.7640213e-08,0.69668168
6302,138,5298,756,2vez_G6P_A_202,6,smina,0.25468023,0.31358643,0.81215221,0,0.00053982239,1.5574529
6303,138,17660,2522,6zjw_GAL_A_1101,6,smina,0.27672754,0.31320327,0.88353872,0,0.075118723,0.978312
6304,138,3457,493,2ahc_VNL_B_266,6,smina,0.27611151,0.31221046,0.88437521,0,0,1.0053793
6305,138,1805,257,1nf0_13P_B_1150,6,smina,0.3320544,0.31075233,1.068549,0,0.013422669,1.168884
6306,138,3464,494,2ahc_VNL_D_466,6,smina,0.27602891,0.30957787,0.89162898,0,0,1.1553193
6307,138,10105,1443,4uzi_IMD_B_1455,4,gnina,0.50689261,0.30733092,1.6493372,0,8.9129817e-06,1.9097633
6308,138,15987,2283,6l8a_BAL_C_504,6,smina,0.2996583,0.30463187,0.9836725,0,0.78067883,0.73308066
6309,138,1252,178,1ja9_PYQ_A_406,6,smina,0.24724061,0.30442607,0.81215221,0,0,0.62096191
6310,138,11794,1684,5fiu_Y3J_C_1299,6,smina,0.49549745,0.30413835,1.6291834,0,0.98388759,3.4122242
6311,138,11519,1645,5eo7_SFU_A_403,4,gnina,0.73695798,0.30354369,2.4278471,0,0,2.2341078
6312,138,10709,1529,4zu3_4SD_B_301,6,smina,0.29678259,0.30332408,0.97843295,0,0.92738975,0.99572944
6313,138,10702,1528,4zu3_4SD_A_301,6,smina,0.29826962,0.30178322,0.98835617,0,0.91845638,1.1604228
6314,138,10982,1568,5av3_KMP_A_300,6,smina,0.28148984,0.30115015,0.93471491,0,0,1.8056857
6315,138,5130,732,2r4j_13P_A_1968,6,smina,0.24446587,0.30100955,0.81215221,0,0.00021538478,1.246474
6316,138,3128,446,1yik_MM1_A_501,6,smina,0.2436016,0.29994538,0.81215221,0,0,0.66418774
6317,138,8588,1226,4i4v_NGA_D_202,6,smina,0.3320544,0.29850495,1.1123906,0,0.00052865784,1.4241971
6318,138,17443,2491,6vo2_R67_B_403,6,smina,0.2424022,0.29846856,0.81215221,0,0,1.0277696
6319,138,11533,1647,5eo7_SFU_B_403,4,gnina,0.72458237,0.29844634,2.4278471,0,0.56777105,2.3452092
6320,138,2869,409,1w1a_NDG_2_1261,6,smina,0.27265791,0.29711592,0.91768092,0,5.8839044e-06,1.3787921
6321,138,11171,1595,5ci9_549_A_401,6,smina,0.24018437,0.29573775,0.81215221,0,0,1.5641601
6322,138,1588,226,1lro_PEP_B_2268,6,smina,0.24560456,0.29520379,0.83198208,0,0.59693929,0.95757428
6323,138,11213,1601,5cpn_531_B_401,6,smina,0.27587019,0.2915554,0.94620061,0,0,1.8139374
6324,138,5172,738,2ri1_GLP_A_234,6,smina,0.40507816,0.2901457,1.3961189,0,0.026492459,1.5202157
6325,138,2743,391,1um4_SH4_H_1001,6,smina,0.44389001,0.28996521,1.5308379,0,0.23787646,4.6585176
6326,138,11206,1600,5cpn_531_A_401,6,smina,0.27363624,0.28919444,0.94620061,0,0,1.6638516
6327,138,9211,1315,4ma8_Z80_C_301,6,smina,0.23271655,0.28654266,0.81215221,0,0,2.3902081
6328,138,12662,1808,5j6y_GLC_A_309,6,smina,0.23045974,0.28376387,0.81215221,0,0.96221287,0.75737975
6329,138,8798,1256,4j4b_0TF_B_301,6,smina,0.47079664,0.28348022,1.6607733,0,1.0313586e-08,5.0055022
6330,138,17436,2490,6vo2_R67_A_403,6,smina,0.241348,0.28343327,0.85151511,0,0,0.82037563
6331,138,7755,1107,4d06_NAR_F_301,6,smina,0.31146669,0.28296474,1.1007252,0,0,2.0189813
6332,139,12067,1723,5goo_FRU_B_501,6,smina,0.35340915,0.43679273,0.80909932,0,0.96094262,0.97418614
6333,139,10842,1548,5a66_3PO_B_1000,6,smina,0.31076297,0.36628156,0.84842545,0,0.99432739,1.2349146
6334,139,5039,719,2qs2_UBF_A_603,6,smina,0.50029092,0.35261651,1.4187951,0,0,4.3194925
6335,139,15952,2278,6l86_LMR_B_302,6,smina,0.35213116,0.348261,1.0111119,0,0.8606717,1.2852904
6336,139,5417,773,2w1a_TSA_D_1091,6,smina,0.27953619,0.34549015,0.80909932,0,0.092464829,1.1904165
6337,139,454,64,1fhv_OSB_A_789,6,smina,0.27923775,0.34512129,0.80909932,0,0.85686902,1.873266
6338,139,9533,1361,4o95_245_A_602,6,smina,0.27736655,0.3428086,0.80909932,0,4.3826212e-08,1.6228558
6339,139,15980,2282,6l86_MLT_A_303,6,smina,0.35257157,0.34190288,1.0312029,0,0.0038394938,1.3714992
6340,139,16813,2401,6r5o_BGC_B_801,6,smina,0.27550923,0.34051306,0.80909932,0,0.86344889,0.87449563
6341,139,15826,2260,6jz4_EVA_B_701,6,smina,0.27420314,0.33889881,0.80909932,0,0.16075643,0.94720034
6342,139,15819,2259,6jz4_EVA_A_701,6,smina,0.2741365,0.33881645,0.80909932,0,0.0057564934,0.95592754
6343,139,5578,796,2xhk_AKG_A_519,6,smina,0.27373468,0.33831982,0.80909932,0,0.00030277252,1.0404794
6344,139,3317,473,1zoy_UQ1_B_1201,6,smina,0.28024196,0.33654988,0.8326897,0,0,1.9748815
6345,139,16239,2319,6ncx_ADA_C_601,6,smina,0.32412918,0.3326744,0.97431254,0,0.0012575475,1.1818219
6346,139,3394,484,2a1m_CAM_A_1422,6,smina,0.26041772,0.32186085,0.80909932,0,0,0.55109197
6347,139,10707,1529,4zu3_4SD_B_301,4,gnina,1.0190217,0.31945482,3.1898763,0,0.91529896,3.2700668
6348,139,12074,1724,5goo_FRU_C_501,6,smina,0.25831368,0.31926038,0.80909932,0,0.96130441,1.3411879
6349,139,10721,1531,4zu3_4SD_C_301,4,gnina,1.0119092,0.31864854,3.175627,0,0.93362789,3.3884787
6350,139,10975,1567,5ahn_IMP_A_1468,6,smina,0.2573549,0.31724866,0.81120777,0,0,3.4109858
6351,139,10700,1528,4zu3_4SD_A_301,4,gnina,1.0205964,0.31723483,3.2171628,0,0.81227243,3.0856953
6352,139,5585,797,2xhk_AKG_B_519,6,smina,0.25611678,0.31654514,0.80909932,0,0.00042350863,1.1945872
6353,139,9561,1365,4ox5_DAL_A_307,6,smina,0.25588052,0.31625314,0.80909932,0,0.59426775,0.58673516
6354,139,10728,1532,4zu3_4SD_D_301,4,gnina,1.008858,0.31358614,3.2171628,0,0.89565204,3.15768
6355,139,11423,1631,5dw3_TRP_D_402,6,smina,0.35340915,0.31170577,1.1337899,0,0.48326717,1.4407
6356,139,11409,1629,5dw3_TRP_A_402,6,smina,0.35340915,0.30566029,1.1562145,0,0.50745142,1.6024589
6357,139,11416,1630,5dw3_TRP_C_402,6,smina,0.35340915,0.30329008,1.1652503,0,0.35183236,1.5361821
6358,139,12991,1855,5m0t_AKG_B_302,6,smina,0.27447633,0.29898226,0.91803449,0,1.0037154e-05,1.2533546
6359,139,10835,1547,5a66_3PO_A_1000,6,smina,0.27394985,0.29846563,0.91785961,0,0.99064232,1.2252499
6360,139,9204,1314,4m72_M72_B_402,6,smina,0.35340915,0.29830601,1.1847192,0,0.94051593,1.6687304
6361,139,10534,1504,4z6p_DHY_C_403,6,smina,0.54133743,0.29542187,1.8324207,0,0.99694303,1.3635911
6362,139,3401,485,2a1m_CAM_B_2422,6,smina,0.23999358,0.29501363,0.81349897,0,0,0.54504882
6363,139,3975,567,2f64_12Q_A_472,6,smina,0.24525864,0.2947721,0.83202696,0,0,0.66955546
6364,139,2547,363,1tkh_DPN_A_913,6,smina,0.23525746,0.29076427,0.80909932,0,0.0077869709,1.9334245
6365,139,12984,1854,5m0t_AKG_A_302,6,smina,0.27450905,0.29044155,0.94514287,0,4.8489843e-06,1.2304615
6366,139,587,83,1g72_PQQ_C_703,6,smina,0.35340847,0.28786336,1.2276943,0,0.99238536,3.9037469
6367,139,13236,1890,5o4j_PJL_A_304,6,smina,0.23262988,0.28751672,0.80909932,0,7.8432664e-05,1.1885327
6368,139,14888,2126,6c6w_TFX_A_502,6,smina,0.23249106,0.28734516,0.80909932,0,0,1.6858235
6369,139,3905,557,2ef9_A5P_A_1269,6,smina,0.32412918,0.28670354,1.1305368,0,0.48700468,1.8225344
6370,139,16848,2406,6r7w_CIT_A_406,6,smina,0.27483357,0.28595797,0.96109676,0,0.052627004,1.4470652
6371,139,6985,997,3zog_A2Q_A_200,6,smina,0.23106774,0.28558601,0.80909932,0,5.2171254e-06,0.47850642
6372,139,13005,1857,5m62_BGC_A_409,6,smina,0.23088879,0.28536484,0.80909932,0,0.01039744,0.76543478
6373,139,7720,1102,4cw2_XDS_A_1303,6,smina,0.22988569,0.28412508,0.80909932,0,0,1.1377234
6374,139,9526,1360,4o7g_ASC_B_304,6,smina,0.22986662,0.2841015,0.80909932,0,0.0018785348,0.90914043
6375,139,1406,200,1kep_TDX_A_3500,6,smina,0.22967861,0.28386914,0.80909932,0,0.0012196359,0.6272378
6376,139,1833,261,1nmm_NAG_D_527,6,smina,0.30086569,0.28085598,1.0712445,0,0.98193309,1.5614033
6377,139,7321,1045,4bdr_CYS_B_804,6,smina,0.22586163,0.27915158,0.80909932,0,0,0.58652525
6378,139,8350,1192,4hey_4MZ_A_307,6,smina,0.22502917,0.2781227,0.80909932,0,0.0044113436,0.42562252
6379,139,16820,2402,6r5o_BGC_B_802,6,smina,0.22482025,0.27786449,0.80909932,0,1.446089e-06,0.9768059
6380,139,11143,1591,5cga_KP6_B_301,6,smina,0.31659576,0.27774573,1.1398753,0,0,0.98667437
6381,139,12732,1818,5jj2_MLI_A_305,6,smina,0.22325312,0.27592761,0.80909932,0,1.1302135e-07,0.63079936
6382,140,1168,166,1j0n_CEG_A_780,6,smina,0.51456637,0.63924095,0.80496365,0,0.00040304714,1.2520293
6383,140,17275,2467,6tt4_BMA_C_3,6,smina,0.51456637,0.6046043,0.85107857,0,1.5582774e-08,0.84606079
6384,140,6992,998,3zp7_PRE_A_1118,6,smina,0.51456637,0.5979199,0.86059314,0,0,1.7782968
6385,140,1831,261,1nmm_NAG_D_527,4,gnina,1.0240355,0.48788801,2.0989141,0,0.97613541,2.6617086
6386,140,6901,985,3wwc_BUA_A_402,6,smina,0.3776068,0.46909736,0.80496365,0,0.077460388,0.57567001
6387,140,5998,856,2zvq_1NP_X_502,6,smina,0.37760568,0.46909597,0.80496365,0,0,0.79669204
6388,140,6922,988,3wxo_NIZ_A_804,6,smina,0.37684064,0.46814557,0.80496365,0,0,1.161286
6389,140,601,85,1g79_PLP_A_270,6,smina,0.37654974,0.46778419,0.80496365,0,0.00058290428,2.4941618
6390,140,14321,2045,5y8k_SER_B_301,6,smina,0.37649641,0.46771794,0.80496365,0,1.988193e-05,0.73400011
6391,140,13187,1883,5o3b_9HZ_C_501,6,smina,0.51456637,0.46766835,1.1002796,0,0,6.6673954
6392,140,1763,251,1n1i_HIS_C_501,6,smina,0.36477449,0.4531559,0.80496365,0,1.6626319e-07,0.98522199
6393,140,13173,1881,5o3b_9HZ_A_501,6,smina,0.49426555,0.4477943,1.1037772,0,0,7.4754867
6394,140,13180,1882,5o3b_9HZ_B_501,6,smina,0.49426555,0.4400819,1.1231208,0,0,9.7992604
6395,140,13194,1884,5o3b_9HZ_D_501,6,smina,0.49426555,0.43459503,1.1373005,0,0,7.4717362
6396,140,1567,223,1lqp_FCN_B_4001,6,smina,0.37760678,0.4269923,0.88433993,0,0,0.7929238
6397,140,1574,224,1lqp_FCN_B_4003,6,smina,0.37817493,0.42660864,0.88646704,0,0,0.62454159
6398,140,384,54,1e7h_PLM_A_1001,6,smina,0.33959939,0.42188112,0.80496365,0,2.4858789e-06,2.3063361
6399,140,9442,1348,4ni1_2JX_A_204,6,smina,0.51456637,0.42144716,1.2209501,0,5.4002187e-05,1.1282322
6400,140,839,119,1h48_CDI_A_201,6,smina,0.51456637,0.41406091,1.2427301,0,0.00028864406,1.2193671
6401,140,9435,1347,4ni1_2JX_A_203,6,smina,0.51456625,0.40916036,1.2576141,0,0.00014336016,1.0371535
6402,140,10443,1491,4ynu_LGC_A_602,6,smina,0.37974816,0.40622731,0.93481588,0,0.015088213,0.80496164
6403,140,6642,948,3w4i_8LG_B_402,6,smina,0.37454638,0.40391034,0.9272998,0,0,0.61591707
6404,140,4101,585,2fr6_URI_B_1002,6,smina,0.50330177,0.40130879,1.2541499,0,0,2.4299119
6405,140,853,121,1h48_CDI_C_902,6,smina,0.49502845,0.39583545,1.2505906,0,0.99475667,1.2198066
6406,140,6859,979,3wug_XYP_C_2,6,smina,0.37233285,0.39421255,0.94449669,0,2.3293574e-05,0.67801249
6407,140,10667,1523,4zqp_IMP_A_601,6,smina,0.78384484,0.39191093,2.0000577,0,0,3.287703
6408,140,923,131,1h5r_THM_B_1293,6,smina,0.567126,0.39059986,1.4519351,0,0,2.8999384
6409,140,9197,1313,4m54_AE5_A_403,6,smina,0.51456323,0.38725065,1.3287592,0,0.00052666377,2.7355568
6410,141,1707,243,1mmx_FUC_B_348,6,smina,0.31746435,0.39830369,0.79703993,0,0.99457609,0.66029852
6411,141,1700,242,1mmx_FUC_A_348,6,smina,0.31126169,0.39052159,0.79703993,0,0.99569496,0.88147922
6412,141,5122,731,2r3d_ACM_A_303,5,autodock,0.29311352,0.36775215,0.79703993,0,0.99574523,2.2515089
6413,141,698,99,1gxu_2HP_A_1092,5,autodock,0.28651333,0.35947128,0.79703993,0,0.96195406,6.5892633
6414,141,15994,2284,6l8a_BAL_D_507,6,smina,0.28284086,0.35486366,0.79703993,0,0.0019563319,0.68547792
6415,141,818,116,1h48_C5P_D_204,6,smina,0.57603102,0.35448057,1.6249993,0,0,3.334058
6416,141,3513,501,2b3f_GAL_A_3310,6,smina,0.33134418,0.35213716,0.94095105,0,0.99726733,1.3528613
6417,141,9202,1314,4m72_M72_B_402,4,gnina,0.98883524,0.34690359,2.8504603,0,0.24263483,2.9344769
6418,141,1427,203,1klk_PMD_A_653,6,smina,0.5086671,0.3437547,1.4797376,0,0,4.344061
6419,141,3527,503,2b3f_GAL_C_3312,6,smina,0.33134418,0.33916584,0.97693753,0,0.99557411,1.3174211
6420,141,3534,504,2b3f_GAL_D_3313,6,smina,0.33134418,0.33916584,0.97693753,0,0.99762187,1.2768968
6421,141,3541,505,2b3f_GAL_E_3314,6,smina,0.33134418,0.33916584,0.97693753,0,0.99703009,1.3319096
6422,141,16904,2414,6rgg_K3Q_B_402,6,smina,0.33017515,0.33854963,0.97526264,0,7.7819968e-06,4.8392919
6423,141,17344,2477,6urx_JMG_A_316,5,autodock,0.2690406,0.33754929,0.79703993,0,0.98976023,7.5884633
6424,141,16890,2412,6rgg_K3Q_A_403,6,smina,0.33134371,0.33662686,0.98430461,0,1.8063713e-06,4.4076266
6425,141,4513,644,2nos_AGU_A_903,5,autodock,0.26658025,0.33446243,0.79703993,0,7.245235e-07,3.825539
6426,141,8098,1156,4ejh_0QA_F_502,6,smina,0.64138391,0.32307987,1.9852169,0,0,2.2462963
6427,141,14789,2112,6bkk_308_B_101,5,autodock,0.26542191,0.32152527,0.8255077,0,0,5.6775686
6428,141,832,118,1h48_C5P_F_901,6,smina,0.55514146,0.31752741,1.7483251,0,0,3.9572043
6429,141,6915,987,3wxo_NIZ_A_802,6,smina,0.27570327,0.31423396,0.87738115,0,0,0.79332054
6430,141,14391,2055,5yb7_ORN_D_603,6,smina,0.30699075,0.31408264,0.97741932,0,0.0017726506,1.1930814
6431,141,2176,310,1pr6_XYA_A_1245,6,smina,0.30333063,0.31162052,0.97339648,0,3.0300839e-06,2.1787834
6432,141,3548,506,2b3f_GAL_F_3315,6,smina,0.30295505,0.31010656,0.97693753,0,0.99748793,1.6632268
6433,141,4829,689,2pwf_BGC_D_9999,6,smina,0.26945515,0.30811913,0.87451512,0,0.00041119874,0.92755796
6434,141,15252,2178,6fld_NAG_A_602,6,smina,0.2442584,0.30645653,0.79703993,0,4.359441e-07,1.4975065
6435,141,9365,1337,4n4j_HG1_A_608,6,smina,0.24293289,0.30479349,0.79703993,0,0,0.69744006
6436,141,377,53,1e5f_PLP_B_405,6,smina,0.23711213,0.29749053,0.79703993,0,0.4022451,1.8102193
6437,141,12928,1846,5la2_ARB_B_606,6,smina,0.23668476,0.29695434,0.79703993,0,7.4678572e-05,0.57306567
6438,141,851,121,1h48_CDI_C_902,4,gnina,1.0023318,0.29695296,3.3753884,0,0.99347825,2.5763234
6439,141,10954,1564,5agl_CCW_B_800,6,smina,0.29005734,0.29276559,0.99074841,0,9.8445202e-06,3.2561749
6440,141,15950,2278,6l86_LMR_B_302,4,gnina,0.95322505,0.29043035,3.2821114,0,0.0029775904,4.9244449
6441,141,12921,1845,5la2_ARB_A_606,6,smina,0.23087501,0.28966518,0.79703993,0,0.86217566,0.67001609
6442,141,1882,268,1nsm_GLA_B_2400,6,smina,0.23015022,0.28875583,0.79703993,0,0.052204213,0.80779477
6443,141,12914,1844,5la1_XYP_A_602,6,smina,0.22923801,0.28761134,0.79703993,0,0.00014619765,0.60684208
6444,141,734,104,1h0v_UN4_A_1299,6,smina,0.33134418,0.28622041,1.157653,0,1.0691243e-08,2.1174041
6445,141,2477,353,1t87_CAM_B_2422,6,smina,0.27463086,0.28604646,0.96009082,0,0,0.55726958
6446,141,13922,1988,5vyr_GMP_B_302,6,smina,0.33134418,0.28511759,1.1621307,0,0,3.0984113
6447,141,12522,1788,5iuy_BOG_C_503,6,smina,0.43823373,0.28288315,1.5491678,0,1.6136138e-07,4.3640239
6448,141,2589,369,1tl2_NDG_A_241,6,smina,0.27158172,0.27865531,0.97461426,0,0.9122928,1.2248132
6449,141,8105,1157,4ek1_CAM_A_502,6,smina,0.21969866,0.27564288,0.79703993,0,0,0.78740985
6450,141,8112,1158,4ek1_CAM_B_502,6,smina,0.21965965,0.27559394,0.79703993,0,0,0.6672469
6451,141,13649,1949,5uap_82S_A_505,6,smina,0.21891952,0.27466534,0.79703993,0,0,0.57040711
6452,141,3170,452,1zb6_GST_A_502,6,smina,0.33134418,0.2743186,1.2078799,0,0,4.2362693
6453,141,5683,811,2y00_Y00_A_601,6,smina,0.60647622,0.27425865,2.2113285,0,0,5.8160363
6454,141,8847,1263,4jh6_FCN_A_202,6,smina,0.39712897,0.27382275,1.4503131,0,0,0.65006639
6455,141,3849,549,2e40_LGC_B_2001,6,smina,0.2176313,0.27304908,0.79703993,0,0.029858488,1.008914
6456,141,1714,244,1mmy_G6D_A_348,6,smina,0.21673298,0.27192201,0.79703993,0,0.0026153768,0.59315169
6457,141,12942,1848,5lqs_NTM_A_302,6,smina,0.21650371,0.27163436,0.79703993,0,0,0.97401767
6458,141,1875,267,1nsm_GAL_A_1400,6,smina,0.2163757,0.27147376,0.79703993,0,0.0082771604,0.79821843
6459,141,16876,2410,6rgg_K3Q_A_401,6,smina,0.2161821,0.27123086,0.79703993,0,0.028854947,1.1505125
6460,142,5893,841,2zgw_BTN_A_1401,6,smina,0.51107176,0.54726125,0.93387061,0,0,3.5778538
6461,142,13248,1892,5ocm_9RH_A_302,4,gnina,0.48575046,0.43632953,1.1132642,0,0.70145434,4.0199675
6462,142,13262,1894,5ocm_9RH_C_302,4,gnina,0.48575035,0.43632943,1.1132642,0,0.024758382,4.6200743
6463,142,13255,1893,5ocm_9RH_B_302,4,gnina,0.4857524,0.43091924,1.127246,0,0.74162006,3.8378174
6464,142,13257,1893,5ocm_9RH_B_302,6,smina,0.33344826,0.42174254,0.7906431,0,0,1.0716212
6465,142,13250,1892,5ocm_9RH_A_302,6,smina,0.33344232,0.42173503,0.7906431,0,0,1.3626018
6466,142,13264,1894,5ocm_9RH_C_302,6,smina,0.33344196,0.42173458,0.7906431,0,0,1.0257525
6467,142,1516,216,1l4f_NCN_A_991,4,gnina,0.60918442,0.40098137,1.5192327,0,0.99647566,3.7359912
6468,142,6984,997,3zog_A2Q_A_200,5,autodock,0.31216882,0.39482849,0.7906431,0,5.2351469e-06,4.8081917
6469,142,1518,216,1l4f_NCN_A_991,6,smina,0.30460309,0.38525942,0.7906431,0,0,4.2252167
6470,142,12879,1839,5l7u_NGA_A_601,6,smina,0.30344636,0.38379639,0.7906431,0,0.81528177,1.3762272
6471,142,15126,2160,6f3s_PLP_A_901,6,smina,0.33373029,0.37770588,0.88357085,0,0.021723768,1.6919562
6472,142,2988,426,1xc7_GL6_A_998,6,smina,0.40281545,0.37589121,1.0716268,0,0.81519252,2.3580226
6473,142,398,56,1e8m_P0H_A_724,6,smina,0.29314812,0.37077127,0.7906431,0,0,4.1934158
6474,142,12065,1723,5goo_FRU_B_501,4,gnina,0.99836419,0.35601535,2.8042719,0,2.9199673e-06,3.9463689
6475,142,17324,2474,6ufd_Q6D_A_305,6,smina,0.38545941,0.35248069,1.0935608,0,0,4.0915982
6476,142,17007,2429,6sds_L8N_A_302,4,gnina,0.61594947,0.35180459,1.7508274,0,0.99307996,4.4298732
6477,142,9148,1306,4lvb_20N_B_601,6,smina,0.27112822,0.34292069,0.7906431,0,0,2.0768702
6478,142,9113,1301,4lm7_U5P_A_201,6,smina,0.26903524,0.3402735,0.7906431,0,0,2.7119541
6479,142,1705,243,1mmx_FUC_B_348,4,gnina,1.0078601,0.33845713,2.9778063,0,0.99486867,1.8159408
6480,142,1698,242,1mmx_FUC_A_348,4,gnina,1.0063816,0.33796063,2.9778063,0,0.0014398473,1.8390554
6481,142,10926,1560,5aew_BNL_C_462,6,smina,0.33373029,0.3368752,0.99066347,0,0.00049513032,1.4803055
6482,142,13229,1889,5o4j_9KH_C_302,6,smina,0.26464237,0.33471743,0.7906431,0,0,1.0772731
6483,142,13222,1888,5o4j_9KH_B_302,6,smina,0.26361101,0.33341298,0.7906431,0,0,1.4752664
6484,142,3511,501,2b3f_GAL_A_3310,4,gnina,1.0115461,0.31714035,3.189584,0,0.99721077,12.332759
6485,142,16652,2378,6qa7_PLP_A_902,6,smina,0.27230377,0.31096304,0.87567788,0,0.019108435,3.0008562
6486,142,10933,1561,5aew_BNL_I_462,6,smina,0.30802791,0.31013186,0.99321496,0,0.9823986,1.9077222
6487,142,4836,690,2pye_7PE_A_504,6,smina,0.40191706,0.31009258,1.2961186,0,1.9219944e-07,8.4363032
6488,142,3546,506,2b3f_GAL_F_3315,4,gnina,1.0240415,0.30914486,3.3124964,0,0.99735715,7.7191492
6489,142,1784,254,1n5i_TMP_A_217,6,smina,0.4222467,0.30763393,1.3725612,0,0,3.3982813
6490,142,3525,503,2b3f_GAL_C_3312,4,gnina,1.0115614,0.30537727,3.3124964,0,0.99623799,7.0612758
6491,142,3539,505,2b3f_GAL_E_3314,4,gnina,1.0115482,0.3053733,3.3124964,0,0.99699715,6.8812584
6492,142,3532,504,2b3f_GAL_D_3313,4,gnina,1.0115429,0.30537168,3.3124964,0,0.99755872,7.0222101
6493,142,1936,276,1o2i_655_A_246,4,gnina,0.66856747,0.30449379,2.1956677,0,0.88124563,3.9086456
6494,142,17009,2429,6sds_L8N_A_302,6,smina,0.30642159,0.30067445,1.0191132,0,0,2.961542
6495,142,11407,1629,5dw3_TRP_A_402,4,gnina,0.79924795,0.30011722,2.6631184,0,0.5162837,4.5007537
6496,142,11185,1597,5cjn_52F_A_809,6,smina,0.28471724,0.29778645,0.95611113,0,0,1.6819028
6497,142,11017,1573,5b4o_6DQ_B_202,6,smina,0.29064763,0.29750725,0.976942,0,0,1.1723494
6498,142,11421,1631,5dw3_TRP_D_402,4,gnina,0.77814088,0.29573785,2.6311836,0,0.46244041,4.56931
6499,142,11339,1619,5dmm_HCS_A_505,6,smina,0.24025363,0.29262266,0.82103461,0,0.0011430061,0.91119312
6500,142,1070,152,1iki_DAL_A_500,6,smina,0.23014305,0.29108298,0.7906431,0,3.4741622e-06,0.63388101
6501,142,4738,676,2pd5_ZST_A_600,6,smina,0.30724771,0.28597888,1.0743711,0,0,6.867778
6502,142,11472,1638,5e4r_40E_A_504,6,smina,0.27709864,0.28513044,0.97183013,0,0.044764487,0.82152507
6503,142,14244,2034,5xrv_F6R_A_702,6,smina,0.31141583,0.2845106,1.0945657,0,0.00012062773,3.4801582
6504,142,6850,978,3wug_XYP_B_2,4,gnina,0.43596846,0.28321857,1.5393348,0,1.7576778e-06,1.4548926
6505,142,11010,1572,5b4o_6DQ_B_201,6,smina,0.29850988,0.28213484,1.0580388,0,0,1.5765993
6506,142,6607,943,3vq5_MMJ_B_307,6,smina,0.29667713,0.27894077,1.0635837,0,2.0719189e-06,1.470655
6507,142,1994,284,1om5_INE_B_791,6,smina,0.21925049,0.27730617,0.7906431,0,9.2685945e-06,0.98874702
6508,142,4605,657,2nu7_COA_E_1325,6,smina,0.21903897,0.27703864,0.7906431,0,0.00032591424,1.2895869
6509,142,15497,2213,6hl7_CP_C_401,6,smina,0.26588961,0.27629515,0.96233803,0,0.03636165,0.79929888
6510,143,14468,2066,5yfj_RUB_B_401,6,smina,0.60798187,0.3472428,1.7508831,0,0.80597813,2.8589537
6511,143,14475,2067,5yfj_RUB_C_401,6,smina,0.57746771,0.32981493,1.7508831,0,0.84191633,4.2919238
6512,143,12877,1839,5l7u_NGA_A_601,4,gnina,0.96423339,0.32216176,2.9930091,0,0.99733982,3.8375011
6513,143,9190,1312,4m2c_DAR_D_402,6,smina,0.33284845,0.32166374,1.0347705,0,0.87531709,2.6011313
6514,143,9750,1392,4qpe_37E_A_901,6,smina,0.32129262,0.3051599,1.0528655,0,9.8130057e-07,2.2369668
6515,143,10931,1561,5aew_BNL_I_462,4,gnina,1.0325861,0.30079427,3.432864,0,0.99104103,202.31083
6516,143,6012,858,2zyv_NPO_X_1601,6,smina,0.23926333,0.29771983,0.80365163,0,0,0.71212748
6517,143,5984,854,2zuw_NDG_C_4003,6,smina,0.33283401,0.28878195,1.1525434,0,0.82641936,1.6387475
6518,143,14202,2028,5xin_XLS_D_397,6,smina,0.30273567,0.28772032,1.0521864,0,0.14407991,1.433371
6519,143,14398,2056,5ybl_AKG_A_302,6,smina,0.24293093,0.27675058,0.87779635,0,0.0026718137,1.380149
6520,143,6544,934,3vmg_9CA_C_2002,6,smina,0.33284845,0.27326412,1.2180457,0,0.91755955,1.0463699
6521,143,5977,853,2zuw_NDG_B_4002,6,smina,0.33284845,0.27203935,1.2235296,0,0.85860414,1.6809277
6522,143,2855,407,1vzu_UDP_B_2371,6,smina,0.44898453,0.27058713,1.6592965,0,0,6.0248461
6523,143,17548,2506,6xu3_PLG_C_401,6,smina,0.60066828,0.27006364,2.2241721,0,0.90618198,3.5153561
6524,143,5704,814,2y4j_LAC_B_400,6,smina,0.28348211,0.26978609,1.0507653,0,5.3116648e-05,0.59849242
6525,143,11227,1603,5cr1_STL_B_201,6,smina,0.26165019,0.26959795,0.97051895,0,0,1.6396577
6526,143,3009,429,1xin_XYL_A_397,6,smina,0.28107092,0.26758522,1.0503968,0,0.010465592,1.1567792
6527,143,14958,2136,6cut_FEJ_C_401,6,smina,0.60839402,0.26713662,2.277463,0,0.98439731,5.3208214
6528,143,17793,2541,8cpp_TCM_A_422,6,smina,0.2106874,0.26590054,0.79235315,0,0,0.57924401
6529,143,5956,850,2zut_A2G_A_4001,6,smina,0.33284845,0.26559624,1.2532113,0,0.97666967,1.4785086
6530,143,5963,851,2zut_A2G_B_4002,6,smina,0.33282034,0.26557381,1.2532113,0,0.97659539,1.7772417
6531,143,8775,1253,4j0k_EGR_A_501,4,gnina,0.52957988,0.26430092,2.0036995,0,0.00083448998,3.679975
6532,143,3338,476,1zpd_CIT_E_610,6,smina,0.3064108,0.26407539,1.1603147,0,0.035783236,2.1702433
6533,143,8294,1184,4gt9_UMP_A_302,6,smina,0.2523581,0.26402278,0.95581841,0,0,3.3674489
6534,143,6558,936,3vnj_PSJ_B_301,6,smina,0.27586337,0.26249338,1.0509336,0,0.14649393,1.6967441
6535,143,14461,2065,5yfj_RUB_A_401,6,smina,0.44256842,0.26227523,1.6874188,0,0.85713375,2.9709036
6536,143,7965,1137,4du7_DP6_B_401,6,smina,0.50301743,0.26179746,1.9213983,0,0.93118625,3.2091541
6537,143,10492,1498,4ywd_NTM_A_704,6,smina,0.20657289,0.26070777,0.79235315,0,0,0.94929151
6538,143,17121,2445,6t0a_M58_A_601,6,smina,0.20573326,0.25964811,0.79235315,0,0,0.64204297
6539,143,8770,1252,4ixw_IXW_B_302,6,smina,0.20569482,0.25959959,0.79235315,0,0.00044829318,0.86268123
6540,143,17310,2472,6u6c_P1T_H_504,6,smina,0.60795976,0.2594144,2.3435843,0,0,4.7618404
6541,143,9939,1419,4tsk_TLA_A_404,6,smina,0.20548914,0.25934001,0.79235315,0,0.0070485528,1.0627821
6542,143,13614,1944,5u5z_7VP_A_302,6,smina,0.20537041,0.25919017,0.79235315,0,0.00014689545,1.1283798
6543,143,14314,2044,5y8k_SER_A_301,6,smina,0.20536731,0.25918626,0.79235315,0,1.844563e-05,0.79308025
6544,143,10226,1460,4ws6_WBU_A_301,6,smina,0.20536602,0.25918462,0.79235315,0,0,0.67056763
6545,143,8441,1205,4hrq_AZG_B_201,6,smina,0.20536597,0.25918457,0.79235315,0,0,0.9080903
6546,143,14727,2103,6ayv_MLI_A_409,6,smina,0.20536597,0.25918457,0.79235315,0,0.87773787,0.61732073
6547,143,6572,938,3vnm_SDD_A_301,6,smina,0.25582909,0.25886184,0.98828328,0,0.36631227,1.3578854
6548,143,727,103,1gz5_UDP_D_900,6,smina,0.44595421,0.25767474,1.7306856,0,0,5.657816
6549,143,9364,1337,4n4j_HG1_A_608,5,autodock,0.30289653,0.25743554,1.1765908,0,0,1.9771062
6550,143,9183,1311,4m2c_DAR_C_402,6,smina,0.26607887,0.25724036,1.034358,0,0.17925047,1.6356111
6551,143,9946,1420,4tyv_BGC_B_701,6,smina,0.2029139,0.2560899,0.79235315,0,0.004443237,1.0762234
6552,143,17296,2470,6u6c_P1T_B_502,6,smina,0.59983718,0.25594852,2.3435843,0,0,4.1240702
6553,143,13670,1952,5ud3_P6F_B_404,6,smina,0.33284845,0.25582057,1.3011003,0,0.48846927,7.2691
6554,143,3345,477,1zpd_CIT_F_610,6,smina,0.29604921,0.25514541,1.1603147,0,0.29120456,1.5410847
6555,143,17303,2471,6u6c_P1T_D_505,6,smina,0.5968522,0.25467484,2.3435843,0,0,3.7836783
6556,143,8539,1219,4i0b_CMP_B_301,6,smina,0.53239295,0.2521683,2.1112595,0,0,2.9911316
6557,143,7958,1136,4du7_DP6_A_401,6,smina,0.48708136,0.25148215,1.9368417,0,0.8868785,3.3972334
6558,143,15490,2212,6hl7_CP_A_401,6,smina,0.26730097,0.24995163,1.0694098,0,0.015824515,0.77371535
6559,143,15882,2268,6krs_CIT_H_301,6,smina,0.33020907,0.248355,1.329584,0,0.79381223,1.6648055
6560,144,7264,1037,4b1f_DGL_A_1257,5,autodock,0.34831399,0.44198266,0.78807062,0,0.97009739,25.844026
6561,144,13571,1938,5tzr_MLI_A_2403,5,autodock,0.29683086,0.37665467,0.78807062,0,4.892547e-06,4.9403161
6562,144,17709,2529,7bqu_EF2_A_501,6,smina,0.28487268,0.35882313,0.79390734,0,0,1.7760142
6563,144,4108,586,2fu9_MP2_B_2410,6,smina,0.35307079,0.32761234,1.0777081,0,8.7977627e-06,4.3669546
6564,144,8882,1268,4jxh_HRC_A_301,6,smina,0.2688628,0.32695955,0.8223111,0,0.024936202,1.8658536
6565,144,1727,246,1mrj_ADN_A_300,5,autodock,0.29697856,0.32287469,0.91979408,0,0,9.0060748
6566,144,5879,839,2zce_PYL_A_601,6,smina,0.34705572,0.31387704,1.105705,0,0,3.469617
6567,144,5165,737,2rhx_MLY_A_537,6,smina,0.24734103,0.31343837,0.78912073,0,0,2.153562
6568,144,2225,317,1q20_PLO_A_401,6,smina,0.33858856,0.31226172,1.0843092,0,0,1.5976871
6569,144,10471,1495,4yu7_DHC_A_204,6,smina,0.2459998,0.31215411,0.78807062,0,0,1.418276
6570,144,6096,870,3qwi_CUE_B_272,6,smina,0.27017839,0.31076485,0.86939716,0,0,1.1022448
6571,144,8238,1176,4ghf_4NC_A_402,6,smina,0.24434085,0.31004903,0.78807062,0,0,1.2354983
6572,144,8252,1178,4ghf_4NC_D_402,6,smina,0.24254262,0.30776722,0.78807062,0,0,1.214496
6573,144,9358,1336,4n4j_HG1_A_607,6,smina,0.23799525,0.30199698,0.78807062,0,2.4527108e-10,2.7028708
6574,144,965,137,1h8p_PC_A_1111,6,smina,0.23649873,0.30009802,0.78807062,0,0,1.028639
6575,144,13642,1948,5u8z_83D_D_602,6,smina,0.33858864,0.29520506,1.1469599,0,0,4.0030824
6576,144,13628,1946,5u8z_83D_B_602,6,smina,0.33858858,0.295205,1.1469599,0,0,2.4209059
6577,144,13978,1996,5w7b_MYR_B_208,6,smina,0.26862121,0.29516922,0.91005731,0,5.9725503e-14,5.1598806
6578,144,7741,1105,4d06_NAR_C_301,6,smina,0.33858864,0.29303064,1.1554708,0,0,3.8147001
6579,144,5543,791,2x05_X05_B_1900,6,smina,0.33858864,0.29002175,1.1674585,0,0,0.97614051
6580,144,16134,2304,6mry_FLC_A_101,6,smina,0.26989644,0.28801707,0.93708384,0,0.30527774,1.4070047
6581,144,13635,1947,5u8z_83D_C_602,6,smina,0.3385886,0.28772315,1.1767851,0,0,2.0100302
6582,144,12277,1753,5hss_650_B_402,6,smina,0.26975718,0.28608646,0.94292086,0,1.2159889e-05,0.87128772
6583,144,13621,1945,5u8z_83D_A_602,6,smina,0.33858864,0.28140788,1.2031944,0,0,2.6142652
6584,144,17387,2483,6vlu_CIT_A_701,6,smina,0.22138264,0.2809169,0.78807062,0,1.2714963e-05,1.7438252
6585,144,15658,2236,6ix8_B3O_B_408,6,smina,0.41878536,0.27196661,1.5398401,0,0,2.0139443
6586,144,10478,1496,4yu7_DHC_B_203,6,smina,0.22528655,0.2700631,0.83419865,0,0,1.7202652
6587,144,9722,1388,4qbz_D80_A_917,6,smina,0.33857694,0.27000252,1.253976,0,0.033174843,1.9881793
6588,145,9876,1410,4rql_SNE_A_505,6,smina,0.27167948,0.34411597,0.78949875,0,0,0.84840787
6589,145,9883,1411,4rql_SNE_B_502,6,smina,0.26485329,0.33546975,0.78949875,0,0,0.6109382
6590,145,3044,434,1xny_BTN_A_5602,6,smina,0.27036899,0.33136924,0.81591356,0,0,2.3500059
6591,145,11689,1669,5f35_FLC_A_302,6,smina,0.26423278,0.30543492,0.86510235,0,0.019750358,1.5035638
6592,145,13110,1872,5nh9_XLS_A_503,6,smina,0.28200925,0.30504998,0.92446798,0,0.06352995,1.2577136
6593,145,12095,1727,5gwt_SIN_A_302,6,smina,0.26657434,0.30412308,0.87653339,0,0,1.0710271
6594,145,13117,1873,5nh9_XLS_C_504,6,smina,0.27452718,0.30398358,0.90309769,0,0.19396828,1.1536391
6595,145,13124,1874,5nh9_XLS_D_504,6,smina,0.28004498,0.30292523,0.92446798,0,0.20587611,1.1709977
6596,145,468,66,1fm8_DDC_A_501,6,smina,0.25446651,0.29805052,0.85376871,0,0,2.0214162
6597,145,2232,318,1q3a_NGH_A_480,6,smina,0.4408816,0.29437057,1.4977086,0,0,5.1900427
6598,145,8672,1238,4i9n_1E5_F_402,6,smina,0.61302395,0.28187886,2.174777,0,0,4.4563075
6599,145,11722,1674,5faj_DCS_D_401,4,gnina,0.98075015,0.28177684,3.4805908,0,0,7.3203016
6600,145,11675,1667,5ezp_IPJ_C_201,6,smina,0.33428939,0.27847168,1.2004421,0,0,1.8709362
6601,145,585,83,1g72_PQQ_C_703,4,gnina,1.0181787,0.27171156,3.747277,0,0.99263592,5.6577901
6602,145,2400,342,1sep_BIO_A_801,6,smina,0.23520098,0.26680133,0.88155746,0,1.534551e-08,1.600964
6603,145,7041,1005,3zzm_JLN_A_1526,6,smina,0.52890733,0.26263144,2.0138757,0,1.4604829e-07,6.8669305
6604,145,14265,2037,5xvv_AKG_A_508,6,smina,0.33428939,0.26245413,1.273705,0,0.00044500508,1.1887547
6605,145,14272,2038,5xvv_AKG_B_506,6,smina,0.33428939,0.25993415,1.2860532,0,0.013092889,1.1854991
6606,145,16610,2372,6q4k_HHW_A_302,6,smina,0.27220431,0.25925546,1.0499454,0,0,3.3095415
6607,145,11668,1666,5ezp_IPJ_B_201,6,smina,0.33428939,0.25805399,1.2954233,0,0,1.7098772
6608,145,9393,1341,4n9v_AZA_A_401,6,smina,0.20148623,0.25520746,0.78949875,0,0.99818656,0.67481189
6609,145,9813,1401,4rcv_DE2_A_403,6,smina,0.2011016,0.25472028,0.78949875,0,0.98782625,0.63259898
6610,145,9400,1342,4n9v_AZA_A_402,6,smina,0.20107054,0.25468094,0.78949875,0,2.7624551e-06,0.59432914
6611,145,9407,1343,4n9v_AZA_A_403,6,smina,0.2010705,0.25468088,0.78949875,0,0.11257748,0.5483482
6612,145,15259,2179,6fld_NAG_A_603,6,smina,0.20107049,0.25468088,0.78949875,0,2.1078032e-06,1.5345229
6613,145,4297,613,2hjp_PPR_A_291,6,smina,0.20107049,0.25468088,0.78949875,0,0,0.9635085
6614,145,4507,643,2jig_PD2_A_1254,6,smina,0.20107049,0.25468088,0.78949875,0,0,1.0190994
6615,145,6278,896,3t3q_9PL_B_501,6,smina,0.33426972,0.2543937,1.3139849,0,0,1.9396744
6616,145,3903,557,2ef9_A5P_A_1269,4,gnina,0.63537455,0.25388375,2.502619,0,0.14690924,2.6256854
6617,145,6285,897,3t3q_9PL_D_501,6,smina,0.33427747,0.25381485,1.3170121,0,0,1.5679793
6618,145,1721,245,1mmy_G6D_B_348,6,smina,0.20136075,0.24966756,0.80651444,0,0.0034278876,0.68694007
6619,145,11659,1665,5ezp_IPJ_A_201,4,gnina,0.62511252,0.24951347,2.5053248,0,6.617497e-08,3.4339524
6620,145,9188,1312,4m2c_DAR_D_402,4,gnina,0.9854944,0.24854985,3.9649758,0,0,5.2266432
6621,145,11680,1668,5ezp_IPJ_G_202,4,gnina,0.62745996,0.24854353,2.5245466,0,6.8820985e-07,2.8312242
6622,145,5228,746,2uyv_TLA_A_1277,6,smina,0.20137773,0.24816386,0.81146979,0,1.4692507e-05,0.94638599
6623,145,1364,194,1kar_HSM_A_502,6,smina,0.23609758,0.24765696,0.95332402,0,0.0042349464,0.79073427
6624,145,5249,749,2uyv_TLA_D_1275,6,smina,0.2011751,0.24541574,0.81973082,0,0.79043126,0.97719177
6625,145,12585,1797,5j5i_6GM_F_303,6,smina,0.3024334,0.24178098,1.2508559,0,0,11.210857
6626,145,8210,1172,4g1x_TQU_A_409,6,smina,0.2376275,0.24035726,0.98864192,0,0,1.3400404
6627,145,11661,1665,5ezp_IPJ_A_201,6,smina,0.30785107,0.23956016,1.285067,0,0,2.0608637
6628,145,11682,1668,5ezp_IPJ_G_202,6,smina,0.30855793,0.23819064,1.2954233,0,0,1.7642069
6629,145,10128,1446,4v36_LYN_A_1851,6,smina,0.20107049,0.23798223,0.84489608,0,1.9726198e-09,1.9193881
6630,145,2398,342,1sep_BIO_A_801,4,gnina,0.55180683,0.23715054,2.3268199,0,0.82863904,2.036483
6631,145,12956,1850,5lwy_OLB_A_406,6,smina,0.33428939,0.23594963,1.4167819,0,4.3040388e-10,14.659834
6632,145,10952,1564,5agl_CCW_B_800,4,gnina,0.50817463,0.23594124,2.1538177,0,0.12736723,4.1361795
6633,145,7165,1023,4ajj_88R_C_1335,4,gnina,0.62785391,0.23437697,2.6788199,0,0.99074973,4.7529997
6634,145,7158,1022,4ajj_88R_B_1333,4,gnina,0.62717031,0.23412178,2.6788199,0,0.98889625,4.8935772
6635,145,15133,2161,6f48_XQB_A_302,6,smina,0.20107049,0.2335901,0.86078244,0,0,1.9423473
6636,145,7928,1132,4dt8_ADN_B_401,4,gnina,0.62148721,0.23312723,2.6658704,0,0.96478848,3.9268993
6637,145,16603,2371,6q4k_HHW_A_301,6,smina,0.27428558,0.23304204,1.176978,0,0,2.8758188
6638,146,2351,335,1rvz_NAG_F_3331,6,smina,0.33286745,0.34057203,0.97737652,0,3.5316398e-09,1.7693563
6639,146,2106,300,1pke_2FD_A_446,6,smina,0.33288284,0.33915248,0.98151278,0,0.99626836,2.6827104
6640,146,2113,301,1pke_2FD_B_447,6,smina,0.33288284,0.33915248,0.98151278,0,0.1553345,2.7592175
6641,146,15854,2264,6krs_CIT_B_301,6,smina,0.32991848,0.30418421,1.0846,0,0.011914928,1.8795937
6642,146,8854,1264,4jh6_FCN_B_202,6,smina,0.23906993,0.30380515,0.78691763,0,0,0.62644235
6643,146,15875,2267,6krs_CIT_F_301,6,smina,0.33288284,0.30306079,1.0984019,0,0.01043843,1.6779914
6644,146,15868,2266,6krs_CIT_D_301,6,smina,0.33288284,0.30197194,1.1023625,0,0.7971693,1.5055798
6645,146,15889,2269,6krs_CIT_I_301,6,smina,0.33023365,0.29585012,1.1162184,0,0.81477041,1.5939465
6646,146,15896,2270,6krs_CIT_J_301,6,smina,0.3301664,0.29578988,1.1162184,0,0.70372516,1.8231591
6647,146,6649,949,3w4i_8LG_C_402,6,smina,0.23966991,0.29566712,0.81060624,0,0,0.62266533
6648,146,1231,175,1j3k_WRA_A_609,6,smina,0.63453175,0.29109873,2.179781,0,0.19799587,5.5907119
6649,146,6577,939,3vnm_SDD_D_301,4,gnina,0.7885645,0.29029033,2.7164674,0,0.31267822,3.8203411
6650,146,2694,384,1u2o_NEC_A_1001,6,smina,0.56023098,0.28774891,1.9469429,0,3.2642326e-06,2.9159055
6651,146,14867,2123,6c1i_EEY_B_501,6,smina,0.30617227,0.27573682,1.1103777,0,0,2.4470471
6652,146,14860,2122,6c1i_EEY_A_501,6,smina,0.3055461,0.27162192,1.1248939,0,0,2.3603312
6653,146,7167,1023,4ajj_88R_C_1335,6,smina,0.50673492,0.26884737,1.8848414,0,1.0073222e-05,2.5322674
6654,146,7160,1022,4ajj_88R_B_1333,6,smina,0.50580946,0.26835637,1.8848414,0,0.98836276,2.6071791
6655,146,17254,2464,6tor_PMP_B_504,6,smina,0.23095933,0.26306667,0.87794882,0,1.423287e-07,3.1437736
6656,146,6563,937,3vnj_PSJ_D_301,4,gnina,0.67384039,0.26171345,2.5747249,0,0.22836561,4.0155002
6657,146,13551,1935,5tlg_7EG_B_601,6,smina,0.50790205,0.25872516,1.963094,0,0,3.3297661
6658,146,4479,639,2jhp_GUN_A_1647,6,smina,0.20280214,0.25771678,0.78691763,0,0.20526832,0.64738315
6659,146,125,17,1anc_BEN_A_384,6,smina,0.20185661,0.25651522,0.78691763,0,3.0732622e-07,0.59769511
6660,146,4486,640,2jhp_GUN_A_1648,6,smina,0.20184376,0.25649889,0.78691763,0,5.9324427e-06,0.5977636
6661,146,15630,2232,6i4b_ORO_B_602,6,smina,0.20182544,0.25647562,0.78691763,0,0,0.82380405
6662,146,2281,325,1qit_MAE_A_411,6,smina,0.20173911,0.25636591,0.78691763,0,0,0.73933411
6663,146,2337,333,1rvt_NDG_H_742,6,smina,0.20173731,0.25636362,0.78691763,0,0.0012984567,1.5563775
6664,146,9764,1394,4qxc_OGA_C_600,6,smina,0.20173727,0.25636357,0.78691763,0,0.00060091925,0.94164942
6665,146,11031,1575,5b4u_MLA_A_302,6,smina,0.20173727,0.25636357,0.78691763,0,0.0010097194,0.84327419
6666,146,16146,2306,6mry_FLC_C_102,4,gnina,0.4903722,0.25522146,1.9213586,0,0.96441395,2.3356227
6667,146,13306,1900,5oir_9W8_A_302,6,smina,0.34172366,0.254454,1.3429674,0,0,1.6236539
6668,146,8852,1264,4jh6_FCN_B_202,4,gnina,0.56815881,0.25340958,2.2420564,0,0.95369612,1.3581118
6669,146,12382,1768,5iav_MLI_B_302,6,smina,0.19741151,0.25086648,0.78691763,0,0.39216844,0.68787072
6670,146,7138,1019,4a9j_TYL_B_1187,5,autodock,0.30619383,0.25019048,1.2238419,0,0,6.4525092
6671,146,13444,1920,5tch_MLI_F_501,4,gnina,0.86483227,0.24951507,3.4660513,0,0.21282054,8.256084
6672,146,6152,878,3roe_THM_D_265,6,smina,0.33288284,0.24683234,1.3486183,0,0,3.1995304
6673,146,10548,1506,4zb2_FRU_A_404,6,smina,0.20174164,0.24612096,0.81968391,0,3.7184125e-08,0.86850281
6674,146,1210,172,1j3i_WRA_A_609,6,smina,0.59774448,0.24475769,2.4421878,0,7.4726446e-06,6.7027073
6675,146,12410,1772,5ihe_D5M_A_701,6,smina,0.33288284,0.24442611,1.3618946,0,0.0037859471,3.3482445
6676,146,7131,1018,4a9j_TYL_A_1188,5,autodock,0.29904112,0.24434601,1.2238419,0,0,4.9409076
6677,146,13423,1917,5tch_MLI_B_501,4,gnina,0.82975545,0.24403897,3.4000931,0,0.049081611,8.0502067
6678,146,2120,302,1pke_2FD_C_448,6,smina,0.26543693,0.24387156,1.0884283,0,3.5142707e-06,2.3794604
6679,146,16806,2400,6r5o_BGC_A_802,6,smina,0.20175889,0.24293801,0.83049434,0,6.2702144e-07,0.92217549
6680,146,17406,2486,6vmz_NAG_E_402,4,gnina,0.48148013,0.24203305,1.9893147,0,2.8668874e-06,4.5224866
6681,146,17399,2485,6vmz_NAG_C_402,4,gnina,0.48148013,0.24203305,1.9893147,0,0.00057656782,4.060131
6682,146,11997,1713,5g44_SWX_A_1511,6,smina,0.20173759,0.24177873,0.83438832,0,1.261645e-06,1.1796136
6683,146,16475,2353,6ooi_PGA_F_301,4,gnina,0.88917423,0.24130745,3.6848178,0,0.5941182,7.6064911
6684,146,819,117,1h48_C5P_E_901,0,surfdock,0.73820801,0.23880827,3.0912154,0,0.98758089,3.4027642
6685,146,6145,877,3roe_THM_B_265,6,smina,0.33288284,0.23823943,1.3972608,0,0,3.0666337
6686,146,6159,879,3roe_THM_E_265,6,smina,0.33288284,0.23823943,1.3972608,0,0,2.0928902
6687,146,2701,385,1u2o_NEC_B_1002,6,smina,0.46522747,0.2375885,1.9581219,0,0.97241114,2.9775767
6688,147,4878,696,2qb3_PMP_A_700,6,smina,0.33083961,0.42165626,0.7846182,0,0.9925727,3.3675375
6689,147,13082,1868,5mzp_CFF_A_2401,6,smina,0.30470162,0.38834331,0.7846182,0,0,0.74888658
6690,147,15880,2268,6krs_CIT_H_301,4,gnina,0.87618595,0.38605556,2.2695842,0,0.015114598,10.081079
6691,147,6542,934,3vmg_9CA_C_2002,4,gnina,0.93884099,0.38222909,2.4562249,0,0.94651671,5.1074637
6692,147,15887,2269,6krs_CIT_I_301,4,gnina,0.89432868,0.37206197,2.403708,0,0.69429343,7.2534855
6693,147,15866,2266,6krs_CIT_D_301,4,gnina,0.87740011,0.37157064,2.3613269,0,0.27715179,7.604546
6694,147,3163,451,1zb6_DIN_A_401,6,smina,0.27312689,0.3481012,0.7846182,0,0,0.62635218
6695,147,482,68,1fp2_HMO_A_2000,6,smina,0.26951882,0.3435027,0.7846182,0,0,2.6379271
6696,147,17106,2443,6t02_M5E_A_601,5,autodock,0.28227805,0.33253105,0.84887624,0,0.066983099,13.034745
6697,147,15894,2270,6krs_CIT_J_301,4,gnina,0.79866096,0.33226193,2.403708,0,0.014343283,7.1556868
6698,147,2104,300,1pke_2FD_A_446,4,gnina,0.96217669,0.31728366,3.0325432,0,0.049715168,3.0784113
6699,147,14811,2115,6bqx_9AG_A_201,6,smina,0.26679813,0.30373264,0.87839693,0,0.0019581392,1.943745
6700,147,375,53,1e5f_PLP_B_405,4,gnina,0.81273005,0.29659833,2.7401698,0,0.99235377,3.1050375
6701,147,4876,696,2qb3_PMP_A_700,4,gnina,0.48244365,0.28311892,1.7040309,0,0.24972116,4.1193097
6702,147,7543,1077,4cld_JUO_A_1270,4,gnina,0.7300964,0.27794243,2.6267891,0,0.00060131922,3.3961189
6703,147,16771,2395,6qqs_JCZ_B_301,6,smina,0.2540463,0.27645742,0.91893363,0,0,1.3495928
6704,147,3366,480,1zuw_DGL_C_3301,6,smina,0.33083961,0.27175255,1.2174287,0,0.99425373,1.517351
6705,147,16764,2394,6qqs_JCZ_A_301,6,smina,0.24531841,0.2689817,0.91202539,0,0,1.2812873
6706,147,3352,478,1zuw_DGL_A_1301,6,smina,0.33044694,0.26814351,1.2323501,0,0.9926218,1.3854461
6707,147,3359,479,1zuw_DGL_B_2301,6,smina,0.33065553,0.26624988,1.2418983,0,0.95160411,1.6602299
6708,147,10863,1551,5a86_D7E_A_1433,6,smina,0.62072827,0.26559594,2.3371141,0,0,5.7610339
6709,147,7027,1003,3zwt_ORO_A_1398,6,smina,0.20599706,0.26254399,0.7846182,0,0,0.80371694
6710,147,17107,2443,6t02_M5E_A_601,6,smina,0.20305002,0.25878797,0.7846182,0,0.070080203,1.4255699
6711,147,10576,1510,4zbc_FRU_A_410,6,smina,0.20295386,0.25866542,0.7846182,0,4.3647509e-06,0.9911856
6712,147,16909,2415,6rgr_RM4_A_402,4,gnina,0.38909948,0.25824308,1.506717,0,0.70274651,1.582826
6713,147,14158,2022,5x86_TMP_B_207,4,gnina,0.62732152,0.25824271,2.4291925,0,0.98594595,4.1345109
6714,147,5982,854,2zuw_NDG_C_4003,4,gnina,0.90275731,0.2564554,3.5201328,0,3.9824174e-05,10.246234
6715,147,10583,1511,4zbc_FRU_B_408,6,smina,0.20298256,0.25607228,0.79267579,0,0.001646051,1.1925785
6716,147,16666,2380,6qdb_HWQ_A_1002,6,smina,0.33026911,0.25138264,1.3138094,0,0,3.800945
6717,147,34,4,1a59_CIT_A_379,6,smina,0.27592318,0.25133039,1.0978495,0,0.0063502094,1.4689222
6718,147,17092,2441,6szl_M3E_B_604,5,autodock,0.29842383,0.25097949,1.1890358,0,0,16.428969
6719,147,17142,2448,6t5p_VD8_B_302,6,smina,0.33083961,0.24833181,1.3322473,0,0.00065221674,1.8870872
6720,147,17149,2449,6t5p_VD8_C_302,6,smina,0.33083961,0.24602921,1.3447158,0,0.99316166,2.3804605
6721,147,5954,850,2zut_A2G_A_4001,4,gnina,0.9562289,0.24336142,3.9292533,0,0.97535299,10.262783
6722,147,5536,790,2x05_X05_A_1900,6,smina,0.29853132,0.24335998,1.2267058,0,0,1.0378519
6723,147,5961,851,2zut_A2G_B_4002,4,gnina,0.95621042,0.24335671,3.9292533,0,1.5791426e-05,10.89685
6724,147,4339,619,2i6p_4NP_A_401,6,smina,0.2570238,0.24127331,1.0652797,0,0,1.5637746
6725,147,15910,2272,6kxh_DY9_C_402,6,smina,0.32641929,0.24072376,1.3559902,0,0,1.3307674
6726,147,5975,853,2zuw_NDG_B_4002,4,gnina,0.9223523,0.24012883,3.8410718,0,0.0023379972,10.05747
6727,147,15924,2274,6l17_E2X_A_401,6,smina,0.31280986,0.23871674,1.31038,0,0,3.4691211
6728,147,1889,269,1nuw_F6P_A_2336,6,smina,0.33083961,0.23869844,1.386014,0,0.93309476,2.0274933
6729,147,16762,2394,6qqs_JCZ_A_301,4,gnina,0.45544748,0.23857491,1.9090325,0,0.99681659,2.8413338
6730,147,3595,513,2bgc_DTU_A_1238,4,gnina,0.67629578,0.23678902,2.8561103,0,0.5825949,4.810656
6731,147,15903,2271,6kxh_DY9_B_402,6,smina,0.32650209,0.23533327,1.3874021,0,0,1.7818403
6732,147,4813,687,2pvy_ACP_A_802,4,gnina,0.62642485,0.2350084,2.6655414,0,0.85341808,5.157957
6733,147,17191,2455,6tgi_N8Z_A_508,6,smina,0.26090278,0.23460619,1.1120872,0,0,1.6488109
6734,147,6313,901,3tky_N7I_B_369,6,smina,0.31637491,0.23438337,1.3498172,0,0,1.6030688
6735,147,17198,2456,6tgi_N8Z_B_508,6,smina,0.26117474,0.23402066,1.1160319,0,0,1.6471059
6736,147,6005,857,2zwt_CAM_A_422,6,smina,0.18353945,0.23392169,0.7846182,0,0,0.54247913
6737,147,10464,1494,4yu7_DHC_A_203,6,smina,0.20434866,0.23384235,0.87387258,0,0,1.3449761
6738,148,790,112,1h1m_KMP_A_1360,6,smina,0.49943135,0.59269372,0.84264559,0,0,2.6738992
6739,148,16589,2369,6pvi_OZ7_A_501,6,smina,0.33057012,0.4193442,0.78830159,0,0,2.6465411
6740,148,11192,1598,5clo_NS8_M_101,6,smina,0.34702421,0.4104879,0.84539348,0,0.05487094,0.8949845
6741,148,5004,714,2qhv_OC9_A_1001,6,smina,0.2823584,0.33814391,0.83502334,0,0.80130958,1.3481386
6742,148,769,109,1h1i_QUE_B_1356,6,smina,0.26517165,0.33799447,0.78454334,0,0,2.7370534
6743,148,783,111,1h1i_QUE_D_1357,6,smina,0.26486763,0.33760695,0.78454334,0,0,2.9930078
6744,148,2526,360,1thc_FL9_B_130,6,smina,0.32245144,0.33011573,0.97678202,0,0.0001801194,2.1607183
6745,148,3364,480,1zuw_DGL_C_3301,4,gnina,0.89349285,0.32883287,2.7171631,0,0.98220046,2.5073306
6746,148,3350,478,1zuw_DGL_A_1301,4,gnina,0.89314989,0.32618918,2.7381337,0,0.99264585,2.4690437
6747,148,3357,479,1zuw_DGL_B_2301,4,gnina,0.88323791,0.3209975,2.7515404,0,0.98191536,2.4024351
6748,148,776,110,1h1i_QUE_C_1358,6,smina,0.24086443,0.30701188,0.78454334,0,0,2.7134559
6749,148,363,51,1e2s_CSN_P_701,6,smina,0.2394789,0.29472819,0.81254053,0,0,1.8872498
6750,148,781,111,1h1i_QUE_D_1357,4,gnina,0.76100948,0.29469137,2.5823939,0,0,4.621351
6751,148,767,109,1h1i_QUE_B_1356,4,gnina,0.76185207,0.2905306,2.6222773,0,0,4.6660092
6752,148,6131,875,3ro7_TDR_A_300,6,smina,0.22523546,0.2870908,0.78454334,0,0,0.59031464
6753,148,9218,1316,4mgj_CPZ_A_502,6,smina,0.22224362,0.28327732,0.78454334,0,0,0.95013283
6754,148,6194,884,3ryd_SRT_A_271,6,smina,0.22224302,0.28327656,0.78454334,0,7.8617525e-08,1.0627979
6755,148,16344,2334,6nsu_DYA_A_402,6,smina,0.22224302,0.28327655,0.78454334,0,0.010686055,0.84947911
6756,148,2519,359,1thc_FL9_A_131,6,smina,0.22223225,0.28326283,0.78454334,0,7.6225485e-07,0.55800475
6757,148,17511,2501,6xim_XLS_A_397,4,gnina,0.61674467,0.27964091,2.205487,0,0.0029086705,4.6338744
6758,148,6929,989,3wzo_ZOE_A_201,6,smina,0.49413597,0.2790936,1.7705017,0,0,9.6258866
6759,148,6376,910,3u3o_3QV_A_296,6,smina,0.22224311,0.27896791,0.7966609,0,0,0.97101127
6760,148,5100,728,2qx9_ML2_A_234,4,gnina,0.59020861,0.27875687,2.1172872,0,1.6245054e-05,4.3381421
6761,148,14279,2039,5xvv_AKG_C_504,6,smina,0.28222108,0.27758819,1.0166888,0,0.067669,1.1397344
6762,148,6936,990,3wzo_ZOE_B_201,6,smina,0.49058845,0.27708992,1.7705017,0,0,9.5003347
6763,148,5093,727,2qx9_ML2_A_233,4,gnina,0.59020861,0.27679165,2.1323199,0,0.001549975,2.6214693
6764,148,5625,803,2xul_AKG_A_201,4,gnina,0.55266806,0.27337603,2.0216396,0,6.1139197e-08,2.1227151
6765,148,4080,582,2fr6_CTN_A_1001,6,smina,0.30160138,0.27148521,1.1109302,0,0,2.6647211
6766,149,16834,2404,6r73_LMP_A_301,6,smina,0.33080142,0.42171534,0.78441775,0,0,8.3617562
6767,149,9897,1413,4tq4_DMA_B_403,6,smina,0.33080142,0.38467089,0.85995859,0,0.96618452,1.6789654
6768,149,5340,762,2vlf_PLI_B_1459,6,smina,0.33080142,0.38332233,0.862984,0,2.3826586e-06,5.3132217
6769,149,17758,2536,7est_0Z2_E_1,6,smina,0.45834515,0.37785335,1.2130229,0,0,7.8524581
6770,149,9911,1415,4tq4_DMA_D_403,6,smina,0.3049381,0.36015557,0.84668338,0,0.67556563,1.8054956
6771,149,4458,636,2j5b_TYE_B_1338,6,smina,0.28219644,0.35975228,0.78441775,0,0,1.5111492
6772,149,9904,1414,4tq4_DMA_C_403,6,smina,0.29957206,0.35828319,0.83613104,0,0.73320581,2.0902871
6773,149,5338,762,2vlf_PLI_B_1459,4,gnina,0.48226051,0.3528596,1.3667197,0,0.99144917,4.9419212
6774,149,10604,1514,4zdz_TPF_A_602,6,smina,0.32861025,0.33711172,0.97478044,0,0,2.7884226
6775,149,1007,143,1hot_16G_B_271,6,smina,0.29261545,0.32815608,0.89169496,0,4.207831e-08,2.5986399
6776,149,9960,1422,4u8p_UDP_C_603,6,smina,0.25471464,0.32471768,0.78441775,0,0,1.2983903
6777,149,10184,1454,4wmz_TPF_A_602,6,smina,0.32793563,0.32150811,1.0199908,0,0,3.8059387
6778,149,16841,2405,6r73_LMP_B_301,6,smina,0.24865145,0.31698815,0.78441775,0,0,8.0588347
6779,149,1091,155,1iri_E4P_C_603,6,smina,0.33200835,0.30674561,1.0823563,0,0.69132489,1.4753856
6780,149,16489,2355,6ooi_PGA_H_302,4,gnina,0.82080715,0.30557604,2.6860969,0,0.92883191,6.2565969
6781,149,6509,929,3vc3_C6P_C_501,6,smina,0.47855172,0.30380423,1.5751967,0,0.99649901,5.1997505
6782,149,6516,930,3vc3_C6P_D_501,6,smina,0.48154854,0.30315229,1.5884697,0,0.58070389,4.5140557
6783,149,9909,1415,4tq4_DMA_D_403,4,gnina,0.62645915,0.30062135,2.0838802,0,0.016302459,3.7310589
6784,149,6502,928,3vc3_C6P_B_501,6,smina,0.47195714,0.29961772,1.5751967,0,0.60601819,4.8604035
6785,149,9902,1414,4tq4_DMA_C_403,4,gnina,0.61388041,0.29674793,2.0686922,0,0.0060718716,4.8860553
6786,149,10905,1557,5abz_Z47_A_201,6,smina,0.30466902,0.29385376,1.036804,0,0,3.752921
6787,149,16953,2421,6rq3_OUC_A_401,6,smina,0.32579592,0.29082814,1.1202343,0,0,3.8623762
6788,149,97,13,1aj8_CIT_A_1000,6,smina,0.30211959,0.28604578,1.0561922,0,0.96176815,1.5250084
6789,149,17147,2449,6t5p_VD8_C_302,4,gnina,0.91010015,0.27972354,3.2535691,0,0.99362511,3.6204005
6790,149,10912,1558,5abz_Z47_B_201,6,smina,0.29895472,0.27959603,1.0692371,0,0,3.5180495
6791,149,8868,1266,4jp3_CIT_A_301,6,smina,0.21819018,0.27815522,0.78441775,0,0.087993149,1.4735558
6792,149,1439,205,1km6_OMP_A_2001,4,gnina,0.75273527,0.27511565,2.7360675,0,0.98694232,4.3966206
6793,149,5067,723,2qui_LTN_B_478,6,smina,0.21972048,0.2748761,0.79934269,0,0.99003313,1.8544842
6794,149,2155,307,1pr0_NOS_A_1245,6,smina,0.33080142,0.27329759,1.2104064,0,0.98143408,2.2498082
6795,149,2699,385,1u2o_NEC_B_1002,4,gnina,0.88105487,0.27252277,3.2329578,0,0.96731487,3.9004134
6796,149,2468,352,1sz6_NAG_B_5004,4,gnina,0.54237526,0.26899892,2.0162721,0,2.4218257e-07,3.0541486
6797,149,13019,1859,5m66_ADN_B_502,6,smina,0.3399746,0.265714,1.2794747,0,0.97330705,2.9464805
6798,149,10961,1565,5agn_4JK_A_800,6,smina,0.21259995,0.2649715,0.80234921,0,2.6228226e-05,2.1119963
6799,149,10968,1566,5agn_4JK_B_800,6,smina,0.21259958,0.26497104,0.80234921,0,1.6326438e-08,3.2537451
6800,149,9134,1304,4lol_1YE_A_402,6,smina,0.256987,0.26215879,0.98027128,0,0,1.7752074
6801,149,14090,2012,5x2m_GLN_A_951,6,smina,0.33420211,0.26085157,1.2811955,0,0,1.37244
6802,149,12474,1782,5ioq_DUR_D_302,0,surfdock,0.5306938,0.25979437,2.0427446,0,0,2.9342029
6803,149,7804,1114,4d3s_BOG_F_1000,6,smina,0.4449733,0.25901054,1.7179728,0,6.1716387e-10,4.2524147
6804,149,16454,2350,6ooi_PGA_C_302,4,gnina,0.69286451,0.25794463,2.6860969,0,0.97204413,5.82451
6805,149,1887,269,1nuw_F6P_A_2336,4,gnina,0.89388469,0.25727363,3.4744503,0,0.1741322,2.3552729
6806,149,13999,1999,5wct_GY4_A_303,6,smina,0.33080142,0.25688723,1.2877291,0,0,5.7368858
6807,149,10016,1430,4udc_DEX_A_1778,6,smina,0.64043815,0.25678351,2.4940772,0,0,3.3007592
6808,149,2162,308,1pr0_NOS_B_1246,6,smina,0.33080142,0.25559448,1.2942423,0,0.0071646285,2.585492
6809,149,16729,2389,6qol_JB5_B_301,6,smina,0.21263845,0.25554816,0.83208656,0,0,0.78555618
6810,149,2454,350,1sz6_NAG_A_5003,4,gnina,0.54236767,0.25507928,2.1262701,0,0.00088095403,2.1106469
6811,149,12460,1780,5ioq_DUR_B_303,0,surfdock,0.5306938,0.25504952,2.0807471,0,0.94775038,2.9530363
6812,149,9540,1362,4ocu_NDG_A_401,6,smina,0.30464276,0.25430249,1.1979533,0,0.97923778,1.9546536
6813,149,13026,1860,5m66_ADN_D_502,6,smina,0.31371931,0.25368926,1.2366273,0,0.96440149,3.4070634
6814,149,1084,154,1iri_E4P_B_602,6,smina,0.27388188,0.25304203,1.0823563,0,0.7592962,1.4887979
6815,149,4220,602,2gn2_C5P_A_400,6,smina,0.31570903,0.25221965,1.2517216,0,0,3.2787041
6816,150,14027,2003,5wgr_PM7_A_712,6,smina,0.38787797,0.49428574,0.78472316,0,0,1.3036054
6817,150,4521,645,2npq_BOG_A_1000,6,smina,0.52666797,0.48828113,1.0786153,0,0.9386955,4.9848866
6818,150,16827,2403,6r6i_H50_B_201,6,smina,0.34105651,0.43461961,0.78472316,0,0,2.5090913
6819,150,6264,894,3t2e_F6R_A_3469,6,smina,0.33885335,0.42339839,0.80031699,0,5.307697e-09,2.9350689
6820,150,14041,2005,5wgw_MB5_A_714,6,smina,0.32724753,0.41702236,0.78472316,0,0,1.9288439
6821,150,12851,1835,5kmj_6UF_A_901,6,smina,0.32710681,0.41684304,0.78472316,0,0.95626855,4.2435914
6822,150,9092,1298,4l8q_XMM_A_303,6,smina,0.29469437,0.37553879,0.78472316,0,0,3.0381033
6823,150,11219,1602,5cpp_ADO_A_422,5,autodock,0.27330202,0.34827781,0.78472316,0,0,3.9561839
6824,150,12849,1835,5kmj_6UF_A_901,4,gnina,0.48833433,0.34556543,1.4131448,0,0.00062762797,5.7110978
6825,150,2211,315,1pzy_NAG_B_405,6,smina,0.30642201,0.3201626,0.95708144,0,0.99629568,1.5222609
6826,150,16022,2288,6lj7_EFR_A_301,6,smina,0.2608648,0.3151709,0.82769215,0,9.6629975e-07,1.8373464
6827,150,14048,2006,5wgw_MB5_A_715,6,smina,0.2450258,0.31224449,0.78472316,0,0,1.888515
6828,150,14020,2002,5wgr_PM7_A_711,6,smina,0.24470239,0.31086497,0.78716516,0,0,2.4741987
6829,150,7923,1131,4do1_ANN_D_502,6,smina,0.29576747,0.30758754,0.96157068,0,0,0.99000879
6830,150,11008,1572,5b4o_6DQ_B_201,4,gnina,0.55561993,0.30602951,1.8155754,0,0.91596001,2.8875444
6831,150,6465,923,3v7u_MTA_A_302,4,gnina,0.62598371,0.30459507,2.0551331,0,0.00057250105,3.7599286
6832,150,11122,1588,5c8w_PCG_F_302,6,smina,0.32724753,0.30396425,1.0765978,0,0,2.2297382
6833,150,11115,1587,5c8w_PCG_D_302,6,smina,0.32724753,0.29544361,1.1076471,0,0,2.6538506
6834,150,6229,889,3sj1_DXC_X_75,6,smina,0.29909851,0.2915038,1.0260526,0,0,3.6743886
6835,150,8756,1250,4itu_1HS_B_302,6,smina,0.35384839,0.28963719,1.2216944,0,1.5778906e-06,1.5848136
6836,150,8840,1262,4jb0_FER_A_401,6,smina,0.22687798,0.28911812,0.78472316,0,0,2.0758991
6837,150,14062,2008,5x0j_SEP_A_302,6,smina,0.22687798,0.28911812,0.78472316,0,0.97571952,1.4872243
6838,150,14783,2111,6bds_DJ4_A_303,6,smina,0.22687792,0.28911804,0.78472316,0,0,2.0586483
6839,150,14034,2004,5wgv_PM7_A_713,6,smina,0.22667208,0.28885574,0.78472316,0,0,1.2614784
6840,150,11108,1586,5c8w_PCG_B_303,6,smina,0.32724753,0.28856334,1.1340569,0,0,2.5018498
6841,150,15432,2204,6gl4_GLU_B_301,4,gnina,0.55945864,0.28713579,1.9484104,0,0,2.0669966
6842,150,10359,1479,4xti_IMP_A_601,6,smina,0.45359543,0.28274762,1.6042404,0,0,3.1004828
6843,150,10366,1480,4xti_IMP_B_601,6,smina,0.45002388,0.2805213,1.6042404,0,0,5.5455437
6844,150,13024,1860,5m66_ADN_D_502,4,gnina,0.96295737,0.28047282,3.4333348,0,0.061282038,7.084786
6845,150,6887,983,3wur_O4B_B_202,6,smina,0.3347078,0.27848058,1.2019062,0,0,0.79318039
6846,150,3786,540,2d0e_NQ_A_409,6,smina,0.22686379,0.27524396,0.82422704,0,6.4729174e-07,0.79278549
6847,150,7916,1130,4do1_ANN_C_502,6,smina,0.2638983,0.27444475,0.96157068,0,0,1.06954
6848,150,7909,1129,4do1_ANN_B_502,6,smina,0.26376525,0.27430638,0.96157068,0,0,0.96018997
6849,150,13017,1859,5m66_ADN_B_502,4,gnina,0.9551565,0.27413595,3.4842429,0,0.99594017,10.391794
6850,150,8061,1151,4e9z_651_A_301,4,gnina,0.63153894,0.2738894,2.3058164,0,0.2014575,2.4657273
6851,150,11939,1705,5g03_OE2_A_1263,4,gnina,0.52197985,0.27033518,1.9308608,0,0.040872468,4.608559
6852,150,13290,1898,5oew_GLU_B_902,4,gnina,0.53780355,0.26668941,2.0165904,0,0,2.730639
6853,150,13283,1897,5oew_GLU_A_301,4,gnina,0.53780203,0.26668866,2.0165904,0,0,2.3138755
6854,150,9020,1288,4l1x_STR_A_402,4,gnina,0.6271457,0.26447287,2.3713036,0,7.4621985e-07,2.6328463
6855,150,6467,923,3v7u_MTA_A_302,6,smina,0.30908591,0.26312908,1.1746541,0,0.00016267302,3.4831079
6856,150,7930,1132,4dt8_ADN_B_401,6,smina,0.46945026,0.26304064,1.7847053,0,0.00070465027,1.934692
6857,150,9608,1372,4p8c_2J3_A_504,4,gnina,0.64115173,0.2621351,2.4458818,0,0.011979095,3.0786021
6858,150,11101,1585,5c8w_PCG_A_302,6,smina,0.31002918,0.26090853,1.1882668,0,0,2.4562666
6859,150,15117,2159,6f3s_CKW_A_902,4,gnina,0.71430959,0.25816495,2.7668719,0,0.54046421,7.0966508
6860,150,8075,1153,4ea0_651_B_305,4,gnina,0.58260105,0.25681202,2.2685885,0,9.1467988e-07,3.5022238
6861,150,144,20,1aua_BOG_A_2,4,gnina,0.57187009,0.25620652,2.2320659,0,9.016949e-09,3.9377428
6862,150,4815,687,2pvy_ACP_A_802,6,smina,0.41080612,0.25501608,1.6109018,0,0.0015779511,1.409839
6863,150,6460,922,3v7u_MTA_A_301,6,smina,0.30324503,0.25488361,1.1897383,0,2.899878e-05,2.6002111
6864,150,10609,1515,4zhd_4OZ_B_202,4,gnina,0.48715929,0.25412578,1.9169997,0,0.017091423,4.5692445
6865,150,2209,315,1pzy_NAG_B_405,4,gnina,0.61805193,0.25357524,2.4373503,0,0.98877682,2.7099022
6866,151,17541,2505,6xu3_PLG_B_401,6,smina,0.54243283,0.45215949,1.1996484,0,0.96482165,4.0041657
6867,151,2735,390,1uk7_BUA_A_1300,5,autodock,0.31209277,0.39726646,0.78559959,0,0.89962695,15.512911
6868,151,14160,2022,5x86_TMP_B_207,6,smina,0.47415004,0.3667823,1.2927278,0,0,3.2995357
6869,151,11388,1626,5dnx_5LD_B_205,6,smina,0.28047236,0.35701648,0.78559959,0,0,1.606975
6870,151,2021,288,1owz_4FA_A_409,5,autodock,0.27369494,0.34838943,0.78559959,0,0,157.27261
6871,151,2426,346,1sjc_SMG_B_1100,4,gnina,0.62247796,0.33811029,1.8410491,0,0.4088544,4.8426189
6872,151,11381,1625,5dnx_5LD_B_201,6,smina,0.26334564,0.33521569,0.78559959,0,0,1.486944
6873,151,11374,1624,5dnx_5LD_A_203,6,smina,0.2596159,0.33046805,0.78559959,0,0,1.4233637
6874,151,2419,345,1sjc_SMG_A_1000,4,gnina,0.60208592,0.32287227,1.8647796,0,0.22523458,5.0078313
6875,151,5256,750,2uza_HTL_B_1236,6,smina,0.32537273,0.30279203,1.074574,0,0,7.8538352
6876,151,8132,1161,4ekr_0R0_B_203,5,autodock,0.313657,0.29921143,1.0482779,0,0.99014366,1253.0386
6877,151,9195,1313,4m54_AE5_A_403,4,gnina,0.50345578,0.2990782,1.6833574,0,0,3.1661107
6878,151,9631,1375,4pb4_PLP_B_401,6,smina,0.45395405,0.29549317,1.5362581,0,0,7.357197
6879,151,8125,1160,4ekr_0R0_A_203,5,autodock,0.26584849,0.29054089,0.91501129,0,0.0088487332,4.1856081
6880,151,8245,1177,4ghf_4NC_C_402,6,smina,0.22734497,0.28939001,0.78559959,0,0,1.2487784
6881,151,7643,1091,4cme_KTZ_C_1270,6,smina,0.30929672,0.28919941,1.069492,0,0,2.9035869
6882,151,9792,1398,4r2n_PHE_C_402,6,smina,0.35503781,0.28852676,1.2305186,0,1.0080883e-05,1.4827296
6883,151,3912,558,2ef9_A5P_B_2269,6,smina,0.26620228,0.28609861,0.93045539,0,0.13942276,1.7994601
6884,151,7636,1090,4cme_KTZ_B_1270,6,smina,0.30843708,0.28465025,1.0835642,0,0,2.9013736
6885,151,7629,1089,4cme_KTZ_A_1270,6,smina,0.30841965,0.28463417,1.0835642,0,0,3.142832
6886,151,16351,2335,6ny7_L8J_A_303,6,smina,0.2272683,0.28388727,0.80055726,0,0.0011636268,2.6623969
6887,151,7650,1092,4cme_KTZ_D_1270,6,smina,0.30313371,0.28343685,1.069492,0,0,3.0287606
6888,151,9260,1322,4mol_2FG_C_703,6,smina,0.21950116,0.27940555,0.78559959,0,0.17488794,0.92489256
6889,151,8118,1159,4ekr_0R0_A_202,5,autodock,0.29287048,0.27938224,1.0482779,0,0.98534401,1290.375
6890,151,594,84,1g79_PLP_A_260,6,smina,0.36907523,0.2773219,1.3308541,0,0.00021267812,1.7451962
6891,151,14300,2042,5y7r_58K_B_403,6,smina,0.227264,0.26746313,0.84970117,0,0,2.4159536
6892,151,9295,1327,4mpr_TPP_A_602,6,smina,0.4125446,0.26607154,1.5505016,0,0.83147879,9.4107674
6893,151,2932,418,1wmz_NGA_C_503,6,smina,0.22742081,0.26554036,0.85644436,0,5.837495e-06,1.4352797
6894,151,9895,1413,4tq4_DMA_B_403,4,gnina,0.83763845,0.26501029,3.1607761,0,0.36287912,3.6884295
6895,151,14851,2121,6c17_DNX_A_202,4,gnina,0.4132936,0.26305992,1.5710996,0,0.082757418,2.6947804
6896,151,2433,347,1sjc_SMG_D_1300,4,gnina,0.48944111,0.2624658,1.8647796,0,0.51207928,5.2756784
6897,151,564,80,1g4s_TPS_B_2002,4,gnina,0.8251273,0.25738737,3.2057791,0,0,4.1829467
6898,151,9624,1374,4pb4_PLP_A_401,6,smina,0.39459951,0.2568574,1.5362581,0,0,6.9745383
6899,151,14923,2131,6cgn_DA_A_801,6,smina,0.45490904,0.25418885,1.7896489,0,0.00014145737,5.358857
6900,151,10352,1478,4xpq_FUL_A_1004,6,smina,0.22727575,0.25305386,0.89813089,0,0.0037429782,0.63755258
6901,151,15413,2201,6gck_EUB_A_302,6,smina,0.28357,0.25172591,1.126502,0,0,2.778861
6902,151,6180,882,3rsc_TYD_B_397,6,smina,0.46631454,0.24976267,1.8670297,0,0,5.5875747
6903,151,5151,735,2r5e_QLP_B_430,6,smina,0.32537273,0.24674713,1.3186475,0,0,6.3690655
6904,151,14482,2068,5ykt_PMP_A_501,6,smina,0.33735074,0.24468877,1.3786923,0,0.96964837,2.9539541
6905,151,335,47,1dpm_EBP_B_903,6,smina,0.41089141,0.244561,1.6801174,0,0.00027348366,2.0822606
6906,151,328,46,1dpm_EBP_A_901,6,smina,0.4101854,0.24414078,1.6801174,0,4.2039891e-07,2.1918186
6907,151,10882,1554,5a8k_COM_D_555,4,gnina,0.5033476,0.24301573,2.0712543,0,0,13.413628
6908,151,10875,1553,5a8k_COM_A_556,4,gnina,0.50334706,0.24301547,2.0712543,0,0,16.092833
6909,151,14489,2069,5ykt_PMP_B_501,6,smina,0.3339305,0.24220798,1.3786923,0,0.96930818,2.5989148
6910,151,10345,1477,4xpq_FUL_A_1003,6,smina,0.22732231,0.24212352,0.93886817,0,0.97555087,0.90356767
6911,151,2153,307,1pr0_NOS_A_1245,4,gnina,0.83819,0.24108339,3.4767628,0,0.98120033,3.057119
6912,151,2435,347,1sjc_SMG_D_1300,6,smina,0.32537273,0.24072419,1.3516402,0,0.63719531,2.5827368
6913,151,895,127,1h5r_G1P_C_1294,6,smina,0.40732406,0.23984398,1.6982867,0,2.1540432e-06,1.6598593
6914,151,14641,2091,6a2m_UMP_B_703,4,gnina,0.62199493,0.23919284,2.6003902,0,0.98375005,4.3769662
6915,151,15035,2147,6e40_BBJ_B_502,6,smina,0.32537273,0.23841958,1.3647054,0,0,10.345799
6916,152,5429,775,2wch_B7M_A_1145,4,gnina,0.48946108,0.62211015,0.78677458,0,1.7528431e-06,4.0295008
6917,152,5431,775,2wch_B7M_A_1145,6,smina,0.32542127,0.41361384,0.78677458,0,0,3.097375
6918,152,12270,1752,5hss_64Z_D_403,6,smina,0.32542127,0.39755202,0.81856173,0,0.37296076,1.1979818
6919,152,13794,1970,5urz_BOG_B_201,4,gnina,0.49674007,0.35162746,1.4126875,0,0.14810985,4.7393899
6920,152,12263,1751,5hss_64Z_A_402,6,smina,0.28001387,0.34207991,0.81856173,0,0.24374141,1.2979486
6921,152,13796,1970,5urz_BOG_B_201,6,smina,0.26253127,0.33367999,0.78677458,0,0,4.1247172
6922,152,10821,1545,5a02_GOL_E_1341,6,smina,0.26453157,0.31213996,0.84747642,0,1.0922324e-05,0.88737124
6923,152,10800,1542,5a02_GOL_B_1342,6,smina,0.26448924,0.31209001,0.84747642,0,0.00024366674,1.0324717
6924,152,10814,1544,5a02_GOL_D_1341,6,smina,0.26440682,0.31199276,0.84747642,0,1.1294917e-05,0.6601311
6925,152,10793,1541,5a02_GOL_A_1341,6,smina,0.26419747,0.31174573,0.84747642,0,1.0032423e-05,0.75023248
6926,152,10807,1543,5a02_GOL_C_1341,6,smina,0.26408131,0.31160866,0.84747642,0,3.7947752e-05,0.74496187
6927,152,10828,1546,5a02_GOL_F_1342,6,smina,0.26444601,0.30404268,0.86976504,0,1.0092719e-05,0.66363761
6928,152,4745,677,2pin_LEG_A_501,6,smina,0.26064592,0.29419814,0.88595265,0,0,2.4674091
6929,152,6997,999,3zr0_8OG_A_1157,4,gnina,0.62080867,0.29006337,2.1402509,0,0.77570494,4.6531047
6930,152,2295,327,1r4f_AD3_B_330,6,smina,0.22759133,0.28927096,0.78677458,0,0,3.2074574
6931,152,881,125,1h48_GPP_E_904,6,smina,0.4699549,0.27591465,1.7032609,0,0,5.7384162
6932,152,8448,1206,4hxk_1AJ_A_201,6,smina,0.40201904,0.27127016,1.4819868,0,0,0.8969783
6933,152,1987,283,1om5_INE_A_790,6,smina,0.22756731,0.26171424,0.8695249,0,2.8345976e-05,0.8530172
6934,152,8259,1179,4gim_PSU_B_400,6,smina,0.27296413,0.25989731,1.0502759,0,0,2.597821
6935,152,4752,678,2pin_LEG_B_502,6,smina,0.22756679,0.2555716,0.89042181,0,0,2.154753
6936,152,14510,2072,5ysh_5AD_J_605,6,smina,0.4011186,0.24893776,1.6113199,0,0,0.88755834
6937,152,8266,1180,4gim_PSU_C_400,6,smina,0.26074999,0.24826786,1.0502759,0,0,2.6559411
6938,152,7018,1002,3zwt_KFZ_A_1401,4,gnina,0.58225618,0.24640545,2.3629994,0,5.3647083e-07,3.5655027
6939,152,14503,2071,5ysh_5AD_D_605,6,smina,0.39475083,0.24541206,1.6085216,0,0,1.0031548
6940,152,10595,1513,4zbc_GLC_A_408,4,gnina,0.42093311,0.24327025,1.7303097,0,0.00026931061,2.4049595
6941,152,11892,1698,5fqf_NGA_B_1586,6,smina,0.40369894,0.23849222,1.6927123,0,0.00092392153,1.3884521
6942,152,1978,282,1okm_SAB_A_555,4,gnina,0.6283769,0.23807998,2.6393511,0,0.97463114,3.7637088
6943,152,3254,464,1zha_PEP_B_2268,6,smina,0.22844139,0.23459862,0.97375315,0,0.0032420671,1.0086472
6944,153,9855,1407,4rkz_3S4_B_401,6,smina,0.32215391,0.4102615,0.7852394,0,0.2163614,1.9472618
6945,153,3072,438,1y2x_NAG_C_2144,6,smina,0.29371509,0.3740448,0.7852394,0,0.99447237,1.8361141
6946,153,706,100,1gz5_G6P_A_901,6,smina,0.39063583,0.33889022,1.1526904,0,2.0346666e-05,3.2491896
6947,153,13369,1909,5syi_NIZ_B_805,6,smina,0.26175035,0.33333784,0.7852394,0,0,1.0086402
6948,153,14818,2116,6br1_E3Y_B_505,6,smina,0.32215391,0.32832526,0.98120254,0,0,2.9081698
6949,153,13362,1908,5syi_NIZ_A_805,6,smina,0.22779131,0.29009118,0.7852394,0,0,0.8748719
6950,153,14816,2116,6br1_E3Y_B_505,4,gnina,0.49115852,0.27499135,1.7860862,0,0.023130243,8.7751442
6951,153,993,141,1hkn_N2M_D_5139,6,smina,0.23591634,0.26994972,0.87392592,0,0,1.1685389
6952,153,9727,1389,4qbz_D80_B_901,4,gnina,0.63191986,0.26003881,2.4300973,0,0.99207644,5.0616614
6953,153,13808,1972,5v31_ARG_A_401,4,gnina,0.42747715,0.25874713,1.6521029,0,2.2027105e-07,2.7105649
6954,153,11927,1703,5fwe_OGA_B_1359,6,smina,0.22758649,0.25641167,0.88758141,0,0.00051081234,0.9390962
6955,153,9596,1370,4p7q_NAG_A_704,6,smina,0.22758689,0.25602565,0.8889212,0,2.9299448e-08,1.4584618
6956,153,11871,1695,5fqf_NGA_A_1588,6,smina,0.30425674,0.25537888,1.1913925,0,0.92670362,1.5607649
6957,153,798,114,1h48_C5P_A_203,0,surfdock,0.73101106,0.25525199,2.863879,0,0.99086604,3.5160553
6958,153,17114,2444,6t07_M45_B_601,6,smina,0.22759038,0.254656,0.89371592,0,0.00067186538,0.76125415
6959,153,15105,2157,6f2b_AKG_C_402,6,smina,0.24552501,0.24797549,0.99011701,0,0.62510664,1.8287492
6960,153,7935,1133,4dta_ADN_A_401,4,gnina,0.62933922,0.24717825,2.5460937,0,0.061687314,3.5148293
6961,153,9853,1407,4rkz_3S4_B_401,4,gnina,0.49115852,0.24673577,1.9906245,0,0.95019174,2.8667634
6962,153,16519,2359,6pmv_M16_B_803,6,smina,0.30420486,0.24512351,1.2410259,0,0,2.9239925
6963,153,6355,907,3tyn_CXW_A_800,6,smina,0.32215391,0.24345544,1.3232552,0,0,8.0052375
6964,153,6362,908,3tyn_CXW_B_800,6,smina,0.32215391,0.24345544,1.3232552,0,0,7.7783299
6965,153,7942,1134,4dta_ADN_B_401,4,gnina,0.62551764,0.2426597,2.5777557,0,0.12228223,3.1810771
6966,153,9589,1369,4p7q_NAG_A_703,6,smina,0.22830936,0.24180419,0.94419008,0,0.9125523,1.4551269
6967,153,12044,1720,5gnx_BGC_A_502,4,gnina,0.45579871,0.24113894,1.8901902,0,0.085306647,2.3615307
6968,153,15777,2253,6jx9_CQC_A_501,6,smina,0.42793822,0.2375841,1.8012064,0,0,4.3126965
6969,153,14146,2020,5x6r_7ZR_B_402,6,smina,0.32215391,0.23722936,1.3579841,0,0,6.1621523
6970,153,9029,1289,4l1x_STR_B_402,6,smina,0.32215391,0.23696185,1.3595171,0,0,1.356542
6971,153,5786,826,2z48_A2G_A_1005,4,gnina,0.62844813,0.23257822,2.7020926,0,0.92433055,3.3525428
6972,153,7573,1081,4cle_JR2_A_1270,6,smina,0.26415853,0.23211306,1.1380588,0,0,1.1747373
6973,153,10854,1550,5a7p_6Z1_B_1361,4,gnina,0.63031017,0.23188625,2.7181859,0,0.001306454,4.6878508
6974,153,10765,1537,4zvz_4TF_A_503,6,smina,0.32215391,0.23141624,1.3920963,0,0.050944493,2.6566438
6975,153,3373,481,1zwp_NIM_A_401,6,smina,0.31163313,0.22944781,1.3581865,0,0,3.1925383
6976,153,4316,616,2htu_BCZ_A_801,4,gnina,0.82051589,0.22853947,3.5902581,0,0.98366966,4.4457964
6977,153,3646,520,2bxh_IOS_A_1002,6,smina,0.22959401,0.22659093,1.0132524,0,4.4278673e-06,1.8660515
6978,153,5835,833,2z48_NGA_B_2003,4,gnina,0.62656129,0.22626254,2.7691772,0,0.70372509,2.6069494
6979,153,4094,584,2fr6_CTN_D_1004,6,smina,0.30921142,0.22450235,1.3773184,0,0,2.6765682
6980,153,4087,583,2fr6_CTN_C_1003,6,smina,0.30906369,0.22439509,1.3773184,0,0,2.669621
6981,153,8791,1255,4j4b_0TF_A_904,6,smina,0.407257,0.22419889,1.8164978,0,8.7735336e-09,5.3198732
6982,153,10779,1539,4zvz_4TF_C_503,6,smina,0.30618289,0.22379615,1.368132,0,0.064993554,2.7923822
6983,153,12051,1721,5gnx_BGC_B_503,4,gnina,0.42749195,0.22369842,1.9110181,0,0,2.3978883
6984,153,10847,1549,5a7p_6Z1_A_1361,4,gnina,0.59845415,0.22154955,2.7012193,0,0.0011269688,4.8239101
6985,153,4703,671,2okk_ABU_A_585,6,smina,0.17300046,0.22031528,0.7852394,0,0,0.81103139
6986,153,14137,2019,5x6r_7ZR_A_402,4,gnina,0.57877849,0.21906628,2.6420236,0,3.095097e-09,6.2468358
6987,153,10338,1476,4xp3_DX4_A_401,6,smina,0.17132203,0.2181778,0.7852394,0,0.98830967,0.82034583
6988,153,13404,1914,5t85_44G_L_301,6,smina,0.17125761,0.21809577,0.7852394,0,5.2720656e-05,4.3491934
6989,153,1441,205,1km6_OMP_A_2001,6,smina,0.4174146,0.21793678,1.9153004,0,0.60637307,4.7240834
6990,153,9729,1389,4qbz_D80_B_901,6,smina,0.30963641,0.2178857,1.4210947,0,0.21661766,1.828915
6991,153,3982,568,2f64_12Q_B_471,6,smina,0.17106542,0.21785102,0.7852394,0,0,0.84615216
6992,153,1686,240,1m9j_CLW_A_906,6,smina,0.17092429,0.21767129,0.7852394,0,0,0.79986711
6993,153,16321,2331,6nig_NAG_A_605,4,gnina,0.42769566,0.21593123,1.9807022,0,1.3892135e-08,8.5387275
6994,154,6845,977,3wsg_CIT_F_302,6,smina,0.33913799,0.41059727,0.82596159,0,0.81738388,1.5036927
6995,154,7769,1109,4d06_X8W_B_301,6,smina,0.34262302,0.40408675,0.84789371,0,0,3.9894562
6996,154,6831,975,3wsg_CIT_D_302,6,smina,0.31923842,0.38947853,0.819655,0,0.21308463,1.5847257
6997,154,6817,973,3wsg_CIT_B_302,6,smina,0.31030918,0.38260525,0.81104165,0,0.13855452,1.7255237
6998,154,6810,972,3wsg_CIT_A_302,6,smina,0.31056977,0.37442094,0.82946587,0,0.011178379,1.6051467
6999,154,6824,974,3wsg_CIT_C_302,6,smina,0.29844357,0.36797518,0.81104165,0,0.11439658,1.4665319
7000,154,2141,305,1pl6_572_C_409,6,smina,0.44153361,0.32037859,1.3781611,0,0,2.6751478
7001,154,17086,2440,6sz3_M1H_B_601,6,smina,0.23888957,0.30405166,0.78568643,0,0,0.72457672
7002,154,2895,413,1w55_C_A_1373,4,gnina,0.62503924,0.29659848,2.1073573,0,0.95703139,3.4989802
7003,154,6838,976,3wsg_CIT_E_302,6,smina,0.23856766,0.29067251,0.82074279,0,0.12936088,1.8205666
7004,154,4381,625,2ipf_FFA_A_3,6,smina,0.22467869,0.28525847,0.78763098,0,0,0.95769474
7005,154,7776,1110,4d06_X8W_D_303,6,smina,0.27340362,0.2831665,0.96552145,0,3.7738387e-08,1.336615
7006,154,4617,659,2nz5_226_A_432,4,gnina,0.44250352,0.28287965,1.564281,0,4.3177406e-07,2.0492219
7007,154,1938,276,1o2i_655_A_246,6,smina,0.37622739,0.2827865,1.3304281,0,0,4.9790762
7008,154,4185,597,2g8t_MI2_A_401,6,smina,0.21645633,0.27549929,0.78568643,0,0,1.7944721
7009,154,4871,695,2qab_EI1_A_1,6,smina,0.47012242,0.26216476,1.7932317,0,0,2.7598091
7010,154,7580,1082,4cle_JR2_A_1271,6,smina,0.23864128,0.26202339,0.91076225,0,0,1.4364279
7011,154,5788,826,2z48_A2G_A_1005,6,smina,0.44522424,0.26160093,1.7019205,0,4.0244369e-07,1.5058515
7012,154,9932,1418,4trj_665_A_501,6,smina,0.34506932,0.26137405,1.3202116,0,0,3.5136675
7013,154,12445,1777,5ijz_AKG_D_502,6,smina,0.31099544,0.2607323,1.1927758,0,0.00075522284,1.4844275
7014,154,14720,2102,6axu_BTM_A_401,6,smina,0.34797583,0.25644326,1.3569301,0,0,1.3955833
7015,154,9988,1426,4uc9_ASP_B_1300,6,smina,0.31923842,0.25143981,1.2696406,0,2.6568843e-10,5.4626169
7016,154,2134,304,1pl6_572_B_407,6,smina,0.34880201,0.25007357,1.3947966,0,0,2.8088701
7017,154,2127,303,1pl6_572_A_405,6,smina,0.34889815,0.24754226,1.4094479,0,0,2.7818848
7018,154,11869,1695,5fqf_NGA_A_1588,4,gnina,0.90759445,0.24133591,3.7607093,0,0.98934478,3.1660884
7019,154,16862,2408,6rbr_JXN_A_302,6,smina,0.33356118,0.24088466,1.3847331,0,0,1.1548387
7020,154,15812,2258,6jyg_FLC_E_402,6,smina,0.31897367,0.24069939,1.3251942,0,4.4857468e-05,1.4861184
7021,154,15504,2214,6hl9_SIN_A_402,6,smina,0.23862993,0.23972391,0.99543548,0,0,0.81958907
7022,154,15805,2257,6jyg_FLC_E_401,6,smina,0.31923842,0.23777959,1.3425803,0,0.0040056042,1.4503076
7023,154,9995,1427,4uc9_ASP_C_1300,6,smina,0.26331125,0.23770954,1.1077007,0,0.49024924,3.9056701
7024,154,2827,403,1vkf_CIT_D_503,6,smina,0.32355223,0.23527559,1.3752043,0,0.0005962425,1.4937243
7025,154,2888,412,1w55_C_A_1372,4,gnina,0.44253688,0.23484308,1.884393,0,1.9918047e-06,4.1094006
7026,154,4183,597,2g8t_MI2_A_401,4,gnina,0.41426097,0.23270779,1.7801757,0,0.84265686,2.652903
7027,154,6815,973,3wsg_CIT_B_302,4,gnina,0.62794231,0.23224353,2.7038088,0,0.23730957,5.5203692
7028,154,14643,2091,6a2m_UMP_B_703,6,smina,0.47651427,0.23053967,2.0669503,0,0,2.9733769
7029,154,6808,972,3wsg_CIT_A_302,4,gnina,0.62865418,0.23027028,2.7300699,0,0.79585381,5.2961912
7030,154,16048,2292,6lx5_C5F_B_501,4,gnina,0.62989425,0.2213764,2.8453531,0,0.88411398,2.6541011
7031,154,15784,2254,6jyg_FLC_A_401,6,smina,0.29686372,0.22111415,1.3425803,0,0.02219523,1.6013919
7032,154,1635,233,1m3u_KPL_A_265,4,gnina,0.69416806,0.22104129,3.1404443,0,0.026650278,9.7989947
7033,154,6822,974,3wsg_CIT_C_302,4,gnina,0.59552756,0.22025498,2.7038088,0,0.042814166,5.371531
7034,154,15791,2255,6jyg_FLC_C_401,6,smina,0.31069389,0.21981491,1.4134332,0,0.011043333,1.5749633
7035,154,4235,605,2gyv_HBP_A_1409,0,surfdock,0.53121971,0.21739743,2.4435408,0,0,3.9260173
7036,154,7664,1094,4cmk_FQW_B_1270,6,smina,0.31923842,0.21608318,1.4773858,0,1.1173496e-05,3.4589647
7037,154,17224,2460,6tof_NQE_A_201,4,gnina,0.58701628,0.21583363,2.7197618,0,1.8441739e-07,2.7018151
7038,154,4731,675,2p1e_LAC_A_303,6,smina,0.16924185,0.21540608,0.78568643,0,0,0.51042195
7039,154,16624,2374,6q4r_MLT_A_1041,6,smina,0.16882138,0.21487091,0.78568643,0,0.0055882558,0.93453971
7040,154,4164,594,2fzb_TOL_A_900,6,smina,0.31923842,0.21441203,1.4889007,0,0,4.7061132
7041,154,17604,2514,6yta_IYZ_A_702,6,smina,0.43807071,0.21411682,2.0459416,0,0,3.0549178
7042,154,14676,2096,6acn_TRC_A_899,4,gnina,0.56375569,0.21341199,2.6416299,0,4.7748096e-05,2.4009249
7043,154,15798,2256,6jyg_FLC_D_401,6,smina,0.28028929,0.21289665,1.31655,0,0.00042984273,1.580367
7044,155,12333,1761,5i5t_67X_A_402,6,smina,0.27343563,0.32323161,0.84594232,0,0.92630777,1.8123267
7045,155,4129,589,2fyd_NGA_B_404,6,smina,0.25280975,0.32167475,0.78591627,0,1.8509693e-05,1.3145725
7046,155,4136,590,2fyd_NGA_D_529,6,smina,0.25122506,0.31965839,0.78591627,0,0.034002733,1.64256
7047,155,14930,2132,6cqu_HI6_A_601,6,smina,0.32052206,0.29987588,1.0688481,0,0,3.7025125
7048,155,12340,1762,5i5t_67X_B_402,6,smina,0.25436351,0.2860722,0.88915741,0,0.95594087,1.2734369
7049,155,9309,1329,4mr8_2BW_A_507,6,smina,0.38884936,0.28324318,1.3728454,0,0.00053486694,2.1813901
7050,155,4892,698,2qb4_DSM_A_802,6,smina,0.30102895,0.28306501,1.0634613,0,0,1.9679111
7051,155,5137,733,2r4t_250_A_503,6,smina,0.21687763,0.27595478,0.78591627,0,0,2.9070022
7052,155,12088,1726,5gto_MYR_A_502,6,smina,0.3694343,0.27520955,1.3423736,0,8.8720452e-07,3.6846628
7053,155,12842,1834,5kjz_PCG_A_401,4,gnina,0.61442142,0.27044768,2.271867,0,0,3.9011344
7054,155,14937,2133,6cqu_HI6_B_601,6,smina,0.32052206,0.26554809,1.2070198,0,0,3.4430748
7055,155,8063,1151,4e9z_651_A_301,6,smina,0.27503635,0.26509393,1.0375043,0,0,1.7412289
7056,155,279,39,1d7a_AIR_C_400,6,smina,0.37551661,0.26408987,1.4219264,0,1.1449563e-06,2.9218873
7057,155,8070,1152,4ea0_651_A_306,6,smina,0.27843807,0.2615318,1.0646423,0,0,2.4298132
7058,155,12319,1759,5i0m_UMP_B_201,6,smina,0.31883779,0.26123407,1.2205052,0,0,3.6133707
7059,155,1546,220,1ldo_SNR_B_350,6,smina,0.25336713,0.25926541,0.97724903,0,0,1.7019932
7060,155,3142,448,1z11_8MO_C_501,6,smina,0.2899631,0.25750315,1.1260556,0,0,0.98485322
7061,155,7874,1124,4dch_4DC_A_502,6,smina,0.35496263,0.25593019,1.38695,0,0,4.8196541
7062,155,3471,495,2ai1_P1G_A_293,6,smina,0.48734048,0.24915961,1.955936,0,0,5.9537438
7063,155,6990,998,3zp7_PRE_A_1118,4,gnina,0.50120827,0.24816535,2.0196536,0,0.96707904,4.1647626
7064,155,11288,1612,5ddu_PMP_D_601,4,gnina,0.63308249,0.24534434,2.5803826,0,0.078194155,6.1923942
7065,155,14823,2117,6btn_E8M_A_304,4,gnina,0.51497617,0.2442683,2.1082389,0,0.22348533,5.1635454
7066,155,11281,1611,5ddu_PMP_C_601,4,gnina,0.63201831,0.24416754,2.5884607,0,0.00067841933,7.1355055
7067,155,11267,1609,5ddu_PMP_A_601,4,gnina,0.63129704,0.24255998,2.6026421,0,0.016526033,6.5139666
7068,155,16855,2407,6rbo_JXQ_A_302,6,smina,0.29564351,0.24068185,1.2283572,0,2.5258768e-06,2.2959928
7069,155,1012,144,1hsb_ALA_A_1001,4,gnina,0.51497442,0.23772622,2.166249,0,4.5035936e-10,4.0967604
7070,155,8068,1152,4ea0_651_A_306,4,gnina,0.55538699,0.23383129,2.3751602,0,4.7640612e-07,3.9312205
7071,155,15663,2237,6j4t_IMP_A_401,4,gnina,0.51497617,0.2317236,2.2223716,0,0,5.071452
7072,155,9421,1345,4ndn_PPK_C_404,6,smina,0.32052206,0.22986367,1.3943998,0,0.009351784,1.6672465
7073,155,8077,1153,4ea0_651_B_305,6,smina,0.24571083,0.22899461,1.0729973,0,0,2.4522011
7074,155,440,62,1eyw_TEN_A_403,6,smina,0.24079124,0.22696492,1.0609174,0,0.53925373,1.1978176
7075,155,17100,2442,6szt_M4Q_B_601,6,smina,0.21679568,0.22577833,0.96021372,0,0,2.0393888
7076,155,17450,2492,6vv9_RQ1_A_202,6,smina,0.32029302,0.2236333,1.4322232,0,1.368556e-09,7.0657824
7077,155,4969,709,2qd4_CHD_B_927,6,smina,0.32052206,0.22187534,1.4446033,0,0,5.3169202
7078,155,2881,411,1w3t_3GR_C_1297,4,gnina,0.45306616,0.22168338,2.0437524,0,0.15890863,6.2772438
7079,155,3282,468,1zmt_RNO_A_1002,6,smina,0.21688035,0.22125806,0.98021346,0,0,1.117568
7080,155,3303,471,1zmt_RNO_D_1004,6,smina,0.21687762,0.22125527,0.98021346,0,0,1.1452736
7081,155,16071,2295,6m5m_NAG_A_202,6,smina,0.21687792,0.22015386,0.98511875,0,0.99228549,1.146273
7082,155,4955,707,2qd4_CHD_A_803,6,smina,0.32052206,0.21655575,1.4800893,0,0,4.7707747
7083,155,2631,375,1tt6_DES_A_129,6,smina,0.2188535,0.21536463,1.0161989,0,0,1.9340778
7084,155,4941,705,2qd4_CHD_A_801,6,smina,0.5425323,0.21389099,2.5364888,0,0,3.3655402
7085,155,12485,1783,5irw_D9P_A_202,4,gnina,0.60075639,0.21366726,2.8116436,0,0.73171199,3.1260429
7086,155,15644,2234,6ijn_6MZ_A_401,6,smina,0.30466187,0.21271675,1.4322411,0,0.98911803,5.5247734
7087,155,8182,1168,4fh7_TBP_A_202,6,smina,0.16640177,0.21172937,0.78591627,0,9.9408767e-06,0.66088771
7088,155,2076,296,1p7l_PPK_C_684,4,gnina,0.62964047,0.20955195,3.0046978,0,0.0063636828,3.9750363
7089,155,3296,470,1zmt_RNO_C_1003,6,smina,0.21687631,0.20943174,1.0355456,0,0,1.121318
7090,155,2267,323,1q6r_LX1_B_9301,6,smina,0.22223097,0.20921522,1.0622113,0,0.14510876,1.4298405
7091,155,11073,1581,5c38_DA8_A_403,6,smina,0.36242727,0.20785407,1.7436612,0,4.1242047e-09,8.0245342
7092,155,9055,1293,4l80_OXL_B_402,4,gnina,0.58735621,0.20765615,2.8285029,0,0,5.4170022
7093,155,5837,833,2z48_NGA_B_2003,6,smina,0.33923837,0.20662175,1.6418319,0,0.90068636,1.4762016
7094,156,3240,462,1zg3_2HI_A_365,6,smina,0.32078989,0.32067773,1.0003488,0,0,2.6708927
7095,156,6269,895,3t3q_9PL_A_501,4,gnina,0.52451454,0.27736846,1.8910379,0,0.037860187,5.3979653
7096,156,16050,2292,6lx5_C5F_B_501,6,smina,0.42713897,0.27236925,1.568234,0,0,1.8616452
7097,156,13045,1863,5mdh_MAK_B_335,4,gnina,0.45639235,0.26352807,1.7318538,0,2.3498881e-07,2.4677277
7098,156,13920,1988,5vyr_GMP_B_302,4,gnina,0.44936274,0.25131958,1.7880123,0,1.9450684e-06,3.2701963
7099,156,9692,1384,4q40_VAL_A_403,4,gnina,0.44936303,0.25119754,1.7888821,0,5.8593925e-07,3.6125031
7100,156,9706,1386,4q40_VAL_C_404,4,gnina,0.44936296,0.2511975,1.7888821,0,4.1151926e-07,3.399594
7101,156,9699,1385,4q40_VAL_B_403,4,gnina,0.44936275,0.25119738,1.7888821,0,3.6309704e-07,3.9098932
7102,156,17140,2448,6t5p_VD8_B_302,4,gnina,0.44937307,0.2497137,1.7995522,0,0.83411429,3.6964958
7103,156,3343,477,1zpd_CIT_F_610,4,gnina,0.61437059,0.24239759,2.5345564,0,0.93513786,6.5132296
7104,156,13950,1992,5vys_GMP_B_303,6,smina,0.28285344,0.24132049,1.172106,0,0,2.7600336
7105,156,6283,897,3t3q_9PL_D_501,4,gnina,0.44936081,0.23932889,1.877586,0,0.12300214,5.5714749
7106,156,6276,896,3t3q_9PL_B_501,4,gnina,0.44935956,0.23762576,1.8910379,0,0.13052166,5.1791387
7107,156,11158,1594,5cga_KP6_H_301,0,surfdock,0.53156256,0.23079484,2.3031812,0,0.99648687,2.7749513
7108,156,3336,476,1zpd_CIT_E_610,4,gnina,0.58109399,0.22926843,2.5345564,0,0.049744436,6.471239
7109,156,9890,1412,4s38_CDI_A_900,6,smina,0.17985874,0.22844183,0.78732741,0,9.0243764e-05,1.0472519
7110,156,11913,1701,5fwd_GJV_A_1446,6,smina,0.47169422,0.2260046,2.0870991,0,0.96969867,6.0070987
7111,156,6257,893,3sru_Q26_X_169,6,smina,0.58346118,0.22404986,2.6041567,0,0,7.500317
7112,156,3653,521,2bxh_IOS_B_1002,6,smina,0.24138561,0.22361443,1.0794715,0,2.0482927e-07,1.2731309
7113,156,9230,1318,4mig_G3F_B_802,4,gnina,0.57966535,0.2180204,2.6587656,0,0.47691941,7.5263404
7114,156,5011,715,2qim_ZEA_A_159,6,smina,0.3250879,0.21545506,1.5088422,0,4.5357142e-05,2.3404233
7115,156,12079,1725,5gri_CIT_B_401,4,gnina,0.48718545,0.21442197,2.2720864,0,0.028861052,3.252911
7116,156,6103,871,3qwi_CUE_D_272,6,smina,0.24138341,0.2135884,1.1301326,0,0,1.4353766
7117,156,7846,1120,4d6z_PK9_A_1600,6,smina,0.30833088,0.21298274,1.4476792,0,3.4985896e-07,6.0672643
7118,156,14014,2002,5wgr_PM7_A_711,0,surfdock,0.57270768,0.21241169,2.6962144,0,0,3.8542843
7119,156,9223,1317,4mig_G3F_A_802,4,gnina,0.568895,0.21162845,2.6881773,0,0.0076048913,7.4356154
7120,156,7606,1086,4clr_FDB_A_1270,4,gnina,0.44632263,0.21134748,2.1117945,0,0.96986567,3.6196229
7121,156,16113,2301,6mae_JBA_A_301,6,smina,0.41698892,0.21114752,1.9748691,0,0,11.995787
7122,157,11318,1616,5did_5CK_B_601,6,smina,0.44697281,0.35206207,1.2695843,0,0,1.7179807
7123,157,1980,282,1okm_SAB_A_555,6,smina,0.47294563,0.33788802,1.3997102,0,0,4.1404206
7124,157,5753,821,2yp6_C6W_B_1186,6,smina,0.39467653,0.30470648,1.295267,0,0,4.176141
7125,157,1553,221,1lfw_AEP_A_683,6,smina,0.22922922,0.29084648,0.78814405,0,0,2.8566047
7126,157,11164,1594,5cga_KP6_H_301,6,smina,0.31012554,0.28268491,1.0970705,0,0,1.0189503
7127,157,9771,1395,4qya_LU2_A_201,6,smina,0.26387907,0.25956616,1.0166149,0,4.8022599e-08,2.2593974
7128,157,11311,1615,5did_5CK_A_601,6,smina,0.32275843,0.24398814,1.3228438,0,0,1.7651172
7129,157,11015,1573,5b4o_6DQ_B_202,4,gnina,0.43523951,0.23379817,1.8616027,0,0.27767462,3.6889805
7130,157,16400,2342,6ock_9KL_A_602,6,smina,0.26450204,0.23222147,1.1390067,0,0,2.3805742
7131,157,11022,1574,5b4o_6DQ_C_201,4,gnina,0.4352443,0.22642906,1.9222095,0,0.6078156,2.0097878
7132,157,11001,1571,5b4o_6DQ_A_201,4,gnina,0.43524426,0.22376481,1.945096,0,0.64306672,2.1167686
7133,157,5345,763,2vmp_PLP_A_501,4,gnina,0.62912325,0.22284154,2.8231857,0,1.1721139e-05,4.9923714
7134,157,11297,1613,5di7_5CQ_A_601,6,smina,0.31036114,0.22248892,1.39495,0,0,1.548687
7135,157,7090,1012,4a7a_RGZ_B_601,6,smina,0.30802532,0.22145876,1.3908916,0,5.1278685e-06,3.5192954
7136,157,5319,759,2vjb_CCD_B_1539,6,smina,0.20827409,0.22123355,0.94142079,0,0,1.0594315
7137,157,11325,1617,5die_5CJ_A_601,6,smina,0.30959206,0.22052579,1.4038805,0,0,2.6942456
7138,157,5305,757,2vjb_CCD_A_1539,6,smina,0.21210959,0.2202927,0.96285242,0,0,1.4510066
7139,157,5032,718,2qim_ZEA_A_162,6,smina,0.20827409,0.21985894,0.94730681,0,4.1085605e-07,1.5788493
7140,157,9778,1396,4qya_LU2_B_201,6,smina,0.22922723,0.21820016,1.0505356,0,1.862577e-09,2.0323993
7141,157,4519,645,2npq_BOG_A_1000,4,gnina,0.81908166,0.2150973,3.8079579,0,0.94715117,4.2800804
7142,157,6999,999,3zr0_8OG_A_1157,6,smina,0.37552586,0.21096939,1.7800007,0,5.5442939e-08,4.0858662
7143,157,9022,1288,4l1x_STR_A_402,6,smina,0.26396188,0.20683329,1.2762051,0,0,1.5070432
7144,157,11162,1594,5cga_KP6_H_301,4,gnina,0.63138811,0.20596159,3.0655615,0,0.99145683,4.0388812
7145,157,419,59,1eow_U2G_A_130,6,smina,0.20827409,0.20581094,1.0119671,0,0,2.0522595
7146,157,13152,1878,5nnw_GCS_D_302,6,smina,0.16133366,0.20470047,0.78814405,0,6.3879794e-07,1.1432888
7147,157,3415,487,2a5t_GLY_A_1001,6,smina,0.16133351,0.20470028,0.78814405,0,0,0.53479806
7148,157,12179,1739,5h8q_GLY_B_301,6,smina,0.16133351,0.20470028,0.78814405,0,0,0.57528092
7149,157,8735,1247,4iph_1FJ_A_201,6,smina,0.23802238,0.20266113,1.1744837,0,0,3.4368389
7150,157,8742,1248,4iph_1FJ_A_202,6,smina,0.22926228,0.20180877,1.1360363,0,0,3.4208707
7151,157,4584,654,2nu7_COA_B_1025,6,smina,0.31306347,0.19973357,1.5674044,0,1.6292504e-09,4.6545819
7152,157,8896,1270,4jzx_IPE_A_401,6,smina,0.22922987,0.19615525,1.1686136,0,1.0604135e-05,2.560776
7153,157,14865,2123,6c1i_EEY_B_501,4,gnina,0.58346037,0.19489581,2.9937031,0,3.5019191e-10,3.2078931
7154,157,7179,1025,4ajj_88S_B_1332,4,gnina,0.62976097,0.19408514,3.2447655,0,0.035706876,4.218517
7155,157,7186,1026,4ajj_88S_C_1334,4,gnina,0.62961509,0.19404019,3.2447655,0,0,4.4383174
7156,157,2897,413,1w55_C_A_1373,6,smina,0.46458335,0.19383233,2.3968301,0,0,3.212182
7157,157,17707,2529,7bqu_EF2_A_501,4,gnina,0.51192131,0.1925243,2.6589949,0,0.99712986,2.6760591
7158,157,16671,2381,6qdb_HWQ_A_1003,4,gnina,0.62713002,0.19241927,3.2591841,0,7.572648e-09,4.2193111
7159,157,17002,2428,6s9g_L1Q_A_306,6,smina,0.2609895,0.19230985,1.3571292,0,0.0018887934,1.3049235
7160,157,15761,2251,6jws_PT1_B_801,4,gnina,0.63152945,0.19207414,3.2879453,0,0.9945555,5.7176016
7161,157,14858,2122,6c1i_EEY_A_501,4,gnina,0.58165818,0.19091996,3.0466065,0,0.98264032,2.8374682
7162,157,15754,2250,6jws_PT1_A_801,4,gnina,0.63061756,0.19071698,3.3065612,0,0.98923041,9.0083319
7163,157,12170,1738,5h8q_GLU_A_302,4,gnina,0.42634957,0.19071198,2.2355669,0,0,2.5711413
7164,157,7193,1027,4ajj_88S_D_1332,4,gnina,0.61841256,0.19058769,3.2447655,0,0.0089882123,4.5766282
7165,157,1621,231,1luq_BTN_B_5200,4,gnina,0.58058473,0.19019692,3.0525444,0,0.98253231,2.8913876
7166,157,7083,1011,4a7a_RGZ_A_601,6,smina,0.26449162,0.19015964,1.3908916,0,5.6383404e-07,3.4520593
7167,157,7172,1024,4ajj_88S_A_1332,4,gnina,0.62252435,0.19011603,3.2744434,0,0.91896708,6.4849692
7168,157,1614,230,1luq_BTN_A_5100,4,gnina,0.58261665,0.18977713,3.0700035,0,0.98955304,3.2818691
7169,157,10513,1501,4z69_DIF_A_1006,6,smina,0.27678637,0.18793859,1.472748,0,0,3.1687505
7170,157,12039,1719,5g6i_M85_A_904,6,smina,0.30288143,0.18789029,1.6120112,0,0,3.7684147
7171,157,14914,2130,6cgc_F0A_B_402,4,gnina,0.6188836,0.18772347,3.2967823,0,0.97462333,7.0480961
7172,158,9440,1348,4ni1_2JX_A_204,4,gnina,0.50384392,0.3594258,1.4018013,0,0.029865494,1.8601706
7173,158,9433,1347,4ni1_2JX_A_203,4,gnina,0.50386002,0.32807261,1.5358176,0,9.7643079e-06,1.8669673
7174,158,16421,2345,6ofr_BOG_A_804,6,smina,0.31466354,0.26715107,1.1778477,0,1.9470265e-11,5.8319743
7175,158,16414,2344,6ofr_BOG_A_803,6,smina,0.31466354,0.26501228,1.1873536,0,1.8185546e-10,4.4694535
7176,158,16407,2343,6ofr_BOG_A_802,6,smina,0.31466354,0.24876344,1.2649097,0,0.013690281,4.4092144
7177,158,1371,195,1kar_HSM_B_503,6,smina,0.21086181,0.2485852,0.84824663,0,0.00032031736,0.72811958
7178,158,1000,142,1ho5_ADN_B_2604,6,smina,0.29689095,0.24135124,1.2301189,0,0.11377593,2.8643298
7179,158,1161,165,1ixo_G3P_D_1004,6,smina,0.21182774,0.22795028,0.92927068,0,0.36068918,1.1317329
7180,158,17072,2438,6sxr_KHP_A_513,6,smina,0.31466354,0.2261437,1.3914309,0,0,2.5655863
7181,158,6878,982,3wur_O4B_B_201,4,gnina,0.58914131,0.22006208,2.6771586,0,0.88813638,1.6296105
7182,158,13495,1927,5tdt_MBN_A_503,6,smina,0.22640946,0.21963385,1.0308486,0,0.99838318,0.61907767
7183,158,2904,414,1w55_GPP_A_1374,6,smina,0.27663548,0.21847529,1.2662085,0,0,4.451287
7184,158,10415,1487,4y14_C0A_A_407,6,smina,0.48189708,0.21726699,2.217994,0,0.97576256,6.2261701
7185,158,4591,655,2nu7_COA_B_1325,6,smina,0.31466354,0.2169215,1.4505862,0,1.9962582e-06,4.1115283
7186,158,62,8,1aer_TIA_B_700,6,smina,0.18253918,0.21474812,0.85001427,0,0,2.023159
7187,158,17273,2467,6tt4_BMA_C_3,4,gnina,0.5038343,0.21363981,2.3583343,0,3.533859e-08,3.0361031
7188,158,13509,1929,5tdt_MBN_D_502,6,smina,0.22019816,0.21262365,1.0356231,0,9.6661642e-06,0.75907085
7189,158,13488,1926,5tdt_MBN_A_502,6,smina,0.22106283,0.2126015,1.039798,0,0.12084137,0.7317734
7190,158,10422,1488,4y14_C0A_B_404,6,smina,0.46164556,0.20686663,2.2316086,0,0.83172858,6.9628152
7191,158,9832,1404,4rii_TYD_B_401,4,gnina,0.60945293,0.2058625,2.9604845,0,0.99723792,5.4983186
7192,158,4302,614,2hs3_FGR_A_2166,4,gnina,0.63519995,0.204847,3.1008496,0,0,4.5036382
7193,158,1166,166,1j0n_CEG_A_780,4,gnina,0.50390609,0.2030927,2.4811621,0,8.1131681e-06,2.4557456
7194,158,2223,317,1q20_PLO_A_401,4,gnina,0.41310151,0.20034505,2.0619493,0,0.95749823,3.3820645
7195,158,3450,492,2ahc_VNL_A_166,6,smina,0.21044385,0.20026843,1.050808,0,0,0.99663051
7196,158,5030,718,2qim_ZEA_A_162,4,gnina,0.50383437,0.199471,2.5258517,0,1.8596019e-09,3.2560419
7197,158,4661,665,2o7b_HC4_E_701,6,smina,0.22943143,0.19917393,1.151914,0,0,2.402591
7198,158,643,91,1gey_PPE_A_413,6,smina,0.31466354,0.19890324,1.581992,0,0,10.440591
7199,158,5849,835,2z48_NGA_B_2006,4,gnina,0.52353935,0.19713967,2.6556764,0,0.024638742,2.4628108
7200,158,4640,662,2o7b_HC4_A_701,6,smina,0.22943143,0.19686705,1.1654121,0,0,1.986692
7201,158,4647,663,2o7b_HC4_C_701,6,smina,0.22943143,0.19686705,1.1654121,0,0,1.9125341
7202,158,4654,664,2o7b_HC4_D_701,6,smina,0.22943143,0.19686705,1.1654121,0,0,1.8434703
7203,158,6866,980,3wur_O4B_A_201,6,smina,0.22494358,0.19601904,1.1475589,0,0,0.82016242
7204,158,6880,982,3wur_O4B_B_201,6,smina,0.23514006,0.19475737,1.2073478,0,0,0.80772248
7205,158,6892,984,3wur_O4B_B_204,4,gnina,0.55432215,0.19319409,2.8692491,0,0.9262004,1.5026222
7206,158,16428,2346,6ofr_BOG_A_805,6,smina,0.2109236,0.19237569,1.0964141,0,8.0192568e-09,5.110455
7207,158,17786,2540,7kjg_BTM_A_406,6,smina,0.24677108,0.19035354,1.296382,0,0,1.3800038
7208,158,5506,786,2wu4_HBP_B_1545,4,gnina,0.62996612,0.19018315,3.3124173,0,0.0018817005,6.8573732
7209,158,9601,1371,4p7q_NAG_A_706,4,gnina,0.52297535,0.18945485,2.760421,0,4.4280901e-06,2.2061889
7210,158,9414,1344,4ndn_PPK_A_406,6,smina,0.24090406,0.18925769,1.2728882,0,0.010142655,1.6073773
7211,158,11430,1632,5dz2_212_A_404,6,smina,0.29340805,0.18914614,1.5512232,0,0,1.6434141
7212,158,4631,661,2o1o_RIS_B_400,4,gnina,0.60220328,0.18887781,3.1883211,0,0.89850276,3.5894562
7213,158,6873,981,3wur_O4B_A_202,6,smina,0.2269932,0.18856533,1.2037898,0,0,0.87504114
7214,158,4904,700,2qca_DGP_A_200,4,gnina,0.61817806,0.18852125,3.2790885,0,5.5223923e-09,3.478242
7215,158,6726,960,3wca_FPS_B_401,6,smina,0.52099453,0.18776395,2.7747304,0,0,7.2338039
7216,158,16883,2411,6rgg_K3Q_A_402,6,smina,0.21094808,0.18718275,1.1269623,0,0.0021321993,1.1777439
7217,158,8287,1183,4gt9_MEF_A_304,6,smina,0.21092386,0.18591981,1.1344874,0,0,2.6381222
7218,158,9783,1397,4r08_URI_D_901,4,gnina,0.51514933,0.18533208,2.7796006,0,8.1160254e-05,13.352879
7219,158,12464,1780,5ioq_DUR_B_303,4,gnina,0.61308722,0.18523795,3.309727,0,1.3671399e-09,3.7058795
7220,158,6867,981,3wur_O4B_A_202,0,surfdock,0.47324589,0.18393198,2.5729387,0,0.97220594,2.8915291
7221,158,6780,968,3wk1_O7E_A_301,4,gnina,0.63114678,0.18379983,3.4338803,0,0.98950946,3.1590527
7222,159,3204,457,1zei_CRS_E_54,5,autodock,0.36418453,0.4625089,0.78740984,0,0.99515623,25.231414
7223,159,3197,456,1zei_CRS_D_54,5,autodock,0.34731601,0.44108613,0.78740984,0,0.40424061,16.457635
7224,159,3190,455,1zei_CRS_C_56,5,autodock,0.31196333,0.39618876,0.78740984,0,0.26352222,11.326139
7225,159,3218,459,1zei_CRS_F_54,5,autodock,0.31093459,0.39488228,0.78740984,0,0.27306059,9.2585457
7226,159,3225,460,1zei_CRS_F_55,5,autodock,0.30331528,0.38520587,0.78740984,0,0.058317537,8.3399073
7227,159,3211,458,1zei_CRS_E_55,5,autodock,0.29831538,0.37885607,0.78740984,0,9.8650071e-06,6.8427155
7228,159,6894,984,3wur_O4B_B_204,6,smina,0.41630799,0.35002805,1.1893551,0,0,0.81156706
7229,159,12221,1745,5hfa_FP1_A_608,6,smina,0.22295911,0.28315474,0.78740984,0,0,1.000826
7230,159,12228,1746,5hfa_FP1_B_609,6,smina,0.22251016,0.28258458,0.78740984,0,0,1.1152803
7231,159,16246,2320,6ncx_ADA_D_601,6,smina,0.22255503,0.25724569,0.86514479,0,0.0019318826,1.165438
7232,159,10149,1449,4w1v_3GS_B_502,6,smina,0.30990735,0.25212309,1.2291898,0,0,4.5509183
7233,159,16232,2318,6ncx_ADA_A_601,6,smina,0.22254769,0.25137604,0.88531685,0,0.0013417143,1.1658535
7234,159,15271,2181,6flu_DTK_A_403,4,gnina,0.60115951,0.24752645,2.4286668,0,7.9429325e-07,3.9957087
7235,159,13852,1978,5vrj_R07_A_204,6,smina,0.42874147,0.24510332,1.7492266,0,0,7.0999374
7236,159,15917,2273,6kxh_DY9_D_402,6,smina,0.33593145,0.23940441,1.4031956,0,0,1.3492088
7237,159,11323,1617,5die_5CJ_A_601,4,gnina,0.58545132,0.23751471,2.4649045,0,0.16329875,3.9511209
7238,159,6832,976,3wsg_CIT_E_302,0,surfdock,0.54491581,0.23078498,2.3611398,0,0,2.6076283
7239,159,11169,1595,5ci9_549_A_401,4,gnina,0.4154624,0.23015218,1.8051629,0,3.1141058e-07,2.2561226
7240,159,10147,1449,4w1v_3GS_B_502,4,gnina,0.49253665,0.22514339,2.1876566,0,0.13109496,5.1254658
7241,159,15278,2182,6flu_DTK_A_404,4,gnina,0.53548783,0.22345374,2.3964138,0,0.1855054,4.5745646
7242,159,461,65,1fk1_DAO_A_201,6,smina,0.32849148,0.21570993,1.522838,0,0,2.3138762
7243,159,15327,2189,6flu_DTK_B_405,4,gnina,0.49253665,0.2071109,2.378129,0,0.23906928,4.5176855
7244,159,16755,2393,6qot_6SD_B_301,4,gnina,0.4366757,0.20660488,2.1135778,0,0.99437303,2.3768527
7245,159,16295,2327,6nh0_KND_A_803,6,smina,0.33028139,0.20406925,1.618476,0,0,8.0439535
7246,159,4549,649,2nry_STU_D_501,6,smina,0.36107729,0.20339624,1.7752398,0,0.98302985,4.0231149
7247,159,10301,1471,4x3j_3WR_A_1201,4,gnina,0.63201004,0.20258573,3.1197155,0,0.98170602,7.6899506
7248,159,4542,648,2nry_STU_C_503,6,smina,0.36435899,0.20201684,1.803606,0,0.99782376,4.8165285
7249,159,15306,2186,6flu_DTK_B_402,4,gnina,0.4845304,0.20169807,2.4022551,0,0.061509909,3.9756417
7250,159,10231,1461,4wua_3UL_A_701,4,gnina,0.63241058,0.20159466,3.1370394,0,0,4.0667252
7251,159,15299,2185,6flu_DTK_B_401,4,gnina,0.49253665,0.20084536,2.4523168,0,3.7667334e-07,3.5509825
7252,159,16296,2328,6nhd_KNV_A_803,0,surfdock,0.53205388,0.20037064,2.6553476,0,0.97458954,2.6762011
7253,159,5459,779,2wdq_CBE_K_1130,6,smina,0.33384881,0.20013587,1.6681099,0,0,1.7426339
7254,159,4535,647,2nry_STU_A_504,6,smina,0.36055227,0.19990623,1.803606,0,0.99266674,4.0395243
7255,159,15698,2242,6jea_NAG_A_501,4,gnina,0.43668295,0.19907674,2.1935399,0,0.97165207,2.2394973
7256,159,5452,778,2wdq_CBE_G_1130,6,smina,0.33128349,0.198598,1.6681099,0,0,2.7315004
7257,159,5047,721,2qse_1HP_A_1,0,surfdock,0.58180989,0.1980645,2.9374759,0,0.99307504,3.305021
7258,159,2778,396,1uxq_G1P_A_1503,6,smina,0.27781914,0.19717258,1.4090141,0,0.00079274531,1.5508836
7259,159,15264,2180,6flu_DTK_A_401,4,gnina,0.47719726,0.19624696,2.4316151,0,3.7168075e-07,8.088573
7260,159,16792,2398,6r4j_GLU_A_704,6,smina,0.22253406,0.19505039,1.1409045,0,0,1.7194451
7261,159,704,100,1gz5_G6P_A_901,4,gnina,0.50960963,0.19457656,2.6190691,0,1.6373853e-06,5.2726861
7262,159,8334,1190,4h9x_HL4_B_404,4,gnina,0.45341211,0.193887,2.338537,0,0.61854745,2.6419038
7263,159,5445,777,2wdq_CBE_C_1130,6,smina,0.3324539,0.19374426,1.715941,0,0,1.8273683
7264,159,9834,1404,4rii_TYD_B_401,6,smina,0.48409596,0.19343041,2.502687,0,0,7.4948229
7265,159,7174,1024,4ajj_88S_A_1332,6,smina,0.44157991,0.19324875,2.2850327,0,0,2.7196409
7266,159,15329,2189,6flu_DTK_B_405,6,smina,0.30990735,0.18995634,1.6314653,0,0.53588805,3.1922617
7267,159,3868,552,2e56_MYR_A_701,4,gnina,0.62746772,0.18989159,3.3043461,0,0,3.9156047
7268,159,13129,1875,5nj0_8YW_A_301,4,gnina,0.63300374,0.18937776,3.3425443,0,0.98039207,3.9233466
7269,159,5830,832,2z48_NGA_B_2002,6,smina,0.25557559,0.18817087,1.3582093,0,4.9751395e-06,1.5315395
7270,159,6782,968,3wk1_O7E_A_301,6,smina,0.4766859,0.18786729,2.5373535,0,0,2.8789591
7271,159,14979,2139,6dl7_ONC_B_301,6,smina,0.51366305,0.1878493,2.7344413,0,0,4.8603112
7272,160,4528,646,2npq_BOG_A_2000,6,smina,0.40713766,0.24134362,1.6869617,0,0,5.0141041
7273,160,12023,1717,5g4r_LF1_C_1739,4,gnina,0.63326411,0.24018361,2.6365824,0,0.99647359,4.8568879
7274,160,2342,334,1rvz_NAG_A_3321,4,gnina,0.43366996,0.23588732,1.8384614,0,0,9.3131823
7275,160,14249,2035,5xsm_8EO_A_705,4,gnina,0.62412162,0.23476245,2.6585231,0,7.8406877e-05,6.1401181
7276,160,12009,1715,5g4r_LF1_A_1739,4,gnina,0.61050197,0.23155042,2.6365824,0,0.6351329,4.6833859
7277,160,1803,257,1nf0_13P_B_1150,4,gnina,0.43449976,0.22232833,1.9543148,0,5.8260375e-08,2.0255284
7278,160,2349,335,1rvz_NAG_F_3331,4,gnina,0.4336687,0.22048068,1.9669229,0,0.0004935975,9.0966654
7279,160,4655,665,2o7b_HC4_E_701,0,surfdock,0.58195529,0.21727135,2.6784713,0,0.99667241,2.9592286
7280,160,4634,662,2o7b_HC4_A_701,0,surfdock,0.58195529,0.21296587,2.7326214,0,0.99474963,2.86893
7281,160,4641,663,2o7b_HC4_C_701,0,surfdock,0.58195529,0.21296587,2.7326214,0,0.99752334,2.9806997
7282,160,4648,664,2o7b_HC4_D_701,0,surfdock,0.58195529,0.21296587,2.7326214,0,0.99309925,2.9847246
7283,160,17422,2488,6vmz_R3P_C_404,6,smina,0.41399815,0.21275153,1.9459223,0,0,2.2547817
7284,160,15763,2251,6jws_PT1_B_801,6,smina,0.47918737,0.21067466,2.2745364,0,0,4.5398121
7285,160,14879,2125,6c1x_DNX_A_203,4,gnina,0.4336704,0.20951441,2.0698824,0,0.97625687,1.9418892
7286,160,1061,151,1ij8_BNI_B_502,4,gnina,0.55907307,0.20815344,2.685869,0,0.18729102,5.8174048
7287,160,1672,238,1m3u_KPL_I_265,6,smina,0.2720227,0.20566872,1.3226246,0,0.39089578,1.1327087
7288,160,6871,981,3wur_O4B_A_202,4,gnina,0.53860573,0.20497907,2.6276124,0,0.78454159,1.7274669
7289,160,15756,2250,6jws_PT1_A_801,6,smina,0.47660743,0.20473871,2.3278804,0,0,4.273807
7290,160,1658,236,1m3u_KPL_F_265,6,smina,0.2657329,0.20091318,1.3226246,0,0.59247501,1.0788771
7291,160,4092,584,2fr6_CTN_D_1004,4,gnina,0.58485513,0.19661127,2.9746766,0,0.99439649,4.3309865
7292,160,4085,583,2fr6_CTN_C_1003,4,gnina,0.58448525,0.19648693,2.9746766,0,0.99602181,3.5172357
7293,160,4078,582,2fr6_CTN_A_1001,4,gnina,0.57712159,0.19457798,2.9660161,0,0.99356474,3.7137573
7294,160,1054,150,1ij8_BNI_A_501,4,gnina,0.51590073,0.19207956,2.685869,0,0.0017244195,6.6766604
7295,160,4071,581,2fkm_G16_X_464,4,gnina,0.43367087,0.19202736,2.2583797,0,7.0294861e-06,3.399908
7296,160,10136,1448,4v3w_E2Z_B_800,0,surfdock,0.53218713,0.18950206,2.8083439,0,0.19068595,3.4885331
7297,160,7482,1068,4ccu_AWF_A_1500,6,smina,0.47065603,0.18830427,2.4994433,0,0,8.6825882
7298,160,10129,1447,4v3w_E2Z_A_800,0,surfdock,0.53218713,0.18786844,2.8327639,0,0.0007964011,3.4884212
7299,160,12016,1716,5g4r_LF1_B_1739,4,gnina,0.49134478,0.18635663,2.6365824,0,0.57918902,5.0168445
7300,161,5723,817,2yi6_6QM_A_1225,4,gnina,0.67316828,0.45277593,1.4867572,0,0.00028484779,5.09556
7301,161,5725,817,2yi6_6QM_A_1225,6,smina,0.35031501,0.44307548,0.7906431,0,0,4.9483493
7302,161,5872,838,2z7s_P01_A_1,6,smina,0.33509244,0.2819903,1.188311,0,0.86744091,4.4045108
7303,161,4990,712,2qgw_EES_A_1,6,smina,0.31018674,0.27628939,1.1226869,0,0,2.389848
7304,161,4997,713,2qgw_EES_B_1,6,smina,0.31018674,0.27469233,1.1292142,0,0,3.1843947
7305,161,2029,289,1oxp_IK2_A_411,6,smina,0.30779001,0.23240363,1.324376,0,6.5273528e-07,3.9309324
7306,161,15478,2211,6hgl_TES_A_401,1,unimol,0.88620715,0.21820069,4.0614305,0,0,19
7307,161,9643,1377,4pgi_Y69_A_303,4,gnina,0.62308316,0.21660078,2.8766422,0,1.5890366e-09,7.2190085
7308,161,6864,980,3wur_O4B_A_201,4,gnina,0.43498659,0.21580577,2.0156384,0,2.5142775e-07,2.689284
7309,161,1322,188,1jyx_IPT_A_2001,6,smina,0.31018674,0.20775966,1.4930066,0,0.98760474,1.6057546
7310,161,6885,983,3wur_O4B_B_202,4,gnina,0.46711372,0.20772472,2.2487142,0,0.66718391,1.5647469
7311,161,9468,1352,4nkw_PLO_A_601,4,gnina,0.69344535,0.20598125,3.366545,0,2.1286123e-07,9.8472804
7312,161,9489,1355,4nkw_PLO_D_601,4,gnina,0.6903949,0.20507515,3.366545,0,1.8629093e-07,6.0445507
7313,161,9645,1377,4pgi_Y69_A_303,6,smina,0.29961507,0.19978909,1.4996558,0,2.9622434e-11,8.0617402
7314,161,137,19,1aua_BOG_A_1,4,gnina,0.45275908,0.19553886,2.3154421,0,1.1729994e-07,4.1077861
7315,161,4255,607,2gyw_OBI_A_952,6,smina,0.35120379,0.19471291,1.8036996,0,0,4.1677058
7316,161,3744,534,2caq_GSH_A_1208,6,smina,0.19471579,0.19194925,1.0144119,0,3.0575157e-05,4.5305029
7317,161,2414,344,1sff_IK2_C_450,6,smina,0.36382633,0.19024723,1.9123861,0,0,5.9607764
7318,161,1315,187,1jyw_147_A_2001,6,smina,0.2632497,0.18479871,1.4245204,0,0,4.1337864
7319,161,14179,2025,5xin_XLS_A_397,4,gnina,0.61968021,0.18296051,3.3869605,0,0.0038330375,3.8248393
7320,161,2370,338,1s3v_TQD_A_187,4,gnina,0.58022254,0.18274312,3.175071,0,0.99643915,4.9979143
7321,161,2363,337,1s3u_TQD_A_187,4,gnina,0.43779872,0.18212507,2.4038346,0,0.98746266,5.1361792
7322,161,1665,237,1m3u_KPL_G_265,6,smina,0.24308515,0.17912625,1.3570595,0,0.62253412,1.0040796
7323,161,3779,539,2cxp_A5P_B_2601,6,smina,0.30708807,0.17872898,1.7181762,0,0.25964518,2.1032852
7324,161,5051,721,2qse_1HP_A_1,4,gnina,0.58642376,0.17824125,3.2900555,0,0.98208981,3.0473085
7325,161,16055,2293,6lx5_C5F_B_502,4,gnina,0.49012747,0.17813617,2.7514193,0,0.10867837,2.9470347
7326,161,14186,2026,5xin_XLS_B_397,4,gnina,0.59945675,0.17698954,3.3869605,0,0.022604521,3.7758627
7327,161,16363,2337,6o04_DNA_B_601,4,gnina,0.42864311,0.17588777,2.4370253,0,0,11.796332
7328,161,16370,2338,6o04_DNA_C_603,4,gnina,0.42863751,0.17561312,2.4408047,0,0,7.2825814
7329,161,7431,1061,4c2z_646_A_1498,4,gnina,0.61856844,0.17553476,3.5239077,0,0.16038667,6.1758002
7330,161,5277,753,2v60_C17_A_1503,6,smina,0.30428749,0.17545612,1.7342645,0,0,3.524999
7331,161,3604,514,2bk3_FOF_A_1503,6,smina,0.35708767,0.17512309,2.0390658,0,4.9209616e-10,2.6917435
7332,161,6507,929,3vc3_C6P_C_501,4,gnina,0.81772393,0.17468802,4.6810522,0,0.94894499,8.1998613
7333,161,14200,2028,5xin_XLS_D_397,4,gnina,0.59115658,0.17461863,3.3854144,0,0.14759603,3.9932391
7334,161,12163,1737,5h8f_GLU_A_302,4,gnina,0.45275908,0.17445954,2.5952086,0,0,2.6400776
7335,161,7594,1084,4clo_XP0_B_1270,6,smina,0.31018674,0.17421256,1.7805064,0,0,2.7529625
7336,161,2412,344,1sff_IK2_C_450,4,gnina,0.68775362,0.17344927,3.9651563,0,0.96626312,6.7195646
7337,161,14193,2027,5xin_XLS_C_397,4,gnina,0.5849191,0.17238174,3.3931606,0,0.11197871,3.8612317
7338,161,825,117,1h48_C5P_E_901,6,smina,0.35395122,0.1721447,2.0561252,0,0,3.5193425
7339,161,13748,1964,5unx_8F1_A_803,0,surfdock,0.53261891,0.1720218,3.0962281,0,0.97968162,3.8866005
7340,161,5284,754,2v60_C17_B_1498,6,smina,0.30536872,0.17200134,1.7753848,0,0,3.7058181
7341,161,4547,649,2nry_STU_D_501,4,gnina,0.94711627,0.17109461,5.5356278,0,0.98483138,7.5633217
7342,161,17338,2476,6uqd_QF4_B_501,6,smina,0.49971709,0.17052597,2.9304447,0,0,17.96453
7343,161,8994,1284,4kux_FPS_B_405,6,smina,0.47943706,0.16992063,2.8215344,0,0,6.1375055
7344,161,10553,1507,4zb2_GLC_A_403,4,gnina,0.43157275,0.16978323,2.5419035,0,0.35648588,1.6518814
7345,161,7305,1043,4bbx_LKF_A_1760,4,gnina,0.63133037,0.16939429,3.7269864,0,6.3422381e-09,4.7393323
7346,161,16706,2386,6qni_GLC_A_402,4,gnina,0.43026114,0.16926724,2.5419035,0,3.0515154e-05,1.727489
7347,161,3742,534,2caq_GSH_A_1208,4,gnina,0.45275908,0.16916844,2.6763794,0,0.00028941252,4.3956822
7348,161,1644,234,1m3u_KPL_B_265,6,smina,0.229547,0.16915017,1.3570595,0,0.88857418,1.0973088
7349,161,4988,712,2qgw_EES_A_1,4,gnina,0.49012753,0.16899843,2.9001889,0,6.0958722e-07,3.2683801
7350,162,15286,2183,6flu_DTK_A_405,5,autodock,0.39133174,0.39364204,0.99412996,0,0.96141655,12.215304
7351,162,15321,2188,6flu_DTK_B_404,5,autodock,0.37824463,0.38047766,0.99412996,0,0.99696166,12.356027
7352,162,15314,2187,6flu_DTK_B_403,5,autodock,0.37672126,0.3781871,0.99612302,0,0.96769158,12.090781
7353,162,4787,683,2prl_R2C_A_400,6,smina,0.33672381,0.31819012,1.0582463,0,0,5.0099016
7354,162,15293,2184,6flu_DTK_A_406,5,autodock,0.31588707,0.31522057,1.0021135,0,0.028850092,14.100388
7355,162,3149,449,1z4k_T3P_A_4341,6,smina,0.25785856,0.24060458,1.07171,0,0,2.5454633
7356,162,16917,2416,6rgr_RM4_A_403,5,autodock,0.36473177,0.23560824,1.5480424,0,0.89676992,12.726665
7357,162,2365,337,1s3u_TQD_A_187,6,smina,0.51315182,0.23319997,2.2004788,0,0,4.8289497
7358,162,4540,648,2nry_STU_C_503,4,gnina,0.94888841,0.23253297,4.0806608,0,0.98965443,5.9292285
7359,162,4533,647,2nry_STU_A_504,4,gnina,0.94776659,0.23225806,4.0806608,0,0.99614686,6.7616787
7360,162,6320,902,3tky_N7I_C_369,6,smina,0.25729276,0.21595217,1.1914331,0,0,2.3385831
7361,162,1642,234,1m3u_KPL_B_265,4,gnina,0.84074548,0.21416133,3.9257567,0,0.93483745,14.314166
7362,162,16910,2415,6rgr_RM4_A_402,5,autodock,0.31593658,0.20680507,1.5277014,0,0.1190003,27.442302
7363,162,14424,2060,5ybp_AKG_B_302,4,gnina,0.49425419,0.20259805,2.4395792,0,0.99382219,2.283016
7364,162,15019,2145,6e2w_DP6_A_403,4,gnina,0.63362792,0.20193728,3.1377451,0,0.96630616,3.3580928
7365,162,2860,408,1w1a_NDG_1_1261,4,gnina,0.4385286,0.19899006,2.2037704,0,0.0012541785,2.3474687
7366,162,2372,338,1s3v_TQD_A_187,6,smina,0.48330575,0.19831631,2.4370439,0,0,4.7870474
7367,162,9169,1309,4lz7_1YW_B_804,6,smina,0.37950772,0.19789231,1.9177477,0,0,3.4048035
7368,162,7746,1106,4d06_NAR_E_301,4,gnina,0.63738146,0.19613921,3.2496371,0,0.98659306,5.868262
7369,162,16951,2421,6rq3_OUC_A_401,4,gnina,0.4378235,0.19338983,2.2639418,0,7.8062697e-06,4.3147429
7370,162,17238,2462,6toj_NQQ_A_201,4,gnina,0.62680516,0.19097157,3.2821901,0,0.45164225,4.8460525
7371,162,9279,1325,4mop_2H5_B_802,4,gnina,0.61660391,0.18945343,3.2546453,0,0.011108163,7.150328
7372,162,17539,2505,6xu3_PLG_B_401,4,gnina,0.82111984,0.18900957,4.3443284,0,0.88567603,5.7518894
7373,162,13060,1865,5mxh_GAL_A_401,5,autodock,0.39658605,0.18666875,2.1245434,0,0.98353369,63.899752
7374,162,13067,1866,5mxh_GAL_A_402,5,autodock,0.39570427,0.18625371,2.1245434,0,0.96685665,29.649805
7375,162,13769,1967,5uo3_8EY_B_804,0,surfdock,0.53296246,0.18621203,2.8621259,0,0.9837912,3.803672
7376,162,9454,1350,4nir_6DH_A_308,4,gnina,0.43852841,0.18570578,2.361414,0,0.0076040251,2.8569076
7377,162,9461,1351,4nir_6DH_B_306,4,gnina,0.43852815,0.18570567,2.361414,0,0.004971992,2.4373744
7378,162,13762,1966,5uo3_8EY_A_803,0,surfdock,0.53296246,0.18548189,2.8733926,0,0.99177634,3.6236615
7379,162,10777,1539,4zvz_4TF_C_503,4,gnina,0.58467519,0.18320976,3.1912875,0,0.0056445703,4.2811702
7380,162,6304,900,3tky_N7I_A_369,4,gnina,0.43852841,0.18259167,2.4016881,0,0,4.0179039
7381,162,9286,1326,4mop_2H5_C_703,4,gnina,0.59825722,0.18255913,3.2770591,0,0.59579586,7.8134848
7382,162,12774,1824,5k2c_ZMA_A_1201,6,smina,0.30709056,0.18247549,1.6829131,0,0,3.8822784
7383,162,10770,1538,4zvz_4TF_B_503,4,gnina,0.58165553,0.18226354,3.1912875,0,0.17897515,6.2337663
7384,162,3014,430,1xin_XYL_B_397,4,gnina,0.58486596,0.18156266,3.2212889,0,0.34689213,3.9566242
7385,162,3028,432,1xin_XYL_D_397,4,gnina,0.58361767,0.1808137,3.2277284,0,0.01459389,3.6483464
7386,162,17730,2532,7c7g_FJR_A_402,6,smina,0.25806081,0.18074819,1.4277357,0,0,2.4712988
7387,162,3021,431,1xin_XYL_C_397,4,gnina,0.58191204,0.18064566,3.2212889,0,0.001710163,5.4207767
7388,162,7088,1012,4a7a_RGZ_B_601,4,gnina,0.58243339,0.17998502,3.2360094,0,0.026439241,4.5650125
7389,162,16167,2309,6n0z_DP6_B_401,4,gnina,0.63279312,0.17992094,3.5170612,0,0.96379025,6.3939571
7390,162,14452,2064,5ybq_AKG_B_302,4,gnina,0.43853244,0.17975734,2.4395792,0,0.0004105101,2.5555243
7391,162,16181,2311,6n0z_DP6_E_401,4,gnina,0.62971654,0.17941473,3.5098364,0,0.90992776,6.3833897
7392,162,1663,237,1m3u_KPL_G_265,4,gnina,0.69974655,0.17824497,3.9257567,0,0.98914215,6.9949774
7393,162,17737,2533,7c7g_FJR_B_402,6,smina,0.25829769,0.17774053,1.453228,0,0,3.004661
7394,162,16247,2321,6ng5_KMD_A_803,0,surfdock,0.53296246,0.17672066,3.015846,0,0.80596235,3.8259386
7395,162,16254,2322,6ng5_KMD_B_803,0,surfdock,0.53296246,0.17672066,3.015846,0,0,3.8154047
7396,162,8749,1249,4itu_1HS_A_302,6,smina,0.22601366,0.17603184,1.2839353,0,1.7810799e-06,1.8328295
7397,162,11827,1689,5fli_QUE_E_301,4,gnina,0.63872705,0.17325259,3.6866801,0,0,32.570257
7398,162,5480,782,2whq_HI6_A_1543,6,smina,0.22594978,0.17286072,1.3071195,0,0,1.3114414
7399,162,517,73,1fsa_F6P_A_338,6,smina,0.31148735,0.17283328,1.8022407,0,1.454127e-05,2.5790842
7400,163,16140,2305,6mry_FLC_B_101,5,autodock,0.45734339,0.33928489,1.3479618,0,0.97468402,14.481968
7401,163,3114,444,1y8j_STS_A_900,6,smina,0.26192161,0.33037581,0.79279798,0,0,3.0142857
7402,163,17562,2508,6xzx_O5H_B_302,6,smina,0.33183519,0.31266238,1.0613202,0,0,5.9084051
7403,163,13243,1891,5o4k_9KE_A_405,6,smina,0.26780674,0.30958407,0.86505234,0,0,3.6482212
7404,163,9560,1365,4ox5_DAL_A_307,5,autodock,0.40097712,0.30412256,1.3184712,0,0.598305,7.2810323
7405,163,636,90,1gck_PLP_A_413,6,smina,0.30078415,0.26311201,1.1431781,0,2.8632988e-11,11.555579
7406,163,16154,2307,6mry_FLC_K_101,5,autodock,0.35842851,0.25549841,1.4028591,0,0.018687582,6.7278049
7407,163,12158,1736,5h5k_C5P_B_203,6,smina,0.28866227,0.25130335,1.1486597,0,0,3.7188353
7408,163,8384,1197,4hez_1MZ_A_307,5,autodock,0.35215746,0.25031836,1.4068373,0,0,1.8190183
7409,163,17472,2496,6wiw_I14_A_601,0,surfdock,0.5337457,0.24615293,2.168349,0,0.97131085,4.1481539
7410,163,8370,1195,4hez_1MZ_A_304,5,autodock,0.35292573,0.24395009,1.4467119,0,0,1.6286275
7411,163,8363,1194,4hez_1MZ_A_302,5,autodock,0.35240978,0.24319571,1.449078,0,0,1.8110461
7412,163,180,25,1bqp_MAN_C_402,5,autodock,0.48288152,0.24172261,1.9976671,0,0.98157457,24.430943
7413,163,3261,465,1zha_R5P_A_1269,6,smina,0.24169664,0.23832045,1.0141656,0,3.3635884e-08,1.8365382
7414,163,8377,1196,4hez_1MZ_A_306,5,autodock,0.3533433,0.23605266,1.4968824,0,0,3.0081695
7415,163,173,24,1bqp_MAN_B_401,5,autodock,0.46194274,0.23124099,1.9976671,0,0.99240612,26.866589
7416,163,16147,2306,6mry_FLC_C_102,5,autodock,0.37945519,0.22786042,1.6652957,0,0.48472971,10.186396
7417,163,3751,535,2ci0_1CM_A_1450,6,smina,0.2303301,0.22671058,1.0159644,0,0.88010179,2.193361
7418,163,3087,441,1y5v_NE8_A_500,0,surfdock,0.5337457,0.22650975,2.3563907,0,0,4.0185554
7419,163,16133,2304,6mry_FLC_A_101,5,autodock,0.36844528,0.22515702,1.6363916,0,0.300024,11.001124
7420,163,3995,570,2f78_BEZ_A_1003,5,autodock,0.46373762,0.22052725,2.1028576,0,0.94525785,5.358346
7421,163,4002,571,2f78_BEZ_B_1002,5,autodock,0.46141504,0.21788392,2.1177094,0,0.98902352,46.289009
7422,163,3988,569,2f78_BEZ_A_1001,5,autodock,0.46202985,0.21686489,2.1304953,0,0.99381177,48.020166
7423,163,2358,336,1s1f_PIM_A_431,6,smina,0.16894102,0.2130944,0.79279798,0,0,0.71466821
7424,163,2307,329,1rf2_BV4_E_105,4,gnina,0.55413018,0.20937287,2.6466179,0,0.42467202,4.5281759
7425,163,14046,2006,5wgw_MB5_A_715,4,gnina,0.45467996,0.20715436,2.1948838,0,2.5172938e-07,2.408134
7426,163,11933,1704,5fzn_FB2_A_1615,5,autodock,0.35763091,0.20519197,1.742908,0,0,3.5181069
7427,163,7753,1107,4d06_NAR_F_301,4,gnina,0.62965058,0.20338009,3.0959294,0,6.360607e-10,4.8000887
7428,163,6801,971,3wqs_KBK_B_503,4,gnina,0.63798554,0.20290162,3.1443088,0,0.91971244,3.5166697
7429,163,13319,1902,5ooa_URI_A_201,5,autodock,0.37658522,0.19675847,1.9139457,0,0,499.78035
7430,163,1537,219,1ldo_SNR_A_150,4,gnina,0.44621486,0.19574024,2.2796266,0,0,2.4836275
7431,163,4838,691,2q1a_2KT_X_295,1,unimol,0.83970794,0.19550922,4.2949777,0,0.98694753,13.15
7432,163,16377,2339,6o1s_7SD_E_803,4,gnina,0.60785729,0.19533325,3.1118977,0,0.31377997,7.8122605
7433,163,8460,1208,4hzf_CMP_A_302,4,gnina,0.57892785,0.19326283,2.9955459,0,0.99770562,3.6320901
7434,163,4666,666,2o7b_HC4_G_701,4,gnina,0.64742456,0.19237908,3.3653574,0,0.99728374,17.271832
7435,163,8509,1215,4i02_CMP_D_302,4,gnina,0.60692425,0.19075988,3.1816127,0,0.99073737,10.520259
7436,163,9265,1323,4mol_2FG_D_802,4,gnina,0.58038348,0.19033846,3.0492172,0,0.23393983,6.8153479
7437,163,12480,1782,5ioq_DUR_D_302,6,smina,0.30078415,0.18963224,1.5861436,0,0,1.8796728
7438,163,5205,743,2tmk_ATM_B_217,4,gnina,0.63754265,0.1881852,3.387846,0,0.43577392,4.6645112
7439,163,7748,1106,4d06_NAR_E_301,6,smina,0.46857938,0.18688546,2.5073068,0,0,2.7524703
7440,163,13312,1901,5oo4_URI_A_201,5,autodock,0.3768884,0.18671369,2.0185356,0,0,448.78004
7441,163,12443,1777,5ijz_AKG_D_502,4,gnina,0.58459528,0.18546256,3.1520922,0,0.55462288,29.454953
7442,163,8526,1218,4i0b_CMP_A_302,0,surfdock,0.5337457,0.18302105,2.9163067,0,0.97462773,3.5402613
7443,163,9141,1305,4luu_BTM_A_704,6,smina,0.23032924,0.18151444,1.2689297,0,0,1.4717148
7444,163,2374,339,1s5s_PG3_A_1,1,unimol,0.94575829,0.18137969,5.2142448,0,0.94968726,21.18
7445,163,11290,1612,5ddu_PMP_D_601,6,smina,0.27645692,0.18075874,1.529424,0,0.95747374,2.8793459
7446,163,5198,742,2tmk_ATM_A_217,4,gnina,0.6325348,0.18072789,3.4999282,0,0.97791068,4.3221298
7447,163,15420,2202,6gck_EUB_C_302,6,smina,0.27111595,0.1796649,1.509008,0,0,2.8365009
7448,163,15021,2145,6e2w_DP6_A_403,6,smina,0.45903211,0.1789774,2.564748,0,0.00075448676,4.2220337
7449,163,7944,1134,4dta_ADN_B_401,6,smina,0.27841005,0.17887308,1.5564661,0,0.0047934545,1.9304569
7450,164,15986,2283,6l8a_BAL_C_504,5,autodock,0.43600116,0.28768376,1.5155561,0,0.77445714,6.5110534
7451,164,14013,2001,5wgk_AGJ_A_816,6,smina,0.3152647,0.27681777,1.138888,0,0,5.2911477
7452,164,15993,2284,6l8a_BAL_D_507,5,autodock,0.37542454,0.24445076,1.535787,0,0.0019598228,4.7351998
7453,164,16000,2285,6l8a_BAL_E_503,5,autodock,0.36505069,0.23557046,1.5496445,0,7.2360643e-08,4.3611121
7454,164,2085,297,1p7l_PPK_D_884,6,smina,0.30849303,0.23058151,1.3378905,0,0.013147268,1.5738157
7455,164,11442,1634,5dzh_5KG_A_900,4,gnina,0.63997826,0.21471489,2.9805946,0,0,5.4543121
7456,164,4724,674,2oxp_THP_A_300,6,smina,0.20330056,0.19810953,1.0262018,0,0,5.2160838
7457,164,6570,938,3vnm_SDD_A_301,4,gnina,0.54325022,0.19124885,2.8405402,0,0,4.8420542
7458,164,4346,620,2iht_TPP_B_600,6,smina,0.27032091,0.19101578,1.4151748,0,0.83959179,6.2234349
7459,164,10588,1512,4zbc_GLC_A_407,4,gnina,0.4284028,0.18812087,2.2772732,0,0.3476107,2.288042
7460,164,15467,2209,6gxk_FFW_B_402,4,gnina,0.6406806,0.18692194,3.4275293,0,0.00058527566,5.4079701
7461,164,6803,971,3wqs_KBK_B_503,6,smina,0.43457715,0.18550511,2.3426685,0,0,3.6798104
7462,164,2078,296,1p7l_PPK_C_684,6,smina,0.24751875,0.1850066,1.3378905,0,0.014396916,1.6133406
7463,164,15460,2208,6gxk_FFW_A_402,4,gnina,0.63909868,0.18441465,3.4655516,0,0.00042606784,5.3489017
7464,164,15861,2265,6krs_CIT_C_301,6,smina,0.30900432,0.18205393,1.697322,0,0.014850249,1.6816791
7465,164,16169,2309,6n0z_DP6_B_401,6,smina,0.45681341,0.17784014,2.5686734,0,0.88943597,3.3568692
7466,164,7375,1053,4bux_F35_A_2166,4,gnina,0.55300168,0.17766777,3.1125596,0,0.92382908,4.3597016
7467,164,7382,1054,4bux_F35_C_2165,4,gnina,0.54788584,0.17677484,3.0993419,0,0.96013428,3.6864084
7468,164,5177,739,2ri1_GLP_B_234,4,gnina,0.47889958,0.17550182,2.7287433,0,0.12293717,2.3048183
7469,164,10002,1428,4uch_OLW_A_800,6,smina,0.30898015,0.17223415,1.7939531,0,0,3.9695658
7470,164,4353,621,2iht_TPP_D_600,6,smina,0.24147352,0.17063147,1.4151748,0,0.88058444,6.240423
7471,164,4162,594,2fzb_TOL_A_900,4,gnina,0.4283278,0.17036552,2.5141685,0,9.7095543e-08,4.129758
7472,164,16183,2311,6n0z_DP6_E_401,6,smina,0.43054352,0.16984899,2.5348597,0,0.24550605,4.2485632
7473,164,7119,1017,4a8p_PAO_F_1340,0,surfdock,0.53407124,0.16912154,3.1579127,0,0,3.2253182
7474,164,4344,620,2iht_TPP_B_600,4,gnina,0.54879382,0.16861753,3.2546656,0,0.83624315,12.284061
7475,164,417,59,1eow_U2G_A_130,4,gnina,0.44316284,0.16759689,2.6442177,0,0.57127266,3.1578841
7476,164,6138,876,3roe_THM_A_265,6,smina,0.30966795,0.16743524,1.849478,0,0,1.8755474
7477,164,6087,869,3qt8_FM0_B_328,4,gnina,0.63706012,0.16664796,3.8227887,0,0.002624238,4.5617171
7478,165,2064,294,1p7l_MET_A_485,6,smina,0.20456707,0.24507429,0.83471352,0,1.8441435e-06,1.1407258
7479,165,2071,295,1p7l_MET_B_385,6,smina,0.20419304,0.24422779,0.83607519,0,1.8172762e-06,1.1685153
7480,165,7893,1127,4dd8_BAT_B_1000,4,gnina,0.61370092,0.22591536,2.7165072,0,3.0038879e-07,10.171913
7481,165,9993,1427,4uc9_ASP_C_1300,4,gnina,0.67705819,0.22164288,3.0547247,0,2.171486e-05,4.2822951
7482,165,2442,348,1sqk_LAR_A_378,6,smina,0.30970015,0.21626597,1.4320327,0,0,3.5396927
7483,165,6348,906,3tye_YTZ_B_902,6,smina,0.17544685,0.20327129,0.86311573,0,0,2.3164056
7484,165,16783,2397,6r0i_JNB_A_901,4,gnina,0.70101818,0.20079769,3.4911656,0,0.98931382,5.5612206
7485,165,12499,1785,5ita_6DC_A_801,4,gnina,0.63502323,0.18929678,3.3546426,0,0.99488663,7.2551825
7486,165,14846,2120,6bxk_MTA_B_401,6,smina,0.25734981,0.18705416,1.3758028,0,6.9483617e-05,4.0385392
7487,165,557,79,1g4s_TPS_A_2001,4,gnina,0.69574672,0.18348488,3.7918468,0,0.99070117,4.5405057
7488,165,4633,661,2o1o_RIS_B_400,6,smina,0.42936432,0.18281616,2.3486116,0,0,2.3139808
7489,165,11099,1585,5c8w_PCG_A_302,4,gnina,0.5859125,0.17875631,3.2777154,0,0.99748107,3.5445683
7490,165,2624,374,1tsd_UMP_B_265,6,smina,0.30353369,0.1779118,1.7060899,0,0,2.708193
7491,165,8462,1208,4hzf_CMP_A_302,6,smina,0.48407463,0.17775904,2.7232058,0,0,3.1332111
7492,165,2617,373,1tsd_UMP_A_267,6,smina,0.30112476,0.17687229,1.7024972,0,0,3.1843451
7493,165,16785,2397,6r0i_JNB_A_901,6,smina,0.37122583,0.1760043,2.1091852,0,0.98906135,3.4722901
7494,165,7886,1126,4dd8_BAT_A_1000,4,gnina,0.48965328,0.17526842,2.7937326,0,0.80441982,9.8537383
7495,165,2111,301,1pke_2FD_B_447,4,gnina,0.44837016,0.174743,2.5658824,0,0.031569023,3.5000441
7496,165,11074,1582,5c4i_TPP_C_402,0,surfdock,0.53397167,0.17037989,3.1340055,0,0.10518923,4.8035628
7497,165,12466,1780,5ioq_DUR_B_303,6,smina,0.24466648,0.16785087,1.4576411,0,0,2.3981207
7498,165,6311,901,3tky_N7I_B_369,4,gnina,0.42767325,0.16745549,2.5539508,0,0,3.6360056
7499,165,13895,1985,5vv5_9OJ_B_803,0,surfdock,0.53397167,0.16706818,3.1961293,0,0,3.5149971
7500,165,7312,1044,4bbx_LKF_B_1760,4,gnina,0.59348816,0.16661208,3.5620947,0,0.31252281,5.0552121
7501,165,6327,903,3tky_N7I_D_369,6,smina,0.24212954,0.16626485,1.4562873,0,0,1.356352
7502,165,13745,1963,5unt_8J1_B_803,4,gnina,0.62482562,0.16562445,3.7725437,0,6.0379245e-06,4.7521292
7503,165,559,79,1g4s_TPS_A_2001,6,smina,0.36693636,0.16544132,2.2179236,0,0.0011261879,4.7250988
7504,165,3485,497,2ajv_COC_L_501,6,smina,0.39472119,0.16473045,2.3961632,0,0,2.6697025
7505,165,2731,390,1uk7_BUA_A_1300,1,unimol,1.0252827,0.16338383,6.2753,0,0.97235082,16.91
7506,165,2622,374,1tsd_UMP_B_265,4,gnina,0.63248582,0.16299532,3.8803916,0,0.98862058,3.8353716
7507,165,2615,373,1tsd_UMP_A_267,4,gnina,0.62627058,0.16157764,3.875972,0,0.97223778,3.7072868
7508,165,8292,1184,4gt9_UMP_A_302,4,gnina,0.44248881,0.16045281,2.7577496,0,0,3.0829383
7509,165,2652,378,1tvw_UMP_A_317,6,smina,0.21115011,0.15910096,1.3271445,0,0,3.9594605
7510,165,16468,2352,6ooi_PGA_E_301,4,gnina,0.60255094,0.15888517,3.7923665,0,0.97022802,5.2548332
7511,165,7384,1054,4bux_F35_C_2165,6,smina,0.47082162,0.15780533,2.9835587,0,0,3.7816529
7512,165,7151,1021,4adl_LMR_D_1468,4,gnina,0.43838273,0.15763785,2.7809474,0,0,6.6651585
7513,165,9237,1319,4mig_G3F_D_802,4,gnina,0.57791129,0.15719658,3.6763594,0,0.52596377,8.2696657
7514,165,2083,297,1p7l_PPK_D_884,4,gnina,0.42970513,0.15653187,2.7451596,0,0.0035126094,5.3895675
7515,165,12625,1803,5j61_A3G_D_501,4,gnina,0.63259229,0.15648362,4.0425453,0,0.8917282,6.4602092
7516,165,11638,1662,5ew8_5SF_A_803,4,gnina,0.64018465,0.15626851,4.0966954,0,0.98977639,7.9430046
7517,165,5422,774,2w7k_PLP_A_501,4,gnina,0.54537581,0.15556685,3.5057318,0,6.7505466e-06,5.0944517
7518,165,12611,1801,5j61_A3G_A_501,4,gnina,0.63995687,0.15466894,4.1375904,0,0.30661128,5.3674406
7519,165,15196,2170,6f77_PLP_D_600,6,smina,0.30970015,0.15409739,2.009768,0,0,2.8606292
7520,165,286,40,1d7a_AIR_D_450,6,smina,0.29432593,0.15371756,1.914718,0,1.6476325e-06,2.9717015
7521,165,8511,1215,4i02_CMP_D_302,6,smina,0.47568999,0.15271316,3.1149237,0,0,2.383854
7522,165,7377,1053,4bux_F35_A_2166,6,smina,0.45102941,0.15271298,2.9534442,0,0,3.5803534
7523,165,13766,1966,5uo3_8EY_A_803,4,gnina,0.64123543,0.15247422,4.2055326,0,5.8257169e-06,4.9549634
7524,165,15189,2169,6f77_PLP_C_600,6,smina,0.30970015,0.15230237,2.0334549,0,1.5280249e-05,2.6211234
7525,165,656,93,1gim_HDA_A_438,5,autodock,0.3886242,0.15225059,2.5525291,0,0.93288062,7.6513641
7526,165,11787,1683,5fiu_Y3J_B_1299,6,smina,0.30970015,0.15215439,2.0354326,0,0.98611511,3.3743306
7527,165,14153,2021,5x86_TMP_A_205,6,smina,0.30970015,0.15200563,2.0374246,0,0,5.2418938
7528,166,1119,159,1itw_ICT_C_743,6,smina,0.2470581,0.31125737,0.79374117,0,2.1848661e-06,1.6626341
7529,166,1126,160,1itw_ICT_D_743,6,smina,0.24167899,0.30448046,0.79374117,0,1.9571152e-06,1.5816677
7530,166,1112,158,1itw_ICT_B_744,6,smina,0.21259661,0.26784089,0.79374117,0,2.4540418e-06,2.2218847
7531,166,10084,1440,4ur9_OAN_B_1718,4,gnina,0.59658387,0.22428523,2.6599329,0,0.038606106,6.1818399
7532,166,4626,660,2o1o_RIS_A_400,6,smina,0.31141373,0.19262755,1.6166615,0,0,2.5705647
7533,166,16587,2369,6pvi_OZ7_A_501,4,gnina,0.42226189,0.18658186,2.2631445,0,0,4.0707065
7534,166,837,119,1h48_CDI_A_201,4,gnina,0.46821021,0.18239634,2.5669925,0,0.99373842,5.9344193
7535,166,15124,2160,6f3s_PLP_A_901,4,gnina,0.42432358,0.17944409,2.3646553,0,0.022631377,3.630435
7536,166,11785,1683,5fiu_Y3J_B_1299,4,gnina,0.82156268,0.17867365,4.5981178,0,0.99027605,4.2962782
7537,166,16086,2298,6m9b_BTN_B_201,0,surfdock,0.53424143,0.17828709,2.9965224,0,0,3.3693171
7538,166,16100,2300,6m9b_BTN_D_201,0,surfdock,0.53424143,0.17828709,2.9965224,0,0.99366944,6.2409042
7539,166,17672,2524,6zug_QPW_H_1001,4,gnina,0.64431481,0.17822886,3.615097,0,0.99362453,8.9147323
7540,166,1320,188,1jyx_IPT_A_2001,4,gnina,0.8215789,0.17717442,4.6371183,0,0.64785474,26.090567
7541,166,7095,1013,4a8p_PAO_B_1340,4,gnina,0.64278478,0.17560932,3.6603103,0,0.69495888,6.6492991
7542,166,15007,2143,6dl7_ONC_G_301,6,smina,0.53661479,0.1741945,3.0805485,0,0,5.0619105
7543,166,802,114,1h48_C5P_A_203,4,gnina,0.68313073,0.17251893,3.9597428,0,0.9627664,4.0630918
7544,166,7116,1016,4a8p_PAO_E_1338,4,gnina,0.63058189,0.17227548,3.6603103,0,0.89500987,6.6766957
7545,166,14993,2141,6dl7_ONC_D_301,6,smina,0.53155677,0.17066833,3.1145592,0,0,5.2200727
7546,166,16118,2302,6md2_GW9_B_501,4,gnina,0.42226189,0.17041458,2.4778497,0,0,2.6788485
7547,166,12487,1783,5irw_D9P_A_202,6,smina,0.34486656,0.16808508,2.0517371,0,0.93168131,4.2286458
7548,166,14837,2119,6bvl_EBY_B_2001,4,gnina,0.47502952,0.1679171,2.8289516,0,0,8.8132559
7549,166,2954,422,1x29_PMG_B_1413,0,surfdock,0.53424143,0.16732361,3.1928625,0,0,4.4424267
7550,166,16209,2315,6nba_P1T_A_501,4,gnina,0.48834709,0.1657288,2.9466631,0,0.98245257,7.5396858
7551,166,16216,2316,6nba_P1T_B_501,4,gnina,0.48834709,0.1657288,2.9466631,0,0,7.8426147
7552,166,16223,2317,6nba_P1T_D_501,4,gnina,0.48834709,0.1657288,2.9466631,0,0.97476192,13.201151
7553,166,9349,1335,4n4j_HG1_A_606,4,gnina,0.50579318,0.16515332,3.0625665,0,6.1360333e-09,5.0660855
7554,166,2160,308,1pr0_NOS_B_1246,4,gnina,0.4229096,0.16503947,2.5624745,0,0.022340558,2.7327091
7555,166,886,126,1h5r_G1P_A_1294,4,gnina,0.53056199,0.16347277,3.2455671,0,0.3542036,3.6449329
7556,166,1446,206,1knu_YPA_A_1001,4,gnina,0.63988593,0.16337243,3.9167304,0,2.0392343e-09,7.7216038
7557,166,4764,680,2prg_BRL_A_1,4,gnina,0.6205013,0.16313398,3.8036292,0,0.033131172,5.4600369
7558,166,14760,2108,6b9p_D0J_A_1001,4,gnina,0.56473746,0.16192359,3.4876778,0,2.260473e-08,13.173976
7559,166,14172,2024,5xdt_ZI7_A_403,4,gnina,0.53170358,0.15949434,3.3336821,0,0.959208,5.2516496
7560,166,7109,1015,4a8p_PAO_D_1340,4,gnina,0.58785403,0.15888022,3.6999815,0,0.1008177,8.6417413
7561,166,7501,1071,4cjs_L0Y_B_1217,4,gnina,0.69172519,0.15592672,4.4362187,0,0.00065909587,10.435569
7562,166,10738,1534,4zvv_GN0_A_405,0,surfdock,0.53424143,0.15494976,3.4478354,0,0.40960682,4.2341449
7563,166,8663,1237,4i9n_1E5_C_402,4,gnina,0.5793432,0.15454025,3.7488165,0,0.93864857,10.060153
7564,166,3574,510,2bf7_HBI_C_1290,4,gnina,0.42226189,0.15426399,2.737267,0,0.011155367,3.0705113
7565,166,12025,1717,5g4r_LF1_C_1739,6,smina,0.46861093,0.15387486,3.0454018,0,0,4.2995657
7566,166,823,117,1h48_C5P_E_901,4,gnina,0.60944937,0.15374137,3.9641199,0,0.95012735,4.4517401
7567,166,3581,511,2bf7_HBI_D_1290,4,gnina,0.42226189,0.15356314,2.7497597,0,0.0015194765,2.9985872
7568,166,10113,1444,4uzi_IMD_B_1456,5,autodock,0.39574868,0.15335327,2.5806332,0,0,2.2403634
7569,166,9419,1345,4ndn_PPK_C_404,4,gnina,0.42311355,0.15264502,2.7718782,0,0.00051717749,14.325642
7570,166,15173,2167,6f76_CVK_C_203,4,gnina,0.64049265,0.15257797,4.1978045,0,0,7.0498338
7571,166,16261,2323,6nga_KL7_A_803,0,surfdock,0.53424143,0.15207013,3.5131245,0,0,3.5969197
7572,166,14431,2061,5ybq_8T0_A_303,4,gnina,0.62272647,0.15185777,4.1007209,0,0.98904324,5.3887753
7573,166,16275,2325,6ngu_KMJ_A_803,0,surfdock,0.53424143,0.15061046,3.5471725,0,0.50490236,3.6459669
7574,166,16282,2326,6ngu_KMJ_B_803,0,surfdock,0.53424143,0.15061046,3.5471725,0,0.73171411,3.5740327
7575,166,8586,1226,4i4v_NGA_D_202,4,gnina,0.42230863,0.15018673,2.8118894,0,0.81738689,2.3198687
7576,166,16979,2425,6s4h_KUQ_A_901,4,gnina,0.59520221,0.15000361,3.9679182,0,0.55387147,4.6733957
7577,166,888,126,1h5r_G1P_A_1294,6,smina,0.25864928,0.14989773,1.725504,0,0.345579,1.7635483
7578,167,3939,562,2euq_BVC_A_401,5,autodock,0.37976895,0.28789916,1.3191031,0,0,7.420649
7579,167,15999,2285,6l8a_BAL_E_503,4,gnina,0.41755384,0.23376172,1.786236,0,0.53487891,8.0506256
7580,167,16104,2300,6m9b_BTN_D_201,4,gnina,0.64735105,0.22434596,2.8855026,0,0.99107935,3.3436855
7581,167,3091,441,1y5v_NE8_A_500,4,gnina,0.4900452,0.21672005,2.261189,0,0.99138177,3.7686461
7582,167,3093,441,1y5v_NE8_A_500,6,smina,0.31051009,0.21123083,1.4700027,0,2.4828784e-07,3.5821703
7583,167,12682,1811,5jep_EVF_B_302,5,autodock,0.49445208,0.19541224,2.5303016,0,0.9987308,5.1717751
7584,167,3806,543,2d20_NPO_B_953,5,autodock,0.37548068,0.18220124,2.060801,0,0,6.6820069
7585,167,20,2,1a49_OXL_D_2333,6,smina,0.30684596,0.18116996,1.6936902,0,2.9561683e-05,0.70891272
7586,167,13,1,1a49_OXL_A_533,6,smina,0.30532823,0.17826352,1.7127905,0,4.3796092e-05,0.74133918
7587,167,6775,967,3wjz_NUP_A_301,6,smina,0.31051009,0.17811951,1.7432673,0,0.78685662,3.3385701
7588,167,7258,1036,4aw0_MJF_A_600,6,smina,0.21341504,0.1777095,1.2009199,0,0,8.7946503
7589,167,27,3,1a49_OXL_F_4133,6,smina,0.28764418,0.1750287,1.6434106,0,2.3377895e-05,0.71893951
7590,167,1903,271,1o28_UFP_B_708,6,smina,0.31051009,0.17444781,1.7799588,0,0.00044210494,3.2321504
7591,167,3588,512,2bgc_DTT_F_1238,4,gnina,0.47727787,0.17299978,2.7588341,0,0.84692595,5.2638659
7592,167,8546,1220,4i2p_G73_A_601,6,smina,0.30468389,0.17281675,1.7630451,0,0.99240886,8.8807466
7593,167,12689,1812,5jep_EVF_B_303,5,autodock,0.41923502,0.17211087,2.4358418,0,0.51514023,4.0989106
7594,167,11414,1630,5dw3_TRP_C_402,4,gnina,0.50871804,0.17205059,2.9567924,0,0.030468958,5.908895
7595,167,1910,272,1o28_UFP_C_713,6,smina,0.31051009,0.17150983,1.8104497,0,0.00024364902,3.5563559
7596,167,10375,1482,4xv4_25T_A_303,1,unimol,0.95098418,0.17062265,5.5736094,0,0.99754875,23.1
7597,167,1924,274,1o29_UFP_A_803,6,smina,0.31048978,0.17053428,1.8206874,0,5.1065944e-06,3.4109066
7598,167,12703,1814,5jg5_EVF_B_302,5,autodock,0.37247719,0.17033297,2.1867583,0,0.00011921058,4.1368357
7599,167,16090,2298,6m9b_BTN_B_201,4,gnina,0.4900452,0.16983005,2.8855026,0,0.99271549,3.5148817
7600,167,10368,1481,4xv4_25T_A_302,1,unimol,0.908344,0.16721518,5.4321852,0,0.99723952,11.68
7601,167,1931,275,1o29_UFP_C_813,6,smina,0.31047723,0.16674282,1.8620117,0,0.38081426,3.9593365
7602,167,8544,1220,4i2p_G73_A_601,4,gnina,0.64359041,0.16395172,3.9254866,0,0.99336257,10.332049
7603,167,2918,416,1w78_PD8_A_1421,6,smina,0.30756776,0.16359904,1.8800086,0,0,5.9703681
7604,167,47,6,1ac4_TMT_A_296,5,autodock,0.41890573,0.1628443,2.5724301,0,0,3.0833897
7605,167,804,114,1h48_C5P_A_203,6,smina,0.47920847,0.16275482,2.9443572,0,0,3.1124765
7606,167,4976,710,2qd4_CHD_B_928,6,smina,0.50913761,0.16001725,3.181766,0,0,4.4831818
7607,167,1677,239,1m3u_KPL_J_265,4,gnina,0.66189884,0.1592604,4.1560783,0,0.99108144,7.0481988
7608,167,1656,236,1m3u_KPL_F_265,4,gnina,0.65952044,0.15868813,4.1560783,0,0.99172852,15.778527
7609,167,12668,1809,5jdv_EVF_B_302,5,autodock,0.39583573,0.15797152,2.5057402,0,0.00012677624,4.8497003
7610,167,15245,2177,6fld_DQ5_A_604,6,smina,0.31051009,0.15775325,1.9683267,0,0,8.5732414
7611,167,15789,2255,6jyg_FLC_C_401,4,gnina,0.5891677,0.15709949,3.750283,0,0.026896269,5.3898483
7612,167,16268,2324,6ngp_KKY_A_803,0,surfdock,0.53396149,0.15517254,3.4410813,0,0.86967087,3.7978618
7613,167,5800,828,2z48_A2G_B_2005,4,gnina,0.42515476,0.15441804,2.7532704,0,0.88704387,2.7595972
7614,167,5807,829,2z48_NGA_A_1002,4,gnina,0.42515519,0.15307816,2.7773724,0,5.4928245e-05,2.6025467
7615,167,14433,2061,5ybq_8T0_A_303,6,smina,0.46786253,0.1529821,3.0582819,0,0,3.3864522
7616,167,5842,834,2z48_NGA_B_2004,4,gnina,0.42515541,0.15274548,2.7834229,0,0.1194217,2.6482996
7617,167,5821,831,2z48_NGA_A_1004,4,gnina,0.42515534,0.15274545,2.7834229,0,0.14613653,2.4726046
7618,167,12627,1803,5j61_A3G_D_501,6,smina,0.41820171,0.15234166,2.7451556,0,0.98591974,4.6517554
7619,167,4687,669,2o7d_DHC_G_701,4,gnina,0.61719466,0.15107499,4.0853519,0,0.99698834,59.704802
7620,167,12675,1810,5je7_EVF_B_302,5,autodock,0.39586676,0.15079443,2.6252072,0,0.0001914125,6.7428044
7621,167,4680,668,2o7d_DHC_B_701,4,gnina,0.62237587,0.15013334,4.1454864,0,0.99491203,17.084986
7622,167,4673,667,2o7d_DHC_A_701,4,gnina,0.61938654,0.14941224,4.1454864,0,6.8856486e-05,16.22686
7623,167,17518,2502,6xim_XLS_C_397,4,gnina,0.50429841,0.14924859,3.3789148,0,0,3.8522381
7624,167,12268,1752,5hss_64Z_D_403,4,gnina,0.51751604,0.14850565,3.484823,0,0.19179703,7.7889055
7625,167,1037,148,1ia1_TQ3_A_194,1,unimol,1.0384416,0.14791637,7.0204635,0,0,20.61
7626,167,13860,1980,5vut_9OG_B_803,0,surfdock,0.53396149,0.14730143,3.6249571,0,0,3.2789326
7627,167,6299,899,3te7_TE7_B_1,6,smina,0.31051009,0.14636484,2.121479,0,0,5.3282364
7628,168,4325,617,2i1v_F6P_B_720,6,smina,0.21702001,0.2726468,0.7959739,0,1.1663864e-07,1.7660731
7629,168,14874,2124,6c1i_KNA_A_502,6,smina,0.21700564,0.27262874,0.7959739,0,1.6652359e-07,1.6417772
7630,168,16092,2298,6m9b_BTN_B_201,6,smina,0.58770778,0.25028273,2.3481746,0,0,2.5581577
7631,168,4857,693,2q28_TPP_B_5001,6,smina,0.30837283,0.23945489,1.2878108,0,0.93246613,8.488011
7632,168,4850,692,2q28_TPP_A_4001,6,smina,0.29004819,0.22522561,1.2878108,0,0.80282524,7.8635208
7633,168,12018,1716,5g4r_LF1_B_1739,6,smina,0.38189108,0.22300708,1.7124608,0,0,4.5539514
7634,168,9372,1338,4n5p_2H0_E_412,6,smina,0.26731837,0.20469276,1.3059484,0,0,7.4933828
7635,168,16106,2300,6m9b_BTN_D_201,6,smina,0.46496416,0.19801082,2.3481746,0,0,2.397752
7636,168,10303,1471,4x3j_3WR_A_1201,6,smina,0.46082556,0.19402393,2.3750956,0,0,5.3585123
7637,168,7538,1076,4cjw_CBJ_B_1218,6,smina,0.35500814,0.18800574,1.8882825,0,0,3.7720187
7638,168,8665,1237,4i9n_1E5_C_402,6,smina,0.44818123,0.18788202,2.3854387,0,0,3.4182491
7639,168,5354,764,2vmw_PLP_A_501,6,smina,0.30837283,0.18709676,1.6481987,0,1.8867364e-06,6.2609713
7640,168,13537,1933,5tix_OQR_A_302,6,smina,0.30837283,0.18693205,1.6496511,0,0,2.5901011
7641,168,7468,1066,4can_M7K_B_800,6,smina,0.30837283,0.18520778,1.6650091,0,0,4.1645538
7642,168,13535,1933,5tix_OQR_A_302,4,gnina,0.4934245,0.18427176,2.6776991,0,0.060977967,4.6633628
7643,168,7461,1065,4can_M7K_A_800,6,smina,0.30837283,0.18348848,1.6806104,0,0,3.6434503
7644,168,6773,967,3wjz_NUP_A_301,4,gnina,0.76242816,0.18247086,4.1783547,0,0.22804329,3.6109306
7645,168,13544,1934,5tix_OQR_B_302,6,smina,0.30837283,0.18193784,1.6949341,0,0,2.6827052
7646,168,12011,1715,5g4r_LF1_A_1739,6,smina,0.30842132,0.18010406,1.7124608,0,0,4.5517153
7647,168,7517,1073,4cjw_CBJ_A_1215,6,smina,0.30786864,0.17920752,1.7179439,0,0,6.604188
7648,168,2237,319,1q3a_NGH_B_479,4,gnina,0.63671832,0.17914282,3.5542488,0,0.92756993,4.5037333
7649,168,13542,1934,5tix_OQR_B_302,4,gnina,0.4934245,0.17899541,2.7566311,0,0.065940444,3.8655086
7650,168,7531,1075,4cjw_CBJ_B_1217,6,smina,0.30068845,0.175028,1.7179439,0,0,3.2828347
7651,168,4066,580,2fib_GLY_B_2,6,smina,0.30837283,0.17457785,1.7663906,0,0,10.0062
7652,168,17639,2519,6zi7_QR8_D_502,6,smina,0.30837248,0.16975655,1.8165562,0,7.9558799e-07,1.2987776
7653,168,5688,812,2y00_Y00_B_601,4,gnina,0.70697567,0.16805675,4.2067666,0,0.98743094,4.451045
7654,168,9272,1324,4mop_2H5_A_802,4,gnina,0.41630839,0.16784955,2.4802463,0,2.4594775e-06,7.3053959
7655,168,16673,2381,6qdb_HWQ_A_1003,6,smina,0.24551132,0.16764042,1.4645106,0,0,3.422138
7656,169,17163,2451,6t9c_MX8_A_501,6,smina,0.41074394,0.28870131,1.4227288,0,0,8.2190449
7657,169,16777,2396,6qrn_RIP_A_500,5,autodock,0.39199783,0.25094049,1.5621138,0,0.051348744,10.358462
7658,169,13158,1879,5nov_93B_A_201,5,autodock,0.36116997,0.24968758,1.4464866,0,0,2.7733466
7659,169,17779,2539,7kje_NRD_A_405,6,smina,0.21697091,0.24081887,0.9009704,0,0.045513768,2.4326217
7660,169,15937,2276,6l68_ALL_A_201,5,autodock,0.46531771,0.22257699,2.0905912,0,0.92068561,12.190795
7661,169,15453,2207,6gqk_F88_A_1001,4,gnina,0.6466269,0.22140116,2.9206111,0,0.99012321,8.0320705
7662,169,15110,2158,6f2v_AMP_B_1001,4,gnina,0.49390133,0.21436034,2.3040695,0,0.90041331,6.7190371
7663,169,7118,1016,4a8p_PAO_E_1338,6,smina,0.41852886,0.20798628,2.0122898,0,0,2.6235469
7664,169,15112,2158,6f2v_AMP_B_1001,6,smina,0.30634016,0.20773416,1.474673,0,0,4.4239541
7665,169,8091,1155,4ejh_0QA_D_502,6,smina,0.30634016,0.20715807,1.478774,0,0,2.4072225
7666,169,5991,855,2zuw_NDG_D_4004,6,smina,0.32145273,0.20053244,1.6029952,0,5.9823439e-06,1.6019189
7667,169,5970,852,2zut_A2G_D_4004,6,smina,0.30431101,0.192742,1.5788506,0,5.1335633e-05,1.7978859
7668,169,14634,2090,6a2m_UMP_A_703,4,gnina,0.65015188,0.18952994,3.4303377,0,0.99129983,4.5884637
7669,169,14655,2093,6a2n_UMP_B_703,4,gnina,0.64256159,0.18866856,3.4057684,0,0.98224664,4.7746679
7670,169,16211,2315,6nba_P1T_A_501,6,smina,0.58061395,0.18800475,3.0882931,0,0,6.5359062
7671,169,16225,2317,6nba_P1T_D_501,6,smina,0.57670389,0.18673866,3.0882931,0,0,3.7299327
7672,169,7676,1096,4cmk_FQW_D_1270,4,gnina,0.64993139,0.18135329,3.5837851,0,0.004571419,4.5179852
7673,169,7417,1059,4bz6_SHH_D_700,4,gnina,0.64928496,0.17976725,3.6118081,0,3.2331249e-09,7.0976593
7674,169,7655,1093,4cmk_FQW_A_1270,4,gnina,0.6327258,0.17790465,3.5565436,0,0.003509029,4.4398871
7675,169,17415,2487,6vmz_R3P_A_404,6,smina,0.30634016,0.17748299,1.7260245,0,0,2.3433546
7676,169,17429,2489,6vmz_R3P_E_403,6,smina,0.30634012,0.17748297,1.7260245,0,0,2.3616933
7677,169,7403,1057,4bz6_SHH_A_700,4,gnina,0.6340527,0.1755499,3.6118081,0,1.3235952e-05,6.3955821
7678,169,10071,1438,4ur9_BK9_A_1717,5,autodock,0.36058639,0.17553344,2.0542309,0,5.7195987e-06,4.1409306
7679,169,10078,1439,4ur9_BK9_B_1717,5,autodock,0.36009626,0.17529484,2.0542309,0,2.369465e-06,3.8299064
7680,169,7669,1095,4cmk_FQW_C_1270,4,gnina,0.63312758,0.17505715,3.6166899,0,0.00060229797,4.4933492
7681,169,5317,759,2vjb_CCD_B_1539,4,gnina,0.42774099,0.17351014,2.4652209,0,0.19389386,3.0363065
7682,169,7678,1096,4cmk_FQW_D_1270,6,smina,0.30616743,0.17118263,1.7885417,0,0.20907125,3.6170914
7683,169,7410,1058,4bz6_SHH_C_700,4,gnina,0.62313992,0.17066082,3.6513345,0,0.063757479,6.468829
7684,169,9568,1366,4oxy_1TN_A_302,6,smina,0.31764,0.16933839,1.8757699,0,0,2.6320099
7685,169,7657,1093,4cmk_FQW_A_1270,6,smina,0.29948159,0.16932221,1.7687073,0,0.070685963,3.7344299
7686,169,7125,1017,4a8p_PAO_F_1340,6,smina,0.30634016,0.16861599,1.8167909,0,0,2.9590137
7687,169,4557,651,2ntk_IMP_B_206,0,surfdock,0.38894807,0.16840936,2.3095386,0,0.98439979,3.7809618
7688,169,4564,652,2ntk_IMP_C_207,0,surfdock,0.38862577,0.16826981,2.3095386,0,0,3.6942313
7689,169,4550,650,2ntk_IMP_A_205,0,surfdock,0.38894807,0.16561111,2.3485618,0,0,3.6712351
7690,169,7671,1095,4cmk_FQW_C_1270,6,smina,0.29963772,0.1653145,1.8125304,0,0.37809199,4.1132385
7691,169,7097,1013,4a8p_PAO_B_1340,6,smina,0.33024734,0.16411512,2.0122898,0,0,2.9810897
7692,169,16498,2356,6p9t_O5D_A_307,6,smina,0.21697037,0.16228739,1.3369505,0,2.0627904e-09,7.8995774
7693,169,16687,2383,6qdc_HXE_A_1004,6,smina,0.30609478,0.16220953,1.8870323,0,0,4.0059871
7694,169,2637,376,1tuu_PIS_B_2854,5,autodock,0.35544479,0.15901683,2.2352643,0,0,5.8231212
7695,169,15559,2222,6hmw_FUL_I_201,5,autodock,0.51669969,0.15817302,3.2666731,0,0.66644587,11.931232
7696,169,13381,1911,5t63_ALA_C_1,4,gnina,0.43394655,0.15544574,2.7916262,0,0,5.0681908
7697,169,13773,1967,5uo3_8EY_B_804,4,gnina,0.6464232,0.15536881,4.1605716,0,1.8925637e-06,6.4837442
7698,169,15427,2203,6gck_EUB_D_302,6,smina,0.24629956,0.15445505,1.5946349,0,0,2.8182706
7699,169,17476,2496,6wiw_I14_A_601,4,gnina,0.64000509,0.15432926,4.1470098,0,0.12974085,5.1618245
7700,169,13411,1915,5tbo_78Z_A_1001,6,smina,0.46135923,0.15312617,3.0129342,0,0,5.8918649
7701,169,2097,299,1pi3_TZD_A_530,4,gnina,0.59322194,0.15308992,3.8749893,0,0.00037630647,6.2163789
7702,169,15455,2207,6gqk_F88_A_1001,6,smina,0.30488334,0.15305198,1.9920238,0,0,16.029498
7703,169,15545,2220,6hmw_FUL_G_202,5,autodock,0.49136549,0.1526122,3.2196989,0,0.99606139,8.4717249
7704,169,7419,1059,4bz6_SHH_D_700,6,smina,0.30591623,0.15247062,2.0063937,0,0.46611149,4.7670242
7705,169,10386,1483,4xz9_G3P_B_302,5,autodock,0.3608711,0.1523628,2.3684978,0,0.12698805,6.261266
7706,170,10379,1482,4xv4_25T_A_303,5,autodock,0.467498,0.27389556,1.7068467,0,0.7249455,3.2444815
7707,170,10372,1481,4xv4_25T_A_302,5,autodock,0.38623598,0.22888314,1.6874802,0,0.41737998,4.443726
7708,170,12998,1856,5m5a_KSA_A_404,6,smina,0.47465502,0.22840278,2.0781481,0,0.99607813,4.6821117
7709,170,11694,1670,5f79_4V7_A_4000,4,gnina,0.63203889,0.21242064,2.9754109,0,0.00021057915,6.5118084
7710,170,5,0,19gs_BSP_B_210,5,autodock,0.34782569,0.21140223,1.6453255,0,3.1679323e-06,2.3793045
7711,170,12821,1831,5kf2_COA_A_401,4,gnina,0.68518475,0.21131299,3.2425103,0,0.46316492,6.1122801
7712,170,6970,995,3zjq_NCA_B_300,5,autodock,0.35119683,0.19477431,1.8030953,0,0,3.6158013
7713,170,17623,2517,6zi7_QR8_B_502,4,gnina,0.61648733,0.19124606,3.2235286,0,0.99513931,8.3486256
7714,170,2239,319,1q3a_NGH_B_479,6,smina,0.43199282,0.18502631,2.3347633,0,0,4.3100371
7715,170,16043,2291,6lx5_C5F_A_503,6,smina,0.23100436,0.18173828,1.2710816,0,0,2.5083076
7716,170,4589,655,2nu7_COA_B_1325,4,gnina,0.44274011,0.17295639,2.5598357,0,2.279036e-08,6.5098415
7717,170,6661,951,3w7f_FPS_A_302,4,gnina,0.63453309,0.17053781,3.7207756,0,0,6.6969536
7718,170,17680,2525,7a2h_QX2_A_401,5,autodock,0.34831582,0.17042254,2.0438356,0,0.010116723,3.0793341
7719,170,14671,2095,6abm_9VR_A_505,6,smina,0.29939417,0.16941795,1.7671918,0,1.3863942e-09,12.984722
7720,170,16057,2293,6lx5_C5F_B_502,6,smina,0.22623024,0.1691826,1.3371947,0,0,2.9553847
7721,170,14657,2093,6a2n_UMP_B_703,6,smina,0.45783484,0.16727176,2.737071,0,0,2.8174872
7722,170,13343,1906,5r9o_54F_A_401,1,unimol,0.85439835,0.16642224,5.1339183,0,0.98521549,21.41
7723,170,7062,1008,4a01_2PN_B_1773,6,smina,0.19847931,0.1661943,1.1942596,0,0,1.1939853
7724,170,13131,1875,5nj0_8YW_A_301,6,smina,0.45626056,0.16611108,2.7467186,0,0,3.1913076
7725,170,10238,1462,4wxb_CIT_A_501,4,gnina,0.56960298,0.16596632,3.4320385,0,0.76652937,4.4983541
7726,170,16517,2359,6pmv_M16_B_803,4,gnina,0.57806939,0.16570869,3.4884665,0,2.5545968e-06,3.6229899
7727,170,17212,2458,6to7_SUV_A_401,6,smina,0.29939417,0.16494479,1.8151165,0,0,5.8527945
7728,170,17219,2459,6to7_SUV_B_401,6,smina,0.29939417,0.16494479,1.8151165,0,0,7.5228022
7729,170,7055,1007,4a01_2PN_A_1773,6,smina,0.19407129,0.16436395,1.1807402,0,0,0.96960832
7730,170,15901,2271,6kxh_DY9_B_402,4,gnina,0.44233156,0.16436179,2.6912057,0,0.99782159,3.7200828
7731,170,5023,717,2qim_ZEA_A_161,4,gnina,0.43053851,0.16422509,2.6216357,0,0.0099547218,2.2475026
7732,170,4367,623,2ij7_TPF_D_2473,6,smina,0.29939417,0.16416053,1.823788,0,0,3.0155893
7733,170,15908,2272,6kxh_DY9_C_402,4,gnina,0.44231588,0.16321167,2.7100742,0,0.00013810416,3.7042099
7734,170,4204,600,2giq_NN2_A_1001,4,gnina,0.64953736,0.16218622,4.0048852,0,0.0025082608,6.2802015
7735,170,12286,1755,5hxi_5HN_A_403,1,unimol,0.82876455,0.16058229,5.160995,0,0.98846321,14.57
7736,170,8342,1191,4hey_4MZ_A_303,5,autodock,0.46875304,0.15991727,2.9312212,0,0,2.2090931
7737,170,14270,2038,5xvv_AKG_B_506,4,gnina,0.44351508,0.15968159,2.7774956,0,0.078857365,11.288606
7738,170,11850,1692,5fli_QUE_H_301,6,smina,0.29939417,0.15910668,1.8817188,0,0,2.67019
7739,170,11857,1693,5fli_QUE_J_301,6,smina,0.29939417,0.15910668,1.8817188,0,0,2.7422374
7740,170,14263,2037,5xvv_AKG_A_508,4,gnina,0.44276392,0.15862699,2.7912259,0,0.00089210218,8.9707861
7741,170,7844,1120,4d6z_PK9_A_1600,4,gnina,0.44274004,0.15808038,2.8007264,0,1.8683987e-05,5.4231314
7742,170,9441,1348,4ni1_2JX_A_204,5,autodock,0.33929406,0.15788822,2.1489501,0,5.3013031e-05,4.1506334
7743,170,4365,623,2ij7_TPF_D_2473,4,gnina,0.49732637,0.1571069,3.1655276,0,9.3657847e-05,8.1061892
7744,170,4360,622,2ij7_TPF_C_2471,6,smina,0.29938133,0.15673523,1.9101077,0,0,3.045952
7745,170,10042,1434,4ugg_S5D_A_904,4,gnina,0.485196,0.15653939,3.0995128,0,6.972228e-09,5.2866837
7746,170,6341,905,3tye_XTZ_A_801,6,smina,0.37176902,0.15612237,2.3812659,0,0,6.1221861
7747,170,5170,738,2ri1_GLP_A_234,4,gnina,0.48456301,0.15583086,3.1095436,0,0.32933184,2.3953408
7748,170,11836,1690,5fli_QUE_F_301,6,smina,0.29939417,0.15577474,1.9219677,0,0,3.3413852
7749,170,4372,624,2ij7_TPF_F_2474,4,gnina,0.4826069,0.15515047,3.1105723,0,8.8298915e-06,10.01731
7750,170,11673,1667,5ezp_IPJ_C_201,4,gnina,0.44274001,0.15418151,2.8715496,0,0.00029999675,2.8189389
7751,170,17616,2516,6zi7_QR8_A_502,4,gnina,0.49732637,0.15398821,3.2296383,0,0.99600034,7.4665222
7752,170,17644,2520,6zi7_QR8_F_503,4,gnina,0.49732637,0.15389108,3.2316768,0,0.98630957,6.9950933
7753,170,10406,1486,4xzh_48I_B_402,4,gnina,0.64989149,0.15365242,4.22962,0,6.5610199e-07,4.2449728
7754,170,11808,1686,5fli_QUE_A_301,6,smina,0.29939417,0.1534519,1.951061,0,0,2.3135126
7755,170,11815,1687,5fli_QUE_C_301,6,smina,0.29939417,0.1534519,1.951061,0,0,2.7701989
7756,171,17618,2516,6zi7_QR8_A_502,6,smina,0.57084194,0.2225444,2.565069,0,0.00012799026,1.3301994
7757,171,17646,2520,6zi7_QR8_F_503,6,smina,0.56603495,0.2201344,2.5713143,0,0.00024415529,1.2915387
7758,171,10399,1485,4xzh_48I_A_402,4,gnina,0.65053138,0.20344299,3.1976092,0,0,4.2597093
7759,171,12349,1764,5i8s_LEA_A_202,1,unimol,1.0160783,0.20189479,5.032711,0,0.98192232,21.32
7760,171,6948,992,3wzo_ZOE_D_201,4,gnina,0.67847004,0.19737069,3.437541,0,0,6.5054417
7761,171,15621,2231,6i4b_E2N_A_603,4,gnina,0.58920815,0.19437512,3.0312932,0,0.054876931,4.5321869
7762,171,8727,1246,4ioq_BAQ_A_201,5,autodock,0.34588275,0.19216523,1.7999227,0,0,1.7812214
7763,171,14076,2010,5x23_LSN_A_503,6,smina,0.2982517,0.18835494,1.5834547,0,0,9.1167897
7764,171,5275,753,2v60_C17_A_1503,4,gnina,0.58819707,0.18686518,3.1477072,0,0.99624544,5.3815696
7765,171,6234,890,3sjh_LAR_A_503,4,gnina,0.4956263,0.18614784,2.6625402,0,0.99864198,3.4094107
7766,171,5282,754,2v60_C17_B_1498,4,gnina,0.59074961,0.18572713,3.1807384,0,0.99355552,4.4042875
7767,171,17625,2517,6zi7_QR8_B_502,6,smina,0.46616439,0.18306811,2.5463977,0,8.0185423e-06,1.3700248
7768,171,1756,250,1mvc_BM6_A_200,6,smina,0.4630062,0.18229696,2.539845,0,0,5.6474899
7769,171,9027,1289,4l1x_STR_B_402,4,gnina,0.43979697,0.17967078,2.4477925,0,0.006287124,3.9720615
7770,171,5541,791,2x05_X05_B_1900,4,gnina,0.43979697,0.1755286,2.5055563,0,0.99715307,5.6524133
7771,171,3728,532,2c6q_IMP_G_1338,4,gnina,0.65084213,0.17462837,3.7270117,0,0.94479226,10.145394
7772,171,3707,529,2c6q_IMP_C_1337,4,gnina,0.6504626,0.17452653,3.7270117,0,2.8661999e-05,10.334157
7773,171,8530,1218,4i0b_CMP_A_302,4,gnina,0.63969211,0.17243519,3.7097528,0,0.99580115,2.8533004
7774,171,3693,527,2c6q_IMP_A_1337,4,gnina,0.63130298,0.16938579,3.7270117,0,0.93292619,10.264015
7775,171,3714,530,2c6q_IMP_D_1337,4,gnina,0.63077493,0.16924411,3.7270117,0,0.92395518,13.224582
7776,171,3794,542,2d1j_D01_A_700,0,surfdock,0.53376689,0.1658093,3.2191603,0,0,4.4753754
7777,171,13108,1872,5nh9_XLS_A_503,4,gnina,0.50925277,0.16363888,3.1120515,0,0.17136124,5.9546729
7778,171,4234,604,2gx5_PCG_C_514,6,smina,0.18558652,0.16207372,1.1450738,0,0,3.2264236
7779,171,3007,429,1xin_XYL_A_397,4,gnina,0.5057734,0.15934472,3.1740823,0,0.0017350299,3.6486477
7780,171,14174,2024,5xdt_ZI7_A_403,6,smina,0.46018934,0.15896974,2.8948226,0,0,6.1926315
7781,171,15217,2173,6fa1_D2Z_A_203,6,smina,0.29790227,0.15726157,1.8943098,0,0,5.3418935
7782,171,1420,202,1ki2_GA2_B_2,6,smina,0.25082413,0.15696352,1.5979762,0,0,2.3894595
7783,171,10305,1472,4xf0_CYS_A_502,1,unimol,1.029316,0.15671087,6.5682478,0,0.94212112,22.95
7784,171,15572,2224,6ho2_GHN_A_301,4,gnina,0.4956263,0.15644651,3.1680231,0,0.926569,6.8044946
7785,171,14916,2130,6cgc_F0A_B_402,6,smina,0.45388362,0.15567877,2.915513,0,0,6.0530225
7786,171,15929,2275,6l59_CIT_B_403,4,gnina,0.43979697,0.15236264,2.8865135,0,0.041312805,2.7426597
7787,171,690,98,1gsq_GDN_A_203,4,gnina,0.51388229,0.15115798,3.3996363,0,1.0867999e-07,11.528214
7788,171,2321,331,1rnd_DGP_A_126,4,gnina,0.4956263,0.14955248,3.3140616,0,1.2575528e-08,4.0959424
7789,171,7641,1091,4cme_KTZ_C_1270,4,gnina,0.59131758,0.14920113,3.9632235,0,0.98763019,4.9915843
7790,171,7634,1090,4cme_KTZ_B_1270,4,gnina,0.58884365,0.14863333,3.961719,0,0.98978889,4.6275806
7791,171,7627,1089,4cme_KTZ_A_1270,4,gnina,0.58879357,0.14862069,3.961719,0,0.99200478,4.5153803
7792,171,4995,713,2qgw_EES_B_1,4,gnina,0.43979697,0.14675978,2.9967122,0,6.3747921e-07,2.9422494
7793,171,6164,880,3roe_THM_F_265,4,gnina,0.45025569,0.14658428,3.0716496,0,0.98829403,6.3524501
7794,171,7648,1092,4cme_KTZ_D_1270,4,gnina,0.57378556,0.14477746,3.9632235,0,0.95681769,4.4286532
7795,171,7972,1138,4dvw_0M4_B_512,6,smina,0.32076246,0.14435418,2.2220509,0,0.51498492,5.6222555
7796,171,14636,2090,6a2m_UMP_A_703,6,smina,0.46077009,0.14340309,3.2131104,0,0,2.8620493
7797,171,6150,878,3roe_THM_D_265,4,gnina,0.43979697,0.14318118,3.0716107,0,0.98352505,9.8918127
7798,171,6143,877,3roe_THM_B_265,4,gnina,0.43979697,0.14317937,3.0716496,0,0.96261141,9.453656
7799,171,6157,879,3roe_THM_E_265,4,gnina,0.43979697,0.14317937,3.0716496,0,0.98448371,5.9358345
7800,171,6136,876,3roe_THM_A_265,4,gnina,0.43979697,0.14317914,3.0716543,0,0.10150533,6.1004609
7801,171,14543,2077,5zg2_ZK1_A_901,4,gnina,0.60719853,0.14240987,4.2637382,0,0,4.851127
7802,171,8481,1211,4i02_CMP_A_302,4,gnina,0.58955816,0.1419606,4.1529694,0,0.23888144,3.9561825
7803,171,7536,1076,4cjw_CBJ_B_1218,4,gnina,0.44726702,0.14185626,3.1529584,0,1.2422221e-05,3.5464267
7804,171,8512,1216,4i02_CMP_F_301,0,surfdock,0.53376689,0.14041624,3.8013179,0,0.52976567,3.8033067
7805,171,6927,989,3wzo_ZOE_A_201,4,gnina,0.4803384,0.1397331,3.437541,0,0.89958725,7.3195626
7806,172,8532,1218,4i0b_CMP_A_302,6,smina,0.45541802,0.22192788,2.0520983,0,0,2.3773601
7807,172,6236,890,3sjh_LAR_A_503,6,smina,0.56539101,0.19913013,2.8393033,0,0,3.3289194
7808,172,644,92,1gij_2PU_A_501,0,surfdock,0.53368385,0.19338159,2.7597439,0,0.89587387,4.2407293
7809,172,6166,880,3roe_THM_F_265,6,smina,0.50625545,0.19286889,2.6248674,0,0,2.4774311
7810,172,17653,2521,6zi7_RAM_D_503,6,smina,0.15138895,0.18842384,0.80344802,0,2.0185657e-05,0.81515329
7811,172,8484,1212,4i02_CMP_B_301,0,surfdock,0.53368385,0.18810607,2.8371422,0,0.96012242,3.7914655
7812,172,8498,1214,4i02_CMP_D_301,0,surfdock,0.53368385,0.18641979,2.8628058,0,0.95881996,3.6493132
7813,172,8470,1210,4i02_CMP_A_301,0,surfdock,0.53368385,0.18549865,2.8770218,0,0,3.7797818
7814,172,8406,1200,4hmx_WUB_A_302,6,smina,0.14537259,0.18093567,0.80344802,0,0,1.2245327
7815,172,5109,729,2qxf_TMP_A_3000,6,smina,0.19373897,0.17107074,1.132507,0,0,3.027035
7816,172,11666,1666,5ezp_IPJ_B_201,4,gnina,0.4336851,0.17019843,2.5481136,0,2.4363858e-09,2.8857282
7817,172,1019,145,1hsb_ALA_C_1,4,gnina,0.43183294,0.16897785,2.5555584,0,0,10.826444
7818,172,4848,692,2q28_TPP_A_4001,4,gnina,0.91021846,0.16682523,5.4561191,0,0.10663528,7.5862427
7819,172,14984,2140,6dl7_ONC_C_301,4,gnina,0.70283293,0.15916131,4.4158521,0,0,7.4557971
7820,172,14998,2142,6dl7_ONC_F_301,4,gnina,0.68263998,0.15867041,4.3022504,0,0,6.3816275
7821,172,2440,348,1sqk_LAR_A_378,4,gnina,0.4336851,0.15837436,2.7383533,0,0,3.0834133
7822,172,15411,2201,6gck_EUB_A_302,4,gnina,0.52491577,0.15649929,3.3541086,0,0.00040353673,3.8875155
7823,172,13787,1969,5uo5_M4R_B_803,4,gnina,0.65111199,0.1557972,4.1792269,0,0.88944907,7.997515
7824,172,2049,292,1p2s_ETF_A_400,5,autodock,0.33338921,0.15371162,2.1689255,0,0.10343369,3.4721323
7825,172,13780,1968,5uo5_M4R_A_803,4,gnina,0.64870212,0.1536233,4.2226796,0,9.7530062e-05,7.6623359
7826,172,13031,1861,5m8d_UGI_B_501,4,gnina,0.70695713,0.15239979,4.6388316,0,0.99549744,11.320527
7827,172,900,128,1h5r_G1P_D_1294,4,gnina,0.43909415,0.15210495,2.8867831,0,0,3.3175506
7828,172,14970,2138,6dl7_ONC_A_301,4,gnina,0.67681319,0.15017935,4.5066986,0,0.80113347,6.5968751
7829,172,15201,2171,6f77_PLP_E_600,4,gnina,0.63964359,0.14928597,4.2846856,0,0.9306998,7.5011263
7830,172,4855,693,2q28_TPP_B_5001,4,gnina,0.81430065,0.14924537,5.4561191,0,0.79933846,8.0374359
7831,172,732,104,1h0v_UN4_A_1299,4,gnina,0.4336851,0.14780314,2.9342067,0,0.97385433,2.4287675
7832,172,17070,2438,6sxr_KHP_A_513,4,gnina,0.4336851,0.145354,2.9836466,0,0.97360822,3.1340212
7833,172,13752,1964,5unx_8F1_A_803,4,gnina,0.64672929,0.14491935,4.4626832,0,8.3994277e-06,6.237691
7834,173,6978,996,3zks_WZV_A_1398,6,smina,0.41224373,0.26752238,1.5409682,0,0,7.0628787
7835,173,4822,688,2pvy_ACP_D_802,6,smina,0.21863339,0.25555964,0.85550725,0,2.5507597e-05,1.4828317
7836,173,15026,2146,6e40_BBJ_A_502,4,gnina,0.63997619,0.22835699,2.8025241,0,1.5178846e-06,66.568288
7837,173,13857,1979,5vut_9OG_A_803,4,gnina,0.62055142,0.21715697,2.8576159,0,7.835862e-13,5.4715062
7838,173,16645,2377,6qa7_HTW_A_901,6,smina,0.29776964,0.2126284,1.4004217,0,0,4.0032204
7839,173,14032,2004,5wgv_PM7_A_713,4,gnina,0.4316891,0.20944014,2.0611565,0,2.8890057e-05,2.9933464
7840,173,4395,627,2ixi_TYD_A_1182,6,smina,0.29776964,0.2076257,1.4341646,0,0,5.3923737
7841,173,16300,2328,6nhd_KNV_A_803,4,gnina,0.6436365,0.20001853,3.2178833,0,3.887511e-08,5.6008453
7842,173,10527,1503,4z69_DIF_I_1006,6,smina,0.27095822,0.19634862,1.3799844,0,0,3.2340963
7843,173,14018,2002,5wgr_PM7_A_711,4,gnina,0.43353383,0.19245915,2.2526009,0,0,3.1470697
7844,173,4393,627,2ixi_TYD_A_1182,4,gnina,0.49667922,0.18733685,2.6512618,0,0.0060292577,4.6633699
7845,173,16643,2377,6qa7_HTW_A_901,4,gnina,0.49667922,0.18224741,2.725301,0,0.34310385,5.5152419
7846,173,4561,651,2ntk_IMP_B_206,4,gnina,0.53727018,0.17942594,2.9943831,0,0.98638931,4.3099784
7847,173,13864,1980,5vut_9OG_B_803,4,gnina,0.49667922,0.1758855,2.8238771,0,2.4527493e-13,6.407593
7848,173,12935,1847,5lik_W8X_X_402,6,smina,0.29388884,0.17573664,1.6723244,0,0,5.0215715
7849,173,11967,1709,5g09_6DF_D_1476,4,gnina,0.65158517,0.16955491,3.8429143,0,0.79698222,7.8298521
7850,173,11953,1707,5g09_6DF_B_1474,4,gnina,0.6515191,0.16873323,3.8612366,0,0.99251462,11.22518
7851,173,14347,2049,5yb7_ORN_A_602,4,gnina,0.59096884,0.16659971,3.5472372,0,0.029678287,7.9709709
7852,173,4402,628,2ixi_TYD_B_1182,6,smina,0.24077607,0.16483977,1.4606664,0,0,5.1143062
7853,173,14039,2005,5wgw_MB5_A_714,4,gnina,0.43353383,0.1640758,2.6422768,0,0,4.7241431
7854,173,9300,1328,4mr7_2BV_A_501,4,gnina,0.43851416,0.16402339,2.6734846,0,0.02319336,5.798356
7855,173,14382,2054,5yb7_ORN_D_602,4,gnina,0.59564127,0.16137972,3.6909292,0,0.024002727,8.4256872
7856,173,4563,651,2ntk_IMP_B_206,6,smina,0.23705604,0.16030073,1.4788197,0,0,3.6523549
7857,173,6472,924,3v8n_5NB_A_301,4,gnina,0.46763924,0.15989345,2.9246919,0,0.021190585,2.9460339
7858,173,16328,2332,6nig_NAG_C_802,4,gnina,0.4335288,0.15967323,2.7150991,0,7.5100423e-07,8.5701382
7859,173,15588,2226,6hpx_GKQ_A_205,6,smina,0.23721034,0.15906451,1.4912829,0,0,6.6322214
7860,173,16314,2330,6nig_NAG_A_604,4,gnina,0.4335365,0.15889908,2.7283754,0,1.3383661e-05,6.3544341
7861,173,13885,1983,5vv0_9OM_B_803,4,gnina,0.50101053,0.15649912,3.2013624,0,3.5623766e-10,5.0938019
7862,173,5200,742,2tmk_ATM_A_217,6,smina,0.44486612,0.15459039,2.8777077,0,0,5.3804232
7863,173,13668,1952,5ud3_P6F_B_404,4,gnina,0.5883406,0.15457934,3.8060744,0,0.91866482,4.5385435
7864,173,1735,247,1mrq_STR_A_501,6,smina,0.23977716,0.15453533,1.5516,0,0,1.4031264
7865,173,15033,2147,6e40_BBJ_B_502,4,gnina,0.43353383,0.15453262,2.8054509,0,9.0146057e-07,8.4822137
7866,173,12191,1741,5ha7_WY1_A_402,4,gnina,0.44399088,0.15265343,2.9084885,0,0.00050580634,4.9550675
7867,173,14354,2050,5yb7_ORN_A_603,4,gnina,0.58897111,0.15235413,3.8658025,0,0.0002232725,8.0371215
7868,173,14389,2055,5yb7_ORN_D_603,4,gnina,0.58789058,0.15207461,3.8658025,0,0.30046943,8.3436733
7869,173,14928,2132,6cqu_HI6_A_601,4,gnina,0.43353383,0.14979493,2.8941813,0,0.0018079118,4.8749637
7870,173,3961,565,2exs_TRP_B_2100,6,smina,0.14494518,0.14875335,0.97439843,0,2.8800246e-11,2.5043364
7871,173,4575,653,2ntk_IMP_D_208,4,gnina,0.43851416,0.14734767,2.9760499,0,7.5378311e-06,5.4277978
7872,173,4554,650,2ntk_IMP_A_205,4,gnina,0.43851416,0.14673473,2.9884815,0,0.98009597,5.4591235
7873,173,14825,2117,6btn_E8M_A_304,6,smina,0.17984099,0.14661632,1.2266086,0,0,5.1005331
7874,173,4568,652,2ntk_IMP_C_207,4,gnina,0.43759664,0.14613912,2.9943831,0,0.98463583,4.1454206
7875,173,9244,1320,4mju_27S_A_501,4,gnina,0.48754538,0.14591101,3.3413875,0,0.82674956,4.8758192
7876,173,16902,2414,6rgg_K3Q_B_402,4,gnina,0.4336329,0.14580809,2.9739966,0,0.00017064237,5.1465576
7877,173,17588,2512,6yaw_P9H_B_502,4,gnina,0.78617355,0.14579512,5.3923163,0,0.51745813,9.4899265
7878,173,10434,1490,4yjs_4DN_A_701,4,gnina,0.49667922,0.14571407,3.408587,0,0.001032364,6.9706642
7879,173,9174,1310,4lz7_1YW_C_804,4,gnina,0.49667922,0.14570885,3.408709,0,4.1166882e-08,4.2767253
7880,173,15982,2283,6l8a_BAL_C_504,1,unimol,0.93294526,0.14555159,6.4097214,0,0.9793028,26.49
7881,173,12515,1787,5iuy_BOG_B_503,6,smina,0.21854741,0.14511406,1.5060378,0,3.6326165e-12,4.6428859
7882,173,15203,2171,6f77_PLP_E_600,6,smina,0.42364605,0.14462747,2.9292216,0,0,2.9383094
7883,173,16888,2412,6rgg_K3Q_A_403,4,gnina,0.43353403,0.14462466,2.9976485,0,0.00022155766,5.2054792
7884,174,4207,601,2giq_NN2_B_2001,0,surfdock,0.53367926,0.17854195,2.9890964,0,0.98879051,4.5174491
7885,174,12172,1738,5h8q_GLU_A_302,6,smina,0.143888,0.17341236,0.82974374,0,4.2929981e-07,1.6964463
7886,174,12165,1737,5h8f_GLU_A_302,6,smina,0.143888,0.16898917,0.85146183,0,1.9111024e-07,1.7431801
7887,174,17632,2518,6zi7_QR8_C_502,6,smina,0.29000559,0.16217407,1.7882355,0,8.5968832e-05,1.5448741
7888,174,15978,2282,6l86_MLT_A_303,4,gnina,0.46669843,0.1597278,2.9218349,0,0.0060030823,3.8318384
7889,174,5598,799,2xoz_AMP_B_1664,5,autodock,0.32792349,0.15448774,2.1226497,0,0.063195439,2.6352419
7890,174,10017,1431,4ug6_XFJ_A_904,0,surfdock,0.53367926,0.15429166,3.4588981,0,0.038658154,3.4637802
7891,174,3183,454,1zdq_MSM_B_1508,5,autodock,0.36692699,0.15400347,2.3825881,0,0,12.394364
7892,174,3176,453,1zdq_MSM_A_1507,5,autodock,0.36439908,0.15294248,2.3825881,0,0,4.9567921
7893,174,14434,2062,5ybq_8T0_B_303,0,surfdock,0.53367926,0.15199339,3.5111995,0,0,4.8460158
7894,174,7053,1007,4a01_2PN_A_1773,4,gnina,0.46689665,0.15127975,3.0863121,0,0,3.5814632
7895,174,3829,547,2dv0_ZST_A_600,0,surfdock,0.5329592,0.14621323,3.645081,0,0,4.2443255
7896,174,4137,591,2fz8_ZST_A_600,0,surfdock,0.53367926,0.14527105,3.6736784,0,0,4.363632
7897,174,117,16,1anc_BEN_A_290,5,autodock,0.51480521,0.14521339,3.5451624,0,0.98945176,15.427731
7898,174,2512,358,1thc_FL9_A_130,6,smina,0.20780413,0.14291023,1.4540876,0,4.8664819e-08,3.3100496
7899,174,15964,2280,6l86_LMR_C_302,4,gnina,0.42210011,0.14280488,2.9557812,0,0.94393725,4.3077575
7900,174,15957,2279,6l86_LMR_B_303,4,gnina,0.4219887,0.1414278,2.9837737,0,5.2428017e-09,4.2189118
7901,174,12565,1795,5j5i_6GM_E_302,0,surfdock,0.53367926,0.13753435,3.8803334,0,0,4.4943838
7902,174,4464,637,2j9e_AKG_C_1119,5,autodock,0.48611539,0.13697135,3.5490289,0,0.994463,5.0445008
7903,174,12593,1799,5j5i_6GM_I_302,0,surfdock,0.53367926,0.1360292,3.9232688,0,0.96099703,4.4780568
7904,174,12551,1793,5j5i_6GM_A_302,0,surfdock,0.53367926,0.13576753,3.9308302,0,0.86870557,4.5440763
7905,174,12586,1798,5j5i_6GM_G_302,0,surfdock,0.53367926,0.13576753,3.9308302,0,0.89147907,4.4600209
7906,174,12572,1796,5j5i_6GM_F_302,0,surfdock,0.53367926,0.13561087,3.9353714,0,0,4.624544
7907,174,12558,1794,5j5i_6GM_A_303,0,surfdock,0.53367926,0.13547935,3.9391918,0,0,4.5241258
7908,174,12600,1800,5j5i_6GM_I_303,0,surfdock,0.53367926,0.13547935,3.9391918,0,0,4.5971177
7909,174,4304,614,2hs3_FGR_A_2166,6,smina,0.18711877,0.13479309,1.3881917,0,5.5618419e-06,4.5257521
7910,174,3105,443,1y5x_E89_D_1500,4,gnina,0.47532222,0.13389449,3.5499749,0,0.93575804,4.3976203
7911,174,3098,442,1y5x_E89_A_500,4,gnina,0.47532222,0.13371895,3.5546353,0,0.98055976,4.5296764
7912,174,8502,1214,4i02_CMP_D_301,4,gnina,0.63621549,0.1335944,4.7622905,0,0.99357243,6.9819238
7913,174,4736,676,2pd5_ZST_A_600,4,gnina,0.5924796,0.13201027,4.4881315,0,0.98865625,5.4678977
7914,174,9651,1378,4pik_MAN_C_503,5,autodock,0.49170283,0.13136427,3.7430475,0,0.99472734,12.693859
7915,174,8488,1212,4i02_CMP_B_301,4,gnina,0.63690357,0.13120285,4.8543415,0,0.99382756,6.8034283
7916,174,8916,1273,4k5u_GAL_B_301,5,autodock,0.52609054,0.13023013,4.0396981,0,0.98825887,20.974979
7917,174,8930,1275,4k5u_GAL_D_301,5,autodock,0.51259549,0.13019988,3.9369879,0,0.89598039,23.285793
7918,174,6297,899,3te7_TE7_B_1,4,gnina,0.42158004,0.12901305,3.2677307,0,0.00018748548,3.7570595
7919,174,2961,423,1x2a_PDG_A_413,0,surfdock,0.53367926,0.12733457,4.1911569,0,0.8805022,4.4378362
7920,174,2183,311,1pr6_XYA_C_1247,6,smina,0.23499518,0.12637364,1.8595259,0,0.99820066,2.0772546
7921,174,3854,550,2e56_MYR_A_501,4,gnina,0.47808679,0.125945,3.7959957,0,5.1003655e-05,3.6686693
7922,174,13195,1885,5o3d_9J5_A_501,0,surfdock,0.53367926,0.12457649,4.2839475,0,0.9679773,4.2287389
7923,174,10616,1516,4zhd_4OZ_C_202,4,gnina,0.48961742,0.12403172,3.9475167,0,5.2323397e-07,4.3123367
7924,174,12353,1764,5i8s_LEA_A_202,5,autodock,0.47085311,0.12364426,3.8081264,0,0.97501359,10.361663
7925,174,11878,1696,5fqf_NGA_A_1589,6,smina,0.2138165,0.12300569,1.7382642,0,0.0022042294,1.4933757
7926,174,15351,2193,6fs7_E4Z_C_903,0,surfdock,0.58216383,0.12247668,4.7532616,0,0.62171293,4.4548296
7927,174,6500,928,3vc3_C6P_B_501,4,gnina,0.71262447,0.12220128,5.831562,0,0.94751591,13.556924
7928,174,15574,2224,6ho2_GHN_A_301,6,smina,0.52802405,0.12166078,4.3401327,0,0,9.4066792
7929,174,12178,1739,5h8q_GLY_B_301,5,autodock,0.32018001,0.121061,2.6447816,0,0,33.413583
7930,174,10994,1570,5awd_IDQ_A_901,4,gnina,0.49097762,0.12049806,4.0745678,0,4.8913406e-05,6.0217057
7931,174,7550,1078,4cld_JUO_B_1270,4,gnina,0.47532222,0.12025168,3.9527273,0,0,6.0418077
7932,174,7557,1079,4cld_JUO_C_1270,4,gnina,0.47532222,0.12025168,3.9527273,0,0.0001313266,3.2532454
7933,174,7564,1080,4cld_JUO_D_1270,4,gnina,0.47532222,0.12025168,3.9527273,0,0.0016900192,3.4561772
7934,175,5690,812,2y00_Y00_B_601,6,smina,0.49346062,0.28124502,1.7545568,0,0,6.253308
7935,175,4556,650,2ntk_IMP_A_205,6,smina,0.48479309,0.2766155,1.7525873,0,0,4.5275415
7936,175,4570,652,2ntk_IMP_C_207,6,smina,0.48546501,0.2760762,1.7584448,0,0,5.0272396
7937,175,15405,2200,6g5q_EMZ_B_402,5,autodock,0.39419043,0.24918548,1.5819148,0,9.5633177e-10,8.5395222
7938,175,10903,1557,5abz_Z47_A_201,4,gnina,0.58919606,0.21984532,2.6800473,0,0.91839536,6.7352339
7939,175,1532,218,1lc8_33P_A_800,6,smina,0.29744771,0.18341936,1.6216801,0,0.98291876,9.6403766
7940,175,10900,1557,5abz_Z47_A_201,1,unimol,0.78590265,0.17616881,4.4610763,0,0,19.9
7941,175,2196,313,1pwz_RSO_A_256,5,autodock,0.4412684,0.1713442,2.5753322,0,0.89865906,8.6315185
7942,175,7509,1072,4cjv_IV2_B_1215,5,autodock,0.3940233,0.16632623,2.3689778,0,0.05171607,16.229365
7943,175,8504,1214,4i02_CMP_D_301,6,smina,0.45233754,0.16305206,2.7741899,0,0,2.5061808
7944,175,14209,2029,5xj7_87O_A_309,6,smina,0.38885188,0.1624934,2.3930309,0,0.90779839,7.6440134
7945,175,8490,1212,4i02_CMP_B_301,6,smina,0.45239251,0.16225986,2.7880731,0,0,3.569568
7946,175,1530,218,1lc8_33P_A_800,4,gnina,0.4913639,0.16141578,3.0440874,0,0.98265197,6.7672341
7947,175,17392,2484,6vmz_NAG_A_402,4,gnina,0.4600096,0.15780929,2.9149706,0,0.067424982,4.1950506
7948,175,10910,1558,5abz_Z47_B_201,4,gnina,0.42176634,0.15721358,2.6827593,0,0.36599928,4.3640303
7949,175,6957,993,3zcm_PX3_A_1214,6,smina,0.51295626,0.15506639,3.3079774,0,0,13.726656
7950,175,8356,1193,4hey_4MZ_A_308,5,autodock,0.3495628,0.15412589,2.2680333,0,6.1877194e-08,1.2880469
7951,175,16197,2313,6n9r_OHN_A_303,6,smina,0.29744771,0.15254143,1.949946,0,0,6.4554413
7952,175,2314,330,1rf2_BV4_H_108,4,gnina,0.42743423,0.15229353,2.8066463,0,0.78308449,6.4210959
7953,175,7937,1133,4dta_ADN_A_401,6,smina,0.24076241,0.15134422,1.5908257,0,5.8986343e-05,1.9154198
7954,175,16195,2313,6n9r_OHN_A_303,4,gnina,0.4913639,0.14870235,3.3043442,0,0,6.4801741
7955,175,16204,2314,6n9r_OHN_X_305,6,smina,0.29744771,0.1484979,2.0030422,0,0,5.2607735
7956,175,16202,2314,6n9r_OHN_X_305,4,gnina,0.4913639,0.14755813,3.3299673,0,0,9.535105
7957,175,4624,660,2o1o_RIS_A_400,4,gnina,0.42355098,0.14729265,2.8755734,0,0.16671777,3.4871184
7958,175,4771,681,2prg_BRL_B_2,4,gnina,0.55303983,0.14546705,3.801821,0,0.48127914,5.3691954
7959,175,13655,1950,5uap_82S_B_505,5,autodock,0.35697744,0.14522679,2.4580679,0,0,5.2156348
7960,175,8467,1209,4hzf_CMP_B_301,4,gnina,0.4913639,0.1433697,3.4272497,0,0.99475842,3.6530321
7961,175,7453,1064,4c7g_NGO_A_1495,5,autodock,0.40740688,0.14323267,2.8443704,0,0.00072545102,56.525412
7962,175,17315,2473,6u6c_PZV_F_802,4,gnina,0.56657946,0.14293841,3.9638004,0,0.97899957,9.9320502
7963,175,3100,442,1y5x_E89_A_500,6,smina,0.48500384,0.1429081,3.3938153,0,0,5.2757034
7964,175,4211,601,2giq_NN2_B_2001,4,gnina,0.65322028,0.14265669,4.5789661,0,0.9765599,5.7117082
7965,175,2483,354,1t93_FLV_A_431,5,autodock,0.35644408,0.14257347,2.500072,0,4.1849277e-05,7.0930861
7966,175,2490,355,1t93_FLV_A_432,5,autodock,0.35700899,0.14240462,2.5070033,0,0.002667464,7.1536612
7967,175,15649,2235,6ix8_B3O_A_408,4,gnina,0.46795912,0.14222242,3.2903321,0,0.99588047,3.065793
7968,175,14102,2014,5x5d_UMP_A_401,4,gnina,0.64131748,0.1415274,4.5314007,0,0.98818523,10.958258
7969,175,12691,1813,5jfx_6K4_A_4000,0,surfdock,0.58074786,0.13967707,4.1577888,0,0.94136716,5.14817
7970,175,14097,2013,5x2m_GLN_D_951,6,smina,0.14366332,0.13967148,1.0285792,0,1.7817596e-08,2.292989
7971,175,11120,1588,5c8w_PCG_F_302,4,gnina,0.42355098,0.13883488,3.0507524,0,0.99769005,4.3455306
7972,175,13648,1949,5uap_82S_A_505,5,autodock,0.34094145,0.13870297,2.4580679,0,0,4.7577587
7973,175,3107,443,1y5x_E89_D_1500,6,smina,0.46468547,0.13864573,3.3516023,0,0,4.8449088
7974,175,11113,1587,5c8w_PCG_D_302,4,gnina,0.42355098,0.13804767,3.0681491,0,0.99516523,3.729611
7975,175,16272,2324,6ngp_KKY_A_803,4,gnina,0.59023446,0.13739992,4.2957401,0,4.7234139e-06,5.3050388
7976,175,14109,2015,5x5d_UMP_B_401,4,gnina,0.63897034,0.13728758,4.6542463,0,0.99141311,6.3354995
7977,175,12478,1782,5ioq_DUR_D_302,4,gnina,0.42355098,0.13721937,3.0866694,0,0.00045323262,3.2452737
7978,175,11106,1586,5c8w_PCG_B_303,4,gnina,0.42355098,0.13715762,3.0880592,0,0.99425099,3.6083582
7979,175,10907,1558,5abz_Z47_B_201,1,unimol,0.60818065,0.13676765,4.4468155,0,0,19.11
7980,175,648,92,1gij_2PU_A_501,4,gnina,0.60408958,0.13527373,4.465682,0,0,4.8155066
7981,175,7522,1074,4cjw_CBJ_A_1216,4,gnina,0.46795913,0.1348399,3.4704788,0,2.2569333e-06,3.6003533
7982,175,12597,1799,5j5i_6GM_I_302,4,gnina,0.63852417,0.13468285,4.7409453,0,0.99748265,9.790822
7983,175,13276,1896,5oew_9TE_C_301,4,gnina,0.52738887,0.13418492,3.9303131,0,3.1051339e-09,4.1144386
7984,176,15651,2235,6ix8_B3O_A_408,6,smina,0.48267562,0.22609532,2.1348314,0,0,2.2459564
7985,176,6740,962,3wca_FPS_C_402,6,smina,0.48204362,0.20405586,2.3623111,0,0,7.0150985
7986,176,8469,1209,4hzf_CMP_B_301,6,smina,0.54993137,0.1964603,2.7991974,0,0,3.5021233
7987,176,354,50,1e26_GPB_A_208,4,gnina,0.56294217,0.19168108,2.9368677,0,0.90321794,8.0515796
7988,176,3611,515,2brk_CMF_A_1534,6,smina,0.29583606,0.191284,1.5465794,0,0,11.238423
7989,176,356,50,1e26_GPB_A_208,6,smina,0.39521824,0.18699754,2.1134934,0,0,8.5097511
7990,176,4213,601,2giq_NN2_B_2001,6,smina,0.44110528,0.17681318,2.4947524,0,0,5.9249781
7991,176,6719,959,3wca_FPS_A_501,6,smina,0.43203001,0.17448662,2.4760056,0,0,6.6375786
7992,176,11087,1583,5c4i_TPP_F_402,6,smina,0.46387238,0.17350041,2.6736088,0,0.99580665,5.8300879
7993,176,12230,1747,5hgz_MLA_A_302,1,unimol,0.84196534,0.17173301,4.9027567,0,0.95220147,22.58
7994,176,3609,515,2brk_CMF_A_1534,4,gnina,0.49332585,0.17163292,2.8743069,0,1.9432917e-09,7.2929776
7995,176,6747,963,3wca_FPS_D_401,6,smina,0.40121025,0.16901664,2.3737905,0,0,6.9427465
7996,176,6627,946,3vv5_SLZ_B_301,5,autodock,0.53332172,0.16255777,3.2808125,0,0.87996909,35.463251
7997,176,6829,975,3wsg_CIT_D_302,4,gnina,0.46618688,0.16041621,2.9061074,0,0.1702115,9.4507052
7998,176,12237,1748,5hgz_MLA_A_303,1,unimol,0.74452984,0.15846847,4.6982827,0,0.6770346,25.74
7999,176,17674,2524,6zug_QPW_H_1001,6,smina,0.44877419,0.1574728,2.8498511,0,0,8.1054471
8000,176,6836,976,3wsg_CIT_E_302,4,gnina,0.4442163,0.15278754,2.9074109,0,0.38587088,5.1593996
8001,176,4190,598,2g9z_VNP_A_602,4,gnina,0.49332585,0.14581559,3.3832166,0,0.95282275,7.9090783
8002,176,4197,599,2g9z_VNP_B_601,4,gnina,0.49332585,0.14581559,3.3832166,0,8.3709139e-07,7.1758082
8003,176,1929,275,1o29_UFP_C_813,4,gnina,0.53401866,0.14497763,3.6834548,0,0.97169727,4.4268935
8004,176,8349,1192,4hey_4MZ_A_307,5,autodock,0.3225752,0.14460742,2.230695,0,0.0043988899,1.7675141
8005,176,12599,1799,5j5i_6GM_I_302,6,smina,0.45181724,0.14443042,3.1282682,0,0,10.808524
8006,176,4330,618,2i1v_FDP_B_710,4,gnina,0.42234369,0.14239012,2.9661016,0,0.73499334,3.6451436
8007,176,10672,1524,4zsy_RW2_A_502,4,gnina,0.49332585,0.14096591,3.4996102,0,0.98971159,19.421088
8008,176,10686,1526,4zsy_RW2_C_502,4,gnina,0.49332585,0.14058676,3.5090482,0,0.99101208,11.812075
8009,176,6733,961,3wca_FPS_C_401,6,smina,0.3343395,0.14016601,2.3853099,0,0,7.6007999
8010,176,10679,1525,4zsy_RW2_B_502,4,gnina,0.49332585,0.13964431,3.5327306,0,0,9.349308
8011,176,10693,1527,4zsy_RW2_D_502,4,gnina,0.49332585,0.13945674,3.537482,0,0,10.136621
8012,177,4192,598,2g9z_VNP_A_602,6,smina,0.52565816,0.21774692,2.4140775,0,7.5291343e-08,10.3572
8013,177,6427,918,3uud_EST_B_600,1,unimol,0.88422048,0.19915949,4.4397597,0,0.99303972,25.61
8014,177,6420,917,3uud_EST_A_600,1,unimol,0.88025288,0.19826584,4.4397597,0,0.97890557,21.92
8015,177,14104,2014,5x5d_UMP_A_401,6,smina,0.4445115,0.1972106,2.253993,0,0,2.6818153
8016,177,14111,2015,5x5d_UMP_B_401,6,smina,0.44616816,0.19425373,2.2968309,0,0,4.8056117
8017,177,951,135,1h82_GZZ_A_590,6,smina,0.294237,0.17990243,1.6355356,0,2.9702904e-08,16.188649
8018,177,17317,2473,6u6c_PZV_F_802,6,smina,0.4475752,0.17979409,2.4893756,0,0,4.0076973
8019,177,16595,2370,6q4b_HHN_A_301,5,autodock,0.34680589,0.17797088,1.9486655,0,0.0032037636,3.2739971
8020,177,4024,574,2fc0_DGP_A_239,6,smina,0.14282331,0.17689573,0.80738598,0,0,4.1618703
8021,177,2846,406,1vzu_UDP_A_1371,4,gnina,0.49432228,0.17589336,2.8103511,0,0.77646263,5.2704683
8022,177,16393,2341,6ock_9KL_A_601,6,smina,0.22167211,0.16312268,1.3589278,0,0,2.9453813
8023,177,11,1,1a49_OXL_A_533,4,gnina,0.59701043,0.15996109,3.7322218,0,0.00010669079,26.874878
8024,177,17259,2465,6tot_NRK_A_401,4,gnina,0.49432228,0.15569011,3.1750388,0,0.80648131,6.4207163
8025,177,2428,346,1sjc_SMG_B_1100,6,smina,0.26459573,0.15555661,1.70096,0,0.95542855,3.1281386
8026,177,942,134,1h7q_TYD_A_1258,4,gnina,0.43216916,0.15498932,2.7883792,0,0.00012674876,6.5943719
8027,177,17266,2466,6tot_NRK_B_401,4,gnina,0.49432218,0.15368441,3.2164748,0,0.82665079,7.4333939
8028,177,10784,1540,4zvz_4TF_D_503,4,gnina,0.53476271,0.1504906,3.5534616,0,0.52164871,4.4809759
8029,177,5179,739,2ri1_GLP_B_234,6,smina,0.17325228,0.14940151,1.1596411,0,0.03554256,1.7268202
8030,177,4596,656,2nu7_COA_E_1025,4,gnina,0.43546016,0.14739681,2.9543381,0,1.0251491e-10,5.5456509
8031,177,2421,345,1sjc_SMG_A_1000,6,smina,0.25135413,0.14735366,1.7057873,0,0.55398552,3.4633164
8032,177,4582,654,2nu7_COA_B_1025,4,gnina,0.42456748,0.14154162,2.9995937,0,3.4650486e-10,5.3936059
8033,177,7853,1121,4d96_5PA_B_501,6,smina,0.294237,0.13876426,2.1204081,0,0,7.3551118
8034,177,7860,1122,4d96_5PA_C_402,6,smina,0.294237,0.13876426,2.1204081,0,0,4.3077064
8035,177,13556,1936,5tm5_7EV_B_601,4,gnina,0.49432228,0.13872626,3.5632918,0,0,5.9534922
8036,177,6431,918,3uud_EST_B_600,5,autodock,0.38167621,0.13852481,2.7552905,0,0,517.67019
8037,177,11449,1635,5dzh_5KG_B_901,4,gnina,0.49432228,0.13852284,3.5685246,0,0.46381498,4.3554414
8038,177,16678,2382,6qdc_HXE_A_1003,4,gnina,0.63977656,0.13785843,4.6408219,0,1.6308105e-07,5.8811419
8039,177,6424,917,3uud_EST_A_600,5,autodock,0.37971741,0.13781388,2.7552905,0,0,709.38889
8040,177,7867,1123,4d96_5PA_D_501,6,smina,0.294237,0.13758386,2.1386001,0,0,4.2198635
8041,177,4758,679,2pir_NK_A_933,5,autodock,0.38813737,0.13696015,2.8339429,0,0.53172694,5.8778344
8042,177,8698,1242,4i9n_1E6_C_401,4,gnina,0.65202858,0.13667537,4.7706361,0,0.8655176,12.727864
8043,177,6556,936,3vnj_PSJ_B_301,4,gnina,0.50082785,0.13640757,3.6715539,0,0.0038409607,3.9473556
8044,177,6171,881,3rsc_TYD_A_397,4,gnina,0.49432228,0.13611585,3.631628,0,0.95452215,5.7692464
8045,177,6173,881,3rsc_TYD_A_397,6,smina,0.294237,0.13587149,2.1655526,0,0,5.0815933
8046,177,4289,612,2hi4_BHF_A_800,5,autodock,0.38182132,0.13497106,2.8289115,0,0,34.710519
8047,177,8684,1240,4i9n_1E6_A_401,4,gnina,0.65888865,0.13457465,4.8960819,0,0.84634554,12.978746
8048,177,5674,810,2xyj_WLM_B_1442,4,gnina,0.62491453,0.13406382,4.6613202,0,0.9293051,8.4520375
8049,177,7888,1126,4dd8_BAT_A_1000,6,smina,0.45655555,0.1334803,3.4203956,0,0,11.609531
8050,177,508,72,1fs5_16G_B_2267,4,gnina,0.48074578,0.13332826,3.6057296,0,1.8410498e-06,3.188571
8051,177,6458,922,3v7u_MTA_A_301,4,gnina,0.422788,0.13264005,3.1874828,0,0.18004913,3.5624839
8052,177,8705,1243,4i9n_1E6_D_401,4,gnina,0.63655185,0.13126147,4.849494,0,0.69695683,12.993399
8053,177,7851,1121,4d96_5PA_B_501,4,gnina,0.49432228,0.12870697,3.8406789,0,0,6.452109
8054,177,7858,1122,4d96_5PA_C_402,4,gnina,0.49432228,0.12870697,3.8406789,0,0.32340574,7.4577806
8055,177,1399,199,1kdo_C_B_6407,6,smina,0.30224908,0.12773295,2.3662567,0,0,4.8356442
8056,177,301,43,1dna_CB3_A_601,0,surfdock,0.39474307,0.12758666,3.0939202,0,0,4.999035
8057,177,7865,1123,4d96_5PA_D_501,4,gnina,0.49432228,0.12736356,3.8811898,0,0.80265359,6.7881425
8058,177,2848,406,1vzu_UDP_A_1371,6,smina,0.294237,0.12692766,2.3181462,0,0,6.5050975
8059,177,9258,1322,4mol_2FG_C_703,4,gnina,0.49097661,0.12670985,3.874809,0,0.090086444,73.077993
8060,177,12754,1822,5jtt_6MY_A_902,0,surfdock,0.39474307,0.12579208,3.1380589,0,0,3.9764336
8061,177,14125,2017,5x5d_UMP_D_401,6,smina,0.294237,0.12572973,2.3402331,0,0,2.7632114
8062,178,2539,362,1tiw_TFB_A_2002,5,autodock,0.48793002,0.18651875,2.6159828,0,0.97517751,4.8659034
8063,178,319,45,1dpm_EBP_A_900,4,gnina,0.40562412,0.18138756,2.236228,0,0.60968361,2.9678272
8064,178,13145,1877,5njb_BB2_C_502,6,smina,0.43114017,0.17343995,2.4858172,0,0,12.832878
8065,178,13138,1876,5njb_BB2_A_502,6,smina,0.4265261,0.17070748,2.4985778,0,0,11.975725
8066,178,8004,1143,4e7v_CRS_G_101,3,diffdock_l,0.10905044,0.13483674,0.80875808,0,1.0969718e-27,56.518051
8067,178,8025,1146,4e7v_CRS_O_101,3,diffdock_l,0.10709908,0.13242396,0.80875808,0,1.4047648e-32,19.065221
8068,178,1566,223,1lqp_FCN_B_4001,5,autodock,0.31542505,0.13129185,2.4024715,0,0,47.005261
8069,178,1573,224,1lqp_FCN_B_4003,5,autodock,0.31548436,0.13055512,2.4164832,0,0,5.3124601
8070,178,7592,1084,4clo_XP0_B_1270,4,gnina,0.42767406,0.12764909,3.3503876,0,0.0088290075,4.3315694
8071,178,109,15,1amq_PMP_A_413,4,gnina,0.46644114,0.12660225,3.6843028,0,0.4671525,2.5934
8072,178,16920,2417,6rhc_K48_A_305,1,unimol,1.0346878,0.12615706,8.2015839,0,0.96944913,16.87
8073,178,10023,1431,4ug6_XFJ_A_904,6,smina,0.28505716,0.12591333,2.2639148,0,9.8059185e-09,5.8755988
8074,178,11093,1584,5c7v_PYC_A_804,5,autodock,0.38158884,0.12480581,3.0574596,0,1.7462792e-05,5.9484271
8075,178,9925,1417,4tqi_6BD_B_201,6,smina,0.22940656,0.12306493,1.8641089,0,3.3652731e-07,2.604297
8076,178,16237,2319,6ncx_ADA_C_601,4,gnina,0.42781097,0.12265472,3.4879282,0,0.00094015983,7.0166567
8077,178,8018,1145,4e7v_CRS_M_101,3,diffdock_l,0.098969387,0.1223719,0.80875808,0,2.6410272e-21,44.546997
8078,178,272,38,1d7a_AIR_B_350,6,smina,0.27408058,0.12222836,2.2423639,0,1.3100869e-06,3.2000128
8079,178,8046,1149,4e7v_CRS_U_101,3,diffdock_l,0.098829906,0.12219944,0.80875808,0,0.8411833,19.448093
8080,178,9685,1383,4q3a_2YC_C_904,4,gnina,0.5584442,0.121308,4.6035223,0,0.94567573,5.7529853
8081,178,8032,1147,4e7v_CRS_Q_101,3,diffdock_l,0.098072302,0.12126269,0.80875808,0,0.23367419,20.363731
8082,178,7990,1141,4e7v_CRS_3_101,3,diffdock_l,0.097884509,0.12103049,0.80875808,0,1.3404918e-36,15.835941
8083,178,10140,1448,4v3w_E2Z_B_800,4,gnina,0.47366937,0.12014715,3.9424095,0,1.3316878e-13,5.2490657
8084,178,10133,1447,4v3w_E2Z_A_800,4,gnina,0.49539999,0.1199388,4.1304388,0,1.0010576e-10,5.1127406
8085,178,9918,1416,4tqi_6BD_A_201,6,smina,0.22715987,0.11989954,1.8945841,0,7.9810697e-06,2.3365475
8086,178,8053,1150,4e7v_CRS_Y_101,3,diffdock_l,0.096955413,0.1198817,0.80875808,0,5.6135358e-97,19.648538
8087,178,14830,2118,6btq_E8S_A_305,4,gnina,0.49549113,0.11954594,4.1447749,0,0.00071552896,8.5367686
8088,178,11955,1707,5g09_6DF_B_1474,6,smina,0.44430111,0.1187382,3.741854,0,0.99165245,3.9299473
8089,178,7983,1140,4e7v_CRS_1_101,3,diffdock_l,0.095669978,0.11829231,0.80875808,0,7.1319021e-91,18.784088
8090,178,8011,1144,4e7v_CRS_I_101,3,diffdock_l,0.095383861,0.11793853,0.80875808,0,2.271459e-21,20.857884
8091,178,8084,1154,4ejh_0QA_A_502,6,smina,0.37586256,0.11719193,3.2072382,0,0,2.5583294
8092,178,9720,1388,4qbz_D80_A_917,4,gnina,0.43182418,0.11698621,3.6912391,0,0.010785658,4.7324277
8093,178,11276,1610,5ddu_PMP_B_601,6,smina,0.25760747,0.11676372,2.2062278,0,0.95153077,2.0750591
8094,178,17686,2526,7ak3_RH8_A_501,4,gnina,0.46644114,0.11670921,3.9966085,0,0.99069143,5.1088756
8095,178,12975,1853,5m0e_7CR_A_922,4,gnina,0.60828421,0.11602648,5.2426314,0,0.92014125,8.1763124
8096,178,12635,1805,5j61_A3G_F_501,0,surfdock,0.53139703,0.11567072,4.5940485,0,0,3.7475688
8097,178,8039,1148,4e7v_CRS_S_101,3,diffdock_l,0.093307613,0.11537133,0.80875808,0,0.88145343,27.984631
8098,178,7997,1142,4e7v_CRS_E_101,3,diffdock_l,0.093294655,0.11535531,0.80875808,0,8.3211364e-55,20.298933
8099,178,12200,1742,5ha7_WY1_B_402,6,smina,0.20867393,0.11498891,1.8147299,0,0,3.2009946
8100,178,12642,1806,5j61_A3G_G_501,0,surfdock,0.53139703,0.11384058,4.6679044,0,0,3.728182
8101,178,12649,1807,5j61_A3G_H_501,0,surfdock,0.53139703,0.11384058,4.6679044,0,0,3.6711074
8102,178,15280,2182,6flu_DTK_A_404,6,smina,0.23571255,0.11379091,2.0714524,0,0.013754316,2.72614
8103,178,661,94,1giu_ADE_A_300,3,diffdock_l,0.09176409,0.11346282,0.80875808,0,0,13.81623
8104,178,872,124,1h48_GPP_C_904,4,gnina,0.56890687,0.11317968,5.0265803,0,0.08741935,4.1632337
8105,178,10021,1431,4ug6_XFJ_A_904,4,gnina,0.49106712,0.11251057,4.3646302,0,4.008391e-09,4.6112421
8106,178,14893,2127,6cdy_EY1_A_501,4,gnina,0.46644114,0.11237646,4.1507006,0,0.95784545,5.9603789
8107,178,15691,2241,6jc7_F0G_D_601,4,gnina,0.6557709,0.11232635,5.8380852,0,4.752329e-06,7.6880615
8108,178,14900,2128,6cdy_EY1_B_501,4,gnina,0.46585755,0.11223586,4.1507006,0,0.10458001,6.6577713
8109,178,11822,1688,5fli_QUE_D_301,6,smina,0.29115583,0.11158217,2.609339,0,0,2.9279246
8110,178,15693,2241,6jc7_F0G_D_601,6,smina,0.2991614,0.11157975,2.6811433,0,1.9152359e-07,5.9662486
8111,178,15273,2181,6flu_DTK_A_403,6,smina,0.22687782,0.11139856,2.0366306,0,4.471192e-07,2.9046335
8112,179,11274,1610,5ddu_PMP_B_601,4,gnina,0.81880937,0.16181982,5.0600057,0,0.08820023,6.2863712
8113,179,7473,1067,4cb5_93G_A_1484,4,gnina,0.47890054,0.16081443,2.9779689,0,0.00011797458,4.1025466
8114,179,14895,2127,6cdy_EY1_A_501,6,smina,0.46074552,0.15680591,2.9383163,0,0,3.6565794
8115,179,3270,467,1zk0_SS2_A_1260,1,unimol,0.73768963,0.14834625,4.9727545,0,0.96934391,13.76
8116,179,13033,1861,5m8d_UGI_B_501,6,smina,0.4984543,0.14718594,3.3865609,0,0,6.5356727
8117,179,5921,845,2zm9_ACA_A_501,6,smina,0.20743774,0.14605761,1.4202451,0,0,5.5096223
8118,179,11929,1704,5fzn_FB2_A_1615,1,unimol,0.69614037,0.14408147,4.8315735,0,0.99330165,19.66
8119,179,6549,935,3vnj_PSJ_A_301,4,gnina,0.43373676,0.14224785,3.0491612,0,0,4.210625
8120,179,9687,1383,4q3a_2YC_C_904,6,smina,0.3762681,0.13778144,2.7309046,0,0,3.8876918
8121,179,13010,1858,5m66_ADN_A_502,4,gnina,0.67285198,0.13701604,4.9107523,0,0.98751088,6.7753219
8122,179,3925,560,2ef9_PEP_B_2268,5,autodock,0.49672936,0.13574122,3.6593838,0,0.79017853,7.4541714
8123,179,1915,273,1o28_UFP_D_718,4,gnina,0.47890419,0.1352555,3.5407362,0,0.97546343,4.1035026
8124,179,17688,2526,7ak3_RH8_A_501,6,smina,0.47529474,0.13462167,3.5305951,0,0,4.8746977
8125,179,3918,559,2ef9_PEP_A_1268,5,autodock,0.4830242,0.13199601,3.6593838,0,0.91092724,7.1972272
8126,179,13997,1999,5wct_GY4_A_303,4,gnina,0.42424106,0.12781227,3.3192503,0,6.8158649e-10,5.0095506
8127,179,4248,606,2gyv_HBP_B_545,6,smina,0.29157893,0.126898,2.2977417,0,0,7.760707
8128,179,9246,1320,4mju_27S_A_501,6,smina,0.38339665,0.12587632,3.0458193,0,0.00017287432,4.3475016
8129,179,11480,1640,5edh_5MF_A_803,0,surfdock,0.53059442,0.12584518,4.2162466,0,0,4.0937483
8130,179,16265,2323,6nga_KL7_A_803,4,gnina,0.49355,0.12536994,3.9367483,0,7.403723e-07,5.1096803
8131,179,5914,844,2zm7_ACA_A_501,6,smina,0.20743774,0.1219348,1.7012177,0,8.0300292e-12,4.742191
8132,179,1901,271,1o28_UFP_B_708,4,gnina,0.42429128,0.12182295,3.4828508,0,1.0721248e-05,4.9811356
8133,179,1908,272,1o28_UFP_C_713,4,gnina,0.42426871,0.12031587,3.5262895,0,0.9507085,4.5425378
8134,179,17455,2493,6vv9_RQ1_B_304,4,gnina,0.43825153,0.12020397,3.6458979,0,0.07095495,6.047024
8135,179,1922,274,1o29_UFP_A_803,4,gnina,0.42424436,0.11981809,3.5407362,0,7.9691224e-06,4.5643243
8136,179,16251,2321,6ng5_KMD_A_803,4,gnina,0.56186107,0.11973453,4.6925559,0,0,5.1608901
8137,179,17448,2492,6vv9_RQ1_A_202,4,gnina,0.42427264,0.11951652,3.549907,0,3.9642595e-06,6.2801646
8138,179,10674,1524,4zsy_RW2_A_502,6,smina,0.53718032,0.11933774,4.5013437,0,8.2692632e-06,6.6981951
8139,179,10688,1526,4zsy_RW2_C_502,6,smina,0.53778706,0.1188506,4.524899,0,0.99436256,9.9133236
8140,179,11841,1691,5fli_QUE_G_301,4,gnina,0.57304134,0.1173099,4.8848495,0,0.92247166,7.3092218
8141,179,16545,2363,6png_OSG_A_803,4,gnina,0.46949528,0.11562835,4.0603809,0,0.071864658,4.2746433
8142,179,4659,665,2o7b_HC4_E_701,4,gnina,0.60080574,0.11501675,5.2236362,0,0.98073718,18.039524
8143,179,12513,1787,5iuy_BOG_B_503,4,gnina,0.55665673,0.11451001,4.8612051,0,0.91383303,5.9409109
8144,179,3914,559,2ef9_PEP_A_1268,1,unimol,1.0007228,0.11413966,8.7675285,0,0.97739451,21.05
8145,179,4645,663,2o7b_HC4_C_701,4,gnina,0.60118985,0.11381842,5.2820072,0,0.97979032,16.394807
8146,179,4638,662,2o7b_HC4_A_701,4,gnina,0.59993838,0.11358149,5.2820072,0,0.97827822,20.880618
8147,179,4652,664,2o7b_HC4_D_701,4,gnina,0.59919451,0.11344066,5.2820072,0,0.97906581,25.351461
8148,179,4946,706,2qd4_CHD_A_802,4,gnina,0.57652222,0.11243214,5.1277342,0,2.2153881e-08,4.1855827
8149,179,15670,2238,6jc7_F0G_A_601,4,gnina,0.66136099,0.11186256,5.9122629,0,2.7980336e-05,7.4776471
8150,179,15705,2243,6jk9_BU0_A_501,4,gnina,0.49355,0.11177052,4.4157429,0,3.6679374e-05,8.5871187
8151,179,16482,2354,6ooi_PGA_G_301,4,gnina,0.43148166,0.11141422,3.8727691,0,0.97590874,5.6318671
8152,179,10525,1503,4z69_DIF_I_1006,4,gnina,0.5684757,0.11115932,5.1140614,0,6.2971082e-05,3.9592091
8153,179,16293,2327,6nh0_KND_A_803,4,gnina,0.57152149,0.11113282,5.1426878,0,1.9893493e-08,5.88095
8154,179,15308,2186,6flu_DTK_B_402,6,smina,0.20721274,0.1108526,1.8692627,0,0.27144741,2.9463915
8155,179,11248,1606,5d8u_0N8_A_203,6,smina,0.22861045,0.11029373,2.072741,0,2.5664386e-08,3.7009423
8156,179,6937,991,3wzo_ZOE_C_201,0,surfdock,0.52975995,0.11024405,4.8053374,0,0,4.2061552
8157,179,2447,349,1syf_THP_A_180,4,gnina,0.47890054,0.10995082,4.3555875,0,0.43906068,5.0040687
8158,179,489,69,1fqo_F6R_A_1268,6,smina,0.20683953,0.10990663,1.8819559,0,0.034036905,2.4400941
8159,179,16552,2364,6png_OSG_B_801,4,gnina,0.44352494,0.10987662,4.0365715,0,0.12329537,4.4860271
8160,179,1587,226,1lro_PEP_B_2268,5,autodock,0.41783223,0.10983888,3.8040459,0,0.49870086,6.6087694
8161,179,16286,2326,6ngu_KMJ_B_803,4,gnina,0.52238673,0.10941493,4.774363,0,0,5.3721606
8162,180,11843,1691,5fli_QUE_G_301,6,smina,0.41505138,0.15930907,2.6053207,0,0,2.4298453
8163,180,17427,2489,6vmz_R3P_E_403,4,gnina,0.42094014,0.15825089,2.6599534,0,0,4.8177553
8164,180,17413,2487,6vmz_R3P_A_404,4,gnina,0.42094014,0.15825089,2.6599534,0,0.94672091,10.540711
8165,180,916,130,1h5r_THM_B_1292,6,smina,0.18499408,0.14956359,1.2368915,0,0,1.6963492
8166,180,10864,1552,5a86_D7E_B_1432,0,surfdock,0.53014375,0.1441072,3.6788142,0,0,4.5542455
8167,180,909,129,1h5r_THM_A_1292,6,smina,0.18810454,0.1407161,1.3367653,0,0,1.6962305
8168,180,3861,551,2e56_MYR_A_601,4,gnina,0.42094021,0.13763047,3.0584803,0,8.3647027e-10,4.6346502
8169,180,1917,273,1o28_UFP_D_718,6,smina,0.46618075,0.1311336,3.5550051,0,0.83562159,3.3174324
8170,180,17331,2475,6uqd_QF4_A_501,6,smina,0.4758005,0.13031418,3.6511788,0,0,16.964389
8171,180,17329,2475,6uqd_QF4_A_501,4,gnina,0.51384542,0.1279772,4.0151315,0,4.0563183e-10,11.830351
8172,180,3168,452,1zb6_GST_A_502,4,gnina,0.42094014,0.12797672,3.2891922,0,0.3985028,4.3346398
8173,180,10518,1502,4z69_DIF_A_1008,4,gnina,0.49077849,0.12586593,3.8992155,0,0.014437936,5.6755911
8174,180,4241,605,2gyv_HBP_A_1409,6,smina,0.29090651,0.12582658,2.3119628,0,0,11.106429
8175,180,3679,525,2c5b_5F1_A_500,4,gnina,0.49077849,0.12331146,3.97999,0,0,3.7077901
8176,180,3686,526,2c5b_5F1_C_500,4,gnina,0.49077849,0.12304746,3.9885292,0,0,3.9836804
8177,180,1706,243,1mmx_FUC_B_348,5,autodock,0.5640306,0.12303214,4.5844159,0,0.99511246,27.57977
8178,180,2910,415,1w62_PYC_A_700,5,autodock,0.50961973,0.1218018,4.1840072,0,0.99455771,39.042099
8179,180,6122,874,3rgz_BLD_A_800,4,gnina,0.49198023,0.12101358,4.065495,0,0.9708063,5.6475863
8180,180,13759,1965,5unx_8F1_B_803,4,gnina,0.59645227,0.12054025,4.9481578,0,5.054284e-06,7.7350676
8181,180,11974,1710,5g0v_JDD_B_1271,4,gnina,0.49246123,0.11969564,4.1142778,0,2.2011629e-05,7.6603765
8182,180,3382,483,2a15_NCA_A_1001,1,unimol,0.87612067,0.1189157,7.3675771,0,0.98346168,14.23
8183,180,8523,1217,4i0b_CMP_A_301,4,gnina,0.43266411,0.11822656,3.6596177,0,0.99414521,3.5531198
8184,180,14627,2089,6a2m_9QR_B_701,4,gnina,0.6301383,0.11676699,5.396544,0,1.4774125e-08,8.9599625
8185,180,12758,1822,5jtt_6MY_A_902,4,gnina,0.49077849,0.11592355,4.2336383,0,0.99699959,4.0455604
8186,180,8006,1143,4e7v_CRS_G_101,5,autodock,0.50945479,0.11579485,4.3996315,0,0.92394001,30.394555
8187,180,9899,1414,4tq4_DMA_C_403,1,unimol,0.91305842,0.11572918,7.8896117,0,0.55932884,23.13
8188,180,9906,1415,4tq4_DMA_D_403,1,unimol,0.91484799,0.11552181,7.9192653,0,0.91636666,21.69
8189,180,6514,930,3vc3_C6P_D_501,4,gnina,0.70818352,0.11543142,6.1351008,0,0.93963866,9.8743895
8190,181,8525,1217,4i0b_CMP_A_301,6,smina,0.47015003,0.17852165,2.6335733,0,0,4.1101583
8191,181,12760,1822,5jtt_6MY_A_902,6,smina,0.47632822,0.17301546,2.7530954,0,0.63970914,2.875648
8192,181,5906,843,2zka_AZA_A_302,5,autodock,0.58161889,0.15199216,3.8266366,0,0.98642913,2.1504373
8193,181,14573,2081,5zgr_ZZ7_B_303,6,smina,0.28515061,0.15167785,1.8799742,0,0.034876088,5.6360964
8194,181,12144,1734,5h24_LQG_A_501,6,smina,0.22931656,0.15120956,1.5165471,0,0,2.6940944
8195,181,5102,728,2qx9_ML2_A_234,6,smina,0.14124931,0.14820448,0.95306939,0,0,1.9279081
8196,181,11071,1581,5c38_DA8_A_403,4,gnina,0.55731217,0.14321473,3.8914435,0,1.167558e-05,6.8069255
8197,181,5095,727,2qx9_ML2_A_233,6,smina,0.14124922,0.1431482,0.9867332,0,0,1.8522765
8198,181,9392,1341,4n9v_AZA_A_401,5,autodock,0.51999686,0.13632229,3.814466,0,0.99818906,2.5334619
8199,181,11799,1685,5fkl_TDC_A_222,4,gnina,0.42158198,0.13394278,3.1474771,0,0,3.6784918
8200,181,17268,2466,6tot_NRK_B_401,6,smina,0.45627397,0.12999552,3.5099196,0,0.87590499,8.0937229
8201,181,17261,2465,6tot_NRK_A_401,6,smina,0.44721426,0.12714508,3.5173531,0,0.90011638,6.2760039
8202,181,14951,2135,6cut_FEJ_B_401,6,smina,0.48565902,0.11960872,4.0603971,0,0.97164883,6.2223854
8203,181,14944,2134,6cut_FEJ_A_401,6,smina,0.47955839,0.11810625,4.0603971,0,0.96674825,5.4878495
8204,181,67,9,1aia_PMP_A_411,4,gnina,0.49627676,0.11770612,4.2162347,0,0.95144949,3.2216116
8205,181,74,10,1aia_PMP_B_411,4,gnina,0.49611305,0.11735329,4.2275162,0,0.94866523,3.4244382
8206,181,3833,547,2dv0_ZST_A_600,4,gnina,0.49003251,0.11577013,4.2328053,0,0.97243901,5.3074447
8207,181,5737,819,2yjd_YJD_B_1498,4,gnina,0.42158198,0.11548353,3.6505802,0,0.0016560646,5.0063115
8208,181,4141,591,2fz8_ZST_A_600,4,gnina,0.49212416,0.11537876,4.2652917,0,0.99334807,7.6681023
8209,181,10772,1538,4zvz_4TF_B_503,6,smina,0.23953386,0.1146856,2.0886123,0,0.72124788,2.490093
8210,181,874,124,1h48_GPP_C_904,6,smina,0.19364861,0.11418899,1.6958597,0,0,3.2792765
8211,181,16559,2365,6png_OSG_B_804,4,gnina,0.44000538,0.11363235,3.8721831,0,9.5026989e-06,4.723086
8212,181,13192,1884,5o3b_9HZ_D_501,4,gnina,0.4888995,0.1121498,4.3593426,0,0,6.4627545
8213,181,8170,1167,4f8n_PC_A_202,1,unimol,0.74395066,0.11198113,6.6435351,0,0.92965042,16.7
8214,181,13626,1946,5u8z_83D_B_602,4,gnina,0.42158199,0.11167025,3.775239,0,1.5370638e-06,30.061559
8215,181,13640,1948,5u8z_83D_D_602,4,gnina,0.42158198,0.11167025,3.775239,0,4.3888664e-08,10.547421
8216,181,13178,1882,5o3b_9HZ_B_501,4,gnina,0.4888995,0.11151724,4.3840699,0,0,9.2043017
8217,181,16307,2329,6nhd_KNV_B_803,4,gnina,0.51060209,0.11109643,4.596025,0,5.2273014e-12,4.9723682
8218,181,13633,1947,5u8z_83D_C_602,4,gnina,0.42158199,0.11087964,3.8021576,0,3.5625618e-07,10.990908
8219,181,13171,1881,5o3b_9HZ_A_501,4,gnina,0.4888995,0.11065482,4.4182386,0,0,8.1551839
8220,181,17240,2462,6toj_NQQ_A_201,6,smina,0.26375519,0.11034824,2.3902066,0,0,6.4022906
8221,181,13619,1945,5u8z_83D_A_602,4,gnina,0.42158198,0.10991555,3.8355072,0,0,10.229188
8222,181,11451,1635,5dzh_5KG_B_901,6,smina,0.30227605,0.10982157,2.7524278,0,0,3.2905302
8223,181,9388,1341,4n9v_AZA_A_401,1,unimol,0.86996056,0.10967125,7.9324384,0,0.97544483,15.23
8224,181,14116,2016,5x5d_UMP_C_401,4,gnina,0.52783681,0.10824296,4.8764067,0,0.98271806,5.6065292
8225,181,13185,1883,5o3b_9HZ_C_501,4,gnina,0.47645007,0.10766977,4.4251041,0,0,7.1275231
8226,181,12193,1741,5ha7_WY1_A_402,6,smina,0.20556252,0.10750327,1.9121504,0,0,3.3832282
8227,181,12296,1756,5hyv_TPP_A_701,4,gnina,0.58832396,0.1073562,5.4801106,0,0.009534525,6.714965
8228,181,7487,1069,4cdt_M48_A_801,4,gnina,0.48831503,0.10709263,4.5597434,0,3.4183517e-08,5.6012896
8229,181,10786,1540,4zvz_4TF_D_503,6,smina,0.24966297,0.10684587,2.3366637,0,0.43304494,2.3491246
8230,181,14683,2097,6ald_2FP_A_700,4,gnina,0.48683392,0.10679784,4.5584612,0,2.1624969e-06,7.1249077
8231,181,14690,2098,6ald_2FP_B_700,4,gnina,0.48683392,0.10679784,4.5584612,0,3.3368578e-06,5.9183163
8232,181,81,11,1aiq_CB3_A_266,4,gnina,0.58625967,0.10658881,5.5001979,0,0.18852995,10.181382
8233,181,5902,843,2zka_AZA_A_302,1,unimol,0.84131481,0.10499268,8.0130796,0,0.97175762,17.7
8234,181,4834,690,2pye_7PE_A_504,4,gnina,0.38483129,0.10459624,3.6792068,0,7.8604028e-10,7.7437895
8235,181,13012,1858,5m66_ADN_A_502,6,smina,0.44436066,0.10426816,4.2617092,0,0.97255891,2.4375647
8236,181,10046,1435,4umd_CIT_A_1174,1,unimol,0.86566,0.10403181,8.3211079,0,0.66789634,22.32
8237,181,14151,2021,5x86_TMP_A_205,4,gnina,0.42158198,0.10390574,4.0573492,0,0,4.4380964
8238,181,17043,2434,6sjs_THH_B_901,5,autodock,0.37963194,0.1034609,3.6693268,0,0,2.6210897
8239,181,774,110,1h1i_QUE_C_1358,4,gnina,0.47645007,0.10345466,4.6053987,0,0.98421302,4.755034
8240,182,2841,405,1vzd_UFP_A_317,6,smina,0.18786562,0.23075409,0.81413674,0,1.7066449e-05,2.8131185
8241,182,69,9,1aia_PMP_A_411,6,smina,0.43607281,0.20188181,2.1600392,0,0.95587966,2.3191766
8242,182,76,10,1aia_PMP_B_411,6,smina,0.43298923,0.19939563,2.1715071,0,0.00028166046,2.1406798
8243,182,14216,2030,5xmq_PLG_A_501,6,smina,0.29258627,0.18134285,1.6134416,0,0.98103566,4.8102193
8244,182,14223,2031,5xmq_PLG_B_501,6,smina,0.29258189,0.1788437,1.6359632,0,0.98007759,4.8560931
8245,182,15434,2204,6gl4_GLU_B_301,6,smina,0.1421977,0.1655264,0.85906255,0,2.4383845e-05,2.1282445
8246,182,15209,2172,6f7r_CIT_A_1003,5,autodock,0.35418752,0.15709753,2.25457,0,0.012203881,13.411015
8247,182,10749,1535,4zvv_GN0_B_404,4,gnina,0.57203148,0.15656555,3.6536219,0,0.99547552,10.169628
8248,182,17029,2432,6sj8_44V_A_901,5,autodock,0.41407877,0.15378859,2.6925185,0,0,3.0080053
8249,182,7208,1029,4ajj_MLI_D_1333,5,autodock,0.59230068,0.14989157,3.9515266,0,0.96001536,5.9869185
8250,182,111,15,1amq_PMP_A_413,6,smina,0.25717937,0.14339944,1.7934465,0,0.11163794,2.121488
8251,182,16010,2287,6lit_2OH_B_501,1,unimol,0.88914263,0.1379081,6.4473553,0,0,19.67
8252,182,14118,2016,5x5d_UMP_C_401,6,smina,0.45075528,0.13782153,3.2705715,0,0,3.2361968
8253,182,16003,2286,6lit_2OH_A_501,1,unimol,0.88849724,0.137808,6.4473553,0,0.81148325,21.03
8254,182,17036,2433,6sj8_44V_B_901,5,autodock,0.37370936,0.13759316,2.7160451,0,0,3.5593436
8255,182,14550,2078,5zg2_ZK1_B_901,4,gnina,0.48906613,0.13758366,3.5546808,0,0.979768,4.8255014
8256,182,10756,1536,4zvv_GN0_C_403,4,gnina,0.48906613,0.13594993,3.597398,0,0.99384059,7.6917585
8257,182,2355,336,1s1f_PIM_A_431,3,diffdock_l,0.11037969,0.13557864,0.81413674,0,0.00017657503,18.96194
8258,182,7201,1028,4ajj_MLI_A_1333,5,autodock,0.50850869,0.13533795,3.7573242,0,0,16.224222
8259,182,2224,317,1q20_PLO_A_401,5,autodock,0.41743087,0.13326208,3.1324046,0,0,51.649052
8260,182,16258,2322,6ng5_KMD_B_803,4,gnina,0.48906613,0.13104177,3.7321384,0,3.2003711e-10,5.1660656
8261,182,14726,2103,6ayv_MLI_A_409,5,autodock,0.50650068,0.13091079,3.8690512,0,0.8776113,9.8496917
8262,182,9477,1353,4nkw_PLO_B_601,6,smina,0.31038882,0.13009371,2.3858855,0,0,2.2062187
8263,182,9470,1352,4nkw_PLO_A_601,6,smina,0.31130351,0.12883304,2.416332,0,0,2.2842498
8264,182,9491,1355,4nkw_PLO_D_601,6,smina,0.31104377,0.12872554,2.416332,0,0,2.1402446
8265,182,2301,328,1r4s_MUA_A_800,5,autodock,0.4311449,0.12803932,3.3672843,0,0,1.9358777
8266,182,14412,2058,5ybp_8SX_B_303,6,smina,0.29258627,0.12761714,2.2926869,0,0,4.2019395
8267,182,5604,800,2xta_TPP_B_2001,4,gnina,0.66763559,0.12567585,5.3123608,0,0,31.389462
8268,182,1825,260,1nmm_NAG_B_403,5,autodock,0.54930067,0.1249968,4.3945169,0,0.9959926,29.601073
8269,182,1832,261,1nmm_NAG_D_527,5,autodock,0.54765327,0.12462192,4.3945169,0,0.98266007,45.501763
8270,182,2643,377,1tvw_CB3_A_318,4,gnina,0.46889702,0.12424893,3.7738507,0,7.7561149e-11,10.72032
8271,182,14711,2101,6av2_BY7_B_803,4,gnina,0.46527154,0.12350251,3.7673035,0,1.4010208e-12,6.1281796
8272,182,5611,801,2xta_TPP_C_2001,4,gnina,0.64455704,0.1234267,5.2221837,0,0,16.944621
8273,182,8677,1239,4i9n_1E5_H_402,4,gnina,0.57835698,0.12215318,4.7346854,0,8.9851661e-09,9.4344582
8274,182,16260,2322,6ng5_KMD_B_803,6,smina,0.29258627,0.1221203,2.3958848,0,0,7.6689985
8275,182,12298,1756,5hyv_TPP_A_701,6,smina,0.22074713,0.12157294,1.8157579,0,0.75792227,7.70447
8276,182,10106,1443,4uzi_IMD_B_1455,5,autodock,0.35371774,0.1212913,2.9162655,0,0,2.8406439
8277,182,2941,420,1x09_IPE_A_901,1,unimol,0.84230026,0.12040826,6.9953685,0,0.85467088,23.59
8278,182,11985,1712,5g44_I6G_A_1510,1,unimol,0.88772951,0.120348,7.3763537,0,0.0014132077,24.43
8279,182,7839,1119,4d5e_TPP_B_1590,6,smina,0.29258627,0.11905389,2.4575942,0,0.96079979,6.5056724
8280,182,12549,1792,5j4k_6FZ_A_404,5,autodock,0.49387428,0.11796096,4.1867595,0,0.77593065,8.6612108
8281,182,10742,1534,4zvv_GN0_A_405,4,gnina,0.44354704,0.11770972,3.7681417,0,0.97904804,7.5220161
8282,182,14214,2030,5xmq_PLG_A_501,4,gnina,0.48906613,0.1174515,4.1639829,0,0,5.8792859
8283,182,14221,2031,5xmq_PLG_B_501,4,gnina,0.48906692,0.11603436,4.2148447,0,0.98032854,5.6334016
8284,182,14440,2062,5ybq_8T0_B_303,6,smina,0.29258627,0.11593943,2.5236123,0,0,4.1578568
8285,182,8495,1213,4i02_CMP_B_302,4,gnina,0.46936794,0.11582401,4.0524225,0,0.99747704,4.2324259
8286,182,4351,621,2iht_TPP_D_600,4,gnina,0.8312425,0.1155311,7.1949668,0,0.88169532,10.12294
8287,182,1744,249,1msv_PUT_B_355,1,unimol,1.0076419,0.11528439,8.7404871,0,0.91313909,20.3
8288,182,11491,1641,5edh_5MF_B_803,4,gnina,0.48731326,0.11518911,4.2305489,0,0.99529393,6.5782587
8289,182,8453,1207,4hzf_CMP_A_301,4,gnina,0.43467179,0.1151873,3.7736077,0,0.99443786,3.4799246
8290,183,16127,2303,6mpa_NAG_B_502,6,smina,0.14250582,0.17483908,0.81506747,0,0.0051221782,1.3829122
8291,183,14942,2134,6cut_FEJ_A_401,4,gnina,0.81117838,0.15893259,5.1039138,0,0.96912011,7.8016719
8292,183,14949,2135,6cut_FEJ_B_401,4,gnina,0.81101237,0.15890006,5.1039138,0,0.97066546,9.3956749
8293,183,12137,1733,5gzz_JAA_A_601,6,smina,0.21012947,0.15496387,1.3559891,0,0,1.6376973
8294,183,8497,1213,4i02_CMP_B_302,6,smina,0.51810299,0.15484494,3.3459463,0,0,2.8016705
8295,183,12772,1824,5k2c_ZMA_A_1201,4,gnina,0.41761034,0.1519261,2.7487719,0,0.95025355,5.0256522
8296,183,11768,1681,5fe4_5WY_B_904,1,unimol,0.75589593,0.15069862,5.0159435,0,0.99050938,13.98
8297,183,11761,1680,5fe4_5WY_A_903,1,unimol,0.75399545,0.15031974,5.0159435,0,0.99298581,20.48
8298,183,6271,895,3t3q_9PL_A_501,6,smina,0.21827062,0.14490257,1.5063258,0,0,1.44219
8299,183,11493,1641,5edh_5MF_B_803,6,smina,0.48290983,0.1437766,3.3587503,0,0,6.8937866
8300,183,9825,1403,4rii_TYD_A_401,4,gnina,0.49377271,0.13947304,3.5402725,0,0.91691665,5.4427426
8301,183,14552,2078,5zg2_ZK1_B_901,6,smina,0.53380703,0.13922122,3.8342352,0,0,3.6996818
8302,183,6521,931,3vc3_C6P_E_501,4,gnina,0.69580028,0.13686666,5.0837812,0,0.14070435,8.4492013
8303,183,8455,1207,4hzf_CMP_A_301,6,smina,0.48082979,0.13552541,3.547893,0,0,3.1957326
8304,183,10758,1536,4zvv_GN0_C_403,6,smina,0.54033242,0.1319126,4.0961385,0,0,6.4460268
8305,183,12661,1808,5j6y_GLC_A_309,5,autodock,0.54084611,0.13136239,4.1172056,0,0.014803571,16.41377
8306,183,2449,349,1syf_THP_A_180,6,smina,0.2491131,0.12791556,1.9474798,0,0,4.2474479
8307,183,12415,1773,5ihe_D5M_B_701,4,gnina,0.43523445,0.1268144,3.4320576,0,0.00025643383,7.4137502
8308,183,12657,1808,5j6y_GLC_A_309,1,unimol,0.87052299,0.12674757,6.8681622,0,0,15.74
8309,183,1342,191,1k5s_GRO_B_601,5,autodock,0.59598763,0.12631625,4.7182174,0,0.94406847,12.155069
8310,183,13049,1864,5mot_HBD_A_402,1,unimol,0.73945689,0.12515983,5.9080997,0,0.90821287,22.11
8311,183,12408,1772,5ihe_D5M_A_701,4,gnina,0.41805246,0.12192043,3.428895,0,2.2519875e-05,4.4518273
8312,183,10744,1534,4zvv_GN0_A_405,6,smina,0.48194759,0.12106822,3.9807925,0,0,6.3010104
8313,183,4039,577,2fhk_MFN_A_600,0,surfdock,0.52861269,0.12036284,4.3918252,0,0,4.7241905
8314,183,16350,2335,6ny7_L8J_A_303,5,autodock,0.33946527,0.11890389,2.8549542,0,0.0012853508,4.8257266
8315,183,15159,2165,6f76_CVK_A_203,4,gnina,0.48904623,0.11772701,4.1540689,0,0.22856339,6.9733956
8316,183,13894,1984,5vv5_9OJ_A_803,6,smina,0.40593391,0.11772128,3.4482617,0,3.9064046e-15,4.845485
8317,183,4143,591,2fz8_ZST_A_600,6,smina,0.54010392,0.11643441,4.6386957,0,0,6.374454
8318,183,7837,1119,4d5e_TPP_B_1590,4,gnina,0.81554347,0.11596568,7.0326266,0,0.99438554,7.6225723
8319,183,3835,547,2dv0_ZST_A_600,6,smina,0.52896683,0.11530438,4.5875683,0,0,6.3994189
8320,183,15684,2240,6jc7_F0G_C_601,4,gnina,0.65295226,0.11427722,5.7137561,0,2.9693368e-05,7.5176181
8321,183,4932,704,2qd1_CHD_D_802,4,gnina,0.49377271,0.11333783,4.3566442,0,5.6557695e-11,5.4673389
8322,183,13969,1995,5w5t_9X7_D_508,4,gnina,0.48370214,0.11252162,4.2987475,0,0.0020690356,63.152983
8323,183,13962,1994,5w5t_9X7_A_506,4,gnina,0.48356818,0.11249046,4.2987475,0,0,259.14313
8324,183,10751,1535,4zvv_GN0_B_404,6,smina,0.45373321,0.11182627,4.0574822,0,0,6.6909345
8325,183,14123,2017,5x5d_UMP_D_401,4,gnina,0.41761034,0.11171127,3.7382998,0,0.57401564,5.638374
8326,183,6528,932,3vc3_C6P_F_501,4,gnina,0.56390646,0.11105501,5.0777211,0,0.93901863,8.8147631
8327,183,8474,1210,4i02_CMP_A_301,4,gnina,0.48904623,0.11015564,4.4395924,0,0.44397894,4.8181437
8328,183,8686,1240,4i9n_1E6_A_401,6,smina,0.38131395,0.11015122,3.4617305,0,0.93247842,9.5134638
8329,183,16188,2312,6n0z_DP6_F_401,4,gnina,0.48904623,0.10988909,4.4503613,0,0,6.5771969
8330,183,8700,1242,4i9n_1E6_C_401,6,smina,0.38941894,0.1094625,3.5575547,0,0.93120851,10.022802
8331,183,5496,785,2wj4_HQD_D_1278,1,unimol,0.79729881,0.10876465,7.3304949,0,0.99555117,21.08
8332,183,16174,2310,6n0z_DP6_C_401,4,gnina,0.48904623,0.1079415,4.5306592,0,0.42066499,6.6036019
8333,183,15369,2195,6fs7_E4Z_E_903,4,gnina,0.48904623,0.10763849,4.5434132,0,7.9319298e-05,7.4701527
8334,183,15348,2192,6fs7_E4Z_B_903,4,gnina,0.48904623,0.10643823,4.5946474,0,0.97425128,7.3453941
8335,183,13035,1862,5mdh_MAK_A_335,1,unimol,0.64992204,0.10617778,6.1210732,0,0.84825966,18.77
8336,183,17630,2518,6zi7_QR8_C_502,4,gnina,0.41809693,0.10598922,3.9447107,0,0.81453428,6.9325332
8337,183,17637,2519,6zi7_QR8_D_502,4,gnina,0.41761048,0.10592333,3.9425721,0,0.00070660118,7.11091
8338,183,13053,1864,5mot_HBD_A_402,5,autodock,0.35817656,0.10555469,3.3932784,0,0,5.1791107
8339,183,11645,1663,5ew8_5SF_B_802,4,gnina,0.64820163,0.10541521,6.1490321,0,0.98871276,7.7974296
8340,184,2925,417,1wc7_PP3_A_1214,6,smina,0.21097308,0.20451121,1.0315957,0,1.1723819e-05,6.6478204
8341,184,5389,769,2vzu_PNJ_A_1901,6,smina,0.29112444,0.1952739,1.4908508,0,0,3.6378271
8342,184,12977,1853,5m0e_7CR_A_922,6,smina,0.41481046,0.1846932,2.2459424,0,0,10.093862
8343,184,17767,2538,7joc_ARZ_A_302,1,unimol,0.878528,0.17460288,5.0315771,0,0.98719574,27.77
8344,184,11478,1639,5e9m_BAE_A_2001,5,autodock,0.36440115,0.16855563,2.1619034,0,0.0042430234,2.9608678
8345,184,9827,1403,4rii_TYD_A_401,6,smina,0.43846969,0.15251425,2.8749416,0,0,9.355648
8346,184,12947,1849,5lwy_OLB_A_403,4,gnina,0.4916654,0.15208774,3.2327738,0,0,9.6932305
8347,184,13740,1962,5unr_8EV_A_803,6,smina,0.29112444,0.14377776,2.0248215,0,0,4.2227903
8348,184,6474,924,3v8n_5NB_A_301,6,smina,0.20579796,0.13858621,1.4849806,0,0,2.3059591
8349,184,11486,1640,5edh_5MF_A_803,6,smina,0.29112444,0.13250305,2.197114,0,0,7.5110434
8350,184,8338,1191,4hey_4MZ_A_303,1,unimol,0.90426919,0.12829406,7.0484095,0,0,17.94
8351,184,2047,292,1p2s_ETF_A_400,3,diffdock_l,0.11698547,0.12791909,0.91452605,0,0,7.8625138
8352,184,2514,359,1thc_FL9_A_131,1,unimol,0.5898512,0.12749772,4.6263657,0,0.9819991,15.16
8353,184,2528,361,1thc_FL9_B_131,1,unimol,0.59236037,0.1262172,4.6931815,0,0.98618795,22.27
8354,184,5438,776,2wd2_MS5_A_1263,6,smina,0.27203544,0.1261021,2.1572623,0,0,4.9601338
8355,184,3870,552,2e56_MYR_A_701,6,smina,0.2297641,0.1247073,1.8424261,0,1.1473271e-06,3.6191959
8356,184,10259,1465,4wxb_CIT_D_501,4,gnina,0.42117088,0.12402894,3.3957458,0,0.018699635,7.3303185
8357,184,5387,769,2vzu_PNJ_A_1901,4,gnina,0.4916654,0.12335543,3.9857612,0,0.34050616,6.8931338
8358,184,13199,1885,5o3d_9J5_A_501,4,gnina,0.65875051,0.12300139,5.3556337,0,0.94692149,5.1390644
8359,184,7314,1044,4bbx_LKF_B_1760,6,smina,0.24948996,0.12231263,2.0397718,0,0,3.7574865
8360,184,501,71,1fs5_16G_A_1267,4,gnina,0.38094156,0.12151769,3.1348641,0,1.2464404e-07,2.8563562
8361,184,13738,1962,5unr_8EV_A_803,4,gnina,0.4916654,0.12054425,4.078712,0,5.5719371e-06,4.7744884
8362,184,10252,1464,4wxb_CIT_C_501,4,gnina,0.42032838,0.119372,3.521163,0,0,5.4464161
8363,184,5046,720,2qs2_UBF_B_602,6,smina,0.27600355,0.11870241,2.3251712,0,0,4.2311106
8364,184,12678,1811,5jep_EVF_B_302,1,unimol,1.0371435,0.11805377,8.7853479,0,0.99046955,15.58
8365,184,14545,2077,5zg2_ZK1_A_901,6,smina,0.22462914,0.11682531,1.9227771,0,0,5.1673956
8366,184,11498,1642,5edh_5MF_D_803,4,gnina,0.48367778,0.11648407,4.1523075,0,1.1401345e-08,8.5422058
8367,184,7307,1043,4bbx_LKF_A_1760,6,smina,0.23002277,0.11623062,1.9790195,0,0,3.2417964
8368,185,2805,400,1v5y_4HC_B_1201,5,autodock,0.35752621,0.27147839,1.3169591,0,1.32008e-05,4.3236131
8369,185,2798,399,1v5y_4HC_A_1455,5,autodock,0.3622312,0.27098316,1.3367286,0,7.0082527e-06,6.9053603
8370,185,5157,736,2rbx_3AY_X_2001,5,autodock,0.51650753,0.20444128,2.5264337,0,0.67975436,5.5642147
8371,185,12370,1767,5iav_MLI_A_302,1,unimol,0.82965499,0.18258359,4.5439725,0,0.64405971,20.28
8372,185,11066,1580,5bwr_4VT_A_402,6,smina,0.14135565,0.17274532,0.81828827,0,2.6624167e-05,2.1990381
8373,185,3659,522,2c3d_COM_A_1525,5,autodock,0.55280056,0.16495066,3.3513076,0,0.95850336,14.569496
8374,185,12185,1740,5h9i_XAN_A_301,5,autodock,0.55015493,0.16403379,3.3539112,0,0.97845374,6.2166916
8375,185,11128,1589,5cak_4Z9_A_802,5,autodock,0.51841508,0.15481752,3.3485546,0,0.8155807,21.697246
8376,185,9973,1424,4ubp_HAE_C_800,5,autodock,0.59926992,0.15391551,3.8934982,0,0.8431804,7.4635554
8377,185,1048,149,1ia1_TQ3_B_196,5,autodock,0.61802716,0.15186248,4.0696492,0,0.70707169,12.144318
8378,185,7684,1097,4cno_9PY_B_301,5,autodock,0.63026452,0.14296692,4.408463,0,0.99288681,12.30405
8379,185,9043,1291,4l7p_M95_A_601,6,smina,0.22869081,0.13937274,1.6408565,0,0,4.4819504
8380,185,16981,2425,6s4h_KUQ_A_901,6,smina,0.24828876,0.13780889,1.801688,0,0.53725617,3.0321035
8381,185,6333,904,3tye_XHP_B_901,5,autodock,0.40352267,0.13500257,2.9889989,0,0,46.014521
8382,185,8174,1167,4f8n_PC_A_202,5,autodock,0.35967833,0.13135663,2.7381809,0,0,4.5116495
8383,185,8601,1228,4i6s_FUC_B_101,5,autodock,0.59248436,0.12808241,4.6258049,0,0.99790919,12.481145
8384,185,13091,1870,5n5k_HAE_A_306,1,unimol,0.70799082,0.12759659,5.5486646,0,0.96926924,21
8385,185,7047,1006,3zzv_FUC_B_401,5,autodock,0.63383559,0.12599968,5.0304532,0,0.99747654,11.218742
8386,185,14907,2129,6cgc_F0A_A_402,4,gnina,0.52522609,0.12463986,4.2139487,0,0.047204281,5.9907433
8387,185,7698,1099,4cno_9PY_D_301,5,autodock,0.55127107,0.1245677,4.4254727,0,0.96542026,18.9881
8388,185,4779,682,2prl_ORO_A_399,5,autodock,0.43032329,0.12353143,3.4835117,0,0,6.72613
8389,185,8608,1229,4i6s_FUC_B_102,5,autodock,0.56655426,0.12317683,4.5995188,0,0.99633428,15.076051
8390,185,4310,615,2ht8_G39_A_800,5,autodock,0.40537334,0.12237215,3.3126266,0,0.00029563579,14.943071
8391,185,8594,1227,4i6s_FUC_A_101,5,autodock,0.56595323,0.12234695,4.6258049,0,0.99705745,10.65816
8392,185,10155,1450,4wbd_CIT_A_602,5,autodock,0.54256769,0.12224596,4.4383273,0,0.97916952,9.8775019
8393,185,6481,925,3vbn_TYD_A_301,6,smina,0.254866,0.12215937,2.0863392,0,0,6.6903077
8394,185,14481,2068,5ykt_PMP_A_501,5,autodock,0.49965466,0.12143515,4.1145792,0,0.97019731,17.561475
8395,185,14488,2069,5ykt_PMP_B_501,5,autodock,0.4984284,0.12113712,4.1145792,0,0.96884314,19.593908
8396,185,11380,1625,5dnx_5LD_B_201,5,autodock,0.35458772,0.12086719,2.933696,0,0,13.620499
8397,185,4894,699,2qb4_LEU_A_601,1,unimol,1.0212288,0.12085629,8.4499426,0,0.99314671,24.36
8398,185,5409,772,2w1a_TSA_C_1091,5,autodock,0.40795372,0.11810867,3.4540529,0,0.093690121,31.375942
8399,185,11373,1624,5dnx_5LD_A_203,5,autodock,0.35296672,0.11770645,2.9987023,0,0,7.5001708
8400,185,9245,1320,4mju_27S_A_501,5,autodock,0.38968114,0.11755852,3.3147833,0,0.0001687637,18.260785
8401,185,7964,1137,4du7_DP6_B_401,5,autodock,0.54995851,0.11693753,4.7030101,0,0.60183365,18.591073
8402,185,12664,1809,5jdv_EVF_B_302,1,unimol,0.88200587,0.11674475,7.5549932,0,0.98593701,19.62
8403,185,5185,740,2rtn_IMI_B_300,5,autodock,0.56216582,0.11663099,4.8200374,0,0.98928931,6.0304058
8404,185,14964,2137,6cwr_6LA_A_201,5,autodock,0.48403188,0.11645145,4.1565113,0,0.98296262,102.12582
8405,185,10086,1440,4ur9_OAN_B_1718,6,smina,0.22670265,0.11611962,1.9523189,0,0.048900499,6.9170057
8406,185,11387,1626,5dnx_5LD_B_205,5,autodock,0.35020661,0.11520415,3.0398774,0,0,6.1559302
8407,185,7957,1136,4du7_DP6_A_401,5,autodock,0.53818843,0.11511659,4.6751585,0,0.33049682,18.723006
8408,185,10281,1468,4x36_CHT_A_409,5,autodock,0.40268751,0.1150092,3.5013494,0,0,2.778036
8409,185,15832,2261,6jz6_CKX_B_701,5,autodock,0.56916993,0.11490361,4.9534545,0,0.98546156,26.037366
8410,185,3127,446,1yik_MM1_A_501,5,autodock,0.33919253,0.11345681,2.9896171,0,0,2.025001
8411,185,8615,1230,4i6s_FUC_C_101,5,autodock,0.54054468,0.11336699,4.768095,0,0.81237836,8.7168355
8412,185,7005,1000,3zwe_FUC_B_110,5,autodock,0.56718473,0.1127502,5.0304532,0,0.99653469,9.8414257
8413,185,3730,532,2c6q_IMP_G_1338,6,smina,0.42279734,0.11241301,3.761106,0,0,3.3120282
8414,185,8965,1280,4kqk_PCR_B_703,5,autodock,0.40644333,0.1123097,3.6189501,0,0,14.192181
8415,185,7012,1001,3zwe_FUC_C_110,5,autodock,0.56494263,0.1123045,5.0304532,0,0.99777355,10.982608
8416,185,8958,1279,4kqk_PCR_A_403,5,autodock,0.40652167,0.11203093,3.6286547,0,0,11.866224
8417,185,6530,932,3vc3_C6P_F_501,6,smina,0.50962425,0.11186401,4.555747,0,0.65369008,5.0200715
8418,186,15398,2199,6g3f_FUM_A_601,5,autodock,0.38980284,0.21368801,1.8241671,0,0,4.7413573
8419,186,15350,2192,6fs7_E4Z_B_903,6,smina,0.51987059,0.18501818,2.8098342,0,0,4.3481786
8420,186,14061,2008,5x0j_SEP_A_302,5,autodock,0.61023095,0.16548006,3.6876395,0,0.97551666,42.298573
8421,186,15394,2199,6g3f_FUM_A_601,1,unimol,0.74935327,0.15781303,4.7483602,0,0,16.38
8422,186,5563,794,2xh0_PEP_A_1440,5,autodock,0.70316484,0.15295704,4.5971384,0,0.99324194,8.1206003
8423,186,12844,1834,5kjz_PCG_A_401,6,smina,0.22882454,0.15240311,1.5014417,0,0,3.2763974
8424,186,13201,1885,5o3d_9J5_A_501,6,smina,0.42574509,0.14877785,2.8616152,0,0,5.7413901
8425,186,4017,573,2f7x_4EA_E_351,6,smina,0.33432574,0.14364368,2.3274648,0,0,7.4827303
8426,186,4053,579,2fhk_MFN_C_601,0,surfdock,0.52774765,0.13906318,3.7950199,0,0.80400458,5.2324632
8427,186,9115,1302,4lo1_GAL_A_301,1,unimol,1.0199629,0.13437284,7.5905428,0,0.96615984,19.86
8428,186,3931,561,2ei7_D93_A_700,4,gnina,0.48993335,0.13358739,3.667511,0,0.99091535,5.4798828
8429,186,12157,1736,5h5k_C5P_B_203,5,autodock,0.41157077,0.13337344,3.0858517,0,0,12.733972
8430,186,12153,1736,5h5k_C5P_B_203,1,unimol,0.79173042,0.13248623,5.975944,0,0.98134925,23.72
8431,186,9119,1302,4lo1_GAL_A_301,5,autodock,0.64118992,0.13033472,4.9195623,0,0.971706,18.764859
8432,186,4859,694,2q6m_P34_A_1002,1,unimol,0.84829907,0.1293431,6.5585175,0,0,20.68
8433,186,16966,2423,6s23_KSW_B_402,5,autodock,0.38431007,0.12870308,2.9860198,0,0,9.5198465
8434,186,166,23,1axg_ETF_D_404,5,autodock,0.66526384,0.12847028,5.1783471,0,0.90992849,4.0400035
8435,186,8153,1164,4evs_PHB_A_408,5,autodock,0.45843317,0.12693668,3.6115096,0,0,1314.6447
8436,186,13789,1969,5uo5_M4R_B_803,6,smina,0.40080511,0.12626597,3.1742914,0,0.99485386,6.0658114
8437,186,4773,681,2prg_BRL_B_2,6,smina,0.24939528,0.12576958,1.982953,0,0,6.0965399
8438,186,152,21,1axg_ETF_B_404,5,autodock,0.64262637,0.12475241,5.1512132,0,0.97389817,4.7807348
8439,186,1840,262,1nmz_NYM_A_301,6,smina,0.26183521,0.1244575,2.1038113,0,0,4.6229049
8440,186,13333,1904,5r0i_SYV_A_2501,5,autodock,0.40040135,0.12227486,3.2745998,0,0,8.1466907
8441,186,11876,1696,5fqf_NGA_A_1589,4,gnina,0.43672628,0.12219637,3.5739701,0,3.0577442e-05,4.853524
8442,186,4766,680,2prg_BRL_A_1,6,smina,0.23170151,0.12144172,1.9079226,0,0,7.7899296
8443,186,17023,2431,6si4_LEK_B_402,6,smina,0.22907102,0.12133394,1.8879375,0,0,2.3355993
8444,186,159,22,1axg_ETF_C_404,5,autodock,0.6222029,0.12101869,5.1413774,0,0.92464831,4.3787133
8445,186,685,97,1gsi_TMP_A_1210,6,smina,0.21117416,0.12044842,1.7532321,0,0,5.1408372
8446,186,4906,700,2qca_DGP_A_200,6,smina,0.22924986,0.1195141,1.9181815,0,0,3.2484906
8447,186,13039,1862,5mdh_MAK_A_335,5,autodock,0.55328726,0.11935405,4.6356797,0,0.50881286,6.9868835
8448,186,8552,1221,4i4v_NGA_A_201,5,autodock,0.69802573,0.11907157,5.8622355,0,0.98220294,15.013525
8449,186,8160,1165,4f06_PHB_A_401,5,autodock,0.45811325,0.11576196,3.957372,0,0,1476.512
8450,186,3695,527,2c6q_IMP_A_1337,6,smina,0.41971645,0.1151284,3.645637,0,0,3.5069571
8451,186,12641,1805,5j61_A3G_F_501,6,smina,0.29010966,0.11471064,2.5290554,0,0.98028666,5.2609128
8452,186,8361,1194,4hez_1MZ_A_302,3,diffdock_l,0.11549262,0.11413367,1.0119057,0,2.9659361e-10,11.930537
8453,186,3716,530,2c6q_IMP_D_1337,6,smina,0.41579784,0.11405352,3.645637,0,0,5.2844321
8454,186,13873,1981,5vuu_9OJ_A_805,6,smina,0.29008856,0.11399549,2.5447361,0,6.8467562e-10,5.5378236
8455,186,8382,1197,4hez_1MZ_A_307,3,diffdock_l,0.11382682,0.1138466,0.99982524,0,2.8098936e-11,54.448136
8456,186,8559,1222,4i4v_NGA_A_202,5,autodock,0.63040166,0.11358088,5.5502439,0,0.9916923,11.631926
8457,186,16524,2360,6pn9_OU7_A_803,4,gnina,0.48993335,0.1133273,4.3231707,0,5.2374488e-06,5.9252401
8458,186,8368,1195,4hez_1MZ_A_304,3,diffdock_l,0.11418932,0.1129208,1.0112327,0,0.00039851781,10.532454
8459,186,8375,1196,4hez_1MZ_A_306,3,diffdock_l,0.1158909,0.11276903,1.0276828,0,2.0492289e-29,11.601473
8460,186,4863,694,2q6m_P34_A_1002,5,autodock,0.44164191,0.11145957,3.9623497,0,0,3.9115666
8461,186,8937,1276,4k90_MLA_A_704,5,autodock,0.50363835,0.11116566,4.53052,0,0.17083463,6.9139167
8462,186,12648,1806,5j61_A3G_G_501,6,smina,0.29010966,0.11083001,2.6176083,0,0.96826855,5.859872
8463,186,12655,1807,5j61_A3G_H_501,6,smina,0.29010966,0.11083001,2.6176083,0,0.97737906,3.9326053
8464,186,4842,691,2q1a_2KT_X_295,5,autodock,0.54781901,0.10962436,4.9972372,0,0.86913979,14.383954
8465,186,2323,331,1rnd_DGP_A_126,6,smina,0.21213993,0.10932075,1.9405267,0,0,3.3762173
8466,186,9986,1426,4uc9_ASP_B_1300,4,gnina,0.42288295,0.10889024,3.8835697,0,2.8807033e-09,5.1517273
8467,186,930,132,1h69_ARH_C_1275,6,smina,0.21214015,0.10879804,1.9498518,0,0,2.8945782
8468,187,3933,561,2ei7_D93_A_700,6,smina,0.53191243,0.24248437,2.1935937,0,0,6.2486476
8469,187,229,32,1cdk_MYR_B_403,5,autodock,0.63214713,0.17560823,3.599757,0,0.95143516,5.6490764
8470,187,12892,1841,5l9v_OGA_A_502,5,autodock,0.4604873,0.17524502,2.627676,0,0.00036504976,15.893863
8471,187,2146,306,1poc_GEL_A_420,4,gnina,0.62432922,0.16772767,3.7222784,0,0.87646659,12.810112
8472,187,6124,874,3rgz_BLD_A_800,6,smina,0.46165036,0.16635561,2.7750804,0,0.98551077,4.8833064
8473,187,16699,2385,6qde_HWW_A_503,4,gnina,0.48821447,0.16401157,2.9767065,0,0,5.9598357
8474,187,1413,201,1ki2_GA2_A_1,6,smina,0.18176612,0.16270299,1.1171643,0,0,2.3101254
8475,187,4960,708,2qd4_CHD_B_926,4,gnina,0.48821447,0.16263894,3.0018291,0,7.7195174e-06,4.2280959
8476,187,16692,2384,6qde_HWW_A_502,4,gnina,0.48821447,0.15842377,3.0816987,0,0,6.0091414
8477,187,16701,2385,6qde_HWW_A_503,6,smina,0.29099189,0.15482844,1.8794463,0,0,5.6812534
8478,187,12899,1842,5l9v_OGA_B_502,5,autodock,0.40070986,0.15442426,2.5948625,0,0.00056429695,16.852518
8479,187,15632,2233,6i6r_H62_A_704,1,unimol,0.81190058,0.15366808,5.2834682,0,0.60889849,19.27
8480,187,10319,1474,4xh4_PPI_A_504,1,unimol,0.85940038,0.15054954,5.7084217,0,0.98414873,22.29
8481,187,139,19,1aua_BOG_A_1,6,smina,0.14127723,0.14834025,0.95238537,0,1.7985892e-08,4.2936534
8482,187,4974,710,2qd4_CHD_B_928,4,gnina,0.38453648,0.14538877,2.6448834,0,1.3717421e-07,4.391
8483,187,4939,705,2qd4_CHD_A_801,4,gnina,0.38329644,0.14491992,2.6448834,0,6.6848361e-08,4.0934455
8484,187,15636,2233,6i6r_H62_A_704,5,autodock,0.43756053,0.14157507,3.0906599,0,0.036356706,14.123598
8485,187,12234,1747,5hgz_MLA_A_302,5,autodock,0.45630383,0.14046275,3.2485745,0,0.00057554326,5.7141716
8486,187,9797,1399,4r2n_PLP_A_401,4,gnina,0.48821447,0.14038671,3.4776392,0,0.97958681,9.2934236
8487,187,222,31,1cdk_MYR_A_403,5,autodock,0.50117677,0.13946018,3.5936899,0,0.65871296,6.4728052
8488,187,9799,1399,4r2n_PLP_A_401,6,smina,0.29099189,0.13791729,2.1099005,0,0.97918659,11.09552
8489,187,3798,542,2d1j_D01_A_700,4,gnina,0.48821447,0.1366727,3.5721424,0,0.73997009,5.0754426
8490,187,15014,2144,6dmi_5T5_A_504,6,smina,0.2907434,0.13651675,2.1297259,0,0,5.9005415
8491,187,16694,2384,6qde_HWW_A_502,6,smina,0.29099189,0.13463274,2.1613743,0,0,7.0088285
8492,187,3322,474,1zpd_CIT_A_610,4,gnina,0.49369294,0.13415462,3.6800284,0,0.079467393,6.4221768
8493,187,2210,315,1pzy_NAG_B_405,5,autodock,0.67381104,0.13327558,5.0557718,0,0.99650131,11.51734
8494,187,13397,1913,5t6b_TMP_D_503,6,smina,0.21190463,0.13140837,1.6125647,0,0,3.5256462
8495,187,7327,1046,4bdr_KAI_B_900,5,autodock,0.66813047,0.13022848,5.1304474,0,0.98520634,33.54049
8496,187,3309,472,1zng_HE4_A_202,5,autodock,0.4098807,0.12944911,3.1663454,0,0,9.9807361
8497,187,4953,707,2qd4_CHD_A_803,4,gnina,0.42146611,0.12923392,3.2612643,0,3.1758291e-07,4.0629989
8498,187,3800,542,2d1j_D01_A_700,6,smina,0.29099189,0.12887231,2.2579851,0,0,4.5899051
8499,187,4967,709,2qd4_CHD_B_927,4,gnina,0.42146611,0.1281274,3.2894289,0,3.6144474e-08,4.4128993
8500,187,9427,1346,4nf4_2JK_A_301,5,autodock,0.73497753,0.12785611,5.7484732,0,0.99558671,20.837731
8501,187,1846,263,1now_IFG_A_557,5,autodock,0.67251679,0.1257794,5.3467951,0,0.98503202,14.833961
8502,187,1853,264,1now_IFG_B_558,5,autodock,0.67005558,0.12531908,5.3467951,0,0.98505966,13.700186
8503,187,12241,1748,5hgz_MLA_A_303,5,autodock,0.39971521,0.12492112,3.1997399,0,0.018121431,3.9230689
8504,187,4962,708,2qd4_CHD_B_926,6,smina,0.29099189,0.12490045,2.3297896,0,0,3.6842691
8505,187,11352,1621,5dne_ASN_B_601,5,autodock,0.73400084,0.12345767,5.9453635,0,0.9932311,22.822905
8506,187,11359,1622,5dne_ASN_C_601,5,autodock,0.73397991,0.12345415,5.9453635,0,0.99319027,26.234992
8507,187,11345,1620,5dne_ASN_A_601,5,autodock,0.73558591,0.12316671,5.9722776,0,0.99691052,15.929257
8508,187,4509,644,2nos_AGU_A_903,1,unimol,0.59516776,0.12249638,4.858655,0,0.91290436,20.69
8509,187,12639,1805,5j61_A3G_F_501,4,gnina,0.8123821,0.1211145,6.7075534,0,0.97041666,6.3863613
8510,187,193,27,1c9c_PP3_A_413,4,gnina,0.47581143,0.12105209,3.9306328,0,0,4.5185593
8511,187,13903,1986,5vyr_B62_A_301,1,unimol,0.88329441,0.12073746,7.3158264,0,0.98331507,20.4
8512,187,10323,1474,4xh4_PPI_A_504,5,autodock,0.45616958,0.12032162,3.7912509,0,0,3.1249684
8513,187,5549,792,2x0u_X0U_B_1291,5,autodock,0.48830351,0.12029236,4.0593052,0,0,11.576235
8514,187,12653,1807,5j61_A3G_H_501,4,gnina,0.81236307,0.11944777,6.8009887,0,0.97075508,5.1084928
8515,187,12646,1806,5j61_A3G_G_501,4,gnina,0.81230496,0.11943923,6.8009887,0,0.2935875,6.1943503
8516,187,9836,1405,4rje_PYR_A_402,1,unimol,0.90083423,0.11939771,7.5448194,0,0.8933772,22.15
8517,187,5968,852,2zut_A2G_D_4004,4,gnina,0.59809765,0.11904892,5.0239644,0,0.97842607,100.23682
8518,188,14530,2075,5z9b_HX3_B_303,5,autodock,0.42054388,0.2009402,2.0928798,0,0,42.047875
8519,188,6592,941,3vq4_0NX_A_305,5,autodock,0.69066013,0.16718448,4.131125,0,0.97286549,9.8908586
8520,188,6613,944,3vqe_FMQ_A_1006,5,autodock,0.4759764,0.14667329,3.245146,0,0,7.0382378
8521,188,9351,1335,4n4j_HG1_A_606,6,smina,0.15546647,0.14048509,1.1066394,0,5.7641084e-08,4.9796029
8522,188,1503,214,1kya_XYD_D_814,5,autodock,0.51832431,0.13874102,3.7359116,0,0,5.0776052
8523,188,1496,213,1kya_XYD_B_612,5,autodock,0.48252364,0.13048695,3.6978679,0,0,5.064953
8524,188,16721,2388,6qol_JB5_A_301,5,autodock,0.41023086,0.12120925,3.3844838,0,0,320.72927
8525,188,7978,1139,4dwv_PFB_B_378,5,autodock,0.68978126,0.12094735,5.7031522,0,0.97598258,8.9208606
8526,188,13595,1942,5u5g_7VD_D_302,1,unimol,0.99959422,0.12038202,8.3035164,0,0.90543956,18.47
8527,188,9019,1288,4l1x_STR_A_402,3,diffdock_l,0.09860534,0.12000848,0.82165211,0,1.2000533e-06,26.443358
8528,188,16336,2333,6nni_CP6_A_203,5,autodock,0.4865078,0.11880515,4.095005,0,0,8.8980647
8529,188,12501,1785,5ita_6DC_A_801,6,smina,0.44873801,0.11748714,3.819464,0,0,8.7782151
8530,188,13803,1971,5ut1_7DZ_A_905,6,smina,0.21280616,0.11686462,1.8209622,0,0,3.0835812
8531,188,12506,1786,5ita_6DC_B_801,4,gnina,0.43101094,0.11604025,3.7143219,0,0.99114931,7.8113516
8532,188,13581,1940,5u5g_7VD_B_302,1,unimol,0.96303442,0.11597909,8.3035164,0,0.93180979,22.47
8533,188,10218,1459,4ws1_URF_A_301,5,autodock,0.37898505,0.11491848,3.297859,0,2.7300729e-05,4.0847668
8534,188,16728,2389,6qol_JB5_B_301,5,autodock,0.37929532,0.11472171,3.3062201,0,0,233.03028
8535,188,8315,1187,4h4c_10D_B_402,6,smina,0.21510327,0.11451649,1.8783597,0,0,2.1395658
8536,188,13574,1939,5u5g_7VD_A_302,1,unimol,0.94603943,0.11393237,8.3035164,0,0.91119604,16.38
8537,188,9812,1401,4rcv_DE2_A_403,5,autodock,0.66708112,0.1120976,5.9508948,0,0.98726575,5.8313029
8538,188,5851,835,2z48_NGA_B_2006,6,smina,0.14057446,0.11121816,1.2639515,0,0.80516141,1.3325625
8539,188,13202,1886,5o3f_9HT_A_501,0,surfdock,0.52721671,0.11120703,4.7408566,0,0,4.3465242
8540,188,16742,2391,6qor_JBK_B_301,5,autodock,0.42151363,0.11058385,3.8117096,0,0,11.662508
8541,188,16735,2390,6qor_JBK_A_301,5,autodock,0.4204421,0.11030273,3.8117096,0,0,14.139272
8542,188,17701,2528,7bp1_CAQ_D_401,5,autodock,0.61405463,0.11000873,5.581871,0,0.99569163,578.63465
8543,188,5881,840,2zgw_ADN_A_1301,1,unimol,1.0275586,0.10971593,9.3656273,0,0.96445073,18.69
8544,188,10837,1548,5a66_3PO_B_1000,1,unimol,0.97863292,0.10969799,8.921155,0,0.93241025,22.61
8545,188,5331,761,2vkg_CF4_A_1064,4,gnina,0.42164971,0.10950679,3.8504426,0,7.9436959e-05,4.2364415
8546,189,16066,2295,6m5m_NAG_A_202,1,unimol,0.83699183,0.16365902,5.1142411,0,0.96336168,14.03
8547,189,16073,2296,6m5m_NAG_B_202,1,unimol,0.75447845,0.14599786,5.1677356,0,0.96075757,15.43
8548,189,13466,1923,5tde_2HP_B_901,5,autodock,0.69401351,0.14058813,4.9365005,0,0.98872415,3.2500444
8549,189,17359,2479,6uxr_K6G_B_202,6,smina,0.2133617,0.13614753,1.5671351,0,0.00094209117,6.4541643
8550,189,15233,2176,6fjj_LSA_A_302,1,unimol,0.87581083,0.13003409,6.735239,0,0.97872173,15.3
8551,189,10611,1515,4zhd_4OZ_B_202,6,smina,0.21334398,0.12994514,1.6417994,0,0,3.260882
8552,189,12508,1786,5ita_6DC_B_801,6,smina,0.47573969,0.12940236,3.6764364,0,0,9.2058911
8553,189,10142,1448,4v3w_E2Z_B_800,6,smina,0.20794767,0.12816759,1.622466,0,0,5.2206906
8554,189,16077,2296,6m5m_NAG_B_202,5,autodock,0.74015787,0.12692426,5.8314915,0,0.94187661,12.908548
8555,189,16540,2362,6pna_M16_B_803,6,smina,0.22018208,0.12466974,1.7661219,0,0,2.7458496
8556,189,8345,1192,4hey_4MZ_A_307,1,unimol,0.58967186,0.12464232,4.7309113,0,0,22.93
8557,189,10135,1447,4v3w_E2Z_A_800,6,smina,0.21330547,0.12367891,1.7246704,0,0,6.1844272
8558,189,7739,1105,4d06_NAR_C_301,4,gnina,0.42137321,0.12289542,3.4287128,0,0.99165115,26.565815
8559,189,7545,1077,4cld_JUO_A_1270,6,smina,0.18433627,0.12202733,1.5106137,0,0.00020413118,1.9570093
8560,189,10618,1516,4zhd_4OZ_C_202,6,smina,0.21262091,0.11975628,1.7754459,0,0,3.3765434
8561,189,8856,1265,4jhh_H35_A_201,1,unimol,0.9202165,0.11933416,7.711257,0,0,18.35
8562,189,9014,1287,4kwl_3SS_A_302,5,autodock,0.58131609,0.11920184,4.8767366,0,0.6277726,19.190125
8563,189,16531,2361,6pn9_OU7_B_803,4,gnina,0.42901839,0.11686698,3.6709964,0,7.8365214e-11,6.071904
8564,189,4898,699,2qb4_LEU_A_601,5,autodock,0.69133903,0.1166437,5.926929,0,0.96165993,26.542633
8565,189,16070,2295,6m5m_NAG_A_202,5,autodock,0.67563918,0.11526982,5.8613701,0,0.99256302,13.81312
8566,189,7181,1025,4ajj_88S_B_1332,6,smina,0.23692993,0.11496167,2.0609462,0,0,2.6745498
8567,189,7188,1026,4ajj_88S_C_1334,6,smina,0.23293826,0.11302486,2.0609462,0,0,2.6760738
8568,189,10044,1434,4ugg_S5D_A_904,6,smina,0.20943673,0.1130077,1.8532952,0,1.2449659e-08,6.0968416
8569,189,7195,1027,4ajj_88S_D_1332,6,smina,0.23192153,0.11253153,2.0609462,0,0,2.8327308
8570,189,2965,423,1x2a_PDG_A_413,4,gnina,0.6167965,0.1110333,5.5550575,0,0.97851814,7.3680452
8571,189,16129,2304,6mry_FLC_A_101,1,unimol,0.85156777,0.11044764,7.7101479,0,0.96231771,23.41
8572,189,13501,1928,5tdt_MBN_D_501,5,autodock,0.74929728,0.10984889,6.8211632,0,0.94349846,31.128024
8573,189,10233,1461,4wua_3UL_A_701,6,smina,0.23247611,0.10943732,2.1242845,0,0,4.3577074
8574,189,8590,1227,4i6s_FUC_A_101,1,unimol,1.0404724,0.10942978,9.5081272,0,0.94468373,13.12
8575,189,8604,1229,4i6s_FUC_B_102,1,unimol,1.0378413,0.10857286,9.558938,0,0.96207217,14.8
8576,189,16143,2306,6mry_FLC_C_102,1,unimol,0.82345825,0.10831634,7.6023445,0,0.76214548,18.56
8577,189,1217,173,1j3i_WRA_B_709,6,smina,0.34294806,0.1076915,3.1845407,0,8.4858114e-06,5.9307645
8578,189,1238,176,1j3k_WRA_B_709,6,smina,0.31847746,0.10654864,2.9890325,0,0.05307699,7.4987744
8579,189,902,128,1h5r_G1P_D_1294,6,smina,0.14114206,0.10642227,1.3262446,0,0,1.6148066
8580,189,8611,1230,4i6s_FUC_C_101,1,unimol,0.9821413,0.10627771,9.241272,0,0.96938942,32.22
8581,189,1670,238,1m3u_KPL_I_265,4,gnina,0.52835796,0.10571241,4.9980683,0,0.94391972,7.0535466
8582,189,16302,2328,6nhd_KNV_A_803,6,smina,0.23144918,0.10565356,2.1906416,0,0,4.5911927
8583,189,16253,2321,6ng5_KMD_A_803,6,smina,0.21939954,0.10536942,2.0821927,0,0,7.6904823
8584,189,16566,2366,6po9_OS7_A_803,4,gnina,0.45862025,0.10481687,4.375442,0,8.3485485e-12,5.1688074
8585,189,16136,2305,6mry_FLC_B_101,1,unimol,0.9847854,0.10447978,9.4256067,0,0.76706195,25.28
8586,189,15237,2176,6fjj_LSA_A_302,5,autodock,0.47504125,0.1038519,4.5742173,0,0.022900966,20.353983
8587,189,7662,1094,4cmk_FQW_B_1270,4,gnina,0.42137433,0.10366553,4.0647478,0,0.072009048,4.6334466
8588,189,13901,1985,5vv5_9OJ_B_803,6,smina,0.29263724,0.10364499,2.8234568,0,2.9998577e-10,4.9829051
8589,189,10868,1552,5a86_D7E_B_1432,4,gnina,0.48579766,0.10310932,4.7114806,0,2.7101685e-06,5.4973562
8590,189,13859,1979,5vut_9OG_A_803,6,smina,0.22795332,0.10298507,2.213459,0,0,5.167359
8591,189,3365,480,1zuw_DGL_C_3301,5,autodock,0.77512534,0.10295695,7.5286345,0,0.99437359,20.8538
8592,189,4064,580,2fib_GLY_B_2,4,gnina,0.42137321,0.10276773,4.1002474,0,0,7.9095678
8593,189,13747,1963,5unt_8J1_B_803,6,smina,0.23017625,0.10263751,2.2426124,0,3.5277879e-12,4.0393479
8594,189,12108,1729,5gwx_SAR_A_302,5,autodock,0.71772857,0.10233516,7.0135078,0,0.82748064,4.5740634
8595,189,3351,478,1zuw_DGL_A_1301,5,autodock,0.77571241,0.1020795,7.5991001,0,0,20.422403
8596,190,11444,1634,5dzh_5KG_A_900,6,smina,0.23001074,0.14290598,1.609524,0,0,3.4768287
8597,190,9588,1369,4p7q_NAG_A_703,5,autodock,0.66159241,0.12877201,5.1377025,0,0.92021658,11.063533
8598,190,1378,196,1kbq_936_B_704,6,smina,0.23031309,0.12496071,1.8430831,0,0,4.9204857
8599,190,1385,197,1kbq_936_C_701,6,smina,0.23020108,0.12382182,1.8591309,0,0,4.5614225
8600,190,2556,365,1tl2_NDG_A_237,1,unimol,1.0255467,0.12157462,8.4355316,0,0.96795077,19.26
8601,190,2570,367,1tl2_NDG_A_239,1,unimol,1.0281191,0.12065321,8.5212736,0,0.95421403,16.58
8602,190,7298,1042,4b98_PXG_D_470,4,gnina,0.59637034,0.11807205,5.0509009,0,0.99261867,8.4283664
8603,190,7438,1062,4c2z_646_B_1498,4,gnina,0.48527645,0.11548581,4.2020431,0,0.19502984,7.1202619
8604,190,1741,248,1msv_PUT_A_355,5,autodock,0.75110101,0.11481996,6.5415535,0,0.89594961,14.025407
8605,190,6182,883,3ryd_SRT_A_267,1,unimol,0.82553409,0.11450752,7.2094302,0,0.11164381,17.72
8606,190,8195,1170,4fra_GAL_A_402,5,autodock,0.48728184,0.11117819,4.3828897,0,4.4971291e-06,12.728937
8607,190,8476,1210,4i02_CMP_A_301,6,smina,0.29869682,0.11043735,2.7046711,0,0,3.0818693
8608,190,6731,961,3wca_FPS_C_401,4,gnina,0.59895781,0.11015258,5.4375277,0,0.00021400814,7.5404765
8609,190,3050,435,1xuz_PEP_A_2001,5,autodock,0.68662811,0.11013361,6.2345004,0,0.93911206,7.9865448
8610,190,15222,2174,6fa1_D2Z_B_203,4,gnina,0.47238459,0.10935646,4.3196759,0,2.1235065e-07,5.5375984
8611,190,11604,1657,5eo8_TFU_A_404,5,autodock,0.78597375,0.10911806,7.2029657,0,0.97038637,8.3019961
8612,190,453,64,1fhv_OSB_A_789,5,autodock,0.58751086,0.10910404,5.3848672,0,0.86475453,11.137078
8613,190,2584,369,1tl2_NDG_A_241,1,unimol,0.919708,0.10909771,8.43013,0,0.96463607,16.06
8614,190,8555,1222,4i4v_NGA_A_202,1,unimol,1.0162645,0.10820882,9.391696,0,0.93122381,17.38
8615,190,1748,249,1msv_PUT_B_355,5,autodock,0.70318544,0.10746494,6.5433931,0,0.98533611,18.869461
8616,190,1286,183,1jl0_PUT_B_401,5,autodock,0.71439794,0.10607677,6.7347245,0,0.98378099,18.437755
8617,190,11590,1655,5eo8_TFU_A_401,5,autodock,0.78004886,0.10492712,7.434196,0,0.95865219,7.8933925
8618,190,11611,1658,5eo8_TFU_A_405,5,autodock,0.79266134,0.104408,7.5919585,0,0.99417401,8.569608
8619,190,13558,1936,5tm5_7EV_B_601,6,smina,0.21192773,0.10222592,2.0731301,0,0,3.6290321
8620,190,12030,1718,5g4r_LF1_D_1739,4,gnina,0.44753715,0.10171457,4.3999305,0,0.99701573,5.3438541
8621,190,10919,1559,5adi_TUE_A_800,6,smina,0.23006446,0.1015379,2.2657979,0,0,3.7715782
8622,190,15803,2257,6jyg_FLC_E_401,4,gnina,0.42104562,0.1012746,4.157464,0,0.32452613,6.0837207
8623,190,15810,2258,6jyg_FLC_E_402,4,gnina,0.42067445,0.1012355,4.1554036,0,1.9979184e-06,6.3412933
8624,190,11269,1609,5ddu_PMP_A_601,6,smina,0.23190062,0.10045798,2.3084331,0,0.024633794,3.0889532
8625,190,11283,1611,5ddu_PMP_C_601,6,smina,0.23024513,0.099779459,2.3075395,0,0.96735237,3.8557775
8626,190,7552,1078,4cld_JUO_B_1270,6,smina,0.13982391,0.099225097,1.4091578,0,0.00025177489,1.7942531
8627,190,7559,1079,4cld_JUO_C_1270,6,smina,0.1398239,0.099225092,1.4091578,0,0.00041674971,2.0988238
8628,190,7566,1080,4cld_JUO_D_1270,6,smina,0.13982381,0.099225027,1.4091578,0,0.00035195309,1.7184213
8629,190,5514,787,2wzh_NGO_A_1589,5,autodock,0.71941725,0.098819779,7.2800927,0,0.99407697,177.00399
8630,190,305,43,1dna_CB3_A_601,4,gnina,0.47493539,0.098787635,4.8076391,0,1.4744818e-11,9.8809829
8631,190,2671,381,1u1g_BBB_C_5300,4,gnina,0.48527645,0.098267943,4.9382977,0,0.32774737,8.2151757
8632,190,2664,380,1u1g_BBB_B_4300,4,gnina,0.48527645,0.098256102,4.9388928,0,0.14448488,8.2785793
8633,190,2678,382,1u1g_BBB_D_6300,4,gnina,0.48527645,0.098256102,4.9388928,0,0.98137212,8.5963545
8634,190,2685,383,1u1g_BBB_F_8300,4,gnina,0.48527645,0.098248666,4.9392667,0,0.92910913,10.11728
8635,190,8483,1211,4i02_CMP_A_302,6,smina,0.24653261,0.098092902,2.5132554,0,0,2.737086
8636,190,312,44,1dna_CB3_B_602,4,gnina,0.47985116,0.09807244,4.8928227,0,0.037427377,9.647629
8637,190,10856,1550,5a7p_6Z1_B_1361,6,smina,0.23041007,0.097768988,2.3566775,0,0,3.9187856
8638,190,10849,1549,5a7p_6Z1_A_1361,6,smina,0.22474315,0.097472887,2.3056982,0,0,3.7150653
8639,190,2967,423,1x2a_PDG_A_413,6,smina,0.44355013,0.097417455,4.5530858,0,0,9.6779315
8640,190,308,44,1dna_CB3_B_602,0,surfdock,0.386911,0.096683481,4.0018306,0,0.91066295,4.8442767
8641,190,7284,1040,4b98_PXG_B_470,4,gnina,0.48527645,0.096235963,5.0425677,0,0.98518196,7.8789823
8642,190,859,122,1h48_CDI_D_201,5,autodock,0.80672783,0.095612533,8.4374685,0,0.97648273,32.213828
8643,190,5667,809,2xyj_WLM_B_1441,4,gnina,0.60424599,0.095287736,6.3412766,0,1.1398137e-07,8.9497115
8644,190,13658,1951,5ud0_13P_B_405,1,unimol,1.0060371,0.094357952,10.661921,0,0.7669521,23.47
8645,190,7291,1041,4b98_PXG_C_470,4,gnina,0.47493539,0.09402982,5.0509009,0,0.98905054,8.5120575
8646,191,6130,875,3ro7_TDR_A_300,5,autodock,0.40418042,0.15766754,2.5634971,0,0,4.1277947
8647,191,16994,2427,6s9g_L1Q_A_305,5,autodock,0.7381495,0.14940039,4.9407458,0,0.99422471,24.12496
8648,191,7824,1117,4d4u_FUC_B_950,5,autodock,0.74549613,0.13730496,5.4294906,0,0.99739769,10.109944
8649,191,7817,1116,4d4u_FUC_A_950,5,autodock,0.74106156,0.13648821,5.4294906,0,0.99216204,9.3958503
8650,191,12779,1825,5k5m_68T_A_1003,4,gnina,0.45038048,0.13512285,3.3331175,0,0.01919026,10.281147
8651,191,7286,1040,4b98_PXG_B_470,6,smina,0.53262077,0.1315163,4.0498452,0,0,5.8318526
8652,191,9406,1343,4n9v_AZA_A_403,5,autodock,0.41861255,0.12955584,3.2311351,0,0.11259605,2.6665699
8653,191,8985,1283,4kux_FPS_A_704,4,gnina,0.61311713,0.12563368,4.8801961,0,0.46445401,6.9029256
8654,191,9399,1342,4n9v_AZA_A_402,5,autodock,0.40220563,0.12450282,3.2304931,0,2.7575916e-06,2.044402
8655,191,2581,368,1tl2_NDG_A_240,5,autodock,0.65428334,0.12173412,5.3746905,0,0.97603187,15.741273
8656,191,2567,366,1tl2_NDG_A_238,5,autodock,0.82046305,0.11966637,6.8562531,0,0.98014289,20.072807
8657,191,7293,1041,4b98_PXG_C_470,6,smina,0.47240535,0.11903011,3.9687877,0,0,8.8663637
8658,191,4110,587,2fyd_BGC_B_403,1,unimol,0.93795608,0.11888031,7.8899188,0,0,18.62
8659,191,12781,1825,5k5m_68T_A_1003,6,smina,0.23857856,0.11877869,2.0085964,0,0,12.008586
8660,191,2574,367,1tl2_NDG_A_239,5,autodock,0.73505279,0.1146904,6.4090166,0,0.9813205,16.199566
8661,191,17001,2428,6s9g_L1Q_A_306,5,autodock,0.43293219,0.11343468,3.816576,0,0.0011221725,3.815321
8662,191,4429,632,2j1s_FUL_A_1153,5,autodock,0.84808049,0.11270148,7.5250158,0,0.99137786,9.9727374
8663,191,2658,379,1u18_HSM_A_401,5,autodock,0.41950769,0.11094306,3.7812872,0,4.1784382e-08,3.2743234
8664,191,2560,365,1tl2_NDG_A_237,5,autodock,0.7172849,0.10930095,6.5624757,0,0.91981646,14.749067
8665,191,6053,864,3qgz_ADN_A_127,5,autodock,0.73941834,0.10575502,6.9918027,0,0.98538912,15.954709
8666,191,8516,1216,4i02_CMP_F_301,4,gnina,0.4290035,0.10547951,4.067173,0,0.99485296,4.3266278
8667,191,12032,1718,5g4r_LF1_D_1739,6,smina,0.49383388,0.10526566,4.6913095,0,0,5.0331798
8668,191,2680,382,1u1g_BBB_D_6300,6,smina,0.53085815,0.10262795,5.172646,0,0,9.1159708
8669,191,16945,2420,6rlt_MLI_B_512,5,autodock,0.65938959,0.10130129,6.5091915,0,0.98390738,4.5344392
8670,191,10340,1477,4xpq_FUL_A_1003,1,unimol,0.85636581,0.10070165,8.5039892,0,0,21.16
8671,191,11597,1656,5eo8_TFU_A_402,5,autodock,0.65844301,0.10021789,6.5701137,0,0.9792641,8.6386648
8672,191,4498,642,2ji6_TPW_B_1566,4,gnina,0.48450652,0.10014438,4.838079,0,0.88298473,7.3856389
8673,191,9006,1286,4kux_FPS_D_704,4,gnina,0.48450652,0.099646706,4.8622422,0,0.43445555,6.6927018
8674,191,11969,1709,5g09_6DF_D_1476,6,smina,0.36463464,0.09963053,3.6598675,0,0.98832998,4.6817617
8675,191,8999,1285,4kux_FPS_C_705,4,gnina,0.48450652,0.099554892,4.8667264,0,0.077290912,7.2325083
8676,191,3064,437,1y2x_NAG_B_1144,5,autodock,0.84919278,0.09951374,8.5334215,0,0.99309163,15.482834
8677,191,4491,641,2ji6_TPW_A_1566,4,gnina,0.48450652,0.099318397,4.878315,0,0.85297273,7.1400679
8678,191,12527,1789,5ivg_FPS_B_704,4,gnina,0.48450652,0.099116677,4.8882432,0,0.00066076776,8.4847966
8679,191,7300,1042,4b98_PXG_D_470,6,smina,0.39256176,0.098912236,3.9687877,0,0,7.7632986
8680,191,12541,1791,5ivg_FPS_D_704,4,gnina,0.48450652,0.09886666,4.9006047,0,0,6.7998282
8681,191,5710,815,2y5a_3AP_A_1295,5,autodock,0.44446835,0.098807378,4.4983306,0,0,6.2738903
8682,191,12534,1790,5ivg_FPS_C_704,4,gnina,0.48450652,0.098534489,4.9171252,0,0.75482214,7.335569
8683,191,4598,656,2nu7_COA_E_1025,6,smina,0.2040508,0.097902393,2.0842259,0,6.0176115e-11,5.7055218
8684,191,14795,2113,6bmm_OLB_A_404,4,gnina,0.48450652,0.097768757,4.9556365,0,2.8375525e-13,10.306762
8685,191,10274,1467,4x36_CHT_A_408,5,autodock,0.44912445,0.097245677,4.6184506,0,0,2.3777787
8686,191,2687,383,1u1g_BBB_F_8300,6,smina,0.50674857,0.096871093,5.231163,0,0,8.3030602
8687,191,4436,633,2j1s_FUL_B_1153,5,autodock,0.71925108,0.096691361,7.4386272,0,0.95396598,9.3153307
8688,191,4788,684,2pt6_S4M_A_501,0,surfdock,0.526857,0.0966913,5.4488554,0,0,4.3588629
8689,191,5237,748,2uyv_TLA_C_1275,1,unimol,0.81670324,0.096039751,8.5038033,0,0,25.7
8690,191,3057,436,1y2x_NAG_A_144,5,autodock,0.83858119,0.095784754,8.7548494,0,0.99082803,15.085441
8691,191,2790,398,1v5g_HTL_A_1602,4,gnina,0.49135428,0.095768008,5.1306715,0,0.088541991,9.1215005
8692,191,2588,369,1tl2_NDG_A_241,5,autodock,0.62789167,0.095399386,6.5817151,0,0.91474386,23.857513
8693,191,4802,686,2pt6_S4M_C_503,0,surfdock,0.526857,0.095325799,5.5269079,0,0.93775205,4.3937556
8694,191,10511,1501,4z69_DIF_A_1006,4,gnina,0.41934104,0.095284921,4.4009161,0,0.82222964,7.1429264
8695,191,1951,278,1o68_KIV_D_275,5,autodock,0.74771309,0.095209512,7.8533435,0,0.99031121,5.7579443
8696,192,8518,1216,4i02_CMP_F_301,6,smina,0.47467306,0.19284842,2.4613781,0,0,3.3858518
8697,192,17568,2509,6y4f_GLU_A_202,5,autodock,0.44801407,0.13493678,3.3201766,0,0.0011841873,7.1435774
8698,192,788,112,1h1m_KMP_A_1360,4,gnina,0.38168475,0.13039951,2.9270403,0,0.98710826,4.8766871
8699,192,5060,722,2qui_LTN_A_501,6,smina,0.13895453,0.12363109,1.1239439,0,0.98901349,1.8502442
8700,192,650,92,1gij_2PU_A_501,6,smina,0.22199165,0.12246636,1.8126736,0,0,3.1147003
8701,192,12536,1790,5ivg_FPS_C_704,6,smina,0.42468171,0.1205391,3.5231853,0,0,5.5742391
8702,192,16419,2345,6ofr_BOG_A_804,4,gnina,0.42061539,0.11820814,3.55826,0,0.00071881402,5.3617663
8703,192,14600,2085,6a1f_9OF_A_807,5,autodock,0.55094847,0.11760012,4.6849303,0,0,12.21632
8704,192,8027,1146,4e7v_CRS_O_101,5,autodock,0.72231673,0.11581345,6.2368975,0,0.80625289,57.330887
8705,192,16412,2344,6ofr_BOG_A_803,4,gnina,0.42061539,0.11560246,3.638463,0,0.00027012175,4.4837395
8706,192,12765,1823,5jtu_6NE_A_902,4,gnina,0.4793063,0.11412594,4.1998005,0,0.99640524,5.2754325
8707,192,442,63,1f5f_DHT_A_253,1,unimol,0.88280286,0.11393204,7.7485032,0,0.99476085,18.92
8708,192,5352,764,2vmw_PLP_A_501,4,gnina,0.4206156,0.11075103,3.7978473,0,0.036986506,5.3835308
8709,192,13070,1867,5mzj_TEP_A_2401,1,unimol,0.88087849,0.110529,7.9696589,0,0,18.34
8710,192,6292,898,3te7_TE7_A_1,6,smina,0.23407965,0.10912728,2.145014,0,0,3.3335935
8711,192,14361,2051,5yb7_ORN_B_602,4,gnina,0.42071333,0.10909102,3.856534,0,0.12745456,35.101254
8712,192,8187,1169,4fm6_TYR_C_259,4,gnina,0.48529606,0.10842235,4.4759769,0,0,12.82683
8713,192,1608,229,1lti_GAL_H_104,5,autodock,0.78440292,0.10797733,7.264514,0,0.98919914,13.892861
8714,192,4099,585,2fr6_URI_B_1002,4,gnina,0.46371557,0.10687902,4.338695,0,0.99320035,3.5808626
8715,192,3121,445,1yee_PNB_H_551,6,smina,0.24891961,0.1061481,2.3450208,0,0.20134637,7.3953873
8716,192,1594,227,1lti_GAL_D_104,5,autodock,0.78310196,0.10382881,7.5422406,0,0.98718053,13.425139
8717,192,3569,509,2bf7_HBI_B_1290,6,smina,0.13895511,0.10368673,1.3401426,0,0,1.573233
8718,192,7197,1028,4ajj_MLI_A_1333,1,unimol,0.96079098,0.10348977,9.2839212,0,0.92703882,25.1
8719,192,7725,1103,4cx6_Q16_B_800,4,gnina,0.48529606,0.10273896,4.7235827,0,2.5222448e-13,6.8953312
8720,192,3329,475,1zpd_CIT_B_610,4,gnina,0.4252927,0.10142179,4.193306,0,0.9069543,6.3800515
8721,192,17078,2439,6syz_M1E_A_601,5,autodock,0.69423842,0.1011515,6.8633518,0,0.99742835,40.916727
8722,192,13213,1887,5o3g_9J8_B_501,4,gnina,0.48810484,0.10112778,4.8266139,0,0.91711929,6.5023562
8723,192,2626,375,1tt6_DES_A_129,1,unimol,0.62517733,0.10050722,6.220222,0,0,22.15
8724,193,12767,1823,5jtu_6NE_A_902,6,smina,0.47359081,0.17336268,2.7317913,0,0.99643267,3.8033121
8725,193,7783,1111,4d0z_BBK_A_1581,6,smina,0.28699878,0.16194346,1.772215,0,0.00018220982,1.6325387
8726,193,4500,642,2ji6_TPW_B_1566,6,smina,0.4814249,0.1518541,3.1703112,0,0,6.6515886
8727,193,4493,641,2ji6_TPW_A_1566,6,smina,0.46785392,0.14674912,3.1881199,0,0,5.9844368
8728,193,7586,1083,4cle_JR2_B_1270,5,autodock,0.55009336,0.13531614,4.0652447,0,0,3.7349133
8729,193,5066,723,2qui_LTN_B_478,5,autodock,0.76422035,0.13390698,5.7070975,0,0.98971903,10.558388
8730,193,14747,2106,6b6r_BEN_A_302,5,autodock,0.79289297,0.13052711,6.0745454,0,0.99468222,5.6741296
8731,193,13375,1910,5t3h_BEN_A_302,5,autodock,0.79284906,0.13051988,6.0745454,0,0.99469528,4.4381805
8732,193,17050,2435,6sux_BEN_A_302,5,autodock,0.79320667,0.12917563,6.1405277,0,0.99569921,5.8809071
8733,193,17057,2436,6svu_BEN_A_302,5,autodock,0.7929908,0.12914048,6.1405277,0,0.9950621,5.8262792
8734,193,3688,526,2c5b_5F1_C_500,6,smina,0.13888915,0.12330435,1.126392,0,0,2.4850961
8735,193,17032,2433,6sj8_44V_B_901,1,unimol,0.78097166,0.12093122,6.4579811,0,0,21.74
8736,193,1692,241,1ml4_PAL_A_385,5,autodock,0.72298591,0.12080626,5.9846716,0,0.79644971,17.4545
8737,193,7733,1104,4cxr_2BG_A_502,5,autodock,0.78951119,0.11953085,6.605082,0,0.98565817,14.611296
8738,193,8804,1257,4j5h_1K4_A_303,5,autodock,0.85225607,0.11881721,7.1728325,0,0.88719246,16.534938
8739,193,3681,525,2c5b_5F1_A_500,6,smina,0.13888915,0.11779271,1.1790971,0,0,2.9454473
8740,193,13935,1990,5vys_1YJ_A_301,5,autodock,0.79220463,0.11716198,6.7616177,0,0.99329901,7.6770325
8741,193,13942,1991,5vys_1YJ_B_301,5,autodock,0.78293185,0.11710787,6.6855607,0,0.98250049,9.8766682
8742,193,7572,1081,4cle_JR2_A_1270,5,autodock,0.4571877,0.11258386,4.0608625,0,0,3.8657452
8743,193,6109,872,3r3z_GOA_B_305,5,autodock,0.57555442,0.11079483,5.1947761,0,0.96427277,16.675394
8744,193,5059,722,2qui_LTN_A_501,5,autodock,0.63862499,0.10910373,5.8533735,0,2.0929702e-05,10.096094
8745,193,12417,1773,5ihe_D5M_B_701,6,smina,0.20509675,0.1090905,1.8800597,0,0.011212512,3.1211324
8746,193,11408,1629,5dw3_TRP_A_402,5,autodock,0.55236333,0.10777528,5.1251383,0,0.51506201,49.969821
8747,193,17025,2432,6sj8_44V_A_901,1,unimol,0.68979443,0.1068798,6.4539261,0,0,17.87
8748,193,14620,2088,6a2m_9QR_A_701,4,gnina,0.48516465,0.10670385,4.5468326,0,3.3245888e-08,15.201989
8749,193,9497,1356,4np7_DPJ_A_403,5,autodock,0.83584106,0.10613803,7.8750377,0,0.94195671,31.340341
8750,193,14648,2092,6a2n_9QR_A_701,4,gnina,0.48516465,0.10569968,4.5900288,0,1.6686715e-08,10.005386
8751,193,7797,1113,4d0z_BBK_E_1584,6,smina,0.1734541,0.10552681,1.643696,0,0.00012755483,1.6206571
8752,193,17504,2500,6xeb_V1P_A_411,4,gnina,0.48516465,0.10438452,4.6478591,0,0.0066541823,11.743326
8753,193,11422,1631,5dw3_TRP_D_402,5,autodock,0.53699027,0.10427,5.1499968,0,0.48436117,37.067157
8754,193,13878,1982,5vuu_9OJ_B_803,4,gnina,0.51985526,0.10423339,4.9874148,0,0,4.9628244
8755,193,3274,467,1zk0_SS2_A_1260,5,autodock,0.48060772,0.10387024,4.6270003,0,0.00026054651,4.3162781
8756,193,16176,2310,6n0z_DP6_C_401,6,smina,0.28937341,0.10283719,2.8138976,0,0.89377971,3.4949788
8757,193,1133,161,1iwe_IMP_B_1443,6,smina,0.17893846,0.10163153,1.760658,0,0,3.614499
8758,193,7790,1112,4d0z_BBK_B_1580,6,smina,0.17623049,0.10131028,1.7395115,0,9.7915904e-08,1.77447
8759,193,7600,1085,4clo_XP0_D_1270,5,autodock,0.55438854,0.10093651,5.4924474,0,0,8.2768701
8760,193,15469,2209,6gxk_FFW_B_402,6,smina,0.22889317,0.10080731,2.2706001,0,0,4.4664419
8761,193,2392,341,1s83_4HA_A_5,5,autodock,0.55060412,0.10032855,5.4880095,0,0.0084111264,10.334272
8762,193,7341,1048,4bu7_25F_A_2165,5,autodock,0.55602897,0.10014499,5.5522385,0,0,323.77132
8763,193,7466,1066,4can_M7K_B_800,4,gnina,0.41927706,0.1000348,4.1913109,0,7.1998869e-09,4.4789276
8764,193,11134,1590,5cfw_53W_A_201,4,gnina,0.41927886,0.099457316,4.2156653,0,0.012098236,6.557225
8765,193,15462,2208,6gxk_FFW_A_402,6,smina,0.22860235,0.099341527,2.3011751,0,0,4.3586229
8766,193,7459,1065,4can_M7K_A_800,4,gnina,0.41927706,0.098963734,4.2366729,0,5.735535e-12,4.4131267
8767,193,7348,1049,4bu7_25F_C_2165,5,autodock,0.55629856,0.098671037,5.6379104,0,0,69.037082
8768,193,6654,950,3w7f_FPS_A_301,4,gnina,0.48516465,0.09804768,4.9482512,0,1.0788732e-06,5.7709886
8769,193,6668,952,3w7f_FPS_B_301,4,gnina,0.48516465,0.097762135,4.9627042,0,5.4395098e-05,5.8360184
8770,193,15194,2170,6f77_PLP_D_600,4,gnina,0.41927706,0.097606312,4.2955928,0,0.98392027,7.3605864
8771,193,4520,645,2npq_BOG_A_1000,5,autodock,0.86691885,0.097033292,8.9342403,0,0.94542792,31.67147
8772,193,6656,950,3w7f_FPS_A_301,6,smina,0.29232905,0.096796324,3.0200419,0,0,5.8029212
8773,193,13206,1886,5o3f_9HT_A_501,4,gnina,0.48516465,0.096776539,5.0132456,0,0.79377123,9.2734987
8774,194,12724,1817,5jj2_MLI_A_303,5,autodock,0.6851289,0.12650522,5.4158144,0,0.79774644,5.4426445
8775,194,12248,1749,5hpu_IPH_A_101,5,autodock,0.56478022,0.11383652,4.9613261,0,0,5.1273814
8776,194,146,20,1aua_BOG_A_2,6,smina,0.13861029,0.1093397,1.2677022,0,5.2274098e-05,4.3618998
8777,194,5003,714,2qhv_OC9_A_1001,5,autodock,0.6512802,0.10752751,6.0568695,0,0.72920703,7.5736413
8778,194,4157,593,2fzb_TOL_A_800,6,smina,0.22632208,0.10431278,2.1696477,0,0,5.3369801
8779,194,14972,2138,6dl7_ONC_A_301,6,smina,0.42655049,0.10411468,4.0969286,0,0,4.1839406
8780,194,9808,1401,4rcv_DE2_A_403,1,unimol,0.87443879,0.10370433,8.4320364,0,0.80684301,19.87
8781,194,9581,1368,4p5y_NGA_A_201,5,autodock,0.71921488,0.10215288,7.0405726,0,0.93770073,10.383468
8782,194,12710,1815,5jj2_MLI_A_301,5,autodock,0.56669828,0.10197774,5.5570774,0,0.20238548,5.3901869
8783,194,4806,686,2pt6_S4M_C_503,4,gnina,0.65684696,0.10122004,6.4892969,0,0.90183548,6.8762133
8784,194,4740,677,2pin_LEG_A_501,1,unimol,0.75242939,0.099518979,7.5606613,0,0.94859176,27.99
8785,194,9518,1359,4o7g_ASC_B_303,5,autodock,0.48321922,0.098418554,4.9098377,0,3.8624993e-07,8.5481276
8786,194,16685,2383,6qdc_HXE_A_1004,4,gnina,0.41579295,0.098313305,4.2292633,0,0.016836085,4.8541099
8787,194,11393,1627,5dr9_SKE_A_401,4,gnina,0.41574632,0.098173584,4.2348075,0,0,4.6891394
8788,194,15161,2165,6f76_CVK_A_203,6,smina,0.239558,0.097789355,2.449734,0,0,5.4757962
8789,194,5676,810,2xyj_WLM_B_1442,6,smina,0.42386622,0.097648962,4.340713,0,0,11.233129
8790,194,6962,994,3zcm_PX3_B_1216,4,gnina,0.49403801,0.097177357,5.083879,0,0,11.916876
8791,194,12255,1750,5hpu_IPH_C_101,5,autodock,0.48195005,0.097141358,4.9613261,0,0,4.1551442
8792,194,13910,1987,5vyr_B62_B_301,1,unimol,0.87641392,0.097089338,9.0268803,0,0.96035943,17.29
8793,194,8167,1166,4f8n_GAL_A_204,5,autodock,0.71546747,0.096121679,7.4433508,0,0.80037569,13.680373
8794,194,12720,1817,5jj2_MLI_A_303,1,unimol,0.96311827,0.095562094,10.078454,0,0.93313281,23.13
8795,194,8089,1155,4ejh_0QA_D_502,4,gnina,0.41574632,0.095347734,4.3603158,0,0.0047171411,21.767655
8796,194,634,90,1gck_PLP_A_413,4,gnina,0.41574632,0.094981654,4.3771214,0,0,7.3737775
8797,194,13991,1998,5w8q_BU4_B_400,5,autodock,0.79604778,0.09484558,8.3930922,0,0.7589495,18.342636
8798,194,15175,2167,6f76_CVK_C_203,6,smina,0.22698573,0.093269484,2.4336538,0,0,5.4275164
8799,194,13215,1887,5o3g_9J8_B_501,6,smina,0.41993028,0.092711079,4.5294499,0,0,7.5230775
8800,194,15119,2159,6f3s_CKW_A_902,6,smina,0.24247546,0.092607833,2.6183031,0,0,3.9142038
8801,194,5557,793,2x6o_2TC_A_1209,6,smina,0.21192816,0.092213538,2.2982316,0,0,5.1337542
8802,194,10263,1466,4x2f_3WJ_A_601,1,unimol,0.88138038,0.091810653,9.5999784,0,0.98539369,22.52
8803,194,124,17,1anc_BEN_A_384,5,autodock,0.42644704,0.091621118,4.6544614,0,2.1297789e-07,2.5749672
8804,194,6941,991,3wzo_ZOE_C_201,4,gnina,0.48035168,0.091433531,5.2535605,0,0.75581194,6.7037133
8805,194,14704,2100,6av2_BY7_A_803,4,gnina,0.42161284,0.090868864,4.6397934,0,9.2788243e-09,6.1250292
8806,194,7596,1085,4clo_XP0_D_1270,1,unimol,0.85800118,0.090744252,9.4551563,0,0,20.04
8807,194,10000,1428,4uch_OLW_A_800,4,gnina,0.41521382,0.090713262,4.5772109,0,1.6165646e-08,4.8628674
8808,194,5403,771,2w0b_CMW_A_1450,6,smina,0.21192786,0.08970222,2.36257,0,0,5.6505537
8809,194,5660,808,2xyj_WLM_A_1442,4,gnina,0.4823929,0.089444677,5.3931975,0,9.7046703e-05,9.8089649
8810,194,7617,1088,4clr_FDB_D_1270,1,unimol,0.88049429,0.089216717,9.8691616,0,0.99230682,23.36
8811,194,17113,2444,6t07_M45_B_601,5,autodock,0.42676397,0.089169464,4.7859869,0,0.00069444645,4.3014649
8812,194,6585,940,3vq4_0NX_A_304,5,autodock,0.58925824,0.089056999,6.6166406,0,1.8566134e-05,7.718386
8813,194,8901,1271,4k5g_Q13_A_803,4,gnina,0.48255385,0.088202288,5.4709892,0,6.8728764e-13,7.6330832
8814,194,15168,2166,6f76_CVK_B_203,6,smina,0.21493504,0.087969386,2.4432926,0,0,5.3863675
8815,194,13516,1930,5thu_B3N_A_404,6,smina,0.21533965,0.08693433,2.4770372,0,0,5.9851979
8816,194,12671,1810,5je7_EVF_B_302,1,unimol,0.86631577,0.086875382,9.9719353,0,0.99127975,21
8817,194,13523,1931,5thu_B3N_B_404,6,smina,0.21192816,0.086486839,2.4504085,0,0,9.3419191
8818,194,12706,1815,5jj2_MLI_A_301,1,unimol,0.87891276,0.085753746,10.249263,0,0.95185752,16.15
8819,194,12590,1798,5j5i_6GM_G_302,4,gnina,0.63033596,0.085445952,7.3770127,0,0.99487807,10.063555
8820,194,10337,1476,4xp3_DX4_A_401,5,autodock,0.65300298,0.085260252,7.658937,0,0.98875067,357.64919
8821,194,8908,1272,4k5g_Q13_B_803,4,gnina,0.46046533,0.085157282,5.4072328,0,2.6709003e-13,6.9986632
8822,194,15852,2264,6krs_CIT_B_301,4,gnina,0.4177807,0.084969628,4.9168229,0,0.016204057,7.5060709
8823,194,2378,339,1s5s_PG3_A_1,5,autodock,0.63352311,0.084765391,7.4738407,0,0.56609449,6.709912
8824,195,8412,1201,4hon_AKG_A_401,5,autodock,0.81491785,0.17377631,4.6894636,0,0.99507849,16.587256
8825,195,8419,1202,4hon_AKG_B_401,5,autodock,0.79653466,0.17022985,4.6791706,0,0.99470678,16.934052
8826,195,11198,1599,5cmb_GLY_A_301,5,autodock,0.80462787,0.16488749,4.879859,0,0.99879572,94.363503
8827,195,10722,1531,4zu3_4SD_C_301,5,autodock,0.84909353,0.14145747,6.0024643,0,0.91729175,42.864377
8828,195,10729,1532,4zu3_4SD_D_301,5,autodock,0.83952667,0.13709108,6.1238599,0,0.92454201,29.215402
8829,195,9378,1339,4n6w_FLC_A_203,5,autodock,0.89314313,0.13691665,6.5232606,0,0.99654123,35.709341
8830,195,10736,1533,4zu3_4SD_E_301,5,autodock,0.77153545,0.12853643,6.0024643,0,0.91237303,42.255228
8831,195,10708,1529,4zu3_4SD_B_301,5,autodock,0.78286731,0.12787501,6.122128,0,0.92761038,31.965681
8832,195,12473,1781,5ioq_DUR_C_302,6,smina,0.15183539,0.12705573,1.1950289,0,0,1.8465995
8833,195,10715,1530,4zu3_4SD_B_302,5,autodock,0.70424114,0.12672198,5.5573707,0,0.70108251,5.3076915
8834,195,15301,2185,6flu_DTK_B_401,6,smina,0.21181241,0.12623232,1.6779561,0,0.14078958,2.715437
8835,195,10701,1528,4zu3_4SD_A_301,5,autodock,0.76394112,0.12474828,6.1238599,0,0.91686176,21.893694
8836,195,15266,2180,6flu_DTK_A_401,6,smina,0.20566277,0.12435463,1.6538399,0,0.81034132,2.7124008
8837,195,14743,2106,6b6r_BEN_A_302,1,unimol,1.0426979,0.12324289,8.4605103,0,0.99287871,18.85
8838,195,13371,1910,5t3h_BEN_A_302,1,unimol,1.0426475,0.12323694,8.4605103,0,0.99452993,17.52
8839,195,17046,2435,6sux_BEN_A_302,1,unimol,1.0427524,0.1230138,8.4767103,0,0.99561953,14.39
8840,195,17053,2436,6svu_BEN_A_302,1,unimol,1.0421378,0.12294129,8.4767103,0,0.99658208,20.84
8841,195,6382,911,3u3o_3QV_A_297,5,autodock,0.46485673,0.1188209,3.9122462,0,0,18.700042
8842,195,6116,873,3r51_MMA_A_200,5,autodock,0.81326912,0.11682914,6.9611826,0,0.99414591,12.377559
8843,195,6322,903,3tky_N7I_D_369,1,unimol,0.74655796,0.11664878,6.4000483,0,0.93677682,20.19
8844,195,14610,2087,6a1l_BEZ_A_404,1,unimol,0.88555356,0.11439517,7.7411785,0,0.99620122,20.66
8845,195,15835,2262,6k92_GT0_A_802,1,unimol,1.0249688,0.1143797,8.9611063,0,0.96383066,19.88
8846,195,14603,2086,6a1l_BEZ_A_403,1,unimol,0.87377876,0.11386354,7.6739111,0,0.9676315,14.19
8847,195,7607,1086,4clr_FDB_A_1270,5,autodock,0.56786798,0.11353549,5.001677,0,0,2.8279837
8848,195,15475,2210,6h8p_OGA_A_504,5,autodock,0.7617597,0.11317707,6.7306886,0,0.93674889,12.125836
8849,195,7621,1088,4clr_FDB_D_1270,5,autodock,0.56509261,0.11298061,5.001677,0,0,3.5358264
8850,195,9658,1379,4pxd_1AL_A_502,5,autodock,0.92352505,0.11221991,8.2296,0,0.99723205,184.47824
8851,195,15243,2177,6fld_DQ5_A_604,4,gnina,0.41389834,0.11195206,3.6971023,0,0,7.0687706
8852,195,7614,1087,4clr_FDB_C_1270,5,autodock,0.56094825,0.11180385,5.0172524,0,0,3.1989879
8853,195,10004,1429,4ud9_FQI_H_1257,1,unimol,0.88327822,0.1117627,7.9031568,0,0.99824518,15.75
8854,195,6943,991,3wzo_ZOE_C_201,6,smina,0.42661061,0.11143626,3.8282917,0,0,8.8169385
8855,195,8408,1201,4hon_AKG_A_401,1,unimol,1.0300758,0.11142249,9.2447739,0,0,22.82
8856,195,8415,1202,4hon_AKG_B_401,1,unimol,1.0265318,0.11135724,9.2183647,0,0,14.91
8857,195,8867,1266,4jp3_CIT_A_301,5,autodock,0.44100892,0.11118896,3.9663005,0,0.086898461,16.049644
8858,195,2916,416,1w78_PD8_A_1421,4,gnina,0.41242762,0.1111319,3.7111533,0,0.93497985,4.886537
8859,195,16924,2417,6rhc_K48_A_305,5,autodock,0.8105807,0.11096102,7.3050933,0,0.98979112,6.6094037
8860,195,237,33,1cgk_NAR_A_390,6,smina,0.13783226,0.11033229,1.2492459,0,0,2.6955904
8861,195,16036,2290,6lx5_C5F_A_502,6,smina,0.21181239,0.1086044,1.9503103,0,0,2.2033652
8862,195,6879,982,3wur_O4B_B_201,5,autodock,0.53963591,0.10821437,4.9867296,0,0,14.760963
8863,195,6315,902,3tky_N7I_C_369,1,unimol,0.76776041,0.10810902,7.1017232,0,0.98836349,23.72
8864,195,2960,422,1x29_PMG_B_1413,6,smina,0.29302883,0.10763426,2.7224483,0,0.88389943,6.3966713
8865,195,17148,2449,6t5p_VD8_C_302,5,autodock,0.89135693,0.10736621,8.3020239,0,0.99255884,7.1546109
8866,195,6761,965,3wgc_PLG_B_401,6,smina,0.27388966,0.10656836,2.5700834,0,1.2689565e-05,6.6381208
8867,195,17764,2537,7jo3_VGS_A_302,5,autodock,0.81497669,0.10630251,7.6665792,0,0.99382982,5.7880764
8868,195,6872,981,3wur_O4B_A_202,5,autodock,0.52687988,0.10525222,5.005878,0,0,4.2227095
8869,195,16664,2380,6qdb_HWQ_A_1002,4,gnina,0.41335206,0.10494105,3.9388969,0,4.5346732e-07,4.6744953
8870,195,6375,910,3u3o_3QV_A_296,5,autodock,0.42408175,0.10343176,4.1001105,0,0,22.045813
8871,195,10732,1533,4zu3_4SD_E_301,1,unimol,1.0100655,0.10292964,9.8131638,0,0.30014726,20.72
8872,195,10711,1530,4zu3_4SD_B_302,1,unimol,0.99048688,0.10282777,9.6324835,0,0.81490058,27.64
8873,195,8945,1277,4kfj_1R0_A_202,6,smina,0.2118302,0.10280092,2.0605857,0,2.5587374e-05,6.7624517
8874,196,711,101,1gz5_G6P_B_901,4,gnina,0.36611947,0.11966011,3.0596609,0,1.2221562e-06,5.079922
8875,196,718,102,1gz5_G6P_C_901,4,gnina,0.36636807,0.11948806,3.0661471,0,3.3112043e-06,5.2826121
8876,196,1468,209,1kuj_MMA_G_504,5,autodock,0.94551229,0.11195577,8.4454079,0,0.99456837,11.63211
8877,196,2385,340,1s6h_4BZ_A_1,5,autodock,0.57942552,0.10706847,5.4117279,0,0,11.947188
8878,196,2756,393,1uux_PPI_A_1165,5,autodock,0.48831127,0.10703863,4.5620089,0,0.00013294618,2.9783871
8879,196,9615,1373,4p8c_Y22_B_502,4,gnina,0.47947188,0.10518771,4.558249,0,2.5917568e-08,5.7707984
8880,196,5591,798,2xmi_FLC_A_1379,5,autodock,0.49434181,0.10310532,4.7945313,0,0.092617836,14.578232
8881,196,13208,1886,5o3f_9HT_A_501,6,smina,0.44750329,0.10207929,4.3838782,0,0,8.0962284
8882,196,8321,1188,4h9g_14J_A_512,5,autodock,0.53719294,0.10172242,5.2809682,0,0.010239809,3.0874585
8883,196,1454,207,1kuj_MMA_A_501,5,autodock,0.83753904,0.099218905,8.4413242,0,0.99284993,13.931649
8884,196,1461,208,1kuj_MMA_C_502,5,autodock,0.83231547,0.09868349,8.4341908,0,0.98809704,9.266211
8885,196,4057,579,2fhk_MFN_C_601,4,gnina,0.58154985,0.097286475,5.977704,0,2.2382074e-18,12.193081
8886,196,13887,1983,5vv0_9OM_B_803,6,smina,0.20826108,0.096258383,2.1635621,0,0,4.7771404
8887,196,2602,371,1toq_AMG_E_503,5,autodock,0.94415133,0.096064454,9.82831,0,0.99442989,21.669085
8888,196,10008,1429,4ud9_FQI_H_1257,5,autodock,0.58470913,0.095247839,6.1388168,0,0.004033556,9.1146152
8889,196,10169,1452,4wdd_CIT_A_401,5,autodock,0.4811796,0.0948929,5.0707641,0,0.0021793975,14.667082
8890,196,13984,1997,5w8q_BU4_A_400,5,autodock,0.71499069,0.094414678,7.5728755,0,0.7540742,12.773329
8891,196,348,49,1dxy_COI_A_404,5,autodock,0.48764632,0.094019511,5.1866493,0,2.555098e-06,4.4661153
8892,196,15215,2173,6fa1_D2Z_A_203,4,gnina,0.41350801,0.093933129,4.4021521,0,1.0133335e-11,6.1826053
8893,196,5744,820,2ynf_WHU_A_1563,4,gnina,0.49415729,0.092660255,5.3330007,0,0.99553311,9.600867
8894,196,3827,546,2dm5_ODI_A_312,5,autodock,0.60965119,0.089311009,6.8261585,0,0.015449858,13.398387
8895,196,2958,422,1x29_PMG_B_1413,4,gnina,0.81155134,0.089193034,9.0988188,0,0.88123728,7.3705224
8896,196,10288,1469,4x36_CHT_A_411,5,autodock,0.48124256,0.08907764,5.4025059,0,0,2.4668991
8897,196,5717,816,2ye5_2A7_A_1224,5,autodock,0.53380181,0.088898204,6.0046401,0,0.0070797576,11.632302
8898,196,5262,751,2v32_BEZ_B_1220,5,autodock,0.81767391,0.088490576,9.2402363,0,0.99409631,12.10005
8899,196,3477,496,2aiq_BEN_A_401,5,autodock,0.57902904,0.087852213,6.5909433,0,0.00036175764,8.6270523
8900,196,544,77,1fwn_PEP_A_1268,5,autodock,0.58737315,0.087246682,6.7323256,0,0.002611054,6.7522297
8901,196,12864,1837,5kxb_NGA_C_305,5,autodock,0.84490245,0.086666097,9.7489376,0,0.9815442,17.556991
8902,197,5654,807,2xya_7L4_A_1181,5,autodock,0.58392379,0.13158208,4.4377141,0,5.1238793e-06,7.4599692
8903,197,510,72,1fs5_16G_B_2267,6,smina,0.13814447,0.12389373,1.1150229,0,1.2081998e-07,2.9028297
8904,197,3268,466,1zjp_DR4_A_1,6,smina,0.29308198,0.11818873,2.4797785,0,0.890226,8.9878228
8905,197,5650,807,2xya_7L4_A_1181,1,unimol,0.87864108,0.11448086,7.6750031,0,0.97457555,21
8906,197,1063,151,1ij8_BNI_B_502,6,smina,0.23752437,0.11361761,2.0905585,0,0,5.9321551
8907,197,15506,2215,6hl9_SIN_B_402,1,unimol,0.77961059,0.11211846,6.9534535,0,0.84672457,21.91
8908,197,11962,1708,5g09_6DF_C_1475,6,smina,0.29417751,0.10568722,2.7834721,0,0.98763188,5.9464501
8909,197,11948,1706,5g09_6DF_A_1475,6,smina,0.29417751,0.10560735,2.7855771,0,0.98866,4.4753554
8910,197,12634,1804,5j61_A3G_E_501,6,smina,0.29417751,0.10506487,2.7999599,0,0.98526916,6.302696
8911,197,4808,686,2pt6_S4M_C_503,6,smina,0.41447518,0.10350551,4.0043769,0,0.98222283,4.616195
8912,197,12620,1802,5j61_A3G_C_501,6,smina,0.29417751,0.10241515,2.8724012,0,0.21707787,5.7861972
8913,197,11548,1649,5eo7_SFU_B_405,5,autodock,0.90752705,0.1023934,8.8631392,0,0.96087899,11.045487
8914,197,11562,1651,5eo7_SFU_C_402,5,autodock,0.91297376,0.10104066,9.0357056,0,0.98974494,16.989994
8915,197,11331,1618,5dky_NOJ_A_1000,5,autodock,0.95646831,0.1007317,9.4952059,0,0.994114,97.499661
8916,197,1056,150,1ij8_BNI_A_501,6,smina,0.21038024,0.10063346,2.0905585,0,0,6.7968842
8917,197,11583,1654,5eo7_SFU_C_405,5,autodock,0.90591563,0.10025952,9.0357056,0,0.9806174,10.614461
8918,197,17771,2538,7joc_ARZ_A_302,5,autodock,0.57540604,0.098694174,5.8301916,0,0,8.9218174
8919,197,11513,1644,5eo7_SFU_A_402,5,autodock,0.90982057,0.098535198,9.2334566,0,0.97562604,17.521365
8920,197,12632,1804,5j61_A3G_E_501,4,gnina,0.47795831,0.098340871,4.8602195,0,0,6.6695914
8921,197,10891,1555,5a8k_TP7_A_558,6,smina,0.29417751,0.098039241,3.0006089,0,0.98609124,5.2872061
8922,197,12618,1802,5j61_A3G_C_501,4,gnina,0.47795831,0.098001196,4.8770652,0,0.94384045,17.68329
8923,197,17123,2446,6t0a_M58_B_601,1,unimol,0.74701063,0.097355269,7.6730366,0,0,14.14
8924,197,12613,1801,5j61_A3G_A_501,6,smina,0.26369782,0.096772131,2.7249346,0,0.98098989,5.0291055
8925,197,10898,1556,5a8k_TP7_D_554,6,smina,0.29417751,0.096252349,3.0563142,0,0.99555154,5.464519
8926,197,11506,1643,5eo7_SFU_A_401,5,autodock,0.80730424,0.095886747,8.4193506,0,0.84749629,8.0592614
8927,197,6493,927,3vc3_C6P_A_501,4,gnina,0.50608705,0.095288932,5.3110781,0,3.7563758e-05,8.0894238
8928,197,6035,862,3qfx_CP6_A_602,1,unimol,0.87737471,0.094189048,9.3150387,0,0.9942075,20.72
8929,197,11555,1650,5eo7_SFU_C_401,5,autodock,0.80735568,0.094071489,8.5823622,0,0.92278691,9.1663644
8930,197,15679,2239,6jc7_F0G_B_601,6,smina,0.29417751,0.093175731,3.1572323,0,6.772339e-08,8.6899014
8931,197,15443,2206,6gpn_OGA_B_402,1,unimol,0.78418384,0.092500875,8.477582,0,0.92691014,22.52
8932,197,17127,2446,6t0a_M58_B_601,5,autodock,0.45908969,0.092030897,4.9884291,0,0,13.121806
8933,197,15166,2166,6f76_CVK_B_203,4,gnina,0.4242317,0.091983648,4.6120329,0,2.4457992e-09,5.821548
8934,197,5794,827,2z48_A2G_B_2001,5,autodock,0.86736431,0.091947806,9.4332237,0,0.90391461,8.2827599
8935,197,9008,1286,4kux_FPS_D_704,6,smina,0.29968343,0.091855565,3.2625496,0,0,5.7707848
8936,197,7111,1015,4a8p_PAO_D_1340,6,smina,0.2306817,0.091710589,2.5153215,0,0,4.1956885
8937,197,5520,788,2wzv_FMN_A_801,4,gnina,0.49697779,0.091290123,5.4439373,0,0.95121793,6.7372999
8938,197,5780,825,2z48_A2G_A_1001,5,autodock,0.86115779,0.091289864,9.4332237,0,0,30.379928
8939,197,5815,830,2z48_NGA_A_1003,5,autodock,0.85884693,0.091044893,9.4332237,0,0.88625975,14.28987
8940,197,6042,863,3qfx_CP6_B_702,1,unimol,0.87653298,0.090994565,9.6328049,0,0.99489177,22.62
8941,197,11541,1648,5eo7_SFU_B_404,5,autodock,0.81185509,0.090719763,8.9490423,0,0.99570935,11.406977
8942,197,4045,577,2fhk_MFN_A_600,6,smina,0.29417751,0.090673239,3.2443688,0,0,22.772781
8943,197,11569,1652,5eo7_SFU_C_403,5,autodock,0.76109522,0.090248577,8.43332,0,0.81217591,10.377013
8944,197,14069,2009,5x23_LSN_A_502,6,smina,0.29417751,0.089783433,3.2765224,0,0,9.597798
8945,197,14067,2009,5x23_LSN_A_502,4,gnina,0.47795831,0.089048756,5.3673768,0,0.98204509,9.5322494
8946,197,6489,927,3vc3_C6P_A_501,0,surfdock,0.38871048,0.088321304,4.4010944,0,0,4.2403747
8947,197,17008,2429,6sds_L8N_A_302,5,autodock,0.58345003,0.087729662,6.6505437,0,0,8.1293962
8948,197,15510,2215,6hl9_SIN_B_402,5,autodock,0.46729911,0.087709829,5.3277841,0,0,6.3677817
8949,197,15609,2229,6hsg_GM5_B_504,6,smina,0.26957208,0.087342722,3.0863705,0,0,4.1223332
8950,197,2148,306,1poc_GEL_A_420,6,smina,0.45880041,0.086867858,5.281589,0,0.00061945196,15.392073
8951,197,15499,2214,6hl9_SIN_A_402,1,unimol,0.59319811,0.086236486,6.878736,0,0.88736706,25.05
8952,198,1027,146,1hsr_BHO_A_800,5,autodock,0.49213925,0.29203163,1.6852249,0,7.1842033e-10,4.2673593
8953,198,10841,1548,5a66_3PO_B_1000,5,autodock,0.78998164,0.15516136,5.0913544,0,0.99438689,7.131728
8954,198,5522,788,2wzv_FMN_A_801,6,smina,0.47138447,0.1459574,3.2296021,0,0,11.532632
8955,198,10834,1547,5a66_3PO_A_1000,5,autodock,0.74917975,0.14254637,5.2556906,0,0.99062928,8.7966959
8956,198,1972,281,1o8a_NXA_A_702,5,autodock,0.72691175,0.12857825,5.6534572,0,0.99112529,5.5811626
8957,198,13931,1990,5vys_1YJ_A_301,1,unimol,1.0353658,0.12601127,8.2164526,0,0.98434714,17.53
8958,198,10763,1537,4zvz_4TF_A_503,4,gnina,0.4209499,0.12570007,3.3488429,0,0.0037835134,4.3956965
8959,198,13938,1991,5vys_1YJ_B_301,1,unimol,1.0279635,0.12545432,8.1939259,0,0.9774128,21.32
8960,198,15079,2154,6ezf_C6Z_A_1003,1,unimol,0.87529641,0.12096332,7.2360473,0,0,18.58
8961,198,5746,820,2ynf_WHU_A_1563,6,smina,0.49156092,0.1197259,4.1057181,0,0,8.0489161
8962,198,16839,2405,6r73_LMP_B_301,4,gnina,0.42329373,0.1148899,3.6843414,0,0.051271179,6.8898822
8963,198,14741,2105,6b5k_TYD_B_304,6,smina,0.23003904,0.11344836,2.0276973,0,0,5.0150355
8964,198,10505,1500,4z1d_PEP_B_300,5,autodock,0.72564938,0.11160205,6.5021143,0,0.87409549,5.7185165
8965,198,16832,2404,6r73_LMP_A_301,4,gnina,0.41430994,0.11134868,3.7208331,0,0,5.5082371
8966,198,14769,2109,6b9p_D0J_B_1001,6,smina,0.26780009,0.11115807,2.4091816,0,0,14.549213
8967,198,14734,2104,6b5k_TYD_A_304,6,smina,0.22793287,0.11000522,2.0720177,0,0,4.938743
8968,198,14935,2133,6cqu_HI6_B_601,4,gnina,0.41430994,0.10927175,3.7915549,0,0.13503135,5.8452352
8969,198,13924,1989,5vyr_GMP_B_303,1,unimol,0.78528856,0.10412058,7.5421062,0,0.99382816,17.7
8970,198,7610,1087,4clr_FDB_C_1270,1,unimol,0.70837234,0.10218543,6.9322233,0,0.99520353,19.36
8971,198,5486,783,2wj4_HQD_A_1281,5,autodock,0.93295119,0.10205017,9.1420822,0,0.98943247,433.54007
8972,198,7603,1086,4clr_FDB_A_1270,1,unimol,0.71203441,0.10108626,7.0438285,0,0.99387604,18.08
8973,198,4226,603,2gnm_MAN_A_253,5,autodock,0.8305848,0.10047519,8.2665653,0,0.95776925,18.385597
8974,198,9402,1343,4n9v_AZA_A_403,1,unimol,0.58961658,0.099101604,5.949616,0,0.027836011,20.76
8975,198,9395,1342,4n9v_AZA_A_402,1,unimol,0.58169454,0.097857398,5.9443073,0,0.69008367,18.08
8976,198,11632,1661,5eso_ISC_B_602,5,autodock,0.91739027,0.097149584,9.4430685,0,0.96151877,24.758948
8977,198,1793,256,1nf0_13P_A_5001,1,unimol,0.84498758,0.096296539,8.774848,0,0.9324785,21.82
8978,198,474,67,1foi_14W_A_810,5,autodock,0.46994106,0.095041624,4.9445806,0,7.0712547e-08,2.9193604
8979,198,14767,2109,6b9p_D0J_B_1001,4,gnina,0.46236809,0.09424782,4.9058747,0,1.8128942e-08,17.212237
8980,198,3386,483,2a15_NCA_A_1001,5,autodock,0.58190736,0.093908782,6.196516,0,0,37.302804
8981,198,131,18,1aog_MAE_A_500,5,autodock,0.57027997,0.093684258,6.087254,0,0,6.3449675
8982,198,10330,1475,4xp0_42A_A_404,5,autodock,0.49237733,0.09236848,5.3305764,0,0,20.931196
8983,198,15873,2267,6krs_CIT_F_301,4,gnina,0.41547645,0.092329078,4.4999514,0,0.0088533478,8.9745621
8984,198,13928,1989,5vyr_GMP_B_303,5,autodock,0.47399935,0.092286531,5.1361694,0,0.00044031685,2.8068111
8985,198,12961,1851,5lwy_OLB_A_407,4,gnina,0.48856139,0.092126843,5.3031373,0,3.3360992e-07,9.418667
8986,198,14762,2108,6b9p_D0J_A_1001,6,smina,0.21963863,0.091167283,2.4091816,0,0,15.088983
8987,198,11005,1572,5b4o_6DQ_B_201,1,unimol,0.84460847,0.090691902,9.3129416,0,0.98808155,17.19
8988,198,3085,440,1y42_TYR_X_701,5,autodock,0.51393281,0.090467522,5.6808534,0,3.8395308e-06,14.178631
8989,198,17351,2478,6uvj_QJ1_A_205,5,autodock,0.58175389,0.088657488,6.5618124,0,0,4.6615501
8990,198,14054,2007,5wqp_NCA_A_302,5,autodock,0.46841876,0.088452924,5.2956834,0,0,6.2859469
8991,198,10309,1472,4xf0_CYS_A_502,5,autodock,0.82862094,0.088320037,9.3820257,0,0.96974753,48.523184
8992,198,8597,1228,4i6s_FUC_B_101,1,unimol,0.9439822,0.088319893,10.688216,0,0.95106866,18.12
8993,198,4474,639,2jhp_GUN_A_1647,1,unimol,0.61627067,0.087895549,7.0113969,0,0.98384697,17.65
8994,198,1776,253,1n3o_GYP_B_1101,5,autodock,0.82549663,0.087713181,9.4113169,0,0.96549363,11.751365
8995,198,879,125,1h48_GPP_E_904,4,gnina,0.37590618,0.08746806,4.2976384,0,0.071346744,4.5912288
8996,198,2164,309,1pr0_NOS_C_1247,1,unimol,1.0200856,0.087218828,11.695703,0,0,21.66
8997,198,12857,1836,5kxb_NGA_B_305,5,autodock,0.84743705,0.08714342,9.7246237,0,0.9368291,14.130715
8998,198,1989,284,1om5_INE_B_791,1,unimol,0.61113305,0.08691096,7.0317135,0,0.98772575,18.72
8999,198,7575,1082,4cle_JR2_A_1271,1,unimol,0.5927019,0.085784445,6.9091992,0,0,20.96
9000,198,1982,283,1om5_INE_A_790,1,unimol,0.5927241,0.085757692,6.9116135,0,0.98684058,23.15
9001,198,113,16,1anc_BEN_A_290,1,unimol,0.77447427,0.085546616,9.0532417,0,0.96829228,21.5
9002,199,4478,639,2jhp_GUN_A_1647,5,autodock,0.53534796,0.18314829,2.9230292,0,0.20328149,2.3256717
9003,199,2721,388,1uay_ADN_B_1002,5,autodock,0.85537337,0.14125318,6.0556035,0,0.99773771,14.011356
9004,199,2714,387,1uay_ADN_A_1001,5,autodock,0.85400561,0.1410719,6.0536895,0,0.98488825,27.711185
9005,199,4485,640,2jhp_GUN_A_1648,5,autodock,0.43234812,0.13686902,3.1588447,0,5.9230887e-06,2.524998
9006,199,5633,804,2xul_AKG_C_201,5,autodock,0.4693344,0.12796089,3.6677947,0,1.7674182e-06,7.0352998
9007,199,5647,806,2xul_AKG_F_201,5,autodock,0.47457928,0.12739603,3.7252274,0,1.5023285e-06,5.2986047
9008,199,5640,805,2xul_AKG_E_201,5,autodock,0.47587611,0.12221267,3.8938353,0,0.015644091,6.1864986
9009,199,4282,611,2hdk_COI_B_900,5,autodock,0.49048552,0.11671785,4.2023172,0,0.0016312522,6.3081593
9010,199,5626,803,2xul_AKG_A_201,5,autodock,0.42014571,0.11278388,3.7252274,0,1.4048389e-06,5.718811
9011,199,6126,875,3ro7_TDR_A_300,1,unimol,0.58500456,0.11028464,5.3044963,0,0,15.77
9012,199,13235,1890,5o4j_PJL_A_304,5,autodock,0.42894493,0.10936129,3.9222729,0,4.207921e-05,8.8776033
9013,199,11960,1708,5g09_6DF_C_1475,4,gnina,0.81230735,0.1069343,7.5963206,0,0.81448353,7.9466749
9014,199,11946,1706,5g09_6DF_A_1475,4,gnina,0.81232519,0.10692211,7.5973539,0,0.25308546,8.532569
9015,199,16798,2399,6r5o_BGC_A_801,5,autodock,0.84654049,0.10686677,7.9214559,0,0.93327511,25.556154
9016,199,16455,2350,6ooi_PGA_C_302,5,autodock,0.78017494,0.10431037,7.4793601,0,0.62615197,6.8349935
9017,199,15727,2246,6jmd_ORO_A_402,5,autodock,0.60168657,0.1030549,5.8385043,0,0,6.9154383
9018,199,5207,743,2tmk_ATM_B_217,6,smina,0.27798487,0.10098228,2.7528074,0,0,4.8593598
9019,199,663,94,1giu_ADE_A_300,5,autodock,0.46153224,0.098809862,4.6709118,0,0.049243801,3.9859481
9020,199,13725,1960,5uio_LG3_C_201,5,autodock,0.59231118,0.098772166,5.9967408,0,0,5.870715
9021,199,13718,1959,5uio_LG3_B_201,5,autodock,0.59227239,0.098765698,5.9967408,0,0,4.0064442
9022,199,13711,1958,5uio_LG3_A_201,5,autodock,0.59192959,0.098708535,5.9967408,0,0,9.0175261
9023,199,10889,1555,5a8k_TP7_A_558,4,gnina,0.8122807,0.09770844,8.3133106,0,0.99548915,19.030661
9024,199,13473,1924,5tde_2HP_B_902,5,autodock,0.4664406,0.09753037,4.7825155,0,7.0661557e-05,3.1878576
9025,199,13732,1961,5uio_LG3_E_201,5,autodock,0.59012496,0.096372989,6.123343,0,0,8.7778114
9026,199,2819,402,1vkf_CIT_A_501,5,autodock,0.88731836,0.096239904,9.2198582,0,0.82269317,12.625232
9027,199,16441,2348,6ooi_PGA_A_301,5,autodock,0.7197663,0.096158263,7.4852247,0,0.67153723,8.320855
9028,199,10896,1556,5a8k_TP7_D_554,4,gnina,0.81244609,0.095630723,8.4956589,0,0.98925938,17.533088
9029,199,13907,1986,5vyr_B62_A_301,5,autodock,0.59007508,0.094126156,6.26898,0,0,11.358632
9030,199,16462,2351,6ooi_PGA_D_301,5,autodock,0.69777358,0.093183587,7.4881587,0,0.6147413,7.4026541
9031,199,11640,1662,5ew8_5SF_A_803,6,smina,0.459468,0.093105518,4.934916,0,0,9.6455814
9032,199,11647,1663,5ew8_5SF_B_802,6,smina,0.459292,0.093069853,4.934916,0,0,11.008824
9033,199,8433,1204,4hrq_AZG_A_201,5,autodock,0.47983343,0.092998325,5.1595912,0,0.037822596,3.9294867
9034,199,17478,2496,6wiw_I14_A_601,6,smina,0.24589565,0.092503567,2.6582279,0,0,5.3500486
9035,199,7446,1063,4c67_L5S_A_1170,5,autodock,0.61318732,0.091385016,6.7099319,0,0,7.41065
9036,199,13714,1959,5uio_LG3_B_201,1,unimol,0.88048102,0.089488901,9.8389959,0,0.32725675,20.81
9037,199,13721,1960,5uio_LG3_C_201,1,unimol,0.87939044,0.089378058,9.8389959,0,0.99352153,15.71
9038,199,12794,1827,5kcp_PFB_A_378,5,autodock,0.66280121,0.089331934,7.4195318,0,0.1994283,9.7285136
9039,199,13707,1958,5uio_LG3_A_201,1,unimol,0.87888731,0.089326922,9.8389959,0,0,20.24
9040,199,16812,2401,6r5o_BGC_B_801,5,autodock,0.70740569,0.089302474,7.9214559,0,0.86294012,25.264531
9041,199,14057,2008,5x0j_SEP_A_302,1,unimol,0.83170307,0.089258915,9.3178701,0,0,17.62
9042,199,2763,394,1uxi_FUM_A_1311,5,autodock,0.577776,0.088443255,6.5327301,0,0,9.347487
9043,199,16490,2355,6ooi_PGA_H_302,5,autodock,0.65949107,0.088174787,7.4793601,0,0.082925709,6.8348742
9044,199,17760,2537,7jo3_VGS_A_302,1,unimol,1.0347237,0.088037642,11.753196,0,0.97441824,23.92
9045,199,12815,1830,5kcp_PFB_B_379,5,autodock,0.56317179,0.087405182,6.4432302,0,0.86444697,3.6297043
9046,199,12482,1783,5irw_D9P_A_202,1,unimol,0.9766295,0.08641025,11.30224,0,0.96752547,21.67
9047,199,547,78,1fwn_PEP_B_2268,1,unimol,0.85914993,0.086317863,9.9533262,0,0.96362355,20.97
9048,199,5885,840,2zgw_ADN_A_1301,5,autodock,0.85353343,0.086086152,9.9148741,0,0.99243767,10.850533
9049,199,3750,535,2ci0_1CM_A_1450,5,autodock,0.77790176,0.086009759,9.044342,0,0.8782049,6.8199861
9050,199,7475,1067,4cb5_93G_A_1484,6,smina,0.13944722,0.085372326,1.6333997,0,0,4.53401
9051,199,8447,1206,4hxk_1AJ_A_201,5,autodock,0.4655313,0.085052808,5.4734373,0,0,5.8202482
9052,200,9302,1328,4mr7_2BV_A_501,6,smina,0.14150719,0.16855635,0.83952355,0,0,7.8994865
9053,200,15714,2244,6jk9_BU0_B_501,6,smina,0.2972545,0.13106966,2.2679114,0,0,8.3910295
9054,200,12722,1817,5jj2_MLI_A_303,3,diffdock_l,0.10753891,0.12809501,0.83952355,0,5.415015e-10,32.17597
9055,200,17076,2439,6syz_M1E_A_601,3,diffdock_l,0.1068762,0.12730562,0.83952355,0,1.8325536e-50,13.205795
9056,200,4374,624,2ij7_TPF_F_2474,6,smina,0.1734844,0.12665943,1.369691,0,0,3.3142228
9057,200,12708,1815,5jj2_MLI_A_301,3,diffdock_l,0.1055971,0.12578203,0.83952355,0,0.15744219,39.114918
9058,200,8193,1170,4fra_GAL_A_402,3,diffdock_l,0.10514859,0.12524778,0.83952355,0,0.98549053,12.601962
9059,200,9544,1363,4ofu_DHT_A_1001,3,diffdock_l,0.10365274,0.123466,0.83952355,0,0.99154601,42.471123
9060,200,9861,1408,4rm3_FOA_A_1000,5,autodock,0.76564861,0.12247846,6.2512908,0,0.98023675,6.2610125
9061,200,9868,1409,4rm3_FOA_B_1000,5,autodock,0.70570997,0.12246783,5.7624102,0,0.83188786,5.1814019
9062,200,17090,2441,6szl_M3E_B_604,3,diffdock_l,0.10177471,0.12122898,0.83952355,0,0.00032518111,14.857457
9063,200,11299,1614,5di7_5CQ_B_601,1,unimol,0.86244614,0.12040768,7.1627159,0,0,23.37
9064,200,5547,792,2x0u_X0U_B_1291,3,diffdock_l,0.10076726,0.12002896,0.83952355,0,6.8025302e-43,13.47896
9065,200,5545,792,2x0u_X0U_B_1291,1,unimol,0.69633527,0.1191774,5.8428459,0,0.99578285,18.04
9066,200,2518,359,1thc_FL9_A_131,5,autodock,0.45469219,0.11808676,3.8504918,0,7.7106375e-07,4.3329685
9067,200,4756,679,2pir_NK_A_933,3,diffdock_l,0.097989366,0.11672007,0.83952355,0,4.7459034e-27,10.669936
9068,200,2532,361,1thc_FL9_B_131,5,autodock,0.45342084,0.11651289,3.8915927,0,0,3.805744
9069,200,12592,1798,5j5i_6GM_G_302,6,smina,0.46619405,0.11552511,4.0354338,0,0,9.3924258
9070,200,17678,2525,7a2h_QX2_A_401,3,diffdock_l,0.09695477,0.11548771,0.83952355,0,0.021335372,20.857628
9071,200,13156,1879,5nov_93B_A_201,3,diffdock_l,0.10142469,0.11446984,0.88603753,0,0.047941477,9.2441127
9072,200,17704,2529,7bqu_EF2_A_501,1,unimol,0.82999291,0.11419746,7.2680492,0,0.99578968,17.56
9073,200,12715,1816,5jj2_MLI_A_302,3,diffdock_l,0.095681128,0.11397061,0.83952355,0,0,10.514019
9074,200,11765,1680,5fe4_5WY_A_903,5,autodock,0.48318908,0.11342612,4.2599444,0,0,25.916813
9075,200,11772,1681,5fe4_5WY_B_904,5,autodock,0.48174301,0.11308666,4.2599444,0,0,9.6960866
9076,200,17111,2444,6t07_M45_B_601,3,diffdock_l,0.094837638,0.11296589,0.83952355,0,0.11903494,30.732472
9077,200,11292,1613,5di7_5CQ_A_601,1,unimol,0.8094091,0.11294744,7.166245,0,0,21.16
9078,200,9176,1310,4lz7_1YW_C_804,6,smina,0.21646634,0.11237728,1.9262456,0,0,3.1726232
9079,200,2530,361,1thc_FL9_B_131,3,diffdock_l,0.093529811,0.11140807,0.83952355,0,0.00024514403,11.794033
9080,201,13606,1943,5u5x_TP5_A_302,5,autodock,0.54943038,0.15571451,3.528446,0,0,3.5968573
9081,201,8618,1231,4i6w_1CO_B_1001,1,unimol,0.91066824,0.13711261,6.6417532,0,0.97242646,17.8
9082,201,8632,1233,4i6y_MEV_B_1001,1,unimol,0.93085366,0.13532567,6.8786178,0,0.97619063,17.73
9083,201,11191,1598,5clo_NS8_M_101,5,autodock,0.46921659,0.13197532,3.5553348,0,0.97555121,10.821983
9084,201,2280,325,1qit_MAE_A_411,5,autodock,0.41382386,0.13110755,3.1563685,0,0,6.3276996
9085,201,5570,795,2xh0_PEP_B_1440,5,autodock,0.86721138,0.13038879,6.6509647,0,0.99497305,8.3271992
9086,201,13602,1943,5u5x_TP5_A_302,1,unimol,0.84289622,0.12578086,6.7013063,0,0.98966674,17.05
9087,201,15580,2225,6ho7_GHQ_A_301,5,autodock,0.94485985,0.11895079,7.9432826,0,0.98744015,10.447941
9088,201,15538,2219,6hmw_FUL_F_202,5,autodock,0.86728186,0.11574239,7.4932075,0,0.99517371,9.4129907
9089,201,15524,2217,6hmw_FUL_B_204,5,autodock,0.84860111,0.11324937,7.4932075,0,0.95132747,11.457311
9090,201,754,107,1h18_PYR_A_1001,5,autodock,0.59831323,0.11198407,5.3428416,0,0.048925837,17.800377
9091,201,4334,619,2i6p_4NP_A_401,1,unimol,0.77479064,0.1117691,6.9320641,0,0.90016554,20.66
9092,201,14410,2058,5ybp_8SX_B_303,4,gnina,0.41299759,0.11092085,3.7233531,0,0,4.9122861
9093,201,13074,1867,5mzj_TEP_A_2401,5,autodock,0.57065817,0.11044061,5.1671033,0,0,6.5913311
9094,201,1629,232,1lzz_IHG_B_1830,5,autodock,0.49618286,0.10661101,4.6541419,0,0.0019952689,4.4423139
9095,201,3498,499,2as1_TP5_A_500,5,autodock,0.46772285,0.10601921,4.4116793,0,0,3.8785869
9096,201,17155,2450,6t5p_VD8_D_302,5,autodock,0.86385007,0.10504963,8.2232561,0,0.9918212,9.3205315
9097,201,7159,1022,4ajj_88R_B_1333,5,autodock,0.86300582,0.10190902,8.4683943,0,0.98582353,17.086882
9098,201,16931,2418,6rlt_MLI_A_508,5,autodock,0.5853564,0.10168746,5.7564254,0,0.62902966,5.1671508
9099,201,3506,500,2b04_CHO_A_200,6,smina,0.21621107,0.10149686,2.1302233,0,0,9.58151
9100,201,15517,2216,6hmw_FUL_A_203,5,autodock,0.76593842,0.099655487,7.6858621,0,0.99784598,11.290086
9101,201,16938,2419,6rlt_MLI_B_511,5,autodock,0.57952082,0.098769344,5.867415,0,0.64528093,5.8742295
9102,201,8625,1232,4i6y_MEV_A_501,1,unimol,0.66924086,0.097292915,6.8786178,0,0.97424084,24.19
9103,201,15552,2221,6hmw_FUL_H_201,5,autodock,0.76177253,0.09724852,7.8332548,0,0.98922809,10.876966
9104,201,3890,555,2eb5_OXL_C_2003,5,autodock,0.52320341,0.097095386,5.3885498,0,0.028047556,6.8108172
9105,201,1650,235,1m3u_KPL_E_265,5,autodock,0.86233614,0.096890086,8.9001474,0,0.98606712,13.877852
9106,201,15594,2227,6hqr_3DM_A_502,5,autodock,0.57985953,0.096722744,5.9950681,0,0,9.1768155
9107,201,7145,1020,4a9j_TYL_C_1184,5,autodock,0.52189538,0.096078596,5.431962,0,0,7.4015083
9108,201,16680,2382,6qdc_HXE_A_1003,6,smina,0.22690325,0.094737945,2.395061,0,0,5.6618635
9109,201,1643,234,1m3u_KPL_B_265,5,autodock,0.8355235,0.093877479,8.9001474,0,0.88406971,9.1842282
9110,201,17232,2461,6tog_NQH_A_201,5,autodock,0.58392896,0.091650849,6.3712325,0,0,5.1800086
9111,201,3078,439,1y2x_NAG_D_3144,5,autodock,0.8653329,0.091274272,9.4805775,0,0.9904881,13.924109
9112,201,6677,953,3w7f_FPS_B_302,6,smina,0.29706925,0.091173318,3.2582905,0,0,7.2670164
9113,201,1604,229,1lti_GAL_H_104,1,unimol,1.0344968,0.091081895,11.357874,0,0.95699148,20.56
9114,201,17554,2507,6xu3_PLP_D_401,5,autodock,0.97850187,0.090765374,10.780562,0,0.98505485,21.6755
9115,201,9546,1363,4ofu_DHT_A_1001,5,autodock,0.58072851,0.090082168,6.4466524,0,0,525.48528
9116,201,11696,1670,5f79_4V7_A_4000,6,smina,0.22742087,0.089531718,2.5401142,0,0,9.1663714
9117,201,2476,353,1t87_CAM_B_2422,5,autodock,0.44705059,0.088127831,5.0727506,0,0,5.5948178
9118,201,3393,484,2a1m_CAM_A_1422,5,autodock,0.44779273,0.08786481,5.0963821,0,0,3.9809177
9119,201,14438,2062,5ybq_8T0_B_303,4,gnina,0.41299759,0.087552023,4.7171669,0,0.38189765,5.0117092
9120,201,9785,1397,4r08_URI_D_901,6,smina,0.13900714,0.087484689,1.5889301,0,0,3.2926486
9121,201,3645,520,2bxh_IOS_A_1002,5,autodock,0.40977884,0.087396521,4.6887307,0,3.9153269e-06,6.142962
9122,201,3876,553,2eb5_OXL_A_2001,5,autodock,0.469699,0.087356187,5.3768249,0,0.084320578,5.005224
9123,201,3764,537,2coj_GBN_B_420,5,autodock,0.57771102,0.087130609,6.6304016,0,0.0017155615,11.844602
9124,201,1590,227,1lti_GAL_D_104,1,unimol,1.0353125,0.086630471,11.950904,0,0.92993194,23.04
9125,201,17540,2505,6xu3_PLG_B_401,5,autodock,0.95120989,0.086525724,10.993376,0,0.96570307,17.051882
9126,201,3883,554,2eb5_OXL_B_2002,5,autodock,0.46610099,0.086498395,5.3885498,0,0.069881934,6.5947506
9127,201,3897,556,2eb5_OXL_E_2005,5,autodock,0.46177319,0.086304347,5.3505197,0,0.033241381,11.442676
9128,201,3400,485,2a1m_CAM_B_2422,5,autodock,0.45372827,0.086047645,5.2729878,0,0,4.9294562
9129,201,208,29,1ca7_ENO_B_601,5,autodock,0.86159642,0.085933469,10.026319,0,0.98667335,24.172616
9130,202,11471,1638,5e4r_40E_A_504,5,autodock,0.45675414,0.14766266,3.0932262,0,0.045907592,6.1572883
9131,202,5017,716,2qim_ZEA_A_160,5,autodock,0.54526005,0.13640796,3.9972734,0,1.6655096e-06,6.9936398
9132,202,6389,912,3ucc_2PG_A_601,5,autodock,0.96694288,0.12937405,7.4740086,0,0,25.774125
9133,202,5024,717,2qim_ZEA_A_161,5,autodock,0.41171485,0.11947813,3.4459424,0,9.6438689e-08,7.182732
9134,202,5010,715,2qim_ZEA_A_159,5,autodock,0.47615346,0.11780068,4.0420256,0,4.496414e-05,10.722333
9135,202,2091,298,1pfw_MF3_A_553,5,autodock,0.83139545,0.11629064,7.1492887,0,0.90540392,7.6406895
9136,202,1356,193,1kae_HSO_A_1001,5,autodock,0.86898556,0.11598311,7.4923449,0,0.97297035,9.8184542
9137,202,5031,718,2qim_ZEA_A_162,5,autodock,0.395493,0.11434339,3.4588172,0,3.9219687e-07,4.9465935
9138,202,6396,913,3ucc_2PG_B_601,5,autodock,0.84263538,0.11208902,7.5175538,0,0.99439273,19.266813
9139,202,11551,1650,5eo7_SFU_C_401,1,unimol,0.98989914,0.10990978,9.0064688,0,0.8047914,20.69
9140,202,11593,1656,5eo8_TFU_A_402,1,unimol,0.91893818,0.10962031,8.3829184,0,0,19.05
9141,202,1685,240,1m9j_CLW_A_906,5,autodock,0.39544065,0.10683818,3.7013037,0,0,2.1952789
9142,202,3561,508,2bdg_PBZ_B_302,5,autodock,0.59306703,0.10643169,5.5722775,0,0,7.6400389
9143,202,9203,1314,4m72_M72_B_402,5,autodock,0.72878995,0.10626896,6.857975,0,0.93504036,11.167751
9144,202,13899,1985,5vv5_9OJ_B_803,4,gnina,0.41295251,0.10626666,3.8860016,0,3.090196e-10,5.797696
9145,202,3554,507,2bdg_PBZ_A_301,5,autodock,0.5917569,0.10619658,5.5722775,0,0,7.6677372
9146,202,16021,2288,6lj7_EFR_A_301,5,autodock,0.45241819,0.10426496,4.3391194,0,9.9733101e-07,7.0839995
9147,202,12486,1783,5irw_D9P_A_202,5,autodock,0.81553136,0.1041861,7.8276396,0,0.93181556,39.620989
9148,202,11565,1652,5eo7_SFU_C_403,1,unimol,0.92595634,0.10369352,8.9297409,0,0.73820063,18.15
9149,202,11261,1608,5dav_58J_A_402,5,autodock,0.5963659,0.10215503,5.8378506,0,0,18.035595
9150,202,15362,2194,6fs7_E4Z_D_903,4,gnina,0.46486106,0.10076312,4.6134038,0,0,6.0947445
9151,202,15376,2196,6fs7_E4Z_F_903,4,gnina,0.47488798,0.10020283,4.7392664,0,0.97452401,6.185947
9152,202,11572,1653,5eo7_SFU_C_404,1,unimol,0.919972,0.1001412,9.1867476,0,0.98627008,22.31
9153,202,11523,1646,5eo7_SFU_B_401,1,unimol,0.89681805,0.09957487,9.0064688,0,0.93659269,19.53
9154,202,15341,2191,6fs7_E4Z_A_903,4,gnina,0.47485839,0.099117908,4.7908425,0,0.96536331,6.0914055
9155,202,11009,1572,5b4o_6DQ_B_201,5,autodock,0.57065827,0.096682654,5.9023843,0,0,7.5404999
9156,202,8300,1185,4gy9_ZIP_A_201,5,autodock,0.52812861,0.095166752,5.5495067,0,0.0030213452,4.0762848
9157,202,15355,2193,6fs7_E4Z_C_903,4,gnina,0.44541764,0.093783885,4.749404,0,0.95085,6.9260885
9158,202,15534,2219,6hmw_FUL_F_202,1,unimol,1.037455,0.093577889,11.086539,0,0.96677423,17.71
9159,202,3133,447,1yw9_A84_A_482,4,gnina,0.41295251,0.093504632,4.4163847,0,0.95440083,7.0153512
9160,202,13850,1978,5vrj_R07_A_204,4,gnina,0.37799133,0.093284783,4.0520139,0,0.76275858,6.0344
9161,202,15520,2217,6hmw_FUL_B_204,1,unimol,1.0339946,0.093265759,11.086539,0,0.97755438,16.45
9162,202,11600,1657,5eo8_TFU_A_404,1,unimol,0.76713616,0.092988813,8.2497673,0,0,19.24
9163,202,4810,687,2pvy_ACP_A_802,1,unimol,0.85112539,0.09287436,9.1642656,0,0.98687089,17.33
9164,202,15839,2262,6k92_GT0_A_802,5,autodock,0.8656367,0.092398129,9.3685513,0,0.97324662,29.532488
9165,202,8860,1265,4jhh_H35_A_201,5,autodock,0.60368926,0.092315257,6.5394301,0,0.98890399,5.2588754
9166,202,15541,2220,6hmw_FUL_G_202,1,unimol,1.0217407,0.092160467,11.086539,0,0.97047051,22.65
9167,202,10214,1459,4ws1_URF_A_301,1,unimol,0.5859848,0.091896776,6.3765535,0,0,17.18
9168,202,10631,1518,4zjz_BEZ_B_601,5,autodock,0.59268874,0.091735003,6.4608779,0,8.5791979e-07,6.0939482
9169,202,12916,1845,5la2_ARB_A_606,1,unimol,0.75987448,0.091705856,8.2859964,0,0,19.28
9170,202,10624,1517,4zjz_BEZ_A_1001,5,autodock,0.59201057,0.091630038,6.4608779,0,7.8630469e-08,7.2220119
9171,202,11863,1694,5fp9_4SV_A_1342,5,autodock,0.47466545,0.090394814,5.2510242,0,0,6.1861335
9172,202,13871,1981,5vuu_9OJ_A_805,4,gnina,0.41295683,0.090035336,4.5866075,0,0,5.3134771
9173,202,12829,1832,5kjw_53C_A_800,5,autodock,0.54431219,0.090028069,6.0460267,0,0,3.8298998
9174,202,16573,2367,6po9_OS7_B_804,4,gnina,0.43820627,0.089789319,4.8803821,0,8.5416241e-12,5.401732
9175,202,1041,148,1ia1_TQ3_A_194,5,autodock,0.75344399,0.089611285,8.4079132,0,0.9968135,5.1824233
9176,202,12878,1839,5l7u_NGA_A_601,5,autodock,0.86115495,0.08926903,9.6467371,0,0.81659209,14.876428
9177,202,11537,1648,5eo7_SFU_B_404,1,unimol,0.81988003,0.089245943,9.1867476,0,0.95250126,23.42
9178,202,11586,1655,5eo8_TFU_A_401,1,unimol,0.76288542,0.088672637,8.6033907,0,0,22.58
9179,202,10295,1470,4x36_CHT_A_412,5,autodock,0.44345158,0.088650243,5.0022593,0,0,1.8170721
9180,203,5500,785,2wj4_HQD_D_1278,5,autodock,0.99211908,0.16806231,5.9032803,0,0.99434763,640.54897
9181,203,16615,2373,6q4r_HJ5_A_1009,4,gnina,0.4759042,0.15171236,3.136884,0,0,12.286203
9182,203,15378,2196,6fs7_E4Z_F_903,6,smina,0.54506491,0.14658044,3.7185369,0,0,6.1511992
9183,203,15343,2191,6fs7_E4Z_A_903,6,smina,0.54075669,0.14474082,3.7360334,0,0,4.1097238
9184,203,13101,1871,5n8c_8Q8_A_403,4,gnina,0.4759042,0.11577955,4.1104331,0,0.39065277,8.425088
9185,203,16617,2373,6q4r_HJ5_A_1009,6,smina,0.29694126,0.11378681,2.6096272,0,0.099005259,14.054648
9186,203,5508,786,2wu4_HBP_B_1545,6,smina,0.2329457,0.10746734,2.1675944,0,0,7.8330434
9187,203,8203,1171,4g1q_T27_A_601,6,smina,0.2179938,0.10651473,2.0466061,0,0,8.0404188
9188,203,6364,909,3u1t_MLI_B_350,1,unimol,0.79539153,0.10645236,7.4718065,0,0.94240646,20.24
9189,203,12695,1813,5jfx_6K4_A_4000,4,gnina,0.57291458,0.1027117,5.577889,0,0,9.0303243
9190,203,11983,1711,5g21_YN4_A_1002,6,smina,0.42428654,0.10256541,4.1367402,0,0,11.206625
9191,203,2645,377,1tvw_CB3_A_318,6,smina,0.21167977,0.10085687,2.0988126,0,0,12.232189
9192,203,9735,1390,4qck_ASD_A_404,5,autodock,0.57203055,0.10076573,5.6768351,0,0,234.63854
9193,203,15146,2163,6f66_CUT_B_300,5,autodock,0.5839974,0.098985008,5.8998561,0,0,9.5451114
9194,203,2154,307,1pr0_NOS_A_1245,5,autodock,0.96016253,0.098867358,9.7116222,0,0.98108004,14.106482
9195,203,15139,2162,6f66_CUT_A_300,5,autodock,0.58872197,0.096973614,6.0709491,0,0,10.49382
9196,203,9045,1292,4l80_OXL_A_402,1,unimol,0.87802835,0.095846592,9.1607666,0,0.92323582,20.01
9197,203,14669,2095,6abm_9VR_A_505,4,gnina,0.41549894,0.095591324,4.3466167,0,0.45031734,7.2040278
9198,203,9066,1295,4l80_OXL_D_402,1,unimol,0.86865791,0.094823704,9.1607666,0,0.80685954,25.68
9199,203,6249,892,3sp6_IL2_A_901,5,autodock,0.95689342,0.094277981,10.149701,0,0.98685155,49.912555
9200,203,9073,1296,4l80_OXL_E_402,1,unimol,0.86323801,0.094232061,9.1607666,0,0.96785202,32.99
9201,203,15229,2175,6fa1_D2Z_F_203,4,gnina,0.41577234,0.093994792,4.4233541,0,5.9615987e-11,5.6661117
9202,203,13103,1871,5n8c_8Q8_A_403,6,smina,0.29694126,0.093767314,3.1667876,0,0,9.5051714
9203,203,9080,1297,4l80_OXL_F_402,1,unimol,0.85283377,0.093096323,9.1607666,0,0.93433118,53
9204,203,15153,2164,6f6a_CU5_B_301,5,autodock,0.89339572,0.092715929,9.6358376,0,0.99606177,130.18129
9205,203,4239,605,2gyv_HBP_A_1409,4,gnina,0.41549894,0.091784367,4.5269022,0,0.28789459,6.1351547
9206,203,9035,1290,4l4d_CAM_A_503,5,autodock,0.40528474,0.091623376,4.4233761,0,0,4.1441113
9207,203,7489,1069,4cdt_M48_A_801,6,smina,0.21657358,0.091230759,2.3739088,0,0,5.0473018
9208,203,9840,1405,4rje_PYR_A_402,5,autodock,0.76664151,0.090140498,8.504961,0,0.94140767,5.7072297
9209,203,14074,2010,5x23_LSN_A_503,4,gnina,0.41549894,0.089829283,4.6254277,0,0.00042723731,7.0588699
9210,203,4695,670,2oci_TYC_A_401,5,autodock,0.46216655,0.088934148,5.1967268,0,2.2676383e-05,17.795277
9211,203,17287,2469,6tt4_FT8_B_711,4,gnina,0.43540421,0.088437674,4.9232879,0,0.99176423,6.4831171
9212,203,9059,1294,4l80_OXL_C_402,1,unimol,0.80805329,0.088208033,9.1607666,0,0.9239691,28.99
9213,203,9052,1293,4l80_OXL_B_402,1,unimol,0.80675078,0.08806585,9.1607666,0,0.95583577,24.06
9214,203,16379,2339,6o1s_7SD_E_803,6,smina,0.26409335,0.088017422,3.0004659,0,2.1887179e-11,10.062978
9215,203,8222,1174,4gcq_0JM_A_401,4,gnina,0.38050629,0.086667779,4.3903999,0,0.87789235,4.7088284
9216,203,15142,2163,6f66_CUT_B_300,1,unimol,0.87783589,0.08665216,10.13057,0,0.98783084,22.45
9217,203,8229,1175,4gcq_0JM_B_401,4,gnina,0.37800915,0.086099005,4.3903999,0,2.3658596e-06,6.4845324
9218,203,6368,909,3u1t_MLI_B_350,5,autodock,0.4486273,0.085641945,5.2384052,0,0.00018983944,7.6054301
9219,203,2497,356,1tc2_7HP_A_800,5,autodock,0.57127585,0.085572713,6.6759105,0,1.0220562e-07,2.4983093
9220,203,15135,2162,6f66_CUT_A_300,1,unimol,0.88101773,0.085241807,10.335511,0,0.98986534,21.18
9221,203,16941,2420,6rlt_MLI_B_512,1,unimol,0.94051802,0.08515246,11.045106,0,0.81859592,18.47
9222,203,12339,1762,5i5t_67X_B_402,5,autodock,0.76857305,0.084434761,9.1025658,0,0.9550951,9.3073734
9223,203,12332,1761,5i5t_67X_A_402,5,autodock,0.7658371,0.084368929,9.07724,0,0.93320957,29.526737
9224,203,12150,1735,5h24_LQG_B_501,5,autodock,0.4423195,0.083775346,5.2798281,0,0,9.391414
9225,203,16279,2325,6ngu_KMJ_A_803,4,gnina,0.43055461,0.083406142,5.1621442,0,1.8426388e-06,7.1569991
9226,203,12143,1734,5h24_LQG_A_501,5,autodock,0.44804426,0.083191481,5.3856978,0,0,11.286506
9227,203,17561,2508,6xzx_O5H_B_302,5,autodock,0.5219932,0.083003749,6.2887897,0,0,10.048973
9228,203,8181,1168,4fh7_TBP_A_202,5,autodock,0.38691771,0.082959274,4.6639466,0,9.9369131e-06,15.291215
9229,203,9504,1357,4npm_SIN_A_301,5,autodock,0.56976038,0.082705297,6.8890424,0,0,7.4742353
9230,204,2014,287,1ovk_NYL_A_405,5,autodock,0.89348545,0.21255459,4.2035565,0,0.9925805,173.74115
9231,204,2007,286,1ov5_2LP_A_403,5,autodock,0.8930505,0.18954423,4.7115669,0,0.99527819,154.41928
9232,204,8643,1234,4i7n_1DJ_A_202,5,autodock,0.89282704,0.17532776,5.0923305,0,0.99494818,767.68739
9233,204,8650,1235,4i7n_1DJ_B_203,5,autodock,0.88921429,0.17461831,5.0923305,0,0.99525262,362.03053
9234,204,5248,749,2uyv_TLA_D_1275,5,autodock,0.74527686,0.14515545,5.134335,0,0.80641514,11.14523
9235,204,1265,180,1jhv_NIO_A_991,5,autodock,0.57294238,0.14323598,3.9999883,0,0,9.350861
9236,204,12206,1743,5hc0_NPO_A_402,5,autodock,0.46544374,0.14180079,3.2823768,0,0,4.686187
9237,204,4877,696,2qb3_PMP_A_700,5,autodock,0.87349476,0.13180823,6.6270113,0,0.99257171,174.11026
9238,204,579,82,1g6t_S3P_A_601,5,autodock,0.81515132,0.12075465,6.7504745,0,0.99608154,29.610384
9239,204,12773,1824,5k2c_ZMA_A_1201,5,autodock,0.57978483,0.11255486,5.1511302,0,0,12.031557
9240,204,1097,156,1isx_XYP_A_1461,5,autodock,0.59518769,0.11136999,5.3442369,0,0.038512995,11.904729
9241,204,2504,357,1tc2_7HP_B_810,5,autodock,0.56747933,0.11010796,5.1538439,0,1.5260322e-09,3.3616978
9242,204,1104,157,1isx_XYP_B_961,5,autodock,0.58248721,0.1089935,5.3442369,0,0.02122679,9.0610417
9243,204,17575,2510,6y4z_TLA_D_301,5,autodock,0.57568338,0.10721851,5.3692527,0,0.17848104,9.3847957
9244,204,12381,1768,5iav_MLI_B_302,5,autodock,0.54663455,0.10394172,5.2590475,0,0,8.0280775
9245,204,12906,1843,5la1_XYP_A_601,5,autodock,0.56900528,0.10340275,5.5028052,0,0.023796233,23.836726
9246,204,12374,1767,5iav_MLI_A_302,5,autodock,0.52020635,0.10103149,5.1489515,0,0.00011500955,7.0082957
9247,204,13271,1895,5oew_9TE_B_901,6,smina,0.30161221,0.099239925,3.0392215,0,0,4.2006208
9248,204,11254,1607,5d9w_ASC_A_301,5,autodock,0.44902513,0.098214428,4.5718846,0,0.013877261,12.025835
9249,204,40,5,1a9r_HPA_A_290,5,autodock,0.62667904,0.09762584,6.4191914,0,0.22001477,2.9763407
9250,204,13231,1890,5o4j_PJL_A_304,1,unimol,0.60654291,0.096689753,6.2730827,0,0.93433296,24.27
9251,204,17708,2529,7bqu_EF2_A_501,5,autodock,0.57728435,0.096066113,6.0092392,0,0,66.436312
9252,204,68,9,1aia_PMP_A_411,5,autodock,0.84794282,0.095625911,8.8672905,0,0.89941294,16.990483
9253,204,17151,2450,6t5p_VD8_D_302,1,unimol,1.0381276,0.094338191,11.004318,0,0.96797953,21.4
9254,204,5241,748,2uyv_TLA_C_1275,5,autodock,0.4925966,0.094271168,5.2253146,0,0.022567394,8.1791321
9255,204,4275,610,2gzm_DGL_C_503,5,autodock,0.97657888,0.09422249,10.364604,0,0.99340326,22.516681
9256,204,15989,2284,6l8a_BAL_D_507,1,unimol,0.76752268,0.093561917,8.2033653,0,0.9740703,29.06
9257,204,1958,279,1o68_KIV_E_275,5,autodock,0.71127485,0.093333293,7.6208043,0,0.63603787,5.8620153
9258,205,6025,860,3mk1_NPO_A_912,5,autodock,0.58610412,0.18123648,3.2339182,0,0,7.1828482
9259,205,6032,861,3mk1_NPO_A_913,5,autodock,0.46579779,0.14634721,3.1828256,0,0,4.0400003
9260,205,6018,859,3mk1_NPO_A_911,5,autodock,0.44874117,0.14217838,3.1561832,0,0,4.682879
9261,205,11653,1664,5ewc_5SJ_A_801,5,autodock,0.5671843,0.12436133,4.5607762,0,0,7.7930272
9262,205,11806,1686,5fli_QUE_A_301,4,gnina,0.41357026,0.1106797,3.7366395,0,4.0423739e-08,7.6699675
9263,205,11813,1687,5fli_QUE_C_301,4,gnina,0.41357026,0.1106797,3.7366395,0,0.97037544,7.2920287
9264,205,11820,1688,5fli_QUE_D_301,4,gnina,0.41357026,0.1106797,3.7366395,0,0.93119399,7.9920686
9265,205,11834,1690,5fli_QUE_F_301,4,gnina,0.41357026,0.11037329,3.7470131,0,0.96909891,12.770812
9266,205,11848,1692,5fli_QUE_H_301,4,gnina,0.41357026,0.10994604,3.7615738,0,0,9.601525
9267,205,11855,1693,5fli_QUE_J_301,4,gnina,0.41357026,0.10994604,3.7615738,0,0,7.4141179
9268,205,14754,2107,6b83_6NA_B_201,5,autodock,0.45722008,0.10837436,4.2188945,0,0.00069123337,4.4140139
9269,205,17289,2469,6tt4_FT8_B_711,6,smina,0.50271242,0.10664433,4.7139149,0,0,6.9518653
9270,205,1699,242,1mmx_FUC_A_348,5,autodock,0.84534472,0.10637314,7.9469743,0,0.99570412,18.368815
9271,205,16623,2374,6q4r_MLT_A_1041,5,autodock,0.38285333,0.10630076,3.6016037,0,0.0056940495,6.9317018
9272,205,1482,211,1kwu_MMA_B_601,5,autodock,0.58076849,0.10589326,5.4844699,0,0,6.8388869
9273,205,8436,1205,4hrq_AZG_B_201,1,unimol,0.59285248,0.10557154,5.6156459,0,0,17.92
9274,205,9329,1332,4n36_2F8_B_401,5,autodock,0.8756145,0.10485016,8.3511019,0,0.86585288,11.041204
9275,205,1944,277,1o68_KIV_B_275,5,autodock,0.69431406,0.10361843,6.7006803,0,0.65562162,5.0826387
9276,205,1489,212,1kwu_MMA_C_701,5,autodock,0.56597164,0.10319531,5.4844699,0,0.024254861,10.284029
9277,205,733,104,1h0v_UN4_A_1299,5,autodock,0.58524663,0.097307853,6.0143814,0,1.049296e-08,10.0128
9278,205,1762,251,1n1i_HIS_C_501,5,autodock,0.38882252,0.097103222,4.0042176,0,2.8320322e-07,4.8177415
9279,205,9336,1333,4n36_2F8_C_401,5,autodock,0.81899279,0.096322255,8.5026321,0,0.91923255,9.7959701
9280,205,16959,2422,6s23_KSW_A_403,5,autodock,0.42344859,0.095166892,4.4495358,0,0,2.0621424
9281,205,17347,2478,6uvj_QJ1_A_205,1,unimol,0.83474013,0.093468778,8.9306831,0,0.99132732,14.98
9282,205,14880,2125,6c1x_DNX_A_203,5,autodock,0.585931,0.093308869,6.2794771,0,0,10.214912
9283,205,10924,1560,5aew_BNL_C_462,4,gnina,0.41362332,0.091714365,4.5099068,0,0.00053173872,201.315
9284,205,11744,1677,5fc5_PC_A_516,5,autodock,0.5591415,0.090328079,6.1901174,0,0,5.8615223
9285,205,7412,1058,4bz6_SHH_C_700,6,smina,0.23644748,0.090070806,2.625128,0,0.61286102,4.7093294
9286,205,5472,781,2wdq_TEO_E_1589,5,autodock,0.96019578,0.089572364,10.719776,0,0.0013421307,9.9572078
9287,205,957,136,1h8p_PC_A_1110,5,autodock,0.58927677,0.088422166,6.6643548,0,0,4.7274082
9288,205,7405,1057,4bz6_SHH_A_700,6,smina,0.22997688,0.088142969,2.6091337,0,0.48393553,4.4258786
9289,205,2203,314,1pym_OXL_A_1001,5,autodock,0.45723012,0.088066992,5.1918435,0,0.0089501257,5.9667211
9290,205,9728,1389,4qbz_D80_B_901,5,autodock,0.60716867,0.088022466,6.897882,0,0.99209185,13.999505
9291,205,5773,824,2z20_PLP_B_801,5,autodock,0.57728059,0.087786574,6.5759544,0,0,15.797815
9292,205,6788,969,3wlf_FEH_A_401,5,autodock,0.57952428,0.087575529,6.6174216,0,0.0052042243,6.9205185
9293,205,551,78,1fwn_PEP_B_2268,5,autodock,0.56385355,0.087212555,6.4652786,0,0.0020669718,7.4859012
9294,205,10799,1542,5a02_GOL_B_1342,5,autodock,0.44274153,0.086932304,5.0929451,0,0.00024560851,6.2520651
9295,205,10813,1544,5a02_GOL_D_1341,5,autodock,0.44262378,0.086909182,5.0929451,0,1.1621411e-05,6.3683144
9296,205,10820,1545,5a02_GOL_E_1341,5,autodock,0.44258706,0.086901972,5.0929451,0,1.122616e-05,6.3667136
9297,205,10792,1541,5a02_GOL_A_1341,5,autodock,0.44232237,0.086850001,5.0929451,0,1.0157743e-05,8.5071549
9298,205,10806,1543,5a02_GOL_C_1341,5,autodock,0.44217239,0.086820553,5.0929451,0,3.9482064e-05,6.6000954
9299,205,5192,741,2rtn_IMI_D_300,5,autodock,0.62553795,0.086797789,7.206841,0,0.29782452,7.4745456
9300,205,10827,1546,5a02_GOL_F_1342,5,autodock,0.44267933,0.086770347,5.1017342,0,1.0009698e-05,6.382653
9301,205,5766,823,2z20_PLP_A_701,5,autodock,0.56880411,0.086120657,6.6047339,0,0,26.103346
9302,205,8691,1241,4i9n_1E6_B_401,4,gnina,0.6460371,0.085840063,7.5260549,0,0.83042756,57.085794
9303,205,6784,969,3wlf_FEH_A_401,1,unimol,0.87994941,0.08583759,10.251328,0,0,16.81
9304,205,215,30,1ca7_ENO_C_701,5,autodock,0.86510528,0.085837004,10.078465,0,0.96444004,21.631828
9305,205,14876,2125,6c1x_DNX_A_203,1,unimol,0.69350026,0.085605872,8.1010818,0,0.9296904,22.24
9306,205,12555,1793,5j5i_6GM_A_302,4,gnina,0.62814172,0.085209414,7.3717399,0,0.99439326,9.9496792
9307,205,15665,2237,6j4t_IMP_A_401,6,smina,0.13904042,0.083837668,1.6584471,0,0,4.9252345
9308,206,1293,184,1jtk_THU_A_138,5,autodock,0.99305156,0.18886456,5.258008,0,0.97042791,14.561205
9309,206,1300,185,1jtk_THU_B_1138,5,autodock,0.87618264,0.16663772,5.258008,0,0.96836954,10.260316
9310,206,8282,1183,4gt9_MEF_A_304,1,unimol,0.59201474,0.12046342,4.9144764,0,0,20.88
9311,206,5144,734,2r5e_QLP_A_430,6,smina,0.29683503,0.11249211,2.6387177,0,0,7.2225717
9312,206,1296,185,1jtk_THU_B_1138,1,unimol,1.0228275,0.11243153,9.0973358,0,0.96226708,20.91
9313,206,845,120,1h48_CDI_B_902,5,autodock,0.8787779,0.11117254,7.9046297,0,0.96053776,31.589457
9314,206,866,123,1h48_CDI_E_902,5,autodock,0.89416588,0.10898806,8.2042542,0,0.98921254,27.029556
9315,206,5291,755,2v7o_DRN_A_1303,6,smina,0.22924776,0.1055876,2.1711607,0,0,13.891648
9316,206,7971,1138,4dvw_0M4_B_512,5,autodock,0.59250809,0.10500638,5.6425905,0,0.51528455,6.8077319
9317,206,7967,1138,4dvw_0M4_B_512,1,unimol,0.78908321,0.099266588,7.949131,0,0.99097395,21.15
9318,206,10520,1502,4z69_DIF_A_1008,6,smina,0.14050078,0.098923643,1.4202943,0,0,3.5987774
9319,206,5142,734,2r5e_QLP_A_430,4,gnina,0.47452118,0.09869214,4.808094,0,3.0195434e-07,8.1944577
9320,206,6060,865,3qhd_795_A_167,5,autodock,0.54815554,0.091439208,5.9947529,0,0,8.0124317
9321,206,6452,921,3v1s_0LH_B_401,5,autodock,0.45131026,0.090636005,4.9793696,0,0,8.8385565
9322,206,852,121,1h48_CDI_C_902,5,autodock,0.78023915,0.08885662,8.7808771,0,0.99423717,92.656674
9323,206,15187,2169,6f77_PLP_C_600,4,gnina,0.41472554,0.087444914,4.7427053,0,3.3601838e-05,7.1131681
9324,206,12557,1793,5j5i_6GM_A_302,6,smina,0.47843286,0.083270032,5.7455578,0,0,9.3563026
9325,206,411,58,1ei6_PPF_D_412,5,autodock,0.87716987,0.083153706,10.548776,0,0.99174824,6.4885158
9326,206,10037,1433,4ugf_Q16_A_904,6,smina,0.21772005,0.081408987,2.6743972,0,1.3857501e-08,5.9274894
9327,206,342,48,1duc_DUD_A_201,6,smina,0.14051384,0.080765602,1.7397724,0,0,4.5561038
9328,206,2188,312,1pvc_ILE_0_7,4,gnina,0.41472391,0.080685378,5.1400123,0,0,24.788574
9329,206,11829,1689,5fli_QUE_E_301,6,smina,0.23377161,0.080379549,2.9083459,0,0,2.9511113
9330,206,8762,1251,4itu_1HS_D_302,5,autodock,0.56057054,0.079179734,7.0797215,0,1.8188675e-06,10.967999
9331,206,936,133,1h70_CIR_A_500,5,autodock,0.90539679,0.07888034,11.478104,0,0.99240078,13.529178
9332,206,10361,1480,4xti_IMP_B_601,1,unimol,0.86496098,0.078135781,11.069972,0,0,25.94
9333,206,10354,1479,4xti_IMP_A_601,1,unimol,0.86436352,0.078081809,11.069972,0,0,21.29
9334,206,13816,1973,5vjg_0BP_A_403,5,autodock,0.57644124,0.077725319,7.4163885,0,0.0068971911,4.3166119
9335,206,5934,847,2ztl_3HL_B_301,5,autodock,0.57364119,0.077615955,7.3907628,0,0.0092631356,8.1396567
9336,206,5941,848,2ztl_3HL_C_301,5,autodock,0.57973476,0.077170294,7.5124073,0,0.00029581569,7.9780401
9337,206,5927,846,2ztl_3HL_A_301,5,autodock,0.57889668,0.077058735,7.5124073,0,0.00033540325,8.1360174
9338,206,13914,1987,5vyr_B62_B_301,5,autodock,0.57765407,0.076337657,7.567091,0,0.0035918544,10.688392
9339,206,13788,1969,5uo5_M4R_B_803,5,autodock,0.87630625,0.075480369,11.609723,0,0.99477095,14.305102
9340,206,7123,1017,4a8p_PAO_F_1340,4,gnina,0.41472391,0.075142464,5.5191674,0,0.76571764,13.610535
9341,206,13494,1927,5tdt_MBN_A_503,5,autodock,0.86422015,0.075114733,11.505334,0,0.99858464,21.347437
9342,206,1370,195,1kar_HSM_B_503,5,autodock,0.38126094,0.075046211,5.080348,0,0.30585222,5.4576394
9343,206,8286,1183,4gt9_MEF_A_304,5,autodock,0.38140861,0.074637607,5.1101389,0,0,3.7728052
9344,206,8576,1225,4i4v_NGA_D_201,1,unimol,0.86845211,0.073913296,11.749605,0,0.98194089,26.43
9345,206,1327,189,1jyx_IPT_A_2002,4,gnina,0.41479225,0.073438481,5.6481586,0,0.012471473,18.065182
9346,206,4358,622,2ij7_TPF_C_2471,4,gnina,0.4147264,0.072695172,5.7050052,0,1.7637408e-05,7.9070183
9347,206,9482,1354,4nkw_PLO_C_601,4,gnina,0.37926056,0.072367541,5.2407541,0,0.99258858,6.3839773
9348,206,12402,1771,5igs_GMP_A_403,5,autodock,0.57575961,0.072023008,7.9941058,0,0,8.1888631
9349,206,9629,1375,4pb4_PLP_B_401,4,gnina,0.38844354,0.071334481,5.4453816,0,0,5.9930354
9350,206,11402,1628,5dt0_SKE_A_401,6,smina,0.23123223,0.07131125,3.2425761,0,0,4.4206931
9351,206,11212,1601,5cpn_531_B_401,5,autodock,0.42605926,0.071307798,5.9749312,0,0,5.3826175
9352,206,3907,558,2ef9_A5P_B_2269,1,unimol,0.81929846,0.071302882,11.490396,0,0,18.42
9353,206,103,14,1aj8_CIT_B_2000,5,autodock,0.93228951,0.070952265,13.139671,0,0.87865931,19.183617
9354,206,13782,1968,5uo5_M4R_A_803,6,smina,0.23253534,0.070686474,3.2896714,0,0.99294021,6.8947199
9355,206,11205,1600,5cpn_531_A_401,5,autodock,0.42160883,0.070562947,5.9749312,0,0,6.0842946
9356,206,15097,2156,6f2b_AKG_B_402,5,autodock,0.89590884,0.070440551,12.718651,0,0.85530146,9.8810967
9357,206,5620,802,2xta_TPP_D_2001,6,smina,0.29683503,0.070372158,4.2180738,0,0.38254252,11.755079
9358,207,11240,1605,5cyf_FLC_C_301,5,autodock,0.51619992,0.11050599,4.6712384,0,0.061009297,12.896993
9359,207,14144,2020,5x6r_7ZR_B_402,4,gnina,0.41318677,0.10843896,3.8103158,0,2.2208678e-10,6.2323787
9360,207,16973,2424,6s39_K5Z_A_301,5,autodock,0.57252136,0.10674059,5.3636694,0,4.2662101e-10,7.0645757
9361,207,11236,1605,5cyf_FLC_C_301,1,unimol,0.84112785,0.099396386,8.4623575,0,0.97583711,22.29
9362,207,96,13,1aj8_CIT_A_1000,5,autodock,0.84751577,0.098753673,8.582118,0,0.96473294,18.828343
9363,207,1888,269,1nuw_F6P_A_2336,5,autodock,0.84172211,0.097570482,8.6268101,0,0.93102363,12.053138
9364,207,11229,1604,5cyf_FLC_A_301,1,unimol,0.80581262,0.093111603,8.6542654,0,0.95465406,22.75
9365,207,11233,1604,5cyf_FLC_A_301,5,autodock,0.44207689,0.092138799,4.7979441,0,0.064579733,13.722523
9366,207,5871,838,2z7s_P01_A_1,5,autodock,0.75320338,0.090017833,8.3672676,0,0.86874322,12.165161
9367,207,3358,479,1zuw_DGL_B_2301,5,autodock,0.96303403,0.087217338,11.041772,0,0.99613861,22.207023
9368,207,11737,1676,5fay_CHT_B_906,5,autodock,0.57901688,0.086495034,6.6942201,0,0,10.347314
9369,207,369,52,1e48_13P_P_302,5,autodock,0.50920659,0.086492289,5.8873053,0,2.7996094e-05,11.016124
9370,207,11730,1675,5fay_CHT_A_908,5,autodock,0.57699258,0.086192639,6.6942201,0,0,10.910324
9371,207,15600,2228,6hsg_GM5_A_504,4,gnina,0.41318677,0.0860417,4.8021679,0,3.8754286e-06,6.7247013
9372,207,7215,1030,4al9_GLA_A_1123,5,autodock,0.90400794,0.085702434,10.548217,0,0.99717157,19.538758
9373,207,7229,1032,4al9_GLA_D_1123,5,autodock,0.90393822,0.085695824,10.548217,0,0.99493079,20.146867
9374,207,7236,1033,4al9_GLA_E_1123,5,autodock,0.90075864,0.085394392,10.548217,0,0.99724919,13.390451
9375,207,12520,1788,5iuy_BOG_C_503,4,gnina,0.3775436,0.084352851,4.4757648,0,0.00072106536,7.6985428
9376,207,3512,501,2b3f_GAL_A_3310,5,autodock,0.98638311,0.083988679,11.744238,0,0.99720114,1903.7178
9377,207,3533,504,2b3f_GAL_D_3313,5,autodock,0.98650638,0.083985815,11.746106,0,0.99762231,2203.731
9378,207,3540,505,2b3f_GAL_E_3314,5,autodock,0.98630035,0.083968275,11.746106,0,0.99702722,1802.3043
9379,207,3526,503,2b3f_GAL_C_3312,5,autodock,0.98578442,0.083924351,11.746106,0,0.9954422,2621.9012
9380,207,15614,2230,6hsg_GM5_D_504,4,gnina,0.41318677,0.083732886,4.9345808,0,0.61323574,6.6920624
9381,207,10428,1489,4y6n_3PG_A_402,5,autodock,0.56401854,0.082813495,6.8107071,0,0.0016738038,9.4975195
9382,207,6070,867,3qss_MTG_A_405,1,unimol,0.81739081,0.082247835,9.9381428,0,0.9762163,19.67
9383,207,6091,870,3qwi_CUE_B_272,1,unimol,0.79697793,0.081440493,9.7860146,0,0.9948852,22.15
9384,207,15566,2223,6hnz_GH5_A_301,5,autodock,0.90845745,0.081319283,11.171488,0,0.97775031,13.811827
9385,207,4268,609,2gzm_DGL_B_502,5,autodock,0.98439678,0.08101393,12.150956,0,0.99133766,20.040049
9386,207,978,139,1hdi_3PG_A_419,5,autodock,0.43379267,0.08025136,5.4054236,0,0.04265727,8.5252979
9387,207,13592,1941,5u5g_7VD_C_302,5,autodock,0.91214875,0.078872758,11.564813,0,0.95593109,6.7127373
9388,207,2990,427,1xdj_HCS_A_1049,1,unimol,0.90782332,0.078706955,11.534219,0,0.98594286,20.77
9389,207,13662,1951,5ud0_13P_B_405,5,autodock,0.72742121,0.078644923,9.2494354,0,0.74190483,10.876546
9390,207,2105,300,1pke_2FD_A_446,5,autodock,0.8556048,0.078486709,10.901269,0,0.99590907,10.867573
9391,207,13613,1944,5u5z_7VP_A_302,5,autodock,0.3828325,0.078237208,4.8932271,0,0.00017647346,10.223979
9392,207,11708,1672,5faj_DCS_B_401,4,gnina,0.37763937,0.078236828,4.8268738,0,0.99189618,8.0216131
9393,207,11715,1673,5faj_DCS_C_401,4,gnina,0.37813714,0.078167537,4.8375206,0,0,6.9669172
9394,207,11701,1671,5faj_DCS_A_401,4,gnina,0.37830744,0.077687834,4.8695831,0,3.6731228e-07,6.4915077
9395,207,3519,502,2b3f_GAL_B_3311,5,autodock,0.9054883,0.077088374,11.746106,0,0.99893698,2900.7653
9396,207,16405,2343,6ofr_BOG_A_802,4,gnina,0.41473531,0.077076705,5.3808117,0,0.00027605543,4.7617952
9397,207,3547,506,2b3f_GAL_F_3315,5,autodock,0.9041874,0.076977623,11.746106,0,0.99736578,1980.2639
9398,207,2399,342,1sep_BIO_A_801,5,autodock,0.52660196,0.076550101,6.8791795,0,1.6680786e-08,7.3687904
9399,207,13956,1993,5w3k_9TY_B_401,5,autodock,0.55656028,0.076128251,7.3108234,0,0,5.4367696
9400,207,12850,1835,5kmj_6UF_A_901,5,autodock,0.8419966,0.075975915,11.082414,0,0.95625447,206.6867
9401,207,16630,2375,6q4y_MAN_A_402,5,autodock,0.76413174,0.075705392,10.093491,0,0.97919176,20.3766
9402,207,3700,528,2c6q_IMP_B_1339,4,gnina,0.47287331,0.074968965,6.3075867,0,0.95276595,22.385177
9403,207,3735,533,2c6q_IMP_H_1337,4,gnina,0.47287331,0.074968965,6.3075867,0,0.68776263,10.76228
9404,207,3856,550,2e56_MYR_A_501,6,smina,0.21105676,0.074818541,2.8209143,0,1.476801e-08,4.6607215
9405,207,14302,2043,5y7r_AKG_B_402,1,unimol,0.79601348,0.074622725,10.667171,0,0.95622241,15.11
9406,207,16190,2312,6n0z_DP6_F_401,6,smina,0.21746534,0.074607545,2.9147892,0,0.37845675,4.414478
9407,207,15090,2155,6f2b_AKG_A_402,5,autodock,0.83226146,0.074543576,11.164763,0,0.73888527,10.610393
9408,208,14309,2044,5y8k_SER_A_301,1,unimol,0.59143249,0.14891066,3.9717259,0,0.0080345712,20.02
9409,208,3702,528,2c6q_IMP_B_1339,6,smina,0.54708635,0.13326834,4.1051478,0,0,5.4236902
9410,208,14323,2046,5y8p_3OH_B_301,1,unimol,0.64105583,0.13282248,4.8264098,0,0.8388111,21.43
9411,208,4408,629,2iyq_SKM_A_201,5,autodock,0.58534728,0.11044494,5.2999005,0,0.0096486996,21.501871
9412,208,14596,2085,6a1f_9OF_A_807,1,unimol,0.85379233,0.10355427,8.2448769,0,0.99073044,17.36
9413,208,3737,533,2c6q_IMP_H_1337,6,smina,0.42085881,0.10251975,4.1051478,0,0,4.4372707
9414,208,9981,1425,4uc9_ASP_A_1300,6,smina,0.13944333,0.09814904,1.4207295,0,5.5977424e-08,2.9181579
9415,208,9875,1410,4rql_SNE_A_505,5,autodock,0.45028452,0.09705149,4.6396446,0,0,4.3165906
9416,208,14327,2046,5y8p_3OH_B_301,5,autodock,0.38400526,0.095255935,4.0312991,0,7.2497337e-09,3.686279
9417,208,13651,1950,5uap_82S_B_505,1,unimol,0.77104265,0.095251655,8.0947943,0,0.93715165,20.53
9418,208,9952,1421,4u7g_K17_B_303,5,autodock,0.42543271,0.094401399,4.5066347,0,3.2808022e-06,3.0769814
9419,208,9882,1411,4rql_SNE_B_502,5,autodock,0.43666265,0.094115519,4.6396446,0,0,5.5776989
9420,208,2099,299,1pi3_TZD_A_530,6,smina,0.22376805,0.093001526,2.4060676,0,0,9.3188683
9421,208,17526,2503,6xp1_T2C_A_401,5,autodock,0.58575034,0.088038403,6.6533494,0,0,4.6995597
9422,208,14166,2023,5xdt_MB3_A_404,5,autodock,0.41604442,0.086349342,4.8181529,0,0,6.0271814
9423,208,16554,2364,6png_OSG_B_801,6,smina,0.21367061,0.085762466,2.4914224,0,1.965683e-08,4.6607307
9424,208,12954,1850,5lwy_OLB_A_406,4,gnina,0.41191814,0.084465212,4.8767776,0,7.6217506e-08,10.818552
9425,208,3036,433,1xl0_OX2_A_998,5,autodock,0.77076498,0.083858786,9.1912241,0,0.71350578,56.556491
9426,208,16547,2363,6png_OSG_A_803,6,smina,0.2137967,0.083726787,2.5535033,0,1.3882327e-08,5.5694237
9427,208,9217,1316,4mgj_CPZ_A_502,5,autodock,0.39293624,0.083175087,4.724205,0,0,6.5993865
9428,208,16561,2365,6png_OSG_B_804,6,smina,0.20791547,0.082994748,2.5051632,0,8.8280756e-06,4.3267833
9429,208,4177,596,2g5v_22M_A_301,5,autodock,0.56869839,0.082184164,6.9198041,0,0,4.8274896
9430,208,14313,2044,5y8k_SER_A_301,5,autodock,0.39294722,0.081709427,4.8090796,0,1.80608e-05,6.3591281
9431,208,10802,1543,5a02_GOL_C_1341,1,unimol,0.77171267,0.081179037,9.5063038,0,0.84873149,25.93
9432,208,4702,671,2okk_ABU_A_585,5,autodock,0.38032027,0.081170439,4.685452,0,0,5.0775866
9433,208,10795,1542,5a02_GOL_B_1342,1,unimol,0.7716208,0.081169373,9.5063038,0,0.75620879,22.16
9434,208,10809,1544,5a02_GOL_D_1341,1,unimol,0.77133978,0.081139812,9.5063038,0,0.58751,20.04
9435,208,8020,1145,4e7v_CRS_M_101,5,autodock,0.61934972,0.081136947,7.6333861,0,0.22673155,38.383922
9436,209,5997,856,2zvq_1NP_X_502,5,autodock,0.36851999,0.13135004,2.8056319,0,0,6.7098112
9437,209,2329,332,1rum_BEZ_H_1601,5,autodock,0.4514124,0.12554673,3.5955718,0,0.0085771839,6.7462059
9438,209,6994,999,3zr0_8OG_A_1157,1,unimol,0.84249916,0.1104584,7.6272974,0,0.98001581,18.34
9439,209,3162,451,1zb6_DIN_A_401,5,autodock,0.45141141,0.11041361,4.0883665,0,0,5.2255508
9440,209,14699,2099,6auq_BYJ_B_803,6,smina,0.23264176,0.10043671,2.3163011,0,5.3526708e-08,3.9631819
9441,209,17141,2448,6t5p_VD8_B_302,5,autodock,0.53777695,0.10025113,5.3642974,0,0.00066477262,7.7626787
9442,209,10830,1547,5a66_3PO_A_1000,1,unimol,0.93425348,0.099165182,9.4211836,0,0.80998541,24.78
9443,209,7075,1010,4a78_JZ3_A_1296,5,autodock,0.4494342,0.096944089,4.6360135,0,0.15132865,8.6798304
9444,209,16990,2427,6s9g_L1Q_A_305,1,unimol,1.0380125,0.091261356,11.374063,0,0.97132235,16.52
9445,209,6081,868,3qss_MTG_B_405,5,autodock,0.55835005,0.089599908,6.2315907,0,0.0017827239,6.9792081
9446,209,6074,867,3qss_MTG_A_405,5,autodock,0.55128276,0.088465802,6.2315907,0,0.00092309368,6.9805688
9447,209,12808,1829,5kcp_PFB_B_378,5,autodock,0.5752087,0.087410262,6.5805616,0,1.687954e-07,13.466048
9448,209,2595,370,1toq_AMG_A_501,5,autodock,0.9121295,0.08700641,10.483474,0,0.99716238,17.611466
9449,209,6998,999,3zr0_8OG_A_1157,5,autodock,0.52790398,0.086763826,6.0843778,0,5.4587909e-08,17.087951
9450,209,2609,372,1toq_AMG_G_504,5,autodock,0.90745576,0.08656059,10.483474,0,0,7.7819859
9451,209,14776,2110,6ba2_7KM_A_809,6,smina,0.23303168,0.084905951,2.744585,0,0.996747,7.1925055
9452,209,6543,934,3vmg_9CA_C_2002,5,autodock,0.95230997,0.084279812,11.299383,0,0.91602575,777.95066
9453,209,4317,616,2htu_BCZ_A_801,5,autodock,0.92188232,0.08379464,11.001685,0,0.99017526,24.445965
9454,209,971,138,1h8p_PC_B_1110,5,autodock,0.46938503,0.083275694,5.636518,0,0,5.4655009
9455,209,16997,2428,6s9g_L1Q_A_306,1,unimol,0.75919148,0.083133998,9.1321411,0,0.86333119,18.1
9456,209,964,137,1h8p_PC_A_1111,5,autodock,0.40601923,0.082435366,4.925303,0,0,4.5043177
9457,209,9577,1368,4p5y_NGA_A_201,1,unimol,0.96388506,0.080761086,11.935018,0,0.99005169,18.21
9458,209,6955,993,3zcm_PX3_A_1214,4,gnina,0.37711728,0.07980483,4.7254934,0,0.00011806347,10.5597
9459,209,15149,2164,6f6a_CU5_B_301,1,unimol,1.0291149,0.079784678,12.898652,0,0.97649721,18.68
9460,209,15712,2244,6jk9_BU0_B_501,4,gnina,0.41228523,0.07933818,5.1965542,0,0.9916343,8.1948233
9461,209,10946,1563,5afy_WCE_H_1248,5,autodock,0.45244593,0.0783443,5.7750959,0,0,4.1422422
9462,209,5269,752,2v32_BEZ_D_1221,5,autodock,0.51673895,0.076154858,6.7853699,0,0.072531026,11.669397
9463,209,10176,1453,4wdx_WDX_A_402,5,autodock,0.38487091,0.076092452,5.0579371,0,0,27.459699
9464,209,9854,1407,4rkz_3S4_B_401,5,autodock,0.62638745,0.075882112,8.2547436,0,0.2135772,12.064179
9465,209,5888,841,2zgw_BTN_A_1401,1,unimol,0.87059296,0.075474583,11.534915,0,0.9640034,15.49
9466,209,5836,833,2z48_NGA_B_2003,5,autodock,0.81177848,0.075349469,10.773512,0,0.90260081,9.8301586
9467,209,1251,178,1ja9_PYQ_A_406,5,autodock,0.41702058,0.075176935,5.5471869,0,0,10.380606
9468,209,13252,1893,5ocm_9RH_B_302,1,unimol,0.65703396,0.074835247,8.7797384,0,0.91880368,24.91
9469,209,13245,1892,5ocm_9RH_A_302,1,unimol,0.65135233,0.074332507,8.7626839,0,0.98582706,20.88
9470,209,16218,2316,6nba_P1T_B_501,6,smina,0.21773433,0.074060482,2.9399519,0,0,4.1329387
9471,209,6809,972,3wsg_CIT_A_302,5,autodock,0.53500118,0.073391352,7.2897024,0,0.011459776,12.234521
9472,209,1069,152,1iki_DAL_A_500,5,autodock,0.35493574,0.073262971,4.8446803,0,3.4779137e-06,3.8008991
9473,209,13754,1964,5unx_8F1_A_803,6,smina,0.23192761,0.073076966,3.1737435,0,3.6575773e-10,5.075245
9474,209,670,95,1gkc_NFH_A_1448,5,autodock,0.58439065,0.072951318,8.0106926,0,0,12.622641
9475,209,14614,2087,6a1l_BEZ_A_404,5,autodock,0.56522995,0.072945132,7.7486992,0,0.38411707,6.4900925
9476,209,6039,862,3qfx_CP6_A_602,5,autodock,0.58686499,0.072521959,8.0922375,0,0,13.761425
9477,209,8296,1185,4gy9_ZIP_A_201,1,unimol,0.81078561,0.072472457,11.187499,0,0.98823186,15.7
9478,209,3886,555,2eb5_OXL_C_2003,1,unimol,0.80937781,0.072369884,11.183903,0,0.96425191,19.11
9479,209,13278,1896,5oew_9TE_C_301,6,smina,0.21521891,0.072260112,2.9783907,0,0,3.6381095
9480,209,677,96,1gkc_NFH_B_1449,5,autodock,0.5691942,0.072149586,7.8890839,0,0,11.477288
9481,209,6046,863,3qfx_CP6_B_702,5,autodock,0.58661676,0.072097605,8.1364241,0,0,10.778419
9482,209,6934,990,3wzo_ZOE_B_201,4,gnina,0.37733709,0.072055224,5.2367754,0,0.94276517,8.3839595
9483,209,54,7,1aej_NVI_A_296,5,autodock,0.43640718,0.07201756,6.059732,0,0,5.9656264
9484,209,6235,890,3sjh_LAR_A_503,5,autodock,0.5870299,0.071750718,8.1815186,0,0,30.886061
9485,209,11033,1576,5bk9_SIN_A_301,1,unimol,0.87513186,0.071458845,12.246655,0,0,19.38
9486,210,9189,1312,4m2c_DAR_D_402,5,autodock,0.8023772,0.1277134,6.2826381,0,0.87453292,12.524318
9487,210,1014,144,1hsb_ALA_A_1001,6,smina,0.13909021,0.10425928,1.334079,0,9.0514476e-09,4.3846752
9488,210,3452,493,2ahc_VNL_B_266,1,unimol,0.80356102,0.1012737,7.9345469,0,0.96299562,16.4
9489,210,3459,494,2ahc_VNL_D_466,1,unimol,0.8030615,0.10018867,8.0154915,0,0,16.72
9490,210,13564,1937,5tvr_AKG_B_402,5,autodock,0.71918681,0.091046603,7.8991055,0,0.83489415,6.9638138
9491,210,17210,2458,6to7_SUV_A_401,4,gnina,0.41411922,0.086026241,4.81387,0,0.9977419,5.8757869
9492,210,17217,2459,6to7_SUV_B_401,4,gnina,0.41411922,0.086026241,4.81387,0,0.99734801,5.909122
9493,210,13599,1942,5u5g_7VD_D_302,5,autodock,0.83677249,0.08374635,9.9917479,0,0.93606119,6.5145872
9494,210,7719,1102,4cw2_XDS_A_1303,5,autodock,0.35676204,0.083104868,4.292913,0,0,8.5337282
9495,210,13823,1974,5vka_AKG_A_402,5,autodock,0.53888561,0.082122018,6.5620103,0,0.00048981706,14.074016
9496,210,17221,2460,6tof_NQE_A_201,1,unimol,0.80255745,0.081758964,9.8161392,0,0.98998999,18.42
9497,210,8987,1283,4kux_FPS_A_704,6,smina,0.27578986,0.081560343,3.3814201,0,0,6.0746103
9498,210,1524,217,1l5o_2MP_A_990,5,autodock,0.43969814,0.081362844,5.4041629,0,0,4.5130297
9499,210,6893,984,3wur_O4B_B_204,5,autodock,0.51741796,0.080369366,6.4379988,0,0,2.8805516
9500,210,17799,2542,8icd_ICT_A_418,5,autodock,0.42089001,0.080361466,5.2374597,0,0.0005452244,10.65676
9501,210,2952,421,1x09_IPE_A_902,5,autodock,0.40222697,0.079425944,5.0641751,0,4.75072e-06,7.8119699
9502,210,2945,420,1x09_IPE_A_901,5,autodock,0.52071127,0.079280998,6.5679193,0,0.018630758,5.861679
9503,210,13585,1940,5u5g_7VD_B_302,5,autodock,0.78564573,0.078629451,9.9917479,0,0.8537781,6.3451669
9504,210,13578,1939,5u5g_7VD_A_302,5,autodock,0.77560105,0.077624154,9.9917479,0,0.88752517,6.2357477
9505,210,1140,162,1iwe_IMP_B_1452,6,smina,0.13918627,0.077163704,1.8037781,0,0,3.8389074
9506,210,12123,1731,5gzz_GSH_D_301,6,smina,0.23326297,0.077142562,3.0237899,0,7.0259186e-10,5.8714212
9507,210,8888,1269,4jzx_476_A_402,5,autodock,0.56192614,0.077008838,7.2969036,0,0,17.168883
9508,210,2287,326,1qmh_CIT_A_401,5,autodock,0.4930689,0.076838963,6.4169116,0,0.016128707,10.151318
9509,210,14256,2036,5xvt_8FL_A_709,4,gnina,0.43482636,0.075616783,5.7503939,0,1.273413e-09,7.1311861
9510,210,120,17,1anc_BEN_A_384,1,unimol,0.5858852,0.075597547,7.7500548,0,0.8829061,20.3
9511,210,12398,1771,5igs_GMP_A_403,1,unimol,0.85514533,0.075081861,11.389505,0,0,19.33
9512,210,3445,492,2ahc_VNL_A_166,1,unimol,0.6071495,0.074227425,8.1795835,0,0.99258572,22.29
9513,210,17596,2513,6ypv_AKG_A_302,5,autodock,0.54765562,0.073937018,7.4070549,0,0.0292738,9.0919864
9514,210,12130,1732,5gzz_GSH_E_301,6,smina,0.22608438,0.073247497,3.0865808,0,5.2959235e-09,6.3995065
9515,210,1601,228,1lti_GAL_E_104,5,autodock,0.85431774,0.072285892,11.818595,0,0.99266592,12.509619
9516,210,4948,706,2qd4_CHD_A_802,6,smina,0.22124528,0.07154598,3.09235,0,0,4.0173248
9517,210,14292,2041,5y7a_KYN_A_502,5,autodock,0.50096441,0.071427432,7.0136127,0,0.33691442,8.8310846
9518,210,2405,343,1sff_IK2_B_450,4,gnina,0.38447212,0.071332776,5.3898373,0,0.96711162,7.9478815
9519,210,12116,1730,5gzz_GSH_C_301,6,smina,0.23003699,0.071068704,3.2368245,0,4.7908883e-06,4.9387334
9520,210,15000,2142,6dl7_ONC_F_301,6,smina,0.29028836,0.071054548,4.0854287,0,0,5.0511214
9521,210,6403,914,3ucl_CYH_A_543,5,autodock,0.39486644,0.070705015,5.5847011,0,0,6.2519151
9522,210,10116,1445,4v2z_Y70_A_151,1,unimol,0.88849815,0.070170054,12.662069,0,0.99119661,17.1
9523,210,17581,2511,6yaw_P9H_A_301,4,gnina,0.4391464,0.070017568,6.271945,0,0.19766221,11.718637
9524,210,14986,2140,6dl7_ONC_C_301,6,smina,0.28945491,0.069819889,4.1457362,0,0,4.8285355
9525,210,8104,1157,4ek1_CAM_A_502,5,autodock,0.36971241,0.069556471,5.3152833,0,0,5.1937087
9526,210,8111,1158,4ek1_CAM_B_502,5,autodock,0.36912548,0.06881629,5.363925,0,0,4.3492569
9527,210,4873,696,2qb3_PMP_A_700,1,unimol,0.74392278,0.068808582,10.811481,0,0.98104076,17.41
9528,210,6745,963,3wca_FPS_D_401,4,gnina,0.39399537,0.068799066,5.7267537,0,0.062996951,7.4972447
9529,210,6675,953,3w7f_FPS_B_302,4,gnina,0.41411922,0.068670794,6.030499,0,0.13398375,5.7598385
9530,210,6353,907,3tyn_CXW_A_800,4,gnina,0.41411922,0.068556885,6.0405188,0,3.4146513e-07,6.7044193
9531,210,6360,908,3tyn_CXW_B_800,4,gnina,0.41411922,0.068556885,6.0405188,0,0,7.3027069
9532,210,16059,2294,6ly4_TES_A_501,1,unimol,0.88588055,0.068319366,12.966755,0,0.98696943,28.22
9533,210,7582,1083,4cle_JR2_B_1270,1,unimol,0.8549419,0.068256804,12.525372,0,0,21.53
9534,210,6738,962,3wca_FPS_C_402,4,gnina,0.38666488,0.06817165,5.6719298,0,2.990651e-06,8.4004759
9535,210,4709,672,2ot7_OGA_A_500,5,autodock,0.62524072,0.068026459,9.1911392,0,0.0029750985,9.2964325
9536,211,14285,2040,5y1g_AKB_A_401,5,autodock,0.51094401,0.085077429,6.0056343,0,0.12281315,6.2117751
9537,211,2938,419,1wq4_TYR_A_501,5,autodock,0.51550296,0.077078948,6.6879854,0,2.2508523e-06,12.530744
9538,211,11338,1619,5dmm_HCS_A_505,5,autodock,0.36316218,0.076773218,4.7303228,0,0.0011352361,6.5301703
9539,211,1279,182,1jl0_PUT_A_401,5,autodock,0.70546559,0.076693565,9.1984968,0,0.62382934,11.941059
9540,211,201,28,1ca7_ENO_A_501,5,autodock,0.78053687,0.074857007,10.427037,0,0.97256644,35.252556
9541,211,14673,2096,6acn_TRC_A_899,1,unimol,0.78362481,0.07376196,10.623697,0,0.21080806,20.4
9542,211,11078,1582,5c4i_TPP_C_402,4,gnina,0.46147473,0.073154155,6.3082495,0,0.46208042,10.252192
9543,211,14977,2139,6dl7_ONC_B_301,4,gnina,0.37231574,0.073143851,5.0901842,0,0.85398494,6.0754978
9544,211,6907,986,3wwc_BUA_A_403,5,autodock,0.43034102,0.072691106,5.9201322,0,2.8717599e-05,4.6497865
9545,211,15005,2143,6dl7_ONC_G_301,4,gnina,0.37220452,0.072443602,5.1378512,0,0,6.5093711
9546,211,5703,814,2y4j_LAC_B_400,5,autodock,0.43137067,0.072246736,5.9707971,0,4.9272776e-05,4.4900687
9547,211,9539,1362,4ocu_NDG_A_401,5,autodock,0.8486493,0.071458668,11.876085,0,0.97972454,100.73137
9548,211,13812,1973,5vjg_0BP_A_403,1,unimol,0.85584377,0.071433537,11.980979,0,0.77175123,19.82
9549,211,13322,1903,5osf_A9E_A_404,1,unimol,0.7889914,0.071406754,11.049253,0,0.98273034,23.73
9550,211,3771,538,2cxp_A5P_A_1601,5,autodock,0.83902605,0.071369753,11.756044,0,0.98359898,17.554079
9551,211,14991,2141,6dl7_ONC_D_301,4,gnina,0.37248912,0.071163028,5.2343059,0,0.97724254,8.3159177
9552,211,11618,1659,5eo8_TFU_A_406,5,autodock,0.74246329,0.069833361,10.631927,0,0.97765486,9.3975991
9553,211,1688,241,1ml4_PAL_A_385,1,unimol,1.0244378,0.06953087,14.733566,0,0.96753583,17.18
9554,211,7232,1033,4al9_GLA_E_1123,1,unimol,1.0403992,0.068866843,15.107403,0,0.98367711,21.05
9555,211,7211,1030,4al9_GLA_A_1123,1,unimol,1.0356289,0.068551082,15.107403,0,0.982636,21.23
9556,211,7225,1032,4al9_GLA_D_1123,1,unimol,1.0325504,0.068347311,15.107403,0,0.96796943,21.84
9557,211,5129,732,2r4j_13P_A_1968,5,autodock,0.39978017,0.068195085,5.8623009,0,0.3297385,7.3388565
9558,211,14841,2120,6bxk_MTA_B_401,1,unimol,0.80143541,0.068135554,11.762366,0,0.94032302,17.19
9559,211,15888,2269,6krs_CIT_I_301,5,autodock,0.84172031,0.067663807,12.439741,0,0.81844691,12.09203
9560,211,446,63,1f5f_DHT_A_253,5,autodock,0.57910379,0.067597158,8.5669832,0,0,514.77285
9561,211,1867,266,1ns4_BGC_B_2400,5,autodock,0.9735645,0.06746776,14.430069,0,0.95400933,20.532797
9562,211,4792,684,2pt6_S4M_A_501,4,gnina,0.46975003,0.066545259,7.0591049,0,0.98863972,6.4535641
9563,211,11775,1682,5fh3_OXL_A_703,1,unimol,0.80328973,0.066473586,12.084344,0,0.68061426,14.7
9564,211,404,57,1ei6_PPF_A_410,5,autodock,0.51709095,0.066275122,7.802187,0,0.3902304,6.4127663
9565,211,10501,1500,4z1d_PEP_B_300,1,unimol,0.92382333,0.06593046,14.012086,0,0.94770958,18.28
9566,211,11576,1653,5eo7_SFU_C_404,5,autodock,0.80382564,0.065740124,12.227321,0,0.98999224,8.5644121
9567,211,8622,1231,4i6w_1CO_B_1001,5,autodock,0.5806042,0.065401505,8.8775349,0,0.53481818,7.2599447
9568,211,9847,1406,4rje_PYR_C_402,5,autodock,0.39887209,0.064977163,6.1386495,0,0.0010190426,5.3056936
9569,211,10498,1499,4z1d_PEP_A_300,5,autodock,0.38738619,0.064874623,5.9713044,0,0.0037749872,6.5261698
9570,211,2980,425,1x8x_TYR_A_952,5,autodock,0.42879079,0.064838095,6.6132531,0,2.0777837e-06,12.268201
9571,211,1153,164,1ixo_G3P_B_1002,5,autodock,0.51474155,0.064550722,7.9742174,0,0.025070372,7.5069339
9572,211,1282,183,1jl0_PUT_B_401,1,unimol,1.0384766,0.064406755,16.12372,0,0.92266115,21.08
9573,211,14425,2060,5ybp_AKG_B_302,5,autodock,0.66194101,0.063740878,10.384873,0,0.31675314,6.6485834
9574,211,1160,165,1ixo_G3P_D_1004,5,autodock,0.51176458,0.063615216,8.0446873,0,0.014872458,8.9750463
9575,211,10246,1463,4wxb_CIT_B_501,5,autodock,0.67464551,0.063509729,10.62271,0,0.75484099,12.575778
9576,211,3953,564,2ex1_C5P_A_1427,5,autodock,0.57054322,0.063336209,9.0081673,0,0,16.510678
9577,211,17183,2454,6tfb_N6W_B_202,5,autodock,0.56709689,0.062985978,9.003541,0,0,3.2760387
9578,211,16063,2294,6ly4_TES_A_501,5,autodock,0.57579705,0.062900235,9.1541309,0,0,11.512324
9579,211,15867,2266,6krs_CIT_D_301,5,autodock,0.77571772,0.062811465,12.349937,0,0.79274839,16.21287
9580,211,9896,1413,4tq4_DMA_B_403,5,autodock,0.88621344,0.062258316,14.234458,0,0.96461932,8.4309073
9581,211,1597,228,1lti_GAL_E_104,1,unimol,1.0040087,0.062250852,16.128431,0,0.96631519,20.05
9582,211,12685,1812,5jep_EVF_B_303,1,unimol,0.72216635,0.061846862,11.676684,0,0.96962177,24.08
9583,211,11080,1582,5c4i_TPP_C_402,6,smina,0.28799251,0.061747649,4.6640229,0,0.99666659,8.667355
9584,211,11779,1682,5fh3_OXL_A_703,5,autodock,0.41316673,0.061664918,6.7001901,0,7.3645059e-06,4.7723222
9585,211,15881,2268,6krs_CIT_H_301,5,autodock,0.75045288,0.061550985,12.192377,0,0.79564946,13.61827
9586,212,13095,1870,5n5k_HAE_A_306,5,autodock,0.49826465,0.13468389,3.6995108,0,2.486857e-07,4.097698
9587,212,4794,684,2pt6_S4M_A_501,6,smina,0.57066961,0.097985526,5.8240185,0,0.98876726,4.7757969
9588,212,9766,1395,4qya_LU2_A_201,1,unimol,0.80231698,0.097390672,8.2381287,0,0,21.11
9589,212,4481,640,2jhp_GUN_A_1648,1,unimol,0.58660441,0.092023358,6.3745155,0,0.96686583,20.69
9590,212,15744,2249,6jq8_CIT_A_302,1,unimol,0.80495354,0.09173622,8.7746525,0,0.74709195,17.64
9591,212,3242,463,1zha_PEP_A_1268,1,unimol,0.80554177,0.086901514,9.2695932,0,0.97795636,15.99
9592,212,10494,1499,4z1d_PEP_A_300,1,unimol,0.72289629,0.085931945,8.4124269,0,0.97958178,15.31
9593,212,4982,711,2qg6_NMN_A_301,5,autodock,0.57204346,0.082730872,6.9145093,0,0,16.435797
9594,212,5347,763,2vmp_PLP_A_501,6,smina,0.23120023,0.080421587,2.8748519,0,1.8090978e-06,5.7592126
9595,212,7421,1060,4c2p_X8Z_A_709,1,unimol,0.88277476,0.078684842,11.21912,0,0.94641592,18.12
9596,212,17130,2447,6t10_M6Z_A_601,1,unimol,0.88106343,0.077282758,11.400517,0,0,18.69
9597,212,12328,1761,5i5t_67X_A_402,1,unimol,0.94830754,0.074316433,12.760401,0,0.990089,17.88
9598,212,5566,795,2xh0_PEP_B_1440,1,unimol,1.0431782,0.074262013,14.047264,0,0.98057397,23.32
9599,212,15748,2249,6jq8_CIT_A_302,5,autodock,0.40331812,0.07375832,5.4681025,0,8.9620402e-08,10.638686
9600,212,4901,700,2qca_DGP_A_200,1,unimol,0.79209213,0.073302928,10.805736,0,0,20.56
9601,212,17011,2430,6si4_LEK_A_402,1,unimol,0.87113463,0.073065133,11.922712,0,0.99375653,18.79
9602,212,10151,1450,4wbd_CIT_A_602,1,unimol,0.99579781,0.072594628,13.717237,0,0.97166556,17.38
9603,212,5424,774,2w7k_PLP_A_501,6,smina,0.21618845,0.072464689,2.9833617,0,4.3136047e-05,7.313946
9604,212,10996,1570,5awd_IDQ_A_901,6,smina,0.2184297,0.071796721,3.0423343,0,0,7.5731481
9605,212,11369,1624,5dnx_5LD_A_203,1,unimol,0.75822109,0.07179485,10.560939,0,0.97989056,15.71
9606,212,10408,1486,4xzh_48I_B_402,6,smina,0.23151975,0.071751341,3.2266948,0,0,8.0458665
9607,212,11376,1625,5dnx_5LD_B_201,1,unimol,0.77671511,0.071696888,10.833316,0,0.98562376,12.8
9608,212,9773,1396,4qya_LU2_B_201,1,unimol,0.59503316,0.071361197,8.3383284,0,0,20.97
9609,212,2308,329,1rf2_BV4_E_105,5,autodock,0.59200515,0.071292032,8.3039446,0,0.44565088,27.723005
9610,212,10401,1485,4xzh_48I_A_402,6,smina,0.23158889,0.071200357,3.2526357,0,0,5.5123582
9611,212,4908,701,2qca_DGP_A_300,1,unimol,0.78974261,0.071132531,11.10241,0,0,15.56
9612,212,11751,1678,5fe1_12Q_A_901,5,autodock,0.5782798,0.071065537,8.1372738,0,0,27.828864
9613,212,11758,1679,5fe1_12Q_B_901,5,autodock,0.57749362,0.070968922,8.1372738,0,0,5.916048
9614,213,14607,2086,6a1l_BEZ_A_403,5,autodock,0.5633123,0.11321278,4.9756942,0,1.8423438e-06,9.4360635
9615,213,5755,822,2z1z_MLT_A_433,1,unimol,0.79002166,0.11034529,7.1595407,0,0,18.11
9616,213,8139,1162,4evi_N7I_B_401,5,autodock,0.57629412,0.1095647,5.259851,0,0,283.31752
9617,213,7568,1081,4cle_JR2_A_1270,1,unimol,0.77726649,0.097205346,7.9961281,0,0,24.04
9618,213,7334,1047,4bq5_GAL_C_1,5,autodock,0.98481632,0.091471044,10.766426,0,0.99527068,24.870749
9619,213,12836,1833,5kjw_53C_B_800,5,autodock,0.4290232,0.090560158,4.7374377,0,0,4.759352
9620,213,15401,2200,6g5q_EMZ_B_402,1,unimol,0.84824799,0.088010358,9.6380463,0,0.97977599,20.92
9621,213,7757,1108,4d06_NAR_F_302,1,unimol,0.80525942,0.083792145,9.6102009,0,0.22789637,22.34
9622,213,2115,302,1pke_2FD_C_448,1,unimol,0.80170774,0.083775804,9.5696802,0,0,22.56
9623,213,9385,1340,4n94_2HO_A_401,5,autodock,0.40267757,0.083080142,4.8468561,0,0,5.0301735
9624,213,16267,2323,6nga_KL7_A_803,6,smina,0.21828112,0.082875475,2.6338437,0,0,4.9675534
9625,213,14832,2118,6btq_E8S_A_305,6,smina,0.21833784,0.082314703,2.6524758,0,0,10.629349
9626,213,2101,300,1pke_2FD_A_446,1,unimol,0.77690026,0.082134426,9.4588861,0,0,15.86
9627,213,6768,966,3wgc_PLG_D_401,6,smina,0.22875713,0.081663396,2.801219,0,6.0492355e-08,4.5658683
9628,213,14593,2084,5zpt_HY1_B_703,5,autodock,0.55604421,0.081316724,6.8380046,0,0,10.333248
9629,213,11180,1597,5cjn_52F_A_809,1,unimol,0.79627099,0.081230932,9.8025579,0,0,15.17
9630,213,15919,2274,6l17_E2X_A_401,1,unimol,0.82131964,0.079498337,10.33128,0,0,23
9631,213,10480,1497,4ywb_OXD_C_704,1,unimol,0.80656658,0.079288206,10.172591,0,0.84385435,17.05
9632,213,17260,2465,6tot_NRK_A_401,5,autodock,0.91812153,0.077553379,11.838574,0,0.90634678,11.160011
9633,213,195,27,1c9c_PP3_A_413,6,smina,0.13808664,0.077441965,1.7830974,0,0.91724237,3.7588031
9634,213,13081,1868,5mzp_CFF_A_2401,5,autodock,0.39757056,0.076796377,5.1769433,0,0,6.3738226
9635,213,10914,1559,5adi_TUE_A_800,1,unimol,0.80409329,0.076198781,10.552573,0,0.98303656,20.7
9636,213,15821,2260,6jz4_EVA_B_701,1,unimol,0.83954268,0.07616628,11.022497,0,0.54291179,17.75
9637,213,4607,658,2nz5_226_A_431,1,unimol,0.59740709,0.076115788,7.8486609,0,0.9844627,22.55
9638,213,9941,1420,4tyv_BGC_B_701,1,unimol,0.59333732,0.076109402,7.7958469,0,0.94268702,22.34
9639,213,10620,1517,4zjz_BEZ_A_1001,1,unimol,0.85517826,0.075883004,11.269693,0,0.98938959,25.56
9640,213,2182,311,1pr6_XYA_C_1247,5,autodock,0.80210261,0.0756022,10.609513,0,0.99813831,14.269758
9641,213,8923,1274,4k5u_GAL_C_301,5,autodock,0.87800982,0.074981688,11.709656,0,0.91212839,19.573968
9642,213,4614,659,2nz5_226_A_432,1,unimol,0.59463795,0.074908475,7.9381924,0,0.9632256,16.25
9643,213,17267,2466,6tot_NRK_B_401,5,autodock,0.90778508,0.074668001,12.157618,0,0.8767863,11.34178
9644,213,17116,2445,6t0a_M58_A_601,1,unimol,0.59476034,0.074291772,8.0057354,0,0.99388745,16.55
9645,213,12422,1774,5ijz_AKG_A_502,4,gnina,0.40853095,0.074036559,5.5179615,0,0,28.682882
9646,213,12429,1775,5ijz_AKG_B_502,4,gnina,0.41127837,0.07396642,5.560338,0,0.00096094983,37.732935
9647,213,12258,1751,5hss_64Z_A_402,1,unimol,0.85388851,0.073850517,11.562389,0,0.98992821,22.7
9648,213,12436,1776,5ijz_AKG_C_502,4,gnina,0.40985825,0.073429833,5.5816302,0,0,32.376318
9649,213,1618,231,1luq_BTN_B_5200,1,unimol,0.88288904,0.073284998,12.047336,0,0.96500406,22.61
9650,213,12450,1778,5ijz_AKG_H_502,4,gnina,0.40985825,0.073149926,5.6029882,0,0.48527209,31.873275
9651,213,11884,1697,5fqf_NGA_B_1585,5,autodock,0.92398501,0.073061199,12.646726,0,0.99025395,11.783381
9652,213,8048,1149,4e7v_CRS_U_101,5,autodock,0.60232445,0.072705638,8.2844248,0,0.21048884,23.266535
9653,213,1611,230,1luq_BTN_A_5100,1,unimol,0.88577414,0.072583043,12.203595,0,0,22.33
9654,213,15814,2259,6jz4_EVA_A_701,1,unimol,0.79900084,0.072488181,11.022497,0,0.59333139,21.51
9655,213,7771,1110,4d06_X8W_D_303,1,unimol,0.80478521,0.072307473,11.130041,0,0.035432403,23.38
9656,213,3904,557,2ef9_A5P_A_1269,5,autodock,0.58597196,0.072210307,8.1147957,0,0.57640037,12.68881
9657,213,6123,874,3rgz_BLD_A_800,5,autodock,0.91341787,0.071403478,12.792343,0,0.98508357,23.066003
9658,213,11124,1589,5cak_4Z9_A_802,1,unimol,1.0158648,0.071381268,14.231531,0,0,23.92
9659,213,1149,164,1ixo_G3P_B_1002,1,unimol,0.78760828,0.070057885,11.242249,0,0,24.29
9660,213,9157,1308,4lz3_BTM_A_409,1,unimol,0.86799531,0.069979441,12.403575,0,0.98622247,20.26
9661,213,13588,1941,5u5g_7VD_C_302,1,unimol,0.75702114,0.069474381,10.896406,0,0.88341962,21.47
9662,213,8268,1181,4gmu_OXL_A_705,1,unimol,0.61899056,0.069443021,8.9136457,0,0.48852067,21.38
9663,213,1352,193,1kae_HSO_A_1001,1,unimol,1.0403641,0.069237084,15.02611,0,0,15.62
9664,214,8693,1241,4i9n_1E6_B_401,6,smina,0.41703895,0.096529918,4.3203068,0,0.89966543,9.9865287
9665,214,17109,2444,6t07_M45_B_601,1,unimol,0.58353778,0.096086791,6.0730271,0,0,18.44
9666,214,9745,1392,4qpe_37E_A_901,1,unimol,0.81876903,0.095126085,8.6071968,0,0,23
9667,214,11484,1640,5edh_5MF_A_803,4,gnina,0.41017877,0.091401871,4.4876399,0,7.7184361e-05,8.6306142
9668,214,13364,1909,5syi_NIZ_B_805,1,unimol,0.78306576,0.084310218,9.2879095,0,0.86008703,24.91
9669,214,8707,1243,4i9n_1E6_D_401,6,smina,0.3614405,0.083677382,4.3194518,0,0.97723324,9.9755013
9670,214,17788,2541,8cpp_TCM_A_422,1,unimol,0.60032515,0.082063726,7.3153524,0,0.99610981,14.8
9671,214,13459,1922,5tch_MLI_H_501,5,autodock,0.73811445,0.079288098,9.3092709,0,0.78947332,4.5389286
9672,214,5858,836,2z6j_TUI_A_501,6,smina,0.21806957,0.078688252,2.7713094,0,3.9338088e-09,14.322136
9673,214,9444,1349,4nir_6DH_A_307,1,unimol,0.79884824,0.077232626,10.343403,0,0,17.4
9674,214,5865,837,2z6j_TUI_B_502,6,smina,0.22004363,0.076985211,2.8582575,0,3.9244441e-13,12.513573
9675,214,17792,2541,8cpp_TCM_A_422,5,autodock,0.36204559,0.075665651,4.7848067,0,0,2.8335515
9676,214,3428,489,2a9z_26A_A_1002,5,autodock,0.56321064,0.074124788,7.5981407,0,0,115.44431
9677,214,7204,1029,4ajj_MLI_D_1333,1,unimol,0.77450257,0.074052216,10.45887,0,0.88498949,24.52
9678,214,13431,1918,5tch_MLI_D_501,5,autodock,0.70379029,0.073917462,9.5212984,0,0.77994501,5.0482091
9679,214,383,54,1e7h_PLM_A_1001,5,autodock,0.49086891,0.073659726,6.6640058,0,4.0955763e-07,7.4196242
9680,214,12871,1838,5l1u_7PF_A_401,5,autodock,0.55835888,0.073242514,7.623425,0,1.9992173e-06,7.2688338
9681,214,9749,1392,4qpe_37E_A_901,5,autodock,0.48152639,0.071867624,6.7001843,0,1.0164431e-06,9.0898318
9682,214,8719,1245,4i9n_1E6_G_401,4,gnina,0.46771809,0.07152326,6.5393834,0,0.098695396,13.567005
9683,214,13476,1925,5tde_FLC_A_501,1,unimol,0.8340689,0.07137098,11.686386,0,0.97183955,22.51
9684,214,3424,489,2a9z_26A_A_1002,1,unimol,0.86920093,0.071219156,12.204594,0,0.98943181,15.42
9685,214,13438,1919,5tch_MLI_E_301,5,autodock,0.71859224,0.071155786,10.098858,0,0.82642758,4.8753202
9686,214,3421,488,2a9z_26A_A_1001,5,autodock,0.57213055,0.071120462,8.0445271,0,0,1324.3054
9687,214,8712,1244,4i9n_1E6_F_401,4,gnina,0.46771809,0.070951862,6.5920472,0,0.80910911,13.983468
9688,214,10939,1562,5af9_SJR_H_1250,5,autodock,0.56406819,0.070601154,7.9895029,0,0,7.1867314
9689,214,8721,1245,4i9n_1E6_G_401,6,smina,0.29996147,0.069705605,4.3032608,0,0.9515381,9.6246632
9690,214,11870,1695,5fqf_NGA_A_1588,5,autodock,0.88151092,0.069319107,12.716708,0,0.92689137,11.980049
9691,214,2427,346,1sjc_SMG_B_1100,5,autodock,0.80542239,0.069216767,11.636231,0,0.95559015,30.583749
9692,214,8714,1244,4i9n_1E6_F_401,6,smina,0.29996147,0.069170504,4.3365507,0,0.93153309,10.111533
9693,214,12888,1841,5l9v_OGA_A_502,1,unimol,0.83359476,0.068837725,12.109562,0,0,23.29
9694,214,12699,1814,5jg5_EVF_B_302,1,unimol,0.61149001,0.068675139,8.9040947,0,0.98420915,19.8
9695,214,16476,2353,6ooi_PGA_F_301,5,autodock,0.61868115,0.068386454,9.0468369,0,0.59775368,7.5711228
9696,214,3417,488,2a9z_26A_A_1001,1,unimol,0.87978934,0.068368085,12.868421,0,0,21.13
9697,214,17204,2457,6tgl_LVP_B_201,5,autodock,0.42641534,0.068337836,6.2398124,0,2.8920934e-07,4.042994
9698,214,6950,992,3wzo_ZOE_D_201,6,smina,0.28356479,0.06824168,4.1553011,0,0,11.339393
9699,214,12920,1845,5la2_ARB_A_606,5,autodock,0.71388732,0.068004778,10.497604,0,0.86230159,9.0155602
9700,214,2700,385,1u2o_NEC_B_1002,5,autodock,1.0051543,0.067526787,14.885267,0,0.97353227,15.509351
9701,214,6900,985,3wwc_BUA_A_402,5,autodock,0.36563878,0.06745732,5.4202971,0,0.078037693,7.1368931
9702,214,11976,1710,5g0v_JDD_B_1271,6,smina,0.21807138,0.067231505,3.2435882,0,3.346712e-05,7.0869816
9703,214,13417,1916,5tch_MLI_A_301,5,autodock,0.71153542,0.066951952,10.627552,0,0,107.15774
9704,214,12279,1754,5htd_MYR_A_201,1,unimol,0.79665732,0.066816385,11.923082,0,0.97166517,29.1
9705,214,15686,2240,6jc7_F0G_C_601,6,smina,0.22767308,0.066770481,3.4097855,0,8.5592851e-08,5.4796883
9706,214,7880,1125,4dch_GLC_A_501,5,autodock,0.56722793,0.066719036,8.5017395,0,0.0049832634,13.979529
9707,214,11898,1699,5fuv_THM_B_1385,5,autodock,0.5313446,0.066148602,8.032589,0,0,41.234218
9708,214,8954,1279,4kqk_PCR_A_403,1,unimol,0.84900585,0.065810751,12.900716,0,0.9984589,16.91
9709,214,15672,2238,6jc7_F0G_A_601,6,smina,0.230724,0.065733178,3.5100074,0,4.334176e-08,5.6134386
9710,214,14081,2011,5x23_LSN_A_504,4,gnina,0.46377887,0.06516462,7.117034,0,9.8855416e-12,6.5503912
9711,214,14306,2043,5y7r_AKG_B_402,5,autodock,0.42394676,0.065029881,6.5192599,0,1.5386315e-05,7.4573531
9712,214,13357,1908,5syi_NIZ_A_805,1,unimol,0.59198235,0.064880291,9.1242237,0,0.98768055,23.06
9713,214,5254,750,2uza_HTL_B_1236,4,gnina,0.41017877,0.064873901,6.3227077,0,0.89493172,12.53679
9714,215,16357,2336,6nyo_U94_A_301,5,autodock,0.8657267,0.1280642,6.7600985,0,0.77450255,21.01004
9715,215,4285,612,2hi4_BHF_A_800,1,unimol,0.8455028,0.11295598,7.4852409,0,0.99804217,24.43
9716,215,1510,215,1l4f_150_A_990,5,autodock,0.42480435,0.10971965,3.8717244,0,5.2145705e-06,8.1420447
9717,215,9129,1304,4lol_1YE_A_402,1,unimol,0.80001777,0.10774314,7.4252305,0,0.97010127,17.11
9718,215,16339,2334,6nsu_DYA_A_402,1,unimol,0.59270184,0.094846246,6.2490797,0,0.90184971,20
9719,215,13347,1906,5r9o_54F_A_401,5,autodock,0.52826766,0.092977819,5.6816516,0,0,31.744414
9720,215,3134,447,1yw9_A84_A_482,5,autodock,0.55354769,0.092821423,5.9635758,0,0,19.988881
9721,215,16353,2336,6nyo_U94_A_301,1,unimol,0.71362355,0.089426521,7.9799981,0,0.98537485,22.12
9722,215,11226,1603,5cr1_STL_B_201,5,autodock,0.40403841,0.087683919,4.6078954,0,0,6.6943505
9723,215,15492,2213,6hl7_CP_C_401,1,unimol,0.78403035,0.086039364,9.1124601,0,0.90433662,16.76
9724,215,14236,2033,5xoi_SIN_A_401,5,autodock,0.54784109,0.084831322,6.458004,0,0,7.3618268
9725,215,15485,2212,6hl7_CP_A_401,1,unimol,0.80394276,0.084794061,9.4811201,0,0.9671758,25.13
9726,215,13781,1968,5uo5_M4R_A_803,5,autodock,0.79643972,0.080425504,9.9028244,0,0.99151323,16.439836
9727,215,10316,1473,4xfh_CYS_A_502,5,autodock,0.45930447,0.080260305,5.7226844,0,0.16824409,15.392558
9728,215,17144,2449,6t5p_VD8_C_302,1,unimol,0.78887742,0.078413995,10.060415,0,0.88272155,18.86
9729,215,9423,1346,4nf4_2JK_A_301,1,unimol,0.78972642,0.077561851,10.181891,0,0,21.92
9730,215,1986,283,1om5_INE_A_790,5,autodock,0.40361008,0.076373569,5.2846818,0,1.2631974e-05,3.7267582
9731,215,3379,482,227l_BNZ_A_169,5,autodock,0.4234891,0.076045878,5.5688624,0,0,3.5586832
9732,215,2948,421,1x09_IPE_A_902,1,unimol,0.74051141,0.075922011,9.7535791,0,0.88982967,22.46
9733,215,12583,1797,5j5i_6GM_F_303,4,gnina,0.56009886,0.075195722,7.4485459,0,0.99208838,22.363787
9734,215,10870,1552,5a86_D7E_B_1432,6,smina,0.21819952,0.074977109,2.9102142,0,0,5.4029563
9735,215,15496,2213,6hl7_CP_C_401,5,autodock,0.39414181,0.07483247,5.2669883,0,0.036896977,5.5438964
9736,215,13768,1966,5uo3_8EY_A_803,6,smina,0.2292529,0.073737152,3.1090546,0,5.6091763e-07,5.0215834
9737,215,10424,1489,4y6n_3PG_A_402,1,unimol,0.83146205,0.07360359,11.296487,0,0,22.37
9738,215,17120,2445,6t0a_M58_A_601,5,autodock,0.40402255,0.073426879,5.5023785,0,0,10.236998
9739,215,10267,1466,4x2f_3WJ_A_601,5,autodock,0.57457549,0.072927369,7.8787351,0,0,11.060605
9740,215,1993,284,1om5_INE_B_791,5,autodock,0.38796307,0.072873877,5.3237596,0,8.8433738e-06,3.9495484
9741,215,13775,1967,5uo3_8EY_B_804,6,smina,0.22847834,0.07276568,3.1399181,0,2.1373913e-06,5.8841974
9742,215,1198,171,1j3i_UMP_D_711,1,unimol,0.86949019,0.072177866,12.046493,0,0,27.58
9743,215,14839,2119,6bvl_EBY_B_2001,6,smina,0.13868516,0.072169901,1.9216473,0,0,10.12881
9744,215,15513,2216,6hmw_FUL_A_203,1,unimol,0.94088877,0.071812166,13.102079,0,0.97812596,21.75
9745,215,13945,1992,5vys_GMP_B_303,1,unimol,0.79387566,0.07177235,11.061023,0,0,22.49
9746,215,5360,765,2vp5_DCZ_A_1210,5,autodock,0.57435316,0.071625469,8.0188389,0,0,32.699705
9747,215,7900,1128,4dd8_BAT_C_1000,4,gnina,0.47502889,0.071517344,6.6421485,0,0,15.540186
9748,215,9665,1380,4pxd_1AL_B_502,5,autodock,0.85683586,0.071238301,12.02774,0,0.99684289,140.05391
9749,215,14802,2114,6bmm_OLB_B_404,4,gnina,0.43438823,0.071106988,6.1089377,0,0,9.663781
9750,215,11383,1626,5dnx_5LD_B_205,1,unimol,0.6046143,0.071099521,8.5037737,0,0.91687414,25.13
9751,215,15489,2212,6hl7_CP_A_401,5,autodock,0.397595,0.070898183,5.6079707,0,0.015898196,5.1186776
9752,215,15548,2221,6hmw_FUL_H_201,1,unimol,0.93260045,0.070712703,13.188583,0,0.97175853,20.19
9753,215,7960,1137,4du7_DP6_B_401,1,unimol,1.0180147,0.070547699,14.430161,0,0.96139828,24.26
9754,215,3256,465,1zha_R5P_A_1269,1,unimol,0.66007897,0.070283642,9.3916435,0,0,22.74
9755,215,16714,2387,6qo4_97T_B_301,5,autodock,0.52569076,0.070262931,7.4817643,0,0.00094619977,88.94369
9756,215,1219,174,1j3k_UMP_D_711,1,unimol,0.87231583,0.07010299,12.443346,0,0,26.21
9757,215,8853,1264,4jh6_FCN_B_202,5,autodock,0.54046466,0.070098652,7.7100568,0,0,10.814428
9758,215,17365,2480,6uzr_QM1_B_301,5,autodock,0.57000081,0.070050076,8.1370468,0,0,174.69665
9759,215,8961,1280,4kqk_PCR_B_703,1,unimol,0.84473934,0.07004242,12.060395,0,0.99768388,14.31
9760,215,1240,177,1j54_TMP_A_2000,1,unimol,0.86576001,0.069960448,12.374991,0,0,17.48
9761,215,15576,2225,6ho7_GHQ_A_301,1,unimol,0.78688385,0.069629885,11.300949,0,0.99041379,17.99
9762,215,13167,1881,5o3b_9HZ_A_501,0,surfdock,0.3668468,0.069174434,5.3032126,0,0,4.537199
9763,215,13174,1882,5o3b_9HZ_B_501,0,surfdock,0.3668468,0.068672691,5.3419595,0,0,4.3418617
9764,216,9493,1356,4np7_DPJ_A_403,1,unimol,0.76965062,0.092129876,8.3539734,0,0,21.13
9765,216,12342,1763,5i7r_68W_A_402,1,unimol,0.82853194,0.091812043,9.0242176,0,0.98304264,23.37
9766,216,12269,1752,5hss_64Z_D_403,5,autodock,0.52368541,0.08801708,5.9498148,0,0.37402607,12.345319
9767,216,1916,273,1o28_UFP_D_718,5,autodock,0.847921,0.087595427,9.6799679,0,0.83103262,8.1920378
9768,216,9553,1364,4ovl_1TD_A_308,5,autodock,0.56545524,0.086241559,6.5566435,0,0,10.944918
9769,216,7811,1115,4d3s_BOG_H_1000,6,smina,0.22228303,0.085575093,2.5975192,0,5.9587577e-10,4.4727648
9770,216,15944,2277,6l86_LMR_A_302,5,autodock,0.67070369,0.084802055,7.909049,0,0.65036799,10.46935
9771,216,15951,2278,6l86_LMR_B_302,5,autodock,0.68427846,0.081828903,8.3623066,0,0.84859081,16.673703
9772,216,4506,643,2jig_PD2_A_1254,5,autodock,0.35812043,0.080423754,4.4529176,0,0,54.993583
9773,216,16717,2388,6qol_JB5_A_301,1,unimol,0.77616071,0.079903093,9.7137747,0,0.99184126,18.96
9774,216,467,66,1fm8_DDC_A_501,5,autodock,0.40124257,0.0797457,5.0315251,0,0,96.639224
9775,216,12262,1751,5hss_64Z_A_402,5,autodock,0.47364353,0.07960642,5.9498148,0,0.24473154,16.650516
9776,216,12290,1755,5hxi_5HN_A_403,5,autodock,0.49329394,0.076082455,6.4836745,0,2.5978356e-05,8.8547715
9777,216,16763,2394,6qqs_JCZ_A_301,5,autodock,0.53669014,0.075274504,7.1297722,0,0,25.535669
9778,216,4502,643,2jig_PD2_A_1254,1,unimol,0.59269312,0.074963618,7.9064093,0,0.99521059,21.17
9779,216,4730,675,2p1e_LAC_A_303,5,autodock,0.33698414,0.073041023,4.6136274,0,0,5.1118143
9780,216,8636,1233,4i6y_MEV_B_1001,5,autodock,0.64684295,0.072926868,8.8697472,0,0.49691222,8.6960388
9781,216,7705,1100,4crg_J4X_A_1493,5,autodock,0.4928526,0.071865827,6.857954,0,0,7.5996536
9782,216,14251,2035,5xsm_8EO_A_705,6,smina,0.22388576,0.071842965,3.1163204,0,0,8.5946666
9783,216,725,103,1gz5_UDP_D_900,4,gnina,0.35739326,0.070589299,5.062994,0,0.81032892,7.4644313
9784,216,8629,1232,4i6y_MEV_A_501,5,autodock,0.62501637,0.070466078,8.8697472,0,0.47162222,9.6335978
9785,216,944,134,1h7q_TYD_A_1258,6,smina,0.20362088,0.069782392,2.9179397,0,0,5.6100149
9786,216,1930,275,1o29_UFP_C_813,5,autodock,0.68045268,0.069666972,9.7672195,0,0.39040166,10.311926
9787,216,12272,1753,5hss_650_B_402,1,unimol,0.80915521,0.069143174,11.702603,0,0.94607063,21.47
9788,216,12346,1763,5i7r_68W_A_402,5,autodock,0.54776607,0.069062361,7.9314694,0,0,17.338095
9789,216,9637,1376,4pbr_2L7_A_401,5,autodock,0.56209252,0.067976393,8.2689362,0,0,14.072391
9790,216,8272,1181,4gmu_OXL_A_705,5,autodock,0.40052206,0.067884913,5.9000149,0,3.5516884e-05,4.506465
9791,216,2525,360,1thc_FL9_B_130,5,autodock,0.39624412,0.067338422,5.8843679,0,0.00018364857,11.707767
9792,217,2276,325,1qit_MAE_A_411,1,unimol,0.58452069,0.10786486,5.4190083,0,0.85142394,18.01
9793,217,9617,1373,4p8c_Y22_B_502,6,smina,0.21764847,0.1015708,2.1428242,0,0,6.1056886
9794,217,17457,2493,6vv9_RQ1_B_304,6,smina,0.20919613,0.09941085,2.1043582,0,7.5524823e-10,6.8858042
9795,217,11989,1712,5g44_I6G_A_1510,5,autodock,0.5150623,0.091559708,5.6254244,0,0.00043261275,6.5135871
9796,217,17757,2536,7est_0Z2_E_1,5,autodock,0.54116717,0.086419922,6.262064,0,0,12.616189
9797,217,743,106,1h18_DTL_B_9009,1,unimol,0.81220779,0.086060448,9.4376421,0,0,19.24
9798,217,736,105,1h18_DTL_A_9009,1,unimol,0.80957877,0.083627906,9.6807241,0,0,28.84
9799,217,2486,355,1t93_FLV_A_432,1,unimol,0.78456891,0.08069778,9.7223101,0,0.9833779,16.77
9800,217,2479,354,1t93_FLV_A_431,1,unimol,0.78221991,0.080531159,9.7132568,0,0.97238069,24.43
9801,217,12188,1741,5ha7_WY1_A_402,1,unimol,0.68329387,0.079696987,8.5736465,0,0.97798684,18.63
9802,217,6508,929,3vc3_C6P_C_501,5,autodock,1.0057764,0.076441711,13.157429,0,0.99611354,31.369149
9803,217,985,140,1hkn_N2M_C_4138,5,autodock,0.40618932,0.076422673,5.3150358,0,0,8.5109226
9804,217,12493,1784,5irw_D9P_B_202,5,autodock,0.9201253,0.07567648,12.158669,0,0.98057083,29.482162
9805,217,16346,2335,6ny7_L8J_A_303,1,unimol,0.58563144,0.075602299,7.7462111,0,0,19.08
9806,217,6599,942,3vq5_MMJ_A_1007,5,autodock,0.5374689,0.075202075,7.1469946,0,0.00092434595,8.5600088
9807,217,1797,256,1nf0_13P_A_5001,5,autodock,0.51578822,0.074508181,6.9225707,0,0.00049370407,6.8635484
9808,217,9213,1316,4mgj_CPZ_A_502,1,unimol,0.58452809,0.073774767,7.9231429,0,0.98116181,19.88
9809,217,17368,2481,6v1e_5SW_A_301,1,unimol,0.86432497,0.073245865,11.800323,0,0.97313131,21.7
9810,217,3207,458,1zei_CRS_E_55,1,unimol,0.78358105,0.072636643,10.787682,0,0.99499985,15.48
9811,217,4184,597,2g8t_MI2_A_401,5,autodock,0.49893815,0.072070211,6.9229445,0,0,6.5011889
9812,217,5643,806,2xul_AKG_F_201,1,unimol,0.78305329,0.071581173,10.939374,0,0.89667176,15.71
9813,217,2673,381,1u1g_BBB_C_5300,6,smina,0.29066216,0.071113814,4.0872803,0,0,9.1355077
9814,217,5636,805,2xul_AKG_E_201,1,unimol,0.78725282,0.071040504,11.081745,0,0.9127243,20.89
9815,217,6067,866,3qhd_MSR_A_166,5,autodock,0.39345217,0.070390807,5.5895381,0,0,4.1980903
9816,217,13188,1884,5o3b_9HZ_D_501,0,surfdock,0.36819346,0.070237265,5.2421374,0,7.0236726e-05,4.4564101
9817,217,5629,804,2xul_AKG_C_201,1,unimol,0.7617248,0.070169165,10.855548,0,0.93619629,20.47
9818,217,12997,1856,5m5a_KSA_A_404,5,autodock,0.92478465,0.06985515,13.238603,0,0.99612388,737.60528
9819,217,12195,1742,5ha7_WY1_B_402,1,unimol,0.59299758,0.068875879,8.6096544,0,0.97731341,19.84
9820,217,6189,884,3ryd_SRT_A_271,1,unimol,0.59299473,0.068293577,8.6830225,0,0.4721969,18.22
9821,217,6840,977,3wsg_CIT_F_302,1,unimol,0.94829386,0.06804472,13.936332,0,0.82511065,27.07
9822,217,1730,247,1mrq_STR_A_501,1,unimol,0.81069774,0.066968353,12.105683,0,0.97981706,18.22
9823,217,14575,2082,5zi4_OAA_A_401,1,unimol,0.81301278,0.066605941,12.206309,0,0.96906793,15.75
9824,217,194,27,1c9c_PP3_A_413,5,autodock,0.71941779,0.066432378,10.829324,0,0.89965685,10.408721
9825,217,4541,648,2nry_STU_C_503,5,autodock,0.92649485,0.065668381,14.108689,0,0.99784655,228.20325
9826,217,12881,1840,5l7u_NGA_B_601,1,unimol,0.86384391,0.065638073,13.160713,0,0.97647665,26.81
9827,217,10436,1490,4yjs_4DN_A_701,6,smina,0.21774319,0.065587616,3.3198817,0,0,8.4233364
9828,217,4534,647,2nry_STU_A_504,5,autodock,0.92328137,0.065440615,14.108689,0,0.99245054,165.24031
9829,217,12839,1834,5kjz_PCG_A_401,1,unimol,0.79804623,0.065333939,12.214879,0,0,19.82
9830,217,4548,649,2nry_STU_D_501,5,autodock,0.91576689,0.065302282,14.023504,0,0.98331284,67.988005
9831,217,992,141,1hkn_N2M_D_5139,5,autodock,0.3454994,0.064979161,5.3170791,0,0,12.126383
9832,217,3781,540,2d0e_NQ_A_409,1,unimol,0.59499922,0.064315574,9.2512455,0,0.96322172,17.76
9833,217,17372,2481,6v1e_5SW_A_301,5,autodock,0.54766693,0.063988483,8.558835,0,0,10.489984
9834,217,6523,931,3vc3_C6P_E_501,6,smina,0.29824601,0.063866204,4.6698556,0,0.5682615,6.465399
9835,217,1366,195,1kar_HSM_B_503,1,unimol,0.59747707,0.063800604,9.3647547,0,0.97095689,19.41
9836,217,7494,1070,4cjs_L0Y_A_1217,4,gnina,0.35832227,0.06360174,5.6338429,0,0.000219282,7.9415662
9837,217,4866,695,2qab_EI1_A_1,1,unimol,0.87040121,0.063493003,13.708615,0,0.98420168,21.74
9838,217,614,87,1g8z_GAL_F_104,5,autodock,0.55793656,0.063324587,8.8107405,0,1.876181e-06,9.9832909
9839,217,1448,206,1knu_YPA_A_1001,6,smina,0.22589988,0.062890898,3.5919318,0,0,6.4550858
9840,217,9920,1417,4tqi_6BD_B_201,1,unimol,0.79823953,0.062584576,12.754572,0,0,24.76
9841,217,6501,928,3vc3_C6P_B_501,5,autodock,0.82246439,0.062509503,13.157429,0,0.60839348,39.966047
9842,218,16017,2288,6lj7_EFR_A_301,1,unimol,0.77510097,0.10119194,7.6597095,0,0.93139768,23.22
9843,218,17081,2440,6sz3_M1H_B_601,1,unimol,0.59563441,0.096449581,6.1756029,0,0.9731615,19.02
9844,218,13866,1980,5vut_9OG_B_803,6,smina,0.21713396,0.078363867,2.7708418,0,0,4.8411301
9845,218,5832,833,2z48_NGA_B_2003,1,unimol,0.99585112,0.076336297,13.045577,0,0.98603065,23.27
9846,218,11208,1601,5cpn_531_B_401,1,unimol,0.78687822,0.076095122,10.340717,0,0,21.68
9847,218,5297,756,2vez_G6P_A_202,5,autodock,0.31862217,0.075623844,4.2132492,0,0.00053927225,8.1923504
9848,218,11201,1600,5cpn_531_A_401,1,unimol,0.77263635,0.074717861,10.340717,0,0.95912631,24
9849,218,16175,2310,6n0z_DP6_C_401,5,autodock,0.85719042,0.074588159,11.492311,0,0.89760495,19.902866
9850,218,15629,2232,6i4b_ORO_B_602,5,autodock,0.35293751,0.074267943,4.7522178,0,0,7.2851071
9851,218,16168,2309,6n0z_DP6_B_401,5,autodock,0.85820991,0.074177808,11.569631,0,0.8387536,18.661901
9852,218,7026,1003,3zwt_ORO_A_1398,5,autodock,0.33812918,0.073115871,4.6245651,0,0,6.485607
9853,218,10099,1442,4uy7_HIS_B_800,5,autodock,0.66685068,0.072975314,9.1380301,0,0.68777183,36.772008
9854,218,3232,461,1zfj_IMP_A_500,5,autodock,0.53333588,0.071979952,7.4095049,0,0,11.249626
9855,218,12640,1805,5j61_A3G_F_501,5,autodock,0.987429,0.071089565,13.889928,0,0.9800483,34.949286
9856,218,12622,1803,5j61_A3G_D_501,1,unimol,1.0130969,0.069886544,14.496307,0,0.95496649,24.43
9857,218,9038,1291,4l7p_M95_A_601,1,unimol,0.81074337,0.069819153,11.612047,0,0,24.55
9858,218,7022,1003,3zwt_ORO_A_1398,1,unimol,0.61753206,0.068253653,9.0476036,0,0,21.65
9859,218,17085,2440,6sz3_M1H_B_601,5,autodock,0.35607056,0.068013073,5.2353244,0,0,3.3479908
9860,218,12654,1807,5j61_A3G_H_501,5,autodock,0.98628371,0.067777345,14.551819,0,0.97578423,21.825244
9861,218,4856,693,2q28_TPP_B_5001,5,autodock,0.94359955,0.067555017,13.967867,0,0.81038949,9.7508727
9862,218,3228,461,1zfj_IMP_A_500,1,unimol,0.85529258,0.067334209,12.702199,0,0,23.65
9863,218,652,93,1gim_HDA_A_438,1,unimol,0.68043297,0.067206852,10.124457,0,0.95115893,13.94
9864,218,5783,826,2z48_A2G_A_1005,1,unimol,0.85999313,0.067178584,12.801596,0,0.95606889,19.79
9865,218,2728,389,1ubs_SER_B_398,5,autodock,0.82423133,0.066963165,12.308726,0,0.86375274,21.181764
9866,218,4453,636,2j5b_TYE_B_1338,1,unimol,0.74737091,0.066739156,11.198386,0,0.95071983,18.52
9867,218,7830,1118,4d5e_TPP_A_1589,4,gnina,0.43638776,0.066718355,6.5407443,0,0.19108937,7.7714545
9868,218,12713,1816,5jj2_MLI_A_302,1,unimol,0.7762883,0.066609397,11.654335,0,0.86098166,22.18
9869,218,7708,1101,4cvb_PQQ_A_1608,1,unimol,0.71209492,0.066577981,10.695651,0,0,21.48
9870,218,15625,2232,6i4b_ORO_B_602,1,unimol,0.5954193,0.065974231,9.0250273,0,0,21.1
9871,218,12003,1714,5g44_YTZ_A_1512,5,autodock,0.52824211,0.065793118,8.0288343,0,0,7.0356821
9872,218,17498,2499,6x9d_HYP_B_2002,5,autodock,0.7868108,0.065785591,11.960229,0,0.99915074,35.597515
9873,218,3284,469,1zmt_RNO_B_1001,1,unimol,0.81588005,0.065315337,12.4914,0,0.96317512,20.22
9874,218,7036,1005,3zzm_JLN_A_1526,1,unimol,0.8679951,0.064658756,13.424246,0,0.95957127,20.05
9875,218,5825,832,2z48_NGA_B_2002,1,unimol,0.81227676,0.064255753,12.641307,0,0.94083218,17.95
9876,218,12626,1803,5j61_A3G_D_501,5,autodock,0.89762016,0.063875229,14.052711,0,0.98570453,27.381299
9877,218,6774,967,3wjz_NUP_A_301,5,autodock,0.76790354,0.063609443,12.072162,0,0.78048655,14.168453
9878,218,13784,1969,5uo5_M4R_B_803,1,unimol,1.0297362,0.063133512,16.310452,0,0.97997094,26.56
9879,218,1975,282,1okm_SAB_A_555,1,unimol,0.86990705,0.062449053,13.929867,0,0.98194388,21.29
9880,218,12608,1801,5j61_A3G_A_501,1,unimol,0.94648085,0.062394823,15.16922,0,0.98003429,21.38
9881,218,9308,1329,4mr8_2BW_A_507,5,autodock,0.390405,0.061917186,6.3052759,0,0.00050932403,9.5632575
9882,218,1769,252,1n3o_GYP_A_1001,5,autodock,0.5533352,0.061800837,8.9535217,0,0.0021027743,14.013203
9883,218,14629,2089,6a2m_9QR_B_701,6,smina,0.22035333,0.061694418,3.5716889,0,3.8643968e-10,9.4798681
9884,218,11901,1700,5fv3_OGA_A_1770,1,unimol,0.81924718,0.061408661,13.340905,0,0.98032821,23.36
9885,218,4222,603,2gnm_MAN_A_253,1,unimol,1.0266283,0.061261582,16.758108,0,0.95594477,19.4
9886,218,10988,1569,5av4_GEN_A_400,5,autodock,0.55564923,0.061209482,9.0778284,0,0,37.80512
9887,218,5727,818,2yjd_YJD_A_1498,1,unimol,0.81757308,0.061131026,13.374109,0,0.99626683,23.1
9888,218,5899,842,2zi2_24U_H_801,5,autodock,0.55967206,0.061101638,9.1596889,0,0,11.413152
9889,218,12647,1806,5j61_A3G_G_501,5,autodock,0.88837836,0.061049297,14.551819,0,0.96821125,32.96286
9890,218,14622,2088,6a2m_9QR_A_701,6,smina,0.21713396,0.060793061,3.5716889,0,4.6543124e-08,10.929546
9891,218,11996,1713,5g44_SWX_A_1511,5,autodock,0.35368595,0.060720326,5.8248353,0,1.2245725e-06,4.8215556
9892,219,14722,2103,6ayv_MLI_A_409,1,unimol,0.77222463,0.11212917,6.886919,0,0.96546027,23.28
9893,219,10659,1522,4zo7_GLC_A_806,5,autodock,0.93218029,0.085807016,10.863683,0,0.99505388,44.230495
9894,219,16500,2357,6pk1_3PY_A_502,1,unimol,0.81702647,0.079106081,10.328238,0,0.92494601,21.9
9895,219,14694,2099,6auq_BYJ_B_803,1,unimol,0.82218751,0.078385296,10.489052,0,0.98302471,22.27
9896,219,14663,2094,6a3j_SOE_A_402,5,autodock,0.98891928,0.075001728,13.185286,0,0.98076225,205.46213
9897,219,14369,2052,5yb7_ORN_B_603,5,autodock,0.85132568,0.073844771,11.528584,0,0.96255378,48.508208
9898,219,10949,1564,5agl_CCW_B_800,1,unimol,0.75008063,0.0728574,10.295187,0,0.95835841,24.93
9899,219,14376,2053,5yb7_ORN_C_603,5,autodock,0.85496293,0.072758976,11.750617,0,0.99188131,19.815281
9900,219,11786,1683,5fiu_Y3J_B_1299,5,autodock,0.99108667,0.071358223,13.888891,0,0.98630665,349.93311
9901,219,5892,841,2zgw_BTN_A_1401,5,autodock,0.55829631,0.069971862,7.978868,0,0,372.81544
9902,219,10638,1519,4zo7_BGC_A_801,5,autodock,0.55409596,0.068717805,8.0633526,0,3.6809133e-06,11.589945
9903,219,11793,1684,5fiu_Y3J_C_1299,5,autodock,0.92324133,0.067726591,13.631887,0,0.9834096,268.77505
9904,219,15028,2146,6e40_BBJ_A_502,6,smina,0.22182565,0.067631073,3.2799358,0,0,7.6197056
9905,219,12395,1770,5icf_SAU_A_402,5,autodock,0.40118493,0.066962777,5.9911623,0,0,21.991938
9906,219,16297,2328,6nhd_KNV_A_803,1,unimol,0.81743551,0.066680902,12.258914,0,0.98535107,33.27
9907,219,2987,426,1xc7_GL6_A_998,5,autodock,0.78600699,0.066451061,11.828358,0,0.81681138,21.624924
9908,219,16514,2359,6pmv_M16_B_803,1,unimol,0.8127548,0.066390819,12.241975,0,0.94180622,20.42
9909,219,6011,858,2zyv_NPO_X_1601,5,autodock,0.38666936,0.066206137,5.8403845,0,0,9.267974
9910,219,11789,1684,5fiu_Y3J_C_1299,1,unimol,1.0324946,0.065434059,15.779161,0,0,24.73
9911,219,9154,1307,4lxi_22J_A_301,5,autodock,0.74043613,0.065387971,11.323735,0,0,5.4142442
9912,219,12388,1769,5ice_2H4_A_402,5,autodock,0.49133814,0.064984157,7.5608902,0,0,23.490571
9913,219,9098,1299,4l91_X29_A_301,5,autodock,0.56439837,0.064786098,8.7117195,0,0,12.167655
9914,219,641,91,1gey_PPE_A_413,4,gnina,0.40050941,0.064464781,6.2128396,0,0.36071842,6.6106097
9915,219,4387,626,2isf_PAC_A_317,5,autodock,0.40403605,0.064098201,6.3033905,0,0.0012136637,5.3147204
9916,219,16526,2360,6pn9_OU7_A_803,6,smina,0.21802826,0.064017272,3.4057715,0,0,5.525155
9917,219,14330,2047,5yaq_ISE_B_402,1,unimol,0.80586191,0.063753323,12.640311,0,0,25.01
9918,219,15265,2180,6flu_DTK_A_401,5,autodock,0.74497682,0.063734878,11.688683,0,0.80692441,26.018126
9919,219,16283,2326,6ngu_KMJ_B_803,1,unimol,0.78361023,0.062533153,12.531116,0,0.97601027,21.58
9920,219,11684,1669,5f35_FLC_A_302,1,unimol,0.82391162,0.062385492,13.206781,0,0.89337888,15.93
9921,219,13455,1922,5tch_MLI_H_501,1,unimol,0.98662907,0.062080119,15.892834,0,0.66183885,30.39
9922,219,16343,2334,6nsu_DYA_A_402,5,autodock,0.39055479,0.061816347,6.3179846,0,0.012358516,11.0827
9923,219,2035,290,1p1w_AMQ_A_428,5,autodock,0.50707715,0.061440225,8.2531776,0,0,14.822605
9924,219,11037,1576,5bk9_SIN_A_301,5,autodock,0.49705091,0.061359553,8.1006269,0,0,7.2991306
9925,219,13742,1963,5unt_8J1_B_803,1,unimol,0.81154931,0.061133954,13.274935,0,0.97755988,27.38
9926,219,9724,1389,4qbz_D80_B_901,1,unimol,0.96212568,0.060540615,15.892234,0,0.9781326,28.07
9927,219,16448,2349,6ooi_PGA_B_301,5,autodock,0.56941577,0.060292944,9.4441519,0,0.56591291,8.5938781
9928,219,3721,531,2c6q_IMP_E_1337,4,gnina,0.44414843,0.060220346,7.3753872,0,0.90639228,10.39836
9929,219,10557,1508,4zb5_GLC_A_403,1,unimol,0.84026105,0.060024449,13.998646,0,0.034694196,21.35
9930,219,9742,1391,4qe1_RUU_A_403,5,autodock,0.44893272,0.059998979,7.4823384,0,0.00070058129,17.176787
9931,219,16469,2352,6ooi_PGA_E_301,5,autodock,0.5722503,0.059686527,9.587595,0,0.07219184,7.2225485
9932,219,16483,2354,6ooi_PGA_G_301,5,autodock,0.56166196,0.059471927,9.4441519,0,0.064093046,7.2098969
9933,219,9150,1307,4lxi_22J_A_301,1,unimol,0.9692513,0.059438192,16.306875,0,0,20.68
9934,219,4142,591,2fz8_ZST_A_600,5,autodock,0.55436036,0.05914913,9.3722477,0,0,21.108898
9935,219,3834,547,2dv0_ZST_A_600,5,autodock,0.54718883,0.059104198,9.2580357,0,0,26.714177
9936,219,974,139,1hdi_3PG_A_419,1,unimol,0.8027892,0.058970979,13.613292,0,0.95282995,14.87
9937,219,16533,2361,6pn9_OU7_B_803,6,smina,0.20234231,0.058907308,3.4349263,0,0,7.2436753
9938,219,1335,190,1jyx_IPT_C_2001,5,autodock,0.98822634,0.058847713,16.792942,0,0.97874859,16.357081
9939,219,4737,676,2pd5_ZST_A_600,5,autodock,0.5606694,0.058802355,9.534811,0,0,26.141354
9940,219,15769,2252,6jwy_PH2_A_802,5,autodock,0.50956792,0.058745473,8.6741638,0,0,13.916667
9941,219,2983,426,1xc7_GL6_A_998,1,unimol,0.99100977,0.058738455,16.871565,0,0.97966028,26.49
9942,220,3723,531,2c6q_IMP_E_1337,6,smina,0.48365151,0.11901491,4.0637884,0,0,3.3781443
9943,220,16288,2326,6ngu_KMJ_B_803,6,smina,0.28052409,0.086333249,3.249316,0,0,5.1315998
9944,220,4292,613,2hjp_PPR_A_291,1,unimol,0.59624025,0.071866197,8.2965317,0,0,23.59
9945,220,6670,952,3w7f_FPS_B_301,6,smina,0.21762716,0.071794291,3.0312591,0,0,6.0861301
9946,220,16395,2342,6ock_9KL_A_602,1,unimol,0.8320812,0.071356533,11.660896,0,0.98425859,16.77
9947,220,7279,1039,4b1f_KRH_B_1257,6,smina,0.21762157,0.068936443,3.1568427,0,0,9.8997133
9948,220,7272,1038,4b1f_KRH_A_1256,6,smina,0.21572754,0.068891357,3.1314156,0,0,9.9065797
9949,220,8457,1208,4hzf_CMP_A_302,1,unimol,0.84807353,0.068267895,12.422728,0,0.98035391,18.65
9950,220,16913,2416,6rgr_RM4_A_403,1,unimol,0.82369819,0.067689441,12.168783,0,0.96693027,20.13
9951,220,14222,2031,5xmq_PLG_B_501,5,autodock,0.98850885,0.065850413,15.011429,0,0.98070366,33.918652
9952,220,3631,518,2bsc_NAG_A_1176,5,autodock,0.39368397,0.065366269,6.022738,0,7.483704e-05,16.133757
9953,220,6200,885,3se2_3AB_C_4,5,autodock,0.5648327,0.065258074,8.6553679,0,0,12.135201
9954,220,8527,1218,4i0b_CMP_A_302,1,unimol,0.87274402,0.065047301,13.417067,0,0.97654145,21.22
9955,220,6663,951,3w7f_FPS_A_302,6,smina,0.21995334,0.06492745,3.3876777,0,0,6.452828
9956,220,1415,202,1ki2_GA2_B_2,1,unimol,0.82991543,0.064898434,12.78791,0,0,21.81
9957,220,7953,1136,4du7_DP6_A_401,1,unimol,0.9665035,0.064647864,14.950276,0,0.94204749,18.77
9958,220,8506,1215,4i02_CMP_D_302,1,unimol,0.86012019,0.064165229,13.40477,0,0.98902808,22.42
9959,220,3624,517,2bs8_NAG_A_1177,5,autodock,0.44331908,0.064138571,6.9118943,0,6.251768e-05,13.121041
9960,220,6207,886,3se2_3AB_D_3,5,autodock,0.54679149,0.063724631,8.5805349,0,0,10.946873
9961,220,11625,1660,5eso_ISC_A_602,5,autodock,0.74827824,0.063714608,11.744217,0,0.66531517,11.72294
9962,220,8499,1214,4i02_CMP_D_301,1,unimol,0.8682925,0.062521789,13.887837,0,0.99265204,24.53
9963,220,8485,1212,4i02_CMP_B_301,1,unimol,0.86867136,0.061997153,14.011471,0,0.99292378,19.74
9964,220,16281,2325,6ngu_KMJ_A_803,6,smina,0.2011286,0.061898734,3.249316,0,0,5.5630646
9965,220,4261,608,2gzm_DGL_A_501,5,autodock,0.93442911,0.061855711,15.106593,0,0.99319278,16.927612
9966,220,8534,1219,4i0b_CMP_B_301,1,unimol,0.85394787,0.061797148,13.818563,0,0.99509246,17.16
9967,220,6077,868,3qss_MTG_B_405,1,unimol,0.69142709,0.061584938,11.22721,0,0.97090356,20.07
9968,220,13480,1925,5tde_FLC_A_501,5,autodock,0.50253705,0.061243881,8.2055054,0,0.036585412,13.045023
9969,220,3071,438,1y2x_NAG_C_2144,5,autodock,0.77518506,0.061196174,12.667213,0,0.99443852,9.978876
9970,221,10382,1483,4xz9_G3P_B_302,1,unimol,0.79322205,0.10097171,7.8558831,0,0.94481558,20.26
9971,221,10225,1460,4ws6_WBU_A_301,5,autodock,0.3513885,0.081601783,4.3061366,0,0,6.614148
9972,221,2749,392,1uqx_MMA_A_1116,5,autodock,0.54496249,0.079810443,6.8282094,0,0.015507171,12.34706
9973,221,13609,1944,5u5z_7VP_A_302,1,unimol,0.58718666,0.079285736,7.4059548,0,0,25.11
9974,221,3792,541,2d0e_NQ_A_410,5,autodock,0.40002989,0.074538676,5.3667417,0,6.0710915e-06,5.3015771
9975,221,10540,1505,4za7_4LV_A_606,5,autodock,0.5469169,0.074498751,7.3412886,0,0,7.557244
9976,221,10393,1484,4xz9_G3P_C_302,5,autodock,0.41193866,0.073185986,5.628654,0,0.12967404,5.751799
9977,221,3785,540,2d0e_NQ_A_409,5,autodock,0.38779773,0.072259423,5.3667417,0,6.4423472e-07,4.0289735
9978,221,10221,1460,4ws6_WBU_A_301,1,unimol,0.5954762,0.069865653,8.52316,0,0.96191823,19.65
9979,221,8580,1225,4i4v_NGA_D_201,5,autodock,0.54440361,0.069410013,7.8432999,0,2.3976367e-07,11.773014
9980,221,4114,587,2fyd_BGC_B_403,5,autodock,0.57673943,0.068420865,8.4292908,0,0.45600832,17.777042
9981,221,10666,1523,4zqp_IMP_A_601,5,autodock,0.48738972,0.068286808,7.1373911,0,0,11.39918
9982,221,8573,1224,4i4v_NGA_B_202,5,autodock,0.494301,0.067390518,7.3348737,0,8.7807817e-06,14.351371
9983,221,3709,529,2c6q_IMP_C_1337,6,smina,0.22382436,0.065673774,3.408123,0,0,3.5072206
9984,221,14474,2067,5yfj_RUB_C_401,5,autodock,0.89560837,0.065359799,13.70274,0,0.84162842,29.638634
9985,221,8566,1223,4i4v_NGA_B_201,5,autodock,0.51009668,0.065307969,7.8106337,0,5.8854098e-10,12.129439
9986,221,14467,2066,5yfj_RUB_B_401,5,autodock,0.88360748,0.064483996,13.70274,0,0.77148208,28.453203
9987,221,3946,563,2evd_D10_A_304,5,autodock,0.39672911,0.063791023,6.2191987,0,0,8.9319259
9988,221,12101,1728,5gwt_SIN_C_301,5,autodock,0.50201469,0.063002392,7.9681835,0,0,6.9713284
9989,221,4121,588,2fyd_BGC_D_530,5,autodock,0.52708074,0.062940711,8.3742409,0,0.38386722,17.06504
9990,221,8846,1263,4jh6_FCN_A_202,5,autodock,0.47882568,0.061945066,7.7298427,0,0,11.276771
9991,221,8058,1151,4e9z_651_A_301,1,unimol,0.81266293,0.061557258,13.201739,0,0,16.04
9992,221,15583,2226,6hpx_GKQ_A_205,1,unimol,0.81366241,0.061467701,13.237234,0,0.98627814,18.72
9993,221,14460,2065,5yfj_RUB_A_401,5,autodock,0.82495199,0.061261524,13.466069,0,0.85975278,25.42548
9994,221,8587,1226,4i4v_NGA_D_202,5,autodock,0.49424,0.061203309,8.0753794,0,0.00053691905,9.4413436
9995,221,2206,315,1pzy_NAG_B_405,1,unimol,1.0400392,0.061151419,17.007603,0,0.96923682,22.14
9996,221,10536,1505,4za7_4LV_A_606,1,unimol,0.87078996,0.060607115,14.367784,0,0.85111147,20.99
9997,221,17064,2437,6sxr_KHP_A_507,5,autodock,0.54786985,0.060092439,9.1171169,0,0,11.653792
9998,221,10030,1432,4ug7_1EV_A_904,6,smina,0.22042037,0.059840945,3.6834364,0,1.1954215e-09,8.9770903
9999,221,1828,261,1nmm_NAG_D_527,1,unimol,1.0394791,0.059759797,17.394285,0,0.97198781,24.96
10000,221,11030,1575,5b4u_MLA_A_302,5,autodock,0.35169849,0.059483871,5.9125009,0,0.0010590099,6.5702063
10001,221,15224,2174,6fa1_D2Z_B_203,6,smina,0.21157068,0.058951433,3.588897,0,0,6.574502
10002,221,9910,1415,4tq4_DMA_D_403,5,autodock,0.61957303,0.058294657,10.628298,0,0.68146827,7.7520249
10003,221,11677,1668,5ezp_IPJ_G_202,1,unimol,0.82750621,0.058117861,14.238414,0,0.98536504,19.34
10004,221,11656,1665,5ezp_IPJ_A_201,1,unimol,0.82543194,0.057960906,14.241183,0,0.98455747,21.16
10005,221,2168,309,1pr0_NOS_C_1247,5,autodock,0.78803605,0.057464937,13.713336,0,0.99568188,13.866584
10006,221,8821,1260,4j7u_YTZ_D_802,1,unimol,0.82803511,0.057400332,14.425614,0,0.98712551,23.16
10007,221,4817,688,2pvy_ACP_D_802,1,unimol,0.79159179,0.057264206,13.8235,0,0.96954153,22.74
10008,221,1891,270,1nux_F6P_A_2339,1,unimol,0.83370129,0.056836151,14.668503,0,0.96440473,19.73
10009,221,9434,1347,4ni1_2JX_A_203,5,autodock,0.32694447,0.05674713,5.7614264,0,0.00014496389,6.9366217
10010,221,4117,588,2fyd_BGC_D_530,1,unimol,0.63365162,0.056643824,11.186596,0,0.98317917,23.21
10011,221,11534,1647,5eo7_SFU_B_403,5,autodock,0.68110827,0.056622391,12.028955,0,0.57034555,7.7526685
10012,221,8072,1153,4ea0_651_B_305,1,unimol,0.78792851,0.0564516,13.957593,0,0.99105793,26.33
10013,221,12937,1848,5lqs_NTM_A_302,1,unimol,0.60053128,0.056419634,10.644011,0,0.94638099,17.99
10014,221,1338,191,1k5s_GRO_B_601,1,unimol,0.77536215,0.056391421,13.749646,0,0.96654426,22.38
10015,221,17004,2429,6sds_L8N_A_302,1,unimol,0.84842314,0.056329451,15.061803,0,0.98793427,23.8
10016,221,8807,1258,4j7u_YTZ_A_802,1,unimol,0.81246875,0.056321255,14.425614,0,0.95988885,18.66
10017,221,8279,1182,4gnp_PEP_A_703,5,autodock,0.52322514,0.056278807,9.2970181,0,3.2526556e-07,6.7981856
10018,221,8814,1259,4j7u_YTZ_B_802,1,unimol,0.80810857,0.056019002,14.425614,0,0.89629386,17
10019,221,16458,2351,6ooi_PGA_D_301,1,unimol,0.97426779,0.055898616,17.429192,0,0.97571874,19.18
10020,222,10123,1446,4v36_LYN_A_1851,1,unimol,0.5982918,0.10077383,5.936975,0,1.1230582e-09,21.27
10021,222,10127,1446,4v36_LYN_A_1851,5,autodock,0.34578852,0.096130893,3.5970583,0,1.957567e-09,9.1383735
10022,222,14692,2098,6ald_2FP_B_700,6,smina,0.13864582,0.077242731,1.7949358,0,1.7238832e-05,4.0655429
10023,222,14685,2097,6ald_2FP_A_700,6,smina,0.13864569,0.077242658,1.7949358,0,0,4.4303482
10024,222,1860,265,1ns4_BGC_A_1400,5,autodock,0.94047074,0.076778507,12.24914,0,0.98342128,26.64295
10025,222,14208,2029,5xj7_87O_A_309,5,autodock,0.85626417,0.074555583,11.484909,0,0.95095894,16.333162
10026,222,5759,822,2z1z_MLT_A_433,5,autodock,0.33098633,0.070782788,4.676084,0,1.177544e-06,10.443557
10027,222,10533,1504,4z6p_DHY_C_403,5,autodock,0.94127971,0.070132093,13.421525,0,0.99694769,480.41062
10028,222,9889,1412,4s38_CDI_A_900,5,autodock,0.32101587,0.068835384,4.6635289,0,9.0593954e-05,11.141843
10029,222,16658,2379,6qaw_HVE_A_402,5,autodock,0.54526416,0.068411454,7.9703627,0,0,198.11931
10030,222,14902,2128,6cdy_EY1_B_501,6,smina,0.15601867,0.067397283,2.3149095,0,0,6.6124605
10031,222,12139,1734,5h24_LQG_A_501,1,unimol,0.80486054,0.067100668,11.994821,0,0.9911564,23.01
10032,222,8100,1157,4ek1_CAM_A_502,1,unimol,0.59761538,0.066735642,8.9549646,0,0.98567145,19.51
10033,222,10165,1452,4wdd_CIT_A_401,1,unimol,0.79194168,0.066303109,11.944261,0,0.92971153,27.3
10034,222,9031,1290,4l4d_CAM_A_503,1,unimol,0.59227196,0.066300713,8.933115,0,0.97883744,20.54
10035,222,5115,730,2r0g_7CK_A_1355,5,autodock,0.93163072,0.066226368,14.067368,0,0.98076691,193.36219
10036,222,10050,1435,4umd_CIT_A_1174,5,autodock,0.46381058,0.066061465,7.0208936,0,0.44515293,12.61807
10037,222,8107,1158,4ek1_CAM_B_502,1,unimol,0.5980193,0.066048604,9.0542297,0,0,17.54
10038,222,12146,1735,5h24_LQG_B_501,1,unimol,0.78357743,0.065958575,11.879841,0,0.99551025,17.1
10039,222,12076,1725,5gri_CIT_B_401,1,unimol,0.7765083,0.063949092,12.1426,0,0.55984175,16.51
10040,222,7155,1022,4ajj_88R_B_1333,1,unimol,1.042552,0.063641103,16.381739,0,0.97761899,24.7
10041,222,1044,149,1ia1_TQ3_B_196,1,unimol,0.77139741,0.063570055,12.134603,0,0.96735884,20.41
10042,222,3746,535,2ci0_1CM_A_1450,1,unimol,0.77139224,0.063197933,12.205972,0,0,19.31
10043,222,572,81,1g6n_CMP_B_622,5,autodock,0.54634465,0.062241046,8.7778826,0,0,739.43375
10044,222,13973,1996,5w7b_MYR_B_208,1,unimol,0.83161821,0.061604143,13.499387,0,0.7064787,30.36
10045,222,13791,1970,5urz_BOG_B_201,1,unimol,0.70863276,0.060779492,11.659076,0,0,22.59
10046,222,8065,1152,4ea0_651_A_306,1,unimol,0.77224425,0.060414372,12.782458,0,0.99071232,20.42
10047,222,17382,2483,6vlu_CIT_A_701,1,unimol,0.63926798,0.060045129,10.646458,0,0.5216739,29.97
10048,222,2252,321,1q4g_BFL_B_1701,5,autodock,0.56125635,0.059629146,9.4124489,0,0,30.961654
10049,222,2178,311,1pr6_XYA_C_1247,1,unimol,0.9405927,0.059537454,15.798335,0,0,24.27
10050,222,2245,320,1q4g_BFL_A_701,5,autodock,0.56022348,0.059519412,9.4124489,0,0,25.718598
10051,222,11159,1594,5cga_KP6_H_301,1,unimol,0.88426371,0.059239442,14.926941,0,0.98654367,23.84
10052,222,16399,2342,6ock_9KL_A_602,5,autodock,0.39217816,0.058988467,6.648386,0,0,7.9637994
10053,222,14909,2129,6cgc_F0A_A_402,6,smina,0.20969635,0.05841242,3.5899265,0,0,7.8151044
10054,222,9756,1393,4qxc_OGA_A_600,5,autodock,0.36494227,0.057916621,6.3011656,0,0.00046178909,32.334446
10055,222,17781,2540,7kjg_BTM_A_406,1,unimol,0.83076241,0.057179265,14.529084,0,0.97567133,25.93
10056,222,16766,2395,6qqs_JCZ_B_301,1,unimol,0.81048791,0.057173172,14.176017,0,0,16.37
10057,222,4628,661,2o1o_RIS_B_400,1,unimol,0.84661413,0.057022553,14.847004,0,0.97295504,22.69
10058,222,2959,422,1x29_PMG_B_1413,5,autodock,0.93384026,0.056873193,16.419689,0,0.88235829,66.470564
10059,222,14204,2029,5xj7_87O_A_309,1,unimol,1.0031231,0.056587743,17.72686,0,0,31.29
10060,222,17137,2448,6t5p_VD8_B_302,1,unimol,0.68153135,0.056422092,12.079157,0,0.97990153,18.91
10061,222,2829,404,1vl1_CIT_A_300,1,unimol,0.78222075,0.05634444,13.882837,0,0.9080658,23.37
10062,222,7102,1014,4a8p_PAO_C_1340,4,gnina,0.35244511,0.056247103,6.2660127,0,0.80080776,6.623323
10063,222,12335,1762,5i5t_67X_B_402,1,unimol,0.93775006,0.056216536,16.681034,0,0.98907564,19.68
10064,222,6791,970,3wlf_FEH_C_401,1,unimol,0.84223762,0.0558559,15.078757,0,0,19.77
10065,222,390,55,1e8g_FCR_B_601,5,autodock,0.3995407,0.055750564,7.1665759,0,0,4.1651597
10066,222,7503,1071,4cjs_L0Y_B_1217,6,smina,0.27231408,0.055724587,4.8867841,0,0,9.6768597
10067,222,9763,1394,4qxc_OGA_C_600,5,autodock,0.34597491,0.05499957,6.2905011,0,0.00059943517,26.007017
10068,222,11436,1633,5dz2_212_B_404,5,autodock,0.55606026,0.054960526,10.117447,0,0,12.990681
10069,222,4246,606,2gyv_HBP_B_545,4,gnina,0.39881345,0.054787348,7.2792974,0,0.35360649,7.0892713
10070,223,12731,1818,5jj2_MLI_A_305,5,autodock,0.34122759,0.091710946,3.7206845,0,1.1976892e-07,4.1506397
10071,223,11040,1577,5bkd_AKG_A_502,1,unimol,0.82586883,0.087822865,9.403801,0,0.98298466,19.57
10072,223,6536,933,3vca_PRO_A_504,5,autodock,0.38999459,0.087413406,4.4614954,0,0.48705669,4.2385516
10073,223,11047,1578,5bkd_AKG_B_502,1,unimol,0.81580502,0.086752681,9.403801,0,0.89527235,16.85
10074,223,12717,1816,5jj2_MLI_A_302,5,autodock,0.36638796,0.085052942,4.3077626,0,2.0313968e-05,4.5467329
10075,223,3001,428,1xid_ASC_A_389,5,autodock,0.37955041,0.079654364,4.764966,0,0.002789767,12.646072
10076,223,9903,1414,4tq4_DMA_C_403,5,autodock,0.58092877,0.078424562,7.4074841,0,0.73722447,8.8303268
10077,223,9001,1285,4kux_FPS_C_705,6,smina,0.22848041,0.07838341,2.9149067,0,0,6.4656543
10078,223,12529,1789,5ivg_FPS_B_704,6,smina,0.21825326,0.077224432,2.8262193,0,0,7.3045754
10079,223,12543,1791,5ivg_FPS_D_704,6,smina,0.21818743,0.076649971,2.8465419,0,0,6.2550744
10080,223,12066,1723,5goo_FRU_B_501,5,autodock,0.76110186,0.075350996,10.100753,0,0.96095557,57.137154
10081,223,1664,237,1m3u_KPL_G_265,5,autodock,0.74846279,0.073928894,10.124089,0,0.62243271,11.49152
10082,223,1657,236,1m3u_KPL_F_265,5,autodock,0.74837266,0.073919991,10.124089,0,0.59134484,14.875752
10083,223,11992,1713,5g44_SWX_A_1511,1,unimol,0.58876544,0.072486351,8.1224308,0,0.95621643,25.99
10084,223,15328,2189,6flu_DTK_B_405,5,autodock,0.6121605,0.071552337,8.5554218,0,0.54520203,27.438344
10085,223,13798,1971,5ut1_7DZ_A_905,1,unimol,0.59573005,0.071101795,8.3785505,0,0,20.27
10086,223,10298,1471,4x3j_3WR_A_1201,1,unimol,0.88207188,0.070589442,12.495804,0,0.97209732,25.44
10087,223,9584,1369,4p7q_NAG_A_703,1,unimol,0.78615129,0.070567709,11.140382,0,0,19.32
10088,223,10547,1506,4zb2_FRU_A_404,5,autodock,0.34358949,0.070116312,4.9002781,0,3.665518e-08,11.017922
10089,223,481,68,1fp2_HMO_A_2000,5,autodock,0.37555219,0.067778547,5.5408702,0,0,18.998797
10090,223,11163,1594,5cga_KP6_H_301,5,autodock,0.56206494,0.067033388,8.3848495,0,0,5.0504191
10091,223,11149,1592,5cga_KP6_C_301,5,autodock,0.56085264,0.066888806,8.3848495,0,0,5.0897419
10092,223,11915,1702,5fwe_OGA_A_1358,1,unimol,0.84325553,0.066818764,12.62004,0,0.90992515,22.08
10093,223,15083,2154,6ezf_C6Z_A_1003,5,autodock,0.49379731,0.066668578,7.4067464,0,0,6.6283019
10094,223,12461,1780,5ioq_DUR_B_303,1,unimol,0.81460881,0.06647284,12.254761,0,0,15.86
10095,223,1786,255,1ne4_RP1_A_401,1,unimol,0.87955753,0.066225166,13.281318,0,0.97117567,19.02
10096,223,1863,266,1ns4_BGC_B_2400,1,unimol,0.78603379,0.065310304,12.035371,0,0.77234344,21.85
10097,223,3361,480,1zuw_DGL_C_3301,1,unimol,0.79759406,0.06503332,12.26439,0,0.98853667,24.92
10098,223,8877,1268,4jxh_HRC_A_301,1,unimol,0.83546427,0.06498302,12.856654,0,0,23.48
10099,223,1856,265,1ns4_BGC_A_1400,1,unimol,0.78323084,0.064677839,12.109724,0,0,19.58
10100,223,11156,1593,5cga_KP6_E_301,5,autodock,0.53863261,0.064238785,8.3848495,0,0,7.837559
10101,223,10681,1525,4zsy_RW2_B_502,6,smina,0.21818743,0.063116571,3.4568951,0,0.99031391,8.3306331
10102,223,14869,2124,6c1i_KNA_A_502,1,unimol,0.59577532,0.063071035,9.4460993,0,0.98234471,17.03
10103,223,10695,1527,4zsy_RW2_D_502,6,smina,0.21818743,0.063003528,3.4630976,0,1.3975031e-05,7.7945001
10104,223,8874,1267,4jwx_1N4_A_301,5,autodock,0.55180694,0.062985679,8.7608309,0,0,90.984802
10105,223,1146,163,1ixo_G3P_A_1001,5,autodock,0.32865515,0.062959011,5.2201438,0,0.2001684,7.1187632
10106,223,1835,262,1nmz_NYM_A_301,1,unimol,0.80437475,0.062938221,12.780385,0,0,18.36
10107,223,1671,238,1m3u_KPL_I_265,5,autodock,0.63331146,0.062554901,10.124089,0,0.38922512,8.9092804
10108,223,17102,2443,6t02_M5E_A_601,1,unimol,0.59435281,0.062263601,9.5457497,0,0,20.8
10109,223,4257,608,2gzm_DGL_A_501,1,unimol,1.0431563,0.062003255,16.824217,0,0.98553003,23.13
10110,223,3354,479,1zuw_DGL_B_2301,1,unimol,0.79356192,0.0619201,12.815901,0,0.98594309,18.07
10111,223,15471,2210,6h8p_OGA_A_504,1,unimol,0.77168636,0.061541484,12.539287,0,0.91901503,19.78
10112,223,7832,1118,4d5e_TPP_A_1589,6,smina,0.21415458,0.061329639,3.4918602,0,0,6.3808969
10113,223,2707,386,1u6r_IOM_B_1601,5,autodock,0.38233016,0.061229808,6.2441826,0,0,4.5281375
10114,223,14873,2124,6c1i_KNA_A_502,5,autodock,0.34354082,0.061191368,5.614203,0,4.1911544e-07,7.0019367
10115,223,12090,1727,5gwt_SIN_A_302,1,unimol,0.83139969,0.060936626,13.643677,0,0.21048408,23.43
10116,223,537,76,1fuy_FIP_A_269,5,autodock,0.48785751,0.060391307,8.0782728,0,0,22.583587
10117,223,15335,2190,6flu_DTK_B_406,5,autodock,0.51025909,0.06028429,8.4642124,0,0.52009402,19.294426
10118,223,1541,220,1ldo_SNR_B_350,1,unimol,0.8288186,0.060177341,13.772934,0,0.97356556,21.92
10119,223,15707,2243,6jk9_BU0_A_501,6,smina,0.21819107,0.059767501,3.6506631,0,0,6.5124496
10120,224,11334,1619,5dmm_HCS_A_505,1,unimol,0.65765587,0.091062814,7.2220016,0,0.48373169,21.48
10121,224,4052,578,2fhk_MFN_B_602,6,smina,0.27873445,0.07225488,3.8576548,0,0,15.490016
10122,224,2017,288,1owz_4FA_A_409,1,unimol,0.85668498,0.069064198,12.404182,0,0.97461893,15.04
10123,224,9938,1419,4tsk_TLA_A_404,5,autodock,0.34256408,0.067281181,5.0915279,0,0.007003036,8.8988998
10124,224,949,135,1h82_GZZ_A_590,4,gnina,0.40565182,0.066328255,6.1158214,0,0,11.531127
10125,224,5149,735,2r5e_QLP_B_430,4,gnina,0.40565182,0.066190675,6.1285334,0,0,8.7995841
10126,224,1580,225,1lro_PEP_A_1268,5,autodock,0.39942066,0.065060053,6.1392603,0,0.036958221,6.0600208
10127,224,3638,519,2bx7_34D_B_1313,5,autodock,0.37467206,0.064887852,5.774147,0,0.013439892,10.331729
10128,224,16388,2341,6ock_9KL_A_601,1,unimol,0.77411161,0.064879269,11.93157,0,0.98199323,24.7
10129,224,1387,198,1kdo_C_A_5407,1,unimol,0.87933407,0.064172922,13.702571,0,0.97707829,18.57
10130,224,15996,2285,6l8a_BAL_E_503,1,unimol,0.63731196,0.063640279,10.014285,0,0.86044633,24.64
10131,224,11919,1702,5fwe_OGA_A_1358,5,autodock,0.48626392,0.060229433,8.0735254,0,0.00033863201,9.0643805
10132,224,1394,199,1kdo_C_B_6407,1,unimol,0.82064881,0.059813545,13.720116,0,0.96558044,18.16
10133,224,7727,1103,4cx6_Q16_B_800,6,smina,0.21847374,0.059432479,3.6759982,0,7.5478345e-09,8.1845856
10134,224,7239,1034,4al9_GLA_G_1123,1,unimol,0.88270754,0.057974182,15.225872,0,0.96471079,21.49
10135,224,8903,1271,4k5g_Q13_A_803,6,smina,0.21745624,0.057794249,3.7625921,0,1.2075471e-12,6.8065
10136,224,586,83,1g72_PQQ_C_703,5,autodock,0.92199654,0.057660252,15.990157,0,0.99231392,2670.6913
10137,224,7218,1031,4al9_GLA_C_1123,1,unimol,0.87685597,0.057589865,15.225872,0,0.97494753,20.87
10138,224,15677,2239,6jc7_F0G_B_601,4,gnina,0.40565183,0.057423675,7.0641904,0,1.1831009e-05,8.4030035
10139,224,8910,1272,4k5g_Q13_B_803,6,smina,0.21025115,0.057104096,3.6818917,0,3.7728674e-11,7.654994
10140,224,14579,2082,5zi4_OAA_A_401,5,autodock,0.38282754,0.056514739,6.7739406,0,1.4321799e-05,4.9240039
10141,224,11243,1606,5d8u_0N8_A_203,1,unimol,0.81365925,0.056431758,14.418463,0,0.98452081,22.28
10142,224,13777,1968,5uo5_M4R_A_803,1,unimol,0.94014522,0.055994625,16.789917,0,0.98605174,26.67
10143,224,9990,1427,4uc9_ASP_C_1300,1,unimol,0.83809692,0.055544458,15.088758,0,0,23.04
10144,224,2770,395,1uxi_FUM_B_1311,5,autodock,0.3722602,0.055175009,6.7468977,0,0,6.7787104
10145,224,3246,463,1zha_PEP_A_1268,5,autodock,0.38676115,0.055080902,7.0216913,0,0.0037237175,7.4526936
10146,224,1156,165,1ixo_G3P_D_1004,1,unimol,0.60366884,0.054903109,10.995166,0,0,22.65
10147,224,10456,1493,4ysx_MLI_E_701,5,autodock,0.57027306,0.054887986,10.38976,0,0.11557525,6.5652142
10148,225,6620,945,3vv5_SLZ_A_300,5,autodock,0.7948305,0.080582676,9.8635397,0,0.9933091,53.203013
10149,225,16437,2348,6ooi_PGA_A_301,1,unimol,0.9731227,0.080293471,12.119574,0,0.95526312,25.16
10150,225,16472,2353,6ooi_PGA_F_301,1,unimol,0.95908406,0.080153975,11.96552,0,0.94178934,22.08
10151,225,16486,2355,6ooi_PGA_H_302,1,unimol,0.9120195,0.076220626,11.96552,0,0.95599085,25.17
10152,225,3466,495,2ai1_P1G_A_293,1,unimol,0.86300811,0.073240915,11.783141,0,0,21.02
10153,225,6798,971,3wqs_KBK_B_503,1,unimol,0.87947837,0.071786837,12.251247,0,0.89480911,24.57
10154,225,16465,2352,6ooi_PGA_E_301,1,unimol,0.87180007,0.071474902,12.197289,0,0.91870723,25.78
10155,225,9710,1387,4q40_VAL_D_403,1,unimol,0.81849235,0.070659246,11.583654,0,0.99115117,22.73
10156,225,11177,1596,5ci9_549_A_402,5,autodock,0.37405544,0.068581441,5.4541779,0,0,5.08176
10157,225,9017,1288,4l1x_STR_A_402,1,unimol,0.82109007,0.068256516,12.029474,0,0.9838654,24.39
10158,225,729,104,1h0v_UN4_A_1299,1,unimol,0.69091693,0.06741072,10.249362,0,0.93373407,17.8
10159,225,17247,2463,6tol_NQW_A_201,6,smina,0.21848774,0.0672204,3.2503181,0,0,8.0260068
10160,225,9374,1339,4n6w_FLC_A_203,1,unimol,0.80295951,0.065935953,12.17787,0,0.98522969,19.28
10161,225,8679,1239,4i9n_1E5_H_402,6,smina,0.14532777,0.063549582,2.2868397,0,0,3.1369938
10162,225,5286,755,2v7o_DRN_A_1303,1,unimol,0.80514076,0.063535921,12.672213,0,0.90259409,21.17
10163,225,565,80,1g4s_TPS_B_2002,5,autodock,0.85466985,0.063066294,13.551927,0,0.98878813,13.352413
10164,225,6724,960,3wca_FPS_B_401,4,gnina,0.37379695,0.062971155,5.9360018,0,0.040585563,8.19618
10165,225,10767,1538,4zvz_4TF_B_503,1,unimol,0.91850056,0.062574905,14.678416,0,0.81991149,19.07
10166,225,12941,1848,5lqs_NTM_A_302,5,autodock,0.36240103,0.062480669,5.8002095,0,0,46.421507
10167,225,14008,2001,5wgk_AGJ_A_816,1,unimol,0.82651117,0.06231691,13.263031,0,0.96967884,18.35
10168,225,8951,1278,4kp7_1UQ_B_502,5,autodock,0.54364921,0.062152785,8.7469797,0,0,15.507129
10169,225,1272,181,1jhv_PCR_A_990,5,autodock,0.38239803,0.062033977,6.164331,0,0,3.5616186
10170,225,4422,631,2izf_BTN_D_301,5,autodock,0.54865138,0.061725198,8.8886118,0,0,7.1155811
10171,225,16451,2350,6ooi_PGA_C_302,1,unimol,0.73832298,0.061704207,11.96552,0,0.96086329,23.12
10172,225,4415,630,2izf_BTN_B_300,5,autodock,0.54834018,0.061690187,8.8886118,0,0,5.5203003
10173,225,6717,959,3wca_FPS_A_501,4,gnina,0.37870373,0.061530396,6.1547413,0,0.017159375,8.0192229
10174,225,5426,775,2wch_B7M_A_1145,1,unimol,0.59202424,0.061528173,9.6220016,0,0.98608675,21.51
10175,225,11457,1636,5e4o_L57_A_201,5,autodock,0.49794496,0.061228895,8.132515,0,0,6.65007
10176,225,4338,619,2i6p_4NP_A_401,5,autodock,0.36904865,0.060505158,6.0994568,0,0,5.0073457
10177,225,12020,1717,5g4r_LF1_C_1739,1,unimol,0.89196798,0.060301779,14.791735,0,0.20596405,21.31
10178,225,15371,2195,6fs7_E4Z_E_903,6,smina,0.21840491,0.060255011,3.6246753,0,0,4.3392074
10179,225,11464,1637,5e4o_L57_B_201,5,autodock,0.47606328,0.060195421,7.9086285,0,0,6.8410491
10180,225,10851,1550,5a7p_6Z1_B_1361,1,unimol,0.82349816,0.059039533,13.948249,0,0,19.68
10181,225,11170,1595,5ci9_549_A_401,5,autodock,0.31572255,0.058877259,5.3623843,0,0,5.664206
10182,225,13644,1949,5uap_82S_A_505,1,unimol,0.5919714,0.05880709,10.066326,0,0.95570769,16.21
10183,225,16479,2354,6ooi_PGA_G_301,1,unimol,0.69406797,0.058005663,11.96552,0,0.96724684,24.33
10184,225,12727,1818,5jj2_MLI_A_305,1,unimol,0.5884782,0.057962569,10.152727,0,0.2272155,20.62
10185,225,4943,706,2qd4_CHD_A_802,1,unimol,0.76160833,0.057440652,13.259047,0,0.97158938,40.13
10186,225,5787,826,2z48_A2G_A_1005,5,autodock,0.53558492,0.057298557,9.3472662,0,3.9640961e-07,10.494903
10187,225,10844,1549,5a7p_6Z1_A_1361,1,unimol,0.79540491,0.057265275,13.889829,0,0.91689295,23.36
10188,225,17015,2430,6si4_LEK_A_402,5,autodock,0.55052828,0.056815805,9.689702,0,0,13.990973
10189,225,10774,1539,4zvz_4TF_C_503,1,unimol,0.83091275,0.05660779,14.678416,0,0.82818961,22.78
10190,225,1979,282,1okm_SAB_A_555,5,autodock,0.55181754,0.056517171,9.7637138,0,0,12.791217
10191,225,12569,1795,5j5i_6GM_E_302,4,gnina,0.45851104,0.056496857,8.1156902,0,0.95712634,10.743257
10192,225,15364,2194,6fs7_E4Z_D_903,6,smina,0.2051653,0.05634626,3.6411512,0,0,5.0413044
10193,225,17725,2532,7c7g_FJR_A_402,1,unimol,0.82271529,0.056239529,14.628772,0,0,16.53
10194,225,1195,170,1j0y_BGC_D_4601,5,autodock,0.94449791,0.055890902,16.898954,0,0.9954937,21.26445
10195,225,16098,2299,6m9b_BTN_C_201,5,autodock,0.55787782,0.055875898,9.9842291,0,0,32.104459
10196,225,16084,2297,6m9b_BTN_A_201,5,autodock,0.55780254,0.055868359,9.9842291,0,0,26.925682
10197,225,8289,1184,4gt9_UMP_A_302,1,unimol,0.65964833,0.055840703,11.813037,0,0,19.49
10198,226,12571,1795,5j5i_6GM_E_302,6,smina,0.5899539,0.080598159,7.3196936,0,0,9.642855
10199,226,11912,1701,5fwd_GJV_A_1446,5,autodock,0.92137768,0.078343581,11.760729,0,0.97039775,155.87048
10200,226,6462,923,3v7u_MTA_A_302,1,unimol,0.81805973,0.074795728,10.937251,0,0.94818033,23.24
10201,226,16507,2358,6pk1_PLP_B_501,1,unimol,0.8831311,0.069780968,12.655758,0,0.93665424,16.86
10202,226,14414,2059,5ybp_AKG_A_302,1,unimol,0.89430114,0.065045596,13.748834,0,0.39162652,21.12
10203,226,1783,254,1n5i_TMP_A_217,5,autodock,0.48275313,0.060199882,8.0191698,0,0,18.960956
10204,226,12986,1855,5m0t_AKG_B_302,1,unimol,0.82153716,0.059842815,13.72825,0,0.92740159,22.23
10205,226,12979,1854,5m0t_AKG_A_302,1,unimol,0.82174664,0.058913388,13.948384,0,0.97201306,20.65
10206,226,14442,2063,5ybq_AKG_A_302,1,unimol,0.82245081,0.058878666,13.96857,0,0.4460164,17.86
10207,226,4632,661,2o1o_RIS_B_400,5,autodock,0.51652502,0.058866311,8.7745428,0,0,9.4677864
10208,226,1191,170,1j0y_BGC_D_4601,1,unimol,1.0480771,0.058658572,17.867414,0,0.9816682,24.6
10209,226,14400,2057,5ybl_AKG_C_302,1,unimol,0.91600145,0.058099703,15.766026,0,0.82885764,22.7
10210,226,6886,983,3wur_O4B_B_202,5,autodock,0.41567615,0.057981835,7.1690745,0,0,3.577292
10211,226,1177,168,1j0y_BGC_B_2601,1,unimol,1.026685,0.057777904,17.769506,0,0.98244992,24.28
10212,226,14258,2036,5xvt_8FL_A_709,6,smina,0.2052003,0.057657813,3.5589321,0,0,8.5922428
10213,226,13805,1972,5v31_ARG_A_401,1,unimol,0.59296991,0.057583547,10.297557,0,0,17.13
10214,226,3921,560,2ef9_PEP_B_2268,1,unimol,0.74174027,0.056480254,13.132735,0,0.96732874,17.49
10215,226,17336,2476,6uqd_QF4_B_501,4,gnina,0.37693571,0.056357399,6.6883082,0,1.4150074e-07,11.217717
10216,226,2577,368,1tl2_NDG_A_240,1,unimol,0.93329452,0.056121726,16.629824,0,0.95031599,17.39
10217,226,13196,1885,5o3d_9J5_A_501,1,unimol,0.87647726,0.055676475,15.742326,0,0,19.79
10218,226,6865,980,3wur_O4B_A_201,5,autodock,0.32020153,0.054728356,5.8507419,0,0,1.7024067
10219,226,17386,2483,6vlu_CIT_A_701,5,autodock,0.31005411,0.054418613,5.6975737,0,1.2736722e-05,9.8296055
10220,226,6455,922,3v7u_MTA_A_301,1,unimol,0.61447599,0.053927886,11.394401,0,0.71963435,25.8
10221,226,15422,2203,6gck_EUB_D_302,1,unimol,0.82131274,0.053324822,15.402071,0,0.99049962,26.89
10222,226,15415,2202,6gck_EUB_C_302,1,unimol,0.81993518,0.053278367,15.389645,0,0.98488417,20.19
10223,226,3613,516,2bs3_CIT_D_1657,1,unimol,0.82201978,0.053192037,15.453812,0,0.97435028,24.97
10224,226,11142,1591,5cga_KP6_B_301,5,autodock,0.4575872,0.053136831,8.6114874,0,0,5.1266785
10225,226,3879,554,2eb5_OXL_B_2002,1,unimol,0.81142772,0.052601803,15.425853,0,0.96461801,18.51
10226,226,3652,521,2bxh_IOS_B_1002,5,autodock,0.33517528,0.05252305,6.3814883,0,2.0752459e-07,6.1924863
10227,226,3872,553,2eb5_OXL_A_2001,1,unimol,0.81593486,0.052267406,15.610777,0,0.839325,26.19
10228,226,1184,169,1j0y_BGC_C_3601,1,unimol,0.92903906,0.051996273,17.867414,0,0.97767278,21.37
10229,226,1170,167,1j0y_BGC_A_1601,1,unimol,0.92367235,0.05169591,17.867414,0,0.97425925,22.46
10230,226,6921,988,3wxo_NIZ_A_804,5,autodock,0.31252383,0.051514443,6.0667214,0,0,3.9748998
10231,226,9892,1413,4tq4_DMA_B_403,1,unimol,0.75271322,0.051444468,14.631567,0,0.91673464,17.41
10232,226,12576,1796,5j5i_6GM_F_302,4,gnina,0.45763644,0.051242029,8.9308796,0,1.1065327e-06,10.931289
10233,226,16511,2358,6pk1_PLP_B_501,5,autodock,0.52677421,0.051220851,10.284369,0,0.010563591,8.240791
10234,226,11908,1701,5fwd_GJV_A_1446,1,unimol,1.0378515,0.050875869,20.399679,0,0.98077474,16.32
10235,226,15100,2157,6f2b_AKG_C_402,1,unimol,0.86688281,0.050836483,17.052374,0,0.8351685,20.08
10236,226,12562,1794,5j5i_6GM_A_303,4,gnina,0.45763644,0.050501975,9.0617523,0,0.994948,10.237436
10237,226,12604,1800,5j5i_6GM_I_303,4,gnina,0.45763644,0.050501975,9.0617523,0,7.1498723e-10,13.90196
10238,226,13880,1982,5vuu_9OJ_B_803,6,smina,0.20658675,0.050470977,4.0931783,0,4.1056667e-09,4.6223086
10239,226,3893,556,2eb5_OXL_E_2005,1,unimol,0.80727889,0.050346335,16.03451,0,0.97439962,22.25
10240,226,14421,2060,5ybp_AKG_B_302,1,unimol,0.71437997,0.050139481,14.247852,0,0.78793953,16.01
10241,226,6914,987,3wxo_NIZ_A_802,5,autodock,0.36621361,0.050071163,7.3138618,0,0,6.3307768
10242,226,14404,2057,5ybl_AKG_C_302,5,autodock,0.61507986,0.050053544,12.288437,0,0.59756646,6.9596952
10243,226,7068,1009,4a3u_NCA_B_1359,5,autodock,0.35751862,0.049391801,7.2384195,0,0,3.6576491
10244,226,13452,1921,5tch_MLI_G_301,5,autodock,0.59304421,0.049382914,12.009096,0,0.61518691,5.9550663
10245,226,4411,630,2izf_BTN_B_300,1,unimol,0.86515041,0.049182699,17.590542,0,0.28789159,21.21
10246,226,4206,600,2giq_NN2_A_1001,6,smina,0.22652429,0.049180512,4.6059756,0,0,4.5226841
10247,226,4418,631,2izf_BTN_D_301,1,unimol,0.86493456,0.049170428,17.590542,0,0.96010645,23.1
10248,227,8725,1246,4ioq_BAQ_A_201,3,diffdock_l,0.11523905,0.089932479,1.2813942,0,0.9878123,5.9908009
10249,227,432,61,1eyw_PEL_A_404,5,autodock,0.37093725,0.081230002,4.5665045,0,0,5.807417
10250,227,13697,1956,5uio_8DM_D_202,5,autodock,0.52804472,0.081205862,6.5025434,0,0,9.1024933
10251,227,10414,1487,4y14_C0A_A_407,5,autodock,0.93247952,0.07765779,12.007545,0,0.97565494,12.861954
10252,227,12564,1794,5j5i_6GM_A_303,6,smina,0.61217862,0.073844751,8.2900753,0,0,6.9479858
10253,227,17193,2456,6tgi_N8Z_B_508,1,unimol,0.83532885,0.070998666,11.765415,0,0,17.74
10254,227,17186,2455,6tgi_N8Z_A_508,1,unimol,0.83413816,0.070188402,11.884273,0,0,20.78
10255,227,4471,638,2jfv_FLC_A_1271,5,autodock,0.35689733,0.069493348,5.135704,0,0.020208052,12.627713
10256,227,10421,1488,4y14_C0A_B_404,5,autodock,0.83554457,0.069382584,12.042568,0,0.83166408,13.922411
10257,227,2549,364,1tkj_MED_A_913,1,unimol,0.77470275,0.067469268,11.482305,0,0,18
10258,227,11520,1645,5eo7_SFU_A_403,5,autodock,0.61676163,0.065625752,9.3981638,0,0.58348336,9.3171664
10259,227,10410,1487,4y14_C0A_A_407,1,unimol,1.0420011,0.064328309,16.198172,0,0.98888046,26.78
10260,227,17694,2527,7bp1_CAQ_C_401,5,autodock,0.58759896,0.063655884,9.2308655,0,0.18936116,137.49029
10261,227,1030,147,1i8a_BGC_A_189,1,unimol,0.60678871,0.063493231,9.5567455,0,0.89975852,19.59
10262,227,6753,964,3wgc_PLG_A_401,5,autodock,0.97435267,0.063120684,15.436344,0,0.94286023,8.9690447
10263,227,10417,1488,4y14_C0A_B_404,1,unimol,1.0260718,0.063057319,16.272047,0,0.98843218,20.54
10264,227,17088,2441,6szl_M3E_B_604,1,unimol,0.73853183,0.06261843,11.79416,0,0.97528887,14.74
10265,227,15016,2145,6e2w_DP6_A_403,1,unimol,0.88562627,0.06235425,14.203141,0,0.9524336,18.31
10266,227,7169,1024,4ajj_88S_A_1332,1,unimol,0.87369604,0.062259131,14.033218,0,0.9830246,21.34
10267,227,11527,1646,5eo7_SFU_B_401,5,autodock,0.59329922,0.061337245,9.672739,0,0.43420721,7.8751904
10268,227,7183,1026,4ajj_88S_C_1334,1,unimol,0.83533901,0.0601739,13.882081,0,0.98744677,23.96
10269,227,16745,2392,6qot_6SD_A_301,1,unimol,0.89227669,0.060132926,14.838404,0,0.99076658,21.1
10270,227,7176,1025,4ajj_88S_B_1332,1,unimol,0.83258915,0.059975813,13.882081,0,0.98505575,23.8
10271,227,7190,1027,4ajj_88S_D_1332,1,unimol,0.82475881,0.059411752,13.882081,0,0.97852735,21.27
10272,227,7691,1098,4cno_9PY_C_301,5,autodock,0.6132301,0.059399901,10.323755,0,0.43582655,16.358086
10273,227,16826,2403,6r6i_H50_B_201,5,autodock,0.36475773,0.059374677,6.1433206,0,0,8.1289966
10274,227,15741,2248,6jme_ORO_A_402,5,autodock,0.35905103,0.059181013,6.0669961,0,0,7.490399
10275,227,15104,2157,6f2b_AKG_C_402,5,autodock,0.57416221,0.059081384,9.7181568,0,0.62486499,9.6680286
10276,227,2073,296,1p7l_PPK_C_684,1,unimol,0.83601603,0.058931029,14.186346,0,0,23.33
10277,227,15503,2214,6hl9_SIN_A_402,5,autodock,0.36204349,0.058407473,6.1985807,0,0,5.4448169
10278,227,6991,998,3zp7_PRE_A_1118,5,autodock,0.50966925,0.05840087,8.7270823,0,0,15.217807
10279,227,8307,1186,4h4c_10D_A_402,5,autodock,0.46838811,0.058302041,8.0338192,0,0,14.325397
10280,227,16007,2286,6lit_2OH_A_501,5,autodock,0.53671749,0.057236066,9.3772593,0,0,358.22857
10281,227,11096,1585,5c8w_PCG_A_302,1,unimol,0.89325578,0.05680652,15.724528,0,0,21.81
10282,227,15482,2211,6hgl_TES_A_401,5,autodock,0.48073653,0.055923383,8.5963411,0,0,32.216441
10283,227,4845,692,2q28_TPP_A_4001,1,unimol,0.91927643,0.055522837,16.556725,0,0.97597414,22.55
10284,227,2619,374,1tsd_UMP_B_265,1,unimol,0.88619245,0.055201628,16.053736,0,0,22.98
10285,227,2864,409,1w1a_NDG_2_1261,1,unimol,0.79058914,0.054995736,14.375462,0,0.90850903,17.98
10286,227,5559,794,2xh0_PEP_A_1440,1,unimol,0.80863628,0.054944482,14.717333,0,0.92730214,18.99
10287,227,2612,373,1tsd_UMP_A_267,1,unimol,0.8792589,0.05480789,16.042559,0,0,19.24
10288,227,13693,1956,5uio_8DM_D_202,1,unimol,0.71845247,0.054571804,13.165268,0,0.97178992,17.03
10289,227,16274,2324,6ngp_KKY_A_803,6,smina,0.21143663,0.054465799,3.8820064,0,0,4.7813297
10290,227,9801,1400,4r3n_3GQ_B_404,1,unimol,0.77482567,0.053566057,14.464862,0,0.95777435,21.21
10291,227,2056,293,1p7c_THM_B_501,5,autodock,0.47869556,0.053313828,8.9788246,0,0,394.32917
10292,227,17018,2431,6si4_LEK_B_402,1,unimol,0.82068579,0.053120291,15.449572,0,0.99317932,22.42
10293,227,11733,1676,5fay_CHT_B_906,1,unimol,0.86288269,0.05292097,16.305117,0,0.96335208,25.33
10294,227,15020,2145,6e2w_DP6_A_403,5,autodock,0.53119758,0.052878808,10.045566,0,0.00076996725,15.052673
10295,227,11726,1675,5fay_CHT_A_908,1,unimol,0.85925139,0.052698261,16.305117,0,0.96037222,26.74
10296,227,16808,2401,6r5o_BGC_B_801,1,unimol,0.9356233,0.052481696,17.82761,0,0.90896179,24.59
10297,227,376,53,1e5f_PLP_B_405,5,autodock,0.58950671,0.052460695,11.237111,0,0.40030985,186.41783
10298,228,530,75,1fuq_CIT_A_1001,5,autodock,0.31795423,0.078408621,4.0550919,0,0.0001074462,11.605246
10299,228,17620,2517,6zi7_QR8_B_502,1,unimol,0.87435565,0.070842643,12.342221,0,0.92592633,25.6
10300,228,526,75,1fuq_CIT_A_1001,1,unimol,0.73613387,0.069547147,10.584673,0,0.89260135,21.99
10301,228,7946,1135,4dtb_GMP_A_401,1,unimol,0.72068899,0.068981684,10.44754,0,0,15.42
10302,228,2283,326,1qmh_CIT_A_401,1,unimol,0.663248,0.0674054,9.8396854,0,0.88300113,19.23
10303,228,8422,1203,4hoz_GLC_A_703,1,unimol,0.90783006,0.066113454,13.731396,0,0,17.31
10304,228,7950,1135,4dtb_GMP_A_401,5,autodock,0.52224739,0.0651315,8.0183525,0,0,17.992581
10305,228,8303,1186,4h4c_10D_A_402,1,unimol,0.67708186,0.064673141,10.469289,0,0.92458211,21.32
10306,228,7932,1133,4dta_ADN_A_401,1,unimol,0.82812081,0.064228514,12.893351,0,0.97481296,24.16
10307,228,1583,226,1lro_PEP_B_2268,1,unimol,0.66670248,0.06384983,10.441726,0,0.9731796,18.95
10308,228,14859,2122,6c1i_EEY_A_501,5,autodock,0.53358103,0.063348152,8.4229918,0,0,7.5982109
10309,228,16150,2307,6mry_FLC_K_101,1,unimol,0.81099168,0.062760294,12.92205,0,0.32610286,23.05
10310,228,7925,1132,4dt8_ADN_B_401,1,unimol,0.88188948,0.06266902,14.072175,0,0.98551584,16.23
10311,228,4219,602,2gn2_C5P_A_400,5,autodock,0.36893182,0.062137682,5.9373274,0,0,8.7749073
10312,228,7939,1134,4dta_ADN_B_401,1,unimol,0.82097612,0.062077731,13.224969,0,0.95390452,16.4
10313,228,4250,607,2gyw_OBI_A_952,1,unimol,0.84247585,0.062032166,13.581273,0,0.97968827,19.32
10314,228,14855,2122,6c1i_EEY_A_501,1,unimol,0.88882086,0.061929404,14.352161,0,0.96816012,19.88
10315,228,17753,2536,7est_0Z2_E_1,1,unimol,0.84542521,0.061774399,13.685688,0,0.94813664,25.5
10316,228,10484,1497,4ywb_OXD_C_704,5,autodock,0.35041504,0.061049897,5.7398129,0,9.4840629e-06,3.8149802
10317,228,6777,968,3wk1_O7E_A_301,1,unimol,0.88909744,0.060932981,14.591398,0,0,23.09
10318,228,10449,1492,4ysx_MLI_A_701,5,autodock,0.53985196,0.060826782,8.8752337,0,0.076981092,6.9658117
10319,228,6161,880,3roe_THM_F_265,1,unimol,0.76829063,0.060081995,12.787368,0,0,26.12
10320,228,4131,590,2fyd_NGA_D_529,1,unimol,0.8297395,0.059539707,13.935901,0,0.9702943,18.02
10321,228,1576,225,1lro_PEP_A_1268,1,unimol,0.6306164,0.059468869,10.604142,0,0.97226163,22.82
10322,228,9161,1308,4lz3_BTM_A_409,5,autodock,0.52064591,0.059430684,8.7605562,0,0,12.957538
10323,228,4124,589,2fyd_NGA_B_404,1,unimol,0.8281623,0.059366567,13.949977,0,0.47133659,19.34
10324,228,13046,1863,5mdh_MAK_B_335,5,autodock,0.30603979,0.059078671,5.1802068,0,1.1047746e-06,5.9364384
10325,228,14862,2123,6c1i_EEY_B_501,1,unimol,0.83528185,0.058427991,14.295918,0,0.82094813,19.06
10326,229,4352,621,2iht_TPP_D_600,5,autodock,0.87834873,0.08631174,10.176468,0,0.9897185,34.116965
10327,229,4345,620,2iht_TPP_B_600,5,autodock,0.81118547,0.079711881,10.176468,0,0.83817652,30.288503
10328,229,1083,154,1iri_E4P_B_602,5,autodock,0.64336114,0.072482135,8.876133,0,0.75933787,12.588452
10329,229,1090,155,1iri_E4P_C_603,5,autodock,0.63263905,0.071274167,8.876133,0,0.68958416,12.753206
10330,229,10242,1463,4wxb_CIT_B_501,1,unimol,0.91968781,0.070763556,12.99663,0,0.97124322,23.8
10331,229,16392,2341,6ock_9KL_A_601,5,autodock,0.35240639,0.069321813,5.0836282,0,0,20.339485
10332,229,16847,2406,6r7w_CIT_A_406,5,autodock,0.34897258,0.068729681,5.0774646,0,0.055174376,10.15563
10333,229,1531,218,1lc8_33P_A_800,5,autodock,0.99255397,0.068468295,14.496548,0,0.98286393,73.511159
10334,229,10344,1477,4xpq_FUL_A_1003,5,autodock,0.7462529,0.06344455,11.762284,0,0.9758683,15.751154
10335,229,15009,2144,6dmi_5T5_A_504,1,unimol,0.8195605,0.062937823,13.021748,0,0.94616264,18.6
10336,229,10235,1462,4wxb_CIT_A_501,1,unimol,0.81920024,0.062884306,13.027101,0,0.96946531,21.8
10337,229,4033,576,2fcu_AKG_B_898,1,unimol,0.84411287,0.06280929,13.439299,0,0.9798058,17.66
10338,229,4026,575,2fcu_AKG_A_897,1,unimol,0.84363527,0.062773753,13.439299,0,0.97442057,23.79
10339,229,11247,1606,5d8u_0N8_A_203,5,autodock,0.35901186,0.062212926,5.7706947,0,2.8469653e-08,9.3888678
10340,229,4254,607,2gyw_OBI_A_952,5,autodock,0.47493862,0.062083618,7.649982,0,0,11.998802
10341,229,9843,1406,4rje_PYR_C_402,1,unimol,0.61473413,0.060094979,10.229375,0,0.453138,18.07
10342,229,14519,2074,5z54_0HZ_D_303,1,unimol,0.8854889,0.060021779,14.752792,0,0,25.18
10343,229,14418,2059,5ybp_AKG_A_302,5,autodock,0.50468983,0.059566278,8.472743,0,4.6524479e-06,6.2851691
10344,229,3344,477,1zpd_CIT_F_610,5,autodock,0.56607683,0.058473093,9.6809788,0,0.29041843,12.573634
10345,229,2892,413,1w55_C_A_1373,1,unimol,0.88030351,0.058276264,15.105695,0,0.9810874,15.76
10346,229,15205,2172,6f7r_CIT_A_1003,1,unimol,0.75967092,0.057264354,13.266034,0,0.93129812,22.92
10347,229,15076,2153,6e8i_PTR_A_201,5,autodock,0.30899726,0.0570282,5.418323,0,4.8445845e-07,8.7431258
10348,229,4152,593,2fzb_TOL_A_800,1,unimol,0.8365372,0.057019712,14.671017,0,0.96882965,24.11
10349,229,14139,2019,5x6r_7ZR_A_402,6,smina,0.20832248,0.056604096,3.680342,0,0,7.7546181
10350,229,7054,1007,4a01_2PN_A_1773,5,autodock,0.29817091,0.056519771,5.2755141,0,0,10.979863
10351,229,9294,1327,4mpr_TPP_A_602,5,autodock,0.81693071,0.056491019,14.461248,0,0.82827071,12.011127
10352,229,264,37,1d6u_HY1_B_3001,5,autodock,0.53890986,0.055977589,9.6272421,0,0.0066721363,21.943086
10353,229,8765,1252,4ixw_IXW_B_302,1,unimol,0.59714778,0.054884555,10.880069,0,0.8743118,20.83
10354,229,7344,1049,4bu7_25F_C_2165,1,unimol,0.86203495,0.054819631,15.724931,0,0,16.59
10355,229,11002,1571,5b4o_6DQ_A_201,5,autodock,0.41628213,0.054384204,7.6544666,0,0,7.1027875
10356,229,7337,1048,4bu7_25F_A_2165,1,unimol,0.86143737,0.054307831,15.86212,0,0,19.4
10357,229,11023,1574,5b4o_6DQ_C_201,5,autodock,0.40738839,0.054244293,7.5102525,0,0,7.3657974
10358,229,14495,2070,5ylf_BGC_A_401,5,autodock,0.37252844,0.053953979,6.9045582,0,0.014571025,15.851752
10359,229,7061,1008,4a01_2PN_B_1773,5,autodock,0.28752413,0.053867976,5.3375697,0,0,9.5483988
10360,229,7838,1119,4d5e_TPP_B_1590,5,autodock,0.98351051,0.053684916,18.320051,0,0.99459087,25.968047
10361,229,10935,1562,5af9_SJR_H_1250,1,unimol,0.70965508,0.05346131,13.274179,0,5.5768495e-07,21.26
10362,229,15447,2206,6gpn_OGA_B_402,5,autodock,0.35615949,0.053306164,6.6813931,0,2.4002445e-10,7.3198279
10363,229,11961,1708,5g09_6DF_C_1475,5,autodock,0.98892762,0.053183344,18.594685,0,0.98704211,22.415554
10364,229,11866,1695,5fqf_NGA_A_1588,1,unimol,1.0439372,0.053131849,19.648048,0,0,23.06
10365,229,8548,1221,4i4v_NGA_A_201,1,unimol,0.80829793,0.052757409,15.321031,0,0.94789829,16.96
10366,229,10162,1451,4wca_CIT_A_401,5,autodock,0.36589813,0.052708557,6.9419103,0,0.016717042,14.116278
10367,229,9507,1358,4nv0_MG7_B_402,1,unimol,0.64385626,0.052617522,12.236536,0,0,19.34
10368,229,9805,1400,4r3n_3GQ_B_404,5,autodock,0.35950325,0.052573177,6.8381486,0,0,10.589812
10369,229,17547,2506,6xu3_PLG_C_401,5,autodock,0.88103317,0.052515484,16.776634,0,0.90009699,20.516607
10370,229,13445,1920,5tch_MLI_F_501,5,autodock,0.5428263,0.052492924,10.340941,0,0.59708013,5.7385617
10371,229,3330,475,1zpd_CIT_B_610,5,autodock,0.50445598,0.052107947,9.6809788,0,0.0369084,11.168326
10372,229,12412,1773,5ihe_D5M_B_701,1,unimol,0.69187003,0.052001703,13.304756,0,0,24.31
10373,229,13424,1917,5tch_MLI_B_501,5,autodock,0.51523711,0.052000139,9.9083786,0,0.50526223,4.9092676
10374,229,1349,192,1k8z_IAG_A_501,5,autodock,0.35922464,0.051743994,6.9423437,0,0,15.806491
10375,229,8440,1205,4hrq_AZG_B_201,5,autodock,0.29817091,0.051443947,5.7960339,0,0,558.63461
10376,230,16332,2333,6nni_CP6_A_203,1,unimol,0.86037319,0.06881517,12.502666,0,0.989564,18.65
10377,230,3641,520,2bxh_IOS_A_1002,1,unimol,0.61078383,0.063443438,9.6272173,0,0,19.48
10378,230,3648,521,2bxh_IOS_B_1002,1,unimol,0.59013854,0.062559399,9.4332504,0,0.92637842,28.22
10379,230,1811,258,1njr_XYL_A_285,5,autodock,0.33491166,0.061825548,5.4170423,0,2.2137589e-06,8.9254754
10380,230,2812,401,1vje_MSE_A_401,5,autodock,0.34200455,0.059903256,5.7092805,0,1.0310659e-06,10.754261
10381,230,14736,2105,6b5k_TYD_B_304,1,unimol,0.85132132,0.056752226,15.000668,0,0,22.49
10382,230,9332,1333,4n36_2F8_C_401,1,unimol,0.82417925,0.056441935,14.602249,0,0.95707559,22.8
10383,230,14729,2104,6b5k_TYD_A_304,1,unimol,0.84080495,0.055196334,15.232985,0,0,25.96
10384,230,11044,1577,5bkd_AKG_A_502,5,autodock,0.44961405,0.054491838,8.2510338,0,3.8693564e-06,6.8869428
10385,230,9318,1331,4n36_2F8_A_401,1,unimol,0.7673459,0.053660809,14.299931,0,0.97125361,17.08
10386,230,9325,1332,4n36_2F8_B_401,1,unimol,0.76061392,0.053190039,14.299931,0,0.96049557,20.74
10387,230,13355,1907,5sga_TYR_P_1,6,smina,0.21751207,0.052521165,4.1414165,0,0,19.837972
10388,230,11051,1578,5bkd_AKG_B_502,5,autodock,0.43184329,0.052338076,8.2510338,0,1.4505428e-06,6.7699615
10389,230,11012,1573,5b4o_6DQ_B_202,1,unimol,0.63073353,0.051790371,12.178586,0,0.94140142,19.91
10390,230,16045,2292,6lx5_C5F_B_501,1,unimol,0.86632307,0.051543017,16.807766,0,0,23.86
10391,230,8212,1173,4g1x_TQU_A_410,1,unimol,0.83756447,0.051450358,16.279078,0,0.99486641,17.68
10392,230,12968,1852,5lwy_OLB_A_409,4,gnina,0.34578375,0.051426614,6.7238278,0,0,9.4281311
10393,230,17655,2522,6zjw_GAL_A_1101,1,unimol,0.88339935,0.051233508,17.242607,0,0.95277401,23.82
10394,230,12895,1842,5l9v_OGA_B_502,1,unimol,0.83020217,0.050283982,16.510269,0,0.84530028,21.95
10395,230,1646,235,1m3u_KPL_E_265,1,unimol,1.0481422,0.050189886,20.883532,0,0.96072578,26.19
10396,230,11019,1574,5b4o_6DQ_C_201,1,unimol,0.65461464,0.050037224,13.082552,0,0.93000866,22.5
10397,230,5062,723,2qui_LTN_B_478,1,unimol,0.84179492,0.049518204,16.999704,0,0,25.14
10398,230,6392,913,3ucc_2PG_B_601,1,unimol,0.8536442,0.049372867,17.289742,0,0,18.85
10399,230,10998,1571,5b4o_6DQ_A_201,1,unimol,0.66022586,0.04910015,13.446513,0,0.93239412,20.53
10400,230,15065,2152,6e43_BEZ_D_502,1,unimol,0.90028521,0.04889529,18.412512,0,0.97326257,23.33
10401,230,2269,324,1q92_DRM_A_1001,1,unimol,0.86966684,0.048697685,17.858482,0,0,21.34
10402,230,15058,2151,6e43_BEZ_C_502,1,unimol,0.89834081,0.048084514,18.682537,0,0.9766264,20.59
10403,230,15044,2149,6e43_BEZ_A_502,1,unimol,0.89764704,0.048047379,18.682537,0,0.96889248,17.64
10404,230,593,84,1g79_PLP_A_260,5,autodock,0.36252066,0.047976326,7.5562396,0,0.00022594588,6.149539
10405,230,12949,1849,5lwy_OLB_A_403,6,smina,0.21751207,0.047925994,4.5384979,0,2.6875576e-13,13.427201
10406,230,14589,2084,5zpt_HY1_B_703,1,unimol,0.84971277,0.047776986,17.784979,0,0.99297244,16.34
10407,230,13676,1953,5uda_CAE_A_502,5,autodock,0.33962119,0.047028213,7.2216468,0,0,12.997915
10408,230,9829,1404,4rii_TYD_B_401,1,unimol,0.87646727,0.046836537,18.713322,0,0,20.19
10409,230,1373,196,1kbq_936_B_704,1,unimol,0.85959012,0.046676585,18.415873,0,0.98518428,20.74
10410,230,7173,1024,4ajj_88S_A_1332,5,autodock,0.51990017,0.046212487,11.250209,0,0,5.7137572
10411,230,1380,197,1kbq_936_C_701,1,unimol,0.85903369,0.04617961,18.602011,0,0.9607106,20.61
10412,230,15380,2197,6fw0_E92_A_602,1,unimol,0.79834785,0.046059476,17.332975,0,0.99212087,22.96
10413,230,4852,693,2q28_TPP_B_5001,1,unimol,0.76407902,0.04600006,16.61039,0,0.97857761,21.4
10414,230,9343,1334,4n4j_HG1_A_605,5,autodock,0.39472125,0.045967622,8.5869398,0,7.5086421e-05,4.0043192
10415,230,3155,450,1z6k_OAA_A_274,5,autodock,0.36773556,0.045861457,8.0184002,0,0.00022952786,5.4226527
10416,230,17739,2534,7cwd_GAL_A_902,1,unimol,0.82958451,0.045692511,18.155807,0,0.44292045,18.99
10417,230,10025,1432,4ug7_1EV_A_904,1,unimol,0.84620491,0.045682507,18.523607,0,0.94913861,23.76
10418,230,17067,2438,6sxr_KHP_A_513,1,unimol,0.72886519,0.045641019,15.96952,0,0.96611619,23.8
10419,230,10606,1515,4zhd_4OZ_B_202,1,unimol,0.59973393,0.045640916,13.140268,0,0.61909143,19.62
10420,230,1258,179,1jho_RMB_A_990,5,autodock,0.53022161,0.045640459,11.617358,0,0,16.681171
10421,230,9850,1407,4rkz_3S4_B_401,1,unimol,0.71990306,0.045496446,15.82328,0,0.94027835,19.4
10422,230,7449,1064,4c7g_NGO_A_1495,1,unimol,0.7189618,0.04518631,15.911053,0,0,21.18
10423,230,1639,234,1m3u_KPL_B_265,1,unimol,0.91844288,0.043979285,20.883532,0,0.89648717,24.95
10424,230,14848,2121,6c17_DNX_A_202,1,unimol,0.59952957,0.043918596,13.650927,0,0.91605381,18.3
10425,230,1674,239,1m3u_KPL_J_265,1,unimol,0.91701499,0.043910912,20.883532,0,0.93830312,25.41
10426,231,8034,1147,4e7v_CRS_Q_101,5,autodock,0.54466675,0.067429961,8.0775175,0,0.18847811,21.453222
10427,231,5048,721,2qse_1HP_A_1,1,unimol,0.88765115,0.066516694,13.344787,0,0.97611122,21.04
10428,231,7992,1141,4e7v_CRS_3_101,5,autodock,0.52492052,0.064147017,8.1830845,0,0.29247855,5.1020437
10429,231,7985,1140,4e7v_CRS_1_101,5,autodock,0.51729408,0.063215041,8.1830845,0,0.27906952,4.192688
10430,231,761,108,1h18_PYR_B_1001,5,autodock,0.31134133,0.061722125,5.044241,0,0.044400805,8.9320248
10431,231,15650,2235,6ix8_B3O_A_408,5,autodock,0.5034497,0.061321607,8.2099876,0,0,17.8146
10432,231,15902,2271,6kxh_DY9_B_402,5,autodock,0.51615722,0.060795311,8.4900818,0,0,51.728357
10433,231,13403,1914,5t85_44G_L_301,5,autodock,0.29055401,0.059198894,4.9080977,0,1.769106e-05,15.534463
10434,231,9409,1344,4ndn_PPK_A_406,1,unimol,0.82672676,0.056747212,14.568587,0,0,24.44
10435,231,9752,1393,4qxc_OGA_A_600,1,unimol,0.83281357,0.056592964,14.715849,0,0.98663997,24.1
10436,231,13704,1957,5uio_8DM_E_202,5,autodock,0.53325665,0.056036772,9.5161905,0,0,20.320578
10437,231,10816,1545,5a02_GOL_E_1341,1,unimol,0.83085953,0.055795877,14.891055,0,0,23.96
10438,231,10788,1541,5a02_GOL_A_1341,1,unimol,0.83056334,0.055775986,14.891055,0,0.86432338,24.55
10439,231,8055,1150,4e7v_CRS_Y_101,5,autodock,0.45301663,0.055360125,8.1830845,0,0.28439151,4.1159755
10440,231,11026,1575,5b4u_MLA_A_302,1,unimol,0.59044787,0.055328299,10.671715,0,0.93913408,20.41
10441,231,621,88,1g8z_GAL_G_104,5,autodock,0.43311711,0.055195445,7.846971,0,3.1330551e-07,8.3936395
10442,231,10823,1546,5a02_GOL_F_1342,1,unimol,0.83195281,0.054983958,15.130827,0,0.84756922,21.16
10443,231,15657,2236,6ix8_B3O_B_408,5,autodock,0.4604062,0.054923141,8.3827353,0,0,13.841107
10444,231,10120,1445,4v2z_Y70_A_151,5,autodock,0.54105031,0.054003516,10.018797,0,0,7.2571139
10445,231,14582,2083,5zpt_HY1_A_702,1,unimol,0.6502041,0.053756775,12.095295,0,0.98585529,22.24
10446,231,1884,269,1nuw_F6P_A_2336,1,unimol,0.81148757,0.053531599,15.159038,0,0.94570488,18.65
10447,231,5577,796,2xhk_AKG_A_519,5,autodock,0.33196341,0.052879116,6.2777781,0,0.00030801117,16.841584
10448,231,8013,1144,4e7v_CRS_I_101,5,autodock,0.41817133,0.051769777,8.0775175,0,0.010750326,14.748542
10449,231,13042,1863,5mdh_MAK_B_335,1,unimol,0.65329186,0.050899759,12.83487,0,0.50144035,18.72
10450,231,3109,444,1y8j_STS_A_900,1,unimol,0.81191409,0.050812112,15.97875,0,0,21.09
10451,231,5461,780,2wdq_TEO_A_1589,1,unimol,0.85698682,0.050652913,16.918804,0,0.6876402,25.86
10452,231,2213,316,1pzy_NAG_D_406,1,unimol,0.8795783,0.050132857,17.544945,0,0.92616841,20.97
10453,231,3144,449,1z4k_T3P_A_4341,1,unimol,0.86096505,0.049979223,17.226458,0,0,17
10454,231,7267,1038,4b1f_KRH_A_1256,1,unimol,0.83119251,0.049467261,16.802879,0,0.97506368,21.41
10455,231,4306,615,2ht8_G39_A_800,1,unimol,0.85251191,0.049423123,17.24925,0,0.95885985,23.47
10456,231,5244,749,2uyv_TLA_D_1275,1,unimol,0.78343041,0.049282014,15.896882,0,0,17.06
10457,231,692,98,1gsq_GDN_A_203,6,smina,0.19539428,0.049187233,3.9724584,0,5.0084023e-06,12.871435
10458,231,17442,2491,6vo2_R67_B_403,5,autodock,0.36315586,0.049175098,7.3849535,0,0,6.175331
10459,231,13084,1869,5n5k_8NW_A_307,1,unimol,0.64510425,0.049089756,13.14132,0,0.8035874,23.73
10460,231,2563,366,1tl2_NDG_A_238,1,unimol,0.80848114,0.048460909,16.683159,0,0.95188419,19.66
10461,231,2850,407,1vzu_UDP_B_2371,1,unimol,0.86207114,0.048125606,17.912939,0,0.95794339,19.33
10462,231,13669,1952,5ud3_P6F_B_404,5,autodock,0.70574189,0.048117187,14.667147,0,0.53506614,11.697955
10463,231,17071,2438,6sxr_KHP_A_513,5,autodock,0.51833815,0.048108155,10.774433,0,0,17.049033
10464,231,3900,557,2ef9_A5P_A_1269,1,unimol,0.67820363,0.048061858,14.111056,0,0,20.71
10465,231,9143,1306,4lvb_20N_B_601,1,unimol,0.86253338,0.047972623,17.979698,0,0.99418104,22.6
10466,231,14797,2113,6bmm_OLB_A_404,6,smina,0.21708127,0.04775476,4.5457506,0,9.887511e-15,13.05393
10467,231,2171,310,1pr6_XYA_A_1245,1,unimol,0.8125073,0.046836019,17.347914,0,0,18.09
10468,231,4814,687,2pvy_ACP_A_802,5,autodock,0.50099678,0.046730288,10.721028,0,0.0016350058,7.701375
10469,231,13690,1955,5uio_8DM_C_202,5,autodock,0.43302466,0.046357294,9.3410244,0,0,18.905202
10470,231,8972,1281,4kqx_HIO_A_402,5,autodock,0.44840761,0.046287952,9.6873493,0,0.0048993114,9.1608497
10471,231,11607,1658,5eo8_TFU_A_405,1,unimol,0.81086389,0.046188445,17.555555,0,0.84348533,16.48
10472,231,17594,2513,6ypv_AKG_A_302,3,diffdock_l,0.14265755,0.045791273,3.1153862,0,0.010750994,13.9138
10473,231,6567,938,3vnm_SDD_A_301,1,unimol,0.81431532,0.045610699,17.853601,0,0,23.23
10474,231,13679,1954,5uda_CAE_B_502,1,unimol,0.67639917,0.045541877,14.852245,0,0.9871517,27.47
10475,231,13259,1894,5ocm_9RH_C_302,1,unimol,0.59820083,0.045463855,13.157722,0,0.91761066,25.58
10476,232,7162,1023,4ajj_88R_C_1335,1,unimol,0.89039252,0.067546971,13.181827,0,0.98221044,20.84
10477,232,2903,414,1w55_GPP_A_1374,5,autodock,0.34078564,0.067451433,5.0523105,0,0,8.1309577
10478,232,1790,255,1ne4_RP1_A_401,5,autodock,0.53018704,0.064312549,8.2439117,0,0,61.201019
10479,232,12874,1839,5l7u_NGA_A_601,1,unimol,0.8059342,0.061233196,13.161719,0,0.98914271,20.66
10480,232,6231,890,3sjh_LAR_A_503,1,unimol,0.72264624,0.05779944,12.50265,0,0,20.71
10481,232,7078,1011,4a7a_RGZ_A_601,1,unimol,0.85707951,0.056656222,15.12772,0,0.99223694,24.41
10482,232,9934,1419,4tsk_TLA_A_404,1,unimol,0.58959251,0.056603667,10.416153,0,0,24.19
10483,232,11476,1639,5e9m_BAE_A_2001,3,diffdock_l,0.13167961,0.056598408,2.3265593,0,0.99101225,6.5291657
10484,232,13228,1889,5o4j_9KH_C_302,5,autodock,0.3636546,0.056317043,6.4572735,0,0,12.68611
10485,232,13221,1888,5o4j_9KH_B_302,5,autodock,0.36321088,0.056248327,6.4572735,0,0,10.384566
10486,232,7085,1012,4a7a_RGZ_B_601,1,unimol,0.8488653,0.056113231,15.12772,0,0.99237717,18.6
10487,232,1737,248,1msv_PUT_A_355,1,unimol,0.78433688,0.055952563,14.017889,0,0.91784837,21.86
10488,232,14320,2045,5y8k_SER_B_301,5,autodock,0.28617211,0.055817288,5.1269431,0,1.9725801e-05,7.0149777
10489,232,7911,1130,4do1_ANN_C_502,1,unimol,0.8584284,0.055794427,15.385557,0,0.97909159,19.87
10490,232,7904,1129,4do1_ANN_B_502,1,unimol,0.85772272,0.05574856,15.385557,0,0.98563776,18.17
10491,232,16759,2394,6qqs_JCZ_A_301,1,unimol,0.7764251,0.055524593,13.983444,0,0,24.78
10492,232,9178,1311,4m2c_DAR_C_402,1,unimol,0.90325577,0.054364337,16.614857,0,0,26.08
10493,232,7015,1002,3zwt_KFZ_A_1401,1,unimol,0.85265097,0.054093223,15.76262,0,0,16.34
10494,232,6193,884,3ryd_SRT_A_271,5,autodock,0.31391052,0.053010434,5.9216733,0,8.4402158e-08,7.411344
10495,232,13434,1919,5tch_MLI_E_301,1,unimol,0.95153987,0.052927211,17.978271,0,0.88223155,32.46
10496,232,13448,1921,5tch_MLI_G_301,1,unimol,0.93269066,0.052816206,17.659174,0,0.8127758,32.48
10497,232,13413,1916,5tch_MLI_A_301,1,unimol,0.90767062,0.051988945,17.458914,0,0.98119821,26.19
10498,232,2367,338,1s3v_TQD_A_187,1,unimol,0.86193262,0.051755625,16.653891,0,0.9942192,23.76
10499,232,5342,763,2vmp_PLP_A_501,1,unimol,0.85569932,0.051427499,16.638943,0,0.89087392,19.04
10500,232,13441,1920,5tch_MLI_F_501,1,unimol,0.93194021,0.051417088,18.125105,0,0.90786412,24.52
10501,232,10564,1509,4zbc_FRU_A_409,1,unimol,0.85751793,0.051007498,16.811604,0,0.94106988,22.54
10502,232,4716,673,2ot7_OGA_B_500,5,autodock,0.42699371,0.050984231,8.3750143,0,0.0001255398,8.6037352
10503,232,9185,1312,4m2c_DAR_D_402,1,unimol,0.80435862,0.050120963,16.048346,0,0,25.73
10504,233,15699,2242,6jea_NAG_A_501,5,autodock,0.50086667,0.067510992,7.4190378,0,0.97165953,12.717711
10505,233,15527,2218,6hmw_FUL_C_203,1,unimol,0.75560237,0.065219333,11.585557,0,0,18.93
10506,233,15555,2222,6hmw_FUL_I_201,1,unimol,0.78387909,0.061809768,12.682122,0,0.96987268,21.82
10507,233,4934,704,2qd1_CHD_D_802,6,smina,0.13697449,0.060117865,2.2784314,0,0,4.5118662
10508,233,17506,2500,6xeb_V1P_A_411,6,smina,0.21874403,0.059614327,3.6693189,0,0,13.463013
10509,233,15282,2183,6flu_DTK_A_405,1,unimol,0.81055048,0.058806375,13.783377,0,0.97813573,16.18
10510,233,16647,2378,6qa7_PLP_A_902,1,unimol,0.8652379,0.05696805,15.188125,0,0.95106431,20.89
10511,233,7320,1045,4bdr_CYS_B_804,5,autodock,0.32643078,0.056594834,5.7678537,0,0,5.2231905
10512,233,16637,2376,6q4y_MAN_B_402,5,autodock,0.70599214,0.05508465,12.816494,0,0.97068548,14.746087
10513,233,17508,2501,6xim_XLS_A_397,1,unimol,0.90518563,0.053171326,17.023941,0,0.96216152,18.56
10514,233,16906,2415,6rgr_RM4_A_402,1,unimol,0.67762388,0.05207806,13.011695,0,0.94657568,16.28
10515,233,12246,1749,5hpu_IPH_A_101,3,diffdock_l,0.15680399,0.05149355,3.0451181,0,0,28.001163
10516,233,13112,1873,5nh9_XLS_C_504,1,unimol,0.89601444,0.05148185,17.40447,0,0.98372897,22.52
10517,233,17485,2497,6wiw_I14_B_601,6,smina,0.1662016,0.051450779,3.2303019,0,0,5.7429879
10518,233,1181,168,1j0y_BGC_B_2601,5,autodock,0.92471575,0.05059454,18.276985,0,0.99208799,16.23253
10519,233,16568,2366,6po9_OS7_A_803,6,smina,0.20440066,0.050258811,4.0669608,0,7.5325515e-14,4.618569
10520,233,2878,411,1w3t_3GR_C_1297,1,unimol,0.68063635,0.050246597,13.545918,0,0,22.3
10521,233,14176,2025,5xin_XLS_A_397,1,unimol,0.90489273,0.050188148,18.030006,0,0,18.59
10522,233,3018,431,1xin_XYL_C_397,1,unimol,0.85838566,0.050185295,17.104324,0,0.97677191,19.45
10523,233,3025,432,1xin_XYL_D_397,1,unimol,0.85915916,0.050042498,17.168589,0,0.98115463,20.9
10524,233,11940,1705,5g03_OE2_A_1263,5,autodock,0.48477727,0.049917724,9.711525,0,0.35866923,13.441707
10525,233,13749,1964,5unx_8F1_A_803,1,unimol,0.85711447,0.049761607,17.224411,0,0.96582153,23.75
10526,233,3125,446,1yik_MM1_A_501,3,diffdock_l,0.13918139,0.049678944,2.8016164,0,1.8942564e-09,7.6068709
10527,233,10321,1474,4xh4_PPI_A_504,3,diffdock_l,0.15604374,0.04966788,3.1417425,0,0,14.402406
10528,233,14183,2026,5xin_XLS_B_397,1,unimol,0.89441,0.049606743,18.030006,0,0.98270856,24.63
10529,233,12253,1750,5hpu_IPH_C_101,3,diffdock_l,0.1506571,0.049474945,3.0451181,0,0,28.001163
10530,233,14155,2022,5x86_TMP_B_207,1,unimol,0.89309159,0.049327334,18.105408,0,0,21.51
10531,233,6151,878,3roe_THM_D_265,5,autodock,0.50482384,0.049308604,10.238047,0,0,293.73769
10532,233,6158,879,3roe_THM_E_265,5,autodock,0.50514766,0.049168162,10.273876,0,0,95.794118
10533,233,14190,2027,5xin_XLS_C_397,1,unimol,0.86628194,0.04877712,17.760004,0,0,21.44
10534,233,13119,1874,5nh9_XLS_D_504,1,unimol,0.88552571,0.048587275,18.225464,0,0.98417865,25.22
10535,233,16575,2367,6po9_OS7_B_804,6,smina,0.19867425,0.048476716,4.0983429,0,8.7493072e-12,4.4263257
10536,233,6144,877,3roe_THM_B_265,5,autodock,0.49779428,0.048452427,10.273876,0,0,482.17336
10537,233,15093,2156,6f2b_AKG_B_402,1,unimol,0.78109081,0.048221515,16.197971,0,0.84478557,25.19
10538,233,14197,2028,5xin_XLS_D_397,1,unimol,0.87133037,0.048183399,18.08362,0,0.97466888,23.67
10539,233,13161,1880,5nuk_Z80_A_201,1,unimol,0.85693818,0.047952612,17.87052,0,0.96381253,18.69
10540,233,3011,430,1xin_XYL_B_397,1,unimol,0.81822159,0.047837113,17.104324,0,0.97847839,21.49
10541,233,6214,887,3se2_LDR_A_1,5,autodock,0.45605636,0.046939996,9.7157297,0,0,48.325518
10542,233,10347,1478,4xpq_FUL_A_1004,1,unimol,0.595402,0.046885502,12.699063,0,0,19.61
10543,233,5948,849,2ztl_3HL_D_301,5,autodock,0.36225773,0.046857501,7.73105,0,0.00012938608,6.6686615
10544,233,3475,496,2aiq_BEN_A_401,3,diffdock_l,0.15658037,0.046843091,3.3426557,0,0.98382002,19.204919
10545,233,15086,2155,6f2b_AKG_A_402,1,unimol,0.74777071,0.046639528,16.03298,0,0.84809917,20.94
10546,233,2150,307,1pr0_NOS_A_1245,1,unimol,0.81325394,0.046496587,17.490614,0,0,22.42
10547,233,13756,1965,5unx_8F1_B_803,1,unimol,0.85912773,0.04634494,18.53768,0,0.97370697,22.63
10548,233,4577,653,2ntk_IMP_D_208,6,smina,0.13697532,0.046322853,2.9569697,0,0,7.818897
10549,233,16556,2365,6png_OSG_B_804,1,unimol,0.66986053,0.045969946,14.571705,0,0.96980867,20.81
10550,233,9451,1350,4nir_6DH_A_308,1,unimol,0.59441543,0.04554562,13.050989,0,0,23.68
10551,233,9458,1351,4nir_6DH_B_306,1,unimol,0.59441115,0.045545292,13.050989,0,0,22.52
10552,233,2357,336,1s1f_PIM_A_431,5,autodock,0.28514794,0.04550824,6.265852,0,0,2.136892
10553,233,3004,429,1xin_XYL_A_397,1,unimol,0.77666956,0.045407784,17.104324,0,0.9799924,25.61
10554,234,15618,2231,6i4b_E2N_A_603,1,unimol,0.86193923,0.067614749,12.747798,0,0,31.24
10555,234,10655,1522,4zo7_GLC_A_806,1,unimol,1.057353,0.066529596,15.892971,0,0.8277337,23.72
10556,234,8863,1266,4jp3_CIT_A_301,1,unimol,0.596296,0.063502731,9.3900833,0,0.95892052,18.13
10557,234,1513,216,1l4f_NCN_A_991,1,unimol,0.89550398,0.063341813,14.137643,0,0.99178363,16.02
10558,234,17711,2530,7bzm_GIM_A_501,1,unimol,0.87925331,0.062753285,14.011271,0,0.84724148,19
10559,234,6763,966,3wgc_PLG_D_401,1,unimol,0.86647896,0.062708323,13.817606,0,0.97069312,24.33
10560,234,15247,2178,6fld_NAG_A_602,1,unimol,0.71634987,0.059793185,11.980459,0,0.71453914,19.94
10561,234,14043,2006,5wgw_MB5_A_715,1,unimol,0.69617412,0.059494934,11.701401,0,0,21.94
10562,234,1695,242,1mmx_FUC_A_348,1,unimol,0.91042153,0.05863523,15.526868,0,0.95600972,18.56
10563,234,6756,965,3wgc_PLG_B_401,1,unimol,0.81622212,0.057495044,14.19639,0,0.95506587,20.74
10564,234,6749,964,3wgc_PLG_A_401,1,unimol,0.80135458,0.056447767,14.19639,0,0.95990179,23.33
10565,234,10641,1520,4zo7_BGC_A_802,1,unimol,0.86820866,0.055886003,15.53535,0,0,18.04
10566,234,4884,697,2qb4_DSM_A_801,5,autodock,0.49393115,0.055510827,8.8979235,0,0,8.9168443
10567,234,13406,1915,5tbo_78Z_A_1001,1,unimol,0.8945149,0.053856228,16.60931,0,0.98144847,20.59
10568,234,1702,243,1mmx_FUC_B_348,1,unimol,0.83529718,0.053796885,15.526868,0,0.92972479,18.7
10569,234,10445,1492,4ysx_MLI_A_701,1,unimol,0.87115371,0.052430149,16.615509,0,0.83010616,29.75
10570,234,4761,680,2prg_BRL_A_1,1,unimol,0.84532933,0.052257815,16.17613,0,0.88845374,22.89
10571,234,17718,2531,7bzm_GIM_B_501,1,unimol,0.71991103,0.05138085,14.011271,0,0.8692706,23.77
10572,234,9133,1304,4lol_1YE_A_402,5,autodock,0.34053787,0.051117159,6.6619081,0,0,34.608763
10573,234,15254,2179,6fld_NAG_A_603,1,unimol,0.59353209,0.05097487,11.64362,0,0.93993159,17.04
10574,234,13683,1954,5uda_CAE_B_502,5,autodock,0.32669119,0.050925331,6.4151011,0,0,3.4313131
10575,234,10543,1506,4zb2_FRU_A_404,1,unimol,0.58515239,0.050599052,11.564492,0,0.92363692,24.05
10576,234,3949,564,2ex1_C5P_A_1427,1,unimol,0.72671373,0.050429835,14.410392,0,0.98395765,16.37
10577,234,6445,920,3v1m_HPK_A_288,5,autodock,0.64762661,0.050205259,12.899576,0,0.42212259,19.447594
10578,234,10648,1521,4zo7_BGC_A_805,1,unimol,0.7750976,0.049896127,15.534223,0,0,22.24
10579,234,7302,1043,4bbx_LKF_A_1760,1,unimol,0.8666006,0.04864848,17.813517,0,0,22.85
10580,234,9591,1370,4p7q_NAG_A_704,1,unimol,0.59353169,0.048308117,12.286375,0,0,20.33
10581,234,5419,774,2w7k_PLP_A_501,1,unimol,0.78972613,0.048182669,16.390251,0,0.93437374,22.9
10582,234,14015,2002,5wgr_PM7_A_711,1,unimol,0.59353186,0.048046718,12.353223,0,0.97770217,24.55
10583,234,14026,2003,5wgr_PM7_A_712,5,autodock,0.36504982,0.047652824,7.6606116,0,0,3.4797121
10584,234,16668,2381,6qdb_HWQ_A_1003,1,unimol,0.87017428,0.047455963,18.336456,0,0,18.95
10585,234,12325,1760,5i5s_NVU_A_402,5,autodock,0.47260502,0.046785873,10.101446,0,4.0015315e-05,16.923809
10586,234,10634,1519,4zo7_BGC_A_801,1,unimol,0.72696819,0.046750417,15.549982,0,0,22.42
10587,234,12405,1772,5ihe_D5M_A_701,1,unimol,0.5939488,0.046471435,12.780943,0,0,22.01
10588,234,14036,2005,5wgw_MB5_A_714,1,unimol,0.59353186,0.046081458,12.880057,0,0,21.02
10589,234,17095,2442,6szt_M4Q_B_601,1,unimol,0.59792484,0.045857428,13.038777,0,0.98712058,18.56
10590,234,11621,1660,5eso_ISC_A_602,1,unimol,1.0177915,0.04585252,22.197065,0,0.83818863,26.74
10591,234,7351,1050,4buf_F36_A_2162,1,unimol,0.89702398,0.045696881,19.629871,0,0,22.89
10592,234,7358,1051,4buf_F36_B_2162,1,unimol,0.89530013,0.045609063,19.629871,0,0,20.15
10593,234,4803,686,2pt6_S4M_C_503,1,unimol,1.0345294,0.045020374,22.979136,0,0.95214038,23.98
10594,234,4768,681,2prg_BRL_B_2,1,unimol,0.73610529,0.044983589,16.363861,0,0.91630435,19.88
10595,234,13882,1983,5vv0_9OM_B_803,1,unimol,0.75107529,0.044783064,16.771412,0,0.98348631,19.83
10596,234,17249,2464,6tor_PMP_B_504,1,unimol,0.60001737,0.044683375,13.428201,0,0,27.52
10597,234,13763,1966,5uo3_8EY_A_803,1,unimol,0.87187278,0.044418082,19.628778,0,0.9809537,25.13
10598,234,6287,898,3te7_TE7_A_1,1,unimol,0.85764059,0.044337461,19.343473,0,0.96806214,19.11
10599,234,14537,2076,5z9p_AX7_A_301,5,autodock,0.2972219,0.044240988,6.7182465,0,0,5.0326778
10600,234,16381,2340,6o2z_LJV_A_500,1,unimol,0.89965026,0.044235819,20.337595,0,0,23.97
10601,234,2462,351,1sz6_NAG_B_5002,5,autodock,0.36311755,0.04399109,8.2543421,0,3.7557058e-09,6.139772
10602,234,5272,753,2v60_C17_A_1503,1,unimol,0.90078956,0.043939572,20.500643,0,0.99078766,23.68
10603,234,1254,179,1jho_RMB_A_990,1,unimol,0.86126665,0.043809659,19.659285,0,0,19.71
10604,235,5790,827,2z48_A2G_B_2001,1,unimol,0.79045913,0.06736828,11.733401,0,0.94658738,20.53
10605,235,5811,830,2z48_NGA_A_1003,1,unimol,0.78503626,0.066906107,11.733401,0,0.98669889,25.02
10606,235,15457,2208,6gxk_FFW_A_402,1,unimol,0.8796145,0.064444852,13.649103,0,0,20.43
10607,235,15464,2209,6gxk_FFW_B_402,1,unimol,0.88098725,0.064398448,13.680255,0,0,20.13
10608,235,17732,2533,7c7g_FJR_B_402,1,unimol,0.88049544,0.064075932,13.741437,0,0.99128371,19.32
10609,235,13546,1935,5tlg_7EG_B_601,1,unimol,0.90272119,0.062680713,14.401896,0,0.9944011,18.98
10610,235,5797,828,2z48_A2G_B_2005,1,unimol,0.72126867,0.061430508,11.741212,0,0.93542738,19.95
10611,235,3837,548,2e40_LGC_A_1001,1,unimol,0.87312799,0.06097631,14.319134,0,0.00092158409,18.73
10612,235,11397,1628,5dt0_SKE_A_401,1,unimol,0.87148762,0.060830868,14.326404,0,0,16.49
10613,235,2896,413,1w55_C_A_1373,5,autodock,0.51790916,0.060617036,8.5439529,0,0,12.562166
10614,235,10228,1461,4wua_3UL_A_701,1,unimol,0.8793627,0.060106101,14.630173,0,0,26.68
10615,235,15877,2268,6krs_CIT_H_301,1,unimol,0.8340052,0.059419322,14.035925,0,0.89309537,32.57
10616,235,5776,825,2z48_A2G_A_1001,1,unimol,0.68671884,0.05852683,11.733401,0,0.94753717,23.53
10617,235,7524,1074,4cjw_CBJ_A_1216,6,smina,0.13603894,0.057531762,2.3645875,0,0,3.5303198
10618,235,3480,497,2ajv_COC_L_501,1,unimol,0.80095846,0.057168918,14.010383,0,0.96674051,23.66
10619,235,11439,1634,5dzh_5KG_A_900,1,unimol,0.88049164,0.056480815,15.589215,0,0.96594865,25.71
10620,235,15891,2270,6krs_CIT_J_301,1,unimol,0.7807195,0.056130479,13.909011,0,0.8965839,27.83
10621,235,15895,2270,6krs_CIT_J_301,5,autodock,0.66854735,0.055818025,11.977265,0,0.70145449,15.157625
10622,235,15863,2266,6krs_CIT_D_301,1,unimol,0.77939817,0.055131548,14.137062,0,0.93287703,26.03
10623,235,9024,1289,4l1x_STR_B_402,1,unimol,0.59320825,0.05500019,10.785566,0,0,19.91
10624,235,8545,1220,4i2p_G73_A_601,5,autodock,0.94073676,0.054449107,17.277357,0,0.99256628,162.68404
10625,235,15884,2269,6krs_CIT_I_301,1,unimol,0.75566316,0.054329033,13.909011,0,0.93918274,24.34
10626,235,1622,231,1luq_BTN_B_5200,5,autodock,0.52418971,0.054160536,9.678443,0,0,6.9983142
10627,235,3601,514,2bk3_FOF_A_1503,3,diffdock_l,0.15522665,0.053417354,2.9059207,0,6.5068983e-60,33.057776
10628,235,11366,1623,5dne_ASN_D_601,5,autodock,0.64568399,0.053190596,12.139062,0,0.34306394,26.418415
10629,235,5531,790,2x05_X05_A_1900,1,unimol,0.80961261,0.053168046,15.227427,0,0,21.73
10630,235,15408,2201,6gck_EUB_A_302,1,unimol,0.80898438,0.052672127,15.35887,0,0.99210447,20.14
10631,235,299,42,1diw_GAL_A_1400,5,autodock,0.36495128,0.052361103,6.969892,0,0.00096751677,17.927571
10632,235,1926,275,1o29_UFP_C_813,1,unimol,0.74199645,0.052288705,14.190376,0,0,18.97
10633,235,8541,1220,4i2p_G73_A_601,1,unimol,1.0579714,0.052229631,20.256151,0,0.99185268,25.6
10634,235,16061,2294,6ly4_TES_A_501,3,diffdock_l,0.16339099,0.05218096,3.1312368,0,2.033707e-16,25.73643
10635,235,8569,1224,4i4v_NGA_B_202,1,unimol,0.69899794,0.052099232,13.416664,0,0.97947437,20.33
10636,235,13140,1877,5njb_BB2_C_502,1,unimol,0.88920622,0.05181745,17.16036,0,0.95452207,31.07
10637,235,10592,1513,4zbc_GLC_A_408,1,unimol,0.60482876,0.051794967,11.677364,0,0,24.46
10638,235,8426,1203,4hoz_GLC_A_703,5,autodock,0.48718728,0.051761874,9.4120865,0,0.16245312,24.391674
10639,235,10550,1507,4zb2_GLC_A_403,1,unimol,0.61540472,0.051593214,11.928016,0,0.75531922,15.5
10640,235,1905,272,1o28_UFP_C_713,1,unimol,0.73637933,0.051566069,14.280307,0,0,23.63
10641,235,11117,1588,5c8w_PCG_F_302,1,unimol,0.74769101,0.051384428,14.550925,0,0,22.29
10642,235,13133,1876,5njb_BB2_A_502,1,unimol,0.88425745,0.0513335,17.225737,0,0.96036736,27.78
10643,235,16675,2382,6qdc_HXE_A_1003,1,unimol,0.86494726,0.051179931,16.900124,0,0.010210932,19.88
10644,235,9474,1353,4nkw_PLO_B_601,3,diffdock_l,0.15246923,0.051054159,2.9864204,0,1.0041295e-52,46.470426
10645,235,12276,1753,5hss_650_B_402,5,autodock,0.33373685,0.050952282,6.5499873,0,1.2270582e-05,10.930142
10646,235,5818,831,2z48_NGA_A_1004,1,unimol,0.59425929,0.050951136,11.663317,0,0.98465698,18.85
10647,235,5839,834,2z48_NGA_B_2004,1,unimol,0.59323117,0.050862986,11.663317,0,0.98066015,23.2
10648,235,5804,829,2z48_NGA_A_1002,1,unimol,0.59340897,0.050810531,11.678857,0,0.099840673,17.91
10649,235,9467,1352,4nkw_PLO_A_601,3,diffdock_l,0.15242608,0.050733223,3.0044618,0,3.1805989e-07,56.911062
10650,235,9488,1355,4nkw_PLO_D_601,3,diffdock_l,0.15231211,0.050695292,3.0044618,0,0,40.894668
10651,235,13238,1891,5o4k_9KE_A_405,1,unimol,0.86251824,0.050610427,17.042301,0,0.92683115,17.72
10652,235,1751,250,1mvc_BM6_A_200,1,unimol,0.90368306,0.050574362,17.868401,0,0.99215841,19.67
10653,235,8583,1226,4i4v_NGA_D_202,1,unimol,0.69888268,0.050423417,13.860279,0,0.97422943,17.97
10654,236,10491,1498,4ywd_NTM_A_704,5,autodock,0.30277537,0.067449467,4.4889207,0,0,13.557672
10655,236,2666,380,1u1g_BBB_B_4300,6,smina,0.24724867,0.063169391,3.9140573,0,0,9.4608439
10656,236,1895,270,1nux_F6P_A_2339,5,autodock,0.46599931,0.06119942,7.614439,0,6.3216665e-06,13.594122
10657,236,11110,1587,5c8w_PCG_D_302,1,unimol,0.75261624,0.060196688,12.502618,0,0,18.59
10658,236,7440,1062,4c2z_646_B_1498,6,smina,0.26270117,0.05997942,4.3798542,0,0,9.9273755
10659,236,15695,2242,6jea_NAG_A_501,1,unimol,0.75292658,0.059738469,12.603713,0,0.80222474,22.19
10660,236,11103,1586,5c8w_PCG_B_303,1,unimol,0.75238213,0.058486492,12.864202,0,0,18.66
10661,236,10487,1498,4ywd_NTM_A_704,1,unimol,0.59808795,0.057916844,10.326666,0,0.94738022,15.79
10662,236,5475,782,2whq_HI6_A_1543,1,unimol,0.59274911,0.057877437,10.241453,0,0,20.18
10663,236,523,74,1fsa_F6P_B_338,5,autodock,0.52010305,0.057831873,8.9933624,0,2.1935067e-05,13.623585
10664,236,645,92,1gij_2PU_A_501,1,unimol,0.84055756,0.056488894,14.880049,0,0,21.62
10665,236,14337,2048,5yaq_ISE_D_402,1,unimol,0.74443243,0.055851101,13.328876,0,0,26.32
10666,236,7433,1061,4c2z_646_A_1498,6,smina,0.23289695,0.054516793,4.2720213,0,0,6.7569814
10667,236,14523,2074,5z54_0HZ_D_303,5,autodock,0.43552204,0.054437692,8.0003757,0,0,11.554141
10668,236,16868,2409,6rbx_JYT_A_301,5,autodock,0.4255689,0.054392267,7.824069,0,0,4.7439637
10669,236,14516,2073,5z54_0HZ_A_303,5,autodock,0.49475934,0.053988196,9.1642122,0,0,20.395115
10670,236,14638,2091,6a2m_UMP_B_703,1,unimol,0.90114962,0.049694523,18.13378,0,0,23.2
10671,236,8398,1199,4hgg_SYN_B_502,5,autodock,0.33168303,0.049423309,6.7110639,0,5.8029756e-07,2.4565384
10672,236,14652,2093,6a2n_UMP_B_703,1,unimol,0.90049097,0.049226194,18.292921,0,0,21.29
10673,236,1678,239,1m3u_KPL_J_265,5,autodock,0.58795412,0.049082894,11.978798,0,0.99064025,8.6387068
10674,236,8391,1198,4hgg_SYN_A_502,5,autodock,0.3234682,0.048199236,6.7110639,0,3.0328448e-07,2.6219901
10675,236,14631,2090,6a2m_UMP_A_703,1,unimol,0.90644707,0.048085645,18.850677,0,0,21.68
10676,236,3967,566,2f3s_7GP_A_998,5,autodock,0.74847802,0.047459052,15.771027,0,0,14.390365
10677,236,3249,464,1zha_PEP_B_2268,1,unimol,0.59159626,0.04743972,12.470483,0,0.97050759,15.63
10678,236,14397,2056,5ybl_AKG_A_302,5,autodock,0.35982647,0.047021549,7.6523728,0,0.0026986935,6.2985624
10679,236,1151,164,1ixo_G3P_B_1002,3,diffdock_l,0.14137042,0.046534467,3.0379713,0,0,27.413492
10680,236,16504,2357,6pk1_3PY_A_502,5,autodock,0.34228954,0.046310854,7.391129,0,4.6268683e-06,4.4072477
10681,236,3865,552,2e56_MYR_A_701,1,unimol,0.87532239,0.04618563,18.952265,0,0.96573115,27.22
10682,237,9357,1336,4n4j_HG1_A_607,5,autodock,0.35344577,0.071535179,4.9408655,0,1.2281019e-10,5.4862471
10683,237,11054,1579,5bkd_RCF_B_503,1,unimol,0.80750098,0.069966219,11.541297,0,0,23.69
10684,237,460,65,1fk1_DAO_A_201,5,autodock,0.32646281,0.066583063,4.90309,0,0,9.1224814
10685,237,17256,2465,6tot_NRK_A_401,1,unimol,0.79065231,0.063830646,12.386719,0,0.97666494,23.69
10686,237,17263,2466,6tot_NRK_B_401,1,unimol,0.78231507,0.062349763,12.547201,0,0.97663485,21.61
10687,237,16269,2324,6ngp_KKY_A_803,1,unimol,0.84083845,0.062226973,13.512443,0,0.98926935,25.18
10688,237,5398,771,2w0b_CMW_A_1450,1,unimol,0.59381428,0.058897075,10.082236,0,0.86660758,22.89
10689,237,17599,2514,6yta_IYZ_A_702,1,unimol,0.88307093,0.058125087,15.192595,0,0.9046758,20.58
10690,237,6770,967,3wjz_NUP_A_301,1,unimol,0.81817202,0.057647281,14.192724,0,0,17.77
10691,237,13361,1908,5syi_NIZ_A_805,5,autodock,0.36446324,0.057621476,6.3251276,0,0,4.7327243
10692,237,9315,1330,4mux_2E4_A_402,5,autodock,0.4095881,0.057445489,7.1300297,0,0,15.216723
10693,237,17435,2490,6vo2_R67_A_403,5,autodock,0.35107483,0.055712828,6.301507,0,0,6.5312241
10694,237,14449,2064,5ybq_AKG_B_302,1,unimol,0.59379505,0.054061539,10.983686,0,0.9799796,21.36
10695,237,8884,1269,4jzx_476_A_402,1,unimol,0.86209619,0.053990307,15.967609,0,0.88049137,17.13
10696,237,13511,1930,5thu_B3N_A_404,1,unimol,0.82444694,0.052828179,15.606195,0,0.9608277,24.04
10697,237,13837,1976,5vl0_BNF_B_404,5,autodock,0.4517564,0.052632313,8.583251,0,0,4.5224702
10698,237,4075,582,2fr6_CTN_A_1001,1,unimol,0.90412464,0.052331135,17.276991,0,0.98471502,19.66
10699,237,4082,583,2fr6_CTN_C_1003,1,unimol,0.9091047,0.052321148,17.375471,0,0,20.78
10700,237,4089,584,2fr6_CTN_D_1004,1,unimol,0.9088762,0.052307998,17.375471,0,0.98414229,18.99
10701,237,4397,628,2ixi_TYD_B_1182,1,unimol,0.88347843,0.052054162,16.97229,0,0,17.27
10702,237,16248,2321,6ng5_KMD_A_803,1,unimol,0.81416552,0.051996051,15.658217,0,0.9844779,20.83
10703,237,14215,2030,5xmq_PLG_A_501,5,autodock,0.8383032,0.051865741,16.162945,0,0.98132607,28.066355
10704,237,8870,1267,4jwx_1N4_A_301,1,unimol,0.87417795,0.051027672,17.131447,0,0.96906381,20.28
10705,237,16815,2402,6r5o_BGC_B_802,1,unimol,0.60337643,0.050981995,11.835088,0,0,23.2
10706,237,12132,1733,5gzz_JAA_A_601,1,unimol,0.59380802,0.050735136,11.704078,0,0.80081838,29.5
10707,237,14134,2019,5x6r_7ZR_A_402,1,unimol,0.84447481,0.050708492,16.653517,0,0.96677782,23.05
10708,237,13830,1975,5vl0_BNF_A_404,5,autodock,0.46288178,0.050602769,9.1473598,0,0,4.8584775
10709,237,10039,1434,4ugg_S5D_A_904,1,unimol,0.60970239,0.050466686,12.081284,0,0.97986887,22.03
10710,237,16801,2400,6r5o_BGC_A_802,1,unimol,0.59409308,0.049897621,11.90624,0,0,19.68
10711,237,17557,2508,6xzx_O5H_B_302,1,unimol,0.80088706,0.049881434,16.055813,0,0.98645791,24.97
10712,237,10890,1555,5a8k_TP7_A_558,5,autodock,1.0034681,0.049564575,20.245668,0,0.98938108,76.665689
10713,237,15219,2174,6fa1_D2Z_B_203,1,unimol,0.61506109,0.048965139,12.561203,0,0.98597812,35.37
10714,237,11544,1649,5eo7_SFU_B_405,1,unimol,0.82050259,0.048826626,16.804407,0,0.95929019,21.55
10715,237,15226,2175,6fa1_D2Z_F_203,1,unimol,0.60452266,0.048822699,12.381999,0,0,23.07
10716,237,12909,1844,5la1_XYP_A_602,1,unimol,0.59900603,0.048707422,12.298043,0,0.96419172,20.08
10717,237,11558,1651,5eo7_SFU_C_402,1,unimol,0.82555066,0.048417121,17.050798,0,0.90657278,17.96
10718,237,15842,2263,6k92_GT0_B_602,1,unimol,0.88905421,0.048278103,18.415266,0,0.98208068,21.28
10719,237,11579,1654,5eo7_SFU_C_405,1,unimol,0.82140365,0.048173906,17.050798,0,0.89753061,18.31
10720,237,5662,808,2xyj_WLM_A_1442,6,smina,0.21483091,0.048150914,4.4616156,0,0,13.601991
10721,237,11502,1643,5eo7_SFU_A_401,1,unimol,0.77682607,0.048118429,16.144043,0,0.90897838,19.07
10722,237,10897,1556,5a8k_TP7_D_554,5,autodock,1.0071614,0.04792069,21.017254,0,0.99067126,84.458707
10723,237,11516,1645,5eo7_SFU_A_403,1,unimol,0.77487573,0.047910139,16.173521,0,0.93299468,22.52
10724,237,15212,2173,6fa1_D2Z_A_203,1,unimol,0.59411184,0.047904392,12.402032,0,0.7693485,41.99
10725,237,11509,1644,5eo7_SFU_A_402,1,unimol,0.82235474,0.047447013,17.332064,0,0.93662884,19.29
10726,237,3088,441,1y5v_NE8_A_500,1,unimol,0.75032664,0.047025935,15.955591,0,0,25.35
10727,237,9367,1338,4n5p_2H0_E_412,1,unimol,0.83960965,0.047001898,17.863312,0,0.98671827,30.03
10728,237,1548,221,1lfw_AEP_A_683,1,unimol,0.59379642,0.046972619,12.64133,0,0.96861445,19.43
10729,237,8769,1252,4ixw_IXW_B_302,5,autodock,0.34933096,0.046776506,7.4680848,0,0.0091393461,6.8459146
10730,237,13368,1909,5syi_NIZ_B_805,5,autodock,0.31603475,0.046713823,6.765336,0,0,5.8231357
10731,237,16115,2302,6md2_GW9_B_501,1,unimol,0.59381351,0.046683934,12.719868,0,0.93732375,23.66
10732,238,8445,1206,4hxk_1AJ_A_201,3,diffdock_l,0.12885818,0.070708321,1.8223897,0,7.0861957e-06,8.5871696
10733,238,12496,1785,5ita_6DC_A_801,1,unimol,0.90910677,0.066230382,13.72643,0,0.98794143,27.82
10734,238,10403,1486,4xzh_48I_B_402,1,unimol,0.89876768,0.063985082,14.046518,0,0.99381686,16.84
10735,238,10396,1485,4xzh_48I_A_402,1,unimol,0.89882338,0.063935845,14.058207,0,0.98719046,20.41
10736,238,12503,1786,5ita_6DC_B_801,1,unimol,0.8246976,0.060833358,13.556666,0,0.98211419,20.33
10737,238,12692,1813,5jfx_6K4_A_4000,1,unimol,0.88091726,0.057965899,15.197163,0,0.8724129,23.28
10738,238,17134,2447,6t10_M6Z_A_601,5,autodock,0.42726965,0.05532179,7.723351,0,0,7.4403743
10739,238,13389,1912,5t6b_TMP_B_504,5,autodock,0.47311283,0.053904119,8.7769318,0,0,10.004481
10740,238,10904,1557,5abz_Z47_A_201,5,autodock,0.41471079,0.053896311,7.6946034,0,0,14.785093
10741,238,16334,2333,6nni_CP6_A_203,3,diffdock_l,0.15021037,0.052626338,2.8542802,0,0.98756361,18.56053
10742,238,16164,2309,6n0z_DP6_B_401,1,unimol,1.0602019,0.052282787,20.278219,0,0.87887475,27.92
10743,238,1167,166,1j0n_CEG_A_780,5,autodock,0.2703933,0.052131888,5.1867151,0,0.00039239251,21.357091
10744,238,2290,327,1r4f_AD3_B_330,1,unimol,0.59745446,0.051750758,11.544844,0,0.28485877,21.58
10745,238,10053,1436,4uoc_NCN_B_400,1,unimol,0.747478,0.051513775,14.510254,0,0,21.71
10746,238,15170,2167,6f76_CVK_C_203,1,unimol,0.89797373,0.050808133,17.673817,0,0.80154271,21.56
10747,238,8520,1217,4i0b_CMP_A_301,1,unimol,0.82859404,0.05067329,16.35169,0,0.99449971,15.67
10748,238,14085,2012,5x2m_GLN_A_951,1,unimol,0.81336567,0.050543701,16.092323,0,0,25.64
10749,238,13385,1912,5t6b_TMP_B_504,1,unimol,0.74098382,0.050197193,14.761458,0,0,35.36
10750,238,12766,1823,5jtu_6NE_A_902,5,autodock,0.91037934,0.049761806,18.294739,0,0.99641352,71.85279
10751,238,1965,280,1o6g_SIN_A_724,5,autodock,0.44868563,0.049469949,9.0698614,0,2.8905475e-08,10.926333
10752,238,9679,1382,4q3a_2YC_B_904,5,autodock,0.53720038,0.049457858,10.861779,0,0,12.735626
10753,238,4793,684,2pt6_S4M_A_501,5,autodock,1.00585,0.049445032,20.342791,0,0.98878402,528.01106
10754,238,12846,1835,5kmj_6UF_A_901,1,unimol,0.90615823,0.049375242,18.35248,0,0.99438944,23.85
10755,238,17473,2496,6wiw_I14_A_601,1,unimol,0.85584507,0.049038266,17.452595,0,0.89293307,24.55
10756,238,1244,177,1j54_TMP_A_2000,5,autodock,0.42388375,0.048940891,8.6611357,0,0,8.8708006
10757,238,2885,412,1w55_C_A_1372,1,unimol,0.59753651,0.048408159,12.343714,0,0.94860626,28.29
10758,238,7638,1091,4cme_KTZ_C_1270,1,unimol,0.91069323,0.048135362,18.91942,0,0,18.72
10759,238,15396,2199,6g3f_FUM_A_601,3,diffdock_l,0.1327586,0.048005872,2.765465,0,6.1094048e-67,13.47261
10760,238,16535,2362,6pna_M16_B_803,1,unimol,0.82855545,0.04792602,17.288216,0,0.97516257,22.72
10761,238,10312,1473,4xfh_CYS_A_502,1,unimol,0.63110203,0.047535901,13.276323,0,0.81774772,14.34
10762,238,12769,1824,5k2c_ZMA_A_1201,1,unimol,0.72088898,0.047411118,15.205061,0,0.99248909,25.71
10763,238,17610,2515,6zac_QDE_A_4000,5,autodock,0.52863136,0.047268006,11.183702,0,0,9.5006219
10764,238,7645,1092,4cme_KTZ_D_1270,1,unimol,0.89280434,0.047189831,18.91942,0,0,18.61
10765,238,7624,1089,4cme_KTZ_A_1270,1,unimol,0.9106033,0.047188735,19.297047,0,0,19.67
10766,238,7631,1090,4cme_KTZ_B_1270,1,unimol,0.91000527,0.047157744,19.297047,0,0,19.36
10767,238,13018,1859,5m66_ADN_B_502,5,autodock,0.9128368,0.046941628,19.446209,0,0.97340726,85.462876
10768,238,1422,203,1klk_PMD_A_653,1,unimol,0.91104891,0.046810304,19.46257,0,0.98386265,23.55
10769,238,7869,1124,4dch_4DC_A_502,1,unimol,0.83692707,0.046749939,17.902205,0,0,24.92
10770,238,14428,2061,5ybq_8T0_A_303,1,unimol,0.90090038,0.046708704,19.287632,0,0,22.32
10771,238,9714,1387,4q40_VAL_D_403,5,autodock,0.38843097,0.046485516,8.3559561,0,0.00064083493,5.6048016
10772,238,5433,776,2wd2_MS5_A_1263,1,unimol,0.72999592,0.046352647,15.748742,0,0.96556406,24.69
10773,238,16178,2311,6n0z_DP6_E_401,1,unimol,0.90674619,0.046255781,19.602871,0,0.93371131,24.27
10774,238,5381,768,2vsu_V55_D_1251,5,autodock,0.42476308,0.045956413,9.2427368,0,2.8671276e-07,67.936153
10775,238,16161,2308,6mwl_K5G_B_301,5,autodock,0.42354103,0.04572663,9.2624578,0,0,9.0107985
10776,238,5041,720,2qs2_UBF_B_602,1,unimol,0.79472367,0.045713758,17.384779,0,0.98449707,21.65
10777,238,13011,1858,5m66_ADN_A_502,5,autodock,0.89134969,0.045689026,19.509052,0,0.97249574,46.062682
10778,238,14659,2094,6a3j_SOE_A_402,1,unimol,0.83091003,0.045662579,18.196737,0,0,19.57
10779,238,12500,1785,5ita_6DC_A_801,5,autodock,0.51387019,0.045651283,11.256423,0,0,25.666087
10780,238,11203,1600,5cpn_531_A_401,3,diffdock_l,0.13998692,0.045432323,3.0812178,0,2.641969e-45,28.440597
10781,238,8450,1207,4hzf_CMP_A_301,1,unimol,0.82199534,0.045384469,18.111818,0,0.99347446,22.57
10782,239,9913,1416,4tqi_6BD_A_201,1,unimol,0.88719443,0.067801251,13.085221,0,0,24.4
10783,239,2332,333,1rvt_NDG_H_742,1,unimol,0.60268408,0.060281469,9.9978323,0,0,22.22
10784,239,2857,408,1w1a_NDG_1_1261,1,unimol,0.6022566,0.054668538,11.016511,0,0.91813182,14.7
10785,239,13273,1896,5oew_9TE_C_301,1,unimol,0.81379421,0.054140674,15.031105,0,0.96287768,25.19
10786,239,13490,1927,5tdt_MBN_A_503,1,unimol,0.91764414,0.050173069,18.289574,0,0.17139023,21.27
10787,239,2553,364,1tkj_MED_A_913,5,autodock,0.25251413,0.050155076,5.0346665,0,0.68288373,14.001042
10788,239,9955,1422,4u8p_UDP_C_603,1,unimol,0.89713708,0.050041722,17.92778,0,0,26.53
10789,239,12006,1715,5g4r_LF1_A_1739,1,unimol,0.80177326,0.048430597,16.555096,0,0.9900072,25.88
10790,239,3757,536,2coj_GBN_A_420,5,autodock,0.36243956,0.048061096,7.5412245,0,0.0027675237,14.148021
10791,239,14295,2042,5y7r_58K_B_403,1,unimol,0.60242357,0.047975756,12.556832,0,0.99361126,18.94
10792,239,14099,2014,5x5d_UMP_A_401,1,unimol,0.90479191,0.047745922,18.950138,0,0,20.68
10793,239,12738,1819,5joy_6LW_B_602,5,autodock,0.34666795,0.047630931,7.2782097,0,5.1603623e-06,10.837233
10794,239,2360,337,1s3u_TQD_A_187,1,unimol,0.83082132,0.047077886,17.647802,0,0.98836486,19.37
10795,239,14127,2018,5x5d_UMP_E_401,1,unimol,0.90492857,0.046971876,19.265326,0,0,21.23
10796,239,14106,2015,5x5d_UMP_B_401,1,unimol,0.90478848,0.04685409,19.310766,0,0,27.06
10797,239,89,12,1aiq_UMP_A_265,5,autodock,0.47818112,0.046707964,10.237678,0,0,9.0089286
10798,239,13497,1928,5tdt_MBN_D_501,1,unimol,0.83160202,0.04659124,17.84889,0,0.99120345,26.39
10799,239,3442,491,2agw_TSS_H_2001,5,autodock,0.27467538,0.046542836,5.9015598,0,0.00060172458,15.050914
10800,239,3435,490,2agw_TSS_D_3001,5,autodock,0.27746277,0.046446948,5.9737558,0,0.00058131117,13.001933
10801,239,2336,333,1rvt_NDG_H_742,5,autodock,0.29999521,0.046155957,6.499598,0,0.0011155813,8.2045679
10802,239,12027,1718,5g4r_LF1_D_1739,1,unimol,0.8079653,0.046021676,17.556189,0,0.9944272,23.76
10803,239,2507,358,1thc_FL9_A_130,1,unimol,0.60242363,0.045647567,13.197277,0,0.92919813,21.72
10804,239,17722,2531,7bzm_GIM_B_501,5,autodock,0.50242509,0.045417455,11.062378,0,0,28.423947
10805,239,10697,1528,4zu3_4SD_A_301,1,unimol,1.0410375,0.045400148,22.930265,0,0,18.95
10806,239,10704,1529,4zu3_4SD_B_301,1,unimol,1.0496803,0.045389256,23.126183,0,0.17594275,21.22
10807,239,7712,1101,4cvb_PQQ_A_1608,5,autodock,0.47029275,0.045032749,10.443349,0,4.8039679e-09,49.330421
10808,239,13266,1895,5oew_9TE_B_901,1,unimol,0.80058851,0.045031986,17.778217,0,0.99412695,25.28
10809,239,2927,418,1wmz_NGA_C_503,1,unimol,0.60182931,0.044238545,13.604183,0,0.96623915,15.57
10810,239,10204,1457,4wqq_MAN_C_204,5,autodock,0.35341948,0.04417962,7.9996033,0,0.0065261141,13.340033
10811,239,775,110,1h1i_QUE_C_1358,5,autodock,0.4688444,0.044130802,10.623971,0,0,1223.3296
10812,239,10197,1456,4wqq_MAN_B_204,5,autodock,0.35492392,0.043991381,8.0680323,0,0.0073662928,12.53329
10813,239,8646,1235,4i7n_1DJ_B_203,1,unimol,1.0603847,0.043766029,24.228485,0,0.99500498,18.97
10814,239,14113,2016,5x5d_UMP_C_401,1,unimol,0.859704,0.043688787,19.677908,0,0,20.82
10815,239,8079,1154,4ejh_0QA_A_502,1,unimol,0.86743987,0.043629198,19.882093,0,0.59102642,29.19
10816,239,4327,618,2i1v_FDP_B_710,1,unimol,0.69451731,0.043528872,15.955324,0,0.91477937,18
10817,239,6858,979,3wug_XYP_C_2,5,autodock,0.25257337,0.043527889,5.8025632,0,2.3731515e-05,8.2647021
10818,239,17715,2530,7bzm_GIM_A_501,5,autodock,0.48031716,0.043418976,11.062378,0,0,14.667201
10819,239,8979,1282,4kqx_HIO_B_401,5,autodock,0.37153891,0.042998362,8.6407681,0,0,9.2378475
10820,239,6469,924,3v8n_5NB_A_301,1,unimol,0.64627556,0.042938945,15.051034,0,0.96570269,17
10821,239,6781,968,3wk1_O7E_A_301,5,autodock,0.4335608,0.042580736,10.182087,0,0,11.060966
10822,239,11950,1707,5g09_6DF_B_1474,1,unimol,1.0604033,0.042382221,25.02,0,0.97162296,22.63
10823,239,10928,1561,5aew_BNL_I_462,1,unimol,1.0604033,0.042382221,25.02,0,0.94351381,34.64
10824,239,10529,1504,4z6p_DHY_C_403,1,unimol,1.0603844,0.042381467,25.02,0,0.98302604,17.85
10825,239,7029,1004,3zyx_MBT_A_601,1,unimol,0.89907664,0.042373579,21.217857,0,0,19.41
10826,239,3543,506,2b3f_GAL_F_3315,1,unimol,1.0591247,0.042331121,25.02,0,0.98768118,23.25
10827,239,11723,1674,5faj_DCS_D_401,5,autodock,0.82544494,0.042158899,19.579374,0,0.98258507,40.310543
10828,239,15846,2263,6k92_GT0_B_602,5,autodock,0.50322917,0.042131439,11.944266,0,0.0018684568,25.18126
10829,239,16385,2340,6o2z_LJV_A_500,5,autodock,0.43494241,0.042096097,10.33213,0,0.99453884,15.474506
10830,239,9021,1288,4l1x_STR_A_402,5,autodock,0.32619541,0.041771668,7.80901,0,0,51.662809
10831,239,13410,1915,5tbo_78Z_A_1001,5,autodock,0.51722654,0.041731015,12.394295,0,0,23.997089
10832,240,3825,546,2dm5_ODI_A_312,3,diffdock_l,0.14526697,0.11076057,1.3115395,0,0.17902372,11.665029
10833,240,11175,1596,5ci9_549_A_402,3,diffdock_l,0.14523572,0.090058531,1.6126804,0,1.1546201e-51,11.894094
10834,240,13126,1875,5nj0_8YW_A_301,1,unimol,0.90428756,0.066271714,13.64515,0,0.95160543,26.85
10835,240,11168,1595,5ci9_549_A_401,3,diffdock_l,0.12558965,0.065495075,1.9175425,0,0,12.053214
10836,240,13854,1979,5vut_9OG_A_803,1,unimol,0.89351193,0.064505207,13.851779,0,0.93234506,20.86
10837,240,15069,2152,6e43_BEZ_D_502,5,autodock,0.54987601,0.060106685,9.1483326,0,0.12659876,7.9360074
10838,240,14169,2024,5xdt_ZI7_A_403,1,unimol,0.85721593,0.05976477,14.343163,0,0.9912725,25.8
10839,240,15062,2151,6e43_BEZ_C_502,5,autodock,0.54394645,0.058278037,9.333643,0,0.10030501,7.6108649
10840,240,15048,2149,6e43_BEZ_A_502,5,autodock,0.54256549,0.058130082,9.333643,0,0.10423775,6.6690103
10841,240,4362,623,2ij7_TPF_D_2473,1,unimol,0.60724616,0.058091736,10.453227,0,0.73624655,27.09
10842,240,10512,1501,4z69_DIF_A_1006,5,autodock,0.4402757,0.056972216,7.727901,0,0,11.489998
10843,240,17277,2468,6tt4_FT8_A_709,1,unimol,0.90761992,0.056823728,15.97255,0,0.93501598,25.78
10844,240,4355,622,2ij7_TPF_C_2471,1,unimol,0.6072715,0.056077366,10.829172,0,0.96741354,28.41
10845,240,13875,1982,5vuu_9OJ_B_803,1,unimol,0.8025643,0.05537644,14.492883,0,0.97720375,25.65
10846,240,13770,1967,5uo3_8EY_B_804,1,unimol,0.89737017,0.055115126,16.281738,0,0.98067482,23.48
10847,240,10746,1535,4zvv_GN0_B_404,1,unimol,0.8767449,0.054286124,16.15044,0,0,27.51
10848,240,9311,1330,4mux_2E4_A_402,1,unimol,0.68373981,0.053842981,12.698772,0,0,19.93
10849,240,17452,2493,6vv9_RQ1_B_304,1,unimol,0.70051975,0.053434892,13.10978,0,0.94839311,19.68
10850,240,17284,2469,6tt4_FT8_B_711,1,unimol,0.81841581,0.05312907,15.404293,0,0.94421967,22.49
10851,240,8793,1256,4j4b_0TF_B_301,1,unimol,0.89003537,0.050816639,17.514643,0,0,24.55
10852,240,9525,1360,4o7g_ASC_B_304,5,autodock,0.25515855,0.050586805,5.0439734,0,0.0017746249,8.4266594
10853,240,15786,2255,6jyg_FLC_C_401,1,unimol,0.89924043,0.050335946,17.864775,0,0.74389791,24.29
10854,240,11964,1709,5g09_6DF_D_1476,1,unimol,1.0326826,0.04995876,20.6707,0,0,23.41
10855,240,7463,1066,4can_M7K_B_800,1,unimol,0.6072615,0.049620036,12.238231,0,0.9803628,26.77
10856,240,4926,703,2qcx_PF1_B_300,5,autodock,0.43163069,0.049190417,8.7746897,0,0,16.624559
10857,240,3165,452,1zb6_GST_A_502,1,unimol,0.6182836,0.049138239,12.582534,0,0.91291662,24.2
10858,240,10739,1534,4zvv_GN0_A_405,1,unimol,0.81096964,0.049001816,16.549786,0,0.7820357,22.51
10859,240,11691,1670,5f79_4V7_A_4000,1,unimol,0.89562168,0.048791308,18.356171,0,0,20.23
10860,241,1804,257,1nf0_13P_B_1150,5,autodock,0.29766501,0.06307366,4.7193227,0,0.0042045637,8.8952367
10861,241,17172,2453,6tbx_N0Z_D_302,1,unimol,0.60244869,0.059890299,10.059202,0,0.98290155,24.43
10862,241,7425,1060,4c2p_X8Z_A_709,5,autodock,0.50911836,0.059800769,8.5135746,0,0,8.7991763
10863,241,17165,2452,6tbx_N0Z_A_302,1,unimol,0.61021631,0.059129156,10.320057,0,0.98603214,21.15
10864,241,16024,2289,6lql_F0C_A_702,1,unimol,0.89761811,0.05797506,15.482831,0,0,17.24
10865,241,15128,2161,6f48_XQB_A_302,1,unimol,0.61125008,0.055749382,10.964248,0,0,14.35
10866,241,17410,2487,6vmz_R3P_A_404,1,unimol,0.74170722,0.052762654,14.057427,0,0.88964592,24.18
10867,241,17613,2516,6zi7_QR8_A_502,1,unimol,0.7500797,0.052316151,14.33744,0,0.92625916,28.34
10868,241,17641,2520,6zi7_QR8_F_503,1,unimol,0.74844015,0.052062,14.375938,0,0.91595984,26.61
10869,241,16752,2393,6qot_6SD_B_301,1,unimol,0.74978996,0.050291449,14.908895,0,0.99433931,25.38
10870,241,17627,2518,6zi7_QR8_C_502,1,unimol,0.72446608,0.049723507,14.56989,0,0.92444065,25.15
10871,241,1800,257,1nf0_13P_B_1150,1,unimol,0.61443153,0.048121995,12.768205,0,0,16.5
10872,241,10956,1565,5agn_4JK_A_800,1,unimol,0.61125515,0.04756683,12.850449,0,0.95312571,22.58
10873,241,10963,1566,5agn_4JK_B_800,1,unimol,0.61125025,0.047566449,12.850449,0,0.93870554,25.05
10874,241,10718,1531,4zu3_4SD_C_301,1,unimol,0.80305115,0.046470711,17.2808,0,0.85692165,22.29
10875,241,10725,1532,4zu3_4SD_D_301,1,unimol,0.81788259,0.046174309,17.712934,0,0.9617154,25.13
10876,241,7834,1119,4d5e_TPP_B_1590,1,unimol,0.81975293,0.045969365,17.83259,0,0,28.38
10877,241,4656,665,2o7b_HC4_E_701,1,unimol,0.90592013,0.045944884,19.717539,0,0.9877603,33.49
10878,241,7652,1093,4cmk_FQW_A_1270,1,unimol,0.896946,0.045940199,19.524206,0,0.95357381,24.02
10879,241,16105,2300,6m9b_BTN_D_201,5,autodock,0.50589416,0.045538532,11.109144,0,0,46.289568
10880,241,7673,1096,4cmk_FQW_D_1270,1,unimol,0.90201289,0.045196509,19.957577,0,0.94127894,21.41
10881,241,4789,684,2pt6_S4M_A_501,1,unimol,0.82269124,0.044996919,18.283278,0,0.96804149,20.42
10882,241,6004,857,2zwt_CAM_A_422,5,autodock,0.26815883,0.04492736,5.968719,0,0,4.2491848
10883,241,5195,742,2tmk_ATM_A_217,1,unimol,0.90183208,0.044880418,20.094109,0,0,18
10884,241,3589,512,2bgc_DTT_F_1238,5,autodock,0.38823094,0.044743785,8.6767559,0,0.037766753,11.692941
10885,241,4642,663,2o7b_HC4_C_701,1,unimol,0.90581593,0.044725762,20.252665,0,0.98769799,30.19
10886,241,8891,1270,4jzx_IPE_A_401,1,unimol,0.61120327,0.04467804,13.680171,0,0.97079023,20.55
10887,241,4635,662,2o7b_HC4_A_701,1,unimol,0.90481313,0.044676247,20.252665,0,0.98904931,29.57
10888,241,4649,664,2o7b_HC4_D_701,1,unimol,0.90470991,0.044671151,20.252665,0,0,29.06
10889,241,7701,1100,4crg_J4X_A_1493,1,unimol,0.69564021,0.044506234,15.630174,0,0.98255946,21.43
10890,241,9241,1320,4mju_27S_A_501,1,unimol,0.79051647,0.044236918,17.87006,0,0,25.55
10891,241,15758,2251,6jws_PT1_B_801,1,unimol,0.90998464,0.044213495,20.581602,0,0,23.73
10892,241,7666,1095,4cmk_FQW_C_1270,1,unimol,0.90300622,0.044021188,20.512989,0,0.9273197,22.78
10893,241,16493,2356,6p9t_O5D_A_307,1,unimol,0.61125292,0.0439001,13.923724,0,0.91543393,29.41
10894,241,16091,2298,6m9b_BTN_B_201,5,autodock,0.48632954,0.043777405,11.109144,0,0,16.194172
10895,241,17414,2487,6vmz_R3P_A_404,5,autodock,0.4713048,0.043652014,10.796862,0,0,5.9922639
10896,241,17424,2489,6vmz_R3P_E_403,1,unimol,0.61125012,0.043482357,14.057427,0,0.94925063,21.32
10897,241,16101,2300,6m9b_BTN_D_201,1,unimol,0.90833935,0.043462201,20.899523,0,0.96285678,18.91
10898,241,15751,2250,6jws_PT1_A_801,1,unimol,0.90802851,0.043403922,20.920424,0,0,23.81
10899,241,3666,523,2c3d_COM_A_1526,5,autodock,0.31301661,0.043312717,7.2268977,0,2.4102425e-05,15.817766
10900,241,3673,524,2c3d_COM_B_1525,5,autodock,0.312364,0.043283252,7.2167397,0,7.3293983e-06,15.305929
10901,241,17634,2519,6zi7_QR8_D_502,1,unimol,0.61112227,0.042968676,14.222506,0,0.90169411,24.91
10902,241,9101,1300,4lek_1DN_X_202,1,unimol,0.7438292,0.042839099,17.363323,0,0.99418086,17.26
10903,241,12097,1728,5gwt_SIN_C_301,1,unimol,0.70425329,0.042389589,16.613825,0,0.22806921,27.04
10904,241,1615,230,1luq_BTN_A_5100,5,autodock,0.43094981,0.042320486,10.183006,0,0,5.6299949
10905,241,3571,510,2bf7_HBI_C_1290,1,unimol,0.60927419,0.042157858,14.452209,0,0,25.86
10906,241,1440,205,1km6_OMP_A_2001,5,autodock,0.58811337,0.041896232,14.03738,0,0.61630842,17.261243
10907,241,2423,346,1sjc_SMG_B_1100,1,unimol,0.98715004,0.041834254,23.596691,0,0.93954584,22.88
10908,241,17323,2474,6ufd_Q6D_A_305,5,autodock,0.41805247,0.041597655,10.049904,0,0,9.6627281
10909,241,9672,1381,4q3a_2YC_A_904,5,autodock,0.47865784,0.041578086,11.512261,0,0,9.5453296
10910,242,6266,895,3t3q_9PL_A_501,1,unimol,0.82473301,0.066718164,12.361445,0,0,26.8
10911,242,3253,464,1zha_PEP_B_2268,5,autodock,0.338888,0.056591756,5.9882917,0,0.0032532312,6.1779792
10912,242,13392,1913,5t6b_TMP_D_503,1,unimol,0.61914726,0.05468858,11.321325,0,0,27.55
10913,242,15940,2277,6l86_LMR_A_302,1,unimol,0.88791295,0.051538196,17.228249,0,0.063331167,21.38
10914,242,17235,2462,6toj_NQQ_A_201,1,unimol,0.77659549,0.049632385,15.64695,0,0.98904011,26.06
10915,242,15716,2245,6jmd_BVO_A_408,1,unimol,0.90964625,0.04941988,18.406483,0,0.99350664,17.12
10916,242,15968,2281,6l86_LMR_D_302,1,unimol,0.85673891,0.049273307,17.387484,0,0.030345472,17.82
10917,242,6273,896,3t3q_9PL_B_501,1,unimol,0.59976667,0.048519134,12.361445,0,0,23.38
10918,242,6280,897,3t3q_9PL_D_501,1,unimol,0.60031831,0.048273006,12.4359,0,0,24.21
10919,242,9689,1384,4q40_VAL_A_403,1,unimol,0.61915233,0.048004511,12.897794,0,0,21.06
10920,242,9703,1386,4q40_VAL_C_404,1,unimol,0.61915115,0.04800442,12.897794,0,0,20.66
10921,242,9696,1385,4q40_VAL_B_403,1,unimol,0.61914774,0.048004155,12.897794,0,0.00019816725,22.28
10922,242,6088,869,3qt8_FM0_B_328,5,autodock,0.57216946,0.045857528,12.47711,0,7.0130437e-05,18.113199
10923,242,6084,869,3qt8_FM0_B_328,1,unimol,0.85845446,0.045295349,18.952374,0,0.95611105,20.23
10924,242,3851,550,2e56_MYR_A_501,1,unimol,0.80025186,0.044756111,17.88028,0,0.92168717,24.44
10925,242,12983,1854,5m0t_AKG_A_302,5,autodock,0.30896921,0.04473682,6.906373,0,4.5728452e-06,7.6554231
10926,242,12990,1855,5m0t_AKG_B_302,5,autodock,0.3052743,0.044394442,6.8764071,0,4.5188032e-06,8.2499467
10927,242,8737,1248,4iph_1FJ_A_202,1,unimol,0.61842069,0.043379815,14.255954,0,0,32.35
10928,242,7841,1120,4d6z_PK9_A_1600,1,unimol,0.61914504,0.043336632,14.286874,0,0.74007658,25.77
10929,242,7222,1031,4al9_GLA_C_1123,5,autodock,0.51318965,0.043289343,11.854872,0,0.0053556945,14.229541
10930,242,7243,1034,4al9_GLA_G_1123,5,autodock,0.51104178,0.043108163,11.854872,0,0.0049582242,11.9547
10931,242,6553,936,3vnj_PSJ_B_301,1,unimol,0.88448605,0.043048121,20.546448,0,0,19.22
10932,242,14586,2083,5zpt_HY1_A_702,5,autodock,0.42507359,0.042973811,9.8914557,0,0,10.456
10933,242,15965,2280,6l86_LMR_C_302,5,autodock,0.46803015,0.042866986,10.918195,0,0.0042308176,9.1259135
10934,242,17774,2539,7kje_NRD_A_405,1,unimol,0.63160383,0.042800212,14.757025,0,0.66866689,20.22
10935,242,15961,2280,6l86_LMR_C_302,1,unimol,0.745319,0.042445025,17.559629,0,0,19.75
10936,242,13844,1977,5vl0_BNF_C_404,5,autodock,0.41635735,0.042422618,9.8145123,0,0,4.9153775
10937,242,15730,2247,6jme_BVU_A_409,1,unimol,0.90907604,0.042414559,21.433111,0,0.99573727,23.72
10938,242,418,59,1eow_U2G_A_130,5,autodock,0.35829283,0.042368205,8.4566431,0,0,12.94028
10939,242,11873,1696,5fqf_NGA_A_1589,1,unimol,0.74987319,0.042148878,17.791058,0,0.97663452,26.43
10940,242,6385,912,3ucc_2PG_A_601,1,unimol,0.76832507,0.042066837,18.264387,0,0,22.98
10941,242,61,8,1aer_TIA_B_700,5,autodock,0.28498073,0.041750312,6.8258338,0,0,5.3242215
10942,242,8310,1187,4h4c_10D_B_402,1,unimol,0.6111455,0.04149547,14.728004,0,0.90521305,22.01
10943,242,5801,828,2z48_A2G_B_2005,5,autodock,0.51078403,0.041309681,12.364753,0,3.0247217e-07,10.165811
10944,242,5618,802,2xta_TPP_D_2001,4,gnina,0.43069248,0.041233283,10.445262,0,0,17.64348
10945,242,16171,2310,6n0z_DP6_C_401,1,unimol,0.90243152,0.041204533,21.901266,0,0.80766327,22.64
10946,242,5230,747,2uyv_TLA_B_1275,1,unimol,0.65985563,0.041160433,16.031307,0,0,23.32
10947,242,3347,478,1zuw_DGL_A_1301,1,unimol,0.76793412,0.041107268,18.681223,0,0.98705009,22.27
10948,242,4824,689,2pwf_BGC_D_9999,1,unimol,0.89467952,0.041086442,21.775539,0,0.77324991,25.04
10949,242,11278,1611,5ddu_PMP_C_601,1,unimol,0.92602515,0.041029826,22.569559,0,0.98647136,24.92
10950,242,8695,1242,4i9n_1E6_C_401,1,unimol,1.0323236,0.04092162,25.226849,0,0.97467738,27.5
10951,242,8681,1240,4i9n_1E6_A_401,1,unimol,1.0317789,0.040900028,25.226849,0,0.98345979,24.39
10952,242,11264,1609,5ddu_PMP_A_601,1,unimol,0.8981331,0.040845685,21.988443,0,0.98548249,25.02
10953,242,1660,237,1m3u_KPL_G_265,1,unimol,0.81689594,0.040749578,20.046732,0,0.85666867,23
10954,242,11285,1612,5ddu_PMP_D_601,1,unimol,0.93270846,0.040715042,22.908201,0,0.99089148,23.3
10955,242,5220,745,2uyv_TLA_A_1275,5,autodock,0.37415978,0.040632157,9.2084637,0,0.16819538,8.4459696
10956,242,11271,1610,5ddu_PMP_B_601,1,unimol,0.8882977,0.040398386,21.988443,0,0.98889566,19.51
10957,242,14456,2065,5yfj_RUB_A_401,1,unimol,1.0160794,0.040277695,25.226849,0,0.96737131,23.88
10958,242,14950,2135,6cut_FEJ_B_401,5,autodock,1.0133891,0.040171052,25.226849,0,0.9683978,33.169258
10959,242,14943,2134,6cut_FEJ_A_401,5,autodock,1.0129552,0.040153852,25.226849,0,0.98164583,29.8738
10960,243,14771,2110,6ba2_7KM_A_809,1,unimol,0.92915746,0.06382447,14.558012,0,0.99520573,19.09
10961,243,16948,2421,6rq3_OUC_A_401,1,unimol,0.6225841,0.060543477,10.283256,0,0.9571468,19.02
10962,243,2094,299,1pi3_TZD_A_530,1,unimol,0.88686901,0.058399504,15.186241,0,0,25.82
10963,243,7309,1044,4bbx_LKF_B_1760,1,unimol,0.77231721,0.055663718,13.874696,0,0,18.69
10964,243,9574,1367,4oxy_1TN_B_302,5,autodock,0.5107779,0.054785712,9.3231945,0,0,13.104946
10965,243,16423,2346,6ofr_BOG_A_805,1,unimol,0.61759061,0.054411229,11.350425,0,0.15842019,22.72
10966,243,4199,599,2g9z_VNP_B_601,6,smina,0.20383971,0.05323618,3.8289685,0,7.9841998e-08,9.9470915
10967,243,16416,2345,6ofr_BOG_A_804,1,unimol,0.61742749,0.052887177,11.674426,0,0,29.08
10968,243,16409,2344,6ofr_BOG_A_803,1,unimol,0.61752926,0.052801937,11.6952,0,0,21.49
10969,243,14540,2077,5zg2_ZK1_A_901,1,unimol,0.89172283,0.052378698,17.02453,0,0,24.8
10970,243,16402,2343,6ofr_BOG_A_802,1,unimol,0.62124707,0.05237018,11.86261,0,0.97883327,22.32
10971,243,2311,330,1rf2_BV4_H_108,1,unimol,0.71015488,0.052072983,13.637683,0,0.95181606,22.84
10972,243,16696,2385,6qde_HWW_A_503,1,unimol,0.61759061,0.051675202,11.951391,0,0.87217611,23.3
10973,243,4212,601,2giq_NN2_B_2001,5,autodock,0.49401091,0.051005736,9.6853981,0,0,14.693234
10974,243,13298,1899,5oip_9WE_A_302,5,autodock,0.50727077,0.050472734,10.050391,0,0,7.7307872
10975,243,4145,592,2fzb_TOL_A_600,1,unimol,0.89280028,0.049496122,18.037781,0,0.99113834,19.96
10976,243,3795,542,2d1j_D01_A_700,1,unimol,0.69663365,0.048544404,14.350441,0,0.6042025,21.79
10977,243,4201,600,2giq_NN2_A_1001,1,unimol,0.89789826,0.048514479,18.507839,0,0.97800861,19.25
10978,243,2304,329,1rf2_BV4_E_105,1,unimol,0.6602491,0.04841358,13.637683,0,0.92698486,22.41
10979,243,4511,644,2nos_AGU_A_903,3,diffdock_l,0.13038519,0.048270154,2.7011545,0,0,12.722097
10980,243,4208,601,2giq_NN2_B_2001,1,unimol,0.91097614,0.048015527,18.97253,0,0.9778921,21.61
10981,243,5860,837,2z6j_TUI_B_502,1,unimol,0.88168641,0.047967484,18.380917,0,0.95188172,20.57
10982,243,1391,198,1kdo_C_A_5407,5,autodock,0.50734249,0.047939145,10.583052,0,0,53.86942
10983,243,11971,1710,5g0v_JDD_B_1271,1,unimol,0.61759455,0.047726624,12.940251,0,0.91805016,24.83
10984,243,16689,2384,6qde_HWW_A_502,1,unimol,0.61759061,0.047576033,12.981128,0,0.92510741,19.94
10985,243,16661,2380,6qdb_HWQ_A_1002,1,unimol,0.61801283,0.046828428,13.197385,0,0,21.57
10986,243,13420,1917,5tch_MLI_B_501,1,unimol,0.91773288,0.046516256,19.729292,0,0.69047047,27.78
10987,243,15261,2180,6flu_DTK_A_401,1,unimol,0.89715778,0.046296309,19.378601,0,0,23.27
10988,243,10043,1434,4ugg_S5D_A_904,5,autodock,0.31143567,0.046178544,6.744163,0,7.5578847e-09,9.9745332
10989,243,15268,2181,6flu_DTK_A_403,1,unimol,0.89237142,0.046127029,19.345953,0,0,28.16
10990,243,16038,2291,6lx5_C5F_A_503,1,unimol,0.59443366,0.045961613,12.933263,0,0.77909612,23.26
10991,243,13427,1918,5tch_MLI_D_501,1,unimol,0.93411956,0.045888964,20.356081,0,0.41035373,32.41
10992,243,4320,617,2i1v_F6P_B_720,1,unimol,0.61759064,0.045837379,13.473515,0,0.95616508,23.52
10993,243,3928,561,2ei7_D93_A_700,1,unimol,0.74739881,0.045735417,16.341793,0,0,25.86
10994,243,12216,1745,5hfa_FP1_A_608,1,unimol,0.61362294,0.045715515,13.42264,0,0.99015668,19.7
10995,243,8261,1180,4gim_PSU_C_400,1,unimol,0.89412074,0.045688261,19.57003,0,0.79013062,23.47
10996,243,3487,498,2ajx_TGN_L_501,1,unimol,0.74128384,0.045674729,16.229626,0,0,24.34
10997,243,17463,2494,6wdv_TWM_A_701,5,autodock,0.47992486,0.045272377,10.600831,0,0,9.6878203
10998,243,8254,1179,4gim_PSU_B_400,1,unimol,0.88597054,0.045271798,19.57003,0,0.91511043,24.74
10999,243,6658,951,3w7f_FPS_A_302,1,unimol,0.89552944,0.04526576,19.783813,0,0.94500709,25.78
11000,243,8786,1255,4j4b_0TF_A_904,1,unimol,0.86964188,0.04517737,19.2495,0,0,26.41
11001,243,1051,150,1ij8_BNI_A_501,1,unimol,0.83064896,0.04481194,18.536329,0,0.95511663,21.52
11002,243,12223,1746,5hfa_FP1_B_609,1,unimol,0.61791303,0.044627497,13.846015,0,0.98771627,22.31
11003,243,1534,219,1ldo_SNR_A_150,1,unimol,0.61759061,0.044587452,13.851219,0,0.94881019,20.12
11004,243,15023,2146,6e40_BBJ_A_502,1,unimol,0.89572531,0.044509343,20.124432,0,0.86917614,22.8
11005,243,14547,2078,5zg2_ZK1_B_901,1,unimol,0.74543299,0.044155491,16.881998,0,0,18.93
11006,243,3932,561,2ei7_D93_A_700,5,autodock,0.47908846,0.044043915,10.877517,0,0,8.1565489
11007,243,10981,1568,5av3_KMP_A_300,5,autodock,0.30802705,0.044015909,6.9980836,0,0,36.722683
11008,243,10603,1514,4zdz_TPF_A_602,5,autodock,0.33049769,0.04391757,7.5254083,0,0,7.9242434
11009,243,10781,1540,4zvz_4TF_D_503,1,unimol,0.85749886,0.043901099,19.532513,0,0.85398393,24.32
11010,244,2220,317,1q20_PLO_A_401,1,unimol,0.71595487,0.066206428,10.813977,0,0.98976784,17.55
11011,244,6812,973,3wsg_CIT_B_302,1,unimol,0.90656469,0.057496662,15.767257,0,0.98369108,21.89
11012,244,6819,974,3wsg_CIT_C_302,1,unimol,0.8960028,0.0568268,15.767257,0,0.4838645,24.97
11013,244,14173,2024,5xdt_ZI7_A_403,5,autodock,0.47289,0.05526793,8.5563173,0,0,11.782371
11014,244,16756,2393,6qot_6SD_B_301,5,autodock,0.55783495,0.054767756,10.185462,0,0,42.872253
11015,244,6805,972,3wsg_CIT_A_302,1,unimol,0.83944715,0.054278106,15.465667,0,0.7378061,24.51
11016,244,4443,634,2j51_DKI_A_1314,5,autodock,0.38672333,0.053808626,7.1870127,0,0,12.036576
11017,244,13994,1999,5wct_GY4_A_303,1,unimol,0.62223608,0.051377046,12.111168,0,0,18.7
11018,244,14071,2010,5x23_LSN_A_503,1,unimol,0.62212974,0.050925906,12.21637,0,0,21.85
11019,244,17312,2473,6u6c_PZV_F_802,1,unimol,0.88278233,0.050799547,17.377758,0,0.9741068,25.67
11020,244,16749,2392,6qot_6SD_A_301,5,autodock,0.51099551,0.0501691,10.185462,0,0,62.369184
11021,244,13917,1988,5vyr_GMP_B_302,1,unimol,0.6222356,0.050105182,12.418587,0,0,25.05
11022,244,15643,2234,6ijn_6MZ_A_401,5,autodock,0.5631995,0.049611478,11.352201,0,0.98928653,959.73011
11023,244,3099,442,1y5x_E89_A_500,5,autodock,0.46036065,0.049535798,9.2934933,0,0,11.316773
11024,244,5596,799,2xoz_AMP_B_1664,3,diffdock_l,0.12336422,0.049153766,2.5097604,0,2.0882818e-25,12.338763
11025,244,17354,2479,6uxr_K6G_B_202,1,unimol,0.62241769,0.048804541,12.753273,0,0.89948728,39.38
11026,244,8758,1251,4itu_1HS_D_302,1,unimol,0.71279366,0.048628705,14.657878,0,0.96064718,23.02
11027,244,3106,443,1y5x_E89_D_1500,5,autodock,0.44760278,0.048554315,9.2185984,0,0,7.7221569
11028,244,17589,2512,6yaw_P9H_B_502,5,autodock,0.77129709,0.048023406,16.060856,0,1.0750873e-06,25.297123
11029,244,3092,441,1y5v_NE8_A_500,5,autodock,0.46349882,0.047774493,9.7018042,0,2.4702374e-07,6.5821311
11030,244,10092,1441,4uy7_HIS_A_800,5,autodock,0.40884041,0.04766536,8.5773058,0,0.79507028,50.336335
11031,244,5552,793,2x6o_2TC_A_1209,1,unimol,0.62223597,0.047582604,13.076962,0,0,24.5
11032,244,17316,2473,6u6c_PZV_F_802,5,autodock,0.46841303,0.047042212,9.9572906,0,0,202.33206
11033,244,2792,398,1v5g_HTL_A_1602,6,smina,0.13540751,0.046529646,2.9101331,0,0,14.138432
11034,244,9511,1358,4nv0_MG7_B_402,5,autodock,0.34983272,0.046518359,7.5203142,0,0,47.210315
11035,244,12972,1853,5m0e_7CR_A_922,1,unimol,0.87742444,0.046191297,18.995447,0,0,24.01
11036,244,7365,1052,4buv_16I_C_2165,1,unimol,0.9143208,0.045471613,20.107506,0,0,19.95
11037,244,5482,783,2wj4_HQD_A_1281,1,unimol,0.82973255,0.045149186,18.377573,0,0,21.82
11038,245,11635,1662,5ew8_5SF_A_803,1,unimol,0.91911673,0.080281666,11.448649,0,0.96646893,30.21
11039,245,11642,1663,5ew8_5SF_B_802,1,unimol,0.91086796,0.079561165,11.448649,0,0.9640563,22.69
11040,245,7806,1115,4d3s_BOG_H_1000,1,unimol,0.89490574,0.0733361,12.202799,0,0,27.81
11041,245,7799,1114,4d3s_BOG_F_1000,1,unimol,0.89011467,0.072096953,12.346078,0,0.98758705,28.4
11042,245,11639,1662,5ew8_5SF_A_803,5,autodock,0.49178127,0.053977063,9.1109295,0,0,16.825715
11043,245,11646,1663,5ew8_5SF_B_802,5,autodock,0.48614861,0.053358832,9.1109295,0,0,17.827341
11044,245,4569,652,2ntk_IMP_C_207,5,autodock,0.45880056,0.051779693,8.8606262,0,0,23.924027
11045,245,3130,447,1yw9_A84_A_482,1,unimol,0.71260589,0.050870921,14.008118,0,0.96938546,24.85
11046,245,4555,650,2ntk_IMP_A_205,5,autodock,0.45703264,0.050721558,9.0106182,0,0,19.751117
11047,245,3043,434,1xny_BTN_A_5602,5,autodock,0.298204,0.048292506,6.174953,0,0,5.7328525
11048,245,10442,1491,4ynu_LGC_A_602,5,autodock,0.25567169,0.048127558,5.3123751,0,0.013065699,30.309154
11049,245,4562,651,2ntk_IMP_B_206,5,autodock,0.41283575,0.046592159,8.8606262,0,0,18.794843
11050,245,628,89,1g8z_GAL_H_104,5,autodock,0.29987386,0.046550463,6.4419084,0,1.6188243e-05,11.077696
11051,245,9049,1292,4l80_OXL_A_402,5,autodock,0.50093271,0.046533089,10.765085,0,0.052783011,6.717735
11052,245,607,86,1g8z_GAL_D_104,5,autodock,0.29866592,0.04636295,6.4419084,0,1.3857291e-05,9.5407565
11053,245,4439,634,2j51_DKI_A_1314,1,unimol,0.67154596,0.045943405,14.616808,0,0.94976977,24.72
11054,245,8198,1171,4g1q_T27_A_601,1,unimol,0.62121692,0.045172056,13.752238,0,0,18.99
11055,245,2108,301,1pke_2FD_B_447,1,unimol,0.66183885,0.045114257,14.67028,0,0,17.96
11056,245,4755,679,2pir_NK_A_933,2,diffdock,0.040839908,0.044976075,0.90803528,0,1.7844002e-27,13.518711
11057,245,1709,244,1mmy_G6D_A_348,1,unimol,0.63236951,0.044401629,14.242033,0,0,20.08
11058,245,11530,1647,5eo7_SFU_B_403,1,unimol,0.68982538,0.044291412,15.574697,0,0.92059197,16.56
11059,245,2437,348,1sqk_LAR_A_378,1,unimol,0.62121699,0.04428648,14.027237,0,0,18.51
11060,245,3333,476,1zpd_CIT_E_610,1,unimol,0.90036242,0.043853098,20.531328,0,0.96266732,22.62
11061,245,1716,245,1mmy_G6D_B_348,1,unimol,0.62133202,0.043463168,14.295598,0,0,21.2
11062,245,7803,1114,4d3s_BOG_F_1000,5,autodock,0.46487997,0.043453431,10.698348,0,8.4628785e-05,15.031947
11063,245,9084,1297,4l80_OXL_F_402,5,autodock,0.46268458,0.042980109,10.765085,0,0.074205979,8.244081
11064,245,3340,477,1zpd_CIT_F_610,1,unimol,0.87261015,0.042501394,20.531328,0,0.93843822,25.17
11065,245,1898,271,1o28_UFP_B_708,1,unimol,0.62133957,0.042091735,14.761557,0,0,23.64
11066,245,12458,1779,5in3_G1P_B_418,5,autodock,0.50706564,0.041468324,12.227781,0,0.0038948247,12.855146
11067,245,1919,274,1o29_UFP_A_803,1,unimol,0.62123746,0.041447996,14.988358,0,0,18.93
11068,245,8216,1173,4g1x_TQU_A_410,5,autodock,0.33241156,0.040820812,8.1431875,0,0,12.758284
11069,245,1363,194,1kar_HSM_A_502,5,autodock,0.30014694,0.040712347,7.3723803,0,0.0042535524,5.7707967
11070,245,11013,1573,5b4o_6DQ_B_202,2,diffdock,0.03686911,0.040603124,0.90803528,0,0,21.167341
11071,245,12826,1832,5kjw_53C_A_800,2,diffdock,0.036853419,0.040585843,0.90803528,0,8.8695099e-56,26.251691
11072,245,5955,850,2zut_A2G_A_4001,5,autodock,1.0113012,0.04044551,25.00404,0,0.97112257,10.460278
11073,245,11020,1574,5b4o_6DQ_C_201,2,diffdock,0.037826511,0.040143178,0.94228888,0,0,20.331355
11074,245,6186,883,3ryd_SRT_A_267,5,autodock,0.2746002,0.040061329,6.8544946,0,0.20204149,9.4090977
11075,245,8688,1241,4i9n_1E6_B_401,1,unimol,1.0176825,0.040050471,25.41,0,0.9803116,39.89
11076,245,16087,2298,6m9b_BTN_B_201,1,unimol,0.71820555,0.040003178,17.953711,0,0.97831792,23.44
11077,245,10687,1526,4zsy_RW2_C_502,5,autodock,1.0125359,0.039847926,25.41,0,0.99516613,43.837455
11078,245,8702,1243,4i9n_1E6_D_401,1,unimol,1.012482,0.039845806,25.41,0,0.98167436,28.69
11079,245,9798,1399,4r2n_PLP_A_401,5,autodock,1.0115558,0.039809355,25.41,0,0.9793826,87.4398
11080,245,4341,620,2iht_TPP_B_600,1,unimol,1.0060652,0.039593277,25.41,0,0.97450066,26.12
11081,245,10571,1510,4zbc_FRU_A_410,1,unimol,0.62246639,0.039297498,15.839847,0,0.97979015,15.56
11082,245,11628,1661,5eso_ISC_B_602,1,unimol,0.81834546,0.039267631,20.840202,0,0,22.4
11083,245,12360,1765,5i8z_JA1_A_302,5,autodock,0.50383507,0.039173124,12.861753,0,0,15.24982
11084,245,14708,2101,6av2_BY7_B_803,1,unimol,0.79926277,0.038906668,20.543077,0,0.97909838,23.96
11085,245,2157,308,1pr0_NOS_B_1246,1,unimol,0.6177213,0.038842912,15.903063,0,0,26.39
11086,245,6175,882,3rsc_TYD_B_397,1,unimol,0.89989725,0.038800642,23.192842,0,0,23.33
11087,245,12833,1833,5kjw_53C_B_800,2,diffdock,0.03511455,0.038670866,0.90803528,0,0.31903698,25.019589
11088,246,4593,656,2nu7_COA_E_1025,1,unimol,0.75608942,0.053986617,14.005126,0,0,26.75
11089,246,4586,655,2nu7_COA_B_1325,1,unimol,0.62123669,0.048544767,12.797191,0,0.9252946,29.51
11090,246,7414,1059,4bz6_SHH_D_700,1,unimol,0.90846233,0.047844829,18.987679,0,0.92309055,27.15
11091,246,7400,1057,4bz6_SHH_A_700,1,unimol,0.90615465,0.047723294,18.987679,0,0.93972826,23.96
11092,246,7407,1058,4bz6_SHH_C_700,1,unimol,0.91297644,0.047427065,19.250113,0,0.94664435,23.66
11093,246,3813,544,2d3n_GLC_A_608,5,autodock,0.30859758,0.047281569,6.526804,0,5.7596065e-07,10.058986
11094,246,7642,1091,4cme_KTZ_C_1270,5,autodock,0.40644334,0.046319051,8.7748623,0,0,9.0777815
11095,246,7743,1106,4d06_NAR_E_301,1,unimol,0.92461188,0.045794151,20.190609,0,0.99335969,23.42
11096,246,10239,1462,4wxb_CIT_A_501,5,autodock,0.49018581,0.045626974,10.743333,0,0.26065163,12.963972
11097,246,1653,236,1m3u_KPL_F_265,1,unimol,0.80144278,0.045544107,17.597067,0,0.83831478,24.87
11098,246,7628,1089,4cme_KTZ_A_1270,5,autodock,0.40689027,0.045509324,8.9408102,0,0,20.184936
11099,246,7635,1090,4cme_KTZ_B_1270,5,autodock,0.40637269,0.045451434,8.9408102,0,0,11.705094
11100,246,7649,1092,4cme_KTZ_D_1270,5,autodock,0.39503748,0.045019218,8.7748623,0,0,10.963824
11101,246,10032,1433,4ugf_Q16_A_904,1,unimol,0.62123595,0.044241883,14.041805,0,0.97343389,21.66
11102,246,4611,658,2nz5_226_A_431,5,autodock,0.30969733,0.044226102,7.0025907,0,4.3273476e-07,8.2429579
11103,246,1667,238,1m3u_KPL_I_265,1,unimol,0.77517401,0.044051314,17.597067,0,0.88935954,21.86
11104,246,15604,2229,6hsg_GM5_B_504,1,unimol,0.80145788,0.043763612,18.313337,0,0.94497661,24.04
11105,246,4618,659,2nz5_226_A_432,5,autodock,0.31266693,0.043702214,7.1544862,0,1.1686217e-05,6.6759234
11106,246,4579,654,2nu7_COA_B_1025,1,unimol,0.62123612,0.043448491,14.29822,0,0,33.04
11107,246,16892,2413,6rgg_K3Q_B_401,1,unimol,0.62866731,0.043375112,14.493732,0,0,17.97
11108,246,12265,1752,5hss_64Z_D_403,1,unimol,0.6835859,0.04322947,15.81296,0,0.97149108,27.13
11109,246,16878,2411,6rgg_K3Q_A_402,1,unimol,0.62180457,0.043186471,14.398132,0,0,21.76
11110,246,7113,1016,4a8p_PAO_E_1338,1,unimol,0.88916591,0.042634415,20.855589,0,0,24.44
11111,246,16871,2410,6rgg_K3Q_A_401,1,unimol,0.62488882,0.04217461,14.816706,0,0,25.52
11112,246,12818,1831,5kf2_COA_A_401,1,unimol,0.90886349,0.042143358,21.565994,0,0.93869756,24
11113,246,4107,586,2fu9_MP2_B_2410,5,autodock,0.38446543,0.042108544,9.1303415,0,9.4709077e-06,8.6045909
11114,246,12118,1731,5gzz_GSH_D_301,1,unimol,0.89739043,0.041899302,21.417788,0,0.83232286,27.34
11115,246,4600,657,2nu7_COA_E_1325,1,unimol,0.65625041,0.041618651,15.76818,0,0.91821945,22.99
11116,246,5279,754,2v60_C17_B_1498,1,unimol,0.92680932,0.041618418,22.269209,0,0.99522476,24.16
11117,246,2234,319,1q3a_NGH_B_479,1,unimol,0.89980987,0.041547317,21.657471,0,0.95346286,21.68
11118,246,7106,1015,4a8p_PAO_D_1340,1,unimol,0.84571768,0.041509563,20.374043,0,0.11285953,27.07
11119,246,13256,1893,5ocm_9RH_B_302,5,autodock,0.45959532,0.041382394,11.106058,0,0,6.9458835
11120,246,12125,1732,5gzz_GSH_E_301,1,unimol,0.89083626,0.041247383,21.597399,0,0.92094639,31.46
11121,246,7372,1053,4bux_F35_A_2166,1,unimol,0.86617716,0.040996513,21.128067,0,0,17.15
11122,246,7379,1054,4bux_F35_C_2165,1,unimol,0.87596411,0.040906806,21.413651,0,0,18.63
11123,246,13249,1892,5ocm_9RH_A_302,5,autodock,0.45595012,0.040879253,11.153582,0,0,6.5520266
11124,246,2080,297,1p7l_PPK_D_884,1,unimol,0.62542371,0.040851228,15.309789,0,0.8086712,20.71
11125,246,12475,1782,5ioq_DUR_D_302,1,unimol,0.62111919,0.040727151,15.250739,0,0,24.74
11126,246,5608,801,2xta_TPP_C_2001,1,unimol,0.89580158,0.040602627,22.062649,0,0.97577661,26.02
11127,246,12111,1730,5gzz_GSH_C_301,1,unimol,0.89444959,0.040601886,22.029753,0,0.89594864,27.75
11128,246,5601,800,2xta_TPP_B_2001,1,unimol,0.89946895,0.040198082,22.375916,0,0,33.13
11129,246,6252,893,3sru_Q26_X_169,1,unimol,0.73506993,0.040178474,18.295116,0,0.95059734,20.46
11130,246,7092,1013,4a8p_PAO_B_1340,1,unimol,0.83514145,0.040044008,20.855589,0,0.98281577,29.39
11131,246,15352,2193,6fs7_E4Z_C_903,1,unimol,0.83929451,0.039688028,21.147295,0,0,23.74
11132,246,12031,1718,5g4r_LF1_D_1739,5,autodock,0.47197194,0.039628274,11.909979,0,0,21.77383
11133,246,15450,2207,6gqk_F88_A_1001,1,unimol,0.92348575,0.039566607,23.340027,0,0.9866345,30.84
11134,246,14778,2111,6bds_DJ4_A_303,1,unimol,0.62124062,0.039207243,15.845046,0,0.97148897,24.37
11135,246,17379,2482,6v8n_QS1_A_1704,5,autodock,0.52862177,0.039028333,13.544563,0,0,34.019976
11136,246,3298,471,1zmt_RNO_D_1004,1,unimol,0.62123612,0.03902794,15.917727,0,0.95191147,21.95
11137,246,3277,468,1zmt_RNO_A_1002,1,unimol,0.62122076,0.039026975,15.917727,0,0.93791651,26.3
11138,247,1121,160,1itw_ICT_D_743,1,unimol,0.89797536,0.066507687,13.501827,0,0.78255559,25.1
11139,247,1114,159,1itw_ICT_C_743,1,unimol,0.90082136,0.064827384,13.895691,0,0.83316803,26.4
11140,247,2537,362,1tiw_TFB_A_2002,3,diffdock_l,0.14722687,0.053123476,2.7714078,0,0.004094303,19.802208
11141,247,5223,746,2uyv_TLA_A_1277,1,unimol,0.62375417,0.048257334,12.925582,0,0,19.31
11142,247,1870,267,1nsm_GAL_A_1400,1,unimol,0.62643181,0.048211003,12.993544,0,0,22.94
11143,247,14274,2039,5xvv_AKG_C_504,1,unimol,0.8336851,0.047468588,17.562878,0,0.94491382,24.81
11144,247,4061,580,2fib_GLY_B_2,1,unimol,0.62471179,0.047424947,13.17264,0,0,20.67
11145,247,1877,268,1nsm_GLA_B_2400,1,unimol,0.6054518,0.047120784,12.848932,0,0.93132093,19.19
11146,247,12367,1766,5i9m_69K_A_302,5,autodock,0.38354984,0.047114423,8.1408148,0,0.00072155336,12.039833
11147,247,8464,1209,4hzf_CMP_B_301,1,unimol,0.73986206,0.046815703,15.803715,0,0.99239072,22.06
11148,247,5216,745,2uyv_TLA_A_1275,1,unimol,0.61199612,0.046700196,13.104786,0,0,24.19
11149,247,1107,158,1itw_ICT_B_744,1,unimol,0.62108232,0.045999868,13.501827,0,0.92113103,27.39
11150,247,8513,1216,4i02_CMP_F_301,1,unimol,0.83842763,0.045998053,18.227457,0,0.99406744,25.99
11151,247,16602,2371,6q4k_HHW_A_301,5,autodock,0.29892866,0.045662936,6.5464168,0,0,6.7987197
11152,247,16609,2372,6q4k_HHW_A_302,5,autodock,0.29581862,0.045399376,6.5159173,0,0,6.6669689
11153,247,11320,1617,5die_5CJ_A_601,1,unimol,0.86554995,0.045233564,19.135124,0,0.99384331,20.92
11154,247,2962,423,1x2a_PDG_A_413,1,unimol,0.89926498,0.044955982,20.003231,0,0,25.83
11155,247,16787,2398,6r4j_GLU_A_704,1,unimol,0.62471179,0.044905658,13.911649,0,0,24.31
11156,247,6546,935,3vnj_PSJ_A_301,1,unimol,0.64513016,0.044437887,14.51757,0,0,17.99
11157,247,15783,2254,6jyg_FLC_A_401,5,autodock,0.36421501,0.044280934,8.2250967,0,0.022202729,13.202546
11158,247,12643,1806,5j61_A3G_G_501,1,unimol,0.92160426,0.04398804,20.951244,0,0.97690648,21.9
11159,247,2931,418,1wmz_NGA_C_503,5,autodock,0.30680067,0.043909823,6.9870615,0,5.7948415e-06,12.123857
11160,247,345,49,1dxy_COI_A_404,2,diffdock,0.039773076,0.043645732,0.91126966,0,0,15.377067
11161,247,8478,1211,4i02_CMP_A_302,1,unimol,0.78734698,0.043579509,18.066906,0,0.9840467,21.78
11162,247,8492,1213,4i02_CMP_B_302,1,unimol,0.78029518,0.043330728,18.007893,0,0.99049252,23.6
11163,247,13308,1901,5oo4_URI_A_201,1,unimol,0.89969702,0.043187587,20.832304,0,0,17.52
11164,247,10190,1455,4wqq_MAN_A_204,5,autodock,0.29378106,0.043068509,6.821249,0,0.050212888,11.661566
11165,247,10211,1458,4wqq_MAN_D_204,5,autodock,0.29367116,0.043052397,6.821249,0,0.021003208,11.546593
11166,247,11306,1615,5did_5CK_A_601,1,unimol,0.82466878,0.042407622,19.446238,0,0.99718757,24.49
11167,247,5328,761,2vkg_CF4_A_1064,1,unimol,0.62471287,0.042366273,14.745522,0,0,24.17
11168,247,4271,610,2gzm_DGL_C_503,1,unimol,0.83782807,0.042307141,19.803465,0,0.98808556,18.09
11169,247,15779,2254,6jyg_FLC_A_401,1,unimol,0.79988519,0.042265086,18.925434,0,0.9169113,20.9
11170,247,3578,511,2bf7_HBI_D_1290,1,unimol,0.62430401,0.04203837,14.850813,0,0,22.9
11171,247,16367,2338,6o04_DNA_C_603,1,unimol,0.62477078,0.041966947,14.88721,0,0.99207757,21.05
11172,247,13315,1902,5ooa_URI_A_201,1,unimol,0.90041243,0.041864284,21.507889,0,0,20.08
11173,247,16360,2337,6o04_DNA_B_601,1,unimol,0.6249326,0.041861027,14.928744,0,0.99467557,25.76
11174,247,9122,1303,4lo1_GAL_B_301,1,unimol,0.68431199,0.041777923,16.379749,0,0.95478858,22.25
11175,247,4264,609,2gzm_DGL_B_502,1,unimol,0.83702623,0.041747403,20.049778,0,0.98339294,19.32
11176,247,16549,2364,6png_OSG_B_801,1,unimol,0.68129357,0.04160678,16.374578,0,0.9774117,19.75
11177,247,13105,1872,5nh9_XLS_A_503,1,unimol,0.80778298,0.041545174,19.443483,0,0.9841186,22.77
11178,247,4621,660,2o1o_RIS_A_400,1,unimol,0.59252549,0.041428275,14.302441,0,0.96428227,24.7
11179,247,12636,1805,5j61_A3G_F_501,1,unimol,0.83219266,0.040935021,20.329599,0,0.96691498,22.13
11180,247,15793,2256,6jyg_FLC_D_401,1,unimol,0.75311494,0.040811148,18.453655,0,0.76988306,23.13
11181,247,3326,475,1zpd_CIT_B_610,1,unimol,0.70714465,0.04078061,17.340216,0,0.91502785,28.28
11182,247,3403,486,2a5t_GLU_B_2002,1,unimol,0.62471183,0.040723759,15.340229,0,4.3225342e-05,21.07
11183,247,3319,474,1zpd_CIT_A_610,1,unimol,0.70518229,0.040667442,17.340216,0,0.91406054,23.82
11184,247,12629,1804,5j61_A3G_E_501,1,unimol,0.88272759,0.040501916,21.79471,0,0.97138985,23.98
11185,247,11954,1707,5g09_6DF_B_1474,5,autodock,0.92293261,0.040348005,22.874304,0,0.99214345,14.177418
11186,247,1058,151,1ij8_BNI_B_502,1,unimol,0.78837193,0.040127214,19.646812,0,0.95623627,24.85
11187,247,11481,1640,5edh_5MF_A_803,1,unimol,0.62469103,0.040033863,15.604065,0,0,20.87
11188,248,2875,410,1w3t_3GR_B_1297,5,autodock,0.32772814,0.059308547,5.5258155,0,0.04162915,5.8841545
11189,248,15359,2194,6fs7_E4Z_D_903,1,unimol,0.7766052,0.045407678,17.102947,0,0,25.87
11190,248,17669,2524,6zug_QPW_H_1001,1,unimol,0.9326865,0.045104754,20.678228,0,0.98546177,20.1
11191,248,15345,2192,6fs7_E4Z_B_903,1,unimol,0.73757355,0.042449321,17.375389,0,0,30.28
11192,248,6098,871,3qwi_CUE_D_272,1,unimol,0.62901369,0.042441759,14.820631,0,0.99827145,17
11193,248,2742,391,1um4_SH4_H_1001,5,autodock,0.49732404,0.041947912,11.855751,0,0.24721289,10.391568
11194,248,11257,1608,5dav_58J_A_402,1,unimol,0.71458886,0.041906717,17.051891,0,0.99097036,23.43
11195,248,2882,411,1w3t_3GR_C_1297,5,autodock,0.23385623,0.041861351,5.5864463,0,0.022718129,5.6352752
11196,248,15373,2196,6fs7_E4Z_F_903,1,unimol,0.73774673,0.04138672,17.825686,0,0,27.35
11197,248,15338,2191,6fs7_E4Z_A_903,1,unimol,0.73590111,0.041016595,17.941544,0,0,20.9
11198,248,9063,1294,4l80_OXL_C_402,5,autodock,0.3492797,0.04095767,8.5278206,0,0.069382981,7.9742776
11199,248,3116,445,1yee_PNB_H_551,1,unimol,0.91172535,0.04011489,22.727852,0,0.98016125,23.82
11200,248,13665,1952,5ud3_P6F_B_404,1,unimol,0.7496013,0.039241983,19.102022,0,0.78959554,19.08
11201,248,9077,1296,4l80_OXL_E_402,5,autodock,0.33338636,0.039093966,8.5278206,0,0.3092919,6.4690525
11202,248,6245,892,3sp6_IL2_A_901,1,unimol,0.84011261,0.039060181,21.508158,0,0,22.32
11203,248,14278,2039,5xvv_AKG_C_504,5,autodock,0.35839076,0.038834882,9.2285776,0,0.060459117,7.7220001
11204,248,7166,1023,4ajj_88R_C_1335,5,autodock,0.50035193,0.038708206,12.926249,0,1.0128197e-05,18.34329
11205,248,4747,678,2pin_LEG_B_502,1,unimol,0.62901299,0.038224782,16.455631,0,0.77751899,25.51
11206,248,6371,910,3u3o_3QV_A_296,1,unimol,0.5952737,0.03808932,15.628362,0,0.99201587,22.9
11207,248,1538,219,1ldo_SNR_A_150,5,autodock,0.29968613,0.037470428,7.9979362,0,0,13.485366
11208,248,9070,1295,4l80_OXL_D_402,5,autodock,0.318676,0.037368981,8.5278206,0,0.28082667,7.6696391
11209,248,8713,1244,4i9n_1E6_F_401,5,autodock,0.95594239,0.037273067,25.646999,0,0.91671387,12.058658
11210,248,1545,220,1ldo_SNR_B_350,5,autodock,0.29718958,0.037202731,7.98838,0,0,10.071116
11211,248,3372,481,1zwp_NIM_A_401,5,autodock,0.29179493,0.037129963,7.8587446,0,0,6.6547622
11212,248,17207,2458,6to7_SUV_A_401,1,unimol,0.7420103,0.036882123,20.118425,0,0.9844912,28.12
11213,248,17214,2459,6to7_SUV_B_401,1,unimol,0.74193571,0.036878415,20.118425,0,0.98395451,22.93
11214,248,14911,2130,6cgc_F0A_B_402,1,unimol,0.9212476,0.036811484,25.026091,0,0,23.97
11215,248,15366,2195,6fs7_E4Z_E_903,1,unimol,0.62899118,0.03660393,17.183704,0,0,28.81
11216,249,7253,1036,4aw0_MJF_A_600,1,unimol,0.63148172,0.059228066,10.661865,0,0,19.76
11217,249,3501,500,2b04_CHO_A_200,1,unimol,0.63148172,0.048853777,12.925954,0,0,24.27
11218,249,4985,712,2qgw_EES_A_1,1,unimol,0.63148154,0.048307379,13.072154,0,0.98420675,17.33
11219,249,13340,1905,5r28_RDJ_A_401,5,autodock,0.29563231,0.047434529,6.2324276,0,0.00024665989,6.1686167
11220,249,4992,713,2qgw_EES_B_1,1,unimol,0.63148154,0.046746201,13.508723,0,0.98903237,19.58
11221,249,2315,330,1rf2_BV4_H_108,5,autodock,0.48649098,0.044205853,11.005125,0,0.032270878,21.436319
11222,249,4733,676,2pd5_ZST_A_600,1,unimol,0.90540071,0.043356164,20.882858,0,0.97849725,19.04
11223,249,5335,762,2vlf_PLI_B_1459,1,unimol,0.73824449,0.042324597,17.442444,0,0,20.39
11224,249,12923,1846,5la2_ARB_B_606,1,unimol,0.59202907,0.041813376,14.158843,0,0,17.57
11225,249,13004,1857,5m62_BGC_A_409,5,autodock,0.2480499,0.041059197,6.0412741,0,0.010405159,17.155642
11226,249,5437,776,2wd2_MS5_A_1263,5,autodock,0.35377892,0.040856205,8.6591225,0,0,16.304659
11227,249,14904,2129,6cgc_F0A_A_402,1,unimol,0.79958723,0.040828689,19.583954,0,0,25.4
11228,249,10111,1444,4uzi_IMD_B_1456,3,diffdock_l,0.14991986,0.040178783,3.7313182,0,2.6379113e-61,19.762775
11229,249,5367,766,2vp5_DCZ_B_1210,5,autodock,0.4988746,0.040055865,12.45447,0,0,148.35115
11230,249,2339,334,1rvz_NAG_A_3321,1,unimol,0.6314858,0.039374175,16.038069,0,0,30.77
11231,249,16682,2383,6qdc_HXE_A_1004,1,unimol,0.62707739,0.038913482,16.114655,0,0.94070004,21.56
11232,249,5430,775,2wch_B7M_A_1145,5,autodock,0.29818105,0.038704808,7.7039785,0,0,16.928989
11233,249,10104,1443,4uzi_IMD_B_1455,3,diffdock_l,0.13291251,0.038536413,3.4490101,0,0,23.615817
11234,249,11121,1588,5c8w_PCG_F_302,5,autodock,0.46921669,0.038497107,12.188361,0,0,34.397017
11235,249,1755,250,1mvc_BM6_A_200,5,autodock,0.50193749,0.038440983,13.057352,0,0,190.91407
11236,249,16703,2386,6qni_GLC_A_402,1,unimol,0.63795469,0.038420074,16.604721,0,0,15.56
11237,249,4170,595,2g21_L1B_A_885,5,autodock,0.50011489,0.038304505,13.056293,0,0,25.374366
11238,249,11114,1587,5c8w_PCG_D_302,5,autodock,0.46844656,0.037887412,12.364173,0,0,13.690755
11239,249,14957,2136,6cut_FEJ_C_401,5,autodock,0.91218605,0.037445192,24.360563,0,0.97723255,22.873959
11240,249,11107,1586,5c8w_PCG_B_303,5,autodock,0.46816799,0.03743393,12.506514,0,0,14.023567
11241,249,1636,233,1m3u_KPL_A_265,5,autodock,0.38710664,0.037280491,10.383624,0,0.56176361,14.014404
11242,249,11936,1705,5g03_OE2_A_1263,1,unimol,0.75338339,0.037079798,20.317892,0,0.95915618,22.63
11243,249,10018,1431,4ug6_XFJ_A_904,1,unimol,0.63822237,0.036778144,17.353304,0,0.97219741,23.27
11244,249,1321,188,1jyx_IPT_A_2001,5,autodock,0.93423743,0.036379959,25.68,0,0.98739332,18.353599
11245,249,12787,1826,5kcj_6RM_B_302,5,autodock,0.45469419,0.036346684,12.509921,0,0,52.349825
11246,249,15436,2205,6gnf_GLC_B_602,1,unimol,0.93228698,0.036304007,25.68,0,0.97035018,21.09
11247,249,4348,621,2iht_TPP_D_600,1,unimol,0.93032367,0.036227554,25.68,0,0.99062302,25.12
11248,249,12594,1799,5j5i_6GM_I_302,1,unimol,0.92762374,0.036122417,25.68,0,0.9960377,32.11
11249,249,5965,852,2zut_A2G_D_4004,1,unimol,0.9262776,0.036069997,25.68,0,0.95655525,24.54
11250,249,5493,784,2wj4_HQD_C_1277,5,autodock,0.46063831,0.036063879,12.772843,0,0,441.29861
11251,249,7477,1068,4ccu_AWF_A_1500,1,unimol,0.92583293,0.036052681,25.68,0,0.98554819,25.05
11252,249,2416,345,1sjc_SMG_A_1000,1,unimol,0.92493523,0.036017724,25.68,0,0.93730527,21.23
11253,249,9997,1428,4uch_OLW_A_800,1,unimol,0.63187691,0.035990393,17.55682,0,0.9817659,27.94
11254,249,12580,1797,5j5i_6GM_F_303,1,unimol,0.92340791,0.035958249,25.68,0,0.98841696,26.09
11255,249,16784,2397,6r0i_JNB_A_901,5,autodock,0.92147944,0.035883153,25.68,0,0.989335,122.95986
11256,249,16255,2322,6ng5_KMD_B_803,1,unimol,0.63148172,0.0358607,17.609295,0,0.9781587,26.48
11257,249,5132,733,2r4t_250_A_503,1,unimol,0.63148168,0.035790303,17.64393,0,0,23
11258,249,3725,532,2c6q_IMP_G_1338,1,unimol,0.9190917,0.035790172,25.68,0,0,26.98
11259,249,2318,331,1rnd_DGP_A_126,1,unimol,0.63148171,0.035689927,17.693554,0,0,22.83
11260,249,14372,2053,5yb7_ORN_C_603,1,unimol,0.91340414,0.035568694,25.68,0,0.95913373,21.31
11261,249,14211,2030,5xmq_PLG_A_501,1,unimol,0.91248324,0.035532833,25.68,0,0.9832718,24.13
11262,249,14365,2052,5yb7_ORN_B_603,1,unimol,0.91087582,0.035470239,25.68,0,1.9944559e-09,22.55
11263,249,12587,1798,5j5i_6GM_G_302,1,unimol,0.91082115,0.03546811,25.68,0,0.98368478,20.5
11264,249,9105,1300,4lek_1DN_X_202,5,autodock,0.54414292,0.035441552,15.353247,0,0,27.362449
11265,249,10932,1561,5aew_BNL_I_462,5,autodock,0.90944775,0.035414629,25.68,0,0.98407322,157.88634
11266,250,17358,2479,6uxr_K6G_B_202,5,autodock,0.28928192,0.055796758,5.1845641,0,2.6512688e-12,8.3159003
11267,250,9640,1377,4pgi_Y69_A_303,1,unimol,0.89569473,0.04788847,18.703764,0,0.91791807,31.64
11268,250,3169,452,1zb6_GST_A_502,5,autodock,0.36193655,0.047649235,7.5958514,0,0,9.2943792
11269,250,5202,743,2tmk_ATM_B_217,1,unimol,0.79067806,0.047122348,16.779257,0,0,20.06
11270,250,10137,1448,4v3w_E2Z_B_800,1,unimol,0.66847496,0.045487493,14.695796,0,0.98831743,25.12
11271,250,939,134,1h7q_TYD_A_1258,1,unimol,0.76459274,0.045089053,16.95739,0,0,19.81
11272,250,5613,801,2xta_TPP_C_2001,6,smina,0.21759399,0.044984093,4.837131,0,0.99434829,6.6190983
11273,250,5916,845,2zm9_ACA_A_501,1,unimol,0.63208478,0.044284257,14.273351,0,0.98674316,28.32
11274,250,8744,1249,4itu_1HS_A_302,1,unimol,0.63208666,0.043767294,14.441985,0,0,22.34
11275,250,14083,2011,5x23_LSN_A_504,6,smina,0.17814605,0.043478209,4.097363,0,0,7.7516468
11276,250,10130,1447,4v3w_E2Z_A_800,1,unimol,0.63222074,0.042946428,14.721148,0,0.98496681,24.73
11277,250,8751,1250,4itu_1HS_B_302,1,unimol,0.61090633,0.042300715,14.441985,0,0.95851648,22.18
11278,250,14344,2049,5yb7_ORN_A_602,1,unimol,0.89924312,0.041381777,21.730412,0,0,23
11279,250,6515,930,3vc3_C6P_D_501,5,autodock,0.85229234,0.041189125,20.692167,0,0.48545856,31.540004
11280,250,8189,1169,4fm6_TYR_C_259,6,smina,0.18784826,0.040910215,4.5917192,0,0,18.438141
11281,250,6336,905,3tye_XTZ_A_801,1,unimol,0.8546883,0.040842748,20.926315,0,0,22.79
11282,250,6242,891,3sli_SKD_A_760,5,autodock,0.54062339,0.04075739,13.264425,0,0,23.023942
11283,250,14379,2054,5yb7_ORN_D_602,1,unimol,0.89996561,0.04034671,22.305798,0,0,23.6
11284,250,5909,844,2zm7_ACA_A_501,1,unimol,0.63208477,0.039200674,16.124332,0,0.97720674,25.87
11285,250,14351,2050,5yb7_ORN_A_603,1,unimol,0.89731503,0.039011316,23.001402,0,0.91716583,25.72
11286,250,8093,1156,4ejh_0QA_F_502,1,unimol,0.72769551,0.038962927,18.676611,0,0,27.66
11287,250,4390,627,2ixi_TYD_A_1182,1,unimol,0.63039673,0.038952744,16.183626,0,0,18.55
11288,250,292,41,1dai_DSD_A_225,5,autodock,0.28589565,0.038805425,7.3674135,0,7.4889794e-07,7.4812921
11289,250,6495,927,3vc3_C6P_A_501,6,smina,0.13457367,0.037866105,3.5539339,0,0.63976275,4.7013314
11290,250,16861,2408,6rbr_JXN_A_302,5,autodock,0.29485923,0.037846942,7.7908325,0,0,4.018772
11291,250,4159,594,2fzb_TOL_A_900,1,unimol,0.63208475,0.037474422,16.867096,0,0.96631681,26.78
11292,250,14775,2110,6ba2_7KM_A_809,5,autodock,0.52177258,0.037381175,13.958163,0,0.99704444,14.788489
11293,250,7274,1039,4b1f_KRH_B_1257,1,unimol,0.63208472,0.037279227,16.955412,0,0.95203713,18.9
11294,250,14701,2100,6av2_BY7_A_803,1,unimol,0.72838118,0.036777807,19.804909,0,0.9794432,30.62
11295,250,6529,932,3vc3_C6P_F_501,5,autodock,0.75861697,0.036662032,20.692167,0,0.65211051,33.253191
11296,250,10960,1565,5agn_4JK_A_800,5,autodock,0.29270632,0.036401609,8.0410261,0,2.5341168e-05,6.9499574
11297,250,11782,1683,5fiu_Y3J_B_1299,1,unimol,0.84344306,0.036392044,23.176577,0,0.78350732,16.84
11298,250,17515,2502,6xim_XLS_C_397,1,unimol,0.75479174,0.036353995,20.762276,0,0.96518031,24.51
11299,250,10967,1566,5agn_4JK_B_800,5,autodock,0.29182096,0.036291504,8.0410261,0,1.2897988e-08,6.6982608
11300,250,4919,702,2qcx_PF1_A_300,5,autodock,0.35755375,0.035525137,10.064809,0,0,15.107203
11301,250,16276,2325,6ngu_KMJ_A_803,1,unimol,0.74826168,0.035344402,21.170584,0,0.98193727,21.91
11302,250,10578,1511,4zbc_FRU_B_408,1,unimol,0.63340981,0.035327774,17.929512,0,0.97584926,17.52
11303,250,15198,2171,6f77_PLP_E_600,1,unimol,0.90860708,0.035315881,25.728001,0,0.96682991,29.91
11304,250,8149,1164,4evs_PHB_A_408,1,unimol,0.90838995,0.035307442,25.728001,0,0.98997319,17.99
11305,250,16542,2363,6png_OSG_A_803,1,unimol,0.64976565,0.035293358,18.410421,0,0.98210538,25.39
11306,250,12293,1756,5hyv_TPP_A_701,1,unimol,0.90793411,0.035289724,25.728001,0,0.96544375,24.12
11307,250,3690,527,2c6q_IMP_A_1337,1,unimol,0.90744521,0.035270722,25.728001,0,0,27.44
11308,250,12552,1793,5j5i_6GM_A_302,1,unimol,0.9065547,0.035236109,25.728001,0,0.99500192,22.83
11309,250,15163,2166,6f76_CVK_B_203,1,unimol,0.74371188,0.035199073,21.128733,0,0.99226554,26.56
11310,250,8156,1165,4f06_PHB_A_401,1,unimol,0.90524692,0.035185278,25.728001,0,0.99116736,19.7
11311,250,3711,530,2c6q_IMP_D_1337,1,unimol,0.90429762,0.03514838,25.728001,0,0,22.87
11312,250,14225,2032,5xmq_PLG_C_501,1,unimol,0.90416777,0.035143334,25.728001,0,0.94502419,18.95
11313,250,8755,1250,4itu_1HS_B_302,5,autodock,0.34655312,0.035070434,9.8816309,0,1.5339157e-06,8.0325632
11314,250,9210,1315,4ma8_Z80_C_301,5,autodock,0.27714403,0.035061855,7.9044304,0,0,3.4198586
11315,250,11075,1582,5c4i_TPP_C_402,1,unimol,0.90155367,0.035041728,25.728001,0,0.96004788,28.05
11316,251,3858,551,2e56_MYR_A_601,1,unimol,0.63780604,0.055949945,11.399582,0,0.89674376,25.62
11317,251,10613,1516,4zhd_4OZ_C_202,1,unimol,0.64032201,0.051660893,12.394713,0,0.70443927,18.87
11318,251,14243,2034,5xrv_F6R_A_702,5,autodock,0.32918645,0.049535631,6.6454468,0,0.00013646623,9.6902121
11319,251,3484,497,2ajv_COC_L_501,5,autodock,0.4122143,0.047221638,8.729351,0,0,9.8952148
11320,251,11016,1573,5b4o_6DQ_B_202,5,autodock,0.28975515,0.046939434,6.1729569,0,0,3.4238577
11321,251,1937,276,1o2i_655_A_246,5,autodock,0.35624686,0.045409237,7.8452501,0,0,9.3754132
11322,251,8835,1262,4jb0_FER_A_401,1,unimol,0.63780587,0.044998416,14.173962,0,0,20.92
11323,251,16192,2313,6n9r_OHN_A_303,1,unimol,0.63780587,0.044091798,14.465407,0,0,25.28
11324,251,17533,2504,6xu3_GAB_B_402,5,autodock,0.28860867,0.043659051,6.6105108,0,0,6.3782534
11325,251,11978,1711,5g21_YN4_A_1002,1,unimol,0.89224417,0.042690221,20.900433,0,0.91294372,27.04
11326,251,16199,2314,6n9r_OHN_X_305,1,unimol,0.63780587,0.042494887,15.009002,0,0.52429221,21.81
11327,251,17617,2516,6zi7_QR8_A_502,5,autodock,0.54462541,0.042325118,12.867663,0,0.00012790121,34.565784
11328,251,4012,573,2f7x_4EA_E_351,1,unimol,0.84347851,0.042229055,19.973888,0,0.96053476,22.07
11329,251,14239,2034,5xrv_F6R_A_702,1,unimol,0.59667904,0.041931888,14.229719,0,0.85788709,29.43
11330,251,17645,2520,6zi7_QR8_F_503,5,autodock,0.53980067,0.041855588,12.89674,0,0.00024311065,41.538813
11331,251,3799,542,2d1j_D01_A_700,5,autodock,0.42608547,0.040241606,10.588181,0,0,9.2256846
11332,251,2920,417,1wc7_PP3_A_1214,1,unimol,0.63780661,0.039888336,15.989801,0,0.92140223,18.49
11333,251,10081,1440,4ur9_OAN_B_1718,1,unimol,0.87870248,0.039297122,22.360477,0,0,26.55
11334,251,8660,1237,4i9n_1E5_C_402,1,unimol,0.88413602,0.038439383,23.000784,0,0.97546465,27.32
11335,251,9759,1394,4qxc_OGA_C_600,1,unimol,0.60727615,0.037953343,16.000595,0,0.97780523,18.29
11336,251,7589,1084,4clo_XP0_B_1270,1,unimol,0.63532266,0.037929067,16.750282,0,0,19.28
11337,251,3491,498,2ajx_TGN_L_501,5,autodock,0.44033481,0.037928704,11.609539,0,0,9.5501848
11338,251,17624,2517,6zi7_QR8_B_502,5,autodock,0.4821527,0.037742073,12.774939,0,8.0220833e-06,48.595175
11339,251,6301,900,3tky_N7I_A_369,1,unimol,0.63780587,0.037531952,16.993675,0,0.96752933,23.19
11340,251,9416,1345,4ndn_PPK_C_404,1,unimol,0.64040104,0.037415009,17.116152,0,0.94931982,22.95
11341,251,2434,347,1sjc_SMG_D_1300,5,autodock,0.67390174,0.036951055,18.237684,0,0.63466847,37.461364
11342,251,6683,954,3w8x_FTK_A_601,5,autodock,0.28738488,0.036926579,7.7826014,0,0.0020496011,6.4790126
11343,251,16206,2315,6nba_P1T_A_501,1,unimol,0.73757394,0.03651815,20.19746,0,0,23.58
11344,251,4068,581,2fkm_G16_X_464,1,unimol,0.63780757,0.036460453,17.493132,0,0.32133086,22.14
11345,251,16220,2317,6nba_P1T_D_501,1,unimol,0.73612703,0.036446511,20.19746,0,0.98758176,20.46
11346,251,10431,1490,4yjs_4DN_A_701,1,unimol,0.63751338,0.036434479,17.497528,0,0,22.53
11347,251,11947,1706,5g09_6DF_A_1475,5,autodock,0.79286647,0.036251137,21.87149,0,0.98932798,26.558731
11348,251,1517,216,1l4f_NCN_A_991,5,autodock,0.49717826,0.036168403,13.746203,0,0,29.838171
11349,251,1188,169,1j0y_BGC_C_3601,5,autodock,0.57762303,0.036133689,15.985719,0,0.25165007,14.276439
11350,251,5171,738,2ri1_GLP_A_234,5,autodock,0.34967911,0.036010502,9.710475,0,0.026358342,14.19021
11351,251,810,115,1h48_C5P_C_901,5,autodock,0.48994176,0.035804634,13.683752,0,0,11.067452
11352,251,17099,2442,6szt_M4Q_B_601,5,autodock,0.28213841,0.035683072,7.906785,0,0,6.9891283
11353,251,11275,1610,5ddu_PMP_B_601,5,autodock,0.67080327,0.035534865,18.877325,0,0.95145058,19.919956
11354,251,7584,1083,4cle_JR2_B_1270,3,diffdock_l,0.13899183,0.035513074,3.9138205,0,9.0265067e-44,37.230505
11355,251,17631,2518,6zi7_QR8_C_502,5,autodock,0.46257132,0.035464857,13.043089,0,8.4784072e-05,49.443888
11356,251,1174,167,1j0y_BGC_A_1601,5,autodock,0.56482368,0.035333015,15.985719,0,0.22341513,15.940667
11357,251,16052,2293,6lx5_C5F_B_502,1,unimol,0.61065751,0.035254602,17.321354,0,0.83880029,25.07
11358,251,439,62,1eyw_TEN_A_403,5,autodock,0.33170709,0.035011365,9.474268,0,0.54223483,11.366254
11359,251,3869,552,2e56_MYR_A_701,5,autodock,0.29038241,0.034986169,8.2999191,0,9.7381531e-07,7.672346
11360,251,15258,2179,6fld_NAG_A_603,5,autodock,0.28489192,0.034928964,8.1563225,0,2.3469227e-06,8.5642359
11361,251,14120,2017,5x5d_UMP_D_401,1,unimol,0.63020747,0.034885756,18.064892,0,0,26.44
11362,251,11824,1689,5fli_QUE_E_301,1,unimol,0.89854786,0.034854452,25.780001,0,0.99193769,27.6
11363,251,3704,529,2c6q_IMP_C_1337,1,unimol,0.89841251,0.034849202,25.780001,0,0,24.82
11364,251,16309,2329,6nhd_KNV_B_803,6,smina,0.13345131,0.034846676,3.8296702,0,0,4.8038899
11365,251,15667,2238,6jc7_F0G_A_601,1,unimol,0.89819634,0.034840816,25.780001,0,0.97398105,30.46
11366,252,16318,2331,6nig_NAG_A_605,1,unimol,0.65487367,0.053285906,12.289809,0,0,27.29
11367,252,16325,2332,6nig_NAG_C_802,1,unimol,0.64420674,0.051768763,12.443927,0,0,29.44
11368,252,16311,2330,6nig_NAG_A_604,1,unimol,0.63934035,0.050322828,12.704777,0,0,32.49
11369,252,10302,1471,4x3j_3WR_A_1201,5,autodock,0.48897247,0.047786827,10.232368,0,0,77.807253
11370,252,6802,971,3wqs_KBK_B_503,5,autodock,0.46126449,0.046224239,9.9788437,0,0,13.163128
11371,252,110,15,1amq_PMP_A_413,5,autodock,0.3666421,0.042705437,8.585372,0,0.11153272,12.644583
11372,252,14813,2116,6br1_E3Y_B_505,1,unimol,0.63294034,0.042324214,14.954567,0,0,23.44
11373,252,10065,1437,4upd_7P9_B_1550,6,smina,0.13491768,0.042254218,3.1929982,0,5.057529e-05,16.379949
11374,252,8699,1242,4i9n_1E6_C_401,5,autodock,0.8396284,0.042073477,19.956238,0,0.92466044,13.269369
11375,252,4023,574,2fc0_DGP_A_239,5,autodock,0.23797929,0.04198361,5.6683846,0,0,7.1426566
11376,252,8685,1240,4i9n_1E6_A_401,5,autodock,0.83231861,0.041357697,20.124876,0,0.94988091,13.59124
11377,252,4457,636,2j5b_TYE_B_1338,5,autodock,0.35733726,0.040833217,8.7511406,0,0,9.4353504
11378,252,8692,1241,4i9n_1E6_B_401,5,autodock,0.81632749,0.040663624,20.075127,0,0.92112501,12.766246
11379,252,1795,256,1nf0_13P_A_5001,3,diffdock_l,0.14332335,0.039827274,3.5986221,0,0,28.001163
11380,252,8706,1243,4i9n_1E6_D_401,5,autodock,0.79498882,0.039620262,20.065207,0,0.97873412,13.622488
11381,252,5503,786,2wu4_HBP_B_1545,1,unimol,0.89805627,0.039294046,22.854765,0,0.98260099,24.55
11382,252,2005,286,1ov5_2LP_A_403,3,diffdock_l,0.14960246,0.038650565,3.87064,0,0.9886039,8.9734359
11383,252,14089,2012,5x2m_GLN_A_951,5,autodock,0.30869077,0.037831228,8.1596804,0,0.002568986,9.9564693
11384,252,1909,272,1o28_UFP_C_713,5,autodock,0.4518898,0.036476431,12.388541,0,0.00024442035,8.459771
11385,252,9136,1305,4luu_BTM_A_704,1,unimol,0.63941222,0.036051217,17.736216,0,0,20.24
11386,252,8720,1245,4i9n_1E6_G_401,5,autodock,0.71499957,0.035970565,19.87735,0,0.95064043,12.541347
11387,252,11429,1632,5dz2_212_A_404,5,autodock,0.28984229,0.035943466,8.0638371,0,0,12.21607
11388,252,11943,1706,5g09_6DF_A_1475,1,unimol,0.92530209,0.035712916,25.909451,0,0,29.9
11389,252,13151,1878,5nnw_GCS_D_302,5,autodock,0.23809567,0.035546115,6.6982183,0,6.3734428e-07,11.156311
11390,252,1403,200,1kep_TDX_A_3500,3,diffdock_l,0.11341747,0.034830346,3.2562823,0,1.5621166e-45,44.936874
11391,252,8940,1277,4kfj_1R0_A_202,1,unimol,0.6392693,0.03480954,18.364771,0,0.31133906,22.65
11392,252,7428,1061,4c2z_646_A_1498,1,unimol,0.8304495,0.034721808,23.917229,0,0.96358836,25.63
11393,252,2406,343,1sff_IK2_B_450,5,autodock,0.53349809,0.034709571,15.370344,0,0,19.830006
11394,253,15926,2275,6l59_CIT_B_403,1,unimol,0.626128,0.051006804,12.275381,0,0.60173941,20.17
11395,253,9532,1361,4o95_245_A_602,5,autodock,0.28500141,0.047285325,6.0272689,0,4.7233173e-08,6.412622
11396,253,3606,515,2brk_CMF_A_1534,1,unimol,0.63734174,0.045131622,14.121843,0,0,27.38
11397,253,7484,1069,4cdt_M48_A_801,1,unimol,0.64320297,0.043890383,14.654757,0,0.98176314,22.65
11398,253,6606,943,3vq5_MMJ_B_307,5,autodock,0.31342058,0.042418403,7.3887868,0,2.0717686e-06,7.0914419
11399,253,9717,1388,4qbz_D80_A_917,1,unimol,0.64382961,0.041569334,15.48809,0,0.89518882,22.22
11400,253,14033,2004,5wgv_PM7_A_713,5,autodock,0.23783575,0.040106981,5.9300327,0,0,4.2175265
11401,253,13532,1933,5tix_OQR_A_302,1,unimol,0.6211332,0.039621002,15.676867,0,0.97293635,23.9
11402,253,14019,2002,5wgr_PM7_A_711,5,autodock,0.28039258,0.039517793,7.0953493,0,0,55.458125
11403,253,13539,1934,5tix_OQR_B_302,1,unimol,0.61991143,0.039469705,15.706005,0,0.9639552,22.03
11404,253,12650,1807,5j61_A3G_H_501,1,unimol,0.84037556,0.037780395,22.243692,0,0.97603713,19.99
11405,253,7456,1065,4can_M7K_A_800,1,unimol,0.63734174,0.037668452,16.919773,0,0.97516882,23.27
11406,253,14047,2006,5wgw_MB5_A_715,5,autodock,0.22280046,0.036949095,6.0299292,0,0,3.1635211
11407,253,3844,549,2e40_LGC_B_2001,1,unimol,0.63532526,0.036754567,17.285612,0,0,22.06
11408,253,9126,1303,4lo1_GAL_B_301,5,autodock,0.46294491,0.036396576,12.719462,0,0.029019616,16.962698
11409,253,15930,2275,6l59_CIT_B_403,5,autodock,0.26459048,0.036346182,7.2797313,0,0.19424075,15.280465
11410,253,14386,2055,5yb7_ORN_D_603,1,unimol,0.80059753,0.036124369,22.162254,0,0.9274764,25.21
11411,253,12801,1828,5kcp_PFB_A_379,5,autodock,0.23243321,0.03574516,6.5025077,0,0.97073759,4.661159
11412,253,7579,1082,4cle_JR2_A_1271,5,autodock,0.23783979,0.035685572,6.6648717,0,0,3.8123291
11413,253,1818,259,1nme_159_B_9002,5,autodock,0.28713633,0.035658543,8.0523844,0,0,10.078515
11414,253,10172,1453,4wdx_WDX_A_402,1,unimol,0.60787359,0.035598677,17.075733,0,0,18.15
11415,253,8716,1245,4i9n_1E6_G_401,1,unimol,0.91627132,0.035291127,25.963219,0,0.98113045,26.62
11416,253,14558,2079,5zge_ZZ7_B_302,5,autodock,0.52180854,0.035071222,14.878538,0,0.00028793968,14.395622
11417,253,15569,2224,6ho2_GHN_A_301,1,unimol,0.72092426,0.035055084,20.565468,0,0.98649849,20.7
11418,253,3937,562,2euq_BVC_A_401,3,diffdock_l,0.14016124,0.034897283,4.0163932,0,0,11.236512
11419,253,16836,2405,6r73_LMP_B_301,1,unimol,0.71689949,0.034814726,20.591845,0,0,19.12
11420,253,8,1,1a49_OXL_A_533,1,unimol,0.89927338,0.034636434,25.963219,0,0.93781074,28.33
11421,253,5671,810,2xyj_WLM_B_1442,1,unimol,0.89917254,0.03463255,25.963219,0,0.94354713,23.17
11422,253,15688,2241,6jc7_F0G_D_601,1,unimol,0.89875413,0.034616435,25.963219,0,0.94463311,26.45
11423,253,1443,206,1knu_YPA_A_1001,1,unimol,0.89866494,0.034612999,25.963219,0,0.72652695,27.32
11424,253,14246,2035,5xsm_8EO_A_705,1,unimol,0.89721271,0.034557065,25.963219,0,0,24.12
11425,253,8328,1189,4h9x_HL4_A_404,5,autodock,0.33339918,0.0345492,9.6499815,0,0,6.6505074
11426,253,15681,2240,6jc7_F0G_C_601,1,unimol,0.89650411,0.034529773,25.963219,0,0,26.83
11427,253,7890,1127,4dd8_BAT_B_1000,1,unimol,0.89500129,0.03447189,25.963219,0,0.95764167,28.68
11428,253,15954,2279,6l86_LMR_B_303,1,unimol,0.6388613,0.034460164,18.539124,0,0.0072965683,29.21
11429,253,9220,1317,4mig_G3F_A_802,1,unimol,0.89384459,0.034427339,25.963219,0,0.98144063,27.12
11430,253,12080,1725,5gri_CIT_B_401,5,autodock,0.25618177,0.034371348,7.4533515,0,0.17221561,15.127001
11431,253,14624,2089,6a2m_9QR_B_701,1,unimol,0.88772975,0.03419182,25.963219,0,0.98566592,25.29
11432,253,925,132,1h69_ARH_C_1275,1,unimol,0.6373404,0.034134876,18.671236,0,0,22.05
11433,253,4807,686,2pt6_S4M_C_503,5,autodock,0.88506968,0.034089364,25.963219,0,0.98166078,233.68075
11434,253,11922,1703,5fwe_OGA_B_1359,1,unimol,0.63748712,0.03405683,18.718332,0,0,22.6
11435,253,10676,1525,4zsy_RW2_B_502,1,unimol,0.88331306,0.034021706,25.963219,0,0,27.72
11436,253,5958,851,2zut_A2G_B_4002,1,unimol,0.88282982,0.034003094,25.963219,0,0.95070439,22.7
11437,253,5972,853,2zuw_NDG_B_4002,1,unimol,0.87894075,0.033853302,25.963219,0,0.98030664,27.99
11438,253,5979,854,2zuw_NDG_C_4003,1,unimol,0.87785529,0.033811495,25.963219,0,0.98483904,26.22
11439,253,5664,809,2xyj_WLM_B_1441,1,unimol,0.87698673,0.033778041,25.963219,0,0.98612151,26.89
11440,253,1317,188,1jyx_IPT_A_2001,1,unimol,0.87645972,0.033757743,25.963219,0,0.97448388,32.91
11441,253,83,11,1aiq_CB3_A_266,6,smina,0.14747175,0.033662438,4.3808985,0,0,10.9056
11442,253,11838,1691,5fli_QUE_G_301,1,unimol,0.8727588,0.033615198,25.963219,0,0,23.13
11443,253,9983,1426,4uc9_ASP_B_1300,1,unimol,0.63734174,0.033564064,18.988811,0,2.1667471e-05,23.68
11444,254,4604,657,2nu7_COA_E_1325,5,autodock,0.25276588,0.051450793,4.9127684,0,0.00035503812,8.372769
11445,254,6590,941,3vq4_0NX_A_305,3,diffdock_l,0.16172022,0.048111906,3.3613338,0,9.4756525e-24,16.368177
11446,254,7895,1127,4dd8_BAT_B_1000,6,smina,0.21455231,0.042074774,5.099309,0,0,13.585846
11447,254,16241,2320,6ncx_ADA_D_601,1,unimol,0.64003048,0.041680743,15.355543,0,0,23.41
11448,254,16227,2318,6ncx_ADA_A_601,1,unimol,0.63996926,0.041665815,15.359575,0,0,24.92
11449,254,16234,2319,6ncx_ADA_C_601,1,unimol,0.63987652,0.041659777,15.359575,0,0,21.88
11450,254,14565,2080,5zgr_ZZ7_A_303,5,autodock,0.44907172,0.040830847,10.998343,0,0.91597011,14.071132
11451,254,15121,2160,6f3s_PLP_A_901,1,unimol,0.63952268,0.040688139,15.717668,0,0.95540007,20.74
11452,254,3323,474,1zpd_CIT_A_610,5,autodock,0.3850302,0.039880484,9.6546011,0,0.3010482,14.170159
11453,254,4059,579,2fhk_MFN_C_601,6,smina,0.15626606,0.039781107,3.9281466,0,9.0857373e-18,22.158839
11454,254,14470,2067,5yfj_RUB_C_401,1,unimol,0.79005641,0.038258352,20.650558,0,0.96687094,22.46
11455,254,10144,1449,4w1v_3GS_B_502,1,unimol,0.60798001,0.037968524,16.012735,0,0,19.14
11456,254,14463,2066,5yfj_RUB_B_401,1,unimol,0.77862562,0.037704818,20.650558,0,0.95933851,26.4
11457,254,10753,1536,4zvv_GN0_C_403,1,unimol,0.73640506,0.037611281,19.579365,0,0,27.36
11458,254,6583,940,3vq4_0NX_A_304,3,diffdock_l,0.13544716,0.037584699,3.6037836,0,4.9142656e-18,16.584412
11459,254,14341,2048,5yaq_ISE_D_402,5,autodock,0.50016657,0.037201577,13.444767,0,0.08980866,23.769373
11460,254,6611,944,3vqe_FMQ_A_1006,3,diffdock_l,0.14423393,0.036897257,3.9090681,0,1.9738275e-13,18.079524
11461,254,425,60,1euu_GAL_A_2,5,autodock,0.34855383,0.036096328,9.6562119,0,0.26003484,12.939521
11462,254,4043,577,2fhk_MFN_A_600,4,gnina,0.31372814,0.036061486,8.699811,0,9.425511e-17,12.155144
11463,254,16185,2312,6n0z_DP6_F_401,1,unimol,0.76362224,0.03583053,21.312054,0,0.95159846,26.11
11464,254,17519,2502,6xim_XLS_C_397,5,autodock,0.38404545,0.035446066,10.834641,0,0.34215446,19.670153
11465,254,983,140,1hkn_N2M_C_4138,3,diffdock_l,0.13589479,0.035445222,3.8339372,0,0,36.744422
11466,254,3830,547,2dv0_ZST_A_600,1,unimol,0.70268248,0.035254566,19.931671,0,0.97126264,23.98
11467,254,4138,591,2fz8_ZST_A_600,1,unimol,0.70873782,0.034993993,20.253126,0,0.97630949,19.24
11468,254,6935,990,3wzo_ZOE_B_201,5,autodock,0.52251392,0.034966193,14.943402,0,0,13.148609
11469,254,7969,1138,4dvw_0M4_B_512,3,diffdock_l,0.14535265,0.03488506,4.166615,0,9.5875037e-10,29.795987
11470,254,747,106,1h18_DTL_B_9009,5,autodock,0.22850395,0.03474928,6.5757885,0,5.6069102e-07,8.1683994
11471,254,5311,758,2vjb_CCD_A_1540,5,autodock,0.27560795,0.034535942,7.9803214,0,0,6.1692152
11472,254,1331,190,1jyx_IPT_C_2001,1,unimol,0.84698984,0.034335154,24.668297,0,0.98310258,35.19
11473,254,740,105,1h18_DTL_A_9009,5,autodock,0.23104648,0.034045852,6.7863317,0,2.5488333e-07,9.102384
11474,254,1839,262,1nmz_NYM_A_301,5,autodock,0.25753673,0.034017624,7.5706844,0,0,14.645038
11475,254,3291,470,1zmt_RNO_C_1003,1,unimol,0.63980982,0.034002816,18.816376,0,0,19.01
11476,254,11390,1627,5dr9_SKE_A_401,1,unimol,0.63978983,0.033954542,18.842539,0,0,19.91
11477,254,6928,989,3wzo_ZOE_A_201,5,autodock,0.50669469,0.033907584,14.943402,0,0,13.940411
11478,254,9341,1334,4n4j_HG1_A_605,3,diffdock_l,0.14022926,0.033699729,4.1611381,0,1.44951e-14,16.584111
11479,254,6851,978,3wug_XYP_B_2,5,autodock,0.23621347,0.033677564,7.0139704,0,1.7428728e-06,8.6008979
11480,254,990,141,1hkn_N2M_D_5139,3,diffdock_l,0.12868587,0.033548188,3.8358507,0,0,20.48193
11481,254,11905,1700,5fv3_OGA_A_1770,5,autodock,0.29053897,0.033498528,8.6731853,0,7.3653076e-05,9.0735643
11482,254,10585,1512,4zbc_GLC_A_407,1,unimol,0.58946654,0.033415117,17.640713,0,0.038054895,19.86
11483,254,5468,781,2wdq_TEO_E_1589,1,unimol,0.74435254,0.033015892,22.545279,0,0.67679416,23.99
11484,254,2346,335,1rvz_NAG_F_3331,1,unimol,0.63966617,0.033003852,19.381559,0,0.00015058308,30.26
11485,254,12048,1721,5gnx_BGC_B_503,1,unimol,0.63985402,0.03300267,19.387945,0,0,23.87
11486,254,11079,1582,5c4i_TPP_C_402,5,autodock,0.85989687,0.032972767,26.079,0,0.99668848,48.630087
11487,254,3529,504,2b3f_GAL_D_3313,1,unimol,0.85412393,0.032751404,26.079,0,0.98832846,23.98
11488,254,3508,501,2b3f_GAL_A_3310,1,unimol,0.8539678,0.032745417,26.079,0,0.9895783,26.51
11489,254,3536,505,2b3f_GAL_E_3314,1,unimol,0.85388167,0.032742114,26.079,0,0.99032772,21.06
11490,254,11341,1620,5dne_ASN_A_601,1,unimol,0.85384627,0.032740757,26.079,0,0.98411263,21.5
11491,254,13130,1875,5nj0_8YW_A_301,5,autodock,0.48496962,0.032740228,14.812652,0,0,22.915577
11492,254,3522,503,2b3f_GAL_C_3312,1,unimol,0.85333252,0.032721057,26.079,0,0.98916431,22.43
11493,254,10683,1526,4zsy_RW2_C_502,1,unimol,0.85256086,0.032691467,26.079,0,0,24.04
11494,255,6051,864,3qgz_ADN_A_127,3,diffdock_l,0.15091538,0.052703941,2.8634543,0,0.97870258,22.225556
11495,255,2843,406,1vzu_UDP_A_1371,1,unimol,0.66894537,0.051564468,12.97299,0,0.94178014,21.04
11496,255,4331,618,2i1v_FDP_B_710,5,autodock,0.44094473,0.049059147,8.9880219,0,7.2858691e-05,15.912478
11497,255,8041,1148,4e7v_CRS_S_101,5,autodock,0.32405431,0.046129334,7.0249066,0,0.047936036,28.744547
11498,255,14677,2096,6acn_TRC_A_899,5,autodock,0.23239706,0.042056732,5.5257983,0,1.9388197e-05,13.001374
11499,255,17603,2514,6yta_IYZ_A_702,5,autodock,0.45664991,0.041067306,11.119548,0,0,10.764046
11500,255,2854,407,1vzu_UDP_B_2371,5,autodock,0.45676192,0.041003606,11.139554,0,0,18.074364
11501,255,7999,1142,4e7v_CRS_E_101,5,autodock,0.29131184,0.040458131,7.2003279,0,0.049166394,25.627273
11502,255,10760,1537,4zvz_4TF_A_503,1,unimol,0.65306823,0.040197453,16.246506,0,0.95377214,25.73
11503,255,2390,341,1s83_4HA_A_5,3,diffdock_l,0.13996627,0.040107223,3.4898012,0,0.87638016,10.47665
11504,255,6826,975,3wsg_CIT_D_302,1,unimol,0.65274665,0.040061123,16.293766,0,0.73575232,24.08
11505,255,17242,2463,6tol_NQW_A_201,1,unimol,0.63974896,0.03972665,16.103771,0,0,19.98
11506,255,13868,1981,5vuu_9OJ_A_805,1,unimol,0.64002592,0.039392924,16.247229,0,0.97742841,25.12
11507,255,10279,1468,4x36_CHT_A_409,3,diffdock_l,0.14036421,0.039299994,3.5716081,0,1.9339561e-33,8.5437877
11508,255,14925,2132,6cqu_HI6_A_601,1,unimol,0.63951248,0.038677028,16.534683,0,0.97211864,25.6
11509,255,15856,2265,6krs_CIT_C_301,1,unimol,0.75008804,0.03829145,19.588915,0,0.92480209,30.61
11510,255,6837,976,3wsg_CIT_E_302,5,autodock,0.37097453,0.037926624,9.781374,0,0.13054598,18.334057
11511,255,6833,976,3wsg_CIT_E_302,1,unimol,0.60245334,0.037016105,16.275436,0,0.63532418,22.89
11512,255,6665,952,3w7f_FPS_B_301,1,unimol,0.63999125,0.036830685,17.376575,0,0,18.82
11513,255,2847,406,1vzu_UDP_A_1371,5,autodock,0.41307279,0.036684189,11.26024,0,0,20.066722
11514,255,6651,950,3w7f_FPS_A_301,1,unimol,0.64000582,0.036548331,17.511217,0,0.80097035,23.15
11515,255,6830,975,3wsg_CIT_D_302,5,autodock,0.35787912,0.036541896,9.7936649,0,0.21299228,13.78007
11516,255,16528,2361,6pn9_OU7_B_803,1,unimol,0.74525317,0.036500469,20.417631,0,0.95884371,25.36
11517,255,14260,2037,5xvv_AKG_A_508,1,unimol,0.6398827,0.036473287,17.543871,0,0.97411038,24.53
11518,255,4037,576,2fcu_AKG_B_898,5,autodock,0.29011903,0.036210748,8.0119581,0,0.00022702527,15.26698
11519,255,14229,2032,5xmq_PLG_C_501,5,autodock,0.46069921,0.036168486,12.737585,0,3.8951967e-07,7.8888557
11520,255,4030,575,2fcu_AKG_A_897,5,autodock,0.28949977,0.036133456,8.0119581,0,0.00022400846,15.854356
11521,255,11131,1590,5cfw_53W_A_201,1,unimol,0.63673657,0.03609557,17.640295,0,0.97609097,24.4
11522,255,8671,1238,4i9n_1E5_F_402,5,autodock,0.47519746,0.036078475,13.171217,0,0,10.537235
11523,255,5669,809,2xyj_WLM_B_1441,6,smina,0.20665835,0.035993212,5.7415915,0,0,11.996656
11524,255,8657,1236,4i9n_1E5_B_402,5,autodock,0.48380019,0.035968985,13.450481,0,0,12.302908
11525,255,495,70,1fqo_F6R_B_2268,5,autodock,0.45504357,0.03594949,12.657858,0,0.025836928,13.715328
11526,255,11670,1667,5ezp_IPJ_C_201,1,unimol,0.63992412,0.035744555,17.9027,0,0.37656898,20.06
11527,255,14218,2031,5xmq_PLG_B_501,1,unimol,0.85254972,0.03566774,23.902542,0,0,18.51
11528,255,6816,973,3wsg_CIT_B_302,5,autodock,0.34703528,0.035179723,9.8646383,0,0.13841815,11.060804
11529,255,3718,531,2c6q_IMP_E_1337,1,unimol,0.80140131,0.035157416,22.794657,0,0,28.87
11530,255,8905,1272,4k5g_Q13_B_803,1,unimol,0.67749234,0.035105695,19.298643,0,0.98911506,21.72
11531,255,14453,2064,5ybq_AKG_B_302,5,autodock,0.27261899,0.034966673,7.7965369,0,0.0018791606,6.5862454
11532,255,14267,2038,5xvv_AKG_B_506,1,unimol,0.62300627,0.034928557,17.836586,0,0,29.73
11533,255,11348,1621,5dne_ASN_B_601,1,unimol,0.85807372,0.034771209,24.677706,0,0.97875276,21.32
11534,255,11355,1622,5dne_ASN_C_601,1,unimol,0.85806321,0.034770783,24.677706,0,0.98503793,27.63
11535,255,13123,1874,5nh9_XLS_D_504,5,autodock,0.36308183,0.034758332,10.445892,0,0,26.281607
11536,255,14932,2133,6cqu_HI6_B_601,1,unimol,0.60751213,0.034644192,17.535755,0,0,21.86
11537,255,10272,1467,4x36_CHT_A_408,3,diffdock_l,0.12673552,0.034635698,3.6591001,0,1.0327522e-19,7.373971
11538,255,13896,1985,5vv5_9OJ_B_803,1,unimol,0.64000612,0.034525098,18.537415,0,0.95755597,28.25
11539,255,14894,2127,6cdy_EY1_A_501,5,autodock,0.45560071,0.034396942,13.245383,0,0,14.687865
11540,255,10771,1538,4zvz_4TF_B_503,5,autodock,0.42243167,0.034389993,12.283563,0,0.74024808,14.757305
11541,255,10477,1496,4yu7_DHC_B_203,5,autodock,0.2654773,0.034360786,7.7261696,0,0,5.6236131
11542,255,13116,1873,5nh9_XLS_C_504,5,autodock,0.34354646,0.03429579,10.01716,0,0.19622347,17.653602
11543,255,838,119,1h48_CDI_A_201,5,autodock,0.46700678,0.034265097,13.629226,0,0.0002693897,86.733271
11544,256,16397,2342,6ock_9KL_A_602,3,diffdock_l,0.13839415,0.047663157,2.9035866,0,0,24.974753
11545,256,11796,1685,5fkl_TDC_A_222,1,unimol,0.64175982,0.047598737,13.482706,0,0.93251321,16.52
11546,256,5850,835,2z48_NGA_B_2006,5,autodock,0.49508854,0.042790347,11.570098,0,0.80576763,13.071513
11547,256,4233,604,2gx5_PCG_C_514,5,autodock,0.21891593,0.0381426,5.7394066,0,0,5.6031054
11548,256,13242,1891,5o4k_9KE_A_405,5,autodock,0.27567889,0.037565743,7.3385706,0,0,7.0067484
11549,256,14148,2021,5x86_TMP_A_205,1,unimol,0.64175982,0.036963563,17.361956,0,0,16.68
11550,256,16390,2341,6ock_9KL_A_601,3,diffdock_l,0.13598342,0.036936319,3.6815629,0,0.93204774,12.415123
11551,256,11086,1583,5c4i_TPP_F_402,5,autodock,0.84381794,0.03569969,23.63656,0,0.99588867,40.604516
11552,256,15191,2170,6f77_PLP_D_600,1,unimol,0.7293278,0.034818348,20.94665,0,0.97230485,22.75
11553,256,5339,762,2vlf_PLI_B_1459,5,autodock,0.4626607,0.034704635,13.33138,0,7.0874941e-05,11.589789
11554,256,12759,1822,5jtt_6MY_A_902,5,autodock,0.79730254,0.033270799,23.964031,0,0.63756057,35.134803
11555,256,824,117,1h48_C5P_E_901,5,autodock,0.47165982,0.033236434,14.191047,0,0,10.2387
11556,256,803,114,1h48_C5P_A_203,5,autodock,0.47155954,0.0332167,14.196459,0,0,14.095458
11557,256,817,116,1h48_C5P_D_204,5,autodock,0.46676858,0.032892888,14.190561,0,0,12.923922
11558,256,12745,1820,5jp9_DCM_A_401,5,autodock,0.5268107,0.032837139,16.043135,0,0,9.1345725
11559,256,10893,1556,5a8k_TP7_D_554,1,unimol,0.85609709,0.032737937,26.15,0,0.97442664,28.45
11560,256,10886,1555,5a8k_TP7_A_558,1,unimol,0.85520334,0.032703759,26.15,0,0.98155333,33.24
11561,256,17225,2460,6tof_NQE_A_201,5,autodock,0.28578037,0.032657645,8.7507944,0,0,3.4967771
11562,256,1527,218,1lc8_33P_A_800,1,unimol,0.85217909,0.032588108,26.15,0,0,24.94
11563,256,9794,1399,4r2n_PLP_A_401,1,unimol,0.85071697,0.032532196,26.15,0,0,26.15
11564,256,5951,850,2zut_A2G_A_4001,1,unimol,0.8485961,0.032451092,26.15,0,0.95362633,27.24
11565,256,11957,1708,5g09_6DF_C_1475,1,unimol,0.84650349,0.032371068,26.15,0,0,25.58
11566,256,1310,187,1jyw_147_A_2001,1,unimol,0.83592666,0.031966601,26.15,0,0.96233771,34.58
11567,256,14757,2108,6b9p_D0J_A_1001,1,unimol,0.83168353,0.031804339,26.15,0,0.20965552,37.57
11568,256,6539,934,3vmg_9CA_C_2002,1,unimol,0.8281039,0.031667451,26.15,0,0,23.9
11569,256,4054,579,2fhk_MFN_C_601,1,unimol,0.82158677,0.03141823,26.15,0,0.97345808,32.26
11570,256,8709,1244,4i9n_1E6_F_401,1,unimol,0.82150007,0.031414915,26.15,0,0.98514814,27.98
11571,256,17785,2540,7kjg_BTM_A_406,5,autodock,0.28305112,0.031316565,9.0383825,0,0,14.613828
11572,257,6891,984,3wur_O4B_B_204,3,diffdock_l,0.14401578,0.045238231,3.1834962,0,0,19.676609
11573,257,600,85,1g79_PLP_A_270,5,autodock,0.23085357,0.041282664,5.592021,0,0.00062233711,6.7287065
11574,257,11446,1635,5dzh_5KG_B_901,1,unimol,0.59795655,0.039461216,15.153018,0,0.98898475,23.58
11575,257,6863,980,3wur_O4B_A_201,3,diffdock_l,0.12133784,0.038114636,3.1834962,0,0,19.277065
11576,257,7761,1108,4d06_NAR_F_302,5,autodock,0.2324973,0.037990747,6.1198392,0,9.656669e-09,5.0391211
11577,257,15156,2165,6f76_CVK_A_203,1,unimol,0.59613256,0.03759538,15.856537,0,0.96674668,25.02
11578,257,2238,319,1q3a_NGH_B_479,5,autodock,0.46185947,0.036583746,12.624717,0,0,12.840054
11579,257,14827,2118,6btq_E8S_A_305,1,unimol,0.6431218,0.035287868,18.22501,0,0.99122506,20.23
11580,257,11362,1623,5dne_ASN_D_601,1,unimol,0.74319313,0.035190539,21.119116,0,0.9763926,22.55
11581,257,2231,318,1q3a_NGH_A_480,5,autodock,0.41300434,0.034967243,11.811177,0,0,14.709985
11582,257,5542,791,2x05_X05_B_1900,5,autodock,0.48231868,0.034917823,13.812964,0,0,45.491202
11583,257,334,47,1dpm_EBP_B_903,5,autodock,0.26534115,0.033957265,7.813972,0,6.6574301e-06,5.3793856
11584,257,327,46,1dpm_EBP_A_901,5,autodock,0.26518598,0.033937407,7.813972,0,3.8350776e-07,7.1842025
11585,257,11663,1666,5ezp_IPJ_B_201,1,unimol,0.64331177,0.033931295,18.959244,0,0,29.21
11586,257,17176,2453,6tbx_N0Z_D_302,5,autodock,0.27422597,0.033865794,8.0974312,0,0,6.4305889
11587,257,5752,821,2yp6_C6W_B_1186,5,autodock,0.26298079,0.033769216,7.7875886,0,0,6.3196592
11588,257,4964,709,2qd4_CHD_B_927,1,unimol,0.64331176,0.033465138,19.223339,0,0.99041594,23.96
11589,257,5276,753,2v60_C17_A_1503,5,autodock,0.48981688,0.033295856,14.711045,0,0,17.622687
11590,257,10953,1564,5agl_CCW_B_800,5,autodock,0.28270553,0.033120758,8.5355988,0,8.0221472e-08,8.3683303
11591,257,13305,1900,5oir_9W8_A_302,5,autodock,0.28461221,0.032950759,8.6374998,0,0,5.4343287
11592,257,10991,1570,5awd_IDQ_A_901,1,unimol,0.64329948,0.032637813,19.710249,0,4.1607498e-09,29.7
11593,257,5283,754,2v60_C17_B_1498,5,autodock,0.49045125,0.032607986,15.040832,0,0,22.75772
11594,257,4950,707,2qd4_CHD_A_803,1,unimol,0.64331168,0.032579552,19.745871,0,0.9894045,27.41
11595,257,8783,1254,4j0k_EGR_B_501,5,autodock,0.26175468,0.032462879,8.063199,0,0,19.946582
11596,257,16570,2367,6po9_OS7_B_804,1,unimol,0.71258394,0.032416296,21.982273,0,0.97045118,29.05
11597,257,10057,1436,4uoc_NCN_B_400,5,autodock,0.45533891,0.032295459,14.099161,0,0,16.759418
11598,257,14852,2121,6c17_DNX_A_202,5,autodock,0.27545542,0.032190057,8.5571575,0,0,12.660276
11599,257,17673,2524,6zug_QPW_H_1001,5,autodock,0.48872911,0.031724765,15.405286,0,0,15.103794
11600,257,13735,1962,5unr_8EV_A_803,1,unimol,0.64331029,0.031700668,20.29327,0,0.98263102,17.7
11601,257,11500,1642,5edh_5MF_D_803,6,smina,0.13489215,0.031673192,4.2588735,0,0,4.7904032
11602,257,17169,2452,6tbx_N0Z_A_302,5,autodock,0.26638873,0.031486907,8.4603004,0,0,4.9263608
11603,257,5538,791,2x05_X05_B_1900,1,unimol,0.72756986,0.031281333,23.258913,0,0,19.91
11604,257,16563,2366,6po9_OS7_A_803,1,unimol,0.6851235,0.031262127,21.915445,0,0.97019309,24.99
11605,257,12440,1777,5ijz_AKG_D_502,1,unimol,0.81214276,0.030965317,26.227495,0,0.80909723,30.41
11606,257,15324,2189,6flu_DTK_B_405,1,unimol,0.75890827,0.030781059,24.655039,0,0.97971491,26.79
11607,257,12013,1716,5g4r_LF1_B_1739,1,unimol,0.61732755,0.030769287,20.063107,0,0.98223903,20.67
11608,257,1426,203,1klk_PMD_A_653,5,autodock,0.48766038,0.030735565,15.866322,0,0,21.903658
11609,257,2955,422,1x29_PMG_B_1413,1,unimol,0.80610967,0.030735288,26.227495,0,0.95116231,19.54
11610,257,10249,1464,4wxb_CIT_C_501,1,unimol,0.69405727,0.030706243,22.60313,0,0,24.32
11611,257,16262,2323,6nga_KL7_A_803,1,unimol,0.64331157,0.030638011,20.997169,0,0.97926643,19.94
11612,257,9234,1319,4mig_G3F_D_802,1,unimol,0.8006385,0.030526683,26.227495,0,0.98279634,23.01
11613,257,15275,2182,6flu_DTK_A_404,1,unimol,0.75075514,0.030391762,24.702585,0,0.95702323,24.21
11614,257,687,98,1gsq_GDN_A_203,1,unimol,0.79570212,0.030338469,26.227495,0,0.95409597,27.67
11615,257,9227,1318,4mig_G3F_B_802,1,unimol,0.79389046,0.030269394,26.227495,0,0.97552988,22.81
11616,257,15042,2148,6e40_BBJ_D_502,6,smina,0.13489216,0.030196222,4.4671855,0,0,8.9238635
11617,257,6357,908,3tyn_CXW_B_800,1,unimol,0.64331177,0.030146982,21.339174,0,0.98077541,20.56
11618,257,6350,907,3tyn_CXW_A_800,1,unimol,0.64331168,0.030146978,21.339174,0,0.98668384,21.71
11619,257,12885,1840,5l7u_NGA_B_601,5,autodock,0.47989754,0.030078011,15.955094,0,5.6162434e-05,13.372251
11620,257,7722,1103,4cx6_Q16_B_800,1,unimol,0.64331177,0.030042027,21.413725,0,0.98227784,24.67
11621,257,5213,744,2uuj_896_B_1250,5,autodock,0.5372062,0.029959016,17.931368,0,0,10.618551
11622,258,26,3,1a49_OXL_F_4133,5,autodock,0.28714197,0.042814407,6.706666,0,2.3385089e-05,6.6758989
11623,258,19,2,1a49_OXL_D_2333,5,autodock,0.27696083,0.041169297,6.7273626,0,2.2577212e-05,7.571683
11624,258,2623,374,1tsd_UMP_B_265,5,autodock,0.34987228,0.040930425,8.5479746,0,0,9.4802555
11625,258,12,1,1a49_OXL_A_533,5,autodock,0.2738971,0.040576256,6.7501807,0,8.5685713e-05,6.8617477
11626,258,2616,373,1tsd_UMP_A_267,5,autodock,0.34484408,0.040457569,8.5235977,0,0,9.768705
11627,258,10470,1495,4yu7_DHC_A_204,5,autodock,0.23485332,0.039349328,5.9684191,0,0,5.5949538
11628,258,695,99,1gxu_2HP_A_1092,2,diffdock,0.046649148,0.038479026,1.2123257,0,0,5.2828316
11629,258,2917,416,1w78_PD8_A_1421,5,autodock,0.4568654,0.038147925,11.976152,0,0,10.655777
11630,258,8895,1270,4jzx_IPE_A_401,5,autodock,0.25836331,0.037528052,6.8845372,0,7.9058826e-06,8.418203
11631,258,7390,1055,4bvh_OCZ_B_1392,5,autodock,0.35340526,0.037430907,9.441535,0,0,168.92538
11632,258,7397,1056,4bvh_OCZ_C_1394,5,autodock,0.35328185,0.036130739,9.777874,0,0,151.07109
11633,258,2140,305,1pl6_572_C_409,5,autodock,0.30660442,0.03565822,8.5984211,0,0,8.4642586
11634,258,7736,1105,4d06_NAR_C_301,1,unimol,0.72593208,0.035577612,20.404181,0,0.992269,28.17
11635,258,10463,1494,4yu7_DHC_A_203,5,autodock,0.21401585,0.035037644,6.1081681,0,0,5.6825125
11636,258,2430,347,1sjc_SMG_D_1300,1,unimol,0.73099813,0.034989201,20.892105,0,0.95002002,25.49
11637,258,5822,831,2z48_NGA_A_1004,5,autodock,0.28315567,0.03490086,8.113142,0,6.797241e-06,9.0409457
11638,258,2913,416,1w78_PD8_A_1421,1,unimol,0.70681778,0.034851813,20.280659,0,0,22.56
11639,258,8664,1237,4i9n_1E5_C_402,5,autodock,0.45048357,0.034705256,12.980268,0,0,9.5678511
11640,258,320,45,1dpm_EBP_A_900,5,autodock,0.37943909,0.034437833,11.018087,0,0.00021876715,12.552125
11641,258,15849,2264,6krs_CIT_B_301,1,unimol,0.64854503,0.034374323,18.867134,0,0.89600046,26.02
11642,258,5843,834,2z48_NGA_B_2004,5,autodock,0.27847871,0.034324393,8.113142,0,8.6941602e-06,8.9506864
11643,258,16182,2311,6n0z_DP6_E_401,5,autodock,0.52584544,0.034225877,15.363972,0,0.90111942,15.812045
11644,258,15870,2267,6krs_CIT_F_301,1,unimol,0.64788558,0.034108678,18.994741,0,0.89264526,25.2
11645,258,15898,2271,6kxh_DY9_B_402,1,unimol,0.71780893,0.033455345,21.45573,0,0.99740043,22.15
11646,258,5829,832,2z48_NGA_B_2002,5,autodock,0.27306523,0.033187959,8.2278395,0,6.3879477e-06,10.056601
11647,258,4149,592,2fzb_TOL_A_600,5,autodock,0.46848605,0.03315572,14.12987,0,0,17.190163
11648,258,33,4,1a59_CIT_A_379,5,autodock,0.25841242,0.032518432,7.9466438,0,0.0062496038,16.464523
11649,258,12183,1740,5h9i_XAN_A_301,3,diffdock_l,0.15227971,0.03234985,4.7072763,0,0,14.92907
11650,258,4296,613,2hjp_PPR_A_291,5,autodock,0.22641068,0.031922462,7.0925183,0,0,11.211714
11651,258,12566,1795,5j5i_6GM_E_302,1,unimol,0.715969,0.031697941,22.587238,0,0.98878924,30.13
11652,258,6795,970,3wlf_FEH_C_401,5,autodock,0.22014459,0.031622367,6.9616723,0,0.023641233,8.2881135
11653,258,14253,2036,5xvt_8FL_A_709,1,unimol,0.71959782,0.031566057,22.796568,0,0,20.03
11654,258,558,79,1g4s_TPS_A_2001,5,autodock,0.48293404,0.03121811,15.469675,0,0.0011085084,11.883861
11655,258,6308,901,3tky_N7I_B_369,1,unimol,0.65887294,0.030898039,21.3241,0,0.97805599,23.12
11656,258,12559,1794,5j5i_6GM_A_303,1,unimol,0.72688876,0.030805751,23.595877,0,0.98802078,26.36
11657,258,12822,1831,5kf2_COA_A_401,5,autodock,0.41437497,0.030651081,13.519097,0,0.36469823,17.421727
11658,258,3288,469,1zmt_RNO_B_1001,5,autodock,0.27595403,0.030597687,9.0187864,0,0,8.2915995
11659,258,1970,281,1o8a_NXA_A_702,3,diffdock_l,0.16585126,0.03037119,5.4608078,0,0.97844409,24.200608
11660,258,12573,1796,5j5i_6GM_F_302,1,unimol,0.68746759,0.030018984,22.901093,0,0.99197501,27.2
11661,258,2469,352,1sz6_NAG_B_5004,5,autodock,0.22640618,0.029873137,7.5789213,0,8.1965957e-12,7.0039338
11662,258,16031,2290,6lx5_C5F_A_502,1,unimol,0.6475802,0.029834094,21.706043,0,0,19.6
11663,258,10256,1465,4wxb_CIT_D_501,1,unimol,0.64288741,0.029768232,21.596424,0,0.89851491,21.84
11664,258,16521,2360,6pn9_OU7_A_803,1,unimol,0.64757883,0.029565229,21.903391,0,0.94792021,18.29
11665,258,7897,1128,4dd8_BAT_C_1000,1,unimol,0.77478965,0.029437295,26.32,0,0.82103748,24.76
11666,258,3302,471,1zmt_RNO_D_1004,5,autodock,0.25747511,0.02939787,8.7582903,0,0,11.3521
11667,258,5349,764,2vmw_PLP_A_501,1,unimol,0.63818544,0.029390443,21.714045,0,0.92697569,17.88
11668,258,13861,1980,5vut_9OG_B_803,1,unimol,0.6475802,0.029354919,22.060362,0,0.97247357,27.14
11669,258,3575,510,2bf7_HBI_C_1290,5,autodock,0.22769171,0.029350427,7.7576957,0,0,8.6349813
11670,258,3281,468,1zmt_RNO_A_1002,5,autodock,0.25687054,0.029328842,8.7582903,0,0,9.4562633
11671,258,15905,2272,6kxh_DY9_C_402,1,unimol,0.6508953,0.029294687,22.218884,0,0,21.83
11672,259,8146,1163,4evq_PHB_B_402,5,autodock,0.48208163,0.050029932,9.6358633,0,0,1032.9442
11673,259,8223,1174,4gcq_0JM_A_401,5,autodock,0.47607392,0.040761134,11.679604,0,8.6339573e-09,17.167324
11674,259,15195,2170,6f77_PLP_D_600,5,autodock,0.52296946,0.040349179,12.961092,0,0,12.821815
11675,259,17445,2492,6vv9_RQ1_A_202,1,unimol,0.65129589,0.03500539,18.605587,0,0.96348996,25.21
11676,259,15202,2171,6f77_PLP_E_600,5,autodock,0.45635062,0.034418003,13.259067,0,0,11.880707
11677,259,15177,2168,6f77_PLP_A_600,1,unimol,0.64805678,0.033106099,19.575146,0,0.9751423,27.22
11678,259,15184,2169,6f77_PLP_C_600,1,unimol,0.65112041,0.032959168,19.755363,0,0,25.21
11679,259,15807,2258,6jyg_FLC_E_402,1,unimol,0.6513464,0.032458591,20.066994,0,0.0094643747,22.82
11680,259,17778,2539,7kje_NRD_A_405,5,autodock,0.25015032,0.032090749,7.7950902,0,0.042113589,9.0902639
11681,259,12578,1796,5j5i_6GM_F_302,6,smina,0.21830338,0.031906057,6.8420663,0,0,10.249036
11682,259,11968,1709,5g09_6DF_D_1476,5,autodock,0.69954138,0.030639957,22.831015,0,0.98739362,25.472144
11683,259,15531,2218,6hmw_FUL_C_203,5,autodock,0.21049776,0.030432394,6.9168968,0,9.8173368e-09,10.16242
11684,259,5073,724,2qvr_FDP_A_333,5,autodock,0.33524405,0.030339029,11.049926,0,0.0011190378,24.187265
11685,259,15800,2257,6jyg_FLC_E_401,1,unimol,0.59761345,0.029700691,20.121195,0,0.97840159,24.81
11686,259,10865,1552,5a86_D7E_B_1432,1,unimol,0.65112456,0.029156045,22.332401,0,0.99396087,26.87
11687,259,8468,1209,4hzf_CMP_B_301,5,autodock,0.52926212,0.029045093,18.222082,0,0,541.15331
11688,259,16374,2339,6o1s_7SD_E_803,1,unimol,0.76354156,0.028932987,26.389999,0,0.96773219,18.91
11689,259,5615,802,2xta_TPP_D_2001,1,unimol,0.75599289,0.028646944,26.389999,0,0.97076316,29.21
11690,259,8982,1283,4kux_FPS_A_704,1,unimol,0.74934361,0.028394982,26.389999,0,0.92710586,24.42
11691,259,15303,2186,6flu_DTK_B_402,1,unimol,0.71766586,0.028232882,25.419502,0,0.95812533,23.49
11692,259,16584,2369,6pvi_OZ7_A_501,1,unimol,0.65112524,0.02809015,23.17984,0,0,23.79
11693,259,14799,2114,6bmm_OLB_B_404,1,unimol,0.73934138,0.028015966,26.389999,0,0,34.71
11694,259,6256,893,3sru_Q26_X_169,5,autodock,0.51323628,0.027980991,18.342318,0,0,17.397292
11695,259,6672,953,3w7f_FPS_B_302,1,unimol,0.62068606,0.027859776,22.278931,0,0,26.95
11696,259,4957,708,2qd4_CHD_B_926,1,unimol,0.65112329,0.027576773,23.611292,0,0.98872195,23.01
11697,259,7040,1005,3zzm_JLN_A_1526,5,autodock,0.47414355,0.0275662,17.200176,0,1.5472854e-07,24.159741
11698,259,6228,889,3sj1_DXC_X_75,5,autodock,0.27107419,0.027538007,9.8436375,0,0,11.487299
11699,259,2217,316,1pzy_NAG_D_406,5,autodock,0.45972457,0.027502602,16.715673,0,0.00043205745,13.59208
11700,259,4000,571,2f78_BEZ_B_1002,3,diffdock_l,0.18798438,0.027497433,6.8364329,0,1.7697688e-16,22.550701
11701,259,792,113,1h1m_KMP_C_1358,1,unimol,0.72428642,0.027445486,26.389999,0,0.98772055,21.3
11702,259,4079,582,2fr6_CTN_A_1001,5,autodock,0.47853566,0.027437647,17.44084,0,0,293.43118
11703,259,15709,2244,6jk9_BU0_B_501,1,unimol,0.72401465,0.027435188,26.389999,0,0,24.62
11704,259,10669,1524,4zsy_RW2_A_502,1,unimol,0.72346674,0.027414426,26.389999,0,0.93005886,29.75
11705,259,8471,1210,4i02_CMP_A_301,1,unimol,0.60085783,0.027407074,21.923456,0,0.99317321,24.77
11706,259,3911,558,2ef9_A5P_B_2269,5,autodock,0.22374262,0.027392608,8.1679916,0,0.13052149,12.897009
11707,259,3986,569,2f78_BEZ_A_1001,3,diffdock_l,0.18813559,0.02739063,6.8686104,0,2.8891925e-35,16.379419
11708,259,4093,584,2fr6_CTN_D_1004,5,autodock,0.48109974,0.027385968,17.567379,0,0,717.44093
11709,259,12633,1804,5j61_A3G_E_501,5,autodock,0.67768965,0.027372186,24.758329,0,0.98531191,330.80093
11710,259,7281,1040,4b98_PXG_B_470,1,unimol,0.72217614,0.027365521,26.389999,0,0.98621689,31.97
11711,259,14064,2009,5x23_LSN_A_502,1,unimol,0.7212836,0.0273317,26.389999,0,0,27.53
11712,259,2675,382,1u1g_BBB_D_6300,1,unimol,0.72109223,0.027324449,26.389999,0,0.95308125,26.28
11713,259,12615,1802,5j61_A3G_C_501,1,unimol,0.71938323,0.027259689,26.389999,0,0.98354299,21.28
11714,259,11810,1687,5fli_QUE_C_301,1,unimol,0.71797077,0.027206166,26.389999,0,0,26.65
11715,259,11831,1690,5fli_QUE_F_301,1,unimol,0.71760911,0.027192462,26.389999,0,0.98729903,25.45
11716,259,6154,879,3roe_THM_E_265,1,unimol,0.71406425,0.027058136,26.389999,0,0,23.04
11717,259,6147,878,3roe_THM_D_265,1,unimol,0.71381386,0.027048648,26.389999,0,0,18.29
11718,259,8461,1208,4hzf_CMP_A_302,5,autodock,0.46696545,0.027037199,17.271219,0,0,11.438643
11719,259,6168,881,3rsc_TYD_A_397,1,unimol,0.71349005,0.027036378,26.389999,0,0,24.26
11720,259,4187,598,2g9z_VNP_A_602,1,unimol,0.71301115,0.027018231,26.389999,0,0.91551193,26.09
11721,259,3697,528,2c6q_IMP_B_1339,1,unimol,0.71299514,0.027017624,26.389999,0,0,25.91
11722,260,16829,2404,6r73_LMP_A_301,1,unimol,0.65181797,0.053346982,12.218459,0,0,30.7
11723,260,17145,2449,6t5p_VD8_C_302,2,diffdock,0.048006845,0.050981598,0.94164944,0,2.3601798e-56,31.067421
11724,260,11763,1680,5fe4_5WY_A_903,3,diffdock_l,0.14693765,0.04825046,3.04531,0,3.4773273e-41,11.401197
11725,260,11770,1681,5fe4_5WY_B_904,3,diffdock_l,0.14618554,0.048003485,3.04531,0,3.4871241e-41,11.502639
11726,260,17152,2450,6t5p_VD8_D_302,2,diffdock,0.043840418,0.046556998,0.94164944,0,3.2624997e-68,33.054903
11727,260,11749,1678,5fe1_12Q_A_901,3,diffdock_l,0.16484903,0.046303639,3.5601735,0,4.9847221e-41,10.409734
11728,260,11756,1679,5fe1_12Q_B_901,3,diffdock_l,0.16478939,0.046286886,3.5601735,0,0.99476662,11.088677
11729,260,17138,2448,6t5p_VD8_B_302,2,diffdock,0.039829562,0.042297608,0.94164944,0,1.2845461e-44,32.825223
11730,260,16592,2370,6q4b_HHN_A_301,2,diffdock,0.037395709,0.039712942,0.94164944,0,0.99720815,13.805557
11731,260,2042,291,1p1w_AMQ_B_427,5,autodock,0.32440469,0.03916609,8.282794,0,0,17.023385
11732,260,1230,175,1j3k_WRA_A_609,5,autodock,0.53686361,0.03681926,14.581053,0,0.20025817,6.7455199
11733,260,15573,2224,6ho2_GHN_A_301,5,autodock,0.49668602,0.036073113,13.768869,0,0,14.862324
11734,260,14068,2009,5x23_LSN_A_502,5,autodock,0.45833265,0.035927896,12.757012,0,0,18.096912
11735,260,5052,721,2qse_1HP_A_1,5,autodock,0.47241684,0.035394454,13.347198,0,0,386.80166
11736,260,4462,637,2j9e_AKG_C_1119,3,diffdock_l,0.17513268,0.035289602,4.9627266,0,1.0704697e-37,16.088238
11737,260,6294,899,3te7_TE7_B_1,1,unimol,0.65177139,0.03520014,18.516157,0,0.97099631,19.58
11738,260,15384,2197,6fw0_E92_A_602,5,autodock,0.43678359,0.034997299,12.480494,0,0,21.287338
11739,260,13263,1894,5ocm_9RH_C_302,5,autodock,0.24985216,0.034217634,7.3018527,0,0,6.5929423
11740,260,7670,1095,4cmk_FQW_C_1270,5,autodock,0.31209419,0.033609094,9.2860031,0,0.39398829,7.3234953
11741,260,8353,1193,4hey_4MZ_A_308,2,diffdock,0.038611746,0.033515311,1.1520619,0,5.8945623e-28,15.420601
11742,260,13550,1935,5tlg_7EG_B_601,5,autodock,0.47814198,0.033090887,14.449354,0,0,184.68437
11743,260,9012,1287,4kwl_3SS_A_302,3,diffdock_l,0.17379359,0.032623047,5.3273244,0,0.00077627957,10.668824
11744,260,2185,312,1pvc_ILE_0_7,1,unimol,0.65181797,0.032285049,20.189466,0,0,32.18
11745,260,15433,2204,6gl4_GLU_B_301,5,autodock,0.21998632,0.032233456,6.8247814,0,2.638887e-05,32.379026
11746,260,7659,1094,4cmk_FQW_B_1270,1,unimol,0.63472872,0.03215295,19.740915,0,0.95095874,27
11747,260,7136,1019,4a9j_TYL_B_1187,3,diffdock_l,0.16427687,0.031847283,5.1582685,0,3.2768092e-59,14.916918
11748,260,13851,1978,5vrj_R07_A_204,5,autodock,0.42329844,0.031801547,13.310623,0,0,13.56395
11749,260,12563,1794,5j5i_6GM_A_303,5,autodock,0.52455766,0.031730694,16.531551,0,0,17.887101
11750,261,5734,819,2yjd_YJD_B_1498,1,unimol,0.65114974,0.039902104,16.31868,0,0.99442516,17.67
11751,261,17211,2458,6to7_SUV_A_401,5,autodock,0.52172543,0.037905835,13.763722,0,0,135.36215
11752,261,17218,2459,6to7_SUV_B_401,5,autodock,0.52151776,0.037890747,13.763722,0,0,34.473936
11753,261,15107,2158,6f2v_AMP_B_1001,1,unimol,0.69434678,0.037341703,18.594404,0,0.9689573,20.09
11754,261,5146,735,2r5e_QLP_B_430,1,unimol,0.65156159,0.035118787,18.553076,0,0,27.57
11755,261,6438,919,3uwb_BB2_A_154,5,autodock,0.4454518,0.034733201,12.824956,0,0,17.14668
11756,261,9171,1310,4lz7_1YW_C_804,1,unimol,0.65156158,0.033800405,19.276737,0,3.440424e-08,20.68
11757,261,307,43,1dna_CB3_A_601,6,smina,0.13477278,0.032907539,4.0954976,0,0,11.150749
11758,261,227,32,1cdk_MYR_B_403,3,diffdock_l,0.17672325,0.032691598,5.4057689,0,2.8557033e-85,15.318599
11759,261,9609,1372,4p8c_2J3_A_504,5,autodock,0.20756749,0.032606128,6.3659034,0,7.7587057e-06,7.3595569
11760,261,8898,1271,4k5g_Q13_A_803,1,unimol,0.65412962,0.032136566,20.354681,0,0,24.11
11761,261,314,44,1dna_CB3_B_602,6,smina,0.13297617,0.031963438,4.1602578,0,0,11.159712
11762,261,13088,1869,5n5k_8NW_A_307,5,autodock,0.34621651,0.031903735,10.851911,0,0,10.040415
11763,261,187,26,1c3s_SHH_A_952,5,autodock,0.25864215,0.031367664,8.2455015,0,0.00012693888,9.1746858
11764,261,7120,1017,4a8p_PAO_F_1340,1,unimol,0.65882824,0.031206946,21.111588,0,0.98320382,25.34
11765,261,220,31,1cdk_MYR_A_403,3,diffdock_l,0.1669127,0.03098109,5.3875661,0,6.8848392e-87,15.082037
11766,261,17524,2503,6xp1_T2C_A_401,3,diffdock_l,0.16573218,0.030915232,5.3608575,0,0.9375394,32.339807
11767,261,3596,513,2bgc_DTU_A_1238,5,autodock,0.27335237,0.030909889,8.843524,0,0.15488173,9.2143485
11768,261,12776,1825,5k5m_68T_A_1003,1,unimol,0.69365058,0.030182219,22.982092,0,0.94907178,26.1
11769,261,7740,1105,4d06_NAR_C_301,5,autodock,0.51991281,0.030099995,17.272852,0,0,693.04247
11770,261,16112,2301,6mae_JBA_A_301,5,autodock,0.33168465,0.030043669,11.040084,0,0,16.765998
11771,261,5139,734,2r5e_QLP_A_430,1,unimol,0.65156152,0.029941016,21.761501,0,0.98567842,23.54
11772,261,15702,2243,6jk9_BU0_A_501,1,unimol,0.65155246,0.029937905,21.76346,0,0,31.62
11773,261,5034,719,2qs2_UBF_A_603,1,unimol,0.64271544,0.029798432,21.568766,0,0.98507909,20.04
11774,261,13326,1903,5osf_A9E_A_404,5,autodock,0.26353182,0.029391305,8.9663181,0,0,4.7320751
11775,261,12283,1754,5htd_MYR_A_201,5,autodock,0.26761308,0.029108876,9.1935205,0,5.4724994e-11,9.8326074
11776,261,4009,572,2f78_BEZ_B_1005,5,autodock,0.27436498,0.029058962,9.4416637,0,0.02077401,5.7379038
11777,261,13203,1886,5o3f_9HT_A_501,1,unimol,0.66595606,0.029044435,22.928867,0,0,25.62
11778,261,11135,1590,5cfw_53W_A_201,5,autodock,0.24782802,0.028402338,8.7256193,0,0,11.761526
11779,261,8240,1177,4ghf_4NC_C_402,1,unimol,0.6509794,0.028264229,23.031916,0,0.94652896,19.13
11780,261,2640,377,1tvw_CB3_A_318,1,unimol,0.67613798,0.028199881,23.976624,0,0,26.67
11781,261,9196,1313,4m54_AE5_A_403,5,autodock,0.21801044,0.028138023,7.7478938,0,0.00056255628,10.560739
11782,261,12913,1844,5la1_XYP_A_602,5,autodock,0.25967476,0.028028159,9.26478,0,0.00015270078,13.550386
11783,261,15597,2228,6hsg_GM5_A_504,1,unimol,0.65156063,0.028018693,23.254496,0,0.96087191,25.63
11784,261,8335,1190,4h9x_HL4_B_404,5,autodock,0.28808376,0.02765764,10.416063,0,0,5.7273744
11785,261,5682,811,2y00_Y00_A_601,5,autodock,0.46291188,0.027610315,16.765902,0,0,12.186314
11786,261,14666,2095,6abm_9VR_A_505,1,unimol,0.59973779,0.02748059,21.824049,0,0.93913438,24.39
11787,261,16497,2356,6p9t_O5D_A_307,5,autodock,0.24350461,0.027396007,8.8883238,0,2.0246057e-09,8.9358789
11788,261,14650,2092,6a2n_9QR_A_701,6,smina,0.1703165,0.027219913,6.2570543,0,2.2326095e-09,10.965703
11789,261,10358,1479,4xti_IMP_A_601,5,autodock,0.32369906,0.027162644,11.917067,0,0,15.992218
11790,261,10365,1480,4xti_IMP_B_601,5,autodock,0.32324506,0.027124547,11.917067,0,0,18.349633
11791,261,4870,695,2qab_EI1_A_1,5,autodock,0.46924295,0.027103721,17.312859,0,0,354.53891
11792,261,12963,1851,5lwy_OLB_A_407,6,smina,0.13477281,0.027093597,4.9743409,0,2.5687368e-08,14.989501
11793,261,9791,1398,4r2n_PHE_C_402,5,autodock,0.24207579,0.027067078,8.9435501,0,1.0149918e-05,9.8115876
11794,261,7747,1106,4d06_NAR_E_301,5,autodock,0.47389099,0.027057135,17.514454,0,0,850.92931
11795,261,1433,204,1klz_U_A_2001,5,autodock,0.33134925,0.027018398,12.263837,0,0,10.61904
11796,261,5689,812,2y00_Y00_B_601,5,autodock,0.47299153,0.027006638,17.513897,0,0,17.877608
11797,261,12220,1745,5hfa_FP1_A_608,5,autodock,0.24955341,0.026787893,9.3159018,0,0,11.870071
11798,261,15312,2187,6flu_DTK_B_403,3,diffdock_l,0.17957975,0.02662999,6.7435145,0,4.416488e-27,20.70968
11799,261,2889,412,1w55_C_A_1372,5,autodock,0.24472161,0.026546534,9.2185888,0,0,11.285473
11800,262,13529,1932,5thu_GGG_B_405,5,autodock,0.23959378,0.033783437,7.0920477,0,6.6883134e-08,6.4849276
11801,262,9056,1293,4l80_OXL_B_402,5,autodock,0.2677495,0.033421376,8.0113239,0,0.067410516,7.7339128
11802,262,14159,2022,5x86_TMP_B_207,5,autodock,0.32916767,0.033057129,9.9575386,0,0,10.345742
11803,262,2868,409,1w1a_NDG_2_1261,5,autodock,0.25630813,0.032790179,7.8166118,0,5.9186171e-06,11.23914
11804,262,13483,1926,5tdt_MBN_A_502,1,unimol,0.65135047,0.031482662,20.689178,0,0.18263659,23.95
11805,262,12524,1789,5ivg_FPS_B_704,1,unimol,0.65235208,0.031159711,20.935753,0,0.90848534,23.64
11806,262,7929,1132,4dt8_ADN_B_401,5,autodock,0.4595492,0.030796001,14.922365,0,0.00075033924,14.879768
11807,262,12538,1791,5ivg_FPS_D_704,1,unimol,0.65251154,0.030530967,21.37212,0,0.94506983,30.17
11808,262,2861,408,1w1a_NDG_1_1261,5,autodock,0.23775062,0.030416068,7.8166118,0,4.4411338e-06,11.722236
11809,262,13814,1973,5vjg_0BP_A_403,3,diffdock_l,0.17013721,0.030142355,5.6444554,0,0.11051307,19.701595
11810,262,15440,2205,6gnf_GLC_B_602,5,autodock,0.46695562,0.029815119,15.661705,0,0.0012679712,19.00795
11811,262,12531,1790,5ivg_FPS_C_704,1,unimol,0.65397138,0.029769993,21.967466,0,0.95714237,21.52
11812,262,16854,2407,6rbo_JXQ_A_302,5,autodock,0.23983873,0.029553996,8.1152716,0,7.5561634e-05,4.098232
11813,262,7883,1126,4dd8_BAT_A_1000,1,unimol,0.66635856,0.02955157,22.549006,0,0.94422995,31.37
11814,262,8996,1285,4kux_FPS_C_705,1,unimol,0.63470729,0.02945306,21.549789,0,0.90848005,25.33
11815,262,9455,1350,4nir_6DH_A_308,5,autodock,0.21433781,0.029097538,7.3661828,0,0,6.2261361
11816,262,9462,1351,4nir_6DH_B_306,5,autodock,0.21404797,0.029058191,7.3661828,0,0,6.5417286
11817,262,14141,2020,5x6r_7ZR_B_402,1,unimol,0.65251154,0.0290457,22.464994,0,0.96804219,25.88
11818,262,7827,1118,4d5e_TPP_A_1589,1,unimol,0.65183085,0.028749885,22.672466,0,0.94448105,26.31
11819,262,3732,533,2c6q_IMP_H_1337,1,unimol,0.63824761,0.028736036,22.210703,0,0,31.82
11820,262,3495,499,2as1_TP5_A_500,2,diffdock,0.059988171,0.028528484,2.1027455,0,0,14.945489
11821,262,14358,2051,5yb7_ORN_B_602,1,unimol,0.62444815,0.028164821,22.171207,0,0,26.98
11822,262,15240,2177,6fld_DQ5_A_604,1,unimol,0.65251154,0.02811357,23.209841,0,0.97025935,27.82
11823,262,16724,2389,6qol_JB5_B_301,1,unimol,0.63503129,0.02797641,22.698811,0,0.99321922,15.59
11824,262,9003,1286,4kux_FPS_D_704,1,unimol,0.59868154,0.027972879,21.402212,0,0.90060287,27.51
11825,262,14446,2063,5ybq_AKG_A_302,5,autodock,0.22494037,0.027685433,8.1248627,0,0.99144357,6.7321794
11826,262,17501,2500,6xeb_V1P_A_411,1,unimol,0.65091076,0.02754171,23.633635,0,0,30.59
11827,262,6140,877,3roe_THM_B_265,1,unimol,0.69985156,0.027457231,25.488787,0,0,24.32
11828,262,17666,2523,6zjw_GAL_A_1102,5,autodock,0.2326809,0.027311372,8.5195599,0,0.0039649307,13.374284
11829,262,12087,1726,5gto_MYR_A_502,5,autodock,0.2374217,0.027271404,8.705884,0,8.711096e-07,9.5712966
11830,262,11289,1612,5ddu_PMP_D_601,5,autodock,0.50656544,0.026970498,18.782204,0,0.95807338,13.927077
11831,262,9448,1349,4nir_6DH_A_307,5,autodock,0.20648164,0.026853873,7.6890812,0,0,6.2561573
11832,262,10918,1559,5adi_TUE_A_800,5,autodock,0.26291629,0.02685329,9.7908401,0,0,4.346552
11833,262,13977,1996,5w7b_MYR_B_208,5,autodock,0.24034406,0.026611653,9.0315332,0,8.6867313e-12,6.9137596
11834,262,11817,1688,5fli_QUE_D_301,1,unimol,0.70004793,0.026357225,26.559999,0,0,27
11835,262,2682,383,1u1g_BBB_F_8300,1,unimol,0.69947574,0.026335682,26.559999,0,0,25.68
11836,262,5325,760,2vjb_CCD_B_1540,5,autodock,0.24530068,0.026244984,9.3465729,0,0,4.8050541
11837,262,3862,551,2e56_MYR_A_601,5,autodock,0.23682955,0.026127307,9.0644445,0,3.7900225e-07,7.5122866
11838,262,12606,1800,5j5i_6GM_I_303,6,smina,0.16883208,0.026039334,6.4837317,0,0,10.379299
11839,262,5251,750,2uza_HTL_B_1236,1,unimol,0.69017131,0.025985364,26.559999,0,0,26.43
11840,262,4495,642,2ji6_TPW_B_1566,1,unimol,0.68695476,0.025864259,26.559999,0,0.98429137,25.8
11841,262,12601,1800,5j5i_6GM_I_303,1,unimol,0.68661586,0.025851499,26.559999,0,0.98261416,27.43
11842,262,15296,2185,6flu_DTK_B_401,1,unimol,0.68519474,0.025797993,26.559999,0,0.95374834,26.56
11843,262,2833,404,1vl1_CIT_A_300,5,autodock,0.25144543,0.025797577,9.7468615,0,0.00040223073,14.208729
11844,262,11282,1611,5ddu_PMP_C_601,5,autodock,0.47836894,0.025750695,18.576931,0,0.96776627,18.646758
11845,262,5234,747,2uyv_TLA_B_1275,5,autodock,0.25016035,0.025742656,9.7177353,0,0.15905658,7.6365149
11846,262,17239,2462,6toj_NQQ_A_201,5,autodock,0.33472514,0.025709441,13.019541,0,0,7.2742915
11847,262,15030,2147,6e40_BBJ_B_502,1,unimol,0.65251133,0.025640671,25.448292,0,0.91643021,21.52
11848,262,4488,641,2ji6_TPW_A_1566,1,unimol,0.67896592,0.025563475,26.559999,0,0.97678162,21.8
11849,262,17274,2467,6tt4_BMA_C_3,5,autodock,0.21350755,0.025514317,8.3681459,0,1.2244437e-08,5.3870445
11850,263,13553,1936,5tm5_7EV_B_601,1,unimol,0.65352078,0.035099036,18.619335,0,0.93737523,18.21
11851,263,7862,1123,4d96_5PA_D_501,1,unimol,0.66586358,0.032087694,20.751368,0,0,21.63
11852,263,1559,222,1lo3_AN1_Y_500,5,autodock,0.2600063,0.031964971,8.1341,0,0,19.469114
11853,263,7848,1121,4d96_5PA_B_501,1,unimol,0.65352078,0.031638884,20.655619,0,0.97304911,23.42
11854,263,13165,1880,5nuk_Z80_A_201,5,autodock,0.25737172,0.03101061,8.2994719,0,0,7.6580146
11855,263,14551,2078,5zg2_ZK1_B_901,5,autodock,0.44968139,0.030839566,14.581313,0,0,19.464702
11856,263,12318,1759,5i0m_UMP_B_201,5,autodock,0.31674027,0.029146696,10.867106,0,0,12.566962
11857,263,7855,1122,4d96_5PA_C_402,1,unimol,0.59876769,0.028988124,20.655619,0,0.98107244,21.48
11858,263,5318,759,2vjb_CCD_B_1539,5,autodock,0.23748263,0.028281681,8.397047,0,0,6.6844336
11859,263,638,91,1gey_PPE_A_413,1,unimol,0.5976061,0.02807376,21.286997,0,0.94881201,24.77
11860,263,13093,1870,5n5k_HAE_A_306,3,diffdock_l,0.15146685,0.028058068,5.398334,0,0,7.718951
11861,263,3974,567,2f64_12Q_A_472,5,autodock,0.22358274,0.02752058,8.1242008,0,0,74.193678
11862,263,3113,444,1y8j_STS_A_900,5,autodock,0.20232621,0.027083791,7.4703789,0,0,14.456241
11863,263,9612,1373,4p8c_Y22_B_502,1,unimol,0.65352077,0.026853839,24.336212,0,0.92256795,24.27
11864,263,16612,2373,6q4r_HJ5_A_1009,1,unimol,0.67579455,0.026750121,25.263231,0,0.78288783,32.38
11865,263,11688,1669,5f35_FLC_A_302,5,autodock,0.25359583,0.026385521,9.6111727,0,0.019665981,18.600568
11866,263,14407,2058,5ybp_8SX_B_303,1,unimol,0.65352078,0.026246516,24.899332,0,0,27.74
11867,263,9700,1385,4q40_VAL_B_403,5,autodock,0.21102585,0.026005139,8.1147738,0,8.2874211e-07,6.5627363
11868,263,9693,1384,4q40_VAL_A_403,5,autodock,0.21102491,0.026005024,8.1147738,0,0,41.404345
11869,263,9707,1386,4q40_VAL_C_404,5,autodock,0.21102418,0.026004934,8.1147738,0,1.5460987e-05,4.2964598
11870,263,14645,2092,6a2n_9QR_A_701,1,unimol,0.65352078,0.025779797,25.350111,0,0.9696163,29.19
11871,263,14617,2088,6a2m_9QR_A_701,1,unimol,0.65352078,0.025736227,25.393028,0,0.86586771,25.66
11872,263,2826,403,1vkf_CIT_D_503,5,autodock,0.23576586,0.025715861,9.1681099,0,0.00058821034,11.065846
11873,263,887,126,1h5r_G1P_A_1294,5,autodock,0.29985938,0.025662532,11.684714,0,0.3446321,13.708555
11874,263,13270,1895,5oew_9TE_B_901,5,autodock,0.35704858,0.0256315,13.930069,0,0,83.165089
11875,263,14764,2109,6b9p_D0J_B_1001,1,unimol,0.67584649,0.025392488,26.615999,0,0,37.57
11876,263,10757,1536,4zvv_GN0_C_403,5,autodock,0.45433744,0.025387867,17.895847,0,0,11.070121
11877,263,2693,384,1u2o_NEC_A_1001,5,autodock,0.43196147,0.025234308,17.118021,0,3.2212937e-06,18.326909
11878,263,3981,568,2f64_12Q_B_471,5,autodock,0.21066445,0.025154798,8.3747215,0,0,270.38136
11879,263,12944,1849,5lwy_OLB_A_403,1,unimol,0.65352078,0.025112092,26.024145,0,0,30.35
11880,263,5962,851,2zut_A2G_B_4002,5,autodock,0.66546069,0.025002279,26.615999,0,0.97684678,13.430206
11881,263,12951,1850,5lwy_OLB_A_406,1,unimol,0.65352076,0.024909977,26.2353,0,0,28.83
11882,263,14078,2011,5x23_LSN_A_504,1,unimol,0.66043147,0.024813324,26.615999,0,0,25.09
11883,263,15132,2161,6f48_XQB_A_302,5,autodock,0.21102202,0.024760386,8.5225649,0,0,169.71792
11884,263,6347,906,3tye_YTZ_B_902,5,autodock,0.21941957,0.024758594,8.862359,0,0,4.829967
11885,263,12426,1775,5ijz_AKG_B_502,1,unimol,0.65591394,0.024643595,26.615999,0,0.69949005,28.94
11886,263,12419,1774,5ijz_AKG_A_502,1,unimol,0.65534904,0.02462237,26.615999,0,0,31.48
11887,263,16899,2414,6rgg_K3Q_B_402,1,unimol,0.65429447,0.024582749,26.615999,0,0,23.36
11888,263,10690,1527,4zsy_RW2_D_502,1,unimol,0.65352381,0.024553794,26.615999,0,0,26.24
11889,263,946,135,1h82_GZZ_A_590,1,unimol,0.65352079,0.02455368,26.615999,0,0.94736517,42.24
11890,263,5853,836,2z6j_TUI_A_501,1,unimol,0.65352078,0.02455368,26.615999,0,0.96635597,21.71
11891,263,631,90,1gck_PLP_A_413,1,unimol,0.65352078,0.02455368,26.615999,0,0,23.69
11892,263,4040,577,2fhk_MFN_A_600,1,unimol,0.65352078,0.02455368,26.615999,0,0,32.7
11893,263,8184,1169,4fm6_TYR_C_259,1,unimol,0.65352078,0.02455368,26.615999,0,0,34.48
11894,263,11845,1692,5fli_QUE_H_301,1,unimol,0.65352078,0.02455368,26.615999,0,0.99093803,23.55
11895,263,11852,1693,5fli_QUE_J_301,1,unimol,0.65352078,0.02455368,26.615999,0,0,21.3
11896,263,12433,1776,5ijz_AKG_C_502,1,unimol,0.65352078,0.02455368,26.615999,0,0.84218857,31.6
11897,263,13350,1907,5sga_TYR_P_1,1,unimol,0.65352078,0.02455368,26.615999,0,0.94206676,29.66
11898,263,13616,1945,5u8z_83D_A_602,1,unimol,0.65352078,0.02455368,26.615999,0,0.94477862,21.69
11899,263,16213,2316,6nba_P1T_B_501,1,unimol,0.65352078,0.02455368,26.615999,0,0,22.56
11900,264,4476,639,2jhp_GUN_A_1647,3,diffdock_l,0.1351927,0.053197392,2.5413399,0,2.614925e-25,24.356187
11901,264,4483,640,2jhp_GUN_A_1648,3,diffdock_l,0.13042882,0.046366744,2.8129811,0,1.8018329e-34,37.559763
11902,264,1760,251,1n1i_HIS_C_501,3,diffdock_l,0.13576197,0.036518316,3.7176397,0,0,17.085168
11903,264,4660,665,2o7b_HC4_E_701,5,autodock,0.46457319,0.034020914,13.655517,0,0,40.03355
11904,264,2455,350,1sz6_NAG_A_5003,5,autodock,0.20784954,0.033907163,6.1299586,0,2.6792258e-07,7.4841992
11905,264,4667,666,2o7b_HC4_G_701,5,autodock,0.46995127,0.033526161,14.017448,0,0,60.375322
11906,264,4646,663,2o7b_HC4_C_701,5,autodock,0.46438515,0.033129076,14.017448,0,0,50.654047
11907,264,4639,662,2o7b_HC4_A_701,5,autodock,0.46380203,0.033087477,14.017448,0,0,37.860879
11908,264,6938,991,3wzo_ZOE_C_201,1,unimol,0.6498331,0.032873801,19.767506,0,0,27.75
11909,264,171,24,1bqp_MAN_B_401,3,diffdock_l,0.18135391,0.032690189,5.5476546,0,0.99694475,53.56124
11910,264,397,56,1e8m_P0H_A_724,5,autodock,0.28136828,0.030974794,9.0837812,0,0,8.8648957
11911,264,14435,2062,5ybq_8T0_B_303,1,unimol,0.59626384,0.030683836,19.432505,0,0,27.78
11912,264,9483,1354,4nkw_PLO_C_601,5,autodock,0.5097452,0.030321867,16.81114,0,0,50.229499
11913,264,8097,1156,4ejh_0QA_F_502,5,autodock,0.43216596,0.03032176,14.252666,0,0,13.958461
11914,264,178,25,1bqp_MAN_C_402,3,diffdock_l,0.16714887,0.030129641,5.5476546,0,0.99808667,13.524777
11915,264,9502,1357,4npm_SIN_A_301,3,diffdock_l,0.16307475,0.029160513,5.5923133,0,0.94138917,17.794613
11916,264,3316,473,1zoy_UQ1_B_1201,5,autodock,0.2570602,0.02910828,8.8311701,0,0,8.227157
11917,264,1324,189,1jyx_IPT_A_2002,1,unimol,0.64900123,0.028825366,22.514933,0,0.97431897,33.04
11918,264,8314,1187,4h4c_10D_B_402,5,autodock,0.23699629,0.028727139,8.2499084,0,0,13.270216
11919,264,16885,2412,6rgg_K3Q_A_403,1,unimol,0.65172256,0.028659582,22.740126,0,0,22.6
11920,264,10680,1525,4zsy_RW2_B_502,5,autodock,0.6128238,0.028508435,21.496225,0,0.9905851,51.831822
11921,264,7467,1066,4can_M7K_B_800,5,autodock,0.23280149,0.028304781,8.2248106,0,0,4.2582165
11922,264,7565,1080,4cld_JUO_D_1270,5,autodock,0.20798573,0.028012249,7.4248128,0,0.00035335744,12.784138
11923,264,7558,1079,4cld_JUO_C_1270,5,autodock,0.20783278,0.027991649,7.4248128,0,0.00045152712,14.300605
11924,264,7551,1078,4cld_JUO_B_1270,5,autodock,0.20779487,0.027986543,7.4248128,0,0.00073885532,11.318494
11925,264,5983,854,2zuw_NDG_C_4003,5,autodock,0.5822697,0.027820214,20.929733,0,0.79512923,14.009742
11926,264,16518,2359,6pmv_M16_B_803,5,autodock,0.25160698,0.027789032,9.0541821,0,0,7.9026562
11927,264,9826,1403,4rii_TYD_A_401,5,autodock,0.42530498,0.027533827,15.446634,0,0,13.553993
11928,265,13464,1923,5tde_2HP_B_901,3,diffdock_l,0.20990648,0.040864515,5.1366434,0,0,20.731701
11929,265,16224,2317,6nba_P1T_D_501,5,autodock,0.49938628,0.037374363,13.361732,0,0,45.440267
11930,265,2089,298,1pfw_MF3_A_553,3,diffdock_l,0.20720332,0.035665462,5.8096342,0,0.98902105,22.127332
11931,265,16210,2315,6nba_P1T_A_501,5,autodock,0.44289841,0.033146778,13.361732,0,0,32.394058
11932,265,7261,1037,4b1f_DGL_A_1257,2,diffdock,0.061753923,0.033104259,1.8654364,0,0,24.767149
11933,265,17253,2464,6tor_PMP_B_504,5,autodock,0.23236301,0.031827543,7.3006887,0,1.3793101e-07,9.4703882
11934,265,17281,2468,6tt4_FT8_A_709,5,autodock,0.45564835,0.03137314,14.523517,0,0,13.67238
11935,265,12752,1821,5jp9_DCM_B_401,5,autodock,0.44998327,0.031333405,14.361135,0,0,9.5634996
11936,265,13471,1924,5tde_2HP_B_902,3,diffdock_l,0.1428005,0.029921376,4.7725234,0,0,19.25182
11937,265,8531,1218,4i0b_CMP_A_302,5,autodock,0.46201074,0.029882877,15.460717,0,0,7.6037808
11938,265,8496,1213,4i02_CMP_B_302,5,autodock,0.46811775,0.029526324,15.85425,0,0,8.8428748
11939,265,17288,2469,6tt4_FT8_B_711,5,autodock,0.42094428,0.02936416,14.335307,0,0,11.462711
11940,265,8510,1215,4i02_CMP_D_302,5,autodock,0.45696934,0.029258392,15.618402,0,0,7.6019714
11941,265,5976,853,2zuw_NDG_B_4002,5,autodock,0.60304384,0.028343192,21.276495,0,0.83728005,13.047941
11942,265,7124,1017,4a8p_PAO_F_1340,5,autodock,0.41661073,0.028018208,14.869285,0,0,14.514358
11943,265,2413,344,1sff_IK2_C_450,5,autodock,0.45456139,0.027962598,16.256048,0,0,19.106021
11944,265,346,49,1dxy_COI_A_404,3,diffdock_l,0.16156191,0.02787862,5.7951894,0,0.00036765638,27.894044
11945,265,4849,692,2q28_TPP_A_4001,5,autodock,0.4450894,0.027250434,16.333294,0,0.9467307,10.814816
11946,265,8538,1219,4i0b_CMP_B_301,5,autodock,0.45599294,0.027115062,16.816959,0,0,596.95957
11947,265,8503,1214,4i02_CMP_D_301,5,autodock,0.46198075,0.027040411,17.084826,0,0,16.655592
11948,265,15734,2247,6jme_BVU_A_409,5,autodock,0.46717706,0.026925121,17.350971,0,0,65.621208
11949,265,15804,2257,6jyg_FLC_E_401,5,autodock,0.28993597,0.026754122,10.837057,0,0.0040078129,14.572012
11950,265,8489,1212,4i02_CMP_B_301,5,autodock,0.46225402,0.026463063,17.467894,0,0,45.861735
11951,265,7103,1014,4a8p_PAO_C_1340,5,autodock,0.42841121,0.026338861,16.265364,0,0,14.459179
11952,265,15797,2256,6jyg_FLC_D_401,5,autodock,0.27869672,0.026240702,10.620779,0,0.0079255596,10.789477
11953,265,9350,1335,4n4j_HG1_A_606,5,autodock,0.19909572,0.026086728,7.6320686,0,7.6185871e-07,10.5439
11954,265,17491,2498,6x9d_HYP_A_2002,5,autodock,0.32629757,0.025722447,12.685323,0,0.0087299294,29.312683
11955,265,8454,1207,4hzf_CMP_A_301,5,autodock,0.42760849,0.025690789,16.644426,0,0,888.93094
11956,265,2084,297,1p7l_PPK_D_884,5,autodock,0.22841065,0.025449637,8.9750051,0,0.013434329,12.00386
11957,265,7285,1040,4b98_PXG_B_470,5,autodock,0.50357166,0.025373701,19.846203,0,0,43.281225
11958,265,15419,2202,6gck_EUB_C_302,5,autodock,0.25581365,0.025238122,10.136001,0,0,6.5318374
11959,265,8524,1217,4i0b_CMP_A_301,5,autodock,0.42738359,0.025124265,17.010788,0,0,788.56392
11960,265,5878,839,2zce_PYL_A_601,5,autodock,0.25511172,0.024980171,10.212568,0,0,8.6640827
11961,265,15426,2203,6gck_EUB_D_302,5,autodock,0.25657985,0.02494303,10.286634,0,0,6.4751667
11962,265,8517,1216,4i02_CMP_F_301,5,autodock,0.42756815,0.024722779,17.2945,0,0,13.741276
11963,265,14572,2081,5zgr_ZZ7_B_303,5,autodock,0.2563079,0.024363662,10.520088,0,0.034349678,14.336106
11964,265,9686,1383,4q3a_2YC_C_904,5,autodock,0.3078246,0.024352967,12.640126,0,0,9.4952306
11965,265,14792,2113,6bmm_OLB_A_404,1,unimol,0.65086763,0.024230399,26.861612,0,0.66940902,33.81
11966,265,11803,1686,5fli_QUE_A_301,1,unimol,0.65086762,0.024230399,26.861612,0,0.98549107,24.68
11967,265,13637,1948,5u8z_83D_D_602,1,unimol,0.65086762,0.024230399,26.861612,0,0.99204551,27.58
11968,265,13630,1947,5u8z_83D_C_602,1,unimol,0.65086758,0.024230397,26.861612,0,0,27.22
11969,265,13518,1931,5thu_B3N_B_404,1,unimol,0.6508675,0.024230394,26.861612,0,0.36454961,25.75
11970,265,4194,599,2g9z_VNP_B_601,1,unimol,0.65086745,0.024230392,26.861612,0,0.91507657,26.48
11971,265,13623,1946,5u8z_83D_B_602,1,unimol,0.6508673,0.024230387,26.861612,0,0.94309431,21.93
11972,265,15674,2239,6jc7_F0G_B_601,1,unimol,0.6508648,0.024230293,26.861612,0,0,21.22
11973,265,10921,1560,5aew_BNL_C_462,1,unimol,0.65084533,0.024229569,26.861612,0,0.99458514,33.51
11974,265,5657,808,2xyj_WLM_A_1442,1,unimol,0.65084424,0.024229528,26.861612,0,0.95854964,24.69
11975,265,8086,1155,4ejh_0QA_D_502,1,unimol,0.64973355,0.02418818,26.861612,0,0.68886984,27.46
11976,265,15349,2192,6fs7_E4Z_B_903,5,autodock,0.44020661,0.024143506,18.232918,0,0,15.320475
11977,265,7250,1035,4aql_TXC_A_1452,5,autodock,0.42842407,0.024071714,17.797819,0,0,12.944977
11978,266,696,99,1gxu_2HP_A_1092,3,diffdock_l,0.21422151,0.052955081,4.0453429,0,0,5.1874571
11979,266,5001,714,2qhv_OC9_A_1001,3,diffdock_l,0.19324482,0.036035064,5.3626876,0,0.96366805,36.757598
11980,266,6226,889,3sj1_DXC_X_75,3,diffdock_l,0.16492443,0.031860503,5.1764531,0,0.98918356,24.096158
11981,266,2551,364,1tkj_MED_A_913,3,diffdock_l,0.203604,0.029265364,6.9571652,0,0.86977907,14.161056
11982,266,14752,2107,6b83_6NA_B_201,3,diffdock_l,0.16427476,0.028704234,5.7230139,0,5.8370619e-21,10.276818
11983,266,4625,660,2o1o_RIS_A_400,5,autodock,0.25427875,0.028412639,8.9494934,0,0,11.123943
11984,266,11709,1672,5faj_DCS_B_401,5,autodock,0.49634249,0.028411934,17.469505,0,0,21.173827
11985,266,15762,2251,6jws_PT1_B_801,5,autodock,0.32008454,0.028029542,11.419541,0,0,11.950495
11986,266,15755,2250,6jws_PT1_A_801,5,autodock,0.31868191,0.027246427,11.696281,0,0,19.164295
11987,266,14992,2141,6dl7_ONC_D_301,5,autodock,0.49146844,0.026841127,18.310274,0,0,10.433904
11988,266,11161,1594,5cga_KP6_H_301,3,diffdock_l,0.18936917,0.026828161,7.0585957,0,8.6056123e-90,34.646933
11989,266,11147,1592,5cga_KP6_C_301,3,diffdock_l,0.18919239,0.026803116,7.0585957,0,3.266896e-24,11.794165
11990,266,9931,1418,4trj_665_A_501,5,autodock,0.23724732,0.026687393,8.889864,0,0,5.6237133
11991,266,16640,2377,6qa7_HTW_A_901,1,unimol,0.59561439,0.026676039,22.32769,0,0.99036886,24.29
11992,266,8396,1199,4hgg_SYN_B_502,3,diffdock_l,0.16465675,0.026562592,6.1988201,0,0.00019049747,20.049544
11993,266,14978,2139,6dl7_ONC_B_301,5,autodock,0.44291231,0.026514432,16.704573,0,0,9.4604802
11994,266,8389,1198,4hgg_SYN_A_502,3,diffdock_l,0.16386023,0.026434096,6.1988201,0,2.7597585e-06,21.896976
11995,266,115,16,1anc_BEN_A_290,3,diffdock_l,0.20213194,0.026427515,7.6485405,0,0.99439099,12.208637
11996,266,11154,1593,5cga_KP6_E_301,3,diffdock_l,0.18620654,0.026380108,7.0585957,0,0,36.627639
11997,266,5101,728,2qx9_ML2_A_234,5,autodock,0.20181373,0.026089173,7.7355347,0,0,6.6617885
11998,266,5384,769,2vzu_PNJ_A_1901,1,unimol,0.59567035,0.026049178,22.867144,0,0.95148102,22.7
11999,266,5094,727,2qx9_ML2_A_233,5,autodock,0.20196143,0.025809095,7.8252029,0,0,5.5469069
12000,266,13382,1911,5t63_ALA_C_1,5,autodock,0.28186809,0.025770864,10.93747,0,0,9.3979766
12001,266,11174,1596,5ci9_549_A_402,2,diffdock,0.057269718,0.025584637,2.2384408,0,0,13.98965
12002,266,5969,852,2zut_A2G_D_4004,5,autodock,0.44686378,0.02543856,17.566393,0,5.1269497e-05,12.717903
12003,266,9586,1369,4p7q_NAG_A_703,3,diffdock_l,0.16718114,0.025252743,6.6203151,0,0,20.546297
12004,266,15611,2230,6hsg_GM5_D_504,1,unimol,0.62373867,0.025235162,24.717045,0,0.94751495,22.75
12005,266,11140,1591,5cga_KP6_B_301,3,diffdock_l,0.17782338,0.025192455,7.0585957,0,2.7229307e-24,36.81003
12006,266,2376,339,1s5s_PG3_A_1,3,diffdock_l,0.20007857,0.025030609,7.9933553,0,0.89164311,11.474351
12007,266,9033,1290,4l4d_CAM_A_503,3,diffdock_l,0.14563277,0.024872115,5.8552618,0,0.99484246,19.952927
12008,266,6942,991,3wzo_ZOE_C_201,5,autodock,0.34844302,0.024833347,14.031254,0,0,13.792611
12009,266,7411,1058,4bz6_SHH_C_700,5,autodock,0.35619765,0.024821702,14.35025,0,0.50231158,9.1836544
12010,266,5087,726,2qx4_ML1_B_233,5,autodock,0.24548233,0.024689735,9.942687,0,0,5.1166434
12011,266,6133,876,3roe_THM_A_265,1,unimol,0.62760202,0.024645437,25.46524,0,0,20.7
12012,266,1494,213,1kya_XYD_B_612,3,diffdock_l,0.18897503,0.024580319,7.6880617,0,1.4158252e-11,22.891815
12013,266,12297,1756,5hyv_TPP_A_701,5,autodock,0.38210155,0.024508096,15.590829,0,0.76560103,11.359445
12014,266,10554,1507,4zb2_GLC_A_403,5,autodock,0.29868067,0.024492563,12.194749,0,0.036047604,25.243177
12015,266,9567,1366,4oxy_1TN_A_302,5,autodock,0.24703283,0.024423496,10.114555,0,0,8.9521878
12016,266,17470,2495,6wdw_TWV_A_701,5,autodock,0.36143309,0.024135441,14.975201,0,0,13.543229
12017,266,8797,1256,4j4b_0TF_B_301,5,autodock,0.30613475,0.024049442,12.72939,0,1.030041e-08,17.624648
12018,266,5920,845,2zm9_ACA_A_501,5,autodock,0.22685982,0.023955003,9.4702473,0,0,12.731436
12019,266,6114,873,3r51_MMA_A_200,3,diffdock_l,0.21944169,0.023942729,9.1652737,0,0.88493867,10.822829
12020,266,894,127,1h5r_G1P_C_1294,5,autodock,0.22638316,0.023699267,9.5523262,0,2.2143827e-06,13.000179
12021,266,1949,278,1o68_KIV_D_275,3,diffdock_l,0.21851029,0.023680646,9.2273779,0,1.5945075e-45,27.826287
12022,266,8102,1157,4ek1_CAM_A_502,3,diffdock_l,0.14701747,0.023554698,6.2415342,0,0.99288302,25.944341
12023,266,1508,215,1l4f_150_A_990,3,diffdock_l,0.16562093,0.023399211,7.0780554,0,6.2244797e-39,14.672558
12024,266,16987,2426,6s51_KVQ_A_901,5,autodock,0.4513896,0.023240796,19.422293,0,3.1085023e-08,45.019939
12025,266,15697,2242,6jea_NAG_A_501,3,diffdock_l,0.27345574,0.023234688,11.769287,0,0,23.163949
12026,266,1062,151,1ij8_BNI_B_502,5,autodock,0.25727773,0.023229085,11.075671,0,0,6.6423356
12027,266,7010,1001,3zwe_FUC_C_110,3,diffdock_l,0.22047268,0.023201716,9.502429,0,2.9359711e-37,11.798466
12028,267,2661,380,1u1g_BBB_B_4300,1,unimol,0.61895869,0.041901093,14.771897,0,0.95564832,27
12029,267,2668,381,1u1g_BBB_C_5300,1,unimol,0.59546492,0.041116093,14.482526,0,0.98152727,22.03
12030,267,7460,1065,4can_M7K_A_800,5,autodock,0.21144767,0.034421254,6.1429381,0,0,3.6502174
12031,267,7488,1069,4cdt_M48_A_801,5,autodock,0.20797506,0.032803444,6.3400364,0,0,4.7148064
12032,267,52,7,1aej_NVI_A_296,3,diffdock_l,0.19035556,0.029024363,6.5584741,0,2.045865e-31,11.29951
12033,267,10785,1540,4zvz_4TF_D_503,5,autodock,0.41098976,0.028399644,14.471651,0,0.433653,12.801158
12034,267,7435,1062,4c2z_646_B_1498,1,unimol,0.61001969,0.027666401,22.049114,0,0.87918413,21.63
12035,267,9383,1340,4n94_2HO_A_401,3,diffdock_l,0.17784847,0.027141491,6.5526409,0,0.9251528,16.250013
12036,267,13277,1896,5oew_9TE_C_301,5,autodock,0.21149879,0.025965199,8.1454706,0,0,3.9689559
12037,267,13098,1871,5n8c_8Q8_A_403,1,unimol,0.59509616,0.025712636,23.144112,0,0.5425519,28.23
12038,267,6578,939,3vnm_SDD_D_301,5,autodock,0.44858684,0.025694582,17.45842,0,0.44236041,13.224692
12039,267,6466,923,3v7u_MTA_A_302,5,autodock,0.23165314,0.024433934,9.4807949,0,0.00016497982,8.1863869
12040,267,5652,807,2xya_7L4_A_1181,3,diffdock_l,0.20765879,0.024403679,8.5093222,0,0.99878636,11.809943
12041,267,2364,337,1s3u_TQD_A_187,5,autodock,0.41759053,0.02407613,17.344585,0,0,15.266539
12042,267,13886,1983,5vv0_9OM_B_803,5,autodock,0.20891629,0.024063189,8.6819859,0,0,4.7385404
12043,267,8620,1231,4i6w_1CO_B_1001,3,diffdock_l,0.21164268,0.023856383,8.8715315,0,0,29.741809
12044,267,7902,1128,4dd8_BAT_C_1000,6,smina,0.14550842,0.02362363,6.1594429,0,0,17.720911
12045,267,10001,1428,4uch_OLW_A_800,5,autodock,0.2122131,0.023581892,8.9989843,0,0,6.0759812
12046,267,13858,1979,5vut_9OG_A_803,5,autodock,0.22494527,0.023446775,9.5938673,0,0,5.5155216
12047,267,14698,2099,6auq_BYJ_B_803,5,autodock,0.23464206,0.023439447,10.010562,0,1.4263228e-07,7.0634819
12048,267,15111,2158,6f2v_AMP_B_1001,5,autodock,0.45651813,0.023233388,19.649225,0,0,14.892897
12049,267,2656,379,1u18_HSM_A_401,3,diffdock_l,0.18244836,0.023226437,7.8552012,0,4.6266156e-07,37.103503
12050,267,12094,1727,5gwt_SIN_A_302,5,autodock,0.19098287,0.023157108,8.2472668,0,0,5.9209392
12051,267,10141,1448,4v3w_E2Z_B_800,5,autodock,0.19494545,0.023139465,8.4248028,0,0,5.4347312
12052,267,14012,2001,5wgk_AGJ_A_816,5,autodock,0.34878872,0.023082182,15.110733,0,0,12.314086
12053,267,5038,719,2qs2_UBF_A_603,5,autodock,0.37936135,0.022989614,16.501421,0,0,13.93706
12054,267,16539,2362,6pna_M16_B_803,5,autodock,0.21804407,0.02298352,9.4869738,0,0,5.3301879
12055,267,3239,462,1zg3_2HI_A_365,5,autodock,0.21726645,0.022930048,9.4751844,0,0,38.92849
12056,267,12612,1801,5j61_A3G_A_501,5,autodock,0.61010286,0.022596401,27,0,0.97969112,28.069008
12057,267,5584,797,2xhk_AKG_B_519,5,autodock,0.1854955,0.022525463,8.2349243,0,0.00042500498,17.598901
12058,267,15587,2226,6hpx_GKQ_A_205,5,autodock,0.23173677,0.022515638,10.292257,0,0,5.2439742
12059,267,4163,594,2fzb_TOL_A_900,5,autodock,0.21118063,0.022473689,9.3967934,0,0,8.9029788
12060,267,15494,2213,6hl7_CP_C_401,3,diffdock_l,0.1915476,0.02246253,8.5274267,0,0,23.849598
12061,267,2651,378,1tvw_UMP_A_317,5,autodock,0.18825269,0.022449284,8.3856869,0,0,8.1018507
12062,267,12619,1802,5j61_A3G_C_501,5,autodock,0.60534579,0.022420213,27,0,0.13912076,43.91865
12063,267,12227,1746,5hfa_FP1_B_609,5,autodock,0.21165256,0.022401234,9.4482536,0,0,9.3289686
12064,267,7759,1108,4d06_NAR_F_302,3,diffdock_l,0.1849837,0.022388058,8.2626047,0,2.1532666e-36,21.723687
12065,267,1248,178,1ja9_PYQ_A_406,2,diffdock,0.055246847,0.022372167,2.4694445,0,0,15.037756
12066,267,10134,1447,4v3w_E2Z_A_800,5,autodock,0.21166135,0.022356718,9.4674597,0,0,4.7255324
12067,267,5227,746,2uyv_TLA_A_1277,5,autodock,0.19195192,0.02234885,8.5888939,0,0.0056594033,10.40885
12068,267,12447,1778,5ijz_AKG_H_502,1,unimol,0.6020772,0.022299154,27,0,0.77345918,30.71
12069,267,17687,2526,7ak3_RH8_A_501,5,autodock,0.42614997,0.022210016,19.187286,0,0,9.5550537
12070,267,4236,605,2gyv_HBP_A_1409,1,unimol,0.59827045,0.022158163,27,0,0.084249576,33.19
12071,267,8613,1230,4i6s_FUC_C_101,3,diffdock_l,0.23582745,0.02215437,10.644736,0,0,28.829772
12072,267,3267,466,1zjp_DR4_A_1,5,autodock,0.43680929,0.022086885,19.776861,0,0.86809469,14.917744
12073,267,6634,947,3w4i_8LG_A_402,5,autodock,0.19112139,0.022074295,8.6580963,0,0,6.224514
12074,267,15487,2212,6hl7_CP_A_401,3,diffdock_l,0.1924014,0.022041439,8.7290754,0,0.90481171,26.049256
12075,267,4243,606,2gyv_HBP_B_545,1,unimol,0.59480963,0.022029985,27,0,0.95798112,31.43
12076,267,4156,593,2fzb_TOL_A_800,5,autodock,0.23239022,0.021857335,10.632138,0,0,8.0010472
12077,267,4744,677,2pin_LEG_A_501,5,autodock,0.22759279,0.021660497,10.507274,0,0,6.981422
12078,268,5904,843,2zka_AZA_A_302,3,diffdock_l,0.24193884,0.075359267,3.2104714,0,3.5443505e-34,32.859456
12079,268,9390,1341,4n9v_AZA_A_401,3,diffdock_l,0.2229244,0.070194109,3.1758268,0,0.99763962,18.212366
12080,268,9397,1342,4n9v_AZA_A_402,3,diffdock_l,0.18470134,0.060202984,3.0679755,0,9.2666612e-38,11.411552
12081,268,9404,1343,4n9v_AZA_A_403,3,diffdock_l,0.18291074,0.05981064,3.0581629,0,4.3799413e-35,29.229743
12082,268,9726,1389,4qbz_D80_B_901,3,diffdock_l,0.51237011,0.058086362,8.8208323,0,9.055733e-48,33.94476
12083,268,11931,1704,5fzn_FB2_A_1615,3,diffdock_l,0.20166748,0.054530669,3.6982386,0,0.087080949,15.826684
12084,268,2299,328,1r4s_MUA_A_800,3,diffdock_l,0.20041272,0.053354686,3.7562337,0,0,28.001163
12085,268,9362,1337,4n4j_HG1_A_608,3,diffdock_l,0.18626941,0.051105747,3.644783,0,1.4418675e-41,18.764455
12086,268,381,54,1e7h_PLM_A_1001,3,diffdock_l,0.20968779,0.042236698,4.9645867,0,0.25032081,11.460589
12087,268,9950,1421,4u7g_K17_B_303,3,diffdock_l,0.18712004,0.040312036,4.6417899,0,0.0035956506,37.162152
12088,268,3622,517,2bs8_NAG_A_1177,3,diffdock_l,0.20690338,0.037160935,5.5677648,0,0.92809712,9.6714854
12089,268,45,6,1ac4_TMT_A_296,3,diffdock_l,0.1988703,0.035967701,5.5291348,0,3.6553202e-31,11.189392
12090,268,14563,2080,5zgr_ZZ7_A_303,3,diffdock_l,0.5367898,0.034794217,15.427557,0,1.7370806e-39,12.379983
12091,268,12547,1792,5j4k_6FZ_A_404,3,diffdock_l,0.23977556,0.034579886,6.9339595,0,0.95287442,50.913346
12092,268,654,93,1gim_HDA_A_438,3,diffdock_l,0.53193538,0.034540417,15.400374,0,0,16.85139
12093,268,7404,1057,4bz6_SHH_A_700,5,autodock,0.33902525,0.033597199,10.090878,0,0.36434779,7.8275434
12094,268,7418,1059,4bz6_SHH_D_700,5,autodock,0.33617869,0.033315106,10.090878,0,0.28933524,7.3917604
12095,268,5183,740,2rtn_IMI_B_300,3,diffdock_l,0.25207649,0.033231413,7.5854874,0,0.99215538,15.661684
12096,268,15249,2178,6fld_NAG_A_602,3,diffdock_l,0.23904515,0.033127206,7.2159758,0,0,28.001163
12097,268,5612,801,2xta_TPP_C_2001,5,autodock,0.48841662,0.032655137,14.956807,0,0.99469796,15.508257
12098,268,13025,1860,5m66_ADN_D_502,5,autodock,0.4750957,0.03242372,14.652719,0,0.96345097,42.649904
12099,268,8858,1265,4jhh_H35_A_201,3,diffdock_l,0.22863983,0.031302128,7.3042893,0,0.8594663,13.05122
12100,268,15251,2178,6fld_NAG_A_602,5,autodock,0.17559141,0.030448583,5.7668161,0,4.1500057e-07,6.5358843
12101,268,13032,1861,5m8d_UGI_B_501,5,autodock,0.44809516,0.030262712,14.80684,0,0,217.72783
12102,268,17041,2434,6sjs_THH_B_901,3,diffdock_l,0.20253289,0.030245559,6.6962843,0,0.13267284,10.825981
12103,268,11189,1598,5clo_NS8_M_101,3,diffdock_l,0.49459853,0.030147312,16.406055,0,1.4933721e-33,28.565364
12104,268,5190,741,2rtn_IMI_D_300,3,diffdock_l,0.2259193,0.030043118,7.5198345,0,0.99483099,15.572033
12105,268,6401,914,3ucl_CYH_A_543,3,diffdock_l,0.18932504,0.029566735,6.4033113,0,8.4569433e-26,17.327791
12106,269,12659,1808,5j6y_GLC_A_309,3,diffdock_l,0.73830524,0.088870736,8.3076296,0,0.051306821,9.7193635
12107,269,8935,1276,4k90_MLA_A_704,3,diffdock_l,0.56858459,0.068748228,8.2705336,0,2.8489092e-26,18.686345
12108,269,2607,372,1toq_AMG_G_504,3,diffdock_l,0.73614285,0.061239208,12.020776,0,0.98404209,15.91944
12109,269,3649,521,2bxh_IOS_B_1002,2,diffdock,0.053858812,0.05089629,1.0582061,0,4.0439384e-09,29.197946
12110,269,3642,520,2bxh_IOS_A_1002,2,diffdock,0.055502104,0.049392157,1.1237018,0,6.9258842e-95,26.366571
12111,269,7199,1028,4ajj_MLI_A_1333,3,diffdock_l,0.7279211,0.045292477,16.071566,0,1.6470076e-66,38.029399
12112,269,8340,1191,4hey_4MZ_A_303,3,diffdock_l,0.74750188,0.045182561,16.544033,0,0.24828796,12.971986
12113,269,3349,478,1zuw_DGL_A_1301,3,diffdock_l,0.71776527,0.04295565,16.709448,0,0,27.459958
12114,269,4336,619,2i6p_4NP_A_401,3,diffdock_l,0.25512486,0.04017711,6.3500042,0,0,10.228515
12115,269,9810,1401,4rcv_DE2_A_403,3,diffdock_l,0.26611343,0.039486319,6.7393823,0,0,22.861506
12116,269,13002,1857,5m62_BGC_A_409,3,diffdock_l,0.25356293,0.039137184,6.4788232,0,3.4405694e-42,12.179265
12117,269,4021,574,2fc0_DGP_A_239,3,diffdock_l,0.25348043,0.038894917,6.5170569,0,0.97061292,14.373759
12118,269,12239,1748,5hgz_MLA_A_303,3,diffdock_l,0.2595118,0.03660965,7.0886164,0,9.105503e-12,9.7424443
12119,269,9117,1302,4lo1_GAL_A_301,3,diffdock_l,0.28207483,0.036393257,7.7507434,0,9.2426196e-63,15.896632
12120,269,5778,825,2z48_A2G_A_1001,3,diffdock_l,0.7112569,0.034669392,20.515411,0,1.4217954e-63,22.646073
12121,269,3603,514,2bk3_FOF_A_1503,5,autodock,0.31023205,0.033292814,9.3182878,0,5.0820905e-10,13.015816
12122,269,3944,563,2evd_D10_A_304,3,diffdock_l,0.25425606,0.03313162,7.6741199,0,2.2571127e-08,11.11634
12123,269,4707,672,2ot7_OGA_A_500,3,diffdock_l,0.58370577,0.032431882,17.997898,0,0,28.001163
12124,269,14325,2046,5y8p_3OH_B_301,3,diffdock_l,0.24671396,0.032282466,7.6423507,0,0.99704467,17.144706
12125,269,12232,1747,5hgz_MLA_A_302,3,diffdock_l,0.22662146,0.031961526,7.0904446,0,0.018603516,9.6706588
12126,269,8298,1185,4gy9_ZIP_A_201,3,diffdock_l,0.23485825,0.031431068,7.472168,0,0.94948693,17.313284
12127,269,4191,598,2g9z_VNP_A_602,5,autodock,0.47378999,0.030579864,15.493527,0,7.2037561e-08,12.311693
12128,269,5470,781,2wdq_TEO_E_1589,3,diffdock_l,0.70737511,0.030572826,23.137379,0,0,28.001163
12129,269,2747,392,1uqx_MMA_A_1116,3,diffdock_l,0.22659194,0.030297936,7.4787903,0,0.9479257,21.272351
12130,269,6387,912,3ucc_2PG_A_601,3,diffdock_l,0.73519881,0.030165534,24.372145,0,0,22.840872
12131,269,16943,2420,6rlt_MLI_B_512,3,diffdock_l,0.2798385,0.030135408,9.2860355,0,7.3115205e-62,36.623535
12132,269,6905,986,3wwc_BUA_A_403,3,diffdock_l,0.25401961,0.030087868,8.4425917,0,1.5633556e-06,14.047752
12133,269,3141,448,1z11_8MO_C_501,5,autodock,0.199886,0.028914128,6.9130902,0,0,9.4923742
12134,269,7129,1018,4a9j_TYL_A_1188,3,diffdock_l,0.25417206,0.028856341,8.8081865,0,2.2035481e-48,15.115294
12135,269,11196,1599,5cmb_GLY_A_301,3,diffdock_l,0.2507233,0.028680909,8.7418175,0,0.99877593,15.626186
12136,269,6898,985,3wwc_BUA_A_402,3,diffdock_l,0.25519265,0.028634178,8.9121685,0,0.9916776,13.62262
12137,269,1067,152,1iki_DAL_A_500,3,diffdock_l,0.26446781,0.028567608,9.2576103,0,0,14.929541
12138,269,2467,352,1sz6_NAG_B_5004,3,diffdock_l,0.2534556,0.028557196,8.8753662,0,0,17.879228
12139,269,6072,867,3qss_MTG_A_405,3,diffdock_l,0.22546876,0.028509943,7.9084244,0,0.99417878,28.846132
12140,269,10377,1482,4xv4_25T_A_303,3,diffdock_l,0.26599608,0.028463825,9.3450565,0,0.18117498,11.089751
12141,269,2453,350,1sz6_NAG_A_5003,3,diffdock_l,0.25342917,0.028266421,8.9657316,0,0,17.838203
12142,269,5119,731,2r3d_ACM_A_303,2,diffdock,0.057182545,0.028098101,2.0351026,0,0.99452321,12.26187
12143,269,1998,285,1opr_ORO_A_220,3,diffdock_l,0.26417587,0.028076403,9.4091768,0,0.98485217,39.011744
12144,269,9124,1303,4lo1_GAL_B_301,3,diffdock_l,0.21694641,0.027990397,7.7507434,0,0,15.271433
12145,269,11217,1602,5cpp_ADO_A_422,3,diffdock_l,0.24805978,0.02771119,8.9516096,0,2.4647134e-25,16.128247
12146,269,10370,1481,4xv4_25T_A_302,3,diffdock_l,0.26620824,0.027506628,9.6779661,0,5.9292984e-31,10.890043
12147,269,3272,467,1zk0_SS2_A_1260,3,diffdock_l,0.23617859,0.027386683,8.623847,0,0.0097332709,43.172099
12148,269,5057,722,2qui_LTN_A_501,3,diffdock_l,0.74259445,0.027363637,27.138,0,8.7531508e-43,32.804575
12149,269,9439,1348,4ni1_2JX_A_204,3,diffdock_l,0.25259626,0.027225794,9.2778282,0,2.506318e-31,11.912998
12150,269,2754,393,1uux_PPI_A_1165,3,diffdock_l,0.25518398,0.027112783,9.4119425,0,2.7685123e-28,17.18824
12151,269,1025,146,1hsr_BHO_A_800,3,diffdock_l,0.25421337,0.027104422,9.3790359,0,3.2674069e-30,34.253517
12152,269,13597,1942,5u5g_7VD_D_302,3,diffdock_l,0.27139112,0.027103667,10.013077,0,0,15.29963
12153,269,8557,1222,4i4v_NGA_A_202,3,diffdock_l,0.27636049,0.027086232,10.202987,0,2.5026288e-49,20.406556
12154,269,6191,884,3ryd_SRT_A_271,3,diffdock_l,0.24563915,0.027071775,9.0736246,0,9.0576682e-33,21.286342
12155,269,6184,883,3ryd_SRT_A_267,3,diffdock_l,0.27318194,0.027033901,10.105161,0,8.2704008e-35,20.657717
12156,270,15713,2244,6jk9_BU0_B_501,5,autodock,0.41066948,0.043499279,9.4408331,0,0,17.859909
12157,270,2679,382,1u1g_BBB_D_6300,5,autodock,0.50883975,0.034875122,14.590335,0,0,12.94561
12158,270,12073,1724,5goo_FRU_C_501,5,autodock,0.77409957,0.032146623,24.080275,0,0.96136505,42.622532
12159,270,789,112,1h1m_KMP_A_1360,5,autodock,0.51591396,0.030619334,16.849285,0,0,801.10418
12160,270,796,113,1h1m_KMP_C_1358,5,autodock,0.51832144,0.030244248,17.13785,0,0,526.38658
12161,270,15377,2196,6fs7_E4Z_F_903,5,autodock,0.40353087,0.029334015,13.756413,0,0,15.105336
12162,270,15342,2191,6fs7_E4Z_A_903,5,autodock,0.39992833,0.029274437,13.661349,0,0,11.212954
12163,270,2371,338,1s3v_TQD_A_187,5,autodock,0.44976655,0.029230628,15.386824,0,0,14.618216
12164,270,14444,2063,5ybq_AKG_A_302,3,diffdock_l,0.42258487,0.02892488,14.609735,0,9.524628e-52,22.970051
12165,270,10015,1430,4udc_DEX_A_1778,5,autodock,0.45290834,0.028503312,15.889673,0,0,818.83855
12166,270,11492,1641,5edh_5MF_B_803,5,autodock,0.41217155,0.028069013,14.684218,0,0,61.598431
12167,270,15720,2245,6jmd_BVO_A_408,5,autodock,0.45325219,0.02765174,16.391451,0,0,77.981972
12168,270,5521,788,2wzv_FMN_A_801,5,autodock,0.39408696,0.027146173,14.517219,0,0,23.532069
12169,270,15935,2276,6l68_ALL_A_201,3,diffdock_l,0.24465045,0.026592914,9.1998348,0,0.0037058305,9.3660483
12170,270,2686,383,1u1g_BBB_F_8300,5,autodock,0.38523247,0.026258482,14.670781,0,0,15.430925
12171,270,11835,1690,5fli_QUE_F_301,5,autodock,0.50761099,0.026057044,19.480757,0,0,605.18015
12172,270,15454,2207,6gqk_F88_A_1001,5,autodock,0.4489248,0.025629814,17.515724,0,0,22.998069
12173,270,13653,1950,5uap_82S_B_505,3,diffdock_l,0.20252719,0.025110296,8.0655031,0,0,23.914023
12174,270,16775,2396,6qrn_RIP_A_500,3,diffdock_l,0.20187438,0.024911103,8.1037903,0,0.021190856,8.0869434
12175,270,5675,810,2xyj_WLM_B_1442,5,autodock,0.41505648,0.024855994,16.698444,0,0,13.564941
12176,270,5120,731,2r3d_ACM_A_303,3,diffdock_l,0.27929051,0.024839187,11.243946,0,0.0018423821,11.057761
12177,270,5606,800,2xta_TPP_B_2001,6,smina,0.13341258,0.023756862,5.6157484,0,0.99441083,6.3933183
12178,270,14164,2023,5xdt_MB3_A_404,3,diffdock_l,0.18893585,0.023440015,8.0603971,0,9.3406124e-05,12.154315
12179,270,7481,1068,4ccu_AWF_A_1500,5,autodock,0.44301568,0.023249553,19.054802,0,0,14.102565
12180,270,3376,482,227l_BNZ_A_169,2,diffdock,0.071068979,0.022981553,3.0924349,0,0,9.9307716
12181,270,13646,1949,5uap_82S_A_505,3,diffdock_l,0.18478239,0.022910209,8.0655031,0,5.3119212e-44,23.575407
12182,270,14103,2014,5x5d_UMP_A_401,5,autodock,0.28244107,0.022869665,12.35003,0,0,7.6436417
12183,270,6494,927,3vc3_C6P_A_501,5,autodock,0.61666225,0.022649754,27.226,0,0.92202502,39.611621
12184,270,16383,2340,6o2z_LJV_A_500,3,diffdock_l,0.4434405,0.022589973,19.629969,0,6.185623e-22,35.278538
12185,270,14131,2018,5x5d_UMP_E_401,5,autodock,0.28325964,0.02255575,12.5582,0,0,6.9328109
12186,270,14110,2015,5x5d_UMP_B_401,5,autodock,0.28353794,0.022524094,12.588205,0,0,8.1378311
12187,270,11742,1677,5fc5_PC_A_516,3,diffdock_l,0.22860928,0.022193824,10.30058,0,0.0080705458,28.457135
12188,270,14117,2016,5x5d_UMP_C_401,5,autodock,0.27987534,0.021813074,12.830623,0,0,9.2069343
12189,270,9994,1427,4uc9_ASP_C_1300,5,autodock,0.41966069,0.021637064,19.395452,0,0.50945192,11.74874
12190,270,2259,322,1q6r_LX1_A_7301,5,autodock,0.19831164,0.02154971,9.2025194,0,0.17566166,12.685297
12191,270,7677,1096,4cmk_FQW_D_1270,5,autodock,0.26286538,0.021434076,12.2639,0,0.21070477,6.6506337
12192,270,14432,2061,5ybq_8T0_A_303,5,autodock,0.28211362,0.021343586,13.217723,0,0,262.60073
12193,270,7369,1052,4buv_16I_C_2165,5,autodock,0.27782833,0.021247408,13.075869,0,0,25.127544
12194,270,2516,359,1thc_FL9_A_131,3,diffdock_l,0.1838093,0.021129434,8.6992054,0,1.309381e-31,11.348307
12195,270,3202,457,1zei_CRS_E_54,3,diffdock_l,0.28638705,0.021013908,13.628451,0,5.5476296e-23,28.866012
12196,270,12351,1764,5i8s_LEA_A_202,3,diffdock_l,0.28277888,0.020912627,13.521919,0,0.0038790077,43.452959
12197,270,2448,349,1syf_THP_A_180,5,autodock,0.19753218,0.020534606,9.6194763,0,0,11.469462
12198,270,6571,938,3vnm_SDD_A_301,5,autodock,0.33045587,0.020500992,16.119017,0,0.41372406,23.690535
12199,270,13214,1887,5o3g_9J8_B_501,5,autodock,0.33481355,0.020231679,16.548973,0,0,20.112624
12200,270,11814,1687,5fli_QUE_C_301,5,autodock,0.40197183,0.020174622,19.924625,0,0,657.22786
12201,270,16189,2312,6n0z_DP6_F_401,5,autodock,0.40909627,0.020127773,20.324963,0,0.98618914,15.85334
12202,270,15356,2193,6fs7_E4Z_C_903,5,autodock,0.27410054,0.020090085,13.643572,0,0,12.126559
12203,270,5199,742,2tmk_ATM_A_217,5,autodock,0.27905146,0.020034156,13.928784,0,0,25.154714
12204,270,12680,1811,5jep_EVF_B_302,3,diffdock_l,0.2880272,0.020028526,14.380848,0,0.99681406,15.750786
12205,270,4434,633,2j1s_FUL_B_1153,3,diffdock_l,0.28370489,0.019951846,14.21948,0,1.5360511e-53,9.4717367
12206,271,4335,619,2i6p_4NP_A_401,2,diffdock,0.071229163,0.047831916,1.4891546,0,0,13.893354
12207,271,5605,800,2xta_TPP_B_2001,5,autodock,0.79462303,0.037451605,21.217327,0,0.99487032,22.682122
12208,271,3559,508,2bdg_PBZ_B_302,3,diffdock_l,0.22678319,0.032083711,7.0684829,0,4.0160594e-64,15.610188
12209,271,3552,507,2bdg_PBZ_A_301,3,diffdock_l,0.22663404,0.032062609,7.0684829,0,0.99474304,15.597056
12210,271,13723,1960,5uio_LG3_C_201,3,diffdock_l,0.22671929,0.031483881,7.2011218,0,1.4621956e-52,20.044981
12211,271,13730,1961,5uio_LG3_E_201,3,diffdock_l,0.2267475,0.030908215,7.3361554,0,1.5823999e-60,19.89657
12212,271,4895,699,2qb4_LEU_A_601,2,diffdock,0.082497654,0.030308527,2.7219279,0,0.9979635,25.176574
12213,271,13716,1959,5uio_LG3_B_201,3,diffdock_l,0.21794263,0.030265091,7.2011218,0,7.6806339e-31,20.194739
12214,271,38,5,1a9r_HPA_A_290,3,diffdock_l,0.20077128,0.03007666,6.6753173,0,0.99711557,12.847713
12215,271,13709,1958,5uio_LG3_A_201,3,diffdock_l,0.21419602,0.029744808,7.2011218,0,4.3621629e-54,11.127074
12216,271,16593,2370,6q4b_HHN_A_301,3,diffdock_l,0.20291854,0.029268428,6.9330173,0,0.99741224,12.134323
12217,271,1298,185,1jtk_THU_B_1138,3,diffdock_l,0.27935421,0.028231734,9.8950415,0,0,38.446292
12218,271,14318,2045,5y8k_SER_B_301,3,diffdock_l,0.17918311,0.026849675,6.6735663,0,0,17.467514
12219,271,1291,184,1jtk_THU_A_138,3,diffdock_l,0.25359851,0.025628845,9.8950415,0,4.1065174e-18,14.350693
12220,271,5701,814,2y4j_LAC_B_400,3,diffdock_l,0.19578721,0.025299456,7.7387905,0,6.8244908e-47,28.188186
12221,271,14311,2044,5y8k_SER_A_301,3,diffdock_l,0.17921855,0.024916337,7.192812,0,0,18.253357
12222,271,13940,1991,5vys_1YJ_B_301,3,diffdock_l,0.27978772,0.024572584,11.386173,0,0.99135422,14.808271
12223,271,13933,1990,5vys_1YJ_A_301,3,diffdock_l,0.28206439,0.024365372,11.576444,0,3.7079378e-54,52.799969
12224,271,10286,1469,4x36_CHT_A_411,3,diffdock_l,0.19294149,0.024220677,7.9659815,0,1.6376697e-07,8.8861098
12225,271,4896,699,2qb4_LEU_A_601,3,diffdock_l,0.27935138,0.023895914,11.69034,0,0.99837616,22.637759
12226,271,2420,345,1sjc_SMG_A_1000,5,autodock,0.51128965,0.023683465,21.588463,0,0.55436742,28.333451
12227,271,17295,2470,6u6c_P1T_B_502,5,autodock,0.4290798,0.023599276,18.181904,0,0,25.330237
12228,271,10293,1470,4x36_CHT_A_412,3,diffdock_l,0.18692189,0.023584568,7.9256005,0,2.0650617e-26,9.0773542
12229,271,17309,2472,6u6c_P1T_H_504,5,autodock,0.42777839,0.023527698,18.181904,0,0,20.660551
12230,271,17302,2471,6u6c_P1T_D_505,5,autodock,0.42736574,0.023505002,18.181904,0,0,25.065924
12231,271,17097,2442,6szt_M4Q_B_601,3,diffdock_l,0.18700876,0.023463878,7.9700694,0,0,16.093631
12232,271,17202,2457,6tgl_LVP_B_201,3,diffdock_l,0.19401967,0.023138349,8.3851986,0,9.4981622e-37,16.30718
12233,271,1284,183,1jl0_PUT_B_401,3,diffdock_l,0.27985286,0.023038528,12.147166,0,3.0327124e-26,16.346696
12234,271,14324,2046,5y8p_3OH_B_301,2,diffdock,0.071717806,0.022945306,3.1255972,0,0.99485978,17.915158
12235,271,2991,427,1xdj_HCS_A_1049,2,diffdock,0.076384123,0.022564331,3.3851702,0,4.1882532e-06,32.952413
12236,271,3120,445,1yee_PNB_H_551,5,autodock,0.28506739,0.022504881,12.666913,0,0.48170395,16.883115
12237,271,12570,1795,5j5i_6GM_E_302,5,autodock,0.49699775,0.022431386,22.156353,0,0,15.777987
12238,271,843,120,1h48_CDI_B_902,3,diffdock_l,0.27663455,0.022390088,12.355223,0,0,27.850409
12239,271,864,123,1h48_CDI_E_902,3,diffdock_l,0.28075089,0.022275969,12.603307,0,4.7541062e-84,18.13175
12240,271,12535,1790,5ivg_FPS_C_704,5,autodock,0.40349922,0.022104487,18.254175,0,0,25.74742
12241,271,1046,149,1ia1_TQ3_B_196,3,diffdock_l,0.25265376,0.02187487,11.549953,0,0.97086449,19.119974
12242,271,17384,2483,6vlu_CIT_A_701,3,diffdock_l,0.18511069,0.021752963,8.509676,0,4.2798614e-29,30.093272
12243,271,3048,435,1xuz_PEP_A_2001,3,diffdock_l,0.27326196,0.021702766,12.591111,0,0,15.24645
12244,271,6058,865,3qhd_795_A_167,3,diffdock_l,0.21008397,0.021615782,9.7190075,0,2.9748518e-13,48.151848
12245,271,12507,1786,5ita_6DC_B_801,5,autodock,0.44727599,0.021600034,20.707188,0,0,16.475632
12246,271,612,87,1g8z_GAL_F_104,3,diffdock_l,0.22549375,0.021505641,10.48533,0,0.98617233,16.060104
12247,271,17230,2461,6tog_NQH_A_201,3,diffdock_l,0.22594205,0.021443799,10.536474,0,4.8532916e-31,6.6862986
12248,271,7096,1013,4a8p_PAO_B_1340,5,autodock,0.33138085,0.021298492,15.558887,0,0,14.071288
12249,271,6037,862,3qfx_CP6_A_602,3,diffdock_l,0.2265217,0.021252556,10.658562,0,1.5002517e-32,23.726519
12250,271,14857,2122,6c1i_EEY_A_501,3,diffdock_l,0.22587371,0.021233275,10.637723,0,0,23.415675
12251,271,9320,1331,4n36_2F8_A_401,3,diffdock_l,0.24331783,0.021192895,11.481103,0,1.6275913e-42,18.75989
12252,271,12154,1736,5h5k_C5P_B_203,2,diffdock,0.071516573,0.021173176,3.377696,0,0,25.35298
12253,271,1746,249,1msv_PUT_B_355,3,diffdock_l,0.27666275,0.021123831,13.097185,0,3.8569632e-16,18.407798
12254,271,15767,2252,6jwy_PH2_A_802,3,diffdock_l,0.21361451,0.021111121,10.118576,0,0,28.001163
12255,271,9327,1332,4n36_2F8_B_401,3,diffdock_l,0.24030937,0.020930859,11.481103,0,1.6963099e-43,30.695984
12256,272,12546,1792,5j4k_6FZ_A_404,2,diffdock,0.23889513,0.099588558,2.3988202,0,0.92862957,12.905631
12257,272,37,5,1a9r_HPA_A_290,2,diffdock,0.23785347,0.077284565,3.0776312,0,0,13.292563
12258,272,8724,1246,4ioq_BAQ_A_201,2,diffdock,0.23236182,0.040816851,5.6927905,0,0.99114081,8.7472827
12259,272,11475,1639,5e9m_BAE_A_2001,2,diffdock,0.23268067,0.037946422,6.1318202,0,0.98659111,6.795022
12260,272,16796,2399,6r5o_BGC_A_801,3,diffdock_l,0.53654061,0.036826136,14.569559,0,0,35.49444
12261,272,577,82,1g6t_S3P_A_601,3,diffdock_l,0.26577904,0.033242307,7.9952035,0,0.98003328,23.239415
12262,272,8192,1170,4fra_GAL_A_402,2,diffdock,0.23501939,0.032068514,7.3286638,0,2.4269457e-41,14.682803
12263,272,8592,1227,4i6s_FUC_A_101,3,diffdock_l,0.28734122,0.02978695,9.6465464,0,0,12.138321
12264,272,15563,2223,6hnz_GH5_A_301,2,diffdock,0.23300566,0.029672488,7.8525815,0,0,18.421968
12265,272,2606,372,1toq_AMG_G_504,2,diffdock,0.24066005,0.029618871,8.125226,0,2.4187646e-84,15.8732
12266,272,8606,1229,4i6s_FUC_B_102,3,diffdock_l,0.28723244,0.029478364,9.7438383,0,0.99717525,11.913414
12267,272,8599,1228,4i6s_FUC_B_101,3,diffdock_l,0.27493327,0.028500692,9.6465464,0,8.9100882e-21,11.807529
12268,272,7003,1000,3zwe_FUC_B_110,3,diffdock_l,0.28663604,0.02798927,10.240925,0,0.94973117,11.359635
12269,272,16929,2418,6rlt_MLI_A_508,3,diffdock_l,0.2426522,0.027002971,8.9861288,0,0,22.373849
12270,272,10110,1444,4uzi_IMD_B_1456,2,diffdock,0.1151363,0.026925422,4.2761178,0,2.4491534e-60,19.938261
12271,272,5294,756,2vez_G6P_A_202,2,diffdock,0.098394559,0.02677894,3.6743252,0,1.5752971e-17,19.775129
12272,272,16936,2419,6rlt_MLI_B_511,3,diffdock_l,0.24231398,0.026737692,9.0626354,0,1.096631e-19,22.551754
12273,272,1209,172,1j3i_WRA_A_609,5,autodock,0.33990449,0.026296029,12.926076,0,8.207072e-06,5.8075457
12274,272,3657,522,2c3d_COM_A_1525,3,diffdock_l,0.28451872,0.025817961,11.020185,0,1.728695e-51,27.101879
12275,272,10103,1443,4uzi_IMD_B_1455,2,diffdock,0.10730411,0.025572887,4.1960096,0,1.7967463e-31,18.89841
12276,272,16922,2417,6rhc_K48_A_305,3,diffdock_l,0.28729288,0.025532134,11.252207,0,1.444832e-25,9.3114879
12277,272,7045,1006,3zzv_FUC_B_401,3,diffdock_l,0.2608744,0.025473712,10.240925,0,0.98454378,11.646639
12278,272,12904,1843,5la1_XYP_A_601,3,diffdock_l,0.21348543,0.024777904,8.6159592,0,1.7823043e-75,15.825741
12279,272,7234,1033,4al9_GLA_E_1123,3,diffdock_l,0.28812014,0.024764081,11.634598,0,1.1337308e-86,13.111518
12280,272,7213,1030,4al9_GLA_A_1123,3,diffdock_l,0.2868821,0.02465767,11.634598,0,4.5873886e-43,18.375075
12281,272,7227,1032,4al9_GLA_D_1123,3,diffdock_l,0.28558123,0.02454586,11.634598,0,0,16.570453
12282,272,15311,2187,6flu_DTK_B_403,2,diffdock,0.12864205,0.024411289,5.2697763,0,1.0980479e-33,21.223468
12283,272,12598,1799,5j5i_6GM_I_302,5,autodock,0.444375,0.02440648,18.207253,0,0,16.496846
12284,273,5000,714,2qhv_OC9_A_1001,2,diffdock,0.31725567,0.10561004,3.0040286,0,0.98689578,16.541175
12285,273,10320,1474,4xh4_PPI_A_504,2,diffdock,0.15019562,0.099732493,1.5059838,0,0.0018171173,14.669785
12286,273,6897,985,3wwc_BUA_A_402,2,diffdock,0.30757118,0.065988715,4.6609654,0,0,13.759604
12287,273,2004,286,1ov5_2LP_A_403,2,diffdock,0.32348846,0.061627993,5.2490497,0,0.98988664,11.751359
12288,273,226,32,1cdk_MYR_B_403,2,diffdock,0.16025473,0.053822549,2.9774635,0,0,17.379861
12289,273,219,31,1cdk_MYR_A_403,2,diffdock,0.15251098,0.051523091,2.9600501,0,1.0480906e-45,19.58156
12290,273,4510,644,2nos_AGU_A_903,2,diffdock,0.13842893,0.049442971,2.7997687,0,0,15.070251
12291,273,2088,298,1pfw_MF3_A_553,2,diffdock,0.32272623,0.049368995,6.5370216,0,0.98986408,25.313455
12292,273,2046,292,1p2s_ETF_A_400,2,diffdock,0.13763192,0.049003063,2.8086381,0,2.6132003e-25,9.6685517
12293,273,14751,2107,6b83_6NA_B_201,2,diffdock,0.14253218,0.046892684,3.0395389,0,4.5398548e-20,10.499075
12294,273,14317,2045,5y8k_SER_B_301,2,diffdock,0.13210936,0.046798133,2.8229613,0,0,19.123736
12295,273,2389,341,1s83_4HA_A_5,2,diffdock,0.28723992,0.044476724,6.4582067,0,0.86029722,10.735652
12296,273,2515,359,1thc_FL9_A_131,2,diffdock,0.13810422,0.041390693,3.3365998,0,6.4053758e-05,11.430565
12297,273,2529,361,1thc_FL9_B_131,2,diffdock,0.13824445,0.040913768,3.3789215,0,0.01147675,11.688987
12298,273,3621,517,2bs8_NAG_A_1177,2,diffdock,0.29933692,0.039994527,7.484446,0,0,12.168338
12299,273,2018,288,1owz_4FA_A_409,2,diffdock,0.13875186,0.036545777,3.7966583,0,0.99579873,9.0020027
12300,273,9382,1340,4n94_2HO_A_401,2,diffdock,0.29626525,0.035461005,8.3546762,0,0.29097581,18.073309
12301,273,9032,1290,4l4d_CAM_A_503,2,diffdock,0.31218478,0.034897425,8.9457817,0,0,21.314655
12302,273,6904,986,3wwc_BUA_A_403,2,diffdock,0.14294022,0.034374444,4.1583271,0,0,15.583382
12303,273,10467,1495,4yu7_DHC_A_204,2,diffdock,0.13117911,0.033274642,3.9423139,0,0.005383885,14.732046
12304,273,9368,1338,4n5p_2H0_E_412,2,diffdock,0.13467864,0.03308396,4.0708127,0,0.99107557,24.391615
12305,273,1066,152,1iki_DAL_A_500,2,diffdock,0.13527627,0.031630108,4.2768188,0,0,17.184235
12306,273,14310,2044,5y8k_SER_A_301,2,diffdock,0.13214151,0.03149489,4.1956482,0,3.683136e-11,19.312106
12307,273,13373,1910,5t3h_BEN_A_302,3,diffdock_l,0.29686963,0.03079784,9.6392994,0,0.99795846,11.743315
12308,273,14745,2106,6b6r_BEN_A_302,3,diffdock_l,0.29684719,0.030795512,9.6392994,0,0.99670949,36.109684
12309,273,17048,2435,6sux_BEN_A_302,3,diffdock_l,0.2969664,0.030652272,9.6882334,0,0.99707313,11.618814
12310,273,17055,2436,6svu_BEN_A_302,3,diffdock_l,0.29684639,0.030639885,9.6882334,0,0.99661402,44.102818
12311,273,10460,1494,4yu7_DHC_A_203,2,diffdock,0.12674704,0.030238252,4.1916118,0,2.3922818e-35,13.122097
12312,273,10474,1496,4yu7_DHC_B_203,2,diffdock,0.12847399,0.030095864,4.2688246,0,1.5635739e-18,16.183138
12313,273,380,54,1e7h_PLM_A_1001,2,diffdock,0.14322618,0.029085521,4.9243112,0,0.075643749,22.168165
12314,273,15074,2153,6e8i_PTR_A_201,3,diffdock_l,0.1947062,0.029057793,6.7006526,0,0,12.524154
12315,273,13604,1943,5u5x_TP5_A_302,3,diffdock_l,0.22097333,0.028881168,7.6511207,0,1.1673882e-32,11.271049
12316,273,8101,1157,4ek1_CAM_A_502,2,diffdock,0.31206236,0.028836051,10.821951,0,3.2770335e-47,29.123103
12317,273,3369,481,1zwp_NIM_A_401,2,diffdock,0.13319432,0.028532234,4.6682043,0,0,11.884128
12318,273,8038,1148,4e7v_CRS_S_101,2,diffdock,0.28674975,0.028441148,10.082213,0,0,20.663969
12319,273,17047,2435,6sux_BEN_A_302,2,diffdock,0.15057827,0.028174031,5.3445759,0,0.99909272,14.440727
12320,273,17054,2436,6svu_BEN_A_302,2,diffdock,0.15055685,0.028170022,5.3445759,0,0.99914967,15.163147
12321,273,13372,1910,5t3h_BEN_A_302,2,diffdock,0.15055838,0.028020901,5.3730731,0,0.99816313,12.416682
12322,273,14744,2106,6b6r_BEN_A_302,2,diffdock,0.15055077,0.028019486,5.3730731,0,0.99704817,13.63849
12323,273,13596,1942,5u5g_7VD_D_302,2,diffdock,0.16005953,0.027975245,5.7214694,0,0,21.517081
12324,273,8045,1149,4e7v_CRS_U_101,2,diffdock,0.28140785,0.027491849,10.236046,0,9.9913544e-54,21.974449
12325,273,2550,364,1tkj_MED_A_913,2,diffdock,0.28683818,0.027375151,10.478048,0,0,17.157581
12326,273,13331,1904,5r0i_SYV_A_2501,3,diffdock_l,0.19785373,0.027371735,7.2283945,0,3.8967219e-39,17.538546
12327,273,13575,1939,5u5g_7VD_A_302,2,diffdock,0.15635067,0.027327008,5.7214694,0,0,20.034579
12328,273,3047,435,1xuz_PEP_A_2001,2,diffdock,0.16049427,0.027038837,5.9356933,0,0,20.371153
12329,273,13330,1904,5r0i_SYV_A_2501,2,diffdock,0.13367781,0.027032631,4.9450526,0,3.8176685e-85,15.809028
12330,273,2942,420,1x09_IPE_A_901,2,diffdock,0.13685309,0.026888226,5.0897021,0,0.95660742,15.302927
12331,273,14612,2087,6a1l_BEZ_A_404,3,diffdock_l,0.23837435,0.026309709,9.060318,0,6.8316346e-32,17.367566
12332,273,10047,1435,4umd_CIT_A_1174,2,diffdock,0.135235,0.026187859,5.1640334,0,0,12.808368
12333,273,75,10,1aia_PMP_B_411,5,autodock,0.32493171,0.025731927,12.627569,0,0.00030287459,25.758161
12334,274,4020,574,2fc0_DGP_A_239,2,diffdock,0.45567469,0.058314049,7.8141484,0,0.97522199,16.502903
12335,274,6050,864,3qgz_ADN_A_127,2,diffdock,0.53056225,0.057388836,9.2450418,0,0,12.133944
12336,274,5182,740,2rtn_IMI_B_300,2,diffdock,0.53595156,0.05589694,9.5882082,0,0.99459158,18.624515
12337,274,5189,741,2rtn_IMI_D_300,2,diffdock,0.51511795,0.053945413,9.5488729,0,2.8666951e-32,18.183885
12338,274,1997,285,1opr_ORO_A_220,2,diffdock,0.48126503,0.053620638,8.9753685,0,7.6308193e-09,14.562433
12339,274,114,16,1anc_BEN_A_290,2,diffdock,0.51971243,0.047601435,10.917998,0,0.99759906,14.985617
12340,274,2943,420,1x09_IPE_A_901,3,diffdock_l,0.75558058,0.044219997,17.086851,0,0,26.998681
12341,274,1969,281,1o8a_NXA_A_702,2,diffdock,0.51958844,0.043140387,12.044129,0,0.97782522,24.589402
12342,274,10838,1548,5a66_3PO_B_1000,2,diffdock,0.24929719,0.042056195,5.9277153,0,0,22.1898
12343,274,170,24,1bqp_MAN_B_401,2,diffdock,0.5376486,0.039087882,13.754866,0,1.596685e-82,16.064562
12344,274,177,25,1bqp_MAN_C_402,2,diffdock,0.52075001,0.037859328,13.754866,0,0.98846009,14.060778
12345,274,10831,1547,5a66_3PO_A_1000,2,diffdock,0.22780771,0.037730773,6.0377154,0,0,19.051764
12346,274,6113,873,3r51_MMA_A_200,2,diffdock,0.49342175,0.03638089,13.562662,0,0.95059906,13.67054
12347,274,2382,340,1s6h_4BZ_A_1,2,diffdock,0.21294348,0.035316277,6.0296121,0,0.99763888,13.257023
12348,274,7002,1000,3zwe_FUC_B_110,2,diffdock,0.51871096,0.034946368,14.843057,0,0,12.783087
12349,274,7044,1006,3zzv_FUC_B_401,2,diffdock,0.51620041,0.034777229,14.843057,0,4.2725195e-43,12.269949
12350,274,2019,288,1owz_4FA_A_409,3,diffdock_l,0.7582562,0.034528712,21.960163,0,0.99823844,9.3290288
12351,274,15578,2225,6ho7_GHQ_A_301,3,diffdock_l,0.30074181,0.034290006,8.7705374,0,0,26.643093
12352,274,5651,807,2xya_7L4_A_1181,2,diffdock,0.50722352,0.034001391,14.917727,0,0.99782308,12.282947
12353,274,576,82,1g6t_S3P_A_601,2,diffdock,0.52416118,0.032980716,15.892959,0,0,26.246415
12354,274,9389,1341,4n9v_AZA_A_401,2,diffdock,0.50931756,0.032592039,15.627053,0,0.99834266,11.5926
12355,274,11468,1638,5e4r_40E_A_504,2,diffdock,0.18157007,0.031028208,5.8517733,0,0,21.439686
12356,274,3551,507,2bdg_PBZ_A_301,2,diffdock,0.50584511,0.030168776,16.767172,0,0,16.063504
12357,274,9529,1361,4o95_245_A_602,2,diffdock,0.18394398,0.029839622,6.1644197,0,4.5025495e-09,30.530391
12358,274,13939,1991,5vys_1YJ_B_301,2,diffdock,0.53490595,0.029497137,18.134163,0,0.99174731,21.449047
12359,274,3474,496,2aiq_BEN_A_401,2,diffdock,0.50107299,0.02914499,17.192421,0,0.9883711,15.530841
12360,274,11755,1679,5fe1_12Q_B_901,2,diffdock,0.50583931,0.029054295,17.410137,0,0.99532545,13.074222
12361,274,15486,2212,6hl7_CP_A_401,2,diffdock,0.45831711,0.028885521,15.866672,0,0,27.525992
12362,274,13071,1867,5mzj_TEP_A_2401,2,diffdock,0.19324284,0.028785039,6.7133074,0,0.9850724,17.767333
12363,274,9369,1338,4n5p_2H0_E_412,3,diffdock_l,0.74916945,0.028431476,26.35,0,0,24.267825
12364,274,11881,1697,5fqf_NGA_B_1585,2,diffdock,0.53322065,0.027278763,19.547096,0,1.5221609e-28,40.015229
12365,274,13463,1923,5tde_2HP_B_901,2,diffdock,0.28064842,0.027173539,10.328003,0,9.5814212e-07,21.90813
12366,274,16851,2407,6rbo_JXQ_A_302,2,diffdock,0.18018167,0.027101822,6.6483221,0,6.5860966e-07,20.020869
12367,274,8605,1229,4i6s_FUC_B_102,2,diffdock,0.53777373,0.026933935,19.966398,0,1.5931162e-37,13.130567
12368,274,2655,379,1u18_HSM_A_401,2,diffdock,0.18402248,0.026898352,6.8414025,0,3.7847547e-07,17.732043
12369,274,11195,1599,5cmb_GLY_A_301,2,diffdock,0.51089395,0.026888726,19.000301,0,0.99903999,16.816624
12370,274,9501,1357,4npm_SIN_A_301,2,diffdock,0.47780314,0.026663082,17.920025,0,0.96929739,20.145686
12371,274,6071,867,3qss_MTG_A_405,2,diffdock,0.50136627,0.026360061,19.019918,0,0.99721344,22.245112
12372,274,1045,149,1ia1_TQ3_B_196,2,diffdock,0.50450429,0.026280966,19.196564,0,0,20.370437
12373,274,3943,563,2evd_D10_A_304,2,diffdock,0.20334094,0.02608508,7.7952957,0,0,15.353553
12374,274,12484,1783,5irw_D9P_A_202,3,diffdock_l,0.30972694,0.025340836,12.222443,0,3.9015648e-27,24.59029
12375,274,13078,1868,5mzp_CFF_A_2401,2,diffdock,0.16913156,0.025117695,6.733561,0,0.016150824,18.128029
12376,274,13982,1997,5w8q_BU4_A_400,3,diffdock_l,0.29700825,0.025055421,11.854051,0,2.2766734e-45,19.588203
12377,274,150,21,1axg_ETF_B_404,3,diffdock_l,0.32846932,0.025020035,13.128251,0,1.6435668e-48,26.166344
12378,274,2375,339,1s5s_PG3_A_1,2,diffdock,0.4801324,0.024867794,19.307396,0,0,14.991564
12379,274,157,22,1axg_ETF_C_404,3,diffdock_l,0.32067688,0.024660788,13.003512,0,0,26.443367
12380,274,10743,1534,4zvv_GN0_A_405,5,autodock,0.41494507,0.024548788,16.902872,0,0,13.38102
12381,274,15577,2225,6ho7_GHQ_A_301,2,diffdock,0.23910105,0.0242988,9.8400345,0,0.99683635,14.485449
12382,274,8297,1185,4gy9_ZIP_A_201,2,diffdock,0.48414963,0.024269931,19.948536,0,0.92142292,14.141184
12383,274,3180,454,1zdq_MSM_B_1508,2,diffdock,0.21283316,0.024238615,8.7807465,0,1.5144952e-29,22.036766
12384,275,13072,1867,5mzj_TEP_A_2401,3,diffdock_l,0.75150349,0.05247766,14.320445,0,0.69520158,34.882006
12385,275,2383,340,1s6h_4BZ_A_1,3,diffdock_l,0.75770417,0.041992174,18.043936,0,0.99597389,12.953786
12386,275,7009,1001,3zwe_FUC_C_110,2,diffdock,0.38812135,0.04111336,9.4402723,0,4.5967823e-37,11.879377
12387,275,149,21,1axg_ETF_B_404,2,diffdock,0.38584238,0.039340554,9.8077507,0,0,29.738354
12388,275,156,22,1axg_ETF_C_404,2,diffdock,0.37926892,0.039247473,9.6635237,0,0,29.908349
12389,275,14577,2082,5zi4_OAA_A_401,3,diffdock_l,0.20922381,0.033818153,6.1867299,0,2.1476607e-41,26.369431
12390,275,16333,2333,6nni_CP6_A_203,2,diffdock,0.62161409,0.033756655,18.414562,0,0.9885058,17.983114
12391,275,3916,559,2ef9_PEP_A_1268,3,diffdock_l,0.30406162,0.033621167,9.0437546,0,1.8785732e-27,23.207181
12392,275,11384,1626,5dnx_5LD_B_205,2,diffdock,0.24121888,0.033243872,7.2560396,0,1.9063535e-47,24.541779
12393,275,163,23,1axg_ETF_D_404,2,diffdock,0.3392115,0.033208779,10.214512,0,0,28.00086
12394,275,13659,1951,5ud0_13P_B_405,2,diffdock,0.33576998,0.032673868,10.276406,0,0,21.262874
12395,275,8591,1227,4i6s_FUC_A_101,2,diffdock,0.38731574,0.032480322,11.924626,0,0,11.974832
12396,275,3124,446,1yik_MM1_A_501,2,diffdock,0.24469839,0.032441085,7.5428538,0,0.086982015,10.244932
12397,275,8612,1230,4i6s_FUC_C_101,2,diffdock,0.36686644,0.032303523,11.356854,0,0,12.621899
12398,275,15319,2188,6flu_DTK_B_404,3,diffdock_l,0.32044359,0.031894852,10.046874,0,2.0410375e-20,20.124898
12399,275,8598,1228,4i6s_FUC_B_101,2,diffdock,0.37481605,0.031432098,11.924626,0,0,11.756847
12400,275,17341,2477,6urx_JMG_A_316,2,diffdock,0.32431981,0.031379466,10.335414,0,2.9237044e-25,16.236191
12401,275,6057,865,3qhd_795_A_167,2,diffdock,0.28833489,0.030882555,9.3364964,0,1.8042254e-54,24.241456
12402,275,6842,977,3wsg_CIT_F_302,3,diffdock_l,0.26850112,0.030742972,8.7337389,0,5.5036652e-64,20.466365
12403,275,11385,1626,5dnx_5LD_B_205,3,diffdock_l,0.20174701,0.030590849,6.5950108,0,3.0835212e-47,24.079461
12404,275,15934,2276,6l68_ALL_A_201,2,diffdock,0.3331699,0.029494531,11.295988,0,0.0066050463,11.421713
12405,275,11371,1624,5dnx_5LD_A_203,3,diffdock_l,0.20872382,0.029489962,7.0777912,0,4.092602e-38,46.259594
12406,275,16942,2420,6rlt_MLI_B_512,2,diffdock,0.34788384,0.029405387,11.830615,0,5.4399085e-47,24.706923
12407,275,3923,560,2ef9_PEP_B_2268,3,diffdock_l,0.26372495,0.029161,9.0437546,0,2.1251499e-27,22.882425
12408,275,15284,2183,6flu_DTK_A_405,3,diffdock_l,0.28844367,0.02870979,10.046874,0,5.6750235e-48,17.167046
12409,275,9809,1401,4rcv_DE2_A_403,2,diffdock,0.31512971,0.028630217,11.006891,0,0,22.286959
12410,275,13660,1951,5ud0_13P_B_405,3,diffdock_l,0.28951145,0.02852074,10.150908,0,0,20.726822
12411,275,14576,2082,5zi4_OAA_A_401,2,diffdock,0.24463701,0.028494439,8.5854292,0,0,22.88939
12412,275,13981,1997,5w8q_BU4_A_400,2,diffdock,0.35908251,0.028491814,12.603005,0,3.3087885e-45,21.038526
12413,275,15395,2199,6g3f_FUM_A_601,2,diffdock,0.25134167,0.028220762,8.9062672,0,2.7286962e-67,16.961948
12414,275,9817,1402,4rg3_ECE_A_603,3,diffdock_l,0.30017777,0.028087984,10.687052,0,0.64212673,36.575469
12415,275,11370,1624,5dnx_5LD_A_203,2,diffdock,0.24347741,0.027994266,8.697402,0,3.72297e-38,27.280399
12416,275,4840,691,2q1a_2KT_X_295,3,diffdock_l,0.26975512,0.02768608,9.7433472,0,0.64243295,13.114073
12417,275,2208,315,1pzy_NAG_B_405,3,diffdock_l,0.31926729,0.027161393,11.754451,0,1.2645346e-88,22.249248
12418,275,16341,2334,6nsu_DYA_A_402,3,diffdock_l,0.19854785,0.027018264,7.3486524,0,0.49596233,15.894316
12419,275,1823,260,1nmm_NAG_B_403,3,diffdock_l,0.32003235,0.026612215,12.025768,0,2.8209283e-55,56.001679
12420,275,11378,1625,5dnx_5LD_B_201,3,diffdock_l,0.20931271,0.026414247,7.9242344,0,0.50427798,23.673891
12421,275,1830,261,1nmm_NAG_D_527,3,diffdock_l,0.31761965,0.026411587,12.025768,0,2.517691e-55,27.129891
12422,275,17229,2461,6tog_NQH_A_201,2,diffdock,0.30927314,0.026341641,11.740845,0,1.2335192e-30,10.700263
12423,275,13470,1924,5tde_2HP_B_902,2,diffdock,0.24079746,0.025946782,9.2804356,0,1.6574552e-34,21.893394
12424,275,6617,945,3vv5_SLZ_A_300,2,diffdock,0.34514139,0.025697512,13.430925,0,0.97123865,20.647531
12425,275,2873,410,1w3t_3GR_B_1297,3,diffdock_l,0.21080077,0.025253356,8.347435,0,4.3901092e-34,25.035712
12426,275,11987,1712,5g44_I6G_A_1510,3,diffdock_l,0.2159224,0.025246183,8.5526743,0,0.0012266449,16.136462
12427,275,6807,972,3wsg_CIT_A_302,3,diffdock_l,0.22224082,0.02523864,8.8055773,0,0,31.572717
12428,275,15291,2184,6flu_DTK_A_406,3,diffdock_l,0.23894077,0.025165479,9.4947824,0,3.0088143e-41,20.312603
12429,275,2459,351,1sz6_NAG_B_5002,2,diffdock,0.2339215,0.024953289,9.3743744,0,0,21.835481
12430,275,10468,1495,4yu7_DHC_A_204,3,diffdock_l,0.21130111,0.024774232,8.529067,0,0.0012709417,12.642597
12431,275,6814,973,3wsg_CIT_B_302,3,diffdock_l,0.21549763,0.024687494,8.7290192,0,2.80123e-52,30.055258
12432,275,14611,2087,6a1l_BEZ_A_404,2,diffdock,0.32257091,0.024495296,13.168687,0,0,17.403099
12433,275,16075,2296,6m5m_NAG_B_202,3,diffdock_l,0.27917133,0.024395392,11.443608,0,0,13.190061
12434,276,611,87,1g8z_GAL_F_104,2,diffdock,0.6183974,0.061792555,10.007635,0,6.3816835e-59,15.584422
12435,276,17523,2503,6xp1_T2C_A_401,2,diffdock,0.59456882,0.056575496,10.509298,0,1.0165682e-92,34.264358
12436,276,660,94,1giu_ADE_A_300,2,diffdock,0.2405702,0.048483421,4.9619055,0,0.99288563,14.422138
12437,276,2746,392,1uqx_MMA_A_1116,2,diffdock,0.59937048,0.048181149,12.439937,0,0.983635,7.7082565
12438,276,13155,1879,5nov_93B_A_201,2,diffdock,0.25033701,0.04629417,5.407527,0,0.04623621,8.9397808
12439,276,1724,246,1mrj_ADN_A_300,2,diffdock,0.22066265,0.043043735,5.1264744,0,0.99601041,16.214531
12440,276,1605,229,1lti_GAL_H_104,2,diffdock,0.32962111,0.041614256,7.9208689,0,0,20.604265
12441,276,1039,148,1ia1_TQ3_A_194,3,diffdock_l,0.32521547,0.040217977,8.0863199,0,2.1913477e-60,18.969398
12442,276,1591,227,1lti_GAL_D_104,2,diffdock,0.32923943,0.039957463,8.239747,0,0,19.537357
12443,276,1598,228,1lti_GAL_E_104,2,diffdock,0.31671929,0.039009989,8.118927,0,0,22.575899
12444,276,13344,1906,5r9o_54F_A_401,2,diffdock,0.25247782,0.036097517,6.9943256,0,0,18.867589
12445,276,4839,691,2q1a_2KT_X_295,2,diffdock,0.44062624,0.034503887,12.770335,0,0,13.067582
12446,276,12721,1817,5jj2_MLI_A_303,2,diffdock,0.32405797,0.034247441,9.4622526,0,1.5480729e-09,12.941461
12447,276,5903,843,2zka_AZA_A_302,2,diffdock,0.3300557,0.034016586,9.7027864,0,0.13821562,11.271292
12448,276,9816,1402,4rg3_ECE_A_603,2,diffdock,0.45922418,0.033718365,13.619408,0,0.00046071009,22.936358
12449,276,16655,2379,6qaw_HVE_A_402,2,diffdock,0.23219064,0.033476086,6.9360142,0,0,19.82537
12450,276,13092,1870,5n5k_HAE_A_306,2,diffdock,0.25704552,0.033226999,7.736043,0,0,9.1706744
12451,276,6589,941,3vq4_0NX_A_305,2,diffdock,0.35460634,0.032847938,10.79539,0,4.6039427e-37,17.706311
12452,276,15535,2219,6hmw_FUL_F_202,2,diffdock,0.33054024,0.032359558,10.214608,0,1.4767862e-57,22.01542
12453,276,15542,2220,6hmw_FUL_G_202,2,diffdock,0.32799716,0.032110594,10.214608,0,2.1129261e-62,20.646335
12454,276,15521,2217,6hmw_FUL_B_204,2,diffdock,0.3277871,0.032090029,10.214608,0,2.0630728e-82,18.332647
12455,276,9515,1359,4o7g_ASC_B_303,2,diffdock,0.24547997,0.03137417,7.8242688,0,0,19.130429
12456,276,7135,1019,4a9j_TYL_B_1187,2,diffdock,0.28500635,0.030791723,9.2559395,0,3.3486866e-59,15.412873
12457,276,8857,1265,4jhh_H35_A_201,2,diffdock,0.54781761,0.030445455,17.99341,0,0.93501641,15.617736
12458,276,10278,1468,4x36_CHT_A_409,2,diffdock,0.28585538,0.030441082,9.3904467,0,4.8820899e-93,10.639103
12459,276,17061,2437,6sxr_KHP_A_507,2,diffdock,0.25729817,0.030177847,8.5260601,0,0,24.667264
12460,276,2,0,19gs_BSP_B_210,2,diffdock,0.21011606,0.029961172,7.0129442,0,9.739676e-08,20.320549
12461,276,296,42,1diw_GAL_A_1400,2,diffdock,0.21001894,0.029716726,7.0673637,0,0,19.710733
12462,277,12679,1811,5jep_EVF_B_302,2,diffdock,0.62778248,0.06588552,9.5283823,0,0.99739866,19.005243
12463,277,1725,246,1mrj_ADN_A_300,3,diffdock_l,0.74429288,0.056087675,13.270167,0,0,14.412774
12464,277,6225,889,3sj1_DXC_X_75,2,diffdock,0.60172225,0.049885946,12.061958,0,0.98652993,10.496968
12465,277,8171,1167,4f8n_PC_A_202,2,diffdock,0.21039331,0.038616198,5.4483166,0,2.6556851e-24,8.4317629
12466,277,9438,1348,4ni1_2JX_A_204,2,diffdock,0.20011197,0.0368017,5.437573,0,0,16.772537
12467,277,1283,183,1jl0_PUT_B_401,2,diffdock,0.3296078,0.0363548,9.0664167,0,2.692973e-26,16.319651
12468,277,8172,1167,4f8n_PC_A_202,3,diffdock_l,0.20480416,0.035219558,5.8150682,0,3.8292846e-27,8.4122677
12469,277,1745,249,1msv_PUT_B_355,2,diffdock,0.32619953,0.034760159,9.3842926,0,0,20.651788
12470,277,9431,1347,4ni1_2JX_A_203,2,diffdock,0.2077987,0.034352986,6.0489259,0,5.0670849e-21,16.691181
12471,277,451,64,1fhv_OSB_A_789,3,diffdock_l,0.24908151,0.033462998,7.4434896,0,0.0022102313,20.429354
12472,277,9319,1331,4n36_2F8_A_401,2,diffdock,0.29127995,0.030516685,9.54494,0,0,19.504597
12473,277,9326,1332,4n36_2F8_B_401,2,diffdock,0.28767686,0.030139197,9.54494,0,0,22.753912
12474,277,1738,248,1msv_PUT_A_355,2,diffdock,0.26706631,0.029428891,9.0749693,0,0,18.388701
12475,277,8381,1197,4hez_1MZ_A_307,2,diffdock,0.20912787,0.029142149,7.1761298,0,1.0005857e-10,14.483191
12476,277,5882,840,2zgw_ADN_A_1301,2,diffdock,0.30346208,0.029022626,10.456051,0,0.98767484,24.198298
12477,277,7198,1028,4ajj_MLI_A_1333,2,diffdock,0.28715747,0.028854959,9.9517536,0,5.1059566e-37,28.202837
12478,277,8367,1195,4hez_1MZ_A_304,2,diffdock,0.21313238,0.028337232,7.5212831,0,7.9827288e-07,14.341101
12479,277,13337,1905,5r28_RDJ_A_401,2,diffdock,0.21146837,0.028251917,7.4850974,0,0,22.18336
12480,277,6618,945,3vv5_SLZ_A_300,3,diffdock_l,0.76994143,0.028056733,27.442303,0,2.1955596e-37,19.591916
12481,277,13379,1911,5t63_ALA_C_1,2,diffdock,0.38399854,0.027879415,13.77355,0,0,19.463414
12482,277,8360,1194,4hez_1MZ_A_302,2,diffdock,0.20941733,0.02776712,7.5419168,0,7.7688798e-13,13.015571
12483,277,12686,1812,5jep_EVF_B_303,2,diffdock,0.24363131,0.027746374,8.780653,0,0,18.249334
12484,277,9011,1287,4kwl_3SS_A_302,2,diffdock,0.30682007,0.027644948,11.098594,0,0,10.534922
12485,277,17761,2537,7jo3_VGS_A_302,2,diffdock,0.30351985,0.027578884,11.005515,0,0,19.414733
12486,277,1276,182,1jl0_PUT_A_401,2,diffdock,0.24624158,0.027159744,9.0664167,0,2.7908644e-25,19.183079
12487,277,8374,1196,4hez_1MZ_A_306,2,diffdock,0.2146659,0.026950182,7.9652848,0,1.005911e-28,12.953227
12488,277,12231,1747,5hgz_MLA_A_302,2,diffdock,0.26519091,0.026830955,9.8837662,0,0.040645679,11.739424
12489,277,16074,2296,6m5m_NAG_B_202,2,diffdock,0.29548171,0.026672294,11.078225,0,0,15.356966
12490,277,11986,1712,5g44_I6G_A_1510,2,diffdock,0.26627092,0.026516708,10.041627,0,0.0012201154,15.968098
12491,277,7205,1029,4ajj_MLI_D_1333,2,diffdock,0.27231679,0.026393114,10.31772,0,0.93711348,29.219392
12492,277,5295,756,2vez_G6P_A_202,3,diffdock_l,0.19891309,0.02631496,7.5589347,0,4.4557497e-18,10.813105
12493,277,338,48,1duc_DUD_A_201,2,diffdock,0.21655294,0.026192793,8.2676525,0,0,13.185231
12494,277,1479,211,1kwu_MMA_B_601,2,diffdock,0.21885993,0.02619177,8.3560562,0,0,15.302731
12495,277,1486,212,1kwu_MMA_C_701,2,diffdock,0.21786031,0.026072142,8.3560562,0,0,14.279623
12496,277,8648,1235,4i7n_1DJ_B_203,3,diffdock_l,0.3051915,0.025938141,11.766128,0,0.99708457,14.787913
12497,277,8641,1234,4i7n_1DJ_A_202,3,diffdock_l,0.30513049,0.025932956,11.766128,0,2.8557743e-36,14.408966
12498,277,12707,1815,5jj2_MLI_A_301,2,diffdock,0.26183884,0.025418231,10.301221,0,0,11.499043
12499,277,16340,2334,6nsu_DYA_A_402,2,diffdock,0.34568147,0.025308348,13.658792,0,0,18.172042
12500,277,1794,256,1nf0_13P_A_5001,2,diffdock,0.26672311,0.024631242,10.82865,0,0,30.149476
12501,277,9333,1333,4n36_2F8_C_401,2,diffdock,0.23752288,0.024508256,9.6915445,0,0,17.102177
12502,277,1759,251,1n1i_HIS_C_501,2,diffdock,0.22231149,0.024507928,9.071002,0,3.2192174e-30,20.840805
12503,277,12672,1810,5je7_EVF_B_302,2,diffdock,0.24724497,0.024345594,10.155634,0,0.99838753,15.964617
12504,277,12665,1809,5jdv_EVF_B_302,2,diffdock,0.2472225,0.024301103,10.173303,0,0.99801432,16.608302
12505,277,12238,1748,5hgz_MLA_A_303,2,diffdock,0.23366323,0.024291974,9.618947,0,0,9.9064923
12506,277,4461,637,2j9e_AKG_C_1119,2,diffdock,0.3174852,0.024281557,13.075157,0,0,18.705872
12507,277,11336,1619,5dmm_HCS_A_505,3,diffdock_l,0.19401774,0.024042815,8.0696754,0,2.0314949e-05,15.528181
12508,277,1340,191,1k5s_GRO_B_601,3,diffdock_l,0.26563274,0.023918711,11.105645,0,0.95878905,21.984114
12509,277,16389,2341,6ock_9KL_A_601,2,diffdock,0.57186785,0.023901279,23.926243,0,0.98470957,30.443802
12510,277,6890,984,3wur_O4B_B_204,2,diffdock,0.25335211,0.023831833,10.630827,0,2.8077702e-26,16.803352
12511,277,2901,414,1w55_GPP_A_1374,3,diffdock_l,0.19309611,0.023641202,8.167778,0,0,20.587781
12512,278,7206,1029,4ajj_MLI_D_1333,3,diffdock_l,0.76905679,0.053840438,14.283998,0,0,20.057578
12513,278,5883,840,2zgw_ADN_A_1301,3,diffdock_l,0.77904082,0.047803572,16.296705,0,0.99333402,20.057157
12514,278,44,6,1ac4_TMT_A_296,2,diffdock,0.23820413,0.047095425,5.0579028,0,0,13.248134
12515,278,12666,1809,5jdv_EVF_B_302,3,diffdock_l,0.75663974,0.042293402,17.890253,0,0.99703637,31.155041
12516,278,12673,1810,5je7_EVF_B_302,3,diffdock_l,0.75667237,0.040921207,18.490957,0,0.99758291,11.421882
12517,278,5154,736,2rbx_3AY_X_2001,2,diffdock,0.23444782,0.039446964,5.943367,0,4.5019263e-33,19.784033
12518,278,8647,1235,4i7n_1DJ_B_203,2,diffdock,0.65466424,0.037999873,17.228062,0,0.99594905,14.289347
12519,278,13603,1943,5u5x_TP5_A_302,2,diffdock,0.26962417,0.037502377,7.1895213,0,0,15.141668
12520,278,10376,1482,4xv4_25T_A_303,2,diffdock,0.28922439,0.03735865,7.7418308,0,0.92683769,10.887471
12521,278,4433,633,2j1s_FUL_B_1153,2,diffdock,0.3343981,0.033460543,9.993803,0,6.6907831e-66,12.093809
12522,278,10369,1481,4xv4_25T_A_302,2,diffdock,0.25897758,0.032398756,7.9934411,0,1.5280039e-31,13.318053
12523,278,16921,2417,6rhc_K48_A_305,2,diffdock,0.33868554,0.031593673,10.720042,0,0,17.207276
12524,278,1339,191,1k5s_GRO_B_601,2,diffdock,0.61520502,0.02973898,20.686821,0,0,31.850799
12525,278,4426,632,2j1s_FUL_A_1153,2,diffdock,0.30090741,0.029627848,10.156235,0,0.99574747,12.319234
12526,278,355,50,1e26_GPB_A_208,5,autodock,0.40032443,0.029027369,13.791274,0,0,17.677872
12527,278,5155,736,2rbx_3AY_X_2001,3,diffdock_l,0.23597341,0.02861418,8.2467289,0,0,25.629894
12528,278,7821,1117,4d4u_FUC_B_950,2,diffdock,0.31051686,0.028308991,10.968842,0,0,30.149476
12529,278,7814,1116,4d4u_FUC_A_950,2,diffdock,0.30929145,0.028197273,10.968842,0,0,30.149476
12530,278,9116,1302,4lo1_GAL_A_301,2,diffdock,0.33573318,0.027524092,12.197792,0,0.99458905,17.994313
12531,278,7583,1083,4cle_JR2_B_1270,2,diffdock,0.26161595,0.027465921,9.5251102,0,1.2872236e-43,41.065866
12532,278,2494,356,1tc2_7HP_A_800,2,diffdock,0.24631326,0.027178316,9.0628586,0,3.6039531e-45,21.05399
12533,278,14289,2041,5y7a_KYN_A_502,2,diffdock,0.24712075,0.026973263,9.1616917,0,8.4070391e-41,24.369952
12534,278,3936,562,2euq_BVC_A_401,2,diffdock,0.24839753,0.026914585,9.229104,0,0,11.03633
12535,278,2718,388,1uay_ADN_B_1002,2,diffdock,0.31004349,0.026868341,11.53936,0,0,23.91216
12536,278,2711,387,1uay_ADN_A_1001,2,diffdock,0.30804824,0.02677793,11.50381,0,0,22.316074
12537,278,11615,1659,5eo8_TFU_A_406,2,diffdock,0.28500808,0.026082543,10.927157,0,0,15.845163
12538,278,2501,357,1tc2_7HP_B_810,2,diffdock,0.2460864,0.025899458,9.5016031,0,2.2396104e-45,16.996958
12539,278,11601,1657,5eo8_TFU_A_404,2,diffdock,0.25581872,0.025830204,9.9038591,0,3.9675482e-21,15.771154
12540,278,7233,1033,4al9_GLA_E_1123,2,diffdock,0.3394974,0.024820077,13.678337,0,2.9203509e-43,19.913289
12541,278,8165,1166,4f8n_GAL_A_204,3,diffdock_l,0.28884943,0.024780342,11.656393,0,0,8.0036306
12542,278,2872,410,1w3t_3GR_B_1297,2,diffdock,0.24336183,0.024722471,9.843749,0,0,26.687674
12543,278,7212,1030,4al9_GLA_A_1123,2,diffdock,0.33776966,0.024693765,13.678337,0,0,18.66469
12544,278,11608,1658,5eo8_TFU_A_405,2,diffdock,0.26898957,0.024616607,10.927157,0,0,16.439341
12545,278,7226,1032,4al9_GLA_D_1123,2,diffdock,0.33613905,0.024574553,13.678337,0,1.1801116e-91,19.890148
12546,278,11587,1655,5eo8_TFU_A_401,2,diffdock,0.25469679,0.024405953,10.435846,0,8.5583784e-21,15.322553
12547,278,10328,1475,4xp0_42A_A_404,3,diffdock_l,0.20220024,0.02428641,8.3256531,0,0.98822784,14.532303
12548,278,11594,1656,5eo8_TFU_A_402,2,diffdock,0.24443761,0.024193268,10.103538,0,0,13.52822
12549,278,3496,499,2as1_TP5_A_500,3,diffdock_l,0.21574684,0.023952584,9.007246,0,1.2363484e-32,12.043758
12550,278,14282,2040,5y1g_AKB_A_401,2,diffdock,0.24292508,0.023817733,10.199336,0,0,17.562324
12551,278,2193,313,1pwz_RSO_A_256,2,diffdock,0.25854215,0.023813866,10.85679,0,0,17.671061
12552,278,14290,2041,5y7a_KYN_A_502,3,diffdock_l,0.22503036,0.0237737,9.4655161,0,0,18.26503
12553,278,15318,2188,6flu_DTK_B_404,2,diffdock,0.33929941,0.023753381,14.284257,0,5.9725366e-42,21.262234
12554,278,8318,1188,4h9g_14J_A_512,2,diffdock,0.2015062,0.023455748,8.5909081,0,1.1512415e-07,15.663774
12555,278,7822,1117,4d4u_FUC_B_950,3,diffdock_l,0.31565084,0.023426372,13.474166,0,0,28.001163
12556,278,9543,1363,4ofu_DHT_A_1001,2,diffdock,0.64279904,0.023408705,27.459827,0,0,20.039219
12557,278,7815,1116,4d4u_FUC_A_950,3,diffdock_l,0.31423002,0.023320924,13.474166,0,0,28.001163
12558,278,3201,457,1zei_CRS_E_54,2,diffdock,0.33882606,0.023210452,14.597994,0,1.9347893e-21,14.553811
12559,278,2592,370,1toq_AMG_A_501,2,diffdock,0.31008909,0.023005449,13.47894,0,0,16.322114
12560,278,3377,482,227l_BNZ_A_169,3,diffdock_l,0.22055251,0.022826166,9.6622658,0,0.99750473,34.4084
12561,278,17131,2447,6t10_M6Z_A_601,2,diffdock,0.24494813,0.02227696,10.995581,0,0,17.391485
12562,279,17083,2440,6sz3_M1H_B_601,3,diffdock_l,0.20328011,0.042108725,4.8275046,0,9.7485207e-68,14.067151
12563,279,16774,2396,6qrn_RIP_A_500,2,diffdock,0.20478567,0.038245041,5.3545671,0,0.014801703,8.2571508
12564,279,17075,2439,6syz_M1E_A_601,2,diffdock,0.27907166,0.034662478,8.051116,0,0,15.255133
12565,279,2732,390,1uk7_BUA_A_1300,2,diffdock,0.28047227,0.034129182,8.2179594,0,0.99570488,13.509454
12566,279,17342,2477,6urx_JMG_A_316,3,diffdock_l,0.31237995,0.032365875,9.6515207,0,8.3807723e-27,16.482887
12567,279,10327,1475,4xp0_42A_A_404,2,diffdock,0.61668822,0.031853597,19.360079,0,0,17.383822
12568,279,13813,1973,5vjg_0BP_A_403,2,diffdock,0.24405147,0.031600721,7.7229705,0,0.00074193364,21.569972
12569,279,9648,1378,4pik_MAN_C_503,2,diffdock,0.28120624,0.030138434,9.3304853,0,0,17.739795
12570,279,9215,1316,4mgj_CPZ_A_502,3,diffdock_l,0.20263373,0.030085895,6.7351727,0,1.3386233e-25,29.17494
12571,279,16144,2306,6mry_FLC_C_102,2,diffdock,0.26210566,0.029763764,8.8061991,0,0,21.673914
12572,279,14885,2126,6c6w_TFX_A_502,3,diffdock_l,0.20165697,0.028989614,6.9561791,0,1.6539151e-43,13.671593
12573,279,11861,1694,5fp9_4SV_A_1342,3,diffdock_l,0.2120031,0.028369495,7.4729238,0,0,28.001163
12574,279,9768,1395,4qya_LU2_A_201,3,diffdock_l,0.20169264,0.027919481,7.2240815,0,5.1521988e-22,17.127701
12575,279,7325,1046,4bdr_KAI_B_900,3,diffdock_l,0.31415953,0.027711224,11.336905,0,0.89038075,24.178465
12576,279,17118,2445,6t0a_M58_A_601,3,diffdock_l,0.20292638,0.027514613,7.3752213,0,0.00036878093,20.288313
12577,279,11462,1637,5e4o_L57_B_201,3,diffdock_l,0.23061278,0.027488671,8.3893747,0,4.0535654e-24,20.706895
12578,279,5162,737,2rhx_MLY_A_537,3,diffdock_l,0.20193539,0.027364785,7.3793879,0,0.6462246,11.944188
12579,279,17082,2440,6sz3_M1H_B_601,2,diffdock,0.17680326,0.0270723,6.5307798,0,0,14.391181
12580,279,5595,799,2xoz_AMP_B_1664,2,diffdock,0.17689423,0.026987362,6.5547051,0,0,11.898571
12581,279,17125,2446,6t0a_M58_B_601,3,diffdock_l,0.19485855,0.026859599,7.2547069,0,0.0089571502,12.888439
12582,279,12245,1749,5hpu_IPH_A_101,2,diffdock,0.26396153,0.026818915,9.8423634,0,0,30.149476
12583,279,11224,1603,5cr1_STL_B_201,3,diffdock_l,0.2027963,0.026722559,7.588954,0,1.8755627e-07,14.395381
12584,279,7444,1063,4c67_L5S_A_1170,3,diffdock_l,0.2181725,0.026644435,8.1882944,0,0.79338999,10.120163
12585,279,8354,1193,4hey_4MZ_A_308,3,diffdock_l,0.20146066,0.026538254,7.5913296,0,7.6705531e-28,15.970573
12586,279,16137,2305,6mry_FLC_B_101,2,diffdock,0.26999977,0.026315368,10.260155,0,0,27.38694
12587,279,2733,390,1uk7_BUA_A_1300,3,diffdock_l,0.30835791,0.02630533,11.722259,0,0.99712823,12.781571
12588,279,7128,1018,4a9j_TYL_A_1188,2,diffdock,0.22189746,0.02581104,8.5969973,0,1.77016e-48,16.957127
12589,279,12001,1714,5g44_YTZ_A_1512,3,diffdock_l,0.21666327,0.025522243,8.489193,0,1.3570434e-06,16.182561
12590,279,8920,1274,4k5u_GAL_C_301,2,diffdock,0.28239378,0.025492161,11.07767,0,0,26.620147
12591,279,9775,1396,4qya_LU2_B_201,3,diffdock_l,0.19251915,0.025443608,7.5665026,0,8.1389897e-24,16.427307
12592,279,11455,1636,5e4o_L57_A_201,3,diffdock_l,0.21597823,0.025426271,8.4942932,0,0.0010287936,15.726213
12593,279,17089,2441,6szl_M3E_B_604,2,diffdock,0.23903954,0.025307727,9.4453173,0,0.00020804062,15.806353
12594,279,12687,1812,5jep_EVF_B_303,3,diffdock_l,0.27531489,0.02510972,10.964474,0,4.483112e-22,18.362567
12595,279,11461,1637,5e4o_L57_B_201,2,diffdock,0.22019306,0.024997286,8.8086777,0,0.003680665,20.723036
12596,279,2593,370,1toq_AMG_A_501,3,diffdock_l,0.35604415,0.024843064,14.331732,0,2.1252845e-58,15.630682
12597,279,17132,2447,6t10_M6Z_A_601,3,diffdock_l,0.2540438,0.02476877,10.256617,0,1.9525586e-20,14.415074
12598,279,7142,1020,4a9j_TYL_C_1184,2,diffdock,0.21756622,0.024731938,8.7969732,0,0.99115472,17.905196
12599,279,9649,1378,4pik_MAN_C_503,3,diffdock_l,0.31109134,0.024497532,12.698884,0,2.8320746e-91,13.514306
12600,279,5994,856,2zvq_1NP_X_502,2,diffdock,0.1774813,0.024490577,7.2469211,0,0,16.172695
12601,279,11994,1713,5g44_SWX_A_1511,3,diffdock_l,0.20222196,0.02443707,8.2752123,0,0.039500249,10.520051
12602,279,12106,1729,5gwx_SAR_A_302,3,diffdock_l,0.25833099,0.02435764,10.605747,0,0.24559886,12.084825
12603,279,16992,2427,6s9g_L1Q_A_305,3,diffdock_l,0.31804229,0.024168447,13.1594,0,0.71769614,20.145464
12604,279,415,59,1eow_U2G_A_130,2,diffdock,0.18547184,0.023989546,7.73136,0,0.0016269861,15.471813
12605,279,16866,2409,6rbx_JYT_A_301,3,diffdock_l,0.22601028,0.023986244,9.4224949,0,9.8656121e-09,15.581697
12606,279,10944,1563,5afy_WCE_H_1248,3,diffdock_l,0.21261469,0.02394548,8.8791151,0,0,28.001163
12607,279,9396,1342,4n9v_AZA_A_402,2,diffdock,0.17761786,0.023620399,7.51968,0,7.0551341e-38,13.011309
12608,279,10412,1487,4y14_C0A_A_407,3,diffdock_l,0.31784997,0.023489151,13.531776,0,1.7355343e-72,55.730937
12609,279,10153,1450,4wbd_CIT_A_602,3,diffdock_l,0.30109377,0.023250532,12.949972,0,0.00024705773,23.606102
12610,279,9403,1343,4n9v_AZA_A_403,2,diffdock,0.16938081,0.023179796,7.3072596,0,3.8556242e-35,11.322324
12611,279,17124,2446,6t0a_M58_B_601,2,diffdock,0.18884808,0.023088982,8.179142,0,0,15.261091
12612,280,7143,1020,4a9j_TYL_C_1184,3,diffdock_l,0.75449795,0.04552175,16.574448,0,0.98608156,14.703694
12613,280,7443,1063,4c67_L5S_A_1170,2,diffdock,0.50274085,0.039312494,12.788321,0,0.99385314,12.248093
12614,280,14856,2122,6c1i_EEY_A_501,2,diffdock,0.25869039,0.034618501,7.4726043,0,3.1838737e-56,24.943971
12615,280,15081,2154,6ezf_C6Z_A_1003,3,diffdock_l,0.21763059,0.034084308,6.385066,0,0.93786042,20.532245
12616,280,3790,541,2d0e_NQ_A_410,3,diffdock_l,0.20638402,0.031725748,6.5052524,0,1.8880872e-18,23.487979
12617,280,16991,2427,6s9g_L1Q_A_305,2,diffdock,0.49517176,0.031200567,15.870601,0,0.99375935,21.532418
12618,280,3783,540,2d0e_NQ_A_409,3,diffdock_l,0.19557842,0.030064689,6.5052524,0,1.0965125e-18,26.124249
12619,280,11434,1633,5dz2_212_B_404,3,diffdock_l,0.24209824,0.028833912,8.3963013,0,0.0047401873,37.678123
12620,280,17348,2478,6uvj_QJ1_A_205,2,diffdock,0.22676974,0.028771447,7.8817625,0,0,13.324906
12621,280,17349,2478,6uvj_QJ1_A_205,3,diffdock_l,0.2397107,0.02796027,8.5732603,0,0.85619614,9.3074286
12622,280,2488,355,1t93_FLV_A_432,3,diffdock_l,0.22372654,0.027708122,8.0744019,0,5.777503e-05,19.408208
12623,280,16040,2291,6lx5_C5F_A_503,3,diffdock_l,0.20147217,0.02617778,7.6963038,0,1.4401077e-71,32.520421
12624,280,14804,2114,6bmm_OLB_B_404,6,smina,0.13386614,0.025784591,5.19171,0,1.3436686e-15,11.886856
12625,280,2481,354,1t93_FLV_A_431,3,diffdock_l,0.20612062,0.025660641,8.0325584,0,3.7207495e-27,19.835551
12626,280,14863,2123,6c1i_EEY_B_501,2,diffdock,0.18514623,0.025609137,7.2296934,0,4.1683523e-11,24.237775
12627,280,12869,1838,5l1u_7PF_A_401,3,diffdock_l,0.19762632,0.025581836,7.7252584,0,1.8612575e-05,40.43406
12628,280,12714,1816,5jj2_MLI_A_302,2,diffdock,0.20525778,0.025574468,8.0258856,0,0.00026801736,12.550801
12629,280,4688,669,2o7d_DHC_G_701,5,autodock,0.44240611,0.025063474,17.651426,0,0,95.93552
12630,280,9208,1315,4ma8_Z80_C_301,3,diffdock_l,0.19164283,0.025018824,7.6599445,0,0,21.791541
12631,280,4681,668,2o7d_DHC_B_701,5,autodock,0.44172377,0.024889264,17.747561,0,0,51.33375
12632,280,10839,1548,5a66_3PO_B_1000,3,diffdock_l,0.34175541,0.024365485,14.026209,0,5.6105968e-49,19.127072
12633,280,11427,1632,5dz2_212_A_404,3,diffdock_l,0.20615381,0.024256207,8.499012,0,0,23.97644
12634,280,9376,1339,4n6w_FLC_A_203,3,diffdock_l,0.28691919,0.023804261,12.053269,0,0.048353988,14.153304
12635,280,6331,904,3tye_XHP_B_901,3,diffdock_l,0.24426295,0.023792111,10.266551,0,2.0619375e-68,19.515403
12636,280,3181,454,1zdq_MSM_B_1508,3,diffdock_l,0.27580507,0.023621307,11.676113,0,5.7756954e-29,20.136672
12637,280,726,103,1gz5_UDP_D_900,5,autodock,0.42609129,0.023560188,18.085222,0,0,18.141052
12638,280,14808,2115,6bqx_9AG_A_201,3,diffdock_l,0.21116374,0.023559648,8.9629402,0,0.81940842,18.784492
12639,280,5259,751,2v32_BEZ_B_1220,2,diffdock,0.28566098,0.02324185,12.290801,0,1.9606558e-46,24.981966
12640,281,5715,816,2ye5_2A7_A_1224,3,diffdock_l,0.2297041,0.055649143,4.1277194,0,0.8317069,13.888955
12641,281,5714,816,2ye5_2A7_A_1224,2,diffdock,0.215314,0.055583797,3.8736818,0,0.85305357,13.726115
12642,281,9858,1408,4rm3_FOA_A_1000,2,diffdock,0.25129143,0.027592401,9.1072683,0,0.88668916,26.941873
12643,281,9865,1409,4rm3_FOA_B_1000,2,diffdock,0.24104564,0.02716222,8.8742971,0,1.0830408e-68,26.741394
12644,281,6967,995,3zjq_NCA_B_300,2,diffdock,0.17638486,0.026915295,6.5533309,0,5.085911e-32,17.631169
12645,281,13568,1938,5tzr_MLI_A_2403,2,diffdock,0.18380669,0.02615082,7.0287151,0,1.6454149e-44,14.821405
12646,281,10306,1472,4xf0_CYS_A_502,2,diffdock,0.29438091,0.025916947,11.358625,0,0,13.378705
12647,281,1606,229,1lti_GAL_H_104,3,diffdock_l,0.36412021,0.024701395,14.740875,0,1.9220947e-35,18.871156
12648,281,3915,559,2ef9_PEP_A_1268,2,diffdock,0.31248075,0.024369319,12.822711,0,2.4701804e-27,23.241312
12649,281,2012,287,1ovk_NYL_A_405,3,diffdock_l,0.32927831,0.023992634,13.724141,0,0.9959169,24.309909
12650,281,10271,1467,4x36_CHT_A_408,2,diffdock,0.21628775,0.023790916,9.0911894,0,2.2003409e-78,14.272395
12651,281,1452,207,1kuj_MMA_A_501,3,diffdock_l,0.32961702,0.023476632,14.040216,0,0.98916901,16.173777
12652,281,1459,208,1kuj_MMA_C_502,3,diffdock_l,0.32896356,0.023441325,14.033487,0,0,29.057306
12653,281,2571,367,1tl2_NDG_A_239,2,diffdock,0.29530468,0.02337123,12.635392,0,0,15.275112
12654,281,1592,227,1lti_GAL_D_104,3,diffdock_l,0.36348783,0.023323625,15.584533,0,4.8448273e-59,30.535994
12655,281,15615,2230,6hsg_GM5_D_504,5,autodock,0.33790565,0.023026594,14.674582,0,0,10.363344
12656,281,10285,1469,4x36_CHT_A_411,2,diffdock,0.20906908,0.022918648,9.1222248,0,1.1266124e-60,11.03857
12657,281,2557,365,1tl2_NDG_A_237,2,diffdock,0.29178212,0.022765579,12.81681,0,0,12.960331
12658,281,1451,207,1kuj_MMA_A_501,2,diffdock,0.29671238,0.022735959,13.050356,0,0,15.343884
12659,281,1458,208,1kuj_MMA_C_502,2,diffdock,0.29619343,0.022729846,13.031034,0,0,19.736447
12660,281,1599,228,1lti_GAL_E_104,3,diffdock_l,0.34663682,0.022658354,15.29841,0,2.9231212e-59,18.790201
12661,281,14971,2138,6dl7_ONC_A_301,5,autodock,0.36049698,0.022267925,16.189068,0,0,14.503249
12662,281,2011,287,1ovk_NYL_A_405,2,diffdock,0.29646988,0.022143292,13.388699,0,0.99604344,10.643697
12663,281,2599,371,1toq_AMG_E_503,2,diffdock,0.25620258,0.022006403,11.642182,0,1.9050755e-84,20.740051
12664,281,1850,264,1now_IFG_B_558,2,diffdock,0.29728953,0.021851358,13.605082,0,1.775775e-80,27.507563
12665,281,12350,1764,5i8s_LEA_A_202,2,diffdock,0.31972728,0.021825093,14.649526,0,0,14.017359
12666,281,15080,2154,6ezf_C6Z_A_1003,2,diffdock,0.60121677,0.021821165,27.552,0,0,20.936581
12667,281,653,93,1gim_HDA_A_438,2,diffdock,0.23380326,0.021798102,10.725853,0,2.1518977e-07,18.839415
12668,281,5161,737,2rhx_MLY_A_537,2,diffdock,0.42833958,0.021767296,19.678123,0,0.66882005,14.440217
12669,281,10223,1460,4ws6_WBU_A_301,3,diffdock_l,0.19423693,0.021766402,8.9237032,0,0.044102988,29.880841
12670,281,1843,263,1now_IFG_A_557,2,diffdock,0.29471025,0.021661776,13.605082,0,0.97078892,30.925744
12671,281,7324,1046,4bdr_KAI_B_900,2,diffdock,0.59520804,0.021603078,27.552,0,0.99597414,26.733831
12672,281,2600,371,1toq_AMG_E_503,3,diffdock_l,0.28301093,0.021130761,13.393313,0,2.493049e-84,25.823064
12673,281,14642,2091,6a2m_UMP_B_703,5,autodock,0.26914003,0.021013213,12.808132,0,0,8.383566
12674,281,14656,2093,6a2n_UMP_B_703,5,autodock,0.26851868,0.020947368,12.81873,0,0,9.1574531
12675,281,1822,260,1nmm_NAG_B_403,2,diffdock,0.32678325,0.020746879,15.750958,0,2.5491765e-55,29.974285
12676,281,8164,1166,4f8n_GAL_A_204,2,diffdock,0.30436906,0.020708198,14.697997,0,0.98465019,8.9535833
12677,281,1829,261,1nmm_NAG_D_527,2,diffdock,0.32442779,0.020597335,15.750958,0,0,31.042868
12678,281,14233,2033,5xoi_SIN_A_401,2,diffdock,0.22677582,0.02046762,11.079735,0,0.99312023,13.678051
12679,281,3922,560,2ef9_PEP_B_2268,2,diffdock,0.26174324,0.020412471,12.822711,0,2.1220013e-27,23.698085
12680,281,1480,211,1kwu_MMA_B_601,3,diffdock_l,0.23080153,0.020409866,11.308331,0,0.0079223065,12.492577
12681,281,2207,315,1pzy_NAG_B_405,2,diffdock,0.32575837,0.020397992,15.970119,0,0.98678316,27.70314
12682,281,12483,1783,5irw_D9P_A_202,2,diffdock,0.30715054,0.020314827,15.119524,0,1.4235067e-32,25.03215
12683,281,14635,2090,6a2m_UMP_A_703,5,autodock,0.27269803,0.020287424,13.441727,0,0,9.6826736
12684,281,1487,212,1kwu_MMA_C_701,3,diffdock_l,0.22881617,0.0202343,11.308331,0,4.221683e-66,13.055421
12685,281,8556,1222,4i4v_NGA_A_202,2,diffdock,0.31652524,0.020171516,15.691692,0,2.1177677e-32,22.223696
12686,281,1466,209,1kuj_MMA_G_504,3,diffdock_l,0.28331134,0.020168878,14.046955,0,0.95723273,42.86995
12687,281,15307,2186,6flu_DTK_B_402,5,autodock,0.32452286,0.020168007,16.090971,0,0.26544265,20.221457
12688,281,6968,995,3zjq_NCA_B_300,3,diffdock_l,0.2030345,0.019921121,10.19192,0,5.0110947e-40,15.046525
12689,281,1202,171,1j3i_UMP_D_711,5,autodock,0.26664853,0.019912449,13.391046,0,0,7.339658
12690,282,9859,1408,4rm3_FOA_A_1000,3,diffdock_l,0.71411528,0.060737425,11.757417,0,1.0774776e-68,25.379522
12691,282,3384,483,2a15_NCA_A_1001,3,diffdock_l,0.24987756,0.049990901,4.9984598,0,0,9.3830423
12692,282,1465,209,1kuj_MMA_G_504,2,diffdock,0.64080338,0.036572449,17.521477,0,0,21.078603
12693,282,1844,263,1now_IFG_A_557,3,diffdock_l,0.7854503,0.034305146,22.895988,0,0.97549267,28.176121
12694,282,5260,751,2v32_BEZ_B_1220,3,diffdock_l,0.36794027,0.034231988,10.748433,0,0.9967599,23.209037
12695,282,9579,1368,4p5y_NGA_A_201,3,diffdock_l,0.29886278,0.030818284,9.6975794,0,0.891274,15.912504
12696,282,1683,240,1m9j_CLW_A_906,3,diffdock_l,0.18100282,0.030272549,5.9791064,0,0.0081717636,27.305224
12697,282,7976,1139,4dwv_PFB_B_378,3,diffdock_l,0.33777164,0.029732125,11.360494,0,0,28.289962
12698,282,11616,1659,5eo8_TFU_A_406,3,diffdock_l,0.33360625,0.02878484,11.58965,0,1.6346823e-37,20.04556
12699,282,8319,1188,4h9g_14J_A_512,3,diffdock_l,0.21689724,0.028631622,7.5754428,0,0.00034387832,15.456061
12700,282,14234,2033,5xoi_SIN_A_401,3,diffdock_l,0.76105735,0.028171267,27.015373,0,0.9608248,20.390146
12701,282,11609,1658,5eo8_TFU_A_405,3,diffdock_l,0.32082705,0.027682201,11.58965,0,1.0330477e-43,13.035997
12702,282,15536,2219,6hmw_FUL_F_202,3,diffdock_l,0.37583933,0.026421582,14.224709,0,1.2531867e-50,19.125814
12703,282,15522,2217,6hmw_FUL_B_204,3,diffdock_l,0.37243575,0.02618231,14.224709,0,1.1297595e-19,20.020829
12704,282,15543,2220,6hmw_FUL_G_202,3,diffdock_l,0.37155162,0.026120155,14.224709,0,8.7329055e-82,19.901625
12705,282,11602,1657,5eo8_TFU_A_404,3,diffdock_l,0.29615331,0.02595857,11.40869,0,0,13.766979
12706,282,11588,1655,5eo8_TFU_A_401,3,diffdock_l,0.29453726,0.025471669,11.563327,0,6.5262079e-44,14.233832
12707,282,1507,215,1l4f_150_A_990,2,diffdock,0.22302182,0.025381884,8.7866526,0,2.6480642e-42,15.102886
12708,282,9866,1409,4rm3_FOA_B_1000,3,diffdock_l,0.3037763,0.025163533,12.072083,0,0.99847993,19.926619
12709,282,13144,1877,5njb_BB2_C_502,5,autodock,0.41891987,0.024757423,16.920979,0,0,19.165405
12710,282,12105,1729,5gwx_SAR_A_302,2,diffdock,0.2397744,0.024604366,9.7451963,0,0,14.870035
12711,282,11595,1656,5eo8_TFU_A_402,3,diffdock_l,0.28126295,0.024422768,11.516423,0,4.9288757e-21,13.945388
12712,282,13137,1876,5njb_BB2_A_502,5,autodock,0.41535603,0.024356108,17.053463,0,0,14.702426
12713,282,205,29,1ca7_ENO_B_601,2,diffdock,0.3073694,0.023399547,13.135697,0,0,18.129696
12714,282,14534,2076,5z9p_AX7_A_301,2,diffdock,0.19548467,0.02329545,8.3915377,0,0.99840107,16.233537
12715,282,8640,1234,4i7n_1DJ_A_202,2,diffdock,0.34028507,0.02327185,14.622174,0,0.99774859,13.99242
12716,282,3383,483,2a15_NCA_A_1001,2,diffdock,0.24142095,0.023152446,10.427448,0,0,11.434698
12717,282,14787,2112,6bkk_308_B_101,3,diffdock_l,0.21630244,0.023060864,9.379632,0,0.09455708,45.034685
12718,282,212,30,1ca7_ENO_C_701,2,diffdock,0.30294089,0.02305646,13.139089,0,0,20.00851
12719,282,2536,362,1tiw_TFB_A_2002,2,diffdock,0.29257031,0.022833758,12.813059,0,0.0026559453,19.464203
12720,282,1101,157,1isx_XYP_B_961,2,diffdock,0.24178473,0.022386567,10.800437,0,0.90483226,17.749418
12721,282,6534,933,3vca_PRO_A_504,3,diffdock_l,0.20829334,0.022381237,9.3066044,0,4.439103e-35,23.810017
12722,282,14562,2080,5zgr_ZZ7_A_303,2,diffdock,0.2775359,0.022374881,12.403904,0,0,36.116266
12723,282,4860,694,2q6m_P34_A_1002,2,diffdock,0.21717624,0.022344433,9.7194777,0,1.2797773e-28,22.275582
12724,282,4861,694,2q6m_P34_A_1002,3,diffdock_l,0.22386729,0.022286838,10.04482,0,7.317825e-29,17.82105
12725,282,13058,1865,5mxh_GAL_A_401,3,diffdock_l,0.29393743,0.022252978,13.208902,0,0,22.215624
12726,282,14878,2125,6c1x_DNX_A_203,3,diffdock_l,0.21544299,0.022236807,9.6885748,0,0,9.6905868
12727,282,13065,1866,5mxh_GAL_A_402,3,diffdock_l,0.29251391,0.022145208,13.208902,0,9.2462012e-41,14.697431
12728,282,14807,2115,6bqx_9AG_A_201,2,diffdock,0.53974635,0.022142208,24.376354,0,0.49673288,22.203979
12729,282,12813,1830,5kcp_PFB_B_379,3,diffdock_l,0.24876616,0.022118191,11.247128,0,9.2066407e-27,27.991076
12730,282,5267,752,2v32_BEZ_D_1221,3,diffdock_l,0.23659402,0.022011953,10.748433,0,1.8127587e-46,23.658063
12731,282,1223,174,1j3k_UMP_D_711,5,autodock,0.27043822,0.021961955,12.31394,0,0,11.298763
12732,282,11415,1630,5dw3_TRP_C_402,5,autodock,0.38080459,0.021912513,17.378407,0,0.4982665,35.748498
12733,282,3985,569,2f78_BEZ_A_1001,2,diffdock,0.33984992,0.021892708,15.523429,0,1.3856879e-17,17.229692
12734,282,5546,792,2x0u_X0U_B_1291,2,diffdock,0.22657448,0.021816303,10.385557,0,0.89981486,15.140232
12735,282,3999,571,2f78_BEZ_B_1002,2,diffdock,0.33942409,0.021769261,15.591897,0,2.0760699e-36,16.016739
12736,282,3160,451,1zb6_DIN_A_401,3,diffdock_l,0.21008584,0.021733799,9.6663179,0,2.9908743e-05,28.545288
12737,282,206,29,1ca7_ENO_B_601,3,diffdock_l,0.33877972,0.021718471,15.59869,0,0,38.243199
12738,282,11553,1650,5eo7_SFU_C_401,3,diffdock_l,0.31452192,0.021610884,14.553865,0,1.7746207e-67,18.444068
12739,282,8550,1221,4i4v_NGA_A_201,3,diffdock_l,0.28849773,0.021551761,13.386271,0,4.6270867e-41,17.098567
12740,283,1102,157,1isx_XYP_B_961,3,diffdock_l,0.72729854,0.04721936,15.402549,0,0,19.278023
12741,283,14535,2076,5z9p_AX7_A_301,3,diffdock_l,0.74191052,0.036814977,20.152409,0,0.99808314,20.660301
12742,283,1150,164,1ixo_G3P_B_1002,2,diffdock,0.23884398,0.030933491,7.721209,0,0,23.755015
12743,283,11930,1704,5fzn_FB2_A_1615,2,diffdock,0.21383652,0.030789214,6.9451752,0,0.99448663,17.97395
12744,283,968,138,1h8p_PC_B_1110,2,diffdock,0.21744869,0.029129222,7.4649663,0,2.2981134e-37,12.714284
12745,283,13050,1864,5mot_HBD_A_402,2,diffdock,0.19838397,0.029080294,6.8219371,0,6.7310135e-13,14.238871
12746,283,11741,1677,5fc5_PC_A_516,2,diffdock,0.26958956,0.027374069,9.8483543,0,0,20.355277
12747,283,4499,642,2ji6_TPW_B_1566,5,autodock,0.45916469,0.027106421,16.939331,0,0,43.174889
12748,283,3803,543,2d20_NPO_B_953,2,diffdock,0.20285834,0.026914087,7.5372543,0,5.9163869e-40,20.78202
12749,283,14786,2112,6bkk_308_B_101,2,diffdock,0.22843311,0.026524718,8.6120834,0,0.078117447,13.063962
12750,283,17573,2510,6y4z_TLA_D_301,3,diffdock_l,0.2365976,0.026163157,9.0431585,0,2.2365733e-32,31.435388
12751,283,8871,1267,4jwx_1N4_A_301,2,diffdock,0.24908217,0.025937386,9.6032095,0,0,17.304513
12752,283,17496,2499,6x9d_HYP_B_2002,3,diffdock_l,0.30153351,0.025731904,11.718273,0,2.5376306e-46,39.41865
12753,283,961,137,1h8p_PC_A_1111,2,diffdock,0.18106903,0.025570416,7.0811911,0,0,11.806282
12754,283,4492,641,2ji6_TPW_A_1566,5,autodock,0.44509538,0.025479309,17.468893,0,0,30.602791
12755,283,954,136,1h8p_PC_A_1110,2,diffdock,0.19582448,0.025476894,7.6863551,0,0,13.325838
12756,283,10005,1429,4ud9_FQI_H_1257,2,diffdock,0.2507395,0.024680093,10.159584,0,0,30.149476
12757,283,13051,1864,5mot_HBD_A_402,3,diffdock_l,0.20925132,0.024543705,8.5256605,0,3.670827e-12,14.331543
12758,283,3159,451,1zb6_DIN_A_401,2,diffdock,0.22950976,0.024062642,9.5380106,0,1.2803002e-06,19.824503
12759,283,11216,1602,5cpp_ADO_A_422,2,diffdock,0.24030671,0.023893008,10.057615,0,0.98984296,16.720685
12760,283,17565,2509,6y4f_GLU_A_202,2,diffdock,0.20042817,0.023239817,8.6243429,0,9.5018358e-24,10.714927
12761,283,17572,2510,6y4z_TLA_D_301,2,diffdock,0.23980378,0.023053336,10.402128,0,0,32.60927
12762,283,1157,165,1ixo_G3P_D_1004,2,diffdock,0.17664494,0.022757299,7.7621217,0,0,22.475779
12763,283,17201,2457,6tgl_LVP_B_201,2,diffdock,0.22900497,0.022381101,10.232068,0,0,17.98413
12764,283,8843,1263,4jh6_FCN_A_202,2,diffdock,0.23166456,0.0223493,10.365628,0,0.9769617,11.722627
12765,283,10750,1535,4zvv_GN0_B_404,5,autodock,0.26599167,0.022237547,11.961375,0,0,13.216878
12766,283,8178,1168,4fh7_TBP_A_202,2,diffdock,0.18039609,0.022200806,8.1256542,0,1.7316457e-49,11.698448
12767,283,4811,687,2pvy_ACP_A_802,2,diffdock,0.24292209,0.0221984,10.943224,0,1.1905037e-33,45.085157
12768,283,6522,931,3vc3_C6P_E_501,5,autodock,0.5153652,0.022186541,23.228729,0,0.58046185,29.71811
12769,283,5932,847,2ztl_3HL_B_301,3,diffdock_l,0.25487946,0.022180523,11.491138,0,0.90124909,25.589328
12770,283,5939,848,2ztl_3HL_C_301,3,diffdock_l,0.2565688,0.02214165,11.587609,0,3.2613903e-34,27.716623
12771,283,5925,846,2ztl_3HL_A_301,3,diffdock_l,0.25632625,0.022120717,11.587609,0,8.5080848e-35,25.42816
12772,283,3778,539,2cxp_A5P_B_2601,5,autodock,0.29382689,0.022002296,13.354373,0,0.22740379,14.92252
12773,283,10943,1563,5afy_WCE_H_1248,2,diffdock,0.22978977,0.021935346,10.475775,0,0,30.149476
12774,283,14597,2085,6a1f_9OF_A_807,2,diffdock,0.24954034,0.021917322,11.38553,0,0.95298978,21.281209
12775,283,5938,848,2ztl_3HL_C_301,2,diffdock,0.24976651,0.021780634,11.467365,0,0,26.662638
12776,283,5924,846,2ztl_3HL_A_301,2,diffdock,0.24960835,0.021766842,11.467365,0,3.3048107e-35,26.270995
12777,283,9578,1368,4p5y_NGA_A_201,2,diffdock,0.59975299,0.021651486,27.700314,0,0.96446527,13.775694
12778,283,5931,847,2ztl_3HL_B_301,2,diffdock,0.24830018,0.021588412,11.501548,0,0,28.072119
12779,283,842,120,1h48_CDI_B_902,2,diffdock,0.32704754,0.021477561,15.227405,0,0,34.092812
12780,283,10832,1547,5a66_3PO_A_1000,3,diffdock_l,0.30464663,0.021408852,14.229937,0,0.72511844,45.743984
12781,283,1976,282,1okm_SAB_A_555,2,diffdock,0.24876038,0.021378768,11.63586,0,0.97667329,21.7204
12782,283,863,123,1h48_CDI_E_902,2,diffdock,0.33307528,0.021249054,15.674828,0,0,30.303132
12783,283,2753,393,1uux_PPI_A_1165,2,diffdock,0.22813745,0.021013244,10.85684,0,2.5483994e-26,7.1761846
12784,283,969,138,1h8p_PC_B_1110,3,diffdock_l,0.22197236,0.020824379,10.659254,0,1.4331389e-09,9.8133554
12785,283,2165,309,1pr0_NOS_C_1247,2,diffdock,0.28187017,0.020662068,13.641913,0,0,25.936861
12786,283,6597,942,3vq5_MMJ_A_1007,3,diffdock_l,0.2508527,0.020630324,12.159415,0,0,17.830086
12787,283,12288,1755,5hxi_5HN_A_403,3,diffdock_l,0.23883913,0.020391299,11.712795,0,0.00069439088,17.839916
12788,283,4230,604,2gx5_PCG_C_514,2,diffdock,0.192554,0.020318619,9.4767256,0,0,28.584444
12789,283,10215,1459,4ws1_URF_A_301,2,diffdock,0.18050774,0.0203027,8.8908234,0,0,14.25504
12790,284,8844,1263,4jh6_FCN_A_202,3,diffdock_l,0.7573272,0.050540853,14.984455,0,0,12.042535
12791,284,2327,332,1rum_BEZ_H_1601,3,diffdock_l,0.21049999,0.040824191,5.1562552,0,0,28.001163
12792,284,14598,2085,6a1f_9OF_A_807,3,diffdock_l,0.75104971,0.037820376,19.858334,0,0.95551094,19.743055
12793,284,1977,282,1okm_SAB_A_555,3,diffdock_l,0.76304503,0.035216056,21.66753,0,0.87161497,19.002597
12794,284,1948,278,1o68_KIV_D_275,2,diffdock,0.33632504,0.026835481,12.532848,0,0,29.063402
12795,284,8934,1276,4k90_MLA_A_704,2,diffdock,0.25618706,0.026817943,9.5528221,0,0,20.892928
12796,284,2326,332,1rum_BEZ_H_1601,2,diffdock,0.20374705,0.026736822,7.6204653,0,0,30.149476
12797,284,13057,1865,5mxh_GAL_A_401,2,diffdock,0.28918861,0.026249929,11.016738,0,0.97946026,15.966018
12798,284,13064,1866,5mxh_GAL_A_402,2,diffdock,0.28828,0.026167453,11.016738,0,1.8215162e-54,14.903634
12799,284,6582,940,3vq4_0NX_A_304,2,diffdock,0.22271832,0.025487891,8.7382002,0,3.9631667e-19,17.650879
12800,284,17566,2509,6y4f_GLU_A_202,3,diffdock_l,0.20584973,0.024697037,8.3349962,0,0.0012925182,7.4044881
12801,284,5631,804,2xul_AKG_C_201,3,diffdock_l,0.20788767,0.023858599,8.7133217,0,5.8493962e-37,18.201142
12802,284,16852,2407,6rbo_JXQ_A_302,3,diffdock_l,0.21521358,0.023827027,9.0323296,0,5.2019588e-07,16.110357
12803,284,5645,806,2xul_AKG_F_201,3,diffdock_l,0.20883009,0.023788594,8.7785797,0,5.5003894e-88,18.592462
12804,284,5638,805,2xul_AKG_E_201,3,diffdock_l,0.20945941,0.022816365,9.1802263,0,1.0144204e-70,20.032408
12805,284,1955,279,1o68_KIV_E_275,2,diffdock,0.28384863,0.022648372,12.532848,0,0.74090119,30.830814
12806,284,15290,2184,6flu_DTK_A_406,2,diffdock,0.28151906,0.022401114,12.567189,0,4.6253608e-48,22.548269
12807,284,2719,388,1uay_ADN_B_1002,3,diffdock_l,0.36873835,0.022277204,16.552271,0,2.2281517e-62,75.559524
12808,284,2712,387,1uay_ADN_A_1001,3,diffdock_l,0.36629124,0.022140812,16.543711,0,0.97471557,23.44476
12809,284,1941,277,1o68_KIV_B_275,2,diffdock,0.27683376,0.022088653,12.532848,0,0,30.412005
12810,284,9340,1334,4n4j_HG1_A_605,2,diffdock,0.24431306,0.02186727,11.172544,0,0,23.028293
12811,284,10503,1500,4z1d_PEP_B_300,3,diffdock_l,0.26357732,0.021804359,12.088284,0,8.1248092e-27,30.749016
12812,284,12252,1750,5hpu_IPH_C_101,2,diffdock,0.22960285,0.021509524,10.674473,0,0,30.149476
12813,284,8444,1206,4hxk_1AJ_A_201,2,diffdock,0.17251726,0.021421576,8.0534334,0,0.00057031652,10.921018
12814,284,8790,1255,4j4b_0TF_A_904,5,autodock,0.21710513,0.021352365,10.167731,0,1.0595972e-08,12.789882
12815,284,16865,2409,6rbx_JYT_A_301,2,diffdock,0.25792031,0.021166152,12.185507,0,1.1970306e-08,19.478263
12816,284,15283,2183,6flu_DTK_A_405,2,diffdock,0.28354112,0.021068277,13.4582,0,0,21.730877
12817,284,17040,2434,6sjs_THH_B_901,2,diffdock,0.21720988,0.02103129,10.327938,0,0,25.2267
12818,285,3804,543,2d20_NPO_B_953,3,diffdock_l,0.22803321,0.035373158,6.4465032,0,7.9990753e-40,20.9843
12819,285,8003,1143,4e7v_CRS_G_101,2,diffdock,0.3378518,0.029548847,11.43367,0,2.4788838e-21,21.808279
12820,285,8024,1146,4e7v_CRS_O_101,2,diffdock,0.32962472,0.028829299,11.43367,0,3.1208324e-71,21.553962
12821,285,11125,1589,5cak_4Z9_A_802,2,diffdock,0.26482382,0.028039521,9.4446621,0,0.92669893,34.056342
12822,285,7989,1141,4e7v_CRS_3_101,2,diffdock,0.27921786,0.027001432,10.340853,0,1.7226927e-52,27.161989
12823,285,11126,1589,5cak_4Z9_A_802,3,diffdock_l,0.28571485,0.026479033,10.790229,0,0,33.660542
12824,285,8017,1145,4e7v_CRS_M_101,2,diffdock,0.29079249,0.025432995,11.43367,0,6.7243706e-23,20.002204
12825,285,8052,1150,4e7v_CRS_Y_101,2,diffdock,0.25684322,0.024837719,10.340853,0,0,22.587542
12826,285,14670,2095,6abm_9VR_A_505,5,autodock,0.26899314,0.024836753,10.830446,0,1.2422621e-09,24.0661
12827,285,1626,232,1lzz_IHG_B_1830,2,diffdock,0.21231918,0.024654252,8.6118679,0,0,28.149703
12828,285,11982,1711,5g21_YN4_A_1002,5,autodock,0.38358843,0.024152021,15.882249,0,0,16.132204
12829,285,2495,356,1tc2_7HP_A_800,3,diffdock_l,0.25658359,0.024105563,10.644164,0,3.4865962e-45,32.070224
12830,285,1956,279,1o68_KIV_E_275,3,diffdock_l,0.61981274,0.023779354,26.065161,0,0,26.898831
12831,285,5416,773,2w1a_TSA_D_1091,5,autodock,0.19265908,0.023563767,8.1760721,0,0.094539405,43.773838
12832,285,3271,467,1zk0_SS2_A_1260,2,diffdock,0.23608961,0.023345751,10.112743,0,0.031028663,12.272942
12833,285,1493,213,1kya_XYD_B_612,2,diffdock,0.27499233,0.023208856,11.848594,0,0,21.423118
12834,285,3470,495,2ai1_P1G_A_293,5,autodock,0.26278243,0.022819305,11.515794,0,0,78.578095
12835,285,2502,357,1tc2_7HP_B_810,3,diffdock_l,0.25624732,0.022812785,11.232618,0,0.99459332,54.183801
12836,285,1627,232,1lzz_IHG_B_1830,3,diffdock_l,0.22207249,0.022510697,9.8651972,0,4.4429464e-11,22.76617
12837,285,3075,439,1y2x_NAG_D_3144,2,diffdock,0.30883072,0.022225545,13.895304,0,9.0396132e-36,20.898316
12838,285,16068,2295,6m5m_NAG_A_202,3,diffdock_l,0.23183783,0.021779516,10.644764,0,0.00029139138,31.21125
12839,285,8031,1147,4e7v_CRS_Q_101,2,diffdock,0.24868746,0.021750447,11.43367,0,1.77322e-22,21.811206
12840,285,8010,1144,4e7v_CRS_I_101,2,diffdock,0.24750668,0.021647175,11.43367,0,4.490202e-22,21.550911
12841,285,12017,1716,5g4r_LF1_B_1739,5,autodock,0.32743353,0.021237089,15.418003,0,0,10.262187
12842,285,12556,1793,5j5i_6GM_A_302,5,autodock,0.43422018,0.021177699,20.503651,0,0,12.388035
12843,285,7355,1050,4buf_F36_A_2162,5,autodock,0.26782917,0.021153005,12.661518,0,0,63.303872
12844,285,12591,1798,5j5i_6GM_G_302,5,autodock,0.4328518,0.02111096,20.503651,0,0,17.659711
12845,285,7362,1051,4buf_F36_B_2162,5,autodock,0.26569473,0.020984428,12.661518,0,0,54.892962
12846,285,14922,2131,6cgn_DA_A_801,5,autodock,0.17025447,0.020967815,8.1197996,0,0.00014305438,8.7084943
12847,285,2809,401,1vje_MSE_A_401,2,diffdock,0.19190686,0.020794421,9.2287655,0,0,30.149476
12848,285,12584,1797,5j5i_6GM_F_303,5,autodock,0.42101028,0.020769351,20.270746,0,0,15.780873
12849,285,6964,994,3zcm_PX3_B_1216,6,smina,0.13695829,0.020758326,6.5977511,0,0,14.097918
12850,285,17223,2460,6tof_NQE_A_201,3,diffdock_l,0.21010618,0.020744586,10.128241,0,2.8512982e-33,28.791703
12851,285,7618,1088,4clr_FDB_D_1270,2,diffdock,0.2466343,0.02044077,12.065802,0,0,30.149476
12852,285,17762,2537,7jo3_VGS_A_302,3,diffdock_l,0.37561059,0.020155898,18.635267,0,0.97728643,17.424688
12853,285,13792,1970,5urz_BOG_B_201,2,diffdock,0.18382561,0.019969299,9.20541,0,0.053716807,16.78037
12854,285,12203,1743,5hc0_NPO_A_402,2,diffdock,0.19657544,0.019944343,9.8561993,0,1.245551e-22,19.796534
12855,285,1739,248,1msv_PUT_A_355,3,diffdock_l,0.30062248,0.019903569,15.103948,0,3.7614063e-28,40.632026
12856,285,7619,1088,4clr_FDB_D_1270,3,diffdock_l,0.2593819,0.019839011,13.074335,0,0,28.001163
12857,285,5395,770,2vzu_PNJ_B_1904,5,autodock,0.35667988,0.01981847,17.997345,0,0,21.08888
12858,285,752,107,1h18_PYR_A_1001,3,diffdock_l,0.2102125,0.01976797,10.633994,0,0,30.620234
12859,285,12024,1717,5g4r_LF1_C_1739,5,autodock,0.30373418,0.019699968,15.418003,0,0,13.745123
12860,285,7866,1123,4d96_5PA_D_501,5,autodock,0.3176973,0.019650599,16.167307,0,0,39.149509
12861,285,12010,1715,5g4r_LF1_A_1739,5,autodock,0.3015584,0.019558848,15.418003,0,0,12.462217
12862,285,7982,1140,4e7v_CRS_1_101,2,diffdock,0.20141423,0.019477525,10.340853,0,1.293524e-70,21.128393
12863,285,13207,1886,5o3f_9HT_A_501,5,autodock,0.3144177,0.019456679,16.159883,0,0,15.943887
12864,285,1808,258,1njr_XYL_A_285,2,diffdock,0.1906773,0.019446071,9.8054399,0,0,12.695973
12865,285,4224,603,2gnm_MAN_A_253,3,diffdock_l,0.33363615,0.01927692,17.307543,0,0,28.001163
12866,285,14773,2110,6ba2_7KM_A_809,3,diffdock_l,0.28137618,0.019248703,14.617929,0,0,28.001163
12867,285,7962,1137,4du7_DP6_B_401,3,diffdock_l,0.3231668,0.019224918,16.809786,0,2.5978831e-51,30.860766
12868,286,122,17,1anc_BEN_A_384,3,diffdock_l,0.18625557,0.027464165,6.7817659,0,1.1252651e-17,11.847922
12869,286,10152,1450,4wbd_CIT_A_602,2,diffdock,0.31348156,0.023515453,13.330873,0,1.8833166e-07,26.456229
12870,286,10673,1524,4zsy_RW2_A_502,5,autodock,0.49514865,0.023455959,21.109715,0,1.0114213e-05,155.08308
12871,286,12834,1833,5kjw_53C_B_800,3,diffdock_l,0.29853159,0.023332505,12.794664,0,5.593029e-84,24.074508
12872,286,121,17,1anc_BEN_A_384,2,diffdock,0.16916453,0.022858917,7.400373,0,1.2820703e-17,12.391682
12873,286,9558,1365,4ox5_DAL_A_307,3,diffdock_l,0.19144646,0.022288948,8.5892992,0,0,10.189521
12874,286,8395,1199,4hgg_SYN_B_502,2,diffdock,0.20848607,0.021587574,9.6576881,0,5.2113749e-05,23.427079
12875,286,10048,1435,4umd_CIT_A_1174,3,diffdock_l,0.23775589,0.021547289,11.034143,0,0,18.368627
12876,286,8388,1198,4hgg_SYN_A_502,2,diffdock,0.20676612,0.021409481,9.6576881,0,0,24.379163
12877,286,14283,2040,5y1g_AKB_A_401,3,diffdock_l,0.25471575,0.021376428,11.91573,0,0.74918719,49.380937
12878,286,16844,2406,6r7w_CIT_A_406,2,diffdock,0.18347453,0.021361979,8.5888348,0,0,20.177779
12879,286,11762,1680,5fe4_5WY_A_903,2,diffdock,0.21242574,0.021293803,9.9759407,0,1.1197069e-40,11.609053
12880,286,12827,1832,5kjw_53C_A_800,3,diffdock_l,0.26898179,0.021100791,12.747474,0,5.8197013e-53,23.211303
12881,286,11769,1681,5fe4_5WY_B_904,2,diffdock,0.21015673,0.021066355,9.9759407,0,4.9391282e-41,11.049822
12882,286,3370,481,1zwp_NIM_A_401,3,diffdock_l,0.21880529,0.020768286,10.535548,0,1.5143259e-05,11.940469
12883,286,4223,603,2gnm_MAN_A_253,2,diffdock,0.32789801,0.020534171,15.968407,0,0,30.149476
12884,286,11748,1678,5fe1_12Q_A_901,2,diffdock,0.26550313,0.020304878,13.075829,0,5.4647354e-41,11.838939
12885,286,2572,367,1tl2_NDG_A_239,3,diffdock_l,0.36932183,0.020180102,18.301285,0,5.4371501e-27,12.400476
12886,286,14528,2075,5z9b_HX3_B_303,3,diffdock_l,0.20679533,0.020136714,10.269566,0,0,16.054771
12887,286,1942,277,1o68_KIV_B_275,3,diffdock_l,0.32794668,0.019917707,16.46508,0,0,27.919796
12888,286,2579,368,1tl2_NDG_A_240,3,diffdock_l,0.26945794,0.019899464,13.540964,0,2.0553161e-45,34.642796
12889,286,9838,1405,4rje_PYR_A_402,3,diffdock_l,0.25539698,0.019875649,12.849742,0,0,27.231716
12890,286,2558,365,1tl2_NDG_A_237,3,diffdock_l,0.36472371,0.019522714,18.682016,0,2.6029751e-48,11.457484
12891,286,3789,541,2d0e_NQ_A_410,2,diffdock,0.20960663,0.019483212,10.758319,0,0.8660155,20.987319
12892,286,409,58,1ei6_PPF_D_412,3,diffdock_l,0.33608253,0.01939964,17.324162,0,2.1058182e-33,32.098088
12893,286,4167,595,2g21_L1B_A_885,2,diffdock,0.23559146,0.019193897,12.274289,0,2.9343021e-69,35.660503
12894,286,1024,146,1hsr_BHO_A_800,2,diffdock,0.20998696,0.019146962,10.967115,0,5.4384968e-30,15.288678
12895,286,17512,2501,6xim_XLS_A_397,5,autodock,0.24483838,0.018917101,12.9427,0,0.18248869,23.449204
12896,286,13932,1990,5vys_1YJ_A_301,2,diffdock,0.33579778,0.018912566,17.755272,0,4.2103097e-54,25.367284
12897,286,7975,1139,4dwv_PFB_B_378,2,diffdock,0.33296782,0.018869152,17.646145,0,0.7820781,28.070949
12898,286,2277,325,1qit_MAE_A_411,2,diffdock,0.16886533,0.018829576,8.9680891,0,0,18.549177
12899,286,9557,1365,4ox5_DAL_A_307,2,diffdock,0.18484432,0.018742822,9.8621387,0,0.00030666054,11.746002
12900,286,6487,926,3vbn_TYD_E_301,5,autodock,0.20716931,0.018716823,11.068614,0,0,11.283792
12901,286,2298,328,1r4s_MUA_A_800,2,diffdock,0.21764072,0.018633121,11.680314,0,0,30.149476
12902,286,7292,1041,4b98_PXG_C_470,5,autodock,0.3843301,0.018605224,20.657104,0,0,54.467639
12903,286,14201,2028,5xin_XLS_D_397,5,autodock,0.24018947,0.018530362,12.961941,0,0.14378575,14.799941
12904,286,13652,1950,5uap_82S_B_505,2,diffdock,0.21021996,0.018481386,11.374685,0,9.1080021e-57,25.635444
12905,286,14124,2017,5x5d_UMP_D_401,5,autodock,0.22989503,0.018271288,12.58231,0,0,6.6128037
12906,286,8083,1154,4ejh_0QA_A_502,5,autodock,0.3056722,0.018246126,16.752716,0,0,13.410943
12907,286,8339,1191,4hey_4MZ_A_303,2,diffdock,0.20571789,0.018244141,11.275832,0,0.32775383,13.8546
12908,286,7507,1072,4cjv_IV2_B_1215,3,diffdock_l,0.2600826,0.018231423,14.265621,0,1.1954892e-17,28.017384
12909,286,4258,608,2gzm_DGL_A_501,2,diffdock,0.30602721,0.018179772,16.833389,0,0,28.842752
12910,286,6036,862,3qfx_CP6_A_602,2,diffdock,0.2651682,0.018143793,14.614816,0,1.0863395e-32,23.67317
12911,286,9837,1405,4rje_PYR_A_402,2,diffdock,0.2339449,0.018142233,12.895043,0,1.856162e-54,31.412844
12912,286,3656,522,2c3d_COM_A_1525,2,diffdock,0.33166813,0.018131076,18.292797,0,0,28.798997
12913,286,8410,1201,4hon_AKG_A_401,3,diffdock_l,0.311034,0.018109396,17.175282,0,0,28.001163
12914,286,7887,1126,4dd8_BAT_A_1000,5,autodock,0.41703799,0.018078639,23.067995,0,0,17.067622
12915,286,5707,815,2y5a_3AP_A_1295,2,diffdock,0.17807127,0.018042361,9.8696203,0,0,14.531378
12916,286,11651,1664,5ewc_5SJ_A_801,3,diffdock_l,0.23294857,0.018001479,12.940523,0,0.97824319,7.9742756
12917,286,8417,1202,4hon_AKG_B_401,3,diffdock_l,0.30821063,0.017859496,17.257519,0,0,28.001163
12918,287,11650,1664,5ewc_5SJ_A_801,2,diffdock,0.63926269,0.042951441,14.883381,0,0.3229916,9.2214006
12919,287,15830,2261,6jz6_CKX_B_701,3,diffdock_l,0.31951206,0.032456619,9.8442793,0,0,15.025272
12920,287,3558,508,2bdg_PBZ_B_302,2,diffdock,0.2581639,0.025819189,9.9989147,0,3.0386345e-64,17.788013
12921,287,15592,2227,6hqr_3DM_A_502,3,diffdock_l,0.25136183,0.02492455,10.084908,0,0.080098317,19.539824
12922,287,2147,306,1poc_GEL_A_420,5,autodock,0.37429441,0.024889428,15.038288,0,0.00057284577,27.137129
12923,287,8921,1274,4k5u_GAL_C_301,3,diffdock_l,0.35103885,0.02425052,14.475517,0,0.85616416,28.871458
12924,287,4812,687,2pvy_ACP_A_802,3,diffdock_l,0.27262666,0.024031808,11.344408,0,1.1983089e-47,58.192513
12925,287,15984,2283,6l8a_BAL_C_504,3,diffdock_l,0.26167947,0.024018481,10.89492,0,4.4708952e-08,32.401667
12926,287,8409,1201,4hon_AKG_A_401,2,diffdock,0.30862021,0.022628209,13.638737,0,0,30.149476
12927,287,2992,427,1xdj_HCS_A_1049,3,diffdock_l,0.30316461,0.022449768,13.50413,0,2.4434536e-06,29.321488
12928,287,8416,1202,4hon_AKG_B_401,2,diffdock,0.30648498,0.022080606,13.880279,0,0,30.149476
12929,287,15991,2284,6l8a_BAL_D_507,3,diffdock_l,0.20976571,0.021736561,9.650362,0,5.2122788e-84,31.191344
12930,287,10307,1472,4xf0_CYS_A_502,3,diffdock_l,0.35785556,0.021671339,16.512848,0,0.65520136,11.64186
12931,287,13163,1880,5nuk_Z80_A_201,3,diffdock_l,0.20179567,0.021616336,9.335331,0,0.00026436506,15.051347
12932,287,2396,342,1sep_BIO_A_801,2,diffdock,0.1731831,0.021317605,8.1239462,0,0,16.650293
12933,287,15998,2285,6l8a_BAL_E_503,3,diffdock_l,0.19523565,0.020925108,9.3302088,0,0,28.175808
12934,287,11776,1682,5fh3_OXL_A_703,2,diffdock,0.17848927,0.020529997,8.6940708,0,0.99818799,21.510705
12935,287,16858,2408,6rbr_JXN_A_302,2,diffdock,0.17847264,0.020386005,8.7546635,0,0,16.663538
12936,287,13569,1938,5tzr_MLI_A_2403,3,diffdock_l,0.21609883,0.020153732,10.722521,0,3.4314125e-109,21.452112
12937,287,2112,301,1pke_2FD_B_447,5,autodock,0.20740946,0.020067815,10.335427,0,0.15351332,10.315293
12938,287,10713,1530,4zu3_4SD_B_302,3,diffdock_l,0.29707561,0.01995787,14.885135,0,0,25.925771
12939,287,3306,472,1zng_HE4_A_202,2,diffdock,0.17837644,0.019684075,9.0619659,0,0.0069309607,13.276244
12940,287,11100,1585,5c8w_PCG_A_302,5,autodock,0.26442794,0.01946384,13.585599,0,0,32.766654
12941,287,16607,2372,6q4k_HHW_A_302,3,diffdock_l,0.20157212,0.019261218,10.465179,0,2.8158697e-48,20.743323
12942,287,11433,1633,5dz2_212_B_404,2,diffdock,0.25638222,0.019247648,13.320184,0,0,18.470003
12943,287,4924,703,2qcx_PF1_B_300,3,diffdock_l,0.19692502,0.019199509,10.256773,0,0.034653466,23.092506
12944,287,2740,391,1um4_SH4_H_1001,3,diffdock_l,0.25382334,0.019109243,13.282751,0,0.64158438,21.641483
12945,287,12372,1767,5iav_MLI_A_302,3,diffdock_l,0.22999251,0.018994449,12.108405,0,1.1018941e-38,24.42478
12946,287,3456,493,2ahc_VNL_B_266,5,autodock,0.14214082,0.018990358,7.4848933,0,0,37.555502
12947,287,4917,702,2qcx_PF1_A_300,3,diffdock_l,0.19191249,0.018951362,10.126579,0,0.96105393,23.254183
12948,287,8928,1275,4k5u_GAL_D_301,3,diffdock_l,0.2619139,0.018925804,13.838984,0,1.8625322e-25,27.681324
12949,287,17153,2450,6t5p_VD8_D_302,3,diffdock_l,0.36167508,0.01892519,19.110775,0,3.3737383e-68,33.764802
12950,287,13323,1903,5osf_A9E_A_404,2,diffdock,0.17769654,0.018789315,9.4573174,0,4.3840906e-26,15.946589
12951,287,8914,1273,4k5u_GAL_B_301,3,diffdock_l,0.27014783,0.018768431,14.393735,0,2.3843511e-28,28.623604
12952,287,13345,1906,5r9o_54F_A_401,3,diffdock_l,0.26970987,0.018762593,14.374871,0,5.871555e-43,20.315335
12953,287,14416,2059,5ybp_AKG_A_302,3,diffdock_l,0.24376591,0.018545747,13.144032,0,4.2929832e-48,39.667867
12954,287,7731,1104,4cxr_2BG_A_502,3,diffdock_l,0.32935682,0.018319325,17.978653,0,2.1022996e-37,29.943795
12955,287,556,79,1g4s_TPS_A_2001,3,diffdock_l,0.25322703,0.018029244,14.045348,0,5.9896447e-64,23.835139
12956,287,955,136,1h8p_PC_A_1110,3,diffdock_l,0.21428235,0.018007731,11.899463,0,0.00040435989,8.2565086
12957,287,8269,1181,4gmu_OXL_A_705,2,diffdock,0.16587129,0.017920129,9.2561426,0,0.99558525,21.46453
12958,287,3187,455,1zei_CRS_C_56,2,diffdock,0.24164119,0.017856582,13.532331,0,3.0760446e-26,12.89686
12959,287,12812,1830,5kcp_PFB_B_379,2,diffdock,0.24558211,0.01781702,13.783567,0,5.898024e-27,27.858127
12960,287,7730,1104,4cxr_2BG_A_502,2,diffdock,0.2989113,0.017790646,16.801598,0,0.98641354,32.809868
12961,287,4819,688,2pvy_ACP_D_802,3,diffdock_l,0.20193121,0.017723336,11.39352,0,3.0943123e-32,40.296462
12962,287,3215,459,1zei_CRS_F_54,2,diffdock,0.23927983,0.017682085,13.532331,0,0,13.043315
12963,287,4016,573,2f7x_4EA_E_351,5,autodock,0.3265668,0.01752008,18.63957,0,0,10.958659
12964,287,16980,2425,6s4h_KUQ_A_901,5,autodock,0.49040221,0.017513636,28.001163,0,0.53144596,58.292407
12965,287,5834,833,2z48_NGA_B_2003,3,diffdock_l,0.30389411,0.017455862,17.409285,0,6.7314819e-50,24.030586
12966,287,1216,173,1j3i_WRA_B_709,5,autodock,0.21860305,0.017453313,12.525017,0,1.340248e-05,5.4097341
12967,287,10734,1533,4zu3_4SD_E_301,3,diffdock_l,0.30045314,0.017450306,17.217642,0,0,27.47378
12968,288,11777,1682,5fh3_OXL_A_703,3,diffdock_l,0.74279144,0.049283559,15.071789,0,0.99844572,55.137421
12969,288,8270,1181,4gmu_OXL_A_705,3,diffdock_l,0.73013279,0.047729338,15.297358,0,0.99508744,49.139932
12970,288,5045,720,2qs2_UBF_B_602,5,autodock,0.25697902,0.023760688,10.815301,0,0,13.241507
12971,288,14492,2070,5ylf_BGC_A_401,2,diffdock,0.16723645,0.022518206,7.4267211,0,5.108643e-26,15.031747
12972,288,2200,314,1pym_OXL_A_1001,2,diffdock,0.17800374,0.022368794,7.9576807,0,0,17.999337
12973,288,4916,702,2qcx_PF1_A_300,2,diffdock,0.61417741,0.021927075,28.01,0,2.3783811e-43,25.790197
12974,288,17677,2525,7a2h_QX2_A_401,2,diffdock,0.15013518,0.021246366,7.0663924,0,0.9927964,17.354941
12975,288,14493,2070,5ylf_BGC_A_401,3,diffdock_l,0.17951226,0.020789557,8.6347313,0,6.8664512e-50,13.911789
12976,288,1367,195,1kar_HSM_B_503,2,diffdock,0.17801956,0.01965758,9.0560255,0,6.9964238e-51,27.964841
12977,288,16928,2418,6rlt_MLI_A_508,2,diffdock,0.26995875,0.019573033,13.792381,0,4.881725e-49,24.748903
12978,288,16935,2419,6rlt_MLI_B_511,2,diffdock,0.26973902,0.019546568,13.799814,0,8.3133825e-19,23.405712
12979,288,10069,1438,4ur9_BK9_A_1717,3,diffdock_l,0.19923855,0.019237319,10.356876,0,1.2851589e-77,31.236641
12980,288,13953,1993,5w3k_9TY_B_401,2,diffdock,0.18997144,0.019088325,9.9522314,0,0,25.551322
12981,288,13583,1940,5u5g_7VD_B_302,3,diffdock_l,0.28309128,0.018740537,15.105824,0,8.8631859e-93,18.888414
12982,288,17593,2513,6ypv_AKG_A_302,2,diffdock,0.24976611,0.018681044,13.370028,0,0,14.278523
12983,288,1368,195,1kar_HSM_B_503,3,diffdock_l,0.18976327,0.018608117,10.197875,0,3.6396952e-06,35.971881
12984,288,16859,2408,6rbr_JXN_A_302,3,diffdock_l,0.21176373,0.018378567,11.522319,0,5.3598526e-09,14.044696
12985,288,4475,639,2jhp_GUN_A_1647,2,diffdock,0.16789464,0.018089481,9.2813396,0,0,23.004334
12986,288,3188,455,1zei_CRS_C_56,3,diffdock_l,0.28805392,0.017725311,16.250992,0,2.3886776e-21,13.058228
12987,288,3216,459,1zei_CRS_F_54,3,diffdock_l,0.28564883,0.017577314,16.250992,0,0.82999001,12.755505
12988,288,10076,1439,4ur9_BK9_B_1717,3,diffdock_l,0.1795096,0.017332405,10.356876,0,5.2175772e-09,28.757393
12989,288,3824,546,2dm5_ODI_A_312,2,diffdock,0.17974684,0.017284103,10.399546,0,0.18082589,13.952229
12990,288,5745,820,2ynf_WHU_A_1563,5,autodock,0.38275766,0.017117056,22.361183,0,0,44.433197
12991,288,11552,1650,5eo7_SFU_C_401,2,diffdock,0.30439908,0.017098403,17.802776,0,5.4370042e-73,22.236331
12992,288,15514,2216,6hmw_FUL_A_203,2,diffdock,0.24718335,0.016986605,14.551662,0,2.3301516e-63,21.729476
12993,288,3,0,19gs_BSP_B_210,3,diffdock_l,0.15396556,0.016974574,9.070363,0,8.0816479e-39,17.245006
12994,288,2739,391,1um4_SH4_H_1001,2,diffdock,0.44811405,0.016895579,26.52256,0,0,22.701989
12995,288,14163,2023,5xdt_MB3_A_404,2,diffdock,0.17096331,0.016803922,10.174011,0,3.5419574e-05,14.456643
12996,289,10335,1476,4xp3_DX4_A_401,3,diffdock_l,0.19591261,0.039224343,4.994668,0,0.064449749,14.619461
12997,289,15073,2153,6e8i_PTR_A_201,2,diffdock,0.18914568,0.029566096,6.3973832,0,0.99648039,12.480363
12998,289,1571,224,1lqp_FCN_B_4003,3,diffdock_l,0.16871818,0.028717942,5.8750086,0,0,39.652215
12999,289,9747,1392,4qpe_37E_A_901,3,diffdock_l,0.21981523,0.02561663,8.5809574,0,0.9785803,34.352118
13000,289,10440,1491,4ynu_LGC_A_602,3,diffdock_l,0.16901485,0.025025969,6.7535777,0,0,17.219774
13001,289,10545,1506,4zb2_FRU_A_404,3,diffdock_l,0.17925294,0.024785402,7.2321973,0,0,12.394538
13002,289,10706,1529,4zu3_4SD_B_301,3,diffdock_l,0.29195124,0.024477869,11.92715,0,0,25.84656
13003,289,10699,1528,4zu3_4SD_A_301,3,diffdock_l,0.28288422,0.024250231,11.665216,0,8.1994041e-42,30.376852
13004,289,1788,255,1ne4_RP1_A_401,3,diffdock_l,0.24556062,0.024151029,10.167707,0,7.7974673e-43,17.47942
13005,289,10439,1491,4ynu_LGC_A_602,2,diffdock,0.15891692,0.02403021,6.6132131,0,0,20.699971
13006,289,10594,1513,4zbc_GLC_A_408,3,diffdock_l,0.17467008,0.023652557,7.3848276,0,1.8253742e-40,18.189248
13007,289,10188,1455,4wqq_MAN_A_204,3,diffdock_l,0.1966654,0.023586501,8.338048,0,0,14.58442
13008,289,10209,1458,4wqq_MAN_D_204,3,diffdock_l,0.19614529,0.023524124,8.338048,0,3.2769062e-94,16.971975
13009,289,6869,981,3wur_O4B_A_202,2,diffdock,0.20356463,0.02288994,8.8931913,0,1.1044085e-30,17.090341
13010,289,6870,981,3wur_O4B_A_202,3,diffdock_l,0.22737939,0.022723194,10.006488,0,3.6237837e-27,36.08602
13011,289,1570,224,1lqp_FCN_B_4003,2,diffdock,0.15851304,0.022647864,6.9990273,0,0,14.080392
13012,289,10720,1531,4zu3_4SD_C_301,3,diffdock_l,0.25380081,0.022480251,11.289945,0,1.9351158e-37,30.820638
13013,289,6876,982,3wur_O4B_B_201,2,diffdock,0.20047978,0.022413264,8.9446926,0,0.71829145,18.434638
13014,289,9096,1299,4l91_X29_A_301,3,diffdock_l,0.24647531,0.022338805,11.033504,0,0.99491667,12.444728
13015,289,6877,982,3wur_O4B_B_201,3,diffdock_l,0.22471928,0.02230808,10.073447,0,4.2204472e-30,16.115985
13016,289,10573,1510,4zbc_FRU_A_410,3,diffdock_l,0.18433186,0.022254221,8.2830057,0,0,23.479529
13017,289,10566,1509,4zbc_FRU_A_409,3,diffdock_l,0.20146807,0.022223812,9.0654135,0,3.275336e-15,26.194927
13018,289,10727,1532,4zu3_4SD_D_301,3,diffdock_l,0.25835311,0.022147303,11.665216,0,5.8137665e-37,28.933115
13019,289,12287,1755,5hxi_5HN_A_403,2,diffdock,0.23465647,0.0221396,10.598948,0,0.0026249583,17.191456
13020,289,10230,1461,4wua_3UL_A_701,3,diffdock_l,0.19520763,0.022109948,8.828949,0,0,26.663387
13021,289,10334,1476,4xp3_DX4_A_401,2,diffdock,0.19033962,0.022076431,8.6218462,0,0.064884517,16.764393
13022,289,3307,472,1zng_HE4_A_202,3,diffdock_l,0.21113827,0.022034634,9.5821085,0,0.0039917494,10.906937
13023,289,15585,2226,6hpx_GKQ_A_205,3,diffdock_l,0.19761719,0.021988333,8.9873648,0,1.0056087e-12,11.227497
13024,289,13582,1940,5u5g_7VD_B_302,2,diffdock,0.28884495,0.021592965,13.376807,0,0,24.123523
13025,289,3701,528,2c6q_IMP_B_1339,5,autodock,0.36470478,0.021412825,17.03207,0,0,16.368214
13026,289,1564,223,1lqp_FCN_B_4001,3,diffdock_l,0.16867677,0.021223223,7.9477444,0,7.0317488e-33,11.767683
13027,289,10202,1457,4wqq_MAN_C_204,3,diffdock_l,0.18017934,0.021169815,8.5111427,0,0,12.086514
13028,289,10159,1451,4wca_CIT_A_401,2,diffdock,0.16439103,0.021143067,7.7751732,0,0,30.149476
13029,289,10195,1456,4wqq_MAN_B_204,3,diffdock_l,0.18123829,0.021005053,8.6283178,0,2.9001834e-56,13.438369
13030,289,6883,983,3wur_O4B_B_202,2,diffdock,0.18588283,0.020931914,8.8803539,0,0,16.980973
13031,289,10559,1508,4zb5_GLC_A_403,3,diffdock_l,0.19474775,0.020762953,9.3795776,0,0,18.593138
13032,289,6884,983,3wur_O4B_B_202,3,diffdock_l,0.20686577,0.020707674,9.9898109,0,2.3489227e-37,44.621505
13033,289,7878,1125,4dch_GLC_A_501,3,diffdock_l,0.20283747,0.020609229,9.8420687,0,0.9651267,18.34266
13034,289,2978,425,1x8x_TYR_A_952,3,diffdock_l,0.19801579,0.020600398,9.6122303,0,0.99779283,18.129504
13035,289,2705,386,1u6r_IOM_B_1601,3,diffdock_l,0.19664799,0.020598729,9.546607,0,0.99466489,23.498773
13036,289,6326,903,3tky_N7I_D_369,5,autodock,0.1252707,0.020327041,6.1627603,0,0,39.60131
13037,289,10580,1511,4zbc_FRU_B_408,3,diffdock_l,0.18425888,0.020089021,9.1721172,0,1.2044777e-14,24.545138
13038,289,3076,439,1y2x_NAG_D_3144,3,diffdock_l,0.35087358,0.020078744,17.474874,0,2.6117491e-70,17.948772
13039,289,9970,1424,4ubp_HAE_C_800,2,diffdock,0.23570098,0.020063871,11.747532,0,0,30.149476
13040,289,2726,389,1ubs_SER_B_398,3,diffdock_l,0.30020847,0.019846225,15.126728,0,0,36.490811
13041,289,10552,1507,4zb2_GLC_A_403,3,diffdock_l,0.18586987,0.019816442,9.3795776,0,0,17.472675
13042,289,1563,223,1lqp_FCN_B_4001,2,diffdock,0.1584962,0.019741502,8.0285778,0,0,11.783244
13043,289,11735,1676,5fay_CHT_B_906,3,diffdock_l,0.24683807,0.019618415,12.581957,0,0.98667732,35.028972
13044,289,15746,2249,6jq8_CIT_A_302,3,diffdock_l,0.19526305,0.019573569,9.975852,0,0,22.431543
13045,289,1398,199,1kdo_C_B_6407,5,autodock,0.29622252,0.01955886,15.145183,0,0,25.007406
13046,290,9095,1299,4l91_X29_A_301,2,diffdock,0.6400932,0.048843738,13.104918,0,0.99460994,22.10055
13047,290,2977,425,1x8x_TYR_A_952,2,diffdock,0.63726531,0.047363865,13.454672,0,0.99741367,18.097696
13048,290,7877,1125,4dch_GLC_A_501,2,diffdock,0.60866714,0.04301648,14.149626,0,0.98919867,22.402202
13049,290,2704,386,1u6r_IOM_B_1601,2,diffdock,0.63444639,0.03099703,20.467972,0,0.99224389,25.023797
13050,290,11734,1676,5fay_CHT_B_906,2,diffdock,0.6354362,0.029272006,21.707981,0,0.99365414,36.534542
13051,290,9746,1392,4qpe_37E_A_901,2,diffdock,0.63356798,0.025785819,24.570402,0,0,35.26984
13052,290,13200,1885,5o3d_9J5_A_501,5,autodock,0.24269189,0.022976008,10.562839,0,0,24.395588
13053,290,7955,1136,4du7_DP6_A_401,3,diffdock_l,0.29422445,0.02147119,13.703219,0,2.9551836e-51,47.246623
13054,290,17033,2433,6sj8_44V_B_901,2,diffdock,0.19848813,0.021130013,9.3936577,0,0.039928311,25.805176
13055,290,14719,2102,6axu_BTM_A_401,5,autodock,0.15472488,0.021079252,7.3401494,0,0,15.49647
13056,290,6197,885,3se2_3AB_C_4,2,diffdock,0.22887806,0.020848962,10.977911,0,5.0340169e-45,21.780455
13057,290,6204,886,3se2_3AB_D_3,2,diffdock,0.22481424,0.020829598,10.793017,0,9.2137255e-44,22.425374
13058,290,2936,419,1wq4_TYR_A_501,3,diffdock_l,0.2372536,0.020737715,11.440681,0,0.99658159,18.537147
13059,290,7961,1137,4du7_DP6_B_401,2,diffdock,0.30445285,0.020497252,14.853349,0,2.4958366e-51,30.068543
13060,290,17026,2432,6sj8_44V_A_901,2,diffdock,0.17417335,0.019745219,8.8210382,0,0,24.827856
13061,290,13926,1989,5vyr_GMP_B_303,3,diffdock_l,0.20325533,0.019532788,10.405852,0,4.7331253e-25,17.075651
13062,290,12358,1765,5i8z_JA1_A_302,3,diffdock_l,0.25649042,0.019146793,13.395998,0,0.16883444,19.762582
13063,290,213,30,1ca7_ENO_C_701,3,diffdock_l,0.34638668,0.019120436,18.116043,0,0,17.875853
13064,290,17034,2433,6sj8_44V_B_901,3,diffdock_l,0.21784096,0.019110799,11.39884,0,1.0731621e-29,23.489776
13065,290,11469,1638,5e4r_40E_A_504,3,diffdock_l,0.20321155,0.018985288,10.703631,0,0,17.794173
13066,290,17370,2481,6v1e_5SW_A_301,3,diffdock_l,0.25454333,0.018807133,13.534403,0,0.77044262,39.095705
13067,290,12323,1760,5i5s_NVU_A_402,3,diffdock_l,0.24218291,0.018248687,13.27125,0,1.7943861e-39,29.530827
13068,290,7954,1136,4du7_DP6_A_401,2,diffdock,0.26695148,0.018078183,14.766499,0,0.99220514,32.043858
13069,290,9147,1306,4lvb_20N_B_601,5,autodock,0.14384949,0.017900586,8.0360203,0,0,5.8470664
13070,290,14171,2024,5xdt_ZI7_A_403,3,diffdock_l,0.23768183,0.017853355,13.313005,0,0.0060642159,30.354745
13071,290,12204,1743,5hc0_NPO_A_402,3,diffdock_l,0.21953081,0.017832593,12.310649,0,1.2182693e-22,18.197731
13072,290,17027,2432,6sj8_44V_A_901,3,diffdock_l,0.19067764,0.017772044,10.729076,0,1.7808418e-32,20.547996
13073,290,4454,636,2j5b_TYE_B_1338,2,diffdock,0.22013861,0.017749143,12.402773,0,0,25.451959
13074,290,17062,2437,6sxr_KHP_A_507,3,diffdock_l,0.27749132,0.017739204,15.642827,0,0.00021968968,33.621389
13075,290,15983,2283,6l8a_BAL_C_504,2,diffdock,0.2586281,0.017530062,14.753404,0,1.4916241e-51,42.248615
13076,290,5512,787,2wzh_NGO_A_1589,3,diffdock_l,0.3222729,0.01738411,18.538359,0,0.99007224,42.17307
13077,290,12022,1717,5g4r_LF1_C_1739,3,diffdock_l,0.24541908,0.017265255,14.214622,0,2.5958927e-47,24.004485
13078,290,10629,1518,4zjz_BEZ_B_601,3,diffdock_l,0.25809222,0.017196164,15.008708,0,0.99745639,35.881957
13079,290,10622,1517,4zjz_BEZ_A_1001,3,diffdock_l,0.25762636,0.017165125,15.008708,0,6.1296659e-54,15.494345
13080,290,13912,1987,5vyr_B62_B_301,3,diffdock_l,0.25604565,0.017111106,14.96371,0,0.99176251,19.571628
13081,290,2935,419,1wq4_TYR_A_501,2,diffdock,0.21516675,0.017106263,12.578243,0,0.99551739,18.520846
13082,290,13128,1875,5nj0_8YW_A_301,3,diffdock_l,0.25579866,0.017042855,15.009143,0,0.59537336,17.096215
13083,290,2362,337,1s3u_TQD_A_187,3,diffdock_l,0.22216127,0.017025182,13.04898,0,0.97781058,21.945693
13084,290,15829,2261,6jz6_CKX_B_701,2,diffdock,0.31161526,0.017007823,18.321877,0,0,35.555391
13085,290,8634,1233,4i6y_MEV_B_1001,3,diffdock_l,0.30932409,0.016991964,18.204138,0,0,12.248776
13086,290,6205,886,3se2_3AB_D_3,3,diffdock_l,0.25322234,0.016929593,14.957378,0,8.9583922e-44,19.964119
13087,290,13954,1993,5w3k_9TY_B_401,3,diffdock_l,0.22526268,0.016883648,13.342061,0,0.0011188951,36.987473
13088,290,6198,885,3se2_3AB_C_4,3,diffdock_l,0.25756852,0.016879209,15.259513,0,0,18.620014
13089,290,10712,1530,4zu3_4SD_B_302,2,diffdock,0.29364389,0.016628105,17.659491,0,1.5880787e-22,33.820412
13090,290,1690,241,1ml4_PAL_A_385,3,diffdock_l,0.30753191,0.016624474,18.498743,0,0.99749001,19.008865
13091,290,10363,1480,4xti_IMP_B_601,3,diffdock_l,0.23782788,0.016575689,14.347993,0,0,33.159531
13092,290,10356,1479,4xti_IMP_A_601,3,diffdock_l,0.23779418,0.01657334,14.347993,0,0,36.278705
13093,290,6330,904,3tye_XHP_B_901,2,diffdock,0.25594107,0.016484447,15.526214,0,0,23.655537
13094,290,17369,2481,6v1e_5SW_A_301,2,diffdock,0.22622599,0.016351016,13.835591,0,0.70845086,12.39672
13095,290,16301,2328,6nhd_KNV_A_803,5,autodock,0.1398258,0.016346355,8.5539427,0,0,6.4013866
13096,291,13911,1987,5vyr_B62_B_301,2,diffdock,0.65403148,0.029100512,22.474911,0,0.98958523,19.428001
13097,291,10628,1518,4zjz_BEZ_B_601,2,diffdock,0.65757706,0.028177004,23.337364,0,8.0478212e-54,28.083887
13098,291,9949,1421,4u7g_K17_B_303,2,diffdock,0.15141441,0.028113016,5.3859177,0,0,21.079833
13099,291,1689,241,1ml4_PAL_A_385,2,diffdock,0.67613806,0.028011508,24.137865,0,0.99750619,22.110764
13100,291,5407,772,2w1a_TSA_C_1091,3,diffdock_l,0.26823923,0.023922819,11.212692,0,2.7506729e-64,51.823301
13101,291,5511,787,2wzh_NGO_A_1589,2,diffdock,0.67645451,0.0238768,28.331036,0,0,25.877764
13102,291,2361,337,1s3u_TQD_A_187,2,diffdock,0.63867209,0.022543195,28.331036,0,0.65817521,22.94997
13103,291,14605,2086,6a1l_BEZ_A_403,3,diffdock_l,0.26404738,0.022438667,11.767515,0,0.40251946,17.089994
13104,291,360,51,1e2s_CSN_P_701,3,diffdock_l,0.19589151,0.022361381,8.7602587,0,0,24.587071
13105,291,10384,1483,4xz9_G3P_B_302,3,diffdock_l,0.22884777,0.021606973,10.591384,0,0,21.684512
13106,291,12491,1784,5irw_D9P_B_202,3,diffdock_l,0.32590613,0.021009903,15.512024,0,1.6555239e-36,26.819175
13107,291,14871,2124,6c1i_KNA_A_502,3,diffdock_l,0.18029997,0.020766282,8.6823416,0,6.0154059e-06,18.184798
13108,291,10383,1483,4xz9_G3P_B_302,2,diffdock,0.21236055,0.020244304,10.48989,0,0.19497991,25.972093
13109,291,10391,1484,4xz9_G3P_C_302,3,diffdock_l,0.21410762,0.020017854,10.695832,0,0,22.018582
13110,291,5406,772,2w1a_TSA_C_1091,2,diffdock,0.24724105,0.019663869,12.573366,0,0,38.921897
13111,291,13590,1941,5u5g_7VD_C_302,3,diffdock_l,0.24530593,0.01958754,12.523569,0,7.7936859e-94,19.665063
13112,291,12000,1714,5g44_YTZ_A_1512,2,diffdock,0.20434848,0.019446611,10.508179,0,0,18.853303
13113,291,14870,2124,6c1i_KNA_A_502,2,diffdock,0.17244775,0.019371844,8.9019785,0,1.8986984e-66,20.658385
13114,291,5414,773,2w1a_TSA_D_1091,3,diffdock_l,0.2084076,0.018869699,11.044563,0,0,36.420755
13115,291,10390,1484,4xz9_G3P_C_302,2,diffdock,0.19913321,0.018821401,10.580147,0,7.3196906e-99,22.419184
13116,291,1263,180,1jhv_NIO_A_991,3,diffdock_l,0.24478745,0.018692291,13.095635,0,2.8135394e-10,14.43586
13117,291,12903,1843,5la1_XYP_A_601,2,diffdock,0.25549599,0.018681677,13.676287,0,0,19.665636
13118,291,11896,1699,5fuv_THM_B_1385,3,diffdock_l,0.2510151,0.018272219,13.737526,0,0,18.112996
13119,291,164,23,1axg_ETF_D_404,3,diffdock_l,0.31002035,0.018219849,17.015526,0,9.5529492e-29,26.119708
13120,291,6016,859,3mk1_NPO_A_911,3,diffdock_l,0.20386426,0.018214256,11.192565,0,2.5566533e-12,20.197765
13121,291,437,62,1eyw_TEN_A_403,3,diffdock_l,0.23163575,0.018199361,12.727685,0,0,28.001163
13122,291,11895,1699,5fuv_THM_B_1385,2,diffdock,0.23485775,0.018137378,12.948825,0,0,18.145719
13123,291,1262,180,1jhv_NIO_A_991,2,diffdock,0.22845654,0.018020423,12.677645,0,2.4582241e-10,16.196645
13124,291,13785,1969,5uo5_M4R_B_803,2,diffdock,0.29181202,0.017885513,16.31555,0,0,46.089418
13125,291,6030,861,3mk1_NPO_A_913,3,diffdock_l,0.20750057,0.017766405,11.679378,0,4.6934604e-38,20.275375
13126,291,2033,290,1p1w_AMQ_A_428,3,diffdock_l,0.25038798,0.017701721,14.144837,0,0.99850962,33.219958
13127,291,12490,1784,5irw_D9P_B_202,2,diffdock,0.29221467,0.017633906,16.57118,0,1.4521433e-36,27.130913
13128,291,12330,1761,5i5t_67X_A_402,3,diffdock_l,0.2733839,0.017364711,15.743648,0,3.7401857e-39,30.593837
13129,291,3173,453,1zdq_MSM_A_1507,2,diffdock,0.23993221,0.017288013,13.87853,0,6.4355435e-29,22.008809
13130,291,12085,1726,5gto_MYR_A_502,3,diffdock_l,0.17894384,0.017178889,10.416495,0,1.0053646e-10,17.810649
13131,291,13786,1969,5uo5_M4R_B_803,3,diffdock_l,0.32601792,0.01711205,19.051949,0,0,47.965119
13132,291,6015,859,3mk1_NPO_A_911,2,diffdock,0.19077491,0.017060142,11.182491,0,0,19.349096
13133,291,7240,1034,4al9_GLA_G_1123,2,diffdock,0.24417955,0.017029956,14.338237,0,2.4735563e-96,17.7847
13134,291,7219,1031,4al9_GLA_C_1123,2,diffdock,0.24311477,0.016955694,14.338237,0,3.0077774e-103,20.969794
13135,291,2040,291,1p1w_AMQ_B_427,3,diffdock_l,0.24649688,0.016928858,14.56075,0,7.6282298e-17,23.761011
13136,291,4251,607,2gyw_OBI_A_952,2,diffdock,0.23009273,0.01690003,13.614929,0,0.97285757,39.940116
13137,291,3993,570,2f78_BEZ_A_1003,3,diffdock_l,0.23517131,0.016825087,13.977419,0,7.7881272e-30,28.035874
13138,291,12337,1762,5i5t_67X_B_402,3,diffdock_l,0.26413911,0.016774828,15.746159,0,0.052311846,13.433591
13139,291,6631,947,3w4i_8LG_A_402,2,diffdock,0.17689593,0.016754404,10.558174,0,2.0484987e-65,29.717031
13140,291,13767,1966,5uo3_8EY_A_803,5,autodock,0.14117465,0.016685329,8.4610043,0,5.7524708e-07,5.7053853
13141,291,6596,942,3vq5_MMJ_A_1007,2,diffdock,0.26635516,0.01666583,15.982111,0,3.2905167e-18,17.787644
13142,291,6029,861,3mk1_NPO_A_913,2,diffdock,0.19322257,0.016664373,11.594949,0,0,19.943581
13143,291,3083,440,1y42_TYR_X_701,3,diffdock_l,0.22664315,0.0166606,13.603539,0,0.99182163,19.148106
13144,291,8801,1257,4j5h_1K4_A_303,2,diffdock,0.23277144,0.016645254,13.984252,0,0,19.953347
13145,291,10538,1505,4za7_4LV_A_606,3,diffdock_l,0.26089258,0.016555333,15.758823,0,0,23.621263
13146,292,4252,607,2gyw_OBI_A_952,3,diffdock_l,0.76030347,0.029164561,26.069427,0,0.59839778,28.902019
13147,292,13324,1903,5osf_A9E_A_404,3,diffdock_l,0.21596856,0.02601736,8.3009396,0,1.3397703e-15,42.974124
13148,292,2194,313,1pwz_RSO_A_256,3,diffdock_l,0.28169605,0.024943221,11.29349,0,6.626834e-39,17.81627
13149,292,13989,1998,5w8q_BU4_B_400,3,diffdock_l,0.23214017,0.02403179,9.6597109,0,1.8626866e-45,19.369174
13150,292,1242,177,1j54_TMP_A_2000,3,diffdock_l,0.25394134,0.024022636,10.570918,0,2.1626724e-05,15.850349
13151,292,2032,290,1p1w_AMQ_A_428,2,diffdock,0.65668202,0.023583307,27.845203,0,1.0634442e-37,33.085788
13152,292,3082,440,1y42_TYR_X_701,2,diffdock,0.64809701,0.022801722,28.423159,0,0.9901192,23.084336
13153,292,6128,875,3ro7_TDR_A_300,3,diffdock_l,0.16300781,0.022680334,7.1871862,0,0.99524632,15.367408
13154,292,14590,2084,5zpt_HY1_B_703,2,diffdock,0.24344919,0.020070452,12.12973,0,0,30.149476
13155,292,15591,2227,6hqr_3DM_A_502,2,diffdock,0.25999141,0.02006127,12.959867,0,0,22.502258
13156,292,6610,944,3vqe_FMQ_A_1006,2,diffdock,0.25944885,0.019988732,12.979754,0,4.1852536e-23,18.288752
13157,292,367,52,1e48_13P_P_302,3,diffdock_l,0.23549311,0.019742166,11.928432,0,0.0027905706,11.511754
13158,292,7262,1037,4b1f_DGL_A_1257,3,diffdock_l,0.2740572,0.019455965,14.086023,0,1.8609054e-13,24.949557
13159,292,7157,1022,4ajj_88R_B_1333,3,diffdock_l,0.32585893,0.019291624,16.891211,0,1.0434504e-66,43.949352
13160,292,14640,2091,6a2m_UMP_B_703,3,diffdock_l,0.25537848,0.018805222,13.580189,0,0.98696811,16.438581
13161,292,1200,171,1j3i_UMP_D_711,3,diffdock_l,0.25534341,0.018771729,13.602551,0,1.28751e-60,37.361173
13162,292,14654,2093,6a2n_UMP_B_703,3,diffdock_l,0.25518552,0.018627578,13.699339,0,0.99484834,30.375179
13163,292,1221,174,1j3k_UMP_D_711,3,diffdock_l,0.25637258,0.018497371,13.859946,0,2.2434686e-39,39.718661
13164,292,6127,875,3ro7_TDR_A_300,2,diffdock,0.16573364,0.018491581,8.9626532,0,0,13.649706
13165,292,1522,217,1l5o_2MP_A_990,3,diffdock_l,0.20592364,0.018433097,11.171407,0,1.0583874e-18,13.486533
13166,292,14633,2090,6a2m_UMP_A_703,3,diffdock_l,0.25704005,0.018401305,13.968576,0,0.98444177,36.820428
13167,292,11454,1636,5e4o_L57_A_201,2,diffdock,0.19870523,0.018352858,10.826936,0,0,15.448115
13168,292,10778,1539,4zvz_4TF_C_503,5,autodock,0.15614182,0.018331717,8.5175762,0,0.064926983,10.284557
13169,292,12371,1767,5iav_MLI_A_302,2,diffdock,0.24843138,0.018284598,13.58692,0,0.0056619726,17.954456
13170,292,9159,1308,4lz3_BTM_A_409,3,diffdock_l,0.2591859,0.018278289,14.179986,0,0.0057627528,23.417993
13171,292,7773,1110,4d06_X8W_D_303,3,diffdock_l,0.19759361,0.018242028,10.831778,0,9.4194364e-28,42.226928
13172,292,11566,1652,5eo7_SFU_C_403,2,diffdock,0.25657369,0.017957894,14.287515,0,0,21.010554
13173,292,254,36,1d6u_HY1_A_2001,2,diffdock,0.24746055,0.017881898,13.838605,0,0,30.149476
13174,293,14639,2091,6a2m_UMP_B_703,2,diffdock,0.63546632,0.031175115,20.383766,0,0,42.632177
13175,293,14632,2090,6a2m_UMP_A_703,2,diffdock,0.63425836,0.030685447,20.669678,0,0,40.566766
13176,293,14653,2093,6a2n_UMP_B_703,2,diffdock,0.64001491,0.02987038,21.426405,0,0,42.627373
13177,293,1521,217,1l5o_2MP_A_990,2,diffdock,0.20874302,0.022358646,9.3361197,0,4.2788329e-30,13.461865
13178,293,10006,1429,4ud9_FQI_H_1257,3,diffdock_l,0.29259639,0.020885255,14.00971,0,0,28.001163
13179,293,8277,1182,4gnp_PEP_A_703,3,diffdock_l,0.25700844,0.02075735,12.381562,0,0.23964996,24.876024
13180,293,10264,1466,4x2f_3WJ_A_601,2,diffdock,0.24546571,0.020255173,12.118667,0,0.9979345,20.626354
13181,293,51,7,1aej_NVI_A_296,2,diffdock,0.19943447,0.020022456,9.9605389,0,2.304898e-32,13.011947
13182,293,15825,2260,6jz4_EVA_B_701,5,autodock,0.19639244,0.019842682,9.8974733,0,0.16164414,18.216157
13183,293,388,55,1e8g_FCR_B_601,3,diffdock_l,0.2096224,0.019692268,10.644908,0,3.4428876e-52,31.033032
13184,293,10265,1466,4x2f_3WJ_A_601,3,diffdock_l,0.26926761,0.019489191,13.816253,0,0.99768804,18.892268
13185,293,450,64,1fhv_OSB_A_789,2,diffdock,0.25215686,0.019321747,13.050416,0,0,20.081173
13186,293,11860,1694,5fp9_4SV_A_1342,2,diffdock,0.20731298,0.019185156,10.805904,0,0,30.149476
13187,293,387,55,1e8g_FCR_B_601,2,diffdock,0.19276186,0.018446244,10.449924,0,0.066889575,33.863671
13188,293,1787,255,1ne4_RP1_A_401,2,diffdock,0.26840082,0.018384635,14.599192,0,0,21.552376
13189,293,14845,2120,6bxk_MTA_B_401,5,autodock,0.15384871,0.018260466,8.4252338,0,6.6445294e-05,8.2793609
13190,293,10292,1470,4x36_CHT_A_412,2,diffdock,0.14565872,0.018250012,7.9812937,0,0,11.160509
13191,293,14843,2120,6bxk_MTA_B_401,3,diffdock_l,0.21020266,0.018179307,11.562742,0,2.2194396e-35,11.01391
13192,293,13127,1875,5nj0_8YW_A_301,2,diffdock,0.41324682,0.018111322,22.817041,0,0.98592544,17.322931
13193,293,11567,1652,5eo7_SFU_C_403,3,diffdock_l,0.30314151,0.018045992,16.798271,0,1.064698e-64,19.872332
13194,293,15584,2226,6hpx_GKQ_A_205,2,diffdock,0.20490111,0.017912326,11.439112,0,0,16.309546
13195,293,6095,870,3qwi_CUE_B_272,5,autodock,0.14456369,0.017739477,8.1492634,0,0,24.911379
13196,293,14520,2074,5z54_0HZ_D_303,2,diffdock,0.23529532,0.017687736,13.302737,0,1.9331935e-60,31.82376
13197,293,14810,2115,6bqx_9AG_A_201,5,autodock,0.16536285,0.01743324,9.4854908,0,0.0019815198,5.4782171
13198,293,6786,969,3wlf_FEH_A_401,3,diffdock_l,0.27262332,0.017328532,15.732625,0,7.211778e-54,30.903979
13199,293,1270,181,1jhv_PCR_A_990,3,diffdock_l,0.20748192,0.01726371,12.018385,0,3.4426449e-19,12.78791
13200,293,549,78,1fwn_PEP_B_2268,3,diffdock_l,0.26085212,0.017228994,15.140298,0,2.3937641e-27,36.969344
13201,293,10187,1455,4wqq_MAN_A_204,2,diffdock,0.20438224,0.017193772,11.886992,0,2.0180462e-94,14.448515
13202,293,6760,965,3wgc_PLG_B_401,5,autodock,0.23105259,0.01712953,13.488553,0,5.4200236e-09,10.882431
13203,293,17582,2511,6yaw_P9H_A_301,5,autodock,0.32980267,0.017088401,19.299795,0,0.11649187,23.526727
13204,293,5708,815,2y5a_3AP_A_1295,3,diffdock_l,0.18105199,0.017025875,10.63393,0,6.4481812e-30,16.85717
13205,293,8956,1279,4kqk_PCR_A_403,3,diffdock_l,0.26929291,0.01700169,15.839184,0,0.97751591,19.038932
13206,293,10208,1458,4wqq_MAN_D_204,2,diffdock,0.2009985,0.016909113,11.886992,0,4.0311773e-94,16.092119
13207,293,6450,921,3v1s_0LH_B_401,3,diffdock_l,0.20757986,0.016838383,12.327778,0,8.8031993e-68,21.443906
13208,293,8963,1280,4kqk_PCR_B_703,3,diffdock_l,0.26932221,0.016746744,16.082062,0,0.96835646,20.829511
13209,293,4700,671,2okk_ABU_A_585,3,diffdock_l,0.16914228,0.016735002,10.107096,0,0,28.001163
13210,293,10502,1500,4z1d_PEP_B_300,2,diffdock,0.25080397,0.01667383,15.041772,0,0.99505691,24.148506
13211,293,6009,858,2zyv_NPO_X_1601,3,diffdock_l,0.17807491,0.016604978,10.724187,0,0,15.188904
13212,293,408,58,1ei6_PPF_D_412,2,diffdock,0.32129127,0.016589273,19.367409,0,0.85534774,32.849465
13213,293,17769,2538,7joc_ARZ_A_302,3,diffdock_l,0.26625571,0.016588178,16.05093,0,0,21.638374
13214,293,9607,1372,4p8c_2J3_A_504,3,diffdock_l,0.19070464,0.016537095,11.53193,0,5.1868057e-64,29.693745
13215,293,16823,2403,6r6i_H50_B_201,2,diffdock,0.18464168,0.016526827,11.172239,0,2.6630008e-26,18.448902
13216,293,17659,2522,6zjw_GAL_A_1101,5,autodock,0.17955032,0.01636951,10.968581,0,0.074045983,25.886647
13217,293,4741,677,2pin_LEG_A_501,2,diffdock,0.18790003,0.016322364,11.511814,0,0,24.585545
13218,293,5619,802,2xta_TPP_D_2001,5,autodock,0.42663305,0.016289702,26.190351,0,0.34275179,20.164802
13219,293,11007,1572,5b4o_6DQ_B_201,3,diffdock_l,0.25559558,0.016272341,15.707363,0,1.5447466e-31,27.615406
13220,293,4699,671,2okk_ABU_A_585,2,diffdock,0.16108651,0.016197944,9.9448729,0,0,30.149476
13221,293,10901,1557,5abz_Z47_A_201,2,diffdock,0.23158005,0.016195833,14.298741,0,0,19.068003
13222,293,13487,1926,5tdt_MBN_A_502,5,autodock,0.19572561,0.016091006,12.163664,0,0.12000425,44.260319
13223,293,10902,1557,5abz_Z47_A_201,3,diffdock_l,0.26832606,0.01603282,16.736048,0,5.1456571e-61,15.048311
13224,294,8955,1279,4kqk_PCR_A_403,2,diffdock,0.63305262,0.023189935,27.298592,0,0.98929146,20.396518
13225,294,8962,1280,4kqk_PCR_B_703,2,diffdock,0.62773153,0.02294906,27.353254,0,4.3017819e-59,21.668573
13226,294,11035,1576,5bk9_SIN_A_301,3,diffdock_l,0.27090793,0.021685806,12.492407,0,3.5446739e-09,19.282747
13227,294,2565,366,1tl2_NDG_A_238,3,diffdock_l,0.25426835,0.020329113,12.507596,0,9.0505718e-37,12.96245
13228,294,2586,369,1tl2_NDG_A_241,3,diffdock_l,0.25358317,0.02029937,12.492168,0,0,12.142516
13229,294,17222,2460,6tof_NQE_A_201,2,diffdock,0.20352861,0.019812582,10.272694,0,4.0419044e-33,9.3607368
13230,294,1297,185,1jtk_THU_B_1138,2,diffdock,0.33084751,0.019659492,16.828892,0,1.0118441e-26,17.240148
13231,294,16606,2372,6q4k_HHW_A_302,2,diffdock,0.20118091,0.019644906,10.240869,0,0,23.683024
13232,294,5694,813,2y2f_YI1_A_1469,3,diffdock_l,0.23320372,0.018990216,12.280203,0,0,21.10019
13233,294,3062,437,1y2x_NAG_B_1144,3,diffdock_l,0.2559691,0.018181089,14.078864,0,5.7523844e-32,17.592237
13234,294,3069,438,1y2x_NAG_C_2144,3,diffdock_l,0.25524847,0.018129904,14.078864,0,3.8351744e-27,18.591093
13235,294,3055,436,1y2x_NAG_A_144,3,diffdock_l,0.25346886,0.017794949,14.243865,0,1.2597321e-33,22.638789
13236,294,16599,2371,6q4k_HHW_A_301,2,diffdock,0.18905723,0.017618351,10.730699,0,0,21.037369
13237,294,976,139,1hdi_3PG_A_419,3,diffdock_l,0.20770972,0.01743831,11.911115,0,0.9839768,17.896523
13238,294,17006,2429,6sds_L8N_A_302,3,diffdock_l,0.27070376,0.017283621,15.662444,0,0.99250893,11.588171
13239,294,9971,1424,4ubp_HAE_C_800,3,diffdock_l,0.26169007,0.017106679,15.297537,0,0,28.001163
13240,294,15766,2252,6jwy_PH2_A_802,2,diffdock,0.24915078,0.017014439,14.64349,0,0,30.149476
13241,294,7506,1072,4cjv_IV2_B_1215,2,diffdock,0.27419208,0.016899838,16.224537,0,1.0049118e-17,18.470369
13242,294,2564,366,1tl2_NDG_A_238,2,diffdock,0.24527865,0.016835011,14.569556,0,0,13.049161
13243,294,2585,369,1tl2_NDG_A_241,2,diffdock,0.23788015,0.016679066,14.262197,0,0,16.093553
13244,294,1781,254,1n5i_TMP_A_217,3,diffdock_l,0.27493784,0.016656097,16.506737,0,0.97296066,17.50021
13245,294,11034,1576,5bk9_SIN_A_301,2,diffdock,0.22892398,0.016613694,13.779233,0,0.87751195,22.240821
13246,294,4308,615,2ht8_G39_A_800,3,diffdock_l,0.26797807,0.016550347,16.191687,0,0.98783646,25.801824
13247,294,5693,813,2y2f_YI1_A_1469,2,diffdock,0.1961558,0.016548063,11.853701,0,0,23.630604
13248,294,1193,170,1j0y_BGC_D_4601,3,diffdock_l,0.32906665,0.016371318,20.100191,0,0.99715728,31.765164
13249,294,457,65,1fk1_DAO_A_201,2,diffdock,0.18709466,0.016319096,11.464767,0,0.65382583,10.970075
13250,294,15760,2251,6jws_PT1_B_801,3,diffdock_l,0.27605177,0.016286958,16.949251,0,2.4467067e-51,36.871002
13251,294,17460,2494,6wdv_TWM_A_701,2,diffdock,0.23922523,0.016273828,14.699996,0,0,31.60126
13252,294,15235,2176,6fjj_LSA_A_302,3,diffdock_l,0.2682298,0.016144644,16.614164,0,0.99767976,16.313226
13253,294,16138,2305,6mry_FLC_B_101,3,diffdock_l,0.32560606,0.016125401,20.19212,0,8.7353205e-31,33.914198
13254,294,14156,2022,5x86_TMP_B_207,2,diffdock,0.25001577,0.016089532,15.539032,0,0,24.737798
13255,294,1179,168,1j0y_BGC_B_2601,3,diffdock_l,0.31936137,0.016024156,19.929995,0,0,30.085219
13256,294,11006,1572,5b4o_6DQ_B_201,2,diffdock,0.26090302,0.015919771,16.388615,0,0,20.661799
13257,294,11308,1615,5did_5CK_A_601,3,diffdock_l,0.24802017,0.015885669,15.612824,0,0,26.794887
13258,294,15753,2250,6jws_PT1_A_801,3,diffdock_l,0.2754809,0.015853157,17.377035,0,0.85165712,26.637829
13259,294,14604,2086,6a1l_BEZ_A_403,2,diffdock,0.29930921,0.015825097,18.913576,0,0,18.812029
13260,294,1290,184,1jtk_THU_A_138,2,diffdock,0.26516837,0.015756732,16.828892,0,0.85622825,21.218126
13261,294,8578,1225,4i4v_NGA_D_201,3,diffdock_l,0.26504332,0.015726127,16.853691,0,9.7153738e-84,47.421392
13262,294,4413,630,2izf_BTN_B_300,3,diffdock_l,0.27265409,0.015603288,17.474142,0,0.99104368,12.481772
13263,294,1192,170,1j0y_BGC_D_4601,2,diffdock,0.30907521,0.015600187,19.812275,0,9.0584809e-103,35.764571
13264,294,3769,538,2cxp_A5P_A_1601,3,diffdock_l,0.29695473,0.015584538,19.054443,0,0.98986683,36.683569
13265,294,4420,631,2izf_BTN_D_301,3,diffdock_l,0.27154872,0.01554003,17.474142,0,0.99376794,15.355261
13266,294,1893,270,1nux_F6P_A_2339,3,diffdock_l,0.25274546,0.015476662,16.330746,0,0.99461898,31.975953
13267,294,4910,701,2qca_DGP_A_300,3,diffdock_l,0.22047321,0.015467614,14.25386,0,6.8962788e-10,13.158018
13268,294,8347,1192,4hey_4MZ_A_307,3,diffdock_l,0.16975735,0.01541047,11.015715,0,4.6198897e-22,19.094914
13269,294,17601,2514,6yta_IYZ_A_702,3,diffdock_l,0.26344428,0.015410168,17.095482,0,0.93504258,23.788477
13270,294,2924,417,1wc7_PP3_A_1214,5,autodock,0.10721774,0.01540196,6.9613042,0,2.0243211e-05,8.0834821
13271,294,521,74,1fsa_F6P_B_338,3,diffdock_l,0.26756807,0.015356155,17.424156,0,0.95619859,26.642463
13272,294,1237,176,1j3k_WRA_B_709,5,autodock,0.17755532,0.015342333,11.572901,0,0.060990819,5.2713119
13273,294,16159,2308,6mwl_K5G_B_301,3,diffdock_l,0.24051447,0.015337703,15.681257,0,2.9401895e-42,21.34321
13274,295,15234,2176,6fjj_LSA_A_302,2,diffdock,0.63351507,0.051961747,12.19195,0,0.99648777,17.567826
13275,295,3768,538,2cxp_A5P_A_1601,2,diffdock,0.67819743,0.032736606,20.716789,0,0.98931644,40.040304
13276,295,1892,270,1nux_F6P_A_2339,2,diffdock,0.63125867,0.030855806,20.458342,0,0.99460377,23.952901
13277,295,458,65,1fk1_DAO_A_201,3,diffdock_l,0.53604244,0.030045805,17.840839,0,0.96461973,7.8566167
13278,295,17005,2429,6sds_L8N_A_302,2,diffdock,0.62890459,0.028825421,21.817705,0,0.98955377,29.622297
13279,295,975,139,1hdi_3PG_A_419,2,diffdock,0.63298497,0.028812108,21.969406,0,0.99430788,20.112373
13280,295,17600,2514,6yta_IYZ_A_702,2,diffdock,0.59540445,0.025556194,23.297852,0,0.93786583,23.844092
13281,295,4419,631,2izf_BTN_D_301,2,diffdock,0.6294821,0.024417325,25.78014,0,0,20.132858
13282,295,4412,630,2izf_BTN_B_300,2,diffdock,0.62107181,0.024091094,25.78014,0,0.99378908,16.936502
13283,295,13680,1954,5uda_CAE_B_502,2,diffdock,0.17718832,0.024061131,7.3640885,0,1.0874462e-54,24.747385
13284,295,13673,1953,5uda_CAE_A_502,2,diffdock,0.1770719,0.024045322,7.3640885,0,2.9093505e-56,22.288437
13285,295,520,74,1fsa_F6P_B_338,2,diffdock,0.60748217,0.02332235,26.047209,0,6.2335144e-28,32.470164
13286,295,12883,1840,5l7u_NGA_B_601,3,diffdock_l,0.29700527,0.022840415,13.003496,0,1.8576073e-71,22.080891
13287,295,16446,2349,6ooi_PGA_B_301,3,diffdock_l,0.32929829,0.022141418,14.872501,0,0,30.737545
13288,295,4307,615,2ht8_G39_A_800,2,diffdock,0.62569846,0.021703136,28.829863,0,0,29.670563
13289,295,17321,2474,6ufd_Q6D_A_305,3,diffdock_l,0.26819583,0.021327247,12.575266,0,0.7837777,15.026179
13290,295,16460,2351,6ooi_PGA_D_301,3,diffdock_l,0.31711421,0.021232118,14.935589,0,2.7100669e-96,14.254766
13291,295,4406,629,2iyq_SKM_A_201,3,diffdock_l,0.29466662,0.021137315,13.940588,0,0.96645821,11.488626
13292,295,1780,254,1n5i_TMP_A_217,2,diffdock,0.60783362,0.021083471,28.829863,0,0,18.543514
13293,295,12876,1839,5l7u_NGA_A_601,3,diffdock_l,0.25839702,0.020759299,12.447289,0,8.5976201e-72,14.6255
13294,295,16439,2348,6ooi_PGA_A_301,3,diffdock_l,0.30961101,0.020759015,14.914532,0,2.260652e-48,33.623203
13295,295,16488,2355,6ooi_PGA_H_302,3,diffdock_l,0.30463218,0.020482913,14.872501,0,7.9658076e-107,32.342599
13296,295,7968,1138,4dvw_0M4_B_512,2,diffdock,0.25457313,0.020215196,12.593156,0,0,33.177638
13297,295,16467,2352,6ooi_PGA_E_301,3,diffdock_l,0.29951668,0.02005389,14.935589,0,0.98948826,33.527683
13298,295,7171,1024,4ajj_88S_A_1332,3,diffdock_l,0.29315575,0.019750356,14.84306,0,1.0065088e-70,45.414654
13299,295,13674,1953,5uda_CAE_A_502,3,diffdock_l,0.20209984,0.019571119,10.326431,0,1.0988817e-32,20.345
13300,295,8949,1278,4kp7_1UQ_B_502,3,diffdock_l,0.31525487,0.019487859,16.176987,0,0,34.158741
13301,295,13681,1954,5uda_CAE_B_502,3,diffdock_l,0.1994004,0.019309709,10.326431,0,2.4804045e-91,16.419077
13302,295,16474,2353,6ooi_PGA_F_301,3,diffdock_l,0.28569153,0.019209379,14.872501,0,8.6135e-65,38.033124
13303,295,8851,1264,4jh6_FCN_B_202,3,diffdock_l,0.21845312,0.01889768,11.559784,0,0,11.956211
13304,295,11686,1669,5f35_FLC_A_302,3,diffdock_l,0.22296836,0.018890867,11.80297,0,0.51812494,24.376105
13305,295,4777,682,2prl_ORO_A_399,3,diffdock_l,0.21291101,0.018826848,11.308903,0,7.2152868e-06,19.692143
13306,295,12918,1845,5la2_ARB_A_606,3,diffdock_l,0.20130834,0.018691252,10.770189,0,7.6872596e-115,22.920337
13307,295,15752,2250,6jws_PT1_A_801,2,diffdock,0.53817395,0.018667238,28.829863,0,0,43.923017
13308,295,12911,1844,5la1_XYP_A_602,3,diffdock_l,0.19109769,0.018541693,10.306376,0,1.3872503e-75,24.628387
13309,295,9880,1411,4rql_SNE_B_502,3,diffdock_l,0.25655895,0.01797354,14.274257,0,1.6834462e-14,28.512973
13310,295,12890,1841,5l9v_OGA_A_502,3,diffdock_l,0.29868846,0.01791226,16.675083,0,0.9962153,17.907422
13311,295,5127,732,2r4j_13P_A_1968,3,diffdock_l,0.19170665,0.017575651,10.907513,0,6.4734408e-87,25.30301
13312,295,472,67,1foi_14W_A_810,3,diffdock_l,0.18506146,0.0174933,10.57899,0,2.4450212e-12,31.478733
13313,295,12701,1814,5jg5_EVF_B_302,3,diffdock_l,0.19681923,0.017360827,11.336972,0,8.1056428e-22,16.701384
13314,295,5680,811,2y00_Y00_A_601,3,diffdock_l,0.29678858,0.017334153,17.121607,0,1.9065097e-48,29.744412
13315,295,12889,1841,5l9v_OGA_A_502,2,diffdock,0.23150684,0.017324429,13.363028,0,0.99628737,20.843013
13316,295,12925,1846,5la2_ARB_B_606,3,diffdock_l,0.18413301,0.017321347,10.630408,0,3.0866073e-75,21.87006
13317,295,12155,1736,5h5k_C5P_B_203,3,diffdock_l,0.27932133,0.0171416,16.294937,0,1.9640916e-37,22.703293
13318,295,7241,1034,4al9_GLA_G_1123,3,diffdock_l,0.31618552,0.01699657,18.6029,0,1.0703247e-34,16.551922
13319,295,3454,493,2ahc_VNL_B_266,3,diffdock_l,0.22693612,0.016887833,13.437846,0,1.7798936e-38,19.147678
13320,295,7220,1031,4al9_GLA_C_1123,3,diffdock_l,0.31384137,0.01687056,18.6029,0,0,16.247593
13321,295,3461,494,2ahc_VNL_D_466,3,diffdock_l,0.22742102,0.016825735,13.516259,0,0,18.762909
13322,295,12917,1845,5la2_ARB_A_606,2,diffdock,0.19841543,0.016824815,11.793022,0,1.1438861e-60,25.36843
13323,295,1094,156,1isx_XYP_A_1461,2,diffdock,0.17929212,0.016824676,10.656497,0,4.5703278e-50,18.767208
13324,296,4405,629,2iyq_SKM_A_201,2,diffdock,0.61995344,0.027564845,22.490726,0,0,14.029251
13325,296,9039,1291,4l7p_M95_A_601,2,diffdock,0.19681339,0.026540774,7.4155097,0,0,29.498175
13326,296,1613,230,1luq_BTN_A_5100,3,diffdock_l,0.31625268,0.025789902,12.262654,0,4.3475481e-32,15.487707
13327,296,1620,231,1luq_BTN_B_5200,3,diffdock_l,0.30623592,0.025315651,12.096703,0,0.9950201,15.553106
13328,296,16971,2424,6s39_K5Z_A_301,3,diffdock_l,0.21392799,0.02482909,8.6160212,0,1.5188992e-37,18.225228
13329,296,10167,1452,4wdd_CIT_A_401,3,diffdock_l,0.23847404,0.024713233,9.6496487,0,0.018211112,13.853361
13330,296,9040,1291,4l7p_M95_A_601,3,diffdock_l,0.22989019,0.023654973,9.7184706,0,0.30438178,30.851927
13331,296,15508,2215,6hl9_SIN_B_402,3,diffdock_l,0.22524783,0.022265551,10.116426,0,0.12107607,16.857482
13332,296,16466,2352,6ooi_PGA_E_301,2,diffdock,0.63734415,0.022022839,28.940144,0,0,35.736578
13333,296,5589,798,2xmi_FLC_A_1379,3,diffdock_l,0.1837138,0.020451069,8.9830894,0,0,24.467114
13334,296,8619,1231,4i6w_1CO_B_1001,2,diffdock,0.2426588,0.020423272,11.881484,0,0,29.914658
13335,296,16970,2424,6s39_K5Z_A_301,2,diffdock,0.18094815,0.020047402,9.0260143,0,0,21.727756
13336,296,17797,2542,8icd_ICT_A_418,3,diffdock_l,0.2275116,0.019921069,11.420651,0,0.95526756,19.789836
13337,296,4630,661,2o1o_RIS_B_400,3,diffdock_l,0.29020099,0.019897427,14.584849,0,6.9716347e-39,14.105744
13338,296,5785,826,2z48_A2G_A_1005,3,diffdock_l,0.30124246,0.019145555,15.734328,0,5.208167e-57,25.790431
13339,296,3965,566,2f3s_7GP_A_998,3,diffdock_l,0.31123178,0.019139789,16.260981,0,0.99527021,19.689678
13340,296,16096,2299,6m9b_BTN_C_201,3,diffdock_l,0.30844576,0.019090566,16.156971,0,2.9849569e-35,25.090799
13341,296,16082,2297,6m9b_BTN_A_201,3,diffdock_l,0.30810137,0.019069251,16.156971,0,6.9205529e-28,13.441556
13342,296,16103,2300,6m9b_BTN_D_201,3,diffdock_l,0.30788573,0.019055904,16.156971,0,7.580107e-28,24.92629
13343,296,10426,1489,4y6n_3PG_A_402,3,diffdock_l,0.3103056,0.018881091,16.434727,0,0.10743043,17.439552
13344,296,2725,389,1ubs_SER_B_398,2,diffdock,0.32200407,0.018876895,17.058104,0,0,36.939141
13345,296,4112,587,2fyd_BGC_B_403,3,diffdock_l,0.31471353,0.018851791,16.69409,0,0,25.077525
13346,296,15017,2145,6e2w_DP6_A_403,2,diffdock,0.26695742,0.018829567,14.177565,0,0,24.751015
13347,296,3034,433,1xl0_OX2_A_998,3,diffdock_l,0.32404848,0.018706174,17.323074,0,0.94604442,37.03093
13348,296,4259,608,2gzm_DGL_A_501,3,diffdock_l,0.36854569,0.01856908,19.847277,0,0,47.910284
13349,296,17320,2474,6ufd_Q6D_A_305,2,diffdock,0.51872164,0.018456601,28.104937,0,0,25.854327
13350,296,9266,1323,4mol_2FG_D_802,5,autodock,0.30673944,0.018439299,16.63509,0,0.18031559,23.631243
13351,296,1360,194,1kar_HSM_A_502,2,diffdock,0.16438111,0.018104075,9.0797844,0,5.8452334e-51,39.672428
13352,297,1619,231,1luq_BTN_B_5200,2,diffdock,0.62310373,0.029842854,20.879494,0,0.98428745,19.943695
13353,297,15634,2233,6i6r_H62_A_704,3,diffdock_l,0.27300025,0.024805824,11.005489,0,0,28.220079
13354,297,3964,566,2f3s_7GP_A_998,2,diffdock,0.63808243,0.02195843,29.058653,0,0.97742187,40.750761
13355,297,3033,433,1xl0_OX2_A_998,2,diffdock,0.63159249,0.021735091,29.058653,0,0.87626571,37.358881
13356,297,3636,519,2bx7_34D_B_1313,3,diffdock_l,0.22837832,0.021500995,10.621755,0,1.7424005e-14,38.903848
13357,297,2810,401,1vje_MSE_A_401,3,diffdock_l,0.23393583,0.021361728,10.951165,0,0,28.001163
13358,297,6996,999,3zr0_8OG_A_1157,3,diffdock_l,0.28840342,0.020803711,13.863075,0,0,19.793487
13359,297,668,95,1gkc_NFH_A_1448,3,diffdock_l,0.30865527,0.020747464,14.87677,0,0.96165306,18.793632
13360,297,675,96,1gkc_NFH_B_1449,3,diffdock_l,0.30038831,0.020257294,14.828649,0,4.0835519e-49,19.173782
13361,297,430,61,1eyw_PEL_A_404,3,diffdock_l,0.18780892,0.020074377,9.3556528,0,0,28.001163
13362,297,2796,399,1v5y_4HC_A_1455,3,diffdock_l,0.23293541,0.020073408,11.604177,0,0.047084996,18.959416
13363,297,11160,1594,5cga_KP6_H_301,2,diffdock,0.28638584,0.01960379,14.608697,0,2.140513e-90,41.194727
13364,297,11146,1592,5cga_KP6_C_301,2,diffdock,0.2860924,0.019583703,14.608697,0,0.98225921,39.136456
13365,297,9371,1338,4n5p_2H0_E_412,5,autodock,0.21034244,0.019304232,10.896182,0,0,11.040726
13366,297,11310,1615,5did_5CK_A_601,5,autodock,0.29487656,0.019301338,15.277518,0,0,135.59461
13367,297,17755,2536,7est_0Z2_E_1,3,diffdock_l,0.30174087,0.019286158,15.645462,0,0.98631558,21.947628
13368,297,15151,2164,6f6a_CU5_B_301,3,diffdock_l,0.33025191,0.019278661,17.130436,0,3.4887426e-33,26.698199
13369,297,16600,2371,6q4k_HHW_A_301,3,diffdock_l,0.24284875,0.019273948,12.599844,0,1.1283364e-33,21.231663
13370,297,11153,1593,5cga_KP6_E_301,2,diffdock,0.28023762,0.019182929,14.608697,0,4.7340963e-70,38.525753
13371,297,6995,999,3zr0_8OG_A_1157,2,diffdock,0.24757667,0.01886776,13.121677,0,0,19.508171
13372,297,9287,1326,4mop_2H5_C_703,5,autodock,0.27140461,0.01873521,14.486339,0,0.0005141431,16.449208
13373,297,6785,969,3wlf_FEH_A_401,2,diffdock,0.26596669,0.018472317,14.398122,0,1.6400899e-64,35.200034
13374,297,6263,894,3t2e_F6R_A_3469,5,autodock,0.10483569,0.018446012,5.6833787,0,3.8045435e-09,9.4969427
13375,297,11377,1625,5dnx_5LD_B_201,2,diffdock,0.35386354,0.018405299,19.226175,0,0,27.455185
13376,297,1837,262,1nmz_NYM_A_301,3,diffdock_l,0.25677788,0.018212898,14.098682,0,0.97145806,17.451353
13377,297,2369,338,1s3v_TQD_A_187,3,diffdock_l,0.29346628,0.018191597,16.131968,0,0.93230469,18.161204
13378,297,15633,2233,6i6r_H62_A_704,2,diffdock,0.23304974,0.018175323,12.822315,0,0,31.236927
13379,297,11252,1607,5d9w_ASC_A_301,3,diffdock_l,0.20192158,0.01792187,11.266768,0,0,12.793294
13380,297,11139,1591,5cga_KP6_B_301,2,diffdock,0.25886043,0.01771961,14.608697,0,3.3562302e-24,36.923729
13381,297,2928,418,1wmz_NGA_C_503,2,diffdock,0.17393314,0.01765865,9.849741,0,0,18.190954
13382,297,667,95,1gkc_NFH_A_1448,2,diffdock,0.26522982,0.017658257,15.020158,0,0,18.58859
13383,297,9551,1364,4ovl_1TD_A_308,3,diffdock_l,0.30938591,0.017651351,17.527603,0,0,49.2468
13384,297,15150,2164,6f6a_CU5_B_301,2,diffdock,0.3077436,0.017605225,17.48024,0,0,30.848136
13385,297,16019,2288,6lj7_EFR_A_301,3,diffdock_l,0.22733051,0.017542779,12.958636,0,0,15.564936
13386,297,548,78,1fwn_PEP_B_2268,2,diffdock,0.27806258,0.017512524,15.877927,0,0.9948372,23.661546
13387,297,5568,795,2xh0_PEP_B_1440,3,diffdock_l,0.34106879,0.017407762,19.592913,0,0.93650689,33.729916
13388,297,9851,1407,4rkz_3S4_B_401,2,diffdock,0.19113811,0.017386321,10.99359,0,0,25.308765
13389,297,674,96,1gkc_NFH_B_1449,2,diffdock,0.2583993,0.017278621,14.954856,0,0,18.750622
13390,297,619,88,1g8z_GAL_G_104,3,diffdock_l,0.27345316,0.017270079,15.833925,0,6.4172584e-36,16.082089
13391,297,16649,2378,6qa7_PLP_A_902,3,diffdock_l,0.23271248,0.017098932,13.609766,0,0,36.154567
13392,297,16348,2335,6ny7_L8J_A_303,3,diffdock_l,0.17175288,0.017085961,10.05228,0,0.0056862629,15.371898
13393,297,10411,1487,4y14_C0A_A_407,2,diffdock,0.33759846,0.017048968,19.801693,0,0.96729486,28.328005
13394,297,8970,1281,4kqx_HIO_A_402,3,diffdock_l,0.26380774,0.017019666,15.500171,0,0,25.17897
13395,297,5106,729,2qxf_TMP_A_3000,3,diffdock_l,0.2215309,0.01701019,13.023422,0,9.0665313e-15,21.217749
13396,297,11681,1668,5ezp_IPJ_G_202,5,autodock,0.14067207,0.016982296,8.283453,0,0,8.7819137
13397,297,12329,1761,5i5t_67X_A_402,2,diffdock,0.27427865,0.016832841,16.294256,0,0,32.690143
13398,297,2894,413,1w55_C_A_1373,3,diffdock_l,0.30512837,0.01681499,18.14621,0,0.95097706,21.140707
13399,297,3852,550,2e56_MYR_A_501,2,diffdock,0.18521784,0.01680824,11.019465,0,0,12.901041
13400,297,3867,552,2e56_MYR_A_701,3,diffdock_l,0.23025011,0.016705753,13.782682,0,2.3725648e-08,12.023324
13401,297,4384,626,2isf_PAC_A_317,2,diffdock,0.19826294,0.016689747,11.879325,0,0.0052822774,17.828739
13402,298,5567,795,2xh0_PEP_B_1440,2,diffdock,0.65178009,0.033928987,19.210123,0,0,38.625696
13403,298,2893,413,1w55_C_A_1373,2,diffdock,0.6085023,0.033243351,18.30448,0,0,21.497604
13404,298,1836,262,1nmz_NYM_A_301,2,diffdock,0.61297649,0.032160275,19.060049,0,0.96821955,20.446514
13405,298,2368,338,1s3v_TQD_A_187,2,diffdock,0.59567493,0.025107569,23.724913,0,0.98957715,20.647293
13406,298,12400,1771,5igs_GMP_A_403,3,diffdock_l,0.32275474,0.02325282,13.880239,0,0.99157492,20.13266
13407,298,17754,2536,7est_0Z2_E_1,2,diffdock,0.62838967,0.02274364,27.629246,0,0.98197675,24.561451
13408,298,9635,1376,4pbr_2L7_A_401,3,diffdock_l,0.31411667,0.021650921,14.508235,0,0.9948481,20.920071
13409,298,1228,175,1j3k_WRA_A_609,3,diffdock_l,0.31511793,0.021607182,14.583943,0,6.8317446e-83,37.036644
13410,298,13904,1986,5vyr_B62_A_301,2,diffdock,0.27432794,0.021367552,12.838529,0,1.9358603e-53,19.325756
13411,298,7180,1025,4ajj_88S_B_1332,5,autodock,0.14731957,0.021186599,6.9534307,0,0,6.2174146
13412,298,3174,453,1zdq_MSM_A_1507,3,diffdock_l,0.31968613,0.021139295,15.122837,0,8.0999095e-39,18.53837
13413,298,7187,1026,4ajj_88S_C_1334,5,autodock,0.14016731,0.020158006,6.9534307,0,0,6.463271
13414,298,3068,438,1y2x_NAG_C_2144,2,diffdock,0.26456361,0.019977091,13.243349,0,0,20.446547
13415,298,3061,437,1y2x_NAG_B_1144,2,diffdock,0.26423996,0.019952653,13.243349,0,0,21.535767
13416,298,7194,1027,4ajj_88S_D_1332,5,autodock,0.13723304,0.019736016,6.9534307,0,0,6.383866
13417,298,12514,1787,5iuy_BOG_B_503,5,autodock,0.22323094,0.019678854,11.343696,0,4.7557496e-12,9.707908
13418,298,9900,1414,4tq4_DMA_C_403,2,diffdock,0.24122936,0.019574004,12.323965,0,1.6754935e-91,31.881396
13419,298,3054,436,1y2x_NAG_A_144,2,diffdock,0.26186694,0.019495183,13.432391,0,0,21.789901
13420,298,2273,324,1q92_DRM_A_1001,5,autodock,0.2283723,0.01931092,11.82607,0,0,12.681795
13421,298,1199,171,1j3i_UMP_D_711,2,diffdock,0.27290772,0.019002021,14.362036,0,0,40.396346
13422,298,1241,177,1j54_TMP_A_2000,2,diffdock,0.27125496,0.018980726,14.291073,0,1.7047586e-05,15.598141
13423,298,493,70,1fqo_F6R_B_2268,3,diffdock_l,0.29726675,0.018759074,15.846557,0,0,20.563586
13424,298,10022,1431,4ug6_XFJ_A_904,5,autodock,0.10321252,0.018757775,5.5023851,0,1.7870893e-09,5.4643749
13425,298,1220,174,1j3k_UMP_D_711,2,diffdock,0.27411762,0.01875185,14.618163,0,0.99571401,42.591462
13426,298,9907,1415,4tq4_DMA_D_403,2,diffdock,0.23216707,0.01858206,12.49415,0,1.888078e-53,32.176823
13427,298,9893,1413,4tq4_DMA_B_403,2,diffdock,0.23413774,0.018421623,12.70994,0,0.94389788,31.451784
13428,298,1227,175,1j3k_WRA_A_609,2,diffdock,0.2813866,0.018233478,15.432414,0,0,39.569039
13429,298,13905,1986,5vyr_B62_A_301,3,diffdock_l,0.31585954,0.017933708,17.612616,0,1.658768e-53,19.619853
13430,298,4385,626,2isf_PAC_A_317,3,diffdock_l,0.24099349,0.017881284,13.477414,0,0.052213925,15.440964
13431,298,13589,1941,5u5g_7VD_C_302,2,diffdock,0.23973966,0.017870467,13.41541,0,1.3571965e-17,22.791596
13432,298,9494,1356,4np7_DPJ_A_403,2,diffdock,0.23043852,0.01759057,13.100116,0,0,30.149476
13433,298,12399,1771,5igs_GMP_A_403,2,diffdock,0.26330159,0.017425026,15.110541,0,0.98021437,19.889082
13434,298,2578,368,1tl2_NDG_A_240,2,diffdock,0.26056775,0.017310507,15.052577,0,0,12.763905
13435,298,7656,1093,4cmk_FQW_A_1270,5,autodock,0.16759674,0.017186126,9.7518616,0,0.071517055,7.0995067
13436,298,8830,1261,4jb0_ENO_A_402,3,diffdock_l,0.337219,0.017174883,19.634426,0,0.94757422,20.556952
13437,298,15480,2211,6hgl_TES_A_401,3,diffdock_l,0.32317277,0.017154655,18.838778,0,0.96613124,22.907155
13438,298,13925,1989,5vyr_GMP_B_303,2,diffdock,0.21509757,0.017086197,12.588966,0,4.2204319e-25,18.725502
13439,298,5357,765,2vp5_DCZ_A_1210,2,diffdock,0.27459585,0.01697844,16.173206,0,9.5615551e-41,23.701668
13440,298,10425,1489,4y6n_3PG_A_402,2,diffdock,0.2643003,0.016833926,15.700454,0,0,18.913932
13441,298,15479,2211,6hgl_TES_A_401,2,diffdock,0.26366093,0.016743997,15.746593,0,0,22.85919
13442,298,101,14,1aj8_CIT_B_2000,3,diffdock_l,0.25761828,0.016729589,15.398959,0,0.14377682,37.158626
13443,298,6291,898,3te7_TE7_A_1,5,autodock,0.14548449,0.016724242,8.6990175,0,0,7.4769386
13444,298,2865,409,1w1a_NDG_2_1261,2,diffdock,0.1951482,0.016714818,11.67516,0,0,23.15447
13445,298,10951,1564,5agl_CCW_B_800,3,diffdock_l,0.22319028,0.016694547,13.369052,0,3.7557435e-15,25.263335
13446,298,2795,399,1v5y_4HC_A_1455,2,diffdock,0.20889742,0.016677473,12.525723,0,2.0460578e-40,19.401177
13447,298,7170,1024,4ajj_88S_A_1332,2,diffdock,0.28637216,0.016590621,17.261086,0,5.6091438e-80,42.503791
13448,298,17181,2454,6tfb_N6W_B_202,3,diffdock_l,0.21797149,0.016562204,13.160777,0,5.9816468e-32,11.418252
13449,298,1214,173,1j3i_WRA_B_709,3,diffdock_l,0.25731752,0.016556521,15.541761,0,0,34.398597
13450,298,11525,1646,5eo7_SFU_B_401,3,diffdock_l,0.30071292,0.016401154,18.334862,0,6.3352693e-68,20.713456
13451,298,14087,2012,5x2m_GLN_A_951,3,diffdock_l,0.28761197,0.016342446,17.599075,0,0,39.017974
13452,299,9894,1413,4tq4_DMA_B_403,3,diffdock_l,0.70308191,0.030119347,23.343197,0,0.98170361,27.132065
13453,299,15013,2144,6dmi_5T5_A_504,5,autodock,0.27127533,0.02826429,9.5978107,0,0,9.1314829
13454,299,8829,1261,4jb0_ENO_A_402,2,diffdock,0.64888419,0.027215914,23.842085,0,0.99113488,22.701011
13455,299,9634,1376,4pbr_2L7_A_401,2,diffdock,0.63940853,0.024705581,25.881136,0,0.9959216,23.032998
13456,299,444,63,1f5f_DHT_A_253,3,diffdock_l,0.31873063,0.022755512,14.006743,0,0.9890426,16.120874
13457,299,443,63,1f5f_DHT_A_253,2,diffdock,0.27849689,0.022418555,12.422606,0,0.99383157,16.015744
13458,299,11301,1614,5di7_5CQ_B_601,3,diffdock_l,0.3370489,0.020667301,16.308315,0,0,21.916287
13459,299,17768,2538,7joc_ARZ_A_302,2,diffdock,0.29333285,0.020621311,14.224742,0,0.98067467,24.078627
13460,299,13821,1974,5vka_AKG_A_402,3,diffdock_l,0.34354235,0.020258159,16.95822,0,0.080727279,18.900147
13461,299,2201,314,1pym_OXL_A_1001,3,diffdock_l,0.236303,0.019903084,11.872682,0,0.014384992,16.312159
13462,299,12512,1787,5iuy_BOG_B_503,3,diffdock_l,0.31944461,0.019627648,16.275234,0,0,18.780877
13463,299,7695,1099,4cno_9PY_D_301,2,diffdock,0.31632297,0.019332034,16.362631,0,6.8177721e-150,26.92251
13464,299,16060,2294,6ly4_TES_A_501,2,diffdock,0.29532964,0.018913892,15.614429,0,0,27.532705
13465,299,11294,1613,5di7_5CQ_A_601,3,diffdock_l,0.30444348,0.018736043,16.249079,0,0,21.88141
13466,299,5050,721,2qse_1HP_A_1,3,diffdock_l,0.3177326,0.018448492,17.222685,0,3.5155258e-38,25.712302
13467,299,16047,2292,6lx5_C5F_B_501,3,diffdock_l,0.3345471,0.01837682,18.20484,0,2.5835871e-66,21.636405
13468,299,14915,2130,6cgc_F0A_B_402,5,autodock,0.2499258,0.018120062,13.792767,0,0,18.686881
13469,299,10418,1488,4y14_C0A_B_404,2,diffdock,0.31063551,0.017830134,17.421938,0,3.5081188e-72,31.078633
13470,299,12036,1719,5g6i_M85_A_904,3,diffdock_l,0.23001489,0.017764983,12.947655,0,2.5369709e-07,24.561391
13471,299,9445,1349,4nir_6DH_A_307,2,diffdock,0.20522431,0.01768206,11.606357,0,0,22.043912
13472,299,2215,316,1pzy_NAG_D_406,3,diffdock_l,0.313942,0.01764612,17.790991,0,1.3619494e-88,24.247746
13473,299,15010,2144,6dmi_5T5_A_504,2,diffdock,0.24445753,0.017565177,13.917168,0,0,30.385983
13474,299,618,88,1g8z_GAL_G_104,2,diffdock,0.26116306,0.017453561,14.96331,0,0,18.394116
13475,299,16845,2406,6r7w_CIT_A_406,3,diffdock_l,0.23661923,0.01739822,13.600197,0,0,11.501244
13476,299,464,66,1fm8_DDC_A_501,2,diffdock,0.17930673,0.017377579,10.318279,0,1.3182122e-58,21.675712
13477,299,11237,1605,5cyf_FLC_C_301,2,diffdock,0.25566024,0.017308286,14.770973,0,5.344279e-61,33.948476
13478,299,2523,360,1thc_FL9_B_130,3,diffdock_l,0.18361817,0.017283891,10.623658,0,8.1366343e-24,23.081751
13479,299,13338,1905,5r28_RDJ_A_401,3,diffdock_l,0.23665964,0.017218987,13.744108,0,4.9726606e-28,20.305219
13480,299,17195,2456,6tgi_N8Z_B_508,3,diffdock_l,0.24638394,0.017128528,14.384419,0,0.0038496152,25.699904
13481,299,1095,156,1isx_XYP_A_1461,3,diffdock_l,0.2029471,0.017024149,11.921129,0,0.99747857,18.826277
13482,299,10118,1445,4v2z_Y70_A_151,3,diffdock_l,0.3191266,0.016957678,18.819002,0,5.8155913e-45,16.463793
13483,299,15403,2200,6g5q_EMZ_B_402,3,diffdock_l,0.31463037,0.016938421,18.574951,0,2.3088381e-10,21.867884
13484,299,7908,1129,4do1_ANN_B_502,5,autodock,0.13902698,0.016920506,8.2164783,0,0,6.7428143
13485,299,16651,2378,6qa7_PLP_A_902,5,autodock,0.13978783,0.016908136,8.2674885,0,0.018880456,10.892463
13486,299,7915,1130,4do1_ANN_C_502,5,autodock,0.13846059,0.016851572,8.2164783,0,0,8.5673083
13487,299,17013,2430,6si4_LEK_A_402,3,diffdock_l,0.31064882,0.016778878,18.514277,0,0.87902097,19.144884
13488,299,9446,1349,4nir_6DH_A_307,3,diffdock_l,0.24413305,0.016719015,14.602118,0,5.3854367e-20,45.06509
13489,299,17188,2455,6tgi_N8Z_A_508,3,diffdock_l,0.24601673,0.016643071,14.78193,0,0.47654497,18.230851
13490,299,11637,1662,5ew8_5SF_A_803,3,diffdock_l,0.31806586,0.016626678,19.129848,0,1.0017629e-75,24.725262
13491,299,10314,1473,4xfh_CYS_A_502,3,diffdock_l,0.19785706,0.01657911,11.934117,0,0.6382603,9.9305065
13492,299,13722,1960,5uio_LG3_C_201,2,diffdock,0.29629708,0.016572991,17.878309,0,1.9580594e-60,20.782428
13493,299,15125,2160,6f3s_PLP_A_901,5,autodock,0.13476644,0.016528923,8.1533699,0,0.022483982,11.08745
13494,299,12897,1842,5l9v_OGA_B_502,3,diffdock_l,0.22886523,0.016513621,13.859178,0,0.99661544,18.564681
13495,299,2250,321,1q4g_BFL_B_1701,3,diffdock_l,0.31816594,0.016506412,19.275291,0,1.3532438e-55,32.176027
13496,299,7696,1099,4cno_9PY_D_301,3,diffdock_l,0.34499092,0.016476856,20.937908,0,1.0483719e-57,23.784131
13497,299,2243,320,1q4g_BFL_A_701,3,diffdock_l,0.31729882,0.016461426,19.275291,0,0.99524403,39.68095
13498,299,11238,1605,5cyf_FLC_C_301,3,diffdock_l,0.2904671,0.016399995,17.711412,0,6.548744e-61,31.574329
13499,299,2866,409,1w1a_NDG_2_1261,3,diffdock_l,0.2288371,0.016397398,13.955695,0,0,19.1589
13500,299,10419,1488,4y14_C0A_B_404,3,diffdock_l,0.33865553,0.016329426,20.738972,0,0.9913896,26.854571
13501,299,11644,1663,5ew8_5SF_B_802,3,diffdock_l,0.31214113,0.016316967,19.129848,0,0.99236474,34.421305
13502,300,12896,1842,5l9v_OGA_B_502,2,diffdock,0.64427049,0.03078815,20.925922,0,1.6111293e-58,20.860673
13503,300,9550,1364,4ovl_1TD_A_308,2,diffdock,0.30041393,0.02992029,10.040474,0,0,23.775028
13504,300,17012,2430,6si4_LEK_A_402,2,diffdock,0.57223784,0.026890109,21.280605,0,2.99045e-42,18.203887
13505,300,10117,1445,4v2z_Y70_A_151,2,diffdock,0.30139898,0.026699742,11.28846,0,0,18.901198
13506,300,10313,1473,4xfh_CYS_A_502,2,diffdock,0.42092743,0.025767846,16.335373,0,0.85959892,11.149044
13507,300,12841,1834,5kjz_PCG_A_401,3,diffdock_l,0.23551141,0.025352251,9.2895651,0,0.91549517,52.628603
13508,300,11643,1663,5ew8_5SF_B_802,2,diffdock,0.6377376,0.023910793,26.671535,0,0,35.009125
13509,300,13401,1914,5t85_44G_L_301,3,diffdock_l,0.17404137,0.023216232,7.4965372,0,5.2518026e-26,24.786121
13510,300,11685,1669,5f35_FLC_A_302,2,diffdock,0.36829875,0.022252676,16.55076,0,0,22.300517
13511,300,2242,320,1q4g_BFL_A_701,2,diffdock,0.64033586,0.021707642,29.498175,0,0,39.297842
13512,300,7479,1068,4ccu_AWF_A_1500,3,diffdock_l,0.31749456,0.020823283,15.247093,0,0.9936381,28.846107
13513,300,1438,205,1km6_OMP_A_2001,3,diffdock_l,0.35037479,0.020819472,16.829185,0,0,21.002541
13514,300,10341,1477,4xpq_FUL_A_1003,2,diffdock,0.21360636,0.020149215,10.601224,0,8.8426835e-53,24.498097
13515,300,3194,456,1zei_CRS_D_54,2,diffdock,0.21387024,0.019687703,10.863137,0,0,14.189061
13516,300,16627,2375,6q4y_MAN_A_402,2,diffdock,0.2149178,0.019559716,10.987776,0,0,26.078723
13517,300,17180,2454,6tfb_N6W_B_202,2,diffdock,0.20814649,0.019554139,10.644625,0,0,13.769579
13518,300,13400,1914,5t85_44G_L_301,2,diffdock,0.16516667,0.019168474,8.6165781,0,0,25.692429
13519,300,16634,2376,6q4y_MAN_B_402,2,diffdock,0.21508287,0.019168136,11.220854,0,0,24.497251
13520,300,3208,458,1zei_CRS_E_55,2,diffdock,0.20745558,0.019028103,10.902588,0,4.7612162e-14,13.604916
13521,300,1851,264,1now_IFG_B_558,3,diffdock_l,0.39195128,0.018682707,20.979361,0,1.4512327e-80,35.529435
13522,300,15018,2145,6e2w_DP6_A_403,3,diffdock_l,0.33088766,0.018525088,17.861595,0,0.98402913,22.369297
13523,300,15837,2262,6k92_GT0_A_802,3,diffdock_l,0.36078478,0.018242414,19.777248,0,1.0266049e-35,25.533641
13524,300,15515,2216,6hmw_FUL_A_203,3,diffdock_l,0.303054,0.018176917,16.672462,0,1.6394961e-50,19.659695
13525,300,15438,2205,6gnf_GLC_B_602,3,diffdock_l,0.31973806,0.018156817,17.609806,0,2.095725e-68,28.03112
13526,300,12995,1856,5m5a_KSA_A_404,3,diffdock_l,0.36349123,0.01804338,20.145405,0,0,35.285867
13527,300,3314,473,1zoy_UQ1_B_1201,3,diffdock_l,0.23290285,0.017802723,13.082427,0,0.010880996,29.258694
13528,300,16957,2422,6s23_KSW_A_403,3,diffdock_l,0.19424432,0.017732154,10.954354,0,1.4026645e-72,33.038704
13529,300,13746,1963,5unt_8J1_B_803,5,autodock,0.13136923,0.017694557,7.4242725,0,2.3755137e-07,5.2048859
13530,301,12840,1834,5kjz_PCG_A_401,2,diffdock,0.58618589,0.026881028,21.806675,0,0,15.735992
13531,301,7478,1068,4ccu_AWF_A_1500,2,diffdock,0.62533596,0.02408954,25.958815,0,0.99376546,32.970451
13532,301,4111,587,2fyd_BGC_B_403,2,diffdock,0.3114353,0.02116809,14.712488,0,0,24.781293
13533,301,5358,765,2vp5_DCZ_A_1210,3,diffdock_l,0.33658227,0.021067039,15.976723,0,0.99450137,21.043025
13534,301,1130,161,1iwe_IMP_B_1443,3,diffdock_l,0.24447107,0.020032,12.204026,0,1.9016815e-41,28.974602
13535,301,366,52,1e48_13P_P_302,2,diffdock,0.26347527,0.019623859,13.426271,0,0,11.14738
13536,301,16158,2308,6mwl_K5G_B_301,2,diffdock,0.26109039,0.019087287,13.678758,0,1.5462885e-42,23.533082
13537,301,5365,766,2vp5_DCZ_B_1210,3,diffdock_l,0.32269919,0.018704447,17.252537,0,0,21.959521
13538,301,4328,618,2i1v_FDP_B_710,2,diffdock,0.17286928,0.018697356,9.2456532,0,0,25.622747
13539,301,12148,1735,5h24_LQG_B_501,3,diffdock_l,0.23257767,0.018593482,12.508558,0,2.435008e-91,28.399523
13540,301,17187,2455,6tgi_N8Z_A_508,2,diffdock,0.33869021,0.018523003,18.284842,0,0,26.127125
13541,301,12141,1734,5h24_LQG_A_501,3,diffdock_l,0.23786873,0.018398271,12.928863,0,0.95919899,27.732462
13542,301,13162,1880,5nuk_Z80_A_201,2,diffdock,0.21013672,0.018241049,11.51999,0,0,16.039688
13543,301,6107,872,3r3z_GOA_B_305,3,diffdock_l,0.30283147,0.018124752,16.70817,0,3.360259e-33,20.236721
13544,301,8214,1173,4g1x_TQU_A_410,3,diffdock_l,0.24939772,0.017596176,14.173404,0,1.1625452e-39,14.699598
13545,301,10852,1550,5a7p_6Z1_B_1361,2,diffdock,0.20847935,0.017426824,11.963128,0,0,37.92065
13546,301,4329,618,2i1v_FDP_B_710,3,diffdock_l,0.21235436,0.017377144,12.220325,0,0.017520052,23.345749
13547,301,2543,363,1tkh_DPN_A_913,2,diffdock,0.16591278,0.016895814,9.8197556,0,0,19.598634
13548,301,9007,1286,4kux_FPS_D_704,5,autodock,0.25692083,0.016852468,15.245293,0,0,22.778273
13549,301,8577,1225,4i4v_NGA_D_201,2,diffdock,0.28971571,0.016825949,17.218386,0,0,23.538219
13550,301,10845,1549,5a7p_6Z1_A_1361,2,diffdock,0.19744732,0.016740112,11.794862,0,0,40.054375
13551,301,1178,168,1j0y_BGC_B_2601,2,diffdock,0.33971832,0.016700508,20.341793,0,1.0627539e-70,31.612931
13552,301,6172,881,3rsc_TYD_A_397,5,autodock,0.35885777,0.016541269,21.694693,0,0,16.73913
13553,301,11917,1702,5fwe_OGA_A_1358,3,diffdock_l,0.2987401,0.016530189,18.072393,0,0,28.001163
13554,301,14304,2043,5y7r_AKG_B_402,3,diffdock_l,0.23681398,0.016366682,14.469272,0,0.98212175,15.604843
13555,301,6079,868,3qss_MTG_B_405,3,diffdock_l,0.21973662,0.016343821,13.444629,0,2.5795571e-52,20.176923
13556,301,14521,2074,5z54_0HZ_D_303,3,diffdock_l,0.33647414,0.016321576,20.615295,0,1.6345024e-58,29.706231
13557,301,1612,230,1luq_BTN_A_5100,2,diffdock,0.29208097,0.016288035,17.93224,0,4.3694999e-32,18.197769
13558,301,2782,397,1v03_BGC_A_1498,3,diffdock_l,0.32482797,0.016253158,19.985527,0,0,36.03066
13559,301,13835,1976,5vl0_BNF_B_404,3,diffdock_l,0.29501363,0.016137467,18.281282,0,0,32.850496
13560,301,3391,484,2a1m_CAM_A_1422,3,diffdock_l,0.20980665,0.01610691,13.025877,0,0.99427118,24.406955
13561,301,7422,1060,4c2p_X8Z_A_709,2,diffdock,0.27902853,0.016063934,17.369873,0,0,29.081036
13562,301,8732,1247,4iph_1FJ_A_201,3,diffdock_l,0.2763901,0.016056151,17.213968,0,0.35059539,10.916281
13563,301,7304,1043,4bbx_LKF_A_1760,3,diffdock_l,0.24354853,0.016012879,15.209539,0,4.7214914e-37,35.933517
13564,301,2214,316,1pzy_NAG_D_406,2,diffdock,0.2922311,0.015900234,18.379042,0,0.99214353,27.946212
13565,301,6345,906,3tye_YTZ_B_902,3,diffdock_l,0.17542329,0.015878286,11.047998,0,0,23.047057
13566,301,7311,1044,4bbx_LKF_B_1760,3,diffdock_l,0.26374195,0.015830333,16.660542,0,0.78800484,36.102511
13567,301,6065,866,3qhd_MSR_A_166,3,diffdock_l,0.18997543,0.015753433,12.059302,0,4.796271e-42,20.697102
13568,301,10853,1550,5a7p_6Z1_B_1361,3,diffdock_l,0.24522199,0.015591441,15.727986,0,8.4125723e-64,38.089454
13569,301,12280,1754,5htd_MYR_A_201,2,diffdock,0.20159875,0.015570354,12.947601,0,0.97611269,13.283568
13570,301,3762,537,2coj_GBN_B_420,3,diffdock_l,0.31969355,0.015566363,20.537458,0,0.052246946,28.169103
13571,301,16095,2299,6m9b_BTN_C_201,2,diffdock,0.29730696,0.015507368,19.171978,0,3.243386e-32,24.493602
13572,301,16046,2292,6lx5_C5F_B_501,2,diffdock,0.28696853,0.015506874,18.50589,0,0,24.803415
13573,301,16081,2297,6m9b_BTN_A_201,2,diffdock,0.29706762,0.015494885,19.171978,0,1.8613522e-35,27.454194
13574,301,16102,2300,6m9b_BTN_D_201,2,diffdock,0.29671437,0.015476459,19.171978,0,5.2825292e-28,24.153491
13575,301,5238,748,2uyv_TLA_C_1275,2,diffdock,0.25671975,0.015428666,16.639139,0,1.9066488e-41,32.455107
13576,301,8424,1203,4hoz_GLC_A_703,3,diffdock_l,0.3465264,0.015374582,22.538914,0,0,24.480937
13577,301,8878,1268,4jxh_HRC_A_301,2,diffdock,0.2082697,0.015331421,13.584499,0,0.00051778605,15.327974
13578,301,5756,822,2z1z_MLT_A_433,2,diffdock,0.21590345,0.015300382,14.110984,0,0,27.993817
13579,301,6212,887,3se2_LDR_A_1,3,diffdock_l,0.34895895,0.015295581,22.814362,0,0.99725565,22.968123
13580,302,12281,1754,5htd_MYR_A_201,3,diffdock_l,0.75771049,0.054776553,13.832751,0,0.93036278,13.00262
13581,302,14303,2043,5y7r_AKG_B_402,2,diffdock,0.61993948,0.035464841,17.480394,0,0,18.963931
13582,302,3390,484,2a1m_CAM_A_1422,2,diffdock,0.6179637,0.029795734,20.740004,0,4.9048719e-71,26.106718
13583,302,6982,997,3zog_A2Q_A_200,3,diffdock_l,0.17718346,0.025523478,6.9419785,0,0,8.9856617
13584,302,6981,997,3zog_A2Q_A_200,2,diffdock,0.15495916,0.023983266,6.4611359,0,0,10.780999
13585,302,4693,670,2oci_TYC_A_401,3,diffdock_l,0.24330935,0.021493979,11.319883,0,0.99740791,15.622729
13586,302,6211,887,3se2_LDR_A_1,2,diffdock,0.61846031,0.021357161,28.957981,0,0.99744241,25.574663
13587,302,10125,1446,4v36_LYN_A_1851,3,diffdock_l,0.17685662,0.020866779,8.4755106,0,0,22.393355
13588,302,12463,1780,5ioq_DUR_B_303,3,diffdock_l,0.2410515,0.020660973,11.666995,0,1.4258057e-09,31.359841
13589,302,12140,1734,5h24_LQG_A_501,2,diffdock,0.60729643,0.020489254,29.639751,0,2.891954e-91,26.984653
13590,302,14479,2068,5ykt_PMP_A_501,3,diffdock_l,0.2864373,0.019353623,14.800189,0,0.9956315,41.189831
13591,302,3481,497,2ajv_COC_L_501,2,diffdock,0.23533713,0.019328672,12.175545,0,0.033301016,20.549803
13592,302,14486,2069,5ykt_PMP_B_501,3,diffdock_l,0.28483082,0.019245078,14.800189,0,0.99633278,40.146373
13593,302,129,18,1aog_MAE_A_500,3,diffdock_l,0.22587488,0.019001863,11.886985,0,3.2482276e-40,19.057001
13594,302,12470,1781,5ioq_DUR_C_302,3,diffdock_l,0.22106396,0.018947804,11.666995,0,0,30.578767
13595,302,8879,1268,4jxh_HRC_A_301,3,diffdock_l,0.23141194,0.018741089,12.347837,0,0.0006603144,14.725057
13596,302,4692,670,2oci_TYC_A_401,2,diffdock,0.20116824,0.018721891,10.74508,0,0,15.617969
13597,302,11903,1700,5fv3_OGA_A_1770,3,diffdock_l,0.24324104,0.018632934,13.054359,0,0.99749631,24.714121
13598,302,6044,863,3qfx_CP6_B_702,3,diffdock_l,0.32945043,0.018408551,17.896595,0,0.97853974,23.658341
13599,302,16014,2287,6lit_2OH_B_501,5,autodock,0.257299,0.017925326,14.353936,0,0,5.9283446
13600,302,9740,1391,4qe1_RUU_A_403,3,diffdock_l,0.21159912,0.01792107,11.807281,0,0.99666776,18.304765
13601,302,4301,614,2hs3_FGR_A_2166,3,diffdock_l,0.23876698,0.017781009,13.428201,0,4.2787478e-06,36.030559
13602,302,9803,1400,4r3n_3GQ_B_404,3,diffdock_l,0.23250265,0.017754163,13.095669,0,7.8949599e-47,18.419896
13603,302,8291,1184,4gt9_UMP_A_302,3,diffdock_l,0.20055555,0.017693214,11.335167,0,0,13.083334
13604,302,4280,611,2hdk_COI_B_900,3,diffdock_l,0.20134304,0.017629444,11.420838,0,0.0026944533,24.368525
13605,302,5889,841,2zgw_BTN_A_1401,2,diffdock,0.29049995,0.017432222,16.664537,0,0.99181098,21.726631
13606,302,3468,495,2ai1_P1G_A_293,3,diffdock_l,0.33159238,0.017430579,19.0236,0,0.96974697,23.129404
13607,302,12729,1818,5jj2_MLI_A_305,3,diffdock_l,0.1771438,0.017387427,10.188039,0,3.6046053e-09,43.609789
13608,302,3761,537,2coj_GBN_B_420,2,diffdock,0.29190452,0.017333289,16.840687,0,0,31.591744
13609,302,6436,919,3uwb_BB2_A_154,3,diffdock_l,0.3215209,0.017203918,18.688816,0,0,15.960209
13610,302,9712,1387,4q40_VAL_D_403,3,diffdock_l,0.2708056,0.016930576,15.99506,0,0,8.4685576
13611,302,7310,1044,4bbx_LKF_B_1760,2,diffdock,0.49986046,0.016864528,29.639751,0,0,38.494492
13612,302,3482,497,2ajv_COC_L_501,3,diffdock_l,0.27337766,0.016842935,16.230997,0,0.014730931,19.77293
13613,302,13988,1998,5w8q_BU4_B_400,2,diffdock,0.22541465,0.016783654,13.430606,0,0.99726344,22.414133
13614,302,9238,1319,4mig_G3F_D_802,5,autodock,0.26973024,0.01676699,16.086979,0,0.029798966,14.045444
13615,302,185,26,1c3s_SHH_A_952,3,diffdock_l,0.23638187,0.016649929,14.197169,0,0,23.786615
13616,302,8969,1281,4kqx_HIO_A_402,2,diffdock,0.25644335,0.016562607,15.483271,0,0.0041103277,27.539086
13617,302,3888,555,2eb5_OXL_C_2003,3,diffdock_l,0.29556396,0.016440088,17.978245,0,4.044726e-49,22.312339
13618,302,14842,2120,6bxk_MTA_B_401,2,diffdock,0.21890095,0.01620043,13.512045,0,0,36.93227
13619,302,15725,2246,6jmd_ORO_A_402,3,diffdock_l,0.21880682,0.016189654,13.515224,0,4.833227e-05,19.127224
13620,302,16012,2287,6lit_2OH_B_501,3,diffdock_l,0.34674162,0.016170514,21.442831,0,2.176183e-42,21.777568
13621,302,10608,1515,4zhd_4OZ_B_202,3,diffdock_l,0.18191687,0.016138639,11.272131,0,0,20.59522
13622,302,5833,833,2z48_NGA_B_2003,2,diffdock,0.32010211,0.016136678,19.836926,0,0,32.736783
13623,302,5700,814,2y4j_LAC_B_400,2,diffdock,0.21938098,0.016117295,13.611526,0,0,22.281714
13624,302,3426,489,2a9z_26A_A_1002,3,diffdock_l,0.32526474,0.016062571,20.249853,0,2.4136263e-23,26.940733
13625,302,1703,243,1mmx_FUC_B_348,2,diffdock,0.25554399,0.015800939,16.172707,0,6.748806e-57,22.993235
13626,302,128,18,1aog_MAE_A_500,2,diffdock,0.17422325,0.015741344,11.067875,0,0,27.99414
13627,302,3909,558,2ef9_A5P_B_2269,3,diffdock_l,0.24479387,0.015695238,15.596696,0,4.7571687e-31,25.614039
13628,302,4279,611,2hdk_COI_B_900,2,diffdock,0.16139622,0.015694023,10.283928,0,0,27.024152
13629,302,10615,1516,4zhd_4OZ_C_202,3,diffdock_l,0.18297901,0.015645511,11.695303,0,5.3688867e-08,12.020605
13630,303,11902,1700,5fv3_OGA_A_1770,2,diffdock,0.61238276,0.032264814,18.979893,0,0.99705979,31.863179
13631,303,4728,675,2p1e_LAC_A_303,3,diffdock_l,0.17685896,0.022771029,7.76684,0,0,11.973801
13632,303,14485,2069,5ykt_PMP_B_501,2,diffdock,0.66378516,0.022340106,29.712711,0,3.4013607e-27,43.560239
13633,303,14478,2068,5ykt_PMP_A_501,2,diffdock,0.66360059,0.022333894,29.712711,0,0,40.821377
13634,303,10664,1523,4zqp_IMP_A_601,3,diffdock_l,0.33572595,0.022313405,15.04593,0,0,28.882133
13635,303,7640,1091,4cme_KTZ_C_1270,3,diffdock_l,0.34419033,0.021838027,15.761053,0,0,28.001163
13636,303,7626,1089,4cme_KTZ_A_1270,3,diffdock_l,0.34375177,0.021806563,15.763683,0,0,28.001163
13637,303,7633,1090,4cme_KTZ_B_1270,3,diffdock_l,0.343533,0.021792684,15.763683,0,0,28.001163
13638,303,9739,1391,4qe1_RUU_A_403,2,diffdock,0.59607436,0.021489034,27.738535,0,0.98901937,20.252438
13639,303,7647,1092,4cme_KTZ_D_1270,3,diffdock_l,0.33457751,0.021228118,15.761053,0,0,28.001163
13640,303,1935,276,1o2i_655_A_246,3,diffdock_l,0.33254446,0.021203953,15.683134,0,0,19.628988
13641,303,6043,863,3qfx_CP6_B_702,2,diffdock,0.61227914,0.020606638,29.712711,0,1.522812e-32,23.008866
13642,303,3467,495,2ai1_P1G_A_293,2,diffdock,0.59961346,0.020180367,29.712711,0,0,23.740356
13643,303,15402,2200,6g5q_EMZ_B_402,2,diffdock,0.29355866,0.019103239,15.366957,0,0,24.584827
13644,303,13820,1974,5vka_AKG_A_402,2,diffdock,0.27883815,0.019037839,14.646523,0,0,19.324524
13645,303,9711,1387,4q40_VAL_D_403,2,diffdock,0.24161265,0.018676818,12.936499,0,0.99570508,26.812072
13646,303,7059,1008,4a01_2PN_B_1773,3,diffdock_l,0.246635,0.018016825,13.689148,0,0,38.873194
13647,303,2852,407,1vzu_UDP_B_2371,3,diffdock_l,0.32294313,0.017690718,18.254946,0,0,29.6964
13648,303,4727,675,2p1e_LAC_A_303,2,diffdock,0.15264525,0.01760315,8.6714725,0,0,11.466373
13649,303,15389,2198,6fw0_E92_B_602,3,diffdock_l,0.3366789,0.017521116,19.215607,0,2.1280867e-07,40.062467
13650,303,4174,596,2g5v_22M_A_301,2,diffdock,0.17870335,0.017196087,10.392093,0,0,20.579324
13651,303,2285,326,1qmh_CIT_A_401,3,diffdock_l,0.20787546,0.016922596,12.283898,0,0,25.472317
13652,303,5582,797,2xhk_AKG_B_519,3,diffdock_l,0.24154145,0.016718987,14.447133,0,1.0080564e-24,18.883933
13653,303,9922,1417,4tqi_6BD_B_201,3,diffdock_l,0.24214131,0.016666541,14.528587,0,0.0001753215,16.873772
13654,303,12322,1760,5i5s_NVU_A_402,2,diffdock,0.27494941,0.01666414,16.499464,0,0,28.548482
13655,303,5897,842,2zi2_24U_H_801,3,diffdock_l,0.32991119,0.016610947,19.861069,0,0,28.001163
13656,303,13729,1961,5uio_LG3_E_201,2,diffdock,0.29707327,0.016543981,17.956575,0,1.7308024e-60,21.873751
13657,303,7639,1091,4cme_KTZ_C_1270,2,diffdock,0.27808,0.016499719,16.853619,0,0,30.149476
13658,303,1144,163,1ixo_G3P_A_1001,3,diffdock_l,0.23022119,0.016471483,13.976955,0,1.3939365e-57,6.6056445
13659,303,7625,1089,4cme_KTZ_A_1270,2,diffdock,0.27781738,0.016436843,16.902111,0,0,30.149476
13660,303,7632,1090,4cme_KTZ_B_1270,2,diffdock,0.2776238,0.01642539,16.902111,0,0,30.149476
13661,303,6435,919,3uwb_BB2_A_154,2,diffdock,0.28832598,0.016409516,17.570656,0,0,15.82418
13662,303,4772,681,2prg_BRL_B_2,5,autodock,0.21729461,0.016404067,13.246386,0,0,6.2016844
13663,303,13715,1959,5uio_LG3_B_201,2,diffdock,0.2865217,0.016389973,17.481522,0,4.4147823e-44,20.290139
13664,303,3866,552,2e56_MYR_A_701,2,diffdock,0.20743574,0.016344649,12.691354,0,9.9122936e-08,15.403761
13665,303,5575,796,2xhk_AKG_A_519,3,diffdock_l,0.23551448,0.016246232,14.496559,0,0.9893212,18.474644
13666,303,14415,2059,5ybp_AKG_A_302,2,diffdock,0.28717399,0.016177041,17.751945,0,0,23.192791
13667,303,13708,1958,5uio_LG3_A_201,2,diffdock,0.28238708,0.016153459,17.481522,0,0.99509138,21.739331
13668,303,9915,1416,4tqi_6BD_A_201,3,diffdock_l,0.23875561,0.016085343,14.843053,0,8.1182304e-28,16.482849
13669,303,7646,1092,4cme_KTZ_D_1270,2,diffdock,0.27050786,0.01605043,16.853619,0,0,30.149476
13670,303,11574,1653,5eo7_SFU_C_404,3,diffdock_l,0.28240827,0.015978494,17.674271,0,8.2257969e-65,20.614453
13671,303,11660,1665,5ezp_IPJ_A_201,5,autodock,0.13646292,0.015845817,8.6119204,0,0,8.8042411
13672,303,10663,1523,4zqp_IMP_A_601,2,diffdock,0.27076708,0.015836264,17.097912,0,0,31.140295
13673,303,1648,235,1m3u_KPL_E_265,3,diffdock_l,0.37067168,0.015818729,23.432455,0,2.4779751e-56,44.247795
13674,303,13702,1957,5uio_8DM_E_202,3,diffdock_l,0.33530359,0.015713993,21.337896,0,1.7796821e-76,30.995807
13675,303,7570,1081,4cle_JR2_A_1270,3,diffdock_l,0.24670471,0.01568328,15.730427,0,2.7980105e-33,37.583742
13676,303,11546,1649,5eo7_SFU_B_405,3,diffdock_l,0.27277394,0.015604725,17.480213,0,9.1327548e-44,21.072953
13677,303,1354,193,1kae_HSO_A_1001,3,diffdock_l,0.35634277,0.015591826,22.854458,0,0.00016543841,27.1924
13678,303,402,57,1ei6_PPF_A_410,3,diffdock_l,0.27763492,0.015493096,17.91991,0,0,22.265543
13679,303,1809,258,1njr_XYL_A_285,3,diffdock_l,0.2346749,0.015491959,15.148173,0,0.59551713,12.924428
13680,304,17671,2524,6zug_QPW_H_1001,3,diffdock_l,0.33290037,0.022869365,14.556606,0,0,28.001163
13681,304,2236,319,1q3a_NGH_B_479,3,diffdock_l,0.32114374,0.022466645,14.294245,0,0,39.360523
13682,304,11042,1577,5bkd_AKG_A_502,3,diffdock_l,0.29657977,0.021966752,13.501302,0,0.0002486292,15.398994
13683,304,17461,2494,6wdv_TWM_A_701,3,diffdock_l,0.33213909,0.021547415,15.414335,0,0,32.702188
13684,304,11049,1578,5bkd_AKG_B_502,3,diffdock_l,0.28798394,0.021330086,13.501302,0,0.86753695,21.31205
13685,304,2229,318,1q3a_NGH_A_480,3,diffdock_l,0.30778385,0.021168435,14.539754,0,0,48.091965
13686,304,13142,1877,5njb_BB2_C_502,3,diffdock_l,0.32488842,0.020943333,15.512736,0,6.5465789e-75,61.337882
13687,304,3629,518,2bsc_NAG_A_1176,3,diffdock_l,0.18560054,0.020842257,8.9050102,0,0.98814404,10.293223
13688,304,1389,198,1kdo_C_A_5407,3,diffdock_l,0.32737696,0.020806783,15.734145,0,0,21.249065
13689,304,13135,1876,5njb_BB2_A_502,3,diffdock_l,0.32245776,0.020759953,15.532681,0,3.0492826e-86,17.05103
13690,304,10029,1432,4ug7_1EV_A_904,5,autodock,0.1278372,0.020703846,6.174562,0,1.1037441e-09,6.7692094
13691,304,7073,1010,4a78_JZ3_A_1296,3,diffdock_l,0.20241966,0.020458735,9.8940449,0,0.98865942,12.899801
13692,304,5574,796,2xhk_AKG_A_519,2,diffdock,0.60375296,0.020259099,29.801569,0,0,18.526167
13693,304,1353,193,1kae_HSO_A_1001,2,diffdock,0.32514454,0.019493744,16.679428,0,0,30.165893
13694,304,2235,319,1q3a_NGH_B_479,2,diffdock,0.26883333,0.01928563,13.939566,0,0.9648883,30.257992
13695,304,2228,318,1q3a_NGH_A_480,2,diffdock,0.25625606,0.018914623,13.548038,0,8.1681156e-21,30.012439
13696,304,5008,715,2qim_ZEA_A_159,3,diffdock_l,0.24651694,0.018878696,13.057942,0,1.2047711e-07,12.889364
13697,304,850,121,1h48_CDI_C_902,3,diffdock_l,0.32790994,0.0187443,17.493847,0,2.1262222e-64,29.374548
13698,304,10621,1517,4zjz_BEZ_A_1001,2,diffdock,0.29465826,0.018636933,15.810447,0,6.6717354e-08,28.964391
13699,304,3244,463,1zha_PEP_A_1268,3,diffdock_l,0.24865182,0.01840254,13.51182,0,1.5979487e-27,22.65819
13700,304,1396,199,1kdo_C_B_6407,3,diffdock_l,0.29329868,0.018156923,16.153543,0,0,43.510786
13701,304,3230,461,1zfj_IMP_A_500,3,diffdock_l,0.30955011,0.017722634,17.46637,0,0,22.930309
13702,304,808,115,1h48_C5P_C_901,3,diffdock_l,0.3277852,0.017702773,18.516035,0,4.6705211e-55,34.310523
13703,304,815,116,1h48_C5P_D_204,3,diffdock_l,0.32524183,0.017565413,18.516035,0,4.267842e-54,36.481301
13704,304,12274,1753,5hss_650_B_402,3,diffdock_l,0.24615258,0.017420474,14.130073,0,0,47.533045
13705,304,7072,1010,4a78_JZ3_A_1296,2,diffdock,0.17966346,0.017281875,10.396062,0,0.99271648,14.066486
13706,304,8795,1256,4j4b_0TF_B_301,3,diffdock_l,0.31164856,0.017236284,18.080957,0,0.01031378,30.23814
13707,304,15608,2229,6hsg_GM5_B_504,5,autodock,0.21493539,0.017183391,12.508321,0,0,8.4581249
13708,305,3628,518,2bsc_NAG_A_1176,2,diffdock,0.59462458,0.035934143,16.547619,0,0,10.76353
13709,305,11048,1578,5bkd_AKG_B_502,2,diffdock,0.54382768,0.02174043,25.014576,0,2.8880026e-39,21.638572
13710,305,6856,979,3wug_XYP_C_2,3,diffdock_l,0.17871627,0.020269003,8.8172197,0,4.5178151e-36,36.711288
13711,305,14052,2007,5wqp_NCA_A_302,3,diffdock_l,0.18439785,0.019868868,9.2807417,0,0,38.645307
13712,305,9152,1307,4lxi_22J_A_301,3,diffdock_l,0.27398182,0.019722048,13.892158,0,0.99112002,47.247051
13713,305,2985,426,1xc7_GL6_A_998,3,diffdock_l,0.32791522,0.018547765,17.679499,0,0.91385982,35.941074
13714,305,14051,2007,5wqp_NCA_A_302,2,diffdock,0.16707042,0.018448951,9.0558214,0,0.087760861,18.288475
13715,305,15144,2163,6f66_CUT_B_300,3,diffdock_l,0.32198805,0.017308342,18.603054,0,6.270659e-33,22.837357
13716,305,7772,1110,4d06_X8W_D_303,2,diffdock,0.18821329,0.01700944,11.065225,0,2.2331049e-62,41.960357
13717,305,8136,1162,4evi_N7I_B_401,2,diffdock,0.27843142,0.016944702,16.431767,0,1.4907087e-39,31.698752
13718,305,12750,1821,5jp9_DCM_B_401,3,diffdock_l,0.31823063,0.016825892,18.913149,0,0,18.392124
13719,305,9243,1320,4mju_27S_A_501,3,diffdock_l,0.24825833,0.016765839,14.80739,0,0,29.42288
13720,305,6849,978,3wug_XYP_B_2,3,diffdock_l,0.16955551,0.01669256,10.157549,0,1.1050659e-39,13.925713
13721,305,15550,2221,6hmw_FUL_H_201,3,diffdock_l,0.27295803,0.016688448,16.356104,0,9.2552958e-63,19.938494
13722,305,15137,2162,6f66_CUT_A_300,3,diffdock_l,0.32371254,0.016662317,19.42782,0,0.99244803,17.786797
13723,305,7612,1087,4clr_FDB_C_1270,3,diffdock_l,0.21386499,0.016329079,13.097185,0,0,28.001163
13724,305,7605,1086,4clr_FDB_A_1270,3,diffdock_l,0.21424283,0.016177887,13.242942,0,0,28.001163
13725,305,16131,2304,6mry_FLC_A_101,3,diffdock_l,0.24117703,0.016155355,14.928612,0,4.8407806e-26,23.256731
13726,305,9242,1320,4mju_27S_A_501,2,diffdock,0.21408722,0.016127262,13.274863,0,0,40.914213
13727,305,9182,1311,4m2c_DAR_C_402,5,autodock,0.18494416,0.01599979,11.559161,0,0.84620049,18.421946
13728,305,4721,674,2oxp_THP_A_300,3,diffdock_l,0.22469849,0.015974265,14.066279,0,3.1454328e-09,28.358346
13729,305,15557,2222,6hmw_FUL_I_201,3,diffdock_l,0.25713033,0.015833794,16.239336,0,4.4162256e-71,18.455493
13730,305,2950,421,1x09_IPE_A_902,3,diffdock_l,0.23003194,0.015803437,14.555816,0,9.0822661e-07,13.350457
13731,305,6779,968,3wk1_O7E_A_301,3,diffdock_l,0.3023445,0.015776115,19.164698,0,0.98570462,48.56865
13732,305,4560,651,2ntk_IMP_B_206,3,diffdock_l,0.30181053,0.015689513,19.236448,0,0,41.916196
13733,305,5687,812,2y00_Y00_B_601,3,diffdock_l,0.32292488,0.015672719,20.604265,0,1.206886e-47,29.761461
13734,305,255,36,1d6u_HY1_A_2001,3,diffdock_l,0.3394391,0.015640316,21.702827,0,0,28.001163
13735,305,1431,204,1klz_U_A_2001,3,diffdock_l,0.29777025,0.015561948,19.134508,0,0,19.460484
13736,305,1060,151,1ij8_BNI_B_502,3,diffdock_l,0.23413425,0.015491887,15.113345,0,0,19.419876
13737,305,9151,1307,4lxi_22J_A_301,2,diffdock,0.24859627,0.015442152,16.098549,0,0.75393012,28.707507
13738,305,8137,1162,4evi_N7I_B_401,3,diffdock_l,0.32418548,0.015329112,21.148352,0,0,28.029127
13739,305,9110,1301,4lm7_U5P_A_201,3,diffdock_l,0.21973462,0.0152864,14.374516,0,7.354722e-15,9.9289801
13740,305,2509,358,1thc_FL9_A_130,3,diffdock_l,0.1837176,0.015270564,12.030831,0,0,17.929501
13741,305,15549,2221,6hmw_FUL_H_201,2,diffdock,0.25140308,0.015228771,16.508427,0,0,19.483279
13742,305,10950,1564,5agl_CCW_B_800,2,diffdock,0.20733114,0.015108958,13.722397,0,4.1031789e-11,37.606548
13743,305,5007,715,2qim_ZEA_A_159,2,diffdock,0.21424041,0.015101841,14.186376,0,1.1972582e-07,17.298673
13744,305,15143,2163,6f66_CUT_B_300,2,diffdock,0.2763736,0.015037926,18.378437,0,6.7478583e-33,25.146769
13745,305,1269,181,1jhv_PCR_A_990,2,diffdock,0.2160827,0.01502524,14.381313,0,0.44500372,13.714825
13746,305,10166,1452,4wdd_CIT_A_401,2,diffdock,0.22456543,0.015003867,14.96717,0,0,13.966904
13747,305,6855,979,3wug_XYP_C_2,2,diffdock,0.15658846,0.014974238,10.45719,0,1.3722846e-05,21.177108
13748,305,4450,635,2j5b_TYE_A_1336,5,autodock,0.094792729,0.014972872,6.3309641,0,0,18.873981
13749,305,15207,2172,6f7r_CIT_A_1003,3,diffdock_l,0.22591301,0.014953684,15.107514,0,0,16.77319
13750,305,13834,1976,5vl0_BNF_B_404,2,diffdock,0.27147084,0.014916653,18.199177,0,0,36.437296
13751,305,7317,1045,4bdr_CYS_B_804,2,diffdock,0.16072804,0.014909423,10.780298,0,3.8404443e-31,18.22158
13752,305,2266,323,1q6r_LX1_B_9301,5,autodock,0.16238524,0.014862462,10.925863,0,0.1334546,10.850399
13753,305,7598,1085,4clo_XP0_D_1270,3,diffdock_l,0.29905757,0.014857893,20.127857,0,0,28.001163
13754,305,262,37,1d6u_HY1_B_3001,3,diffdock_l,0.3219321,0.014833646,21.702827,0,0,28.001163
13755,305,2966,423,1x2a_PDG_A_413,5,autodock,0.24553592,0.0147982,16.592281,0,0,42.959472
13756,305,6823,974,3wsg_CIT_C_302,5,autodock,0.15317681,0.014770282,10.370607,0,0.11443442,13.470872
13757,305,15556,2222,6hmw_FUL_I_201,2,diffdock,0.24170144,0.014701517,16.440577,0,4.2642376e-88,21.966008
13758,306,6778,968,3wk1_O7E_A_301,2,diffdock,0.60728228,0.031492385,19.283463,0,0.99219277,20.668984
13759,306,14513,2073,5z54_0HZ_A_303,2,diffdock,0.18539418,0.022024226,8.417738,0,6.4621371e-19,30.372349
13760,306,2984,426,1xc7_GL6_A_998,2,diffdock,0.60409004,0.021145321,28.568495,0,0.8578814,38.735527
13761,306,15136,2162,6f66_CUT_A_300,2,diffdock,0.61545333,0.020472148,30.062956,0,0.9917149,26.71989
13762,306,9725,1389,4qbz_D80_B_901,2,diffdock,0.32880559,0.019934845,16.494011,0,0.99646388,34.860037
13763,306,5896,842,2zi2_24U_H_801,2,diffdock,0.28750353,0.018647345,15.417933,0,0,30.149476
13764,306,7353,1050,4buf_F36_A_2162,3,diffdock_l,0.30762773,0.018599088,16.539934,0,0.98497887,24.428773
13765,306,7360,1051,4buf_F36_B_2162,3,diffdock_l,0.30686011,0.018552678,16.539934,0,0.9897624,28.789751
13766,306,4272,610,2gzm_DGL_C_503,2,diffdock,0.25480104,0.018158634,14.031949,0,0,25.745168
13767,306,3362,480,1zuw_DGL_C_3301,2,diffdock,0.25436769,0.018083305,14.066438,0,0,28.794942
13768,306,9109,1301,4lm7_U5P_A_201,2,diffdock,0.19212028,0.017850119,10.762968,0,0,13.042874
13769,306,4265,609,2gzm_DGL_B_502,2,diffdock,0.25438622,0.017733654,14.344828,0,0,27.49224
13770,306,14723,2103,6ayv_MLI_A_409,2,diffdock,0.21485709,0.017533176,12.254315,0,0,22.097968
13771,306,1256,179,1jho_RMB_A_990,3,diffdock_l,0.30468432,0.017381254,17.529476,0,8.515972e-34,23.043681
13772,306,6106,872,3r3z_GOA_B_305,2,diffdock,0.28028606,0.017320463,16.182364,0,6.7106996e-62,18.708126
13773,306,3355,479,1zuw_DGL_B_2301,2,diffdock,0.25270307,0.017257249,14.643299,0,0,25.537224
13774,306,6183,883,3ryd_SRT_A_267,2,diffdock,0.20581989,0.01721717,11.954338,0,0,21.301368
13775,306,2999,428,1xid_ASC_A_389,3,diffdock_l,0.23529839,0.017100064,13.760087,0,0,18.980757
13776,306,12451,1778,5ijz_AKG_H_502,5,autodock,0.26102545,0.017005554,15.349422,0,0.40614305,7.1497973
13777,306,1934,276,1o2i_655_A_246,2,diffdock,0.2628024,0.016994958,15.463551,0,0,20.113094
13778,306,7926,1132,4dt8_ADN_B_401,2,diffdock,0.27146039,0.016741756,16.214569,0,0.97650452,28.237295
13779,306,6603,943,3vq5_MMJ_B_307,2,diffdock,0.20426252,0.016704578,12.227936,0,0.12656867,19.46687
13780,306,2620,374,1tsd_UMP_B_265,2,diffdock,0.26257721,0.016673606,15.748075,0,1.2613832e-39,29.270099
13781,306,4847,692,2q28_TPP_A_4001,3,diffdock_l,0.2686807,0.016663004,16.124384,0,0,46.946824
13782,306,17670,2524,6zug_QPW_H_1001,2,diffdock,0.29256187,0.016639658,17.582203,0,0,30.149476
13783,306,2613,373,1tsd_UMP_A_267,2,diffdock,0.25976521,0.016487601,15.755184,0,0.99303677,31.430428
13784,306,11524,1646,5eo7_SFU_B_401,2,diffdock,0.29866848,0.016451729,18.154228,0,0,21.051856
13785,306,1255,179,1jho_RMB_A_990,2,diffdock,0.26102268,0.016240106,16.072718,0,0,25.830938
13786,306,2270,324,1q92_DRM_A_1001,2,diffdock,0.25687574,0.016183788,15.872411,0,0,15.926987
13787,306,14514,2073,5z54_0HZ_A_303,3,diffdock_l,0.21428451,0.016147261,13.27064,0,2.2876155e-60,12.62562
13788,306,5071,724,2qvr_FDP_A_333,3,diffdock_l,0.30279567,0.01606115,18.852674,0,0,22.312508
13789,306,12444,1777,5ijz_AKG_D_502,5,autodock,0.24165269,0.015951196,15.149502,0,0.00077328412,6.7903027
13790,306,8571,1224,4i4v_NGA_B_202,3,diffdock_l,0.20351119,0.015945158,12.763196,0,1.710032e-44,16.565336
13791,306,2271,324,1q92_DRM_A_1001,3,diffdock_l,0.30092461,0.015937254,18.881834,0,0.010152008,15.74283
13792,306,6604,943,3vq5_MMJ_B_307,3,diffdock_l,0.24769986,0.015909245,15.569553,0,1.0751793e-18,16.616369
13793,306,15921,2274,6l17_E2X_A_401,3,diffdock_l,0.27405042,0.015772806,17.374866,0,0.90590847,25.551868
13794,306,4175,596,2g5v_22M_A_301,3,diffdock_l,0.19014682,0.01576936,12.057991,0,0.29531308,16.487888
13795,306,10656,1522,4zo7_GLC_A_806,2,diffdock,0.3287865,0.015764814,20.855715,0,0,37.882842
13796,306,14458,2065,5yfj_RUB_A_401,3,diffdock_l,0.32910094,0.015746507,20.899931,0,0,34.737166
13797,306,17104,2443,6t02_M5E_A_601,3,diffdock_l,0.16816365,0.015736623,10.686132,0,0,15.313884
13798,306,86,12,1aiq_UMP_A_265,2,diffdock,0.26309452,0.015675881,16.783394,0,0,30.149476
13799,306,4854,693,2q28_TPP_B_5001,3,diffdock_l,0.25205672,0.01563202,16.124384,0,7.6021747e-60,52.33517
13800,306,8564,1223,4i4v_NGA_B_201,3,diffdock_l,0.20401913,0.015620154,13.061275,0,5.9247914e-40,21.137317
13801,306,3348,478,1zuw_DGL_A_1301,2,diffdock,0.22398125,0.015536569,14.416389,0,0.99478053,25.453115
13802,306,8549,1221,4i4v_NGA_A_201,2,diffdock,0.25427622,0.015517631,16.386276,0,0,23.086475
13803,306,16110,2301,6mae_JBA_A_301,3,diffdock_l,0.30397106,0.015399784,19.738655,0,0,24.869208
13804,306,1865,266,1ns4_BGC_B_2400,3,diffdock_l,0.25960881,0.015374864,16.885273,0,0,23.232844
13805,306,8585,1226,4i4v_NGA_D_202,3,diffdock_l,0.20337786,0.015371853,13.230536,0,1.3500547e-42,21.209188
13806,306,9046,1292,4l80_OXL_A_402,2,diffdock,0.27328771,0.015263655,17.904472,0,2.4845185e-72,35.784192
13807,306,7927,1132,4dt8_ADN_B_401,3,diffdock_l,0.31692858,0.015178237,20.880459,0,0.97146819,23.086089
13808,307,15920,2274,6l17_E2X_A_401,2,diffdock,0.57017683,0.026036345,21.899263,0,0,23.78494
13809,307,2614,373,1tsd_UMP_A_267,3,diffdock_l,0.78126565,0.025913073,30.149477,0,1.4854147e-39,28.680553
13810,307,8731,1247,4iph_1FJ_A_201,2,diffdock,0.26154823,0.021433338,12.202868,0,0.77466502,14.225416
13811,307,7359,1051,4buf_F36_B_2162,2,diffdock,0.62358051,0.020682961,30.149477,0,4.1331829e-45,27.081277
13812,307,7352,1050,4buf_F36_A_2162,2,diffdock,0.62109018,0.020600362,30.149477,0,5.3711906e-45,25.060382
13813,307,17734,2533,7c7g_FJR_B_402,3,diffdock_l,0.24164957,0.019927271,12.126575,0,0,16.767274
13814,307,3748,535,2ci0_1CM_A_1450,3,diffdock_l,0.19589079,0.019840355,9.8733501,0,9.768287e-28,21.518941
13815,307,17727,2532,7c7g_FJR_A_402,3,diffdock_l,0.23497038,0.019642276,11.962481,0,2.211716e-49,34.620955
13816,307,4882,697,2qb4_DSM_A_801,3,diffdock_l,0.31306218,0.019113592,16.379032,0,0.8717084,30.499985
13817,307,3139,448,1z11_8MO_C_501,3,diffdock_l,0.24037612,0.019095712,12.587962,0,2.6392005e-59,42.348113
13818,307,7922,1131,4do1_ANN_D_502,5,autodock,0.12753744,0.018416469,6.9251833,0,0,8.472639
13819,307,15059,2151,6e43_BEZ_C_502,2,diffdock,0.28949744,0.017894391,16.178108,0,4.2475396e-42,32.164744
13820,307,15066,2152,6e43_BEZ_D_502,2,diffdock,0.29019202,0.017885103,16.225346,0,2.5352873e-90,31.248243
13821,307,1543,220,1ldo_SNR_B_350,3,diffdock_l,0.24058453,0.017870167,13.462914,0,0,12.996413
13822,307,15045,2149,6e43_BEZ_A_502,2,diffdock,0.28900219,0.017863779,16.178108,0,5.6229327e-62,30.6577
13823,307,15052,2150,6e43_BEZ_B_502,2,diffdock,0.28795821,0.017799249,16.178108,0,2.3297639e-93,30.395233
13824,307,9767,1395,4qya_LU2_A_201,2,diffdock,0.19049223,0.017149617,11.107666,0,8.0477025e-24,17.334731
13825,307,13198,1885,5o3d_9J5_A_501,3,diffdock_l,0.31884958,0.016950518,18.810608,0,0.074598216,28.461483
13826,307,10860,1551,5a86_D7E_A_1433,3,diffdock_l,0.3291612,0.016920017,19.453951,0,7.2602154e-48,42.786556
13827,307,9572,1367,4oxy_1TN_B_302,3,diffdock_l,0.32799428,0.016873034,19.438961,0,6.9396543e-10,18.950721
13828,307,8276,1182,4gnp_PEP_A_703,2,diffdock,0.26647457,0.016745918,15.912807,0,0.27708654,27.433674
13829,307,7423,1060,4c2p_X8Z_A_709,3,diffdock_l,0.33960226,0.01662601,20.425961,0,0.98846981,29.07001
13830,307,5085,726,2qx4_ML1_B_233,3,diffdock_l,0.239575,0.016490852,14.527751,0,1.2667629e-33,25.184544
13831,307,7156,1022,4ajj_88R_B_1333,2,diffdock,0.35431329,0.016446981,21.542753,0,0,43.850804
13832,307,17790,2541,8cpp_TCM_A_422,3,diffdock_l,0.18666264,0.016342505,11.42191,0,0.063612149,20.13635
13833,307,7031,1004,3zyx_MBT_A_601,3,diffdock_l,0.23543113,0.016306574,14.437803,0,4.5738837e-62,35.697291
13834,307,11916,1702,5fwe_OGA_A_1358,2,diffdock,0.27567197,0.016203896,17.012695,0,0,30.149476
13835,307,1542,220,1ldo_SNR_B_350,2,diffdock,0.19893347,0.016041484,12.401188,0,6.9916625e-34,16.330066
13836,307,3818,545,2dcf_ACA_A_501,3,diffdock_l,0.25596562,0.016012151,15.98571,0,0.99733744,20.291154
13837,307,919,131,1h5r_THM_B_1293,2,diffdock,0.23519855,0.016000768,14.699203,0,7.4731055e-44,39.043944
13838,307,12021,1717,5g4r_LF1_C_1739,2,diffdock,0.28679504,0.015952649,17.977892,0,1.5701118e-65,25.95403
13839,307,422,60,1euu_GAL_A_2,2,diffdock,0.17575622,0.015824249,11.106765,0,0,24.106603
13840,307,3209,458,1zei_CRS_E_55,3,diffdock_l,0.23934135,0.015695168,15.249364,0,4.3515897e-36,13.1164
13841,307,4889,698,2qb4_DSM_A_802,3,diffdock_l,0.23934674,0.015666999,15.277126,0,6.1518753e-34,18.306875
13842,307,17020,2431,6si4_LEK_B_402,3,diffdock_l,0.23753911,0.015652892,15.175412,0,1.1039183e-42,23.697412
13843,307,12357,1765,5i8z_JA1_A_302,2,diffdock,0.28454842,0.015632156,18.202761,0,0.97163609,22.584157
13844,307,8739,1248,4iph_1FJ_A_202,3,diffdock_l,0.16715479,0.015610865,10.707592,0,0.0089254456,61.076419
13845,307,13197,1885,5o3d_9J5_A_501,2,diffdock,0.2736066,0.015519879,17.629427,0,0,13.394913
13846,307,920,131,1h5r_THM_B_1293,3,diffdock_l,0.27682002,0.015448215,17.919222,0,1.4041809e-39,37.660584
13847,307,12008,1715,5g4r_LF1_A_1739,3,diffdock_l,0.28425127,0.015435731,18.415146,0,1.3090109e-42,23.443284
13848,307,16824,2403,6r6i_H50_B_201,3,diffdock_l,0.21865235,0.015400305,14.197923,0,0.97348714,18.138699
13849,307,11728,1675,5fay_CHT_A_908,3,diffdock_l,0.32676901,0.015175798,21.532244,0,0.99600675,34.396791
13850,307,10972,1567,5ahn_IMP_A_1468,3,diffdock_l,0.23235878,0.015161207,15.325875,0,0,22.791389
13851,307,8823,1260,4j7u_YTZ_D_802,3,diffdock_l,0.24156896,0.015147828,15.947432,0,6.4182646e-41,28.232846
13852,307,11657,1665,5ezp_IPJ_A_201,2,diffdock,0.19963678,0.01507241,13.245179,0,1.5255763e-58,37.523105
13853,307,1011,144,1hsb_ALA_A_1001,3,diffdock_l,0.16688114,0.015031291,11.102248,0,0,17.825319
13854,307,11678,1668,5ezp_IPJ_G_202,2,diffdock,0.20021125,0.015014672,13.334373,0,0,34.986313
13855,307,3195,456,1zei_CRS_D_54,3,diffdock_l,0.22735809,0.014900784,15.258129,0,0.08854,12.755831
13856,307,17236,2462,6toj_NQQ_A_201,2,diffdock,0.2494644,0.014857466,16.790506,0,3.5841039e-31,12.256798
13857,307,9530,1361,4o95_245_A_602,3,diffdock_l,0.22996694,0.014814282,15.523326,0,0,14.714003
13858,308,3817,545,2dcf_ACA_A_501,2,diffdock,0.64951158,0.026999099,24.056786,0,0.9910006,28.614192
13859,308,1034,147,1i8a_BGC_A_189,5,autodock,0.13405533,0.025092432,5.3424597,0,0.046985592,57.006618
13860,308,11727,1675,5fay_CHT_A_908,2,diffdock,0.62173103,0.020621618,30.149477,0,3.2915567e-60,36.469328
13861,308,13842,1977,5vl0_BNF_C_404,3,diffdock_l,0.2880674,0.020408893,14.114797,0,0.1328077,34.42096
13862,308,13841,1977,5vl0_BNF_C_404,2,diffdock,0.24375121,0.01977826,12.324198,0,0,35.732487
13863,308,16747,2392,6qot_6SD_A_301,3,diffdock_l,0.32987875,0.01948435,16.930445,0,3.5728006e-24,26.581405
13864,308,13478,1925,5tde_FLC_A_501,3,diffdock_l,0.30000977,0.018706286,16.03791,0,0.92475169,29.797585
13865,308,4881,697,2qb4_DSM_A_801,2,diffdock,0.55070623,0.018265862,30.149477,0,0.95435495,33.287436
13866,308,16712,2387,6qo4_97T_B_301,3,diffdock_l,0.3145169,0.018021645,17.452173,0,1.3896129e-20,54.572973
13867,308,14913,2130,6cgc_F0A_B_402,3,diffdock_l,0.31601647,0.017919451,17.635386,0,3.5383753e-39,40.110529
13868,308,9571,1367,4oxy_1TN_B_302,2,diffdock,0.29421623,0.017896241,16.440111,0,0,50.034133
13869,308,4182,597,2g8t_MI2_A_401,3,diffdock_l,0.19923802,0.016897197,11.791186,0,0.031320471,25.299561
13870,308,6410,915,3uu7_2OH_A_1,5,autodock,0.25451553,0.01666091,15.276207,0,0,17.727638
13871,308,6417,916,3uu7_2OH_B_1,5,autodock,0.25366908,0.016605501,15.276207,0,0,23.382803
13872,308,9207,1315,4ma8_Z80_C_301,2,diffdock,0.096801825,0.016476617,5.875102,0,0,21.686409
13873,308,2908,415,1w62_PYC_A_700,3,diffdock_l,0.25309419,0.016406822,15.426154,0,0,25.819864
13874,308,6408,915,3uu7_2OH_A_1,3,diffdock_l,0.32241401,0.016177419,19.929878,0,3.2376741e-39,25.401718
13875,308,6415,916,3uu7_2OH_B_1,3,diffdock_l,0.32212656,0.016162995,19.929878,0,0.029417303,24.04038
13876,308,1032,147,1i8a_BGC_A_189,3,diffdock_l,0.17985622,0.015843861,11.351791,0,0.0085756795,10.378826
13877,308,17545,2506,6xu3_PLG_C_401,3,diffdock_l,0.36646999,0.015810149,23.179413,0,4.8421686e-54,45.136425
13878,308,16711,2387,6qo4_97T_B_301,2,diffdock,0.26649598,0.015786161,16.881618,0,0,23.143535
13879,308,5644,806,2xul_AKG_F_201,2,diffdock,0.204688,0.015300143,13.378175,0,4.6606534e-92,21.656899
13880,308,1881,268,1nsm_GLA_B_2400,5,autodock,0.19404175,0.015286446,12.693711,0,0.040983904,24.236084
13881,308,13408,1915,5tbo_78Z_A_1001,3,diffdock_l,0.32582286,0.015222832,21.403563,0,0.0010371913,26.835899
13882,308,5630,804,2xul_AKG_C_201,2,diffdock,0.19903524,0.015165218,13.124455,0,4.763929e-37,17.373679
13883,308,2649,378,1tvw_UMP_A_317,3,diffdock_l,0.23568408,0.015042809,15.667558,0,0.94356514,8.8128672
13884,308,2775,396,1uxq_G1P_A_1503,3,diffdock_l,0.22798002,0.014999549,15.199124,0,1.8913727e-36,27.136161
13885,308,5028,718,2qim_ZEA_A_162,2,diffdock,0.14791032,0.014991236,9.8664513,0,0,17.408386
13886,309,2648,378,1tvw_UMP_A_317,2,diffdock,0.56707636,0.043296462,13.097521,0,0.96004449,25.825433
13887,309,14059,2008,5x0j_SEP_A_302,3,diffdock_l,0.19747827,0.024781537,7.9687653,0,3.0896389e-06,75.854836
13888,309,14058,2008,5x0j_SEP_A_302,2,diffdock,0.20278448,0.022909051,8.8517179,0,0,14.832406
13889,309,997,142,1ho5_ADN_B_2604,3,diffdock_l,0.23612306,0.020950749,11.270387,0,0,34.694659
13890,309,2691,384,1u2o_NEC_A_1001,3,diffdock_l,0.31479251,0.019493187,16.148846,0,0.98867822,28.369741
13891,309,999,142,1ho5_ADN_B_2604,5,autodock,0.19330143,0.019426887,9.9502001,0,0.10723162,37.404902
13892,309,13477,1925,5tde_FLC_A_501,2,diffdock,0.57848261,0.019187151,30.149477,0,0,33.055721
13893,309,13975,1996,5w7b_MYR_B_208,3,diffdock_l,0.22980359,0.01899705,12.096803,0,1.8690985e-61,32.618711
13894,309,15836,2262,6k92_GT0_A_802,2,diffdock,0.35613805,0.018880346,18.862896,0,0.94883093,26.664893
13895,309,12974,1853,5m0e_7CR_A_922,3,diffdock_l,0.2942646,0.018848726,15.611909,0,0.95935489,28.725606
13896,309,996,142,1ho5_ADN_B_2604,2,diffdock,0.19619911,0.017132311,11.451992,0,1.5439171e-56,35.577688
13897,309,6702,957,3wat_BMA_A_404,3,diffdock_l,0.22828003,0.016679777,13.686035,0,0.013221611,21.532689
13898,309,6709,958,3wat_BMA_B_404,3,diffdock_l,0.22776038,0.016641807,13.686035,0,4.4183042e-83,19.853919
13899,309,2698,385,1u2o_NEC_B_1002,3,diffdock_l,0.2698768,0.016501232,16.354946,0,0.96850304,25.242957
13900,309,5757,822,2z1z_MLT_A_433,3,diffdock_l,0.21502091,0.016370446,13.1347,0,5.447472e-41,27.824235
13901,309,1963,280,1o6g_SIN_A_724,3,diffdock_l,0.2968216,0.016283074,18.228842,0,0.9641805,57.593267
13902,309,12973,1853,5m0e_7CR_A_922,2,diffdock,0.25364112,0.016221538,15.63607,0,0.98318567,47.914171
13903,309,9158,1308,4lz3_BTM_A_409,2,diffdock,0.28648985,0.015987955,17.919104,0,0,23.605356
13904,309,5792,827,2z48_A2G_B_2001,3,diffdock_l,0.25882975,0.015968737,16.208529,0,3.7916387e-31,25.689961
13905,309,5813,830,2z48_NGA_A_1003,3,diffdock_l,0.25826188,0.015933701,16.208529,0,4.6576e-94,25.18294
13906,309,290,41,1dai_DSD_A_225,3,diffdock_l,0.22850152,0.015844504,14.421499,0,2.9954257e-30,10.405103
13907,309,198,28,1ca7_ENO_A_501,2,diffdock,0.23507557,0.015826253,14.853519,0,1.3644955e-28,19.347117
13908,309,4742,677,2pin_LEG_A_501,3,diffdock_l,0.22672019,0.015823037,14.328486,0,0,21.997651
13909,309,3015,430,1xin_XYL_B_397,5,autodock,0.21181807,0.015807957,13.399458,0,0.0042091835,21.762512
13910,309,184,26,1c3s_SHH_A_952,2,diffdock,0.19921141,0.0156093,12.762353,0,0.940116,23.324074
13911,309,6380,911,3u3o_3QV_A_297,3,diffdock_l,0.17835176,0.015448255,11.545107,0,1.7800021e-09,19.030146
13912,309,3229,461,1zfj_IMP_A_500,2,diffdock,0.26460596,0.015419712,17.160238,0,0,32.883079
13913,309,2166,309,1pr0_NOS_C_1247,3,diffdock_l,0.36372583,0.015344498,23.703989,0,2.8329332e-55,13.479911
13914,309,5679,811,2y00_Y00_A_601,2,diffdock,0.29051729,0.015212187,19.097666,0,2.1494995e-48,31.805521
13915,309,5827,832,2z48_NGA_B_2002,3,diffdock_l,0.23656265,0.014870347,15.908347,0,0,25.334224
13916,309,4287,612,2hi4_BHF_A_800,3,diffdock_l,0.33141059,0.01486241,22.298574,0,1.4980249e-05,10.403349
13917,309,14187,2026,5xin_XLS_B_397,5,autodock,0.19755557,0.014858574,13.295728,0,0.111888,18.133783
13918,309,5686,812,2y00_Y00_B_601,2,diffdock,0.29484585,0.014848115,19.857458,0,0,30.504043
13919,309,12311,1758,5i0d_GLC_B_1122,5,autodock,0.13569842,0.014839848,9.1441908,0,0,61.492049
13920,309,14961,2137,6cwr_6LA_A_201,2,diffdock,0.31843297,0.014835926,21.463638,0,0,14.382949
13921,309,4147,592,2fzb_TOL_A_600,3,diffdock_l,0.31093651,0.014823647,20.975708,0,1.1903181e-07,21.796765
13922,309,13974,1996,5w7b_MYR_B_208,2,diffdock,0.18337468,0.014804388,12.386508,0,0,34.975869
13923,309,10068,1438,4ur9_BK9_A_1717,2,diffdock,0.21161987,0.014725662,14.370821,0,0,32.374079
13924,309,6841,977,3wsg_CIT_F_302,2,diffdock,0.28140882,0.01463711,19.225708,0,0,35.461972
13925,309,12976,1853,5m0e_7CR_A_922,5,autodock,0.22395375,0.014633707,15.303965,0,0,12.93269
13926,309,1647,235,1m3u_KPL_E_265,2,diffdock,0.35867927,0.014615809,24.540499,0,0,46.19246
13927,309,1773,253,1n3o_GYP_B_1101,2,diffdock,0.22355705,0.014517985,15.398626,0,0,19.358693
13928,309,2838,405,1vzd_UFP_A_317,3,diffdock_l,0.22642325,0.014501847,15.613406,0,0,21.759479
13929,309,745,106,1h18_DTL_B_9009,3,diffdock_l,0.22769225,0.014480597,15.723954,0,2.9884053e-275,27.7793
13930,309,738,105,1h18_DTL_A_9009,3,diffdock_l,0.23080397,0.014467489,15.953283,0,8.3748235e-34,30.984742
13931,309,8116,1159,4ekr_0R0_A_202,3,diffdock_l,0.29219712,0.014394015,20.299902,0,4.8479678e-36,13.298392
13932,309,199,28,1ca7_ENO_A_501,3,diffdock_l,0.24966232,0.014387878,17.352266,0,0,16.918514
13933,309,12771,1824,5k2c_ZMA_A_1201,3,diffdock_l,0.20437485,0.01438256,14.209907,0,0,23.248765
13934,309,15843,2263,6k92_GT0_B_602,2,diffdock,0.27347155,0.014334527,19.07782,0,0,25.839485
13935,309,8123,1160,4ekr_0R0_A_203,3,diffdock_l,0.17749692,0.014321457,12.393774,0,3.7388389e-52,13.277796
13936,310,6449,921,3v1s_0LH_B_401,2,diffdock,0.20672573,0.030515127,6.7745318,0,7.1860377e-68,20.581291
13937,310,2697,385,1u2o_NEC_B_1002,2,diffdock,0.64576235,0.02343284,27.558004,0,0,22.742388
13938,310,2690,384,1u2o_NEC_A_1001,2,diffdock,0.617998,0.022918605,26.964903,0,3.7877062e-50,25.160531
13939,310,16502,2357,6pk1_3PY_A_502,3,diffdock_l,0.24174098,0.020329587,11.89109,0,2.4449818e-07,15.157968
13940,310,1962,280,1o6g_SIN_A_724,2,diffdock,0.60193662,0.019862656,30.304939,0,0,37.112314
13941,310,16165,2309,6n0z_DP6_B_401,2,diffdock,0.32337897,0.018572775,17.411449,0,0,38.066986
13942,310,436,62,1eyw_TEN_A_403,2,diffdock,0.24621036,0.01825019,13.490837,0,0,30.149476
13943,310,16179,2311,6n0z_DP6_E_401,2,diffdock,0.29939136,0.017591673,17.018923,0,0,33.852708
13944,310,289,41,1dai_DSD_A_225,2,diffdock,0.19392263,0.017056818,11.369214,0,0.56842397,15.391403
13945,310,13037,1862,5mdh_MAK_A_335,3,diffdock_l,0.2172267,0.016794972,12.934031,0,0,20.786709
13946,310,14591,2084,5zpt_HY1_B_703,3,diffdock_l,0.33766211,0.016767035,20.138449,0,0,28.001163
13947,310,16501,2357,6pk1_3PY_A_502,2,diffdock,0.1989007,0.016566781,12.005995,0,2.2599847e-07,21.924734
13948,310,3593,513,2bgc_DTU_A_1238,2,diffdock,0.2019816,0.015904158,12.699923,0,0,30.149476
13949,310,3041,434,1xny_BTN_A_5602,3,diffdock_l,0.23234418,0.015861783,14.648048,0,1.1383089e-05,37.001024
13950,310,3586,512,2bgc_DTT_F_1238,2,diffdock,0.19842065,0.015623767,12.699923,0,0,30.149476
13951,310,7178,1025,4ajj_88S_B_1332,3,diffdock_l,0.24067688,0.015560987,15.466683,0,7.8578233e-80,35.718635
13952,310,7185,1026,4ajj_88S_C_1334,3,diffdock_l,0.23832632,0.015409011,15.466683,0,0.9944608,37.477625
13953,310,13036,1862,5mdh_MAK_A_335,2,diffdock,0.2033966,0.015322426,13.274438,0,0,22.397889
13954,310,16166,2309,6n0z_DP6_B_401,3,diffdock_l,0.36203732,0.01530199,23.659491,0,0,35.741307
13955,310,7192,1027,4ajj_88S_D_1332,3,diffdock_l,0.23546116,0.015223764,15.466683,0,7.0424534e-39,37.468587
13956,310,682,97,1gsi_TMP_A_1210,3,diffdock_l,0.25098534,0.015011536,16.719496,0,0.98860753,18.451773
13957,310,17559,2508,6xzx_O5H_B_302,3,diffdock_l,0.29581988,0.014873428,19.889151,0,0.14087723,38.647732
13958,310,14962,2137,6cwr_6LA_A_201,3,diffdock_l,0.36829038,0.014788765,24.903389,0,0.90996882,14.208138
13959,310,1983,283,1om5_INE_A_790,2,diffdock,0.16320999,0.014659747,11.133205,0,0,32.559037
13960,310,1991,284,1om5_INE_B_791,3,diffdock_l,0.18316371,0.014568952,12.572194,0,1.7645952e-19,29.172549
13961,310,1984,283,1om5_INE_A_790,3,diffdock_l,0.17650018,0.014560056,12.122217,0,1.1479443e-33,29.668716
13962,310,16180,2311,6n0z_DP6_E_401,3,diffdock_l,0.33654196,0.014529289,23.163,0,0,31.90689
13963,310,1186,169,1j0y_BGC_C_3601,3,diffdock_l,0.33958476,0.014523566,23.381636,0,3.687107e-77,18.942885
13964,310,14696,2099,6auq_BYJ_B_803,3,diffdock_l,0.23745075,0.014484169,16.39381,0,4.0867469e-24,37.195003
13965,310,7065,1009,4a3u_NCA_B_1359,2,diffdock,0.17811491,0.014460421,12.317408,0,0,24.294158
13966,310,1172,167,1j0y_BGC_A_1601,3,diffdock_l,0.33802044,0.014456662,23.381636,0,9.2551023e-103,31.531619
13967,310,3587,512,2bgc_DTT_F_1238,3,diffdock_l,0.22387039,0.01429629,15.659333,0,0,28.001163
13968,310,1557,222,1lo3_AN1_Y_500,3,diffdock_l,0.23789539,0.014274766,16.665447,0,7.3050997e-64,26.683576
13969,310,13296,1899,5oip_9WE_A_302,3,diffdock_l,0.32309406,0.014270499,22.640696,0,3.7262561e-10,20.344592
13970,310,14003,2000,5wcz_NOJ_B_601,3,diffdock_l,0.22683116,0.014248052,15.920151,0,0,29.383538
13971,310,1990,284,1om5_INE_B_791,2,diffdock,0.16521291,0.014223014,11.615885,0,0,32.869687
13972,310,5014,716,2qim_ZEA_A_160,2,diffdock,0.17319408,0.014113198,12.27178,0,4.301598e-09,12.397752
13973,310,8655,1236,4i9n_1E5_B_402,3,diffdock_l,0.32937837,0.014091476,23.374296,0,2.1073205e-128,43.154567
13974,310,13044,1863,5mdh_MAK_B_335,3,diffdock_l,0.18419635,0.014081823,13.080433,0,0,33.68498
13975,310,5015,716,2qim_ZEA_A_160,3,diffdock_l,0.20012729,0.01401016,14.284439,0,2.4933855e-08,12.523193
13976,310,626,89,1g8z_GAL_H_104,3,diffdock_l,0.2335866,0.013972523,16.717566,0,0.99473357,25.478879
13977,310,10657,1522,4zo7_GLC_A_806,3,diffdock_l,0.40011899,0.01392676,28.730227,0,7.1500792e-31,35.559133
13978,310,15200,2171,6f77_PLP_E_600,3,diffdock_l,0.32052719,0.013862756,23.12146,0,0,28.001163
13979,310,605,86,1g8z_GAL_D_104,3,diffdock_l,0.23150377,0.013847934,16.717566,0,1.245188e-59,15.482238
13980,310,8669,1238,4i9n_1E5_F_402,3,diffdock_l,0.31887511,0.013771468,23.154764,0,0,38.166683
13981,310,13114,1873,5nh9_XLS_C_504,3,diffdock_l,0.24887386,0.013759482,18.087442,0,0.59990513,26.570322
13982,310,15067,2152,6e43_BEZ_D_502,3,diffdock_l,0.34994545,0.013722667,25.501268,0,5.5886772e-39,28.133575
13983,310,12035,1719,5g6i_M85_A_904,2,diffdock,0.20185113,0.013704299,14.729036,0,0,28.403084
13984,310,8059,1151,4e9z_651_A_301,2,diffdock,0.20595603,0.01369786,15.035635,0,0.65286175,22.272118
13985,310,16005,2286,6lit_2OH_A_501,3,diffdock_l,0.32904259,0.01368598,24.042309,0,1.170043e-42,21.757381
13986,311,625,89,1g8z_GAL_H_104,2,diffdock,0.60309612,0.030554253,19.738531,0,0.98894633,16.734267
13987,311,681,97,1gsi_TMP_A_1210,2,diffdock,0.60196827,0.027418122,21.955122,0,0.99296385,20.981497
13988,311,7184,1026,4ajj_88S_C_1334,2,diffdock,0.60362804,0.022729313,26.557247,0,7.8162077e-39,38.757879
13989,311,8060,1151,4e9z_651_A_301,3,diffdock_l,0.56787689,0.020935405,27.125191,0,0.022774294,22.703658
13990,311,4868,695,2qab_EI1_A_1,3,diffdock_l,0.32664397,0.019561768,16.698078,0,0,27.163249
13991,311,13753,1964,5unx_8F1_A_803,5,autodock,0.13163668,0.019138748,6.8780184,0,9.5061606e-12,7.8358058
13992,311,5868,838,2z7s_P01_A_1,2,diffdock,0.23247101,0.018033817,12.890837,0,0.85157974,28.447441
13993,311,5869,838,2z7s_P01_A_1,3,diffdock_l,0.25202238,0.018010676,13.992943,0,0.79063443,48.738746
13994,311,13739,1962,5unr_8EV_A_803,5,autodock,0.11342189,0.01800639,6.2989788,0,0,6.0550131
13995,311,13760,1965,5unx_8F1_B_803,5,autodock,0.13332235,0.017693049,7.5352945,0,9.6259705e-08,7.8460002
13996,311,880,125,1h48_GPP_E_904,5,autodock,0.12227107,0.01723072,7.096108,0,0,10.212473
13997,311,87,12,1aiq_UMP_A_265,3,diffdock_l,0.32215398,0.017108496,18.830057,0,0,28.001163
13998,311,3146,449,1z4k_T3P_A_4341,3,diffdock_l,0.22710761,0.017067388,13.306523,0,1.5070803e-06,15.901341
13999,311,11560,1651,5eo7_SFU_C_402,3,diffdock_l,0.26593505,0.016767937,15.859735,0,0,11.740421
14000,311,11511,1644,5eo7_SFU_A_402,3,diffdock_l,0.26703808,0.016661449,16.0273,0,1.252834e-20,20.408795
14001,311,11581,1654,5eo7_SFU_C_405,3,diffdock_l,0.26368653,0.016626161,15.859735,0,2.3707427e-101,20.252061
14002,311,11504,1643,5eo7_SFU_A_401,3,diffdock_l,0.25020945,0.016339678,15.312997,0,0,19.446473
14003,311,13774,1967,5uo3_8EY_B_804,5,autodock,0.13410599,0.015980875,8.391654,0,1.8456196e-06,7.3049538
14004,311,17713,2530,7bzm_GIM_A_501,3,diffdock_l,0.31461862,0.015963967,19.708046,0,0,40.580615
14005,311,359,51,1e2s_CSN_P_701,2,diffdock,0.17882915,0.015412204,11.603086,0,0,28.265869
14006,311,13865,1980,5vut_9OG_B_803,5,autodock,0.11249069,0.015316134,7.3445868,0,0,5.4118719
14007,311,14527,2075,5z9b_HX3_B_303,2,diffdock,0.19944243,0.015264266,13.065969,0,2.3469128e-53,16.263643
14008,311,14457,2065,5yfj_RUB_A_401,2,diffdock,0.31844567,0.015252184,20.878691,0,0,34.686072
14009,311,8326,1189,4h9x_HL4_A_404,3,diffdock_l,0.22101307,0.015225983,14.51552,0,0,28.001163
14010,311,7388,1055,4bvh_OCZ_B_1392,3,diffdock_l,0.32887146,0.015098551,21.781654,0,2.6366451e-66,25.588281
14011,311,8927,1275,4k5u_GAL_D_301,2,diffdock,0.24002958,0.015083966,15.912895,0,0,29.256834
14012,311,9201,1314,4m72_M72_B_402,3,diffdock_l,0.20403106,0.015055663,13.551781,0,0,19.875765
14013,311,15060,2151,6e43_BEZ_C_502,3,diffdock_l,0.34438535,0.01503217,22.909887,0,2.1282594e-81,29.781305
14014,311,15046,2149,6e43_BEZ_A_502,3,diffdock_l,0.34372831,0.015003491,22.909887,0,5.2589672e-114,35.479722
14015,311,15053,2150,6e43_BEZ_B_502,3,diffdock_l,0.34251915,0.014950712,22.909887,0,5.5696087e-98,29.42326
14016,311,4909,701,2qca_DGP_A_300,2,diffdock,0.2047776,0.014894263,13.748756,0,0,17.704928
14017,311,16266,2323,6nga_KL7_A_803,5,autodock,0.11311204,0.014869816,7.6068206,0,0,7.532138
14018,311,7395,1056,4bvh_OCZ_C_1394,3,diffdock_l,0.32850088,0.01483776,22.139519,0,4.6879589e-46,20.810236
14019,311,1305,186,1jw0_GUA_B_999,3,diffdock_l,0.20116344,0.014816184,13.577276,0,0,35.754425
14020,311,4903,700,2qca_DGP_A_200,3,diffdock_l,0.22335922,0.014802928,15.088854,0,0.0011816326,23.194133
14021,311,4525,646,2npq_BOG_A_2000,3,diffdock_l,0.17333209,0.014797502,11.713604,0,0,21.659681
14022,311,12624,1803,5j61_A3G_D_501,3,diffdock_l,0.35916768,0.014769881,24.317572,0,8.1101872e-38,19.145869
14023,311,14101,2014,5x5d_UMP_A_401,3,diffdock_l,0.32441868,0.014756929,21.984158,0,0.97779333,41.174024
14024,311,8333,1190,4h9x_HL4_B_404,3,diffdock_l,0.21400699,0.014743321,14.51552,0,0,28.001163
14025,311,8913,1273,4k5u_GAL_B_301,2,diffdock,0.24773752,0.014680826,16.874901,0,0,27.946115
14026,311,2964,423,1x2a_PDG_A_413,3,diffdock_l,0.30977496,0.014652877,21.140896,0,1.6691178e-37,44.404199
14027,311,14129,2018,5x5d_UMP_E_401,3,diffdock_l,0.32427488,0.014583406,22.23588,0,1.114209e-39,42.169213
14028,311,14108,2015,5x5d_UMP_B_401,3,diffdock_l,0.32407354,0.014550675,22.27206,0,1.3872411e-51,40.904608
14029,311,4524,646,2npq_BOG_A_2000,2,diffdock,0.16152836,0.014464291,11.167388,0,1.2757616e-48,26.35995
14030,311,11532,1647,5eo7_SFU_B_403,3,diffdock_l,0.21682525,0.014142994,15.330929,0,1.0276469e-67,20.204901
14031,311,7451,1064,4c7g_NGO_A_1495,3,diffdock_l,0.20836634,0.014129295,14.747114,0,0,28.724231
14032,311,11539,1648,5eo7_SFU_B_404,3,diffdock_l,0.22199287,0.014062834,15.785784,0,6.4329808e-75,20.208589
14033,311,3265,466,1zjp_DR4_A_1,3,diffdock_l,0.26222041,0.014029324,18.690878,0,1.2573095e-05,19.169452
14034,311,4440,634,2j51_DKI_A_1314,2,diffdock,0.1679643,0.014012591,11.986669,0,0,24.127584
14035,311,6793,970,3wlf_FEH_C_401,3,diffdock_l,0.22793748,0.013972749,16.313,0,1.0519763e-54,32.43653
14036,312,14100,2014,5x5d_UMP_A_401,2,diffdock,0.61060168,0.019987728,30.548826,0,0.96376936,36.674264
14037,312,12315,1759,5i0m_UMP_B_201,2,diffdock,0.16136384,0.018485384,8.7292652,0,1.210419e-37,28.048549
14038,312,12316,1759,5i0m_UMP_B_201,3,diffdock_l,0.1767268,0.017769631,9.9454393,0,0,27.415869
14039,312,4119,588,2fyd_BGC_D_530,3,diffdock_l,0.19157666,0.016553228,11.573371,0,1.1270297e-54,22.115371
14040,312,982,140,1hkn_N2M_C_4138,2,diffdock,0.20356379,0.015240452,13.356807,0,0,26.097664
14041,312,884,126,1h5r_G1P_A_1294,2,diffdock,0.20829575,0.015200729,13.70301,0,0,36.936735
14042,312,4133,590,2fyd_NGA_D_529,3,diffdock_l,0.22631313,0.015086843,15.000694,0,3.358358e-08,26.70213
14043,312,7164,1023,4ajj_88R_C_1335,3,diffdock_l,0.32628842,0.015061977,21.663052,0,1.579116e-66,41.790483
14044,312,642,91,1gey_PPE_A_413,5,autodock,0.23167515,0.015020347,15.424087,0,0,15.140725
14045,312,5274,753,2v60_C17_A_1503,3,diffdock_l,0.32623783,0.014998254,21.751719,0,5.1589702e-07,37.400602
14046,312,11098,1585,5c8w_PCG_A_302,3,diffdock_l,0.32119448,0.014997213,21.416943,0,9.5372848e-56,28.871259
14047,312,1914,273,1o28_UFP_D_718,3,diffdock_l,0.2345258,0.014882181,15.758832,0,0,34.926027
14048,312,16999,2428,6s9g_L1Q_A_306,3,diffdock_l,0.22207537,0.014761406,15.044323,0,0,17.685539
14049,312,12882,1840,5l7u_NGA_B_601,2,diffdock,0.29316457,0.014754174,19.86994,0,1.2489337e-71,29.651098
14050,312,5281,754,2v60_C17_B_1498,3,diffdock_l,0.32714414,0.014712454,22.235863,0,1.7895282e-06,37.724648
14051,312,3600,514,2bk3_FOF_A_1503,2,diffdock,0.23753092,0.014702529,16.155785,0,0,35.894904
14052,312,15473,2210,6h8p_OGA_A_504,3,diffdock_l,0.21195602,0.014557529,14.559889,0,0,28.001163
14053,312,13561,1937,5tvr_AKG_B_402,2,diffdock,0.23788528,0.014460388,16.450821,0,1.0608358e-56,24.789227
14054,312,10790,1541,5a02_GOL_A_1341,3,diffdock_l,0.22752963,0.014452532,15.743236,0,0,32.614437
14055,312,6758,965,3wgc_PLG_B_401,3,diffdock_l,0.2749093,0.014369407,19.131567,0,0,48.538615
14056,312,4126,589,2fyd_NGA_B_404,3,diffdock_l,0.21556348,0.014351852,15.019906,0,0,27.00321
14057,312,13765,1966,5uo3_8EY_A_803,3,diffdock_l,0.2322673,0.014343007,16.193764,0,4.2517783e-14,41.806504
14058,312,16551,2364,6png_OSG_B_801,3,diffdock_l,0.1936552,0.014257493,13.582695,0,0.00014739029,34.773638
14059,312,10797,1542,5a02_GOL_B_1342,3,diffdock_l,0.22442919,0.014255594,15.743236,0,0,30.042426
14060,312,989,141,1hkn_N2M_D_5139,2,diffdock,0.19043931,0.014228414,13.384436,0,0,22.147596
14061,312,6750,964,3wgc_PLG_A_401,2,diffdock,0.24433436,0.014219404,17.183163,0,0.99531627,48.216017
14062,312,7906,1129,4do1_ANN_B_502,3,diffdock_l,0.23306468,0.014211063,16.400227,0,2.2467098e-19,41.521095
14063,312,7913,1130,4do1_ANN_C_502,3,diffdock_l,0.23298576,0.014206251,16.400227,0,4.7379265e-107,24.466023
14064,313,6751,964,3wgc_PLG_A_401,3,diffdock_l,0.75822604,0.024698238,30.699598,0,0,43.990095
14065,313,16914,2416,6rgr_RM4_A_403,2,diffdock,0.2262671,0.017419511,12.98929,0,0,14.204069
14066,313,9424,1346,4nf4_2JK_A_301,2,diffdock,0.24485573,0.017119607,14.302649,0,0,29.21443
14067,313,15437,2205,6gnf_GLC_B_602,2,diffdock,0.2953453,0.016777684,17.603458,0,0,31.39579
14068,313,1430,204,1klz_U_A_2001,2,diffdock,0.28413257,0.016172731,17.568619,0,0.9763684,19.543733
14069,313,1437,205,1km6_OMP_A_2001,2,diffdock,0.32116322,0.015823204,20.296976,0,0.97766574,24.907001
14070,313,8734,1247,4iph_1FJ_A_201,5,autodock,0.12076984,0.015793801,7.6466603,0,0,5.1551125
14071,313,16915,2416,6rgr_RM4_A_403,3,diffdock_l,0.22826378,0.015566236,14.664031,0,1.8411002e-40,14.110693
14072,313,2054,293,1p7c_THM_B_501,3,diffdock_l,0.31957732,0.015126818,21.126537,0,1.0897132e-38,22.553428
14073,313,4629,661,2o1o_RIS_B_400,2,diffdock,0.27857756,0.014847076,18.763124,0,0,33.105883
14074,313,1732,247,1mrq_STR_A_501,3,diffdock_l,0.2254875,0.014435354,15.620502,0,0.0058554489,44.496964
14075,313,13946,1992,5vys_GMP_B_303,2,diffdock,0.19365072,0.014357883,13.487413,0,0,26.235759
14076,313,6557,936,3vnj_PSJ_B_301,5,autodock,0.15868672,0.014308172,11.090634,0,0.69202174,17.090673
14077,313,11343,1620,5dne_ASN_A_601,3,diffdock_l,0.26739195,0.014241121,18.776045,0,1.2550983e-46,16.327126
14078,313,4014,573,2f7x_4EA_E_351,3,diffdock_l,0.28697479,0.014202638,20.205736,0,0.94119128,29.33446
14079,313,9425,1346,4nf4_2JK_A_301,3,diffdock_l,0.24654804,0.014167894,17.401882,0,0.99584031,25.99493
14080,313,11357,1622,5dne_ASN_C_601,3,diffdock_l,0.26687363,0.014163433,18.842438,0,1.5944241e-52,23.80937
14081,313,11350,1621,5dne_ASN_B_601,3,diffdock_l,0.26662197,0.014150077,18.842438,0,1.9035224e-64,36.450449
14082,313,1704,243,1mmx_FUC_B_348,3,diffdock_l,0.26827084,0.014022428,19.131552,0,3.6350563e-57,22.520889
14083,313,4105,586,2fu9_MP2_B_2410,3,diffdock_l,0.26017112,0.013804634,18.846649,0,6.6692443e-37,43.823627
14084,313,11867,1695,5fqf_NGA_A_1588,2,diffdock,0.32874547,0.013614825,24.146137,0,1.6959734e-28,39.191209
14085,313,12875,1839,5l7u_NGA_A_601,2,diffdock,0.25509535,0.013603317,18.752436,0,0.98401268,31.896298
14086,313,7682,1097,4cno_9PY_B_301,3,diffdock_l,0.26538385,0.013572347,19.553274,0,1.01325e-57,23.461508
14087,313,6708,958,3wat_BMA_B_404,2,diffdock,0.18821343,0.013379226,14.067587,0,1.3485223e-82,22.562384
14088,313,6701,957,3wat_BMA_A_404,2,diffdock,0.18806666,0.013368792,14.067587,0,0,24.330134
14089,313,2851,407,1vzu_UDP_B_2371,2,diffdock,0.28302189,0.013361544,21.181824,0,0,29.20956
14090,313,5784,826,2z48_A2G_A_1005,2,diffdock,0.28862271,0.013328425,21.654673,0,6.6835421e-57,29.037299
14091,313,9684,1383,4q3a_2YC_C_904,3,diffdock_l,0.3052026,0.013320469,22.9123,0,6.9069634e-22,30.011974
14092,313,1858,265,1ns4_BGC_A_1400,3,diffdock_l,0.22520016,0.013311848,16.917271,0,0.97008512,21.960385
14093,313,12981,1854,5m0t_AKG_A_302,3,diffdock_l,0.22689556,0.01327397,17.093269,0,6.226423e-05,17.795717
14094,313,12820,1831,5kf2_COA_A_401,3,diffdock_l,0.25558303,0.013256895,19.279251,0,1.1457138e-19,23.761315
14095,313,6414,916,3uu7_2OH_B_1,2,diffdock,0.29001809,0.013229466,21.922129,0,0,24.35138
14096,313,6407,915,3uu7_2OH_A_1,2,diffdock,0.28980001,0.013219519,21.922129,0,0,25.103831
14097,313,12988,1855,5m0t_AKG_B_302,3,diffdock_l,0.22492589,0.013206767,17.031107,0,4.9877096e-06,18.414178
14098,313,849,121,1h48_CDI_C_902,2,diffdock,0.33305601,0.013110101,25.404533,0,0,31.368198
14099,313,1277,182,1jl0_PUT_A_401,3,diffdock_l,0.21563071,0.013063679,16.506123,0,6.1852229e-50,58.449898
14100,313,3337,476,1zpd_CIT_E_610,5,autodock,0.1576914,0.013008177,12.122482,0,0.035871269,14.350135
14101,313,9655,1379,4pxd_1AL_A_502,2,diffdock,0.25485635,0.013006819,19.594055,0,0,28.81508
14102,313,13113,1873,5nh9_XLS_C_504,2,diffdock,0.39878095,0.012989777,30.699598,0,0.04060822,41.717381
14103,313,4216,602,2gn2_C5P_A_400,2,diffdock,0.16095958,0.012953749,12.425714,0,0,30.149476
14104,313,1076,153,1iki_REY_A_400,5,autodock,0.18518529,0.012953389,14.29628,0,7.4554068e-08,15.786717
14105,313,4987,712,2qgw_EES_A_1,3,diffdock_l,0.16593014,0.012951315,12.811836,0,0,24.861408
14106,313,16130,2304,6mry_FLC_A_101,2,diffdock,0.2192058,0.012947173,16.930782,0,0,26.5009
14107,313,13295,1899,5oip_9WE_A_302,2,diffdock,0.28987802,0.012899211,22.472536,0,0,20.259224
14108,313,9670,1381,4q3a_2YC_A_904,3,diffdock_l,0.28970043,0.012874033,22.502693,0,4.3589918e-26,30.419219
14109,313,14206,2029,5xj7_87O_A_309,3,diffdock_l,0.32647959,0.012869506,25.368462,0,0,28.001163
14110,313,16908,2415,6rgr_RM4_A_402,3,diffdock_l,0.19417211,0.0128602,15.098684,0,0,13.890955
14111,313,13701,1957,5uio_8DM_E_202,2,diffdock,0.29406889,0.012811299,22.953869,0,0,34.808154
14112,313,15529,2218,6hmw_FUL_C_203,3,diffdock_l,0.19189393,0.012800778,14.990802,0,5.4828745e-56,18.583503
14113,313,9354,1336,4n4j_HG1_A_607,2,diffdock,0.15937064,0.012781472,12.46888,0,0,27.544209
14114,314,9833,1404,4rii_TYD_B_401,5,autodock,0.2544993,0.023013987,11.058461,0,0,23.037725
14115,314,9831,1404,4rii_TYD_B_401,3,diffdock_l,0.32120359,0.021586305,14.87997,0,4.6392236e-39,41.943656
14116,314,1857,265,1ns4_BGC_A_1400,2,diffdock,0.64148758,0.020798309,30.843254,0,0.074586379,24.366657
14117,314,4013,573,2f7x_4EA_E_351,2,diffdock,0.58819503,0.020474432,28.72827,0,9.5917044e-10,31.972108
14118,314,9830,1404,4rii_TYD_B_401,2,diffdock,0.29088409,0.018483517,15.737485,0,0,43.44535
14119,314,6989,998,3zp7_PRE_A_1118,3,diffdock_l,0.19988298,0.018277113,10.936244,0,1.4754105e-27,27.072163
14120,314,1816,259,1nme_159_B_9002,3,diffdock_l,0.22172749,0.017811865,12.448302,0,3.2536e-10,14.799001
14121,314,10859,1551,5a86_D7E_A_1433,2,diffdock,0.29234212,0.01663163,17.577477,0,0,35.545687
14122,314,7801,1114,4d3s_BOG_F_1000,3,diffdock_l,0.30441641,0.016031737,18.988359,0,7.1374856e-109,45.110317
14123,314,1515,216,1l4f_NCN_A_991,3,diffdock_l,0.31471747,0.015943145,19.739985,0,1.0467341e-05,23.400356
14124,314,9733,1390,4qck_ASD_A_404,3,diffdock_l,0.32623212,0.015909968,20.504887,0,0.94062223,11.410433
14125,314,15844,2263,6k92_GT0_B_602,3,diffdock_l,0.31970947,0.015578444,20.522552,0,5.56442e-36,25.373765
14126,314,13872,1981,5vuu_9OJ_A_805,5,autodock,0.11078579,0.015160793,7.3073864,0,6.4182134e-10,6.2108152
14127,314,16378,2339,6o1s_7SD_E_803,5,autodock,0.19118189,0.015148611,12.620423,0,2.0442242e-11,15.245543
14128,314,7871,1124,4dch_4DC_A_502,3,diffdock_l,0.29444459,0.014955915,19.687498,0,0,25.973323
14129,314,7387,1055,4bvh_OCZ_B_1392,2,diffdock,0.29094255,0.014902467,19.523111,0,2.7395715e-66,30.991672
14130,314,16509,2358,6pk1_PLP_B_501,3,diffdock_l,0.31108646,0.014891441,20.890284,0,0.99208317,26.467834
14131,314,5197,742,2tmk_ATM_A_217,3,diffdock_l,0.32424569,0.014692125,22.069351,0,0.98802761,32.688302
14132,314,10027,1432,4ug7_1EV_A_904,3,diffdock_l,0.2197457,0.014602953,15.048031,0,1.8533528e-05,29.126065
14133,314,7394,1056,4bvh_OCZ_C_1394,2,diffdock,0.29068568,0.014592748,19.91987,0,1.0088454e-73,29.102863
14134,314,9375,1339,4n6w_FLC_A_203,2,diffdock,0.24888736,0.014542431,17.114561,0,0,14.872885
14135,314,16273,2324,6ngp_KKY_A_803,5,autodock,0.11738218,0.014539617,8.0732641,0,0,6.4988841
14136,314,7870,1124,4dch_4DC_A_502,2,diffdock,0.26497714,0.014538684,18.22566,0,0,27.349567
14137,314,14772,2110,6ba2_7KM_A_809,2,diffdock,0.26259434,0.014531184,18.071089,0,0,30.149476
14138,314,17421,2488,6vmz_R3P_C_404,5,autodock,0.10923973,0.01452756,7.5194812,0,0,6.1564263
14139,314,17428,2489,6vmz_R3P_E_403,5,autodock,0.10829735,0.014402235,7.5194812,0,0,6.5245903
14140,314,10299,1471,4x3j_3WR_A_1201,2,diffdock,0.27852984,0.014143989,19.692451,0,0,29.57384
14141,314,12182,1740,5h9i_XAN_A_301,2,diffdock,0.23402805,0.014110709,16.585136,0,0,14.724934
14142,314,17706,2529,7bqu_EF2_A_501,3,diffdock_l,0.28248499,0.014063691,20.086119,0,0.98886263,11.708791
14143,314,10036,1433,4ugf_Q16_A_904,5,autodock,0.11045732,0.013991291,7.8947186,0,1.2130437e-08,8.073865
14144,314,15655,2236,6ix8_B3O_B_408,3,diffdock_l,0.32521418,0.013921054,23.361317,0,0.055686,41.478323
14145,314,15452,2207,6gqk_F88_A_1001,3,diffdock_l,0.31680041,0.013757374,23.027678,0,4.133851e-35,41.173369
14146,314,9131,1304,4lol_1YE_A_402,3,diffdock_l,0.22441324,0.013724761,16.350975,0,0.00074223043,46.186187
14147,314,12260,1751,5hss_64Z_A_402,3,diffdock_l,0.23588684,0.013681841,17.240868,0,2.3548322e-47,15.243962
14148,314,12365,1766,5i9m_69K_A_302,3,diffdock_l,0.17985539,0.013648386,13.177776,0,0.98402198,28.205696
14149,314,730,104,1h0v_UN4_A_1299,2,diffdock,0.17217182,0.013484131,12.768476,0,0,18.374772
14150,314,2634,376,1tuu_PIS_B_2854,2,diffdock,0.15699605,0.013460225,11.663701,0,9.2188022e-49,25.976858
14151,314,10300,1471,4x3j_3WR_A_1201,3,diffdock_l,0.31596077,0.013400458,23.578354,0,0.94475718,20.967465
14152,314,16067,2295,6m5m_NAG_A_202,2,diffdock,0.18034378,0.013385606,13.472962,0,0,17.279236
14153,314,12336,1762,5i5t_67X_B_402,2,diffdock,0.25553755,0.01328083,19.241081,0,0,33.21321
14154,314,5672,810,2xyj_WLM_B_1442,2,diffdock,0.26461544,0.013253395,19.965858,0,1.1643983e-29,33.687076
14155,314,5673,810,2xyj_WLM_B_1442,3,diffdock_l,0.29842041,0.013242059,22.535799,0,4.5082874e-29,34.108638
14156,314,11573,1653,5eo7_SFU_C_404,2,diffdock,0.26021645,0.013232896,19.66436,0,0,21.931486
14157,314,6459,922,3v7u_MTA_A_301,5,autodock,0.1104255,0.013169297,8.3850708,0,0.092180088,9.0317718
14158,314,9824,1403,4rii_TYD_A_401,3,diffdock_l,0.19643027,0.013144283,14.94416,0,0,15.771151
14159,314,9929,1418,4trj_665_A_501,3,diffdock_l,0.21263091,0.013116518,16.210924,0,0.00050285235,19.753458
14160,314,15451,2207,6gqk_F88_A_1001,2,diffdock,0.27924703,0.01305992,21.381985,0,3.4438191e-35,45.415189
14161,314,6988,998,3zp7_PRE_A_1118,2,diffdock,0.18923707,0.013052855,14.497752,0,0,32.325947
14162,314,5196,742,2tmk_ATM_A_217,2,diffdock,0.29016024,0.012936962,22.428776,0,0,26.952708
14163,314,12007,1715,5g4r_LF1_A_1739,2,diffdock,0.25060872,0.012871838,19.469534,0,3.2365194e-42,23.087105
14164,315,12364,1766,5i9m_69K_A_302,2,diffdock,0.5837832,0.032596335,17.909472,0,9.4227526e-56,28.485255
14165,315,9732,1390,4qck_ASD_A_404,2,diffdock,0.58631429,0.02792091,20.999109,0,0.96561281,24.21528
14166,315,2907,415,1w62_PYC_A_700,2,diffdock,0.22953871,0.021712857,10.571556,0,0,26.468967
14167,315,17705,2529,7bqu_EF2_A_501,2,diffdock,0.6065724,0.020940982,28.965803,0,0.98480815,11.279296
14168,315,16508,2358,6pk1_PLP_B_501,2,diffdock,0.61164376,0.020820926,29.376394,0,0,30.409923
14169,315,14850,2121,6c17_DNX_A_202,3,diffdock_l,0.16793709,0.017294059,9.71068,0,0,25.839005
14170,315,13499,1928,5tdt_MBN_D_501,3,diffdock_l,0.26824441,0.016511327,16.246082,0,1.5880056e-58,35.734341
14171,315,4231,604,2gx5_PCG_C_514,3,diffdock_l,0.17063423,0.016288769,10.475574,0,1.022685e-72,26.43104
14172,315,2152,307,1pr0_NOS_A_1245,3,diffdock_l,0.24907863,0.016158611,15.414605,0,0,23.490791
14173,315,2173,310,1pr6_XYA_A_1245,3,diffdock_l,0.27741026,0.016067254,17.265566,0,0.98156636,24.803348
14174,315,4007,572,2f78_BEZ_B_1005,3,diffdock_l,0.2271726,0.015697361,14.472024,0,2.2209367e-26,25.66269
14175,315,16459,2351,6ooi_PGA_D_301,2,diffdock,0.32375745,0.01480669,21.865618,0,0,40.636693
14176,315,5402,771,2w0b_CMW_A_1450,5,autodock,0.099611038,0.01469799,6.7771869,0,0,9.2278879
14177,315,11399,1628,5dt0_SKE_A_401,3,diffdock_l,0.22000968,0.014649158,15.018588,0,0,21.920236
14178,315,16438,2348,6ooi_PGA_A_301,2,diffdock,0.31671424,0.014537496,21.786022,0,0,36.93049
14179,315,14877,2125,6c1x_DNX_A_203,2,diffdock,0.16957311,0.014467445,11.721012,0,0,12.461387
14180,315,8781,1254,4j0k_EGR_B_501,3,diffdock_l,0.21150261,0.014385009,14.702987,0,0,29.094158
14181,315,8143,1163,4evq_PHB_B_402,2,diffdock,0.27724072,0.014247489,19.458916,0,0,26.224993
14182,315,10496,1499,4z1d_PEP_A_300,3,diffdock_l,0.20909447,0.01412137,14.806952,0,8.8983761e-27,22.768171
14183,315,16487,2355,6ooi_PGA_H_302,2,diffdock,0.30222525,0.013974021,21.627649,0,0,35.633572
14184,315,2180,311,1pr6_XYA_C_1247,3,diffdock_l,0.24674096,0.013946501,17.691959,0,3.9839562e-55,13.047318
14185,315,13900,1985,5vv5_9OJ_B_803,5,autodock,0.10749222,0.013900416,7.7330213,0,2.9443168e-10,6.0266488
14186,315,13302,1900,5oir_9W8_A_302,2,diffdock,0.16437176,0.01387026,11.850661,0,0,21.861915
14187,315,11623,1660,5eso_ISC_A_602,3,diffdock_l,0.34686267,0.013746606,25.232603,0,0.97307369,56.133883
14188,315,8144,1163,4evq_PHB_B_402,3,diffdock_l,0.32188226,0.013556629,23.74353,0,9.5765456e-48,24.041327
14189,315,8774,1253,4j0k_EGR_A_501,3,diffdock_l,0.20491386,0.013437933,15.248911,0,0,27.736089
14190,315,16018,2288,6lj7_EFR_A_301,2,diffdock,0.18644565,0.013423459,13.889538,0,0.93472122,15.727744
14191,315,4378,625,2ipf_FFA_A_3,3,diffdock_l,0.22218452,0.013386722,16.597378,0,0,24.315619
14192,315,14849,2121,6c17_DNX_A_202,2,diffdock,0.15432982,0.013379865,11.534482,0,0,12.858949
14193,315,2257,322,1q6r_LX1_A_7301,3,diffdock_l,0.2279778,0.013252868,17.202147,0,1.6010131e-35,21.970914
14194,315,16963,2423,6s23_KSW_B_402,2,diffdock,0.15802047,0.013227194,11.946634,0,0,19.899902
14195,315,11090,1584,5c7v_PYC_A_804,2,diffdock,0.18106138,0.013223062,13.692847,0,0.99763424,25.640922
14196,315,4867,695,2qab_EI1_A_1,2,diffdock,0.28690564,0.013201666,21.732531,0,0.99102292,27.346477
14197,315,16473,2353,6ooi_PGA_F_301,2,diffdock,0.28527723,0.013190394,21.627649,0,0,34.740712
14198,315,16746,2392,6qot_6SD_A_301,2,diffdock,0.28830036,0.013073259,22.052675,0,0,23.958286
14199,315,7716,1102,4cw2_XDS_A_1303,2,diffdock,0.14086936,0.01306797,10.779742,0,0,30.149476
14200,315,2264,323,1q6r_LX1_B_9301,3,diffdock_l,0.22449222,0.013050243,17.202147,0,0.8577855,20.375651
14201,315,11398,1628,5dt0_SKE_A_401,2,diffdock,0.18593705,0.012950808,14.357177,0,0,21.570337
14202,315,3040,434,1xny_BTN_A_5602,2,diffdock,0.1885466,0.01293801,14.573075,0,1.2653513e-56,35.350888
14203,315,6533,933,3vca_PRO_A_504,2,diffdock,0.1947911,0.012888537,15.113514,0,0,16.669258
14204,315,1501,214,1kya_XYD_D_814,3,diffdock_l,0.19801141,0.012873028,15.381882,0,5.613883e-11,22.52087
14205,315,13779,1968,5uo5_M4R_A_803,3,diffdock_l,0.27290549,0.012825903,21.277679,0,5.2791731e-33,32.858554
14206,315,13506,1929,5tdt_MBN_D_502,3,diffdock_l,0.21377761,0.012811151,16.686836,0,3.5247374e-58,34.474214
14207,315,16004,2286,6lit_2OH_A_501,2,diffdock,0.28648355,0.012787775,22.402922,0,1.1470725e-42,23.409244
14208,315,2621,374,1tsd_UMP_B_265,3,diffdock_l,0.31802244,0.012680119,25.080397,0,1.1064511e-39,28.108232
14209,315,16011,2287,6lit_2OH_B_501,2,diffdock,0.28397732,0.012675904,22.402922,0,0.98502213,21.846814
14210,315,374,53,1e5f_PLP_B_405,3,diffdock_l,0.25358684,0.012606766,20.115137,0,0,21.642864
14211,315,13893,1984,5vv5_9OJ_A_803,5,autodock,0.094840784,0.012601553,7.5261178,0,4.6919736e-15,6.684556
14212,315,7367,1052,4buv_16I_C_2165,3,diffdock_l,0.3314538,0.012548594,26.413618,0,0.96634661,52.125941
14213,315,11091,1584,5c7v_PYC_A_804,3,diffdock_l,0.20573842,0.012534016,16.414404,0,0.99707718,34.960872
14214,316,2263,323,1q6r_LX1_B_9301,2,diffdock,0.53979708,0.029290099,18.429335,0,0.98978081,24.795709
14215,316,7366,1052,4buv_16I_C_2165,2,diffdock,0.61819577,0.024549916,25.181175,0,1.22428e-46,32.467983
14216,316,11622,1660,5eso_ISC_A_602,2,diffdock,0.63876247,0.020483306,31.184538,0,0.9806217,51.831466
14217,316,2172,310,1pr6_XYA_A_1245,2,diffdock,0.61626611,0.019763737,31.181658,0,2.464731e-55,24.314647
14218,316,13562,1937,5tvr_AKG_B_402,3,diffdock_l,0.26830057,0.019095839,14.05021,0,0.00029064962,24.341953
14219,316,17495,2499,6x9d_HYP_B_2002,2,diffdock,0.34725971,0.018464423,18.806961,0,0,47.662998
14220,316,1143,163,1ixo_G3P_A_1001,2,diffdock,0.18531294,0.016551976,11.195819,0,0,23.341477
14221,316,9886,1412,4s38_CDI_A_900,2,diffdock,0.14505021,0.015858122,9.1467447,0,0,30.149476
14222,316,5239,748,2uyv_TLA_C_1275,3,diffdock_l,0.2891678,0.015519598,18.632427,0,0,40.566763
14223,316,5637,805,2xul_AKG_E_201,2,diffdock,0.19185771,0.015456148,12.413034,0,5.6692382e-69,22.955981
14224,316,9879,1411,4rql_SNE_B_502,2,diffdock,0.23416922,0.014948153,15.665427,0,0,23.631778
14225,316,5049,721,2qse_1HP_A_1,2,diffdock,0.29117725,0.014813945,19.655617,0,0,26.781067
14226,316,9887,1412,4s38_CDI_A_900,3,diffdock_l,0.15154061,0.014413479,10.513811,0,0,28.001163
14227,316,11028,1575,5b4u_MLA_A_302,3,diffdock_l,0.1655844,0.014039793,11.793934,0,0.182952,43.818004
14228,316,6562,937,3vnj_PSJ_D_301,3,diffdock_l,0.24359254,0.014018082,17.377022,0,0,30.126606
14229,316,2880,411,1w3t_3GR_C_1297,3,diffdock_l,0.19744298,0.013993779,14.109338,0,0.0074939705,41.572128
14230,316,13102,1871,5n8c_8Q8_A_403,5,autodock,0.20240907,0.013981304,14.477122,0,0,23.786216
14231,316,5729,818,2yjd_YJD_A_1498,3,diffdock_l,0.22745761,0.013773819,16.513763,0,0.99696964,25.740633
14232,316,17489,2498,6x9d_HYP_A_2002,3,diffdock_l,0.35044041,0.013531312,25.898478,0,4.3463945e-74,38.101093
14233,316,9166,1309,4lz7_1YW_B_804,3,diffdock_l,0.17571521,0.013352739,13.159488,0,2.6972126e-70,23.269462
14234,316,6443,920,3v1m_HPK_A_288,3,diffdock_l,0.2064081,0.013009809,15.865574,0,0,20.362992
14235,316,4720,674,2oxp_THP_A_300,2,diffdock,0.18569564,0.013008112,14.275372,0,0,17.392433
14236,316,17257,2465,6tot_NRK_A_401,2,diffdock,0.23446661,0.012962241,18.08843,0,0,48.427718
14237,316,12077,1725,5gri_CIT_B_401,2,diffdock,0.16464033,0.012837083,12.825368,0,0,29.153456
14238,316,11027,1575,5b4u_MLA_A_302,2,diffdock,0.15479567,0.012808347,12.085529,0,0,18.361561
14239,316,5728,818,2yjd_YJD_A_1498,2,diffdock,0.19381368,0.012764498,15.183806,0,7.2874223e-37,27.393857
14240,316,11980,1711,5g21_YN4_A_1002,3,diffdock_l,0.30636758,0.012751721,24.025585,0,0.85915417,35.022696
14241,316,13695,1956,5uio_8DM_D_202,3,diffdock_l,0.19867911,0.012701829,15.641771,0,3.0493965e-36,19.758322
14242,317,15206,2172,6f7r_CIT_A_1003,2,diffdock,0.1748183,0.019823922,8.818552,0,0,19.280187
14243,317,11979,1711,5g21_YN4_A_1002,2,diffdock,0.54206916,0.017324037,31.290001,0,0,36.993704
14244,317,3617,516,2bs3_CIT_D_1657,5,autodock,0.13593325,0.017164677,7.9193587,0,6.8803411e-06,11.017091
14245,317,4035,576,2fcu_AKG_B_898,3,diffdock_l,0.22890206,0.017022673,13.446892,0,4.327977e-39,22.863791
14246,317,4028,575,2fcu_AKG_A_897,3,diffdock_l,0.22847924,0.016991229,13.446892,0,4.3385945e-39,22.554343
14247,317,933,133,1h70_CIR_A_500,2,diffdock,0.24679459,0.015613523,15.806463,0,0,20.159119
14248,317,17022,2431,6si4_LEK_B_402,5,autodock,0.12106892,0.015578857,7.7713599,0,0,13.305517
14249,317,4286,612,2hi4_BHF_A_800,2,diffdock,0.29458516,0.015544378,18.951233,0,0,26.111653
14250,317,16516,2359,6pmv_M16_B_803,3,diffdock_l,0.22309282,0.015336979,14.546072,0,9.3108907e-05,37.280954
14251,317,934,133,1h70_CIR_A_500,3,diffdock_l,0.25375755,0.015296153,16.58963,0,0,47.823433
14252,317,11450,1635,5dzh_5KG_B_901,5,autodock,0.27614743,0.015255341,18.101686,0,0,12.244158
14253,317,16049,2292,6lx5_C5F_B_501,5,autodock,0.1974011,0.015246997,12.946883,0,0,9.6787442
14254,317,13884,1983,5vv0_9OM_B_803,3,diffdock_l,0.20235699,0.015162718,13.345693,0,2.2847094e-36,16.845123
14255,317,9145,1306,4lvb_20N_B_601,3,diffdock_l,0.22949498,0.014925178,15.376364,0,1.2165113e-56,27.390785
14256,317,11317,1616,5did_5CK_B_601,5,autodock,0.18257176,0.014763544,12.36639,0,0,82.516651
14257,317,17019,2431,6si4_LEK_B_402,2,diffdock,0.19111758,0.014758744,12.949447,0,5.7747694e-43,22.740445
14258,317,7703,1100,4crg_J4X_A_1493,3,diffdock_l,0.19221065,0.014607814,13.15807,0,0.33425187,22.575661
14259,317,1347,192,1k8z_IAG_A_501,3,diffdock_l,0.22824246,0.014296552,15.964859,0,0,38.506485
14260,317,8872,1267,4jwx_1N4_A_301,3,diffdock_l,0.33518309,0.014264759,23.497282,0,0,17.719483
14261,317,16525,2360,6pn9_OU7_A_803,5,autodock,0.10615533,0.014140487,7.5071893,0,0,8.428747
14262,317,13758,1965,5unx_8F1_B_803,3,diffdock_l,0.22730369,0.014136228,16.079514,0,0,26.381398
14263,317,16558,2365,6png_OSG_B_804,3,diffdock_l,0.18853672,0.014127403,13.345461,0,0.012451553,30.036731
14264,317,13877,1982,5vuu_9OJ_B_803,3,diffdock_l,0.20255842,0.014097742,14.368146,0,3.6274785e-12,40.006654
14265,317,16537,2362,6pna_M16_B_803,3,diffdock_l,0.21079441,0.014053206,14.999737,0,7.8711084e-33,40.967371
14266,317,13751,1964,5unx_8F1_A_803,3,diffdock_l,0.22634577,0.014016559,16.148453,0,8.7026447e-16,16.103683
14267,317,2781,397,1v03_BGC_A_1498,2,diffdock,0.27522837,0.013857903,19.86075,0,0,36.87998
14268,317,16299,2328,6nhd_KNV_A_803,3,diffdock_l,0.22679063,0.013835785,16.391596,0,5.822021e-23,46.406441
14269,317,15011,2144,6dmi_5T5_A_504,3,diffdock_l,0.28216968,0.013792263,20.458546,0,0,30.899878
14270,317,8986,1283,4kux_FPS_A_704,5,autodock,0.21792582,0.013570286,16.059042,0,0,28.417585
14271,317,9047,1292,4l80_OXL_A_402,3,diffdock_l,0.33311894,0.013550615,24.583305,0,1.0520637e-72,27.621581
14272,317,2887,412,1w55_C_A_1372,3,diffdock_l,0.1646796,0.013536401,12.165685,0,1.6535616e-46,16.401733
14273,317,11324,1617,5die_5CJ_A_601,5,autodock,0.17099564,0.013415566,12.746061,0,0,134.70023
14274,317,12736,1819,5joy_6LW_B_602,3,diffdock_l,0.16458437,0.013386249,12.295032,0,0,31.419949
14275,317,16544,2363,6png_OSG_A_803,3,diffdock_l,0.18006266,0.013320295,13.517918,0,2.5300302e-10,42.17039
14276,317,13744,1963,5unt_8J1_B_803,3,diffdock_l,0.2245917,0.013304623,16.880724,0,2.8584938e-36,27.254337
14277,317,14128,2018,5x5d_UMP_E_401,2,diffdock,0.2944739,0.013256027,22.214338,0,0,38.441472
14278,317,5731,818,2yjd_YJD_A_1498,5,autodock,0.16886686,0.013213494,12.779879,0,0,185.02408
14279,317,14107,2015,5x5d_UMP_B_401,2,diffdock,0.29432308,0.013206808,22.285707,0,0,42.14601
14280,317,11322,1617,5die_5CJ_A_601,3,diffdock_l,0.23983934,0.013166098,18.216431,0,0,30.678044
14281,317,6429,918,3uud_EST_B_600,3,diffdock_l,0.32844848,0.013074134,25.122004,0,0,25.176358
14282,317,6366,909,3u1t_MLI_B_350,3,diffdock_l,0.22721644,0.013057832,17.400776,0,0.038005878,17.222248
14283,317,6422,917,3uud_EST_A_600,3,diffdock_l,0.32613918,0.012982211,25.122004,0,0,26.081368
14284,317,11303,1614,5di7_5CQ_B_601,5,autodock,0.21527673,0.012966758,16.6022,0,0,76.227032
14285,317,3419,488,2a9z_26A_A_1001,3,diffdock_l,0.35004631,0.012936471,27.05887,0,0.99053757,13.437772
14286,317,9144,1306,4lvb_20N_B_601,2,diffdock,0.19112102,0.012935574,14.774838,0,5.0574904e-59,38.328719
14287,317,12455,1779,5in3_G1P_B_418,2,diffdock,0.1672671,0.012929675,12.936682,0,0,32.732746
14288,317,11307,1615,5did_5CK_A_601,2,diffdock,0.25719894,0.012908016,19.925518,0,0,28.931091
14289,317,647,92,1gij_2PU_A_501,3,diffdock_l,0.21590398,0.012885728,16.755278,0,0,23.775662
14290,317,5064,723,2qui_LTN_B_478,3,diffdock_l,0.19142687,0.012874257,14.868963,0,0,32.395071
14291,317,13548,1935,5tlg_7EG_B_601,3,diffdock_l,0.33012994,0.012766604,25.858868,0,0,43.88601
14292,318,6023,860,3mk1_NPO_A_912,3,diffdock_l,0.19669846,0.020724584,9.4910679,0,1.1386995e-29,20.022168
14293,318,3418,488,2a9z_26A_A_1001,2,diffdock,0.62256902,0.019777049,31.479366,0,0.98438015,27.332243
14294,318,11937,1705,5g03_OE2_A_1263,2,diffdock,0.17677788,0.019733804,8.9581242,0,0,24.581054
14295,318,6338,905,3tye_XTZ_A_801,3,diffdock_l,0.31648203,0.017991871,17.590277,0,1.7599063e-72,48.465027
14296,318,11209,1601,5cpn_531_B_401,2,diffdock,0.19570013,0.017638628,11.094974,0,2.7532046e-39,30.628766
14297,318,13366,1909,5syi_NIZ_B_805,3,diffdock_l,0.21148708,0.017571241,12.035977,0,0,31.645902
14298,318,11938,1705,5g03_OE2_A_1263,3,diffdock_l,0.17567829,0.017153069,10.241798,0,0.010710603,20.437648
14299,318,3489,498,2ajx_TGN_L_501,3,diffdock_l,0.21169867,0.016364301,12.936615,0,0.0012416855,21.172866
14300,318,11202,1600,5cpn_531_A_401,2,diffdock,0.18143779,0.01635315,11.094974,0,2.0020018e-39,25.971036
14301,318,11210,1601,5cpn_531_B_401,3,diffdock_l,0.22890464,0.016320591,14.025511,0,8.4850554e-26,27.299701
14302,318,6800,971,3wqs_KBK_B_503,3,diffdock_l,0.31394012,0.016030367,19.584085,0,0,19.9668
14303,318,6337,905,3tye_XTZ_A_801,2,diffdock,0.27495403,0.015974712,17.211828,0,0.96321101,34.142775
14304,318,16355,2336,6nyo_U94_A_301,3,diffdock_l,0.2444114,0.015805556,15.463637,0,6.8804851e-31,19.60658
14305,318,4735,676,2pd5_ZST_A_600,3,diffdock_l,0.3229906,0.015634302,20.659098,0,8.3088653e-11,23.70396
14306,318,6022,860,3mk1_NPO_A_912,2,diffdock,0.16958464,0.015591703,10.876594,0,0,20.171378
14307,318,16998,2428,6s9g_L1Q_A_306,2,diffdock,0.17870091,0.015383526,11.616381,0,1.6037137e-22,20.703133
14308,318,5560,794,2xh0_PEP_A_1440,2,diffdock,0.24839803,0.015308463,16.226189,0,0,35.404633
14309,318,6974,996,3zks_WZV_A_1398,2,diffdock,0.15228226,0.014903208,10.218085,0,0,35.898458
14310,318,10937,1562,5af9_SJR_H_1250,3,diffdock_l,0.21361991,0.014892371,14.34425,0,0,28.001163
14311,318,2511,358,1thc_FL9_A_130,5,autodock,0.10364176,0.014874449,6.9677701,0,1.4305246e-11,7.6429485
14312,318,6478,925,3vbn_TYD_A_301,3,diffdock_l,0.28105815,0.014782056,19.013466,0,0.9843795,36.313972
14313,318,3488,498,2ajx_TGN_L_501,2,diffdock,0.18717957,0.014721,12.715138,0,0,24.276755
14314,318,13415,1916,5tch_MLI_A_301,3,diffdock_l,0.32290473,0.014710745,21.950262,0,0,28.001163
14315,318,16354,2336,6nyo_U94_A_301,2,diffdock,0.22781143,0.014659115,15.540598,0,0.89556678,19.885999
14316,318,12344,1763,5i7r_68W_A_402,3,diffdock_l,0.2875714,0.014656871,19.620243,0,0.99240911,36.456362
14317,318,10733,1533,4zu3_4SD_E_301,2,diffdock,0.3316992,0.014496334,22.88159,0,1.559193e-37,30.660666
14318,318,17558,2508,6xzx_O5H_B_302,2,diffdock,0.24492627,0.014417194,16.988482,0,0.83387272,31.592559
14319,318,10999,1571,5b4o_6DQ_A_201,2,diffdock,0.15911803,0.01418828,11.21475,0,0,19.478591
14320,318,16382,2340,6o2z_LJV_A_500,2,diffdock,0.32052597,0.01417455,22.612778,0,0,39.246879
14321,318,11679,1668,5ezp_IPJ_G_202,3,diffdock_l,0.20559362,0.014160385,14.518928,0,2.2385581e-68,34.778352
14322,318,5561,794,2xh0_PEP_A_1440,3,diffdock_l,0.26616422,0.014084666,18.897444,0,1.9509427e-39,46.790639
14323,318,11658,1665,5ezp_IPJ_A_201,3,diffdock_l,0.2046638,0.014010694,14.607684,0,1.1915703e-58,34.242651
14324,318,14205,2029,5xj7_87O_A_309,2,diffdock,0.32418559,0.01389583,23.3297,0,0,30.149476
14325,318,6485,926,3vbn_TYD_E_301,3,diffdock_l,0.26932914,0.013889103,19.391397,0,3.1474564e-33,13.885028
14326,318,13086,1869,5n5k_8NW_A_307,3,diffdock_l,0.17508794,0.013877047,12.617088,0,0.20896544,12.005304
14327,318,6977,996,3zks_WZV_A_1398,5,autodock,0.10776797,0.013776642,7.8225121,0,0,10.057799
14328,318,492,70,1fqo_F6R_B_2268,2,diffdock,0.27140187,0.01374892,19.739866,0,0,21.799288
14329,318,13085,1869,5n5k_8NW_A_307,2,diffdock,0.15336041,0.013740328,11.161335,0,0,11.632233
14330,318,10454,1493,4ysx_MLI_E_701,3,diffdock_l,0.33445593,0.013720962,24.375544,0,0.72572178,35.006108
14331,318,6340,905,3tye_XTZ_A_801,5,autodock,0.18310211,0.013557963,13.505134,0,0,7.7545639
14332,318,10705,1529,4zu3_4SD_B_301,2,diffdock,0.3290933,0.013554185,24.279827,0,7.1150928e-31,29.010464
14333,318,13457,1922,5tch_MLI_H_501,3,diffdock_l,0.33895779,0.013528355,25.055357,0,0,28.001163
14334,318,13303,1900,5oir_9W8_A_302,3,diffdock_l,0.16431858,0.013515504,12.157784,0,2.0130486e-09,13.781456
14335,318,10236,1462,4wxb_CIT_A_501,2,diffdock,0.24072082,0.013438883,17.912262,0,0,42.724634
14336,318,1346,192,1k8z_IAG_A_501,2,diffdock,0.18707235,0.013428714,13.930771,0,0,32.28651
14337,318,10698,1528,4zu3_4SD_A_301,2,diffdock,0.32069497,0.013378018,23.971783,0,4.1985099e-68,29.696242
14338,318,10260,1465,4wxb_CIT_D_501,5,autodock,0.10737712,0.013340931,8.0486965,0,0.64130999,13.092668
14339,318,12092,1727,5gwt_SIN_A_302,3,diffdock_l,0.22094675,0.013331375,16.573439,0,0,29.406673
14340,318,16287,2326,6ngu_KMJ_B_803,5,autodock,0.093627016,0.013313143,7.0326748,0,0,7.6609402
14341,318,5302,757,2vjb_CCD_A_1539,3,diffdock_l,0.21943895,0.013244195,16.568687,0,0,24.8609
14342,319,12343,1763,5i7r_68W_A_402,2,diffdock,0.61612372,0.027425499,22.465359,0,0,37.424975
14343,319,6477,925,3vbn_TYD_A_301,2,diffdock,0.61518008,0.019993957,30.768299,0,6.2536356e-44,37.382244
14344,319,10979,1568,5av3_KMP_A_300,3,diffdock_l,0.22188501,0.017048682,13.014789,0,0.99591441,19.75683
14345,319,4086,583,2fr6_CTN_C_1003,5,autodock,0.25525154,0.015940786,16.01248,0,0,2281.0972
14346,319,4084,583,2fr6_CTN_C_1003,3,diffdock_l,0.35701746,0.014881682,23.990395,0,0.90408614,29.210548
14347,319,10978,1568,5av3_KMP_A_300,2,diffdock,0.18805953,0.014592031,12.887823,0,0.99855431,23.619109
14348,319,16740,2391,6qor_JBK_B_301,3,diffdock_l,0.22312049,0.014197019,15.716009,0,0.0088978416,19.345757
14349,319,10986,1569,5av4_GEN_A_400,3,diffdock_l,0.19164586,0.014144932,13.548728,0,0.99324718,19.562797
14350,319,16733,2390,6qor_JBK_A_301,3,diffdock_l,0.22183746,0.01411538,15.716009,0,1.2834977e-28,24.065147
14351,319,4083,583,2fr6_CTN_C_1003,2,diffdock,0.31385361,0.013840304,22.676785,0,0.93102981,29.12767
14352,319,12749,1821,5jp9_DCM_B_401,2,diffdock,0.28880277,0.013797655,20.931292,0,0.98665914,33.447046
14353,319,11868,1695,5fqf_NGA_A_1588,3,diffdock_l,0.38269744,0.013643959,28.048853,0,1.4207406e-28,36.700858
14354,319,4077,582,2fr6_CTN_A_1001,3,diffdock_l,0.32276427,0.013639138,23.664564,0,9.3082134e-22,29.930341
14355,319,4091,584,2fr6_CTN_D_1004,3,diffdock_l,0.32679095,0.01362174,23.990395,0,0.93527664,29.583294
14356,319,13109,1872,5nh9_XLS_A_503,5,autodock,0.16848989,0.013396449,12.577205,0,0.06850949,13.592692
14357,319,8977,1282,4kqx_HIO_B_401,3,diffdock_l,0.22545906,0.013308392,16.941118,0,0,25.577161
14358,319,9845,1406,4rje_PYR_C_402,3,diffdock_l,0.15917989,0.01327418,11.991692,0,0,27.413023
14359,319,7016,1002,3zwt_KFZ_A_1401,2,diffdock,0.19770399,0.013249604,14.9215,0,0.85981734,24.008524
14360,319,7254,1036,4aw0_MJF_A_600,2,diffdock,0.14106032,0.01323925,10.654705,0,0,23.894527
14361,319,11300,1614,5di7_5CQ_B_601,2,diffdock,0.28984423,0.013238248,21.894453,0,8.2483847e-38,27.816442
14362,319,5533,790,2x05_X05_A_1900,3,diffdock_l,0.29211428,0.013208069,22.116348,0,0,37.138717
14363,319,15417,2202,6gck_EUB_C_302,3,diffdock_l,0.22191766,0.013135838,16.89406,0,6.490074e-51,13.59085
14364,319,5876,839,2zce_PYL_A_601,3,diffdock_l,0.27401999,0.013119202,20.886938,0,2.5985562e-05,18.337661
14365,319,10237,1462,4wxb_CIT_A_501,3,diffdock_l,0.28355545,0.013108491,21.631432,0,2.5363367e-84,38.310199
14366,319,16739,2391,6qor_JBK_B_301,2,diffdock,0.18918196,0.012967516,14.588911,0,0.0093012548,22.431728
14367,319,15424,2203,6gck_EUB_D_302,3,diffdock_l,0.22259005,0.012954099,17.18298,0,6.292451e-38,41.02536
14368,319,5266,752,2v32_BEZ_D_1221,2,diffdock,0.2559913,0.012942144,19.779665,0,2.3448167e-44,24.830787
14369,319,13317,1902,5ooa_URI_A_201,3,diffdock_l,0.35356834,0.012903588,27.400776,0,0.978031,10.474267
14370,319,16732,2390,6qor_JBK_A_301,2,diffdock,0.187999,0.01288643,14.588911,0,1.2538848e-19,20.962479
14371,319,13947,1992,5vys_GMP_B_303,3,diffdock_l,0.19298882,0.012661675,15.241965,0,1.8327042e-16,24.885098
14372,319,7597,1085,4clo_XP0_D_1270,2,diffdock,0.29543944,0.012628726,23.394238,0,0,30.149476
14373,319,9921,1417,4tqi_6BD_B_201,2,diffdock,0.17788908,0.012607181,14.110138,0,4.9773159e-28,17.021747
14374,319,1088,155,1iri_E4P_C_603,3,diffdock_l,0.27492612,0.012589686,21.837406,0,0.68941631,22.183651
14375,319,4090,584,2fr6_CTN_D_1004,2,diffdock,0.2852601,0.012579388,22.676785,0,9.7447492e-28,29.502789
14376,319,6646,949,3w4i_8LG_C_402,3,diffdock_l,0.22877441,0.012567817,18.203192,0,0,28.342396
14377,319,4076,582,2fr6_CTN_A_1001,2,diffdock,0.2821961,0.012498224,22.578894,0,1.0406922e-29,28.952086
14378,319,4135,590,2fyd_NGA_D_529,5,autodock,0.13356971,0.012482113,10.700889,0,0.032075558,14.465242
14379,319,10446,1492,4ysx_MLI_A_701,2,diffdock,0.28496565,0.012478567,22.836407,0,0,38.188332
14380,319,14390,2055,5yb7_ORN_D_603,5,autodock,0.18960511,0.012460198,15.216861,0,0.0017851978,22.29147
14381,319,6799,971,3wqs_KBK_B_503,2,diffdock,0.28314891,0.012351903,22.923504,0,0,28.206209
14382,319,4399,628,2ixi_TYD_B_1182,3,diffdock_l,0.2270613,0.012333497,18.41013,0,0.96467296,18.968331
14383,319,13456,1922,5tch_MLI_H_501,2,diffdock,0.31802192,0.012289297,25.877956,0,0,30.149476
14384,319,15410,2201,6gck_EUB_A_302,3,diffdock_l,0.20714435,0.012231686,16.935059,0,1.8238526e-44,24.925495
14385,319,9914,1416,4tqi_6BD_A_201,2,diffdock,0.17386757,0.012203308,14.247576,0,3.949732e-28,16.817422
14386,319,9259,1322,4mol_2FG_C_703,5,autodock,0.22482542,0.012200589,18.427422,0,0.1769186,16.228228
14387,319,11791,1684,5fiu_Y3J_C_1299,3,diffdock_l,0.38524758,0.012183667,31.620001,0,0,37.526164
14388,319,2480,354,1t93_FLV_A_431,2,diffdock,0.18714255,0.012182354,15.361772,0,0,20.396288
14389,319,15412,2201,6gck_EUB_A_302,5,autodock,0.10922701,0.012099162,9.0276499,0,0,4.8069359
14390,319,13310,1901,5oo4_URI_A_201,3,diffdock_l,0.35201809,0.012059222,29.190779,0,0,15.787924
14391,319,3517,502,2b3f_GAL_B_3311,3,diffdock_l,0.38072451,0.012040622,31.620001,0,3.6508575e-96,39.420969
14392,320,10985,1569,5av4_GEN_A_400,2,diffdock,0.59582662,0.028716481,20.748592,0,0.99599657,19.306733
14393,320,7017,1002,3zwt_KFZ_A_1401,3,diffdock_l,0.70554145,0.023192609,30.420959,0,0.10022034,54.776381
14394,320,4398,628,2ixi_TYD_B_1182,2,diffdock,0.59492585,0.021852345,27.224804,0,0,28.889122
14395,320,13316,1902,5ooa_URI_A_201,2,diffdock,0.62373542,0.019606452,31.812761,0,0,10.575054
14396,320,11244,1606,5d8u_0N8_A_203,2,diffdock,0.18784363,0.016984358,11.059801,0,6.2378787e-06,18.579413
14397,320,6260,894,3t2e_F6R_A_3469,2,diffdock,0.14811591,0.01621955,9.1319361,0,0,25.837394
14398,320,1087,155,1iri_E4P_C_603,2,diffdock,0.47329521,0.016055785,29.478172,0,1.9979355e-111,41.438189
14399,320,10537,1505,4za7_4LV_A_606,2,diffdock,0.28718425,0.015065646,19.062191,0,0.02018546,23.901195
14400,320,11245,1606,5d8u_0N8_A_203,3,diffdock_l,0.22184551,0.014933822,14.855239,0,7.3382431e-06,28.654758
14401,320,6261,894,3t2e_F6R_A_3469,3,diffdock_l,0.15767781,0.014667803,10.749926,0,1.5942756e-06,20.762043
14402,320,17552,2507,6xu3_PLP_D_401,3,diffdock_l,0.26695542,0.014142169,18.876553,0,8.3111368e-58,39.321459
14403,320,17551,2507,6xu3_PLP_D_401,2,diffdock,0.24856943,0.014094576,17.63582,0,0,44.260214
14404,320,8423,1203,4hoz_GLC_A_703,2,diffdock,0.30898351,0.01384393,22.319059,0,0,26.439824
14405,320,17544,2506,6xu3_PLG_C_401,2,diffdock,0.340336,0.013821186,24.624224,0,0,49.827682
14406,320,3237,462,1zg3_2HI_A_365,3,diffdock_l,0.2061654,0.013457661,15.319555,0,0.025632181,20.548753
14407,320,555,79,1g4s_TPS_A_2001,2,diffdock,0.29205122,0.013109364,22.278059,0,5.5542398e-64,26.986024
14408,320,6177,882,3rsc_TYD_B_397,3,diffdock_l,0.34969327,0.013098934,26.696314,0,9.9098104e-61,39.748201
14409,320,9565,1366,4oxy_1TN_A_302,3,diffdock_l,0.22300922,0.012930066,17.247335,0,1.0750083e-41,44.715106
14410,320,12273,1753,5hss_650_B_402,2,diffdock,0.18746642,0.012723517,14.733851,0,0,39.466576
14411,320,15300,2185,6flu_DTK_B_401,5,autodock,0.22457833,0.012708149,17.671991,0,0.14062263,22.275476
14412,320,1185,169,1j0y_BGC_C_3601,2,diffdock,0.30754612,0.012641015,24.329226,0,2.1477799e-50,38.877548
14413,320,1171,167,1j0y_BGC_A_1601,2,diffdock,0.3053661,0.01255141,24.329226,0,1.0667333e-102,31.841905
14414,320,16026,2289,6lql_F0C_A_702,3,diffdock_l,0.22934708,0.012548673,18.276598,0,2.2799714e-14,23.835877
14415,320,871,124,1h48_GPP_C_904,3,diffdock_l,0.23442794,0.012496555,18.759403,0,6.9959846e-51,33.553117
14416,320,16761,2394,6qqs_JCZ_A_301,3,diffdock_l,0.2849368,0.012438314,22.90799,0,8.2649785e-25,24.238082
14417,320,10531,1504,4z6p_DHY_C_403,3,diffdock_l,0.37854207,0.012318417,30.729763,0,7.4669403e-29,38.869253
14418,320,9082,1297,4l80_OXL_F_402,3,diffdock_l,0.30312499,0.012253659,24.737507,0,2.8482908e-45,34.038591
14419,320,16042,2291,6lx5_C5F_A_503,5,autodock,0.14324698,0.012218427,11.723847,0,0,6.2735246
14420,321,7726,1103,4cx6_Q16_B_800,5,autodock,0.10986018,0.016481772,6.6655555,0,6.4462239e-09,7.3996507
14421,321,6093,870,3qwi_CUE_B_272,3,diffdock_l,0.22487769,0.015634927,14.383033,0,1.7200576e-07,41.402297
14422,321,7339,1048,4bu7_25F_A_2165,3,diffdock_l,0.358797,0.014939674,24.016386,0,0.99824339,32.680649
14423,321,7346,1049,4bu7_25F_C_2165,3,diffdock_l,0.35922812,0.014890073,24.125341,0,1.8829921e-44,25.612334
14424,321,8788,1255,4j4b_0TF_A_904,3,diffdock_l,0.33530358,0.014750732,22.731316,0,0.056714155,24.773122
14425,321,8885,1269,4jzx_476_A_402,2,diffdock,0.28328519,0.014596413,19.407862,0,0,30.149476
14426,321,6354,907,3tyn_CXW_A_800,5,autodock,0.11027771,0.014535959,7.586544,0,0,8.4764538
14427,321,13240,1891,5o4k_9KE_A_405,3,diffdock_l,0.21510347,0.014533295,14.800735,0,1.906796e-20,35.492869
14428,321,6361,908,3tyn_CXW_B_800,5,autodock,0.10971801,0.014462184,7.586544,0,0,8.558899
14429,321,14264,2037,5xvv_AKG_A_508,5,autodock,0.1097099,0.013668076,8.0267248,0,0.35735266,8.075857
14430,321,16677,2382,6qdc_HXE_A_1003,3,diffdock_l,0.22254452,0.013622314,16.336761,0,2.2893706e-07,27.82135
14431,321,4104,586,2fu9_MP2_B_2410,2,diffdock,0.23083392,0.013315271,17.336027,0,1.863603e-38,28.373719
14432,321,2768,395,1uxi_FUM_B_1311,3,diffdock_l,0.20606465,0.013216147,15.591885,0,7.7265714e-35,17.819571
14433,321,8902,1271,4k5g_Q13_A_803,5,autodock,0.065626668,0.013210555,4.9677439,0,7.7436588e-13,8.2385859
14434,321,11041,1577,5bkd_AKG_A_502,2,diffdock,0.24884564,0.013121823,18.964256,0,0,24.860526
14435,321,13809,1972,5v31_ARG_A_401,5,autodock,0.066448387,0.01291968,5.1431904,0,7.6035285e-06,14.258147
14436,321,11545,1649,5eo7_SFU_B_405,2,diffdock,0.23106042,0.012900679,17.910715,0,0,20.719576
14437,321,2817,402,1vkf_CIT_A_501,3,diffdock_l,0.24272285,0.012882052,18.841938,0,5.3918746e-30,22.900302
14438,321,1074,153,1iki_REY_A_400,3,diffdock_l,0.31011932,0.012820138,24.190012,0,1.2379981e-07,26.232101
14439,321,11293,1613,5di7_5CQ_A_601,2,diffdock,0.25632852,0.012775168,20.064589,0,0,27.56531
14440,321,8909,1272,4k5g_Q13_B_803,5,autodock,0.063470439,0.012612479,5.0323515,0,1.2172231e-09,8.1046575
14441,321,11559,1651,5eo7_SFU_C_402,2,diffdock,0.22799214,0.012584123,18.117441,0,1.915934e-70,22.210193
14442,321,11510,1644,5eo7_SFU_A_402,2,diffdock,0.22929541,0.012493773,18.352774,0,3.5621454e-20,20.569574
14443,321,11580,1654,5eo7_SFU_C_405,2,diffdock,0.22541222,0.012441723,18.117441,0,1.5423512e-95,24.441026
14444,321,11503,1643,5eo7_SFU_A_401,2,diffdock,0.21285971,0.01230958,17.292198,0,6.7568007e-55,21.871321
14445,321,829,118,1h48_C5P_F_901,3,diffdock_l,0.32770307,0.012220171,26.816568,0,2.8103018e-64,40.414172
14446,321,16056,2293,6lx5_C5F_B_502,5,autodock,0.13149366,0.012192623,10.784689,0,0,5.7926341
14447,321,10916,1559,5adi_TUE_A_800,3,diffdock_l,0.2229181,0.012177576,18.30562,0,1.3034703e-09,54.437876
14448,321,801,114,1h48_C5P_A_203,3,diffdock_l,0.32435864,0.012124709,26.751869,0,1.2031087e-88,38.916381
14449,321,822,117,1h48_C5P_E_901,3,diffdock_l,0.32190627,0.012062136,26.687334,0,3.5322362e-74,15.987435
14450,321,14180,2025,5xin_XLS_A_397,5,autodock,0.18247211,0.012013174,15.189333,0,0.18908056,18.118298
14451,321,2761,394,1uxi_FUM_A_1311,3,diffdock_l,0.18691606,0.011886038,15.725681,0,3.574045e-35,21.633798
14452,321,4532,647,2nry_STU_A_504,3,diffdock_l,0.37823981,0.011831007,31.970211,0,1.8919219e-53,51.11777
14453,321,4539,648,2nry_STU_C_503,3,diffdock_l,0.37779558,0.011817112,31.970211,0,1.9516888e-53,42.289442
14454,321,16782,2397,6r0i_JNB_A_901,3,diffdock_l,0.37765226,0.011812629,31.970211,0,0.98173176,44.040414
14455,321,8543,1220,4i2p_G73_A_601,3,diffdock_l,0.37702549,0.011793024,31.970211,0,2.3301755e-61,25.999388
14456,321,11952,1707,5g09_6DF_B_1474,3,diffdock_l,0.37692116,0.011789761,31.970211,0,9.7805103e-31,69.760386
14457,321,10930,1561,5aew_BNL_I_462,3,diffdock_l,0.37687804,0.011788412,31.970211,0,0,28.001163
14458,321,4546,649,2nry_STU_D_501,3,diffdock_l,0.37594851,0.011759337,31.970211,0,0.97845506,47.462792
14459,321,13807,1972,5v31_ARG_A_401,3,diffdock_l,0.14293268,0.011751164,12.163278,0,0,20.517786
14460,321,1676,239,1m3u_KPL_J_265,3,diffdock_l,0.34952343,0.011747285,29.753548,0,5.5254003e-65,24.045815
14461,321,13016,1859,5m66_ADN_B_502,3,diffdock_l,0.37519338,0.011735717,31.970211,0,5.6181274e-24,50.65974
14462,321,5113,730,2r0g_7CK_A_1355,3,diffdock_l,0.37517049,0.011735001,31.970211,0,6.8221019e-67,41.063267
14463,321,7338,1048,4bu7_25F_A_2165,2,diffdock,0.31177216,0.011721035,26.599369,0,0.99851792,26.927115
14464,321,14570,2081,5zgr_ZZ7_B_303,3,diffdock_l,0.22065126,0.011682971,18.88657,0,1.7918106e-39,27.268004
14465,321,7345,1049,4bu7_25F_C_2165,2,diffdock,0.31212211,0.01167197,26.741167,0,2.1012388e-44,25.740199
14466,321,17776,2539,7kje_NRD_A_405,3,diffdock_l,0.15133758,0.011665418,12.97318,0,0,37.062419
14467,321,13009,1858,5m66_ADN_A_502,3,diffdock_l,0.37180286,0.011629665,31.970211,0,0.71983024,28.001232
14468,321,9495,1356,4np7_DPJ_A_403,3,diffdock_l,0.22295245,0.011598865,19.221918,0,0,28.001163
14469,321,3545,506,2b3f_GAL_F_3315,3,diffdock_l,0.37056462,0.011590934,31.970211,0,3.9518678e-96,19.220189
14470,322,16781,2397,6r0i_JNB_A_901,2,diffdock,0.65395598,0.020324021,32.176506,0,0.96776519,45.264871
14471,322,4545,649,2nry_STU_D_501,2,diffdock,0.65179051,0.020256721,32.176506,0,0,48.861543
14472,322,16152,2307,6mry_FLC_K_101,3,diffdock_l,0.21400644,0.01639448,13.053566,0,2.8582639e-21,23.381752
14473,322,3887,555,2eb5_OXL_C_2003,2,diffdock,0.25363414,0.016153647,15.701354,0,0,25.745084
14474,322,13008,1858,5m66_ADN_A_502,2,diffdock,0.50755016,0.015773936,32.176506,0,6.659682e-51,56.408692
14475,322,7117,1016,4a8p_PAO_E_1338,5,autodock,0.21799249,0.01563034,13.946752,0,0,14.860327
14476,322,17712,2530,7bzm_GIM_A_501,2,diffdock,0.27904655,0.015203017,18.354681,0,0,34.3498
14477,322,7038,1005,3zzm_JLN_A_1526,3,diffdock_l,0.32202887,0.014205858,22.668736,0,0,40.497035
14478,322,15160,2165,6f76_CVK_A_203,5,autodock,0.18329034,0.014181754,12.924376,0,0,11.028789
14479,322,3811,544,2d3n_GLC_A_608,3,diffdock_l,0.15524808,0.014164772,10.960153,0,3.8624649e-39,16.363414
14480,322,16109,2301,6mae_JBA_A_301,2,diffdock,0.29812626,0.014093805,21.152998,0,0,27.658386
14481,322,248,35,1cq1_BGC_B_455,3,diffdock_l,0.19162332,0.014074434,13.614992,0,0.00060814834,12.636194
14482,322,5255,750,2uza_HTL_B_1236,5,autodock,0.33001644,0.013922531,23.703766,0,0,77.169611
14483,322,11182,1597,5cjn_52F_A_809,3,diffdock_l,0.26134529,0.013814426,18.918285,0,0.0019952186,43.097188
14484,322,16151,2307,6mry_FLC_K_101,2,diffdock,0.18437697,0.013286869,13.876629,0,0,26.547296
14485,322,516,73,1fsa_F6P_A_338,5,autodock,0.12785416,0.013268408,9.6359825,0,1.4505529e-05,13.298858
14486,322,2803,400,1v5y_4HC_B_1201,3,diffdock_l,0.15580148,0.013073507,11.917343,0,9.7123824e-45,18.913934
14487,322,3881,554,2eb5_OXL_B_2002,3,diffdock_l,0.22154085,0.013055314,16.969398,0,3.7211791e-82,13.976932
14488,322,5070,724,2qvr_FDP_A_333,2,diffdock,0.29643525,0.01290322,22.97374,0,0,22.222425
14489,322,12199,1742,5ha7_WY1_B_402,5,autodock,0.10758145,0.012902607,8.3379612,0,0,7.7154367
14490,322,15444,2206,6gpn_OGA_B_402,2,diffdock,0.18494019,0.012883826,14.354445,0,0,24.274341
14491,322,4590,655,2nu7_COA_B_1325,5,autodock,0.10266915,0.012830689,8.0018415,0,1.9179583e-06,8.62466
14492,322,15923,2274,6l17_E2X_A_401,5,autodock,0.16974156,0.012698285,13.367281,0,0,6.8575195
14493,322,6289,898,3te7_TE7_A_1,3,diffdock_l,0.22230265,0.012630157,17.600939,0,0,30.588011
14494,322,7681,1097,4cno_9PY_B_301,2,diffdock,0.22841548,0.012618656,18.10141,0,1.3062811e-57,24.335731
14495,322,3874,553,2eb5_OXL_A_2001,3,diffdock_l,0.21762836,0.012603775,17.266916,0,1.4349921e-81,22.80564
14496,322,8529,1218,4i0b_CMP_A_302,3,diffdock_l,0.32344904,0.012388522,26.108767,0,1.4364292e-25,17.632194
14497,322,3895,556,2eb5_OXL_E_2005,3,diffdock_l,0.22144856,0.012314075,17.983368,0,1.3936937e-81,21.45398
14498,322,11329,1618,5dky_NOJ_A_1000,3,diffdock_l,0.26263004,0.012289968,21.369463,0,0,20.02929
14499,322,13309,1901,5oo4_URI_A_201,2,diffdock,0.30190108,0.012254373,24.636189,0,0,11.839864
14500,322,9081,1297,4l80_OXL_F_402,2,diffdock,0.27053564,0.012254252,22.076878,0,0,36.374101
14501,322,13365,1909,5syi_NIZ_B_805,2,diffdock,0.17844757,0.012242128,14.576514,0,0,37.172345
14502,322,3880,554,2eb5_OXL_B_2002,2,diffdock,0.19109709,0.012170739,15.701354,0,0,29.996886
14503,322,828,118,1h48_C5P_F_901,2,diffdock,0.28848045,0.01214076,23.761316,0,2.1899315e-35,38.028304
14504,322,807,115,1h48_C5P_C_901,2,diffdock,0.28555995,0.012114943,23.570885,0,1.2344469e-28,37.059903
14505,322,2117,302,1pke_2FD_C_448,3,diffdock_l,0.23660827,0.012112272,19.534588,0,0.97388914,20.302523
14506,322,800,114,1h48_C5P_A_203,2,diffdock,0.28618272,0.012050105,23.749395,0,0,37.95092
14507,322,486,69,1fqo_F6R_A_1268,3,diffdock_l,0.25658091,0.012032319,21.324308,0,6.0802465e-64,18.990096
14508,322,814,116,1h48_C5P_D_204,2,diffdock,0.28341234,0.01202383,23.570885,0,3.341033e-65,33.783214
14509,322,2802,400,1v5y_4HC_B_1201,2,diffdock,0.14901024,0.012013781,12.403275,0,2.5060006e-07,19.781708
14510,322,821,117,1h48_C5P_E_901,2,diffdock,0.28434104,0.011978572,23.737473,0,1.3289599e-54,37.098018
14511,322,2151,307,1pr0_NOS_A_1245,2,diffdock,0.22422625,0.011974413,18.725447,0,0,27.954274
14512,322,10447,1492,4ysx_MLI_A_701,3,diffdock_l,0.32786966,0.011852987,27.661352,0,0,28.658276
14513,322,3810,544,2d3n_GLC_A_608,2,diffdock,0.14826489,0.011798583,12.566329,0,0,17.133671
14514,322,17736,2533,7c7g_FJR_B_402,5,autodock,0.12487702,0.011769746,10.610001,0,0,11.011232
14515,322,16978,2425,6s4h_KUQ_A_901,3,diffdock_l,0.30364421,0.011768342,25.801781,0,0.99556038,43.1432
14516,322,3873,553,2eb5_OXL_A_2001,2,diffdock,0.18789423,0.011751951,15.988343,0,0,24.73062
14517,322,4247,606,2gyv_HBP_B_545,5,autodock,0.2283038,0.011743615,19.440672,0,0,25.268625
14518,322,4902,700,2qca_DGP_A_200,2,diffdock,0.18095554,0.011708658,15.454847,0,0,13.428345
14519,322,15571,2224,6ho2_GHN_A_301,3,diffdock_l,0.18999042,0.011666032,16.285778,0,0.96672255,17.423717
14520,323,15570,2224,6ho2_GHN_A_301,2,diffdock,0.57680298,0.025797773,22.358633,0,0.96795938,22.202593
14521,323,2116,302,1pke_2FD_C_448,2,diffdock,0.59446981,0.02517503,23.613468,0,0,25.832701
14522,323,16977,2425,6s4h_KUQ_A_901,2,diffdock,0.63770852,0.019712784,32.349998,0,0.9955874,42.259838
14523,323,8115,1159,4ekr_0R0_A_202,2,diffdock,0.2537735,0.01754549,14.463744,0,0.99187126,14.98155
14524,323,1118,159,1itw_ICT_C_743,5,autodock,0.12298892,0.015135507,8.1258526,0,2.1980054e-06,10.973014
14525,323,8129,1161,4ekr_0R0_B_203,2,diffdock,0.21826858,0.015090738,14.463744,0,2.5371354e-36,14.524292
14526,323,16686,2383,6qdc_HXE_A_1004,5,autodock,0.10800687,0.014247865,7.580564,0,0,9.8115264
14527,323,12498,1785,5ita_6DC_A_801,3,diffdock_l,0.32231044,0.013798918,23.357658,0,0.99716156,36.230647
14528,323,1125,160,1itw_ICT_D_743,5,autodock,0.10652632,0.01373284,7.7570486,0,2.3039471e-06,13.141429
14529,323,1111,158,1itw_ICT_B_744,5,autodock,0.105516,0.013602594,7.7570486,0,2.5059065e-06,12.982833
14530,323,7663,1094,4cmk_FQW_B_1270,5,autodock,0.12745485,0.013460498,9.4688053,0,1.2439855e-05,7.2063699
14531,323,7381,1054,4bux_F35_C_2165,3,diffdock_l,0.32817302,0.013441048,24.41573,0,5.1245637e-46,27.671953
14532,323,7037,1005,3zzm_JLN_A_1526,2,diffdock,0.28067509,0.013412592,20.926235,0,0,40.269651
14533,323,4765,680,2prg_BRL_A_1,5,autodock,0.11972963,0.013334315,8.9790602,0,0,8.6811307
14534,323,7374,1053,4bux_F35_A_2166,3,diffdock_l,0.32471962,0.013294254,24.42556,0,0.83018678,37.216383
14535,323,1377,196,1kbq_936_B_704,5,autodock,0.13200692,0.01326616,9.9506493,0,0,9.533976
14536,323,8130,1161,4ekr_0R0_B_203,3,diffdock_l,0.21481947,0.013256874,16.204382,0,2.09448e-36,12.821858
14537,323,14115,2016,5x5d_UMP_C_401,3,diffdock_l,0.31939222,0.013111165,24.360321,0,1.0446158e-39,27.732502
14538,323,8809,1258,4j7u_YTZ_A_802,3,diffdock_l,0.21488569,0.013035583,16.484547,0,3.91789e-78,27.380636
14539,323,5526,789,2wzv_FMN_B_801,3,diffdock_l,0.35714385,0.012995224,27.482698,0,0.98434584,36.897779
14540,323,8654,1236,4i9n_1E5_B_402,2,diffdock,0.28099875,0.01293355,21.726341,0,2.5651696e-65,56.661649
14541,323,10748,1535,4zvv_GN0_B_404,3,diffdock_l,0.3348731,0.012851747,26.05662,0,4.671367e-41,47.856294
14542,323,8816,1259,4j7u_YTZ_B_802,3,diffdock_l,0.21176596,0.012846331,16.484547,0,0.0026807656,27.902941
14543,323,12743,1820,5jp9_DCM_A_401,3,diffdock_l,0.18886515,0.01274161,14.822706,0,2.1218712e-37,32.601181
14544,323,8668,1238,4i9n_1E5_F_402,2,diffdock,0.27286763,0.012739795,21.418524,0,1.3183518e-97,51.425689
14545,323,16700,2385,6qde_HWW_A_503,5,autodock,0.09673855,0.012700174,7.6171036,0,0,12.074968
14546,323,8662,1237,4i9n_1E5_C_402,3,diffdock_l,0.29105234,0.0125983,23.102507,0,1.7435694e-95,50.005776
14547,323,1384,197,1kbq_936_C_701,5,autodock,0.12874531,0.012596055,10.221081,0,0,8.140962
14548,323,11910,1701,5fwd_GJV_A_1446,3,diffdock_l,0.36610739,0.012529103,29.220556,0,0.98543351,26.382564
14549,323,17146,2449,6t5p_VD8_C_302,3,diffdock_l,0.24615647,0.012523745,19.655178,0,1.0735806e-77,32.120421
14550,323,5204,743,2tmk_ATM_B_217,3,diffdock_l,0.28609444,0.012267286,23.321737,0,3.92809e-38,25.225064
14551,323,1473,210,1kwc_BPY_B_401,3,diffdock_l,0.22176269,0.012252808,18.098927,0,0.98677469,15.426459
14552,323,16665,2380,6qdb_HWQ_A_1002,5,autodock,0.063208518,0.012182748,5.1883621,0,0,8.8712427
14553,323,5022,717,2qim_ZEA_A_161,3,diffdock_l,0.14541736,0.012150816,11.967703,0,1.395384e-06,18.483359
14554,323,14276,2039,5xvv_AKG_C_504,3,diffdock_l,0.2418682,0.012137784,19.92688,0,0.36832241,48.448343
14555,323,1815,259,1nme_159_B_9002,2,diffdock,0.17578919,0.011849062,14.835704,0,0,14.764275
14556,323,11693,1670,5f79_4V7_A_4000,3,diffdock_l,0.22608757,0.011841949,19.092089,0,0.0002429531,17.376955
14557,323,15507,2215,6hl9_SIN_B_402,2,diffdock,0.16786069,0.011824447,14.196071,0,0.44521391,20.025747
14558,323,17162,2451,6t9c_MX8_A_501,5,autodock,0.10646135,0.011820097,9.0068073,0,0,19.22684
14559,323,12497,1785,5ita_6DC_A_801,2,diffdock,0.27689746,0.011748145,23.56946,0,0.99611195,38.737646
14560,323,8697,1242,4i9n_1E6_C_401,3,diffdock_l,0.34925869,0.011692797,29.869556,0,1.1697218e-45,36.500235
14561,323,1641,234,1m3u_KPL_B_265,3,diffdock_l,0.29366061,0.011680933,25.140165,0,1.2024043e-74,62.773165
14562,323,8822,1260,4j7u_YTZ_D_802,2,diffdock,0.18246715,0.01164418,15.670244,0,0,31.19881
14563,323,16616,2373,6q4r_HJ5_A_1009,5,autodock,0.17353073,0.011633266,14.916767,0,0.07856877,25.048275
14564,323,14010,2001,5wgk_AGJ_A_816,3,diffdock_l,0.27289259,0.011608299,23.508404,0,0,24.648849
14565,323,13212,1887,5o3g_9J8_B_501,3,diffdock_l,0.23201092,0.011593057,20.012918,0,1.2848758e-62,16.82557
14566,323,8808,1258,4j7u_YTZ_A_802,2,diffdock,0.18142213,0.011577491,15.670244,0,0,33.017206
14567,323,1073,153,1iki_REY_A_400,2,diffdock,0.26006588,0.011566698,22.484018,0,0,29.413019
14568,323,1675,239,1m3u_KPL_J_265,2,diffdock,0.31882343,0.011545588,27.614307,0,0,49.734683
14569,323,7380,1054,4bux_F35_C_2165,2,diffdock,0.28662771,0.011452661,25.02717,0,4.8758981e-46,30.393201
14570,324,11909,1701,5fwd_GJV_A_1446,2,diffdock,0.65771135,0.025358809,25.936207,0,0,26.778012
14571,324,1472,210,1kwc_BPY_B_401,2,diffdock,0.60140872,0.023028664,26.115656,0,0.98743986,17.583537
14572,324,12658,1808,5j6y_GLC_A_309,2,diffdock,0.11279393,0.019807068,5.6946297,0,0,12.544048
14573,324,5525,789,2wzv_FMN_B_801,2,diffdock,0.62397218,0.019665138,31.729864,0,0,36.977422
14574,324,9231,1318,4mig_G3F_B_802,5,autodock,0.23884147,0.017750126,13.455761,0,0.00060186616,16.489824
14575,324,17692,2527,7bp1_CAQ_C_401,3,diffdock_l,0.33410234,0.016814641,19.869726,0,3.4444586e-40,30.372326
14576,324,7373,1053,4bux_F35_A_2166,2,diffdock,0.5344933,0.016461502,32.469292,0,0.99025789,34.586309
14577,324,14227,2032,5xmq_PLG_C_501,3,diffdock_l,0.31627118,0.015289072,20.686092,0,0,38.754037
14578,324,14332,2047,5yaq_ISE_B_402,3,diffdock_l,0.26980641,0.015269343,17.669809,0,0,37.482623
14579,324,2039,291,1p1w_AMQ_B_427,2,diffdock,0.29179788,0.015190113,19.209723,0,0.99824163,23.5127
14580,324,3111,444,1y8j_STS_A_900,3,diffdock_l,0.21586929,0.014754262,14.630978,0,0.87992966,65.384891
14581,324,1475,210,1kwc_BPY_B_401,5,autodock,0.17948256,0.014549856,12.335692,0,8.0968853e-05,229.25668
14582,324,12309,1758,5i0d_GLC_B_1122,3,diffdock_l,0.22161842,0.014017452,15.810178,0,1.17992e-62,28.874366
14583,324,7941,1134,4dta_ADN_B_401,3,diffdock_l,0.22754129,0.013989295,16.265385,0,0.91196838,25.18411
14584,324,7934,1133,4dta_ADN_A_401,3,diffdock_l,0.22590751,0.01388749,16.266977,0,0,35.613583
14585,324,17699,2528,7bp1_CAQ_D_401,3,diffdock_l,0.27301938,0.013740469,19.869726,0,2.0674036e-40,23.650339
14586,324,3755,536,2coj_GBN_A_420,3,diffdock_l,0.23845377,0.013692075,17.415457,0,1.528527e-39,28.618342
14587,324,7948,1135,4dtb_GMP_A_401,3,diffdock_l,0.21766756,0.013576536,16.032627,0,0,25.393125
14588,324,10818,1545,5a02_GOL_E_1341,3,diffdock_l,0.23361895,0.01351911,17.280643,0,0,30.132838
14589,324,5465,780,2wdq_TEO_A_1589,5,autodock,0.094771027,0.013510985,7.0143676,0,0.0013397252,9.8926941
14590,324,10362,1480,4xti_IMP_B_601,2,diffdock,0.29093527,0.013398516,21.713991,0,0,36.402407
14591,324,10355,1479,4xti_IMP_A_601,2,diffdock,0.2908948,0.013396652,21.713991,0,0,35.566447
14592,324,10764,1537,4zvz_4TF_A_503,5,autodock,0.14362669,0.013386191,10.729465,0,0.046697126,13.268989
14593,324,4168,595,2g21_L1B_A_885,3,diffdock_l,0.33130284,0.013367685,24.783859,0,0.99527135,30.505907
14594,324,6319,902,3tky_N7I_C_369,5,autodock,0.12996481,0.013302466,9.7699776,0,0,77.364646
14595,324,395,56,1e8m_P0H_A_724,3,diffdock_l,0.23124543,0.013282328,17.410006,0,0.99291998,39.048604
14596,324,15970,2281,6l86_LMR_D_302,3,diffdock_l,0.24259178,0.013273433,18.276489,0,5.8500874e-56,28.230199
14597,324,10601,1514,4zdz_TPF_A_602,3,diffdock_l,0.15354879,0.013188183,11.642906,0,0.00016676997,41.244345
14598,325,7940,1134,4dta_ADN_B_401,2,diffdock,0.56143694,0.022630915,24.808405,0,0.88145454,26.135155
14599,325,394,56,1e8m_P0H_A_724,2,diffdock,0.60509793,0.019034658,31.78927,0,0.99009784,40.828517
14600,325,3110,444,1y8j_STS_A_900,2,diffdock,0.54156964,0.017921594,30.21883,0,0.86807103,35.863642
14601,325,12511,1787,5iuy_BOG_B_503,2,diffdock,0.27867345,0.014950016,18.640343,0,0,32.311459
14602,325,8151,1164,4evs_PHB_A_408,3,diffdock_l,0.33499611,0.01480905,22.621038,0,0.99831171,18.279725
14603,325,4559,651,2ntk_IMP_B_206,2,diffdock,0.30519163,0.014498552,21.049799,0,0.97293348,47.427086
14604,325,8150,1164,4evs_PHB_A_408,2,diffdock,0.28672823,0.014380905,19.93812,0,0.99855989,20.260018
14605,325,16760,2394,6qqs_JCZ_A_301,2,diffdock,0.2431281,0.014350134,16.942564,0,6.5783146e-25,26.702327
14606,325,283,40,1d7a_AIR_D_450,3,diffdock_l,0.2193463,0.014223741,15.421139,0,0.86628946,43.450718
14607,325,8158,1165,4f06_PHB_A_401,3,diffdock_l,0.33196328,0.013816747,24.026152,0,0.99671067,18.594916
14608,325,269,38,1d7a_AIR_B_350,3,diffdock_l,0.21489751,0.013654159,15.73861,0,2.9594082e-45,43.296661
14609,325,2053,293,1p7c_THM_B_501,2,diffdock,0.3058279,0.013581461,22.51804,0,0.98921822,30.726026
14610,325,401,57,1ei6_PPF_A_410,2,diffdock,0.24484243,0.013524005,18.104282,0,1.8111373e-46,35.295785
14611,325,4146,592,2fzb_TOL_A_600,2,diffdock,0.2736439,0.013419102,20.392115,0,0,22.243154
14612,325,6625,946,3vv5_SLZ_B_301,3,diffdock_l,0.24559878,0.013385984,18.347456,0,0.99834672,20.445783
14613,325,261,37,1d6u_HY1_B_3001,2,diffdock,0.28750489,0.013384723,21.480076,0,0,30.149476
14614,325,5364,766,2vp5_DCZ_B_1210,2,diffdock,0.28741084,0.013209247,21.758305,0,6.1586962e-41,23.548866
14615,325,6464,923,3v7u_MTA_A_302,3,diffdock_l,0.22242721,0.013192534,16.860081,0,0,23.687605
14616,325,8157,1165,4f06_PHB_A_401,2,diffdock,0.28442849,0.013160743,21.611885,0,0.99802309,18.601846
14617,325,12861,1837,5kxb_NGA_C_305,2,diffdock,0.22354673,0.013035223,17.149435,0,0,21.898842
14618,325,13611,1944,5u5z_7VP_A_302,3,diffdock_l,0.14196028,0.012961542,10.952421,0,8.2644447e-34,13.40558
14619,325,17194,2456,6tgi_N8Z_B_508,2,diffdock,0.18725735,0.012925848,14.487044,0,1.4463761e-22,25.073778
14620,325,16768,2395,6qqs_JCZ_B_301,3,diffdock_l,0.22425922,0.012882248,17.40839,0,0.89927368,24.56061
14621,325,12854,1836,5kxb_NGA_B_305,2,diffdock,0.21987613,0.012821187,17.149435,0,0,25.249892
14622,325,13610,1944,5u5z_7VP_A_302,2,diffdock,0.1384934,0.012698614,10.906181,0,1.9133469e-33,13.070621
14623,325,1424,203,1klk_PMD_A_653,3,diffdock_l,0.33385934,0.012679549,26.330536,0,0.96784568,20.104463
14624,325,7115,1016,4a8p_PAO_E_1338,3,diffdock_l,0.35201928,0.012606476,27.923683,0,1.2983641e-41,35.273637
14625,325,15416,2202,6gck_EUB_C_302,2,diffdock,0.18225195,0.012313404,14.801101,0,0,44.007514
14626,325,15790,2255,6jyg_FLC_C_401,5,autodock,0.11145164,0.01227958,9.0761757,0,0.011096425,11.447685
14627,325,11097,1585,5c8w_PCG_A_302,2,diffdock,0.3076433,0.012208922,25.198235,0,0,30.715092
14628,325,15493,2213,6hl7_CP_C_401,2,diffdock,0.17319511,0.012194327,14.202924,0,0,28.080755
14629,325,1388,198,1kdo_C_A_5407,2,diffdock,0.2847323,0.012172006,23.392387,0,0,18.864377
14630,325,7528,1075,4cjw_CBJ_B_1217,3,diffdock_l,0.22240625,0.012157516,18.293722,0,0,22.706511
14631,325,9992,1427,4uc9_ASP_C_1300,3,diffdock_l,0.19780234,0.012135028,16.300112,0,0.81850078,33.618011
14632,325,7269,1038,4b1f_KRH_A_1256,3,diffdock_l,0.21655575,0.012110422,17.881765,0,0.98608808,23.353008
14633,325,7514,1073,4cjw_CBJ_A_1215,3,diffdock_l,0.22152468,0.012109327,18.293722,0,0,22.016613
14634,325,11630,1661,5eso_ISC_B_602,3,diffdock_l,0.25570545,0.012105422,21.123215,0,8.9762503e-53,58.389127
14635,325,15423,2203,6gck_EUB_D_302,2,diffdock,0.18279926,0.012100366,15.106919,0,0,44.18464
14636,325,3167,452,1zb6_GST_A_502,3,diffdock_l,0.17060242,0.012082489,14.119806,0,0.029971469,23.92908
14637,325,4154,593,2fzb_TOL_A_800,3,diffdock_l,0.22253271,0.012062186,18.448786,0,1.5850731e-10,21.514033
14638,325,66,9,1aia_PMP_A_411,3,diffdock_l,0.27173447,0.011908577,22.81838,0,4.0923413e-35,34.460113
14639,325,16767,2395,6qqs_JCZ_B_301,2,diffdock,0.19563798,0.011827494,16.540947,0,0.90740517,25.175742
14640,325,9978,1425,4uc9_ASP_A_1300,3,diffdock_l,0.14076499,0.011812719,11.916391,0,0,30.636235
14641,325,6365,909,3u1t_MLI_B_350,2,diffdock,0.17978071,0.011778397,15.263596,0,0,18.259677
14642,325,3433,490,2agw_TSS_D_3001,3,diffdock_l,0.14544107,0.011770334,12.356579,0,0,28.001163
14643,325,6288,898,3te7_TE7_A_1,2,diffdock,0.18491211,0.011699206,15.805526,0,0,30.843459
14644,325,3440,491,2agw_TSS_H_2001,3,diffdock_l,0.14438127,0.011666312,12.375913,0,0,28.001163
14645,325,3166,452,1zb6_GST_A_502,2,diffdock,0.1542518,0.011651904,13.238334,0,0.038843518,27.267809
14646,325,2411,344,1sff_IK2_C_450,3,diffdock_l,0.32875094,0.011552412,28.45734,0,8.9796938e-62,58.497284
14647,325,6681,954,3w8x_FTK_A_601,3,diffdock_l,0.15419671,0.011541832,13.359812,0,0,38.850199
14648,326,6624,946,3vv5_SLZ_B_301,2,diffdock,0.64388947,0.032974418,19.526937,0,1.0541514e-37,22.343337
14649,326,7268,1038,4b1f_KRH_A_1256,2,diffdock,0.60823567,0.027353029,22.2365,0,0,38.033845
14650,326,1423,203,1klk_PMD_A_653,2,diffdock,0.61505918,0.024288572,25.322985,0,0.9359915,20.419332
14651,326,9991,1427,4uc9_ASP_C_1300,2,diffdock,0.53675815,0.021694504,24.741663,0,0,33.9579
14652,326,282,40,1d7a_AIR_D_450,2,diffdock,0.54229693,0.020159527,26.900278,0,0.86282056,47.645888
14653,326,9411,1344,4ndn_PPK_A_406,3,diffdock_l,0.22541326,0.016448435,13.704236,0,0,17.752597
14654,326,15745,2249,6jq8_CIT_A_302,2,diffdock,0.18331995,0.016424454,11.161402,0,0,15.879326
14655,326,528,75,1fuq_CIT_A_1001,3,diffdock_l,0.1969943,0.015627215,12.605847,0,0,37.174411
14656,326,7859,1122,4d96_5PA_C_402,5,autodock,0.21590456,0.014222561,15.180427,0,0,54.680775
14657,326,1375,196,1kbq_936_B_704,3,diffdock_l,0.23115144,0.01419183,16.28764,0,3.3846933e-125,11.755865
14658,326,1382,197,1kbq_936_C_701,3,diffdock_l,0.22938254,0.014045723,16.331129,0,1.4251046e-80,37.646532
14659,326,527,75,1fuq_CIT_A_1001,2,diffdock,0.171453,0.014030739,12.219811,0,0,26.962421
14660,326,8459,1208,4hzf_CMP_A_302,3,diffdock_l,0.31714496,0.013990543,22.668522,0,1.3033943e-36,26.847771
14661,326,9873,1410,4rql_SNE_A_505,3,diffdock_l,0.22581142,0.01376151,16.408911,0,2.7235965e-28,22.574876
14662,326,10055,1436,4uoc_NCN_B_400,3,diffdock_l,0.21698721,0.01348324,16.093103,0,2.001364e-46,38.113395
14663,326,8536,1219,4i0b_CMP_B_301,3,diffdock_l,0.32297655,0.01345687,24.000866,0,0,18.099527
14664,326,9872,1410,4rql_SNE_A_505,2,diffdock,0.19185408,0.013415914,14.300485,0,0.0092259889,24.697334
14665,326,8508,1215,4i02_CMP_D_302,3,diffdock_l,0.32900927,0.012967755,25.371334,0,0.99392057,31.888961
14666,326,8528,1218,4i0b_CMP_A_302,2,diffdock,0.29481376,0.012905702,22.843681,0,0,30.685107
14667,326,7271,1038,4b1f_KRH_A_1256,5,autodock,0.1660648,0.012798348,12.975486,0,0,24.975942
14668,326,15654,2236,6ix8_B3O_B_408,2,diffdock,0.32068408,0.012649715,25.351089,0,0,45.236014
14669,326,7089,1012,4a7a_RGZ_B_601,5,autodock,0.13613274,0.012530825,10.863828,0,4.9742044e-06,14.199852
14670,326,9410,1344,4ndn_PPK_A_406,2,diffdock,0.20653982,0.01251409,16.50458,0,0,42.296522
14671,326,13879,1982,5vuu_9OJ_B_803,5,autodock,0.078124769,0.012505841,6.2470613,0,1.3941575e-14,5.6592463
14672,326,10054,1436,4uoc_NCN_B_400,2,diffdock,0.20633173,0.012475069,16.539524,0,0,39.661021
14673,326,3859,551,2e56_MYR_A_601,2,diffdock,0.14686279,0.012433137,11.812206,0,1.4109433e-05,14.62207
14674,326,8501,1214,4i02_CMP_D_301,3,diffdock_l,0.33634245,0.012418332,27.084349,0,1.7903288e-116,31.813732
14675,326,8487,1212,4i02_CMP_B_301,3,diffdock_l,0.33667334,0.01225163,27.479879,0,2.7764664e-58,26.256055
14676,326,7082,1011,4a7a_RGZ_A_601,5,autodock,0.13198592,0.012149117,10.863828,0,4.8117537e-07,17.346903
14677,326,2628,375,1tt6_DES_A_129,3,diffdock_l,0.16191397,0.012098667,13.382792,0,0.035233381,16.026127
14678,326,2830,404,1vl1_CIT_A_300,2,diffdock,0.18287205,0.012024108,15.208782,0,0.34066883,14.669242
14679,326,2831,404,1vl1_CIT_A_300,3,diffdock_l,0.21337156,0.012001166,17.779234,0,0.14331003,14.631945
14680,326,15732,2247,6jme_BVU_A_409,3,diffdock_l,0.34445923,0.01199889,28.707588,0,0.87823975,27.261902
14681,326,5043,720,2qs2_UBF_B_602,3,diffdock_l,0.27431113,0.011985834,22.886276,0,3.1121566e-62,26.457951
14682,326,13688,1955,5uio_8DM_C_202,3,diffdock_l,0.18447345,0.011880097,15.52794,0,9.5533344e-20,49.126436
14683,326,6267,895,3t3q_9PL_A_501,2,diffdock,0.1937461,0.011804037,16.413544,0,0,45.473275
14684,326,514,73,1fsa_F6P_A_338,3,diffdock_l,0.22688041,0.011789813,19.243765,0,0,28.758407
14685,326,3860,551,2e56_MYR_A_601,3,diffdock_l,0.15429808,0.011776721,13.101954,0,6.8296412e-07,11.488477
14686,326,14738,2105,6b5k_TYD_B_304,3,diffdock_l,0.2361457,0.01176889,20.065247,0,0,32.305828
14687,326,4706,672,2ot7_OGA_A_500,2,diffdock,0.20262149,0.011749255,17.245474,0,0,30.149476
14688,326,10244,1463,4wxb_CIT_B_501,3,diffdock_l,0.24985441,0.0117312,21.298281,0,2.8366806e-30,38.606646
14689,326,597,85,1g79_PLP_A_270,2,diffdock,0.14377666,0.011696691,12.292078,0,6.593054e-24,16.351877
14690,326,7297,1042,4b98_PXG_D_470,3,diffdock_l,0.38374488,0.011696586,32.808281,0,1.3902872e-64,68.184257
14691,326,4714,673,2ot7_OGA_B_500,3,diffdock_l,0.18067507,0.011691405,15.453666,0,0,28.001163
14692,326,2627,375,1tt6_DES_A_129,2,diffdock,0.15848472,0.011650699,13.603021,0,0,17.066058
14693,326,4651,664,2o7b_HC4_D_701,3,diffdock_l,0.38165166,0.011632785,32.808281,0,0,28.001163
14694,326,731,104,1h0v_UN4_A_1299,3,diffdock_l,0.15361775,0.011555861,13.293492,0,0,18.559571
14695,326,7376,1053,4bux_F35_A_2166,5,autodock,0.29268924,0.011529421,25.38629,0,0,6.8202401
14696,326,8535,1219,4i0b_CMP_B_301,2,diffdock,0.28028505,0.011494747,24.383749,0,7.0736986e-22,27.977468
14697,326,3727,532,2c6q_IMP_G_1338,3,diffdock_l,0.37698055,0.011490409,32.808281,0,0,65.561199
14698,327,8507,1215,4i02_CMP_D_302,2,diffdock,0.62756382,0.019019713,32.995441,0,0,36.879706
14699,327,7943,1134,4dta_ADN_B_401,5,autodock,0.23230831,0.018106611,12.830026,0,0.0047483054,12.883722
14700,327,15731,2247,6jme_BVU_A_409,2,diffdock,0.56528762,0.017132294,32.995441,0,0.98564291,29.029725
14701,327,3664,523,2c3d_COM_A_1526,3,diffdock_l,0.22653416,0.015466544,14.64672,0,9.4828042e-06,27.595931
14702,327,3671,524,2c3d_COM_B_1525,3,diffdock_l,0.22533695,0.015412739,14.620174,0,1.0970544e-05,27.084653
14703,327,6540,934,3vmg_9CA_C_2002,2,diffdock,0.24392868,0.015127779,16.124552,0,0,30.59962
14704,327,7758,1108,4d06_NAR_F_302,2,diffdock,0.1846037,0.014740859,12.523266,0,0,42.407528
14705,327,3663,523,2c3d_COM_A_1526,2,diffdock,0.19457235,0.013519386,14.392098,0,0,28.752659
14706,327,3670,524,2c3d_COM_B_1525,2,diffdock,0.19332902,0.013467323,14.355415,0,0,29.964061
14707,327,4469,638,2jfv_FLC_A_1271,3,diffdock_l,0.21252135,0.013377266,15.886754,0,0.028880984,39.292895
14708,327,3118,445,1yee_PNB_H_551,3,diffdock_l,0.24383948,0.013259777,18.389408,0,0.90883193,23.424784
14709,327,16259,2322,6ng5_KMD_B_803,5,autodock,0.10231608,0.012954572,7.898066,0,0,5.9982502
14710,327,16252,2321,6ng5_KMD_A_803,5,autodock,0.10225921,0.012947371,7.898066,0,0,7.0217599
14711,327,8213,1173,4g1x_TQU_A_410,2,diffdock,0.20614771,0.012601361,16.359159,0,4.9187123e-13,15.113201
14712,327,17279,2468,6tt4_FT8_A_709,3,diffdock_l,0.34288818,0.011955059,28.681427,0,0.97787028,53.178358
14713,327,1585,226,1lro_PEP_B_2268,3,diffdock_l,0.19212066,0.011917734,16.120567,0,4.8699736e-27,23.641001
14714,327,10482,1497,4ywb_OXD_C_704,3,diffdock_l,0.22156798,0.01187623,18.656422,0,6.5781823e-59,26.449552
14715,327,4315,616,2htu_BCZ_A_801,3,diffdock_l,0.26072678,0.011838846,22.022987,0,0.98655048,11.234147
14716,327,4468,638,2jfv_FLC_A_1271,2,diffdock,0.18220836,0.01176942,15.481506,0,0,19.348703
14717,327,6541,934,3vmg_9CA_C_2002,3,diffdock_l,0.25187045,0.011737554,21.458509,0,5.8950464e-75,32.436718
14718,327,5528,789,2wzv_FMN_B_801,5,autodock,0.27083032,0.011734584,23.079668,0,0,17.75257
14719,327,14402,2057,5ybl_AKG_C_302,3,diffdock_l,0.23581859,0.011718997,20.122761,0,0,28.396718
14720,327,1584,226,1lro_PEP_B_2268,2,diffdock,0.18751266,0.01159035,16.178341,0,0.64203703,25.785957
14721,327,6218,888,3se2_LDR_B_2,2,diffdock,0.21360153,0.011520377,18.541191,0,3.0642663e-57,26.883189
14722,327,1053,150,1ij8_BNI_A_501,3,diffdock_l,0.20041252,0.01148153,17.455208,0,0,19.358215
14723,327,13856,1979,5vut_9OG_A_803,3,diffdock_l,0.21745368,0.011438692,19.010361,0,3.691274e-12,43.802763
14724,327,5458,779,2wdq_CBE_K_1130,5,autodock,0.13074421,0.011390537,11.478317,0,0,10.794883
14725,327,17488,2498,6x9d_HYP_A_2002,2,diffdock,0.31708172,0.011380069,27.862898,0,2.0578948e-73,42.977654
14726,327,14955,2136,6cut_FEJ_C_401,3,diffdock_l,0.37521407,0.011371694,32.995441,0,0.98199948,31.822661
14727,327,8865,1266,4jp3_CIT_A_301,3,diffdock_l,0.15903637,0.01136663,13.991513,0,0.00099882635,15.530245
14728,327,535,76,1fuy_FIP_A_269,3,diffdock_l,0.18720896,0.011359864,16.479856,0,0,44.6788
14729,327,5451,778,2wdq_CBE_G_1130,5,autodock,0.13029897,0.011351748,11.478317,0,0,8.8225602
14730,327,11966,1709,5g09_6DF_D_1476,3,diffdock_l,0.36760186,0.011140989,32.995441,0,1.0710582e-30,68.8048
14731,327,14430,2061,5ybq_8T0_A_303,3,diffdock_l,0.36728043,0.011131248,32.995441,0,2.5429761e-41,19.133169
14732,327,5444,777,2wdq_CBE_C_1130,5,autodock,0.12995367,0.011099287,11.708289,0,0,34.500848
14733,327,4608,658,2nz5_226_A_431,2,diffdock,0.14640769,0.011081765,13.211585,0,2.0015285e-57,27.594741
14734,327,59,8,1aer_TIA_B_700,3,diffdock_l,0.1479829,0.011043776,13.399664,0,0.16579831,19.795724
14735,327,4805,686,2pt6_S4M_C_503,3,diffdock_l,0.36118244,0.010946435,32.995441,0,1.0176001e-56,38.619839
14736,327,3692,527,2c6q_IMP_A_1337,3,diffdock_l,0.36112099,0.010944572,32.995441,0,0,71.472682
14737,327,8683,1240,4i9n_1E6_A_401,3,diffdock_l,0.36076939,0.010933916,32.995441,0,4.8764825e-08,55.438789
14738,327,4609,658,2nz5_226_A_431,3,diffdock_l,0.15557773,0.010931417,14.232163,0,5.1575439e-88,24.185097
14739,327,3713,530,2c6q_IMP_D_1337,3,diffdock_l,0.35953277,0.010896438,32.995441,0,0,69.632142
14740,327,14864,2123,6c1i_EEY_B_501,3,diffdock_l,0.20539028,0.010855447,18.920479,0,0,39.741028
14741,327,12932,1847,5lik_W8X_X_402,3,diffdock_l,0.22356352,0.010847453,20.609768,0,0,28.001163
14742,327,12218,1745,5hfa_FP1_A_608,3,diffdock_l,0.15555115,0.010833225,14.35871,0,6.6727995e-14,17.285003
14743,327,12217,1745,5hfa_FP1_A_608,2,diffdock,0.14636739,0.010816446,13.531929,0,4.4853062e-79,30.231544
14744,327,14045,2006,5wgw_MB5_A_715,3,diffdock_l,0.17643984,0.010790936,16.350742,0,1.2844378e-31,33.996341
14745,327,2474,353,1t87_CAM_B_2422,3,diffdock_l,0.15933669,0.010775951,14.786322,0,3.0906252e-71,24.065951
14746,327,10530,1504,4z6p_DHY_C_403,2,diffdock,0.34752745,0.010748731,32.331951,0,0,39.941491
14747,327,11790,1684,5fiu_Y3J_C_1299,2,diffdock,0.35462697,0.010747756,32.995441,0,0,38.875098
14748,328,4314,616,2htu_BCZ_A_801,2,diffdock,0.64656072,0.026177909,24.698713,0,0,29.080458
14749,328,14954,2136,6cut_FEJ_C_401,2,diffdock,0.65513581,0.019729295,33.206245,0,0,62.52388
14750,328,17278,2468,6tt4_FT8_A_709,2,diffdock,0.62037873,0.018682592,33.206245,0,0,55.878028
14751,328,3117,445,1yee_PNB_H_551,2,diffdock,0.57709154,0.017379006,33.206245,0,0,23.594677
14752,328,2061,294,1p7l_MET_A_485,3,diffdock_l,0.23036853,0.01700637,13.546013,0,8.7473016e-21,35.624232
14753,328,2068,295,1p7l_MET_B_385,3,diffdock_l,0.22964026,0.016910997,13.579344,0,3.2048688e-08,34.048732
14754,328,16406,2343,6ofr_BOG_A_802,5,autodock,0.11369671,0.015654339,7.2629514,0,0.011456445,13.227248
14755,328,7702,1100,4crg_J4X_A_1493,2,diffdock,0.22875127,0.015468948,14.78777,0,0.54890884,22.423888
14756,328,4770,681,2prg_BRL_B_2,3,diffdock_l,0.23221725,0.01501172,15.469063,0,0,28.001163
14757,328,4763,680,2prg_BRL_A_1,3,diffdock_l,0.21658335,0.014657513,14.776268,0,0,28.001163
14758,328,12596,1799,5j5i_6GM_I_302,3,diffdock_l,0.33694592,0.014598943,23.080156,0,0,21.710006
14759,328,2060,294,1p7l_MET_A_485,2,diffdock,0.20828442,0.014554197,14.310951,0,4.8108158e-07,38.983078
14760,328,2067,295,1p7l_MET_B_385,2,diffdock,0.20768919,0.014465469,14.357583,0,0,36.288027
14761,328,684,97,1gsi_TMP_A_1210,5,autodock,0.16760814,0.013972404,11.995654,0,0,18.130322
14762,328,4210,601,2giq_NN2_B_2001,3,diffdock_l,0.3400811,0.01376476,24.706648,0,7.8110847e-59,51.438196
14763,328,13547,1935,5tlg_7EG_B_601,2,diffdock,0.29915441,0.013621561,21.961828,0,0,34.75637
14764,328,2249,321,1q4g_BFL_B_1701,2,diffdock,0.29865079,0.01352424,22.082628,0,1.3181916e-55,37.816037
14765,328,7709,1101,4cvb_PQQ_A_1608,2,diffdock,0.1998111,0.013369398,14.945406,0,0,35.846597
14766,328,15916,2273,6kxh_DY9_D_402,5,autodock,0.13114699,0.013328244,9.8397789,0,0,142.54234
14767,328,12589,1798,5j5i_6GM_G_302,3,diffdock_l,0.32064941,0.013258598,24.184259,0,2.9874375e-94,60.304676
14768,328,4769,681,2prg_BRL_B_2,2,diffdock,0.20264445,0.013050926,15.527207,0,0,30.149476
14769,328,12554,1793,5j5i_6GM_A_302,3,diffdock_l,0.31544539,0.013043416,24.184259,0,9.6371087e-82,40.970846
14770,328,7710,1101,4cvb_PQQ_A_1608,3,diffdock_l,0.21286035,0.013034663,16.330328,0,0,27.438386
14771,328,8458,1208,4hzf_CMP_A_302,2,diffdock,0.28072739,0.013007269,21.582346,0,0,29.089185
14772,328,12799,1828,5kcp_PFB_A_379,3,diffdock_l,0.22387278,0.012663952,17.677954,0,2.8523636e-27,27.865587
14773,328,6806,972,3wsg_CIT_A_302,2,diffdock,0.27544668,0.012551501,21.945316,0,0,35.591768
14774,328,11840,1691,5fli_QUE_G_301,3,diffdock_l,0.33220563,0.012538309,26.495249,0,0,39.959023
14775,328,5084,726,2qx4_ML1_B_233,2,diffdock,0.18414609,0.012522479,14.705241,0,0,27.591501
14776,329,10558,1508,4zb5_GLC_A_403,2,diffdock,0.18175578,0.014791562,12.287801,0,0.99475573,19.579815
14777,329,11636,1662,5ew8_5SF_A_803,2,diffdock,0.29485865,0.014455534,20.397629,0,0.96789508,36.164963
14778,329,11821,1688,5fli_QUE_D_301,5,autodock,0.34025623,0.013894271,24.488956,0,0,726.13373
14779,329,8850,1264,4jh6_FCN_B_202,2,diffdock,0.15938516,0.013758468,11.584513,0,0,12.202811
14780,329,9683,1383,4q3a_2YC_C_904,2,diffdock,0.29522133,0.013329887,22.147322,0,3.8383491e-24,33.693359
14781,329,13513,1930,5thu_B3N_A_404,3,diffdock_l,0.20391909,0.012717102,16.035027,0,0.72365148,24.53202
14782,329,3363,480,1zuw_DGL_C_3301,3,diffdock_l,0.25230992,0.012642194,19.957762,0,6.7167658e-58,33.211202
14783,329,17726,2532,7c7g_FJR_A_402,2,diffdock,0.18336775,0.012583244,14.572373,0,0,30.762287
14784,329,17733,2533,7c7g_FJR_B_402,2,diffdock,0.18471082,0.012516601,14.757266,0,0,33.536392
14785,329,2949,421,1x09_IPE_A_902,2,diffdock,0.16872817,0.012337156,13.676423,0,9.5928046e-07,16.896072
14786,329,9313,1330,4mux_2E4_A_402,3,diffdock_l,0.18191243,0.012321639,14.763654,0,2.1169943e-41,27.082832
14787,329,13148,1878,5nnw_GCS_D_302,2,diffdock,0.13573849,0.012304896,11.031258,0,3.823939e-54,24.95343
14788,329,13149,1878,5nnw_GCS_D_302,3,diffdock_l,0.13507097,0.012285177,10.994629,0,0,23.945798
14789,329,15388,2198,6fw0_E92_B_602,2,diffdock,0.29456513,0.012255791,24.034769,0,0,37.124733
14790,329,9669,1381,4q3a_2YC_A_904,2,diffdock,0.26720163,0.012235477,21.838266,0,2.5558967e-71,31.640535
14791,329,2075,296,1p7l_PPK_C_684,3,diffdock_l,0.22746731,0.012228812,18.600931,0,0,42.11294
14792,329,3356,479,1zuw_DGL_B_2301,3,diffdock_l,0.25015136,0.012190499,20.520187,0,0.99500917,23.758609
14793,329,857,122,1h48_CDI_D_201,3,diffdock_l,0.2672715,0.012044304,22.190695,0,0,29.243466
14794,329,4273,610,2gzm_DGL_C_503,3,diffdock_l,0.25339404,0.011986095,21.140665,0,0,24.517477
14795,329,15606,2229,6hsg_GM5_B_504,3,diffdock_l,0.25688111,0.011961034,21.476496,0,0,50.38875
14796,329,10405,1486,4xzh_48I_B_402,3,diffdock_l,0.22484933,0.011898711,18.896946,0,1.1198291e-44,31.365373
14797,329,5273,753,2v60_C17_A_1503,2,diffdock,0.29548725,0.01189631,24.838562,0,0,41.727603
14798,329,4266,609,2gzm_DGL_B_502,3,diffdock_l,0.25273808,0.011863147,21.30447,0,0,24.129419
14799,329,7087,1012,4a7a_RGZ_B_601,3,diffdock_l,0.22517335,0.011795302,19.090086,0,9.9684078e-63,38.084449
14800,329,7080,1011,4a7a_RGZ_A_601,3,diffdock_l,0.22471394,0.011771236,19.090086,0,1.7534288e-07,35.585695
14801,329,10398,1485,4xzh_48I_A_402,3,diffdock_l,0.2244659,0.011763076,19.082243,0,8.9783704e-52,33.929075
14802,329,9250,1321,4mog_G3F_A_802,3,diffdock_l,0.21419853,0.011748526,18.231947,0,0,25.619091
14803,329,5280,754,2v60_C17_B_1498,2,diffdock,0.29610422,0.011745734,25.209511,0,0,39.660732
14804,329,13205,1886,5o3f_9HT_A_501,3,diffdock_l,0.19047752,0.011700617,16.27927,0,0.074636879,12.292868
14805,329,4734,676,2pd5_ZST_A_600,2,diffdock,0.29505217,0.011664537,25.294802,0,7.0853402e-09,24.95771
14806,329,9754,1393,4qxc_OGA_A_600,3,diffdock_l,0.22467557,0.011644631,19.294346,0,0,28.001163
14807,329,5288,755,2v7o_DRN_A_1303,3,diffdock_l,0.21245466,0.011622526,18.279558,0,0.37722035,28.852315
14808,329,2824,403,1vkf_CIT_D_503,3,diffdock_l,0.19604646,0.011543885,16.98271,0,0,26.979557
14809,329,9112,1301,4lm7_U5P_A_201,5,autodock,0.085691215,0.011447471,7.4856014,0,0,11.104454
14810,329,1864,266,1ns4_BGC_B_2400,2,diffdock,0.21414608,0.011324245,18.910404,0,0,25.959808
14811,329,2998,428,1xid_ASC_A_389,2,diffdock,0.18170858,0.011281657,16.106548,0,0,19.190923
14812,329,3013,430,1xin_XYL_B_397,3,diffdock_l,0.25318334,0.011237624,22.529968,0,1.7104837e-20,36.519528
14813,329,5967,852,2zut_A2G_D_4004,3,diffdock_l,0.33508857,0.011174078,29.988028,0,0,28.001163
14814,329,16704,2386,6qni_GLC_A_402,2,diffdock,0.13676547,0.011130182,12.287801,0,0,22.567971
14815,329,16546,2363,6png_OSG_A_803,5,autodock,0.07597667,0.011118154,6.8335676,0,2.2759622e-08,6.0142244
14816,329,12295,1756,5hyv_TPP_A_701,3,diffdock_l,0.24431203,0.011110329,21.989628,0,0.97749171,33.552084
14817,329,13407,1915,5tbo_78Z_A_1001,2,diffdock,0.29207786,0.010975604,26.611551,0,0.94798366,29.006456
14818,329,2222,317,1q20_PLO_A_401,3,diffdock_l,0.18878859,0.010963246,17.220135,0,0.01736432,19.882455
14819,329,6527,932,3vc3_C6P_F_501,3,diffdock_l,0.29202479,0.01091864,26.745525,0,0,40.420942
14820,329,16396,2342,6ock_9KL_A_602,2,diffdock,0.18458546,0.010909958,16.918987,0,0,28.251317
14821,329,17622,2517,6zi7_QR8_B_502,3,diffdock_l,0.32593764,0.01087832,29.962128,0,6.4510877e-33,15.592
14822,329,9249,1321,4mog_G3F_A_802,2,diffdock,0.18546536,0.010869412,17.063051,0,0,25.953406
14823,329,6561,937,3vnj_PSJ_D_301,2,diffdock,0.20225526,0.010835837,18.665401,0,1.5185292e-32,34.288589
14824,329,7383,1054,4bux_F35_C_2165,5,autodock,0.21282316,0.010775833,19.75004,0,0,7.8275872
14825,329,2859,408,1w1a_NDG_1_1261,3,diffdock_l,0.147976,0.010701952,13.827009,0,0,30.770853
14826,330,12294,1756,5hyv_TPP_A_701,2,diffdock,0.61919951,0.018330612,33.779533,0,0,34.669779
14827,330,13512,1930,5thu_B3N_A_404,2,diffdock,0.45384622,0.015664083,28.973684,0,0,43.154213
14828,330,17531,2504,6xu3_GAB_B_402,3,diffdock_l,0.14924002,0.015458712,9.6541033,0,1.0758985e-32,12.423583
14829,330,17530,2504,6xu3_GAB_B_402,2,diffdock,0.14262861,0.014870765,9.5912075,0,0,34.63391
14830,330,7527,1075,4cjw_CBJ_B_1217,2,diffdock,0.1850378,0.014323409,12.918558,0,0,27.132973
14831,330,7513,1073,4cjw_CBJ_A_1215,2,diffdock,0.18309287,0.014172856,12.918558,0,0,26.235489
14832,330,285,40,1d7a_AIR_D_450,5,autodock,0.197192,0.013189087,14.951147,0,1.5696127e-06,13.765066
14833,330,5581,797,2xhk_AKG_B_519,2,diffdock,0.17537844,0.012735793,13.770514,0,0,19.128871
14834,330,13498,1928,5tdt_MBN_D_501,2,diffdock,0.23190884,0.01244286,18.637903,0,0,35.607559
14835,330,9908,1415,4tq4_DMA_D_403,3,diffdock_l,0.24829263,0.012042994,20.617182,0,0.64507043,28.785708
14836,330,14443,2063,5ybq_AKG_A_302,2,diffdock,0.19610399,0.01199251,16.352203,0,3.572594e-47,25.023815
14837,330,2130,304,1pl6_572_B_407,2,diffdock,0.16485376,0.011937437,13.809811,0,7.6910559e-85,40.501561
14838,330,2123,303,1pl6_572_A_405,2,diffdock,0.16746404,0.011887364,14.087566,0,0,39.086783
14839,330,7530,1075,4cjw_CBJ_B_1217,5,autodock,0.11353044,0.01181627,9.607975,0,0,11.002933
14840,330,7516,1073,4cjw_CBJ_A_1215,5,autodock,0.1130921,0.011770647,9.607975,0,0,10.167484
14841,330,2131,304,1pl6_572_B_407,3,diffdock_l,0.18389802,0.011364629,16.18161,0,0,40.086914
14842,330,14969,2138,6dl7_ONC_A_301,3,diffdock_l,0.29412842,0.011361064,25.88916,0,1.2006641e-64,45.337631
14843,330,2124,303,1pl6_572_A_405,3,diffdock_l,0.18751766,0.011341819,16.533295,0,0,33.936988
14844,330,14423,2060,5ybp_AKG_B_302,3,diffdock_l,0.20251758,0.011336164,17.864735,0,0.8727547,21.798908
14845,330,941,134,1h7q_TYD_A_1258,3,diffdock_l,0.1700945,0.011260759,15.105064,0,0.51110474,21.630823
14846,330,5875,839,2zce_PYL_A_601,2,diffdock,0.23499725,0.01111488,21.14258,0,7.1844956e-06,18.345021
14847,330,2137,305,1pl6_572_C_409,2,diffdock,0.14890616,0.011031196,13.49864,0,0,35.603886
14848,330,1514,216,1l4f_NCN_A_991,2,diffdock,0.29270462,0.010994096,26.623798,0,0,24.545074
14849,330,16985,2426,6s51_KVQ_A_901,3,diffdock_l,0.32389809,0.010886128,29.753284,0,0.99725322,33.466386
14850,330,14422,2060,5ybp_AKG_B_302,2,diffdock,0.17995664,0.010825422,16.62352,0,0,22.209116
14851,330,563,80,1g4s_TPS_B_2002,3,diffdock_l,0.21140081,0.010823444,19.53175,0,0.98897791,24.626009
14852,330,13799,1971,5ut1_7DZ_A_905,2,diffdock,0.13443567,0.010810626,12.435512,0,0,24.611061
14853,330,15172,2167,6f76_CVK_C_203,3,diffdock_l,0.20879431,0.010766711,19.392578,0,3.1579204e-60,13.635625
14854,330,5042,720,2qs2_UBF_B_602,2,diffdock,0.23604988,0.010690362,22.080624,0,0.99777536,25.847912
14855,330,3342,477,1zpd_CIT_F_610,3,diffdock_l,0.31632615,0.010671777,29.641373,0,3.3017421e-54,50.285716
14856,330,1928,275,1o29_UFP_C_813,3,diffdock_l,0.21938326,0.010628345,20.641336,0,0,37.867972
14857,330,12931,1847,5lik_W8X_X_402,2,diffdock,0.18275006,0.010554058,17.315619,0,0,30.149476
14858,330,7409,1058,4bz6_SHH_C_700,3,diffdock_l,0.23715476,0.010544877,22.490044,0,0.0122355,43.547485
14859,330,6480,925,3vbn_TYD_A_301,5,autodock,0.15995043,0.01054483,15.168611,0,0,15.593398
14860,330,15354,2193,6fs7_E4Z_C_903,3,diffdock_l,0.28985795,0.01053065,27.525171,0,0,54.841719
14861,330,2175,310,1pr6_XYA_A_1245,5,autodock,0.15995119,0.010440821,15.319789,0,3.0581629e-06,15.828175
14862,330,1767,252,1n3o_GYP_A_1001,3,diffdock_l,0.18657342,0.010437367,17.875523,0,0,29.785245
14863,330,7542,1077,4cld_JUO_A_1270,3,diffdock_l,0.22536996,0.010419982,21.628632,0,3.9672705e-40,40.336764
14864,330,13800,1971,5ut1_7DZ_A_905,3,diffdock_l,0.13264994,0.010404051,12.749834,0,0,21.316479
14865,330,4006,572,2f78_BEZ_B_1005,2,diffdock,0.1867625,0.010401882,17.954681,0,5.6531787e-25,20.54986
14866,330,3516,502,2b3f_GAL_B_3311,2,diffdock,0.35027904,0.010369564,33.779533,0,0,39.338356
14867,330,4531,647,2nry_STU_A_504,2,diffdock,0.35019605,0.010367107,33.779533,0,1.7130004e-53,42.424663
14868,330,4538,648,2nry_STU_C_503,2,diffdock,0.34966206,0.010351299,33.779533,0,1.1794901e-56,44.859033
14869,330,10929,1561,5aew_BNL_I_462,2,diffdock,0.34928804,0.010340227,33.779533,0,0,30.149476
14870,330,11951,1707,5g09_6DF_B_1474,2,diffdock,0.34906351,0.01033358,33.779533,0,0,68.279274
14871,330,8542,1220,4i2p_G73_A_601,2,diffdock,0.34898295,0.010331195,33.779533,0,0.99377028,40.219151
14872,330,12994,1856,5m5a_KSA_A_404,2,diffdock,0.34866941,0.010321913,33.779533,0,0.95913018,32.918112
14873,330,13015,1859,5m66_ADN_B_502,2,diffdock,0.34808023,0.010304471,33.779533,0,0,56.444406
14874,330,3425,489,2a9z_26A_A_1002,2,diffdock,0.2906642,0.010303359,28.210623,0,2.4855434e-23,25.944194
14875,330,5112,730,2r0g_7CK_A_1355,2,diffdock,0.34741183,0.010284684,33.779533,0,0,30.861708
14876,331,562,80,1g4s_TPS_B_2002,2,diffdock,0.61208026,0.019707773,31.057808,0,5.7088143e-64,26.628641
14877,331,16984,2426,6s51_KVQ_A_901,2,diffdock,0.62824146,0.018450007,34.051014,0,0.98036438,44.450733
14878,331,604,86,1g8z_GAL_D_104,2,diffdock,0.17301272,0.014986451,11.544608,0,0,17.637006
14879,331,4751,678,2pin_LEG_B_502,5,autodock,0.08421059,0.014197827,5.9312301,0,0,6.4069023
14880,331,15990,2284,6l8a_BAL_D_507,2,diffdock,0.2033303,0.014125988,14.394058,0,6.0362792e-84,44.24312
14881,331,12792,1827,5kcp_PFB_A_378,3,diffdock_l,0.19945691,0.014122286,14.123556,0,0,33.288698
14882,331,6246,892,3sp6_IL2_A_901,2,diffdock,0.24108653,0.013890438,17.356293,0,0,24.329063
14883,331,11231,1604,5cyf_FLC_A_301,3,diffdock_l,0.22921081,0.013745136,16.675774,0,3.0265874e-26,30.757378
14884,331,14661,2094,6a3j_SOE_A_402,3,diffdock_l,0.2620084,0.013728218,19.085388,0,7.8008224e-52,39.442043
14885,331,14660,2094,6a3j_SOE_A_402,2,diffdock,0.24420953,0.013618797,17.931797,0,0,40.132322
14886,331,12798,1828,5kcp_PFB_A_379,2,diffdock,0.19594591,0.013563798,14.446241,0,7.0490077e-68,28.787704
14887,331,940,134,1h7q_TYD_A_1258,2,diffdock,0.32898539,0.013480037,24.405376,0,0,25.978692
14888,331,15095,2156,6f2b_AKG_B_402,3,diffdock_l,0.25182696,0.013332999,18.887493,0,7.6348628e-108,25.658042
14889,331,12806,1829,5kcp_PFB_B_378,3,diffdock_l,0.1864103,0.013198538,14.123556,0,0,28.800492
14890,331,6247,892,3sp6_IL2_A_901,3,diffdock_l,0.25830521,0.013113213,19.698086,0,0.94939768,23.511696
14891,331,780,111,1h1i_QUE_D_1357,3,diffdock_l,0.22288969,0.012732522,17.505539,0,0,39.811132
14892,331,766,109,1h1i_QUE_B_1356,3,diffdock_l,0.22336726,0.012669752,17.629961,0,7.108949e-55,22.292191
14893,331,17608,2515,6zac_QDE_A_4000,3,diffdock_l,0.1865511,0.012651726,14.74511,0,0.93853715,27.610935
14894,331,15088,2155,6f2b_AKG_A_402,3,diffdock_l,0.23479211,0.012563528,18.688389,0,9.2772444e-63,44.903425
14895,331,4051,578,2fhk_MFN_B_602,5,autodock,0.16302719,0.012477868,13.065308,0,0,15.639886
14896,331,5428,775,2wch_B7M_A_1145,3,diffdock_l,0.1506975,0.012464041,12.090581,0,2.3528782e-06,11.806778
14897,331,779,111,1h1i_QUE_D_1357,2,diffdock,0.20295025,0.012271636,16.538157,0,0,45.988603
14898,331,765,109,1h1i_QUE_B_1356,2,diffdock,0.20336123,0.012179079,16.697584,0,0,45.619998
14899,331,14086,2012,5x2m_GLN_A_951,2,diffdock,0.26024496,0.012121327,21.470003,0,0,38.60698
14900,331,13268,1895,5oew_9TE_B_901,3,diffdock_l,0.27367534,0.012105472,22.607571,0,0.98281364,41.044902
14901,331,15094,2156,6f2b_AKG_B_402,2,diffdock,0.22294393,0.012011853,18.560326,0,0,31.921851
14902,331,11119,1588,5c8w_PCG_F_302,3,diffdock_l,0.20723942,0.011945016,17.349445,0,0.98391115,15.294629
14903,331,11112,1587,5c8w_PCG_D_302,3,diffdock_l,0.20698825,0.011848596,17.469431,0,0,30.186014
14904,331,773,110,1h1i_QUE_C_1358,3,diffdock_l,0.20590351,0.011845827,17.381943,0,0,44.451031
14905,331,772,110,1h1i_QUE_C_1358,2,diffdock,0.19376599,0.011823326,16.388449,0,0,42.697237
14906,331,11105,1586,5c8w_PCG_B_303,3,diffdock_l,0.2068974,0.011778288,17.565998,0,1.4215486e-62,30.394297
14907,331,2306,329,1rf2_BV4_E_105,3,diffdock_l,0.193798,0.011756503,16.484322,0,1.618344e-36,49.485697
14908,331,3894,556,2eb5_OXL_E_2005,2,diffdock,0.18212235,0.011662337,15.616282,0,0.88845161,24.91535
14909,331,6176,882,3rsc_TYD_B_397,2,diffdock,0.30194887,0.011642893,25.934177,0,0,38.561658
14910,331,11230,1604,5cyf_FLC_A_301,2,diffdock,0.19885436,0.011599741,17.142998,0,2.0053932e-27,32.660844
14911,331,4749,678,2pin_LEG_B_502,3,diffdock_l,0.14492819,0.011599315,12.494546,0,0,22.621245
14912,331,6947,992,3wzo_ZOE_D_201,3,diffdock_l,0.21276145,0.011565295,18.396542,0,0,31.393108
14913,331,17621,2517,6zi7_QR8_B_502,2,diffdock,0.28471765,0.011554873,24.64048,0,0,40.484294
14914,331,9061,1294,4l80_OXL_C_402,3,diffdock_l,0.24215155,0.011553111,20.959854,0,2.8589043e-72,33.610818
14915,331,885,126,1h5r_G1P_A_1294,3,diffdock_l,0.228879,0.01153181,19.84762,0,0,25.964041
14916,331,15102,2157,6f2b_AKG_C_402,3,diffdock_l,0.21412942,0.011457884,18.688389,0,0.35428335,15.432256
14917,331,15087,2155,6f2b_AKG_A_402,2,diffdock,0.20934962,0.011334294,18.470457,0,0,31.500226
14918,331,6121,874,3rgz_BLD_A_800,3,diffdock_l,0.26277184,0.01132926,23.194084,0,0.98002746,29.310182
14919,331,9957,1422,4u8p_UDP_C_603,3,diffdock_l,0.21974733,0.01129782,19.450417,0,0,31.486868
14920,331,3615,516,2bs3_CIT_D_1657,3,diffdock_l,0.22108086,0.011273965,19.609858,0,0,42.376053
14921,331,3853,550,2e56_MYR_A_501,3,diffdock_l,0.13923544,0.011248622,12.377998,0,5.2193261e-06,11.414781
14922,331,13211,1887,5o3g_9J8_B_501,2,diffdock,0.17771825,0.01120907,15.85486,0,0,16.058524
14923,331,17657,2522,6zjw_GAL_A_1101,3,diffdock_l,0.2211194,0.011117321,19.889627,0,0,30.659375
14924,331,15816,2259,6jz4_EVA_A_701,3,diffdock_l,0.20299515,0.011110146,18.271149,0,0,32.747329
14925,331,12791,1827,5kcp_PFB_A_378,2,diffdock,0.17366973,0.011093489,15.655104,0,2.5117882e-48,28.955181
14926,332,6120,874,3rgz_BLD_A_800,2,diffdock,0.61523991,0.026355405,23.343973,0,0,41.842622
14927,332,11118,1588,5c8w_PCG_F_302,2,diffdock,0.58945587,0.025235012,23.35865,0,0,28.048232
14928,332,17607,2515,6zac_QDE_A_4000,2,diffdock,0.5593212,0.018106985,30.889801,0,0.96446002,43.910804
14929,332,13267,1895,5oew_9TE_B_901,2,diffdock,0.61348441,0.017840147,34.387856,0,0,40.398211
14930,332,13527,1932,5thu_GGG_B_405,3,diffdock_l,0.14979723,0.015179598,9.8683252,0,8.0865215e-31,30.343623
14931,332,30,4,1a59_CIT_A_379,2,diffdock,0.13417629,0.014858902,9.0300264,0,0,21.737599
14932,332,8284,1183,4gt9_MEF_A_304,3,diffdock_l,0.13788529,0.014312085,9.6341848,0,2.0183075e-175,13.465806
14933,332,31,4,1a59_CIT_A_379,3,diffdock_l,0.14913715,0.01413702,10.549404,0,0.15117347,18.861387
14934,332,13121,1874,5nh9_XLS_D_504,3,diffdock_l,0.23995084,0.013900154,17.262457,0,1.0531595e-37,40.29164
14935,332,15171,2167,6f76_CVK_C_203,2,diffdock,0.17577795,0.013652152,12.875475,0,0,46.711903
14936,332,3145,449,1z4k_T3P_A_4341,2,diffdock,0.17512628,0.013019051,13.451539,0,0.3189066,18.212793
14937,332,17272,2467,6tt4_BMA_C_3,3,diffdock_l,0.13788512,0.012852711,10.728095,0,0,20.407107
14938,332,13120,1874,5nh9_XLS_D_504,2,diffdock,0.212456,0.012539434,16.943027,0,0,41.95729
14939,332,15164,2166,6f76_CVK_B_203,2,diffdock,0.15780148,0.012286742,12.843231,0,0,46.163999
14940,332,5393,770,2vzu_PNJ_B_1904,3,diffdock_l,0.30914317,0.012144005,25.45644,0,0,44.017802
14941,332,15270,2181,6flu_DTK_A_403,3,diffdock_l,0.21312632,0.012031184,17.714491,0,0,27.187422
14942,332,13526,1932,5thu_GGG_B_405,2,diffdock,0.13478404,0.012030372,11.203646,0,2.1331543e-31,30.486783
14943,332,13107,1872,5nh9_XLS_A_503,3,diffdock_l,0.20616226,0.01194281,17.262457,0,0.0025973851,38.954963
14944,332,12862,1837,5kxb_NGA_C_305,3,diffdock_l,0.19114654,0.011892219,16.073242,0,0,21.546125
14945,332,1697,242,1mmx_FUC_A_348,3,diffdock_l,0.22362373,0.011834107,18.896544,0,4.8109723e-57,21.924748
14946,332,15165,2166,6f76_CVK_B_203,3,diffdock_l,0.17809825,0.01172844,15.185161,0,7.8953838e-53,14.013208
14947,332,6373,910,3u3o_3QV_A_296,3,diffdock_l,0.1501125,0.011679575,12.852565,0,0,18.841852
14948,332,12855,1836,5kxb_NGA_B_305,3,diffdock_l,0.18739232,0.01165865,16.073242,0,4.9933972e-72,22.012174
14949,332,15277,2182,6flu_DTK_A_404,3,diffdock_l,0.20419527,0.01152208,17.722082,0,2.4861988e-29,27.682725
14950,332,4846,692,2q28_TPP_A_4001,2,diffdock,0.23066601,0.011440771,20.161751,0,1.5200924e-59,54.15336
14951,332,8283,1183,4gt9_MEF_A_304,2,diffdock,0.12347234,0.011422041,10.810006,0,0,16.87355
14952,332,2256,322,1q6r_LX1_A_7301,2,diffdock,0.18940843,0.011379459,16.644764,0,0,25.425834
14953,332,12414,1773,5ihe_D5M_B_701,3,diffdock_l,0.17215146,0.011126902,15.471642,0,1.8673985e-102,32.656445
14954,333,7163,1023,4ajj_88R_C_1335,2,diffdock,0.29694245,0.015512663,19.141937,0,0.99361029,42.819198
14955,333,9420,1345,4ndn_PPK_C_404,5,autodock,0.10888334,0.015004408,7.2567558,0,0.0093365419,11.980372
14956,333,14299,2042,5y7r_58K_B_403,5,autodock,0.10591063,0.014290294,7.4113674,0,0,30.47504
14957,333,10747,1535,4zvv_GN0_B_404,2,diffdock,0.27764599,0.012547195,22.12813,0,0,56.562831
14958,333,14472,2067,5yfj_RUB_C_401,3,diffdock_l,0.25146657,0.01244122,20.21237,0,0,33.840306
14959,333,12190,1741,5ha7_WY1_A_402,3,diffdock_l,0.18087422,0.012371994,14.619649,0,4.1228917e-22,32.577578
14960,333,8802,1257,4j5h_1K4_A_303,3,diffdock_l,0.2422678,0.012346567,19.622278,0,0.0087319626,24.803678
14961,333,4891,698,2qb4_DSM_A_802,5,autodock,0.11638588,0.012304256,9.458993,0,0,6.0287948
14962,333,14465,2066,5yfj_RUB_B_401,3,diffdock_l,0.24865544,0.01230214,20.21237,0,0.99174988,35.710597
14963,333,4153,593,2fzb_TOL_A_800,2,diffdock,0.17635642,0.012101378,14.57325,0,0,31.468916
14964,333,12819,1831,5kf2_COA_A_401,2,diffdock,0.23669714,0.011950343,19.806723,0,0,25.306157
14965,333,12189,1741,5ha7_WY1_A_402,2,diffdock,0.16111543,0.011939793,13.493988,0,0,32.637245
14966,333,10909,1558,5abz_Z47_B_201,3,diffdock_l,0.1696265,0.011676702,14.526918,0,0.83805745,14.612929
14967,333,3839,548,2e40_LGC_A_1001,3,diffdock_l,0.22156458,0.011675184,18.977392,0,0,43.360883
14968,333,4205,600,2giq_NN2_A_1001,5,autodock,0.12825544,0.011652784,11.006419,0,0,15.372331
14969,333,3951,564,2ex1_C5P_A_1427,3,diffdock_l,0.188047,0.011528155,16.311975,0,0,26.645141
14970,333,3243,463,1zha_PEP_A_1268,2,diffdock,0.18213918,0.011481474,15.863744,0,1.4800927e-27,22.871912
14971,333,5696,813,2y2f_YI1_A_1469,5,autodock,0.088325913,0.011377801,7.7630029,0,0,14.014265
14972,333,13247,1892,5ocm_9RH_A_302,3,diffdock_l,0.17797363,0.011371082,15.651423,0,8.6290133e-60,28.043803
14973,333,17664,2523,6zjw_GAL_A_1102,3,diffdock_l,0.1513364,0.011314056,13.375963,0,6.0039875e-18,31.208443
14974,333,241,34,1cq1_BGC_A_455,3,diffdock_l,0.15118863,0.011173033,13.531565,0,8.5628319e-59,29.459566
14975,333,14471,2067,5yfj_RUB_C_401,2,diffdock,0.21754083,0.01117129,19.473204,0,6.9455333e-56,37.829497
14976,333,8690,1241,4i9n_1E6_B_401,3,diffdock_l,0.35679925,0.011162538,31.963987,0,4.2989401e-46,49.730431
14977,333,13254,1893,5ocm_9RH_B_302,3,diffdock_l,0.17664021,0.011154641,15.835579,0,4.7826526e-41,57.868265
14978,333,17474,2496,6wiw_I14_A_601,2,diffdock,0.19249502,0.011152293,17.260576,0,0,30.149561
14979,333,15853,2264,6krs_CIT_B_301,5,autodock,0.10687788,0.011074163,9.6511011,0,0.012014516,10.750611
14980,333,8704,1243,4i9n_1E6_D_401,3,diffdock_l,0.35370601,0.011073217,31.942476,0,0,55.271664
14981,333,15641,2234,6ijn_6MZ_A_401,3,diffdock_l,0.2802978,0.011050476,25.365223,0,1.8411603e-05,28.370607
14982,333,2922,417,1wc7_PP3_A_1214,3,diffdock_l,0.14640233,0.011047297,13.25232,0,3.0101667e-57,28.690369
14983,333,14464,2066,5yfj_RUB_B_401,2,diffdock,0.2147634,0.011028662,19.473204,0,0,34.086212
14984,333,16553,2364,6png_OSG_B_801,5,autodock,0.069499567,0.011001245,6.3174267,0,1.8897563e-08,7.3193098
14985,333,15718,2245,6jmd_BVO_A_408,3,diffdock_l,0.33935693,0.01099064,30.876902,0,0.79448743,28.147725
14986,333,17475,2496,6wiw_I14_A_601,3,diffdock_l,0.21619378,0.010964876,19.716936,0,2.0718778e-65,30.464436
14987,333,14712,2101,6av2_BY7_B_803,5,autodock,0.077210509,0.0109459,7.0538282,0,0,8.8570776
14988,333,14549,2078,5zg2_ZK1_B_901,3,diffdock_l,0.21082783,0.01092966,19.289513,0,0,17.503408
14989,333,14009,2001,5wgk_AGJ_A_816,2,diffdock,0.24997467,0.010889182,22.956238,0,0,24.73738
14990,333,13275,1896,5oew_9TE_C_301,3,diffdock_l,0.18973798,0.010866306,17.461128,0,4.2616446e-75,47.820482
14991,333,3754,536,2coj_GBN_A_420,2,diffdock,0.20416297,0.010852302,18.81287,0,9.8342975e-40,29.040129
14992,333,15874,2267,6krs_CIT_F_301,5,autodock,0.10691823,0.010768731,9.9285812,0,0.010429791,15.435539
14993,333,14542,2077,5zg2_ZK1_A_901,3,diffdock_l,0.21023655,0.010764513,19.530519,0,0,33.264303
14994,333,10404,1486,4xzh_48I_B_402,2,diffdock,0.18341594,0.010717313,17.113983,0,0,33.754198
14995,333,3838,548,2e40_LGC_A_1001,2,diffdock,0.19780786,0.010698485,18.489332,0,0,32.597408
14996,333,14339,2048,5yaq_ISE_D_402,3,diffdock_l,0.21223174,0.010695124,19.843782,0,0,37.65973
14997,333,10397,1485,4xzh_48I_A_402,2,diffdock,0.18324599,0.010673228,17.168749,0,0,35.39418
14998,333,4160,594,2fzb_TOL_A_900,2,diffdock,0.1334968,0.010597361,12.597173,0,8.1847498e-14,23.582478
14999,333,4503,643,2jig_PD2_A_1254,2,diffdock,0.13419096,0.010565469,12.700899,0,0,18.945367
15000,333,14331,2047,5yaq_ISE_B_402,2,diffdock,0.21630188,0.010554112,20.494558,0,0,38.226086
15001,333,8825,1260,4j7u_YTZ_D_802,5,autodock,0.11074723,0.010551233,10.49614,0,0,8.7497622
15002,333,1886,269,1nuw_F6P_A_2336,3,diffdock_l,0.2201232,0.010530529,20.903336,0,0.98980593,42.22213
15003,333,4504,643,2jig_PD2_A_1254,3,diffdock_l,0.14792377,0.010460971,14.140537,0,0.00076703582,18.459792
15004,334,1885,269,1nuw_F6P_A_2336,2,diffdock,0.59472541,0.028461115,20.896067,0,0.97853534,20.507755
15005,334,10908,1558,5abz_Z47_B_201,2,diffdock,0.49129428,0.025977487,18.912308,0,0,18.354607
15006,334,4826,689,2pwf_BGC_D_9999,3,diffdock_l,0.19704954,0.015535053,12.684188,0,0,28.273835
15007,334,15717,2245,6jmd_BVO_A_408,2,diffdock,0.52165877,0.015058339,34.642517,0,0.98557466,28.490983
15008,334,100,14,1aj8_CIT_B_2000,2,diffdock,0.22079598,0.0142148,15.532823,0,0,40.909764
15009,334,13919,1988,5vyr_GMP_B_302,3,diffdock_l,0.13635873,0.013817822,9.8683224,0,0,31.299117
15010,334,13918,1988,5vyr_GMP_B_302,2,diffdock,0.11740835,0.013003263,9.0291443,0,1.0780651e-15,29.22353
15011,334,4825,689,2pwf_BGC_D_9999,2,diffdock,0.17308009,0.012706296,13.6216,0,0,33.301513
15012,334,94,13,1aj8_CIT_A_1000,3,diffdock_l,0.21296833,0.012337114,17.262409,0,1.9555061e-36,26.118515
15013,334,93,13,1aj8_CIT_A_1000,2,diffdock,0.19108893,0.012318695,15.512107,0,0,30.865429
15014,334,8794,1256,4j4b_0TF_B_301,2,diffdock,0.29599511,0.012318506,24.02849,0,5.4476914e-24,26.387818
15015,334,17440,2491,6vo2_R67_B_403,3,diffdock_l,0.14658518,0.012177568,12.037311,0,0,24.840994
15016,334,8787,1255,4j4b_0TF_A_904,2,diffdock,0.28401279,0.011806858,24.054897,0,0,28.552305
15017,334,8325,1189,4h9x_HL4_A_404,2,diffdock,0.1772619,0.01174211,15.096255,0,0,30.149476
15018,334,12610,1801,5j61_A3G_A_501,3,diffdock_l,0.31326261,0.011669755,26.843973,0,0,23.468114
15019,334,12386,1769,5ice_2H4_A_402,3,diffdock_l,0.17957027,0.011577162,15.510733,0,0.0091800602,23.670392
15020,334,8332,1190,4h9x_HL4_B_404,2,diffdock,0.17253655,0.011429095,15.096255,0,0,30.149476
15021,334,12638,1805,5j61_A3G_F_501,3,diffdock_l,0.2781192,0.011281312,24.653088,0,1.1145318e-65,35.732495
15022,334,13828,1975,5vl0_BNF_A_404,3,diffdock_l,0.17813171,0.011091259,16.060547,0,0.10728468,34.154316
15023,334,233,33,1cgk_NAR_A_390,2,diffdock,0.11740829,0.011078671,10.597687,0,0.95975163,25.883515
15024,334,17439,2491,6vo2_R67_B_403,2,diffdock,0.12924171,0.011013703,11.734628,0,0,25.356368
15025,334,15759,2251,6jws_PT1_B_801,2,diffdock,0.30598769,0.010917321,28.027723,0,2.6762447e-51,42.904996
15026,334,6219,888,3se2_LDR_B_2,3,diffdock_l,0.18304641,0.010835769,16.892792,0,2.5609086e-44,27.874895
15027,334,15256,2179,6fld_NAG_A_603,3,diffdock_l,0.14684427,0.010830551,13.558336,0,0,28.001163
15028,334,8207,1172,4g1x_TQU_A_409,3,diffdock_l,0.14699947,0.010716768,13.716771,0,1.1186517e-38,13.49164
15029,334,12652,1807,5j61_A3G_H_501,3,diffdock_l,0.27819537,0.010661424,26.093639,0,3.9601523e-22,18.181847
15030,334,14194,2027,5xin_XLS_C_397,5,autodock,0.12932094,0.010563992,12.241672,0,0.11014605,21.371695
15031,334,1578,225,1lro_PEP_A_1268,3,diffdock_l,0.17009621,0.0105509,16.121487,0,0.71763314,22.704618
15032,334,9802,1400,4r3n_3GQ_B_404,2,diffdock,0.16489043,0.010515056,15.681364,0,0.42431265,30.569709
15033,334,11342,1620,5dne_ASN_A_601,2,diffdock,0.22381948,0.010489415,21.33765,0,0,47.406652
15034,334,6092,870,3qwi_CUE_B_272,2,diffdock,0.17840883,0.01045292,17.067844,0,3.5246138e-46,41.98325
15035,334,11356,1622,5dne_ASN_C_601,2,diffdock,0.22318972,0.010429786,21.39926,0,0,41.096167
15036,334,11349,1621,5dne_ASN_B_601,2,diffdock,0.22298026,0.010419998,21.39926,0,1.6184427e-19,39.322106
15037,334,12623,1803,5j61_A3G_D_501,2,diffdock,0.33397881,0.010400578,32.111561,0,0,45.144589
15038,334,4518,645,2npq_BOG_A_1000,3,diffdock_l,0.27225817,0.01035851,26.283524,0,2.8805001e-42,18.581045
15039,334,10589,1512,4zbc_GLC_A_407,5,autodock,0.13307192,0.010358141,12.847084,0,0.0010345115,25.773644
15040,334,2672,381,1u1g_BBB_C_5300,5,autodock,0.21819775,0.010351536,21.078779,0,0,12.55583
15041,334,3138,448,1z11_8MO_C_501,2,diffdock,0.17485322,0.010292277,16.988777,0,0,48.936575
15042,334,10911,1558,5abz_Z47_B_201,5,autodock,0.10618145,0.010285318,10.323593,0,0,14.920181
15043,334,3029,432,1xin_XYL_D_397,5,autodock,0.13084132,0.010275349,12.733515,0,0.0038376243,18.353241
15044,334,1907,272,1o28_UFP_C_713,3,diffdock_l,0.20861085,0.010229205,20.39365,0,0,25.043725
15045,334,10783,1540,4zvz_4TF_D_503,3,diffdock_l,0.25358373,0.010187615,24.891373,0,5.7859003e-75,19.96847
15046,334,17741,2534,7cwd_GAL_A_902,3,diffdock_l,0.19039221,0.01010167,18.847595,0,0,16.606996
15047,334,11364,1623,5dne_ASN_D_601,3,diffdock_l,0.21335311,0.010085567,21.154299,0,4.8440407e-44,34.582539
15048,334,7299,1042,4b98_PXG_D_470,5,autodock,0.2353734,0.01002703,23.473888,0,0,39.35988
15049,334,10769,1538,4zvz_4TF_B_503,3,diffdock_l,0.24739347,0.009950589,24.862192,0,3.1587424e-71,31.669795
15050,334,8206,1172,4g1x_TQU_A_409,2,diffdock,0.1297205,0.0099337596,13.058549,0,0,16.472446
15051,334,3544,506,2b3f_GAL_F_3315,2,diffdock,0.34327712,0.0099091275,34.642517,0,0,45.932996
15052,334,8976,1282,4kqx_HIO_B_401,2,diffdock,0.1973939,0.009893118,19.952646,0,0.70251424,28.448878
15053,334,3022,431,1xin_XYL_C_397,5,autodock,0.12536649,0.0098785688,12.690754,0,0,26.408332
15054,335,234,33,1cgk_NAR_A_390,3,diffdock_l,0.69732502,0.029325922,23.77845,0,0.95998417,25.880397
15055,335,1577,225,1lro_PEP_A_1268,2,diffdock,0.42795891,0.020810688,20.564379,0,2.8899123e-27,22.766106
15056,335,5336,762,2vlf_PLI_B_1459,2,diffdock,0.18318856,0.012754882,14.36223,0,0.99360271,49.647658
15057,335,5388,769,2vzu_PNJ_A_1901,5,autodock,0.21894558,0.012279435,17.830263,0,0,19.017689
15058,335,5337,762,2vlf_PLI_B_1459,3,diffdock_l,0.21232379,0.012249586,17.333138,0,0,45.214391
15059,335,1410,201,1ki2_GA2_A_1,3,diffdock_l,0.21519307,0.012135584,17.732401,0,0,42.38294
15060,335,1213,173,1j3i_WRA_B_709,2,diffdock,0.21641738,0.011901093,18.184662,0,0.21308479,36.968608
15061,335,1417,202,1ki2_GA2_B_2,3,diffdock_l,0.22101631,0.011829551,18.683405,0,0.19360293,29.951487
15062,335,7577,1082,4cle_JR2_A_1271,3,diffdock_l,0.1360252,0.011585762,11.74072,0,1.5271467e-06,37.374976
15063,335,7668,1095,4cmk_FQW_C_1270,3,diffdock_l,0.21974076,0.011375551,19.316931,0,0,47.568734
15064,335,7675,1096,4cmk_FQW_D_1270,3,diffdock_l,0.21647213,0.011289058,19.175392,0,0.19970151,11.816117
15065,335,9721,1388,4qbz_D80_A_917,5,autodock,0.12439343,0.010997006,11.311571,0,0.034920239,9.1173844
15066,335,7654,1093,4cmk_FQW_A_1270,3,diffdock_l,0.20913914,0.010973706,19.058203,0,8.742762e-42,47.465979
15067,335,1234,176,1j3k_WRA_B_709,2,diffdock,0.19631604,0.010945814,17.935259,0,0,40.775574
15068,335,10013,1430,4udc_DEX_A_1778,3,diffdock_l,0.33974228,0.010925572,31.096062,0,0.98420949,40.713049
15069,335,6428,918,3uud_EST_B_600,2,diffdock,0.29537871,0.010913311,27.065908,0,0.99301758,28.12456
15070,335,4132,590,2fyd_NGA_D_529,2,diffdock,0.17362369,0.010883122,15.953481,0,1.0035799e-57,31.629422
15071,335,927,132,1h69_ARH_C_1275,3,diffdock_l,0.13489257,0.01082909,12.4565,0,1.1446742e-06,37.393114
15072,335,6421,917,3uud_EST_A_600,2,diffdock,0.29301973,0.010826155,27.065908,0,0,28.372356
15073,335,6240,891,3sli_SKD_A_760,3,diffdock_l,0.18340761,0.010797315,16.986406,0,0.99665814,32.632609
15074,335,9644,1377,4pgi_Y69_A_303,5,autodock,0.11419268,0.010715119,10.657153,0,1.2199504e-12,20.780377
15075,335,5791,827,2z48_A2G_B_2001,2,diffdock,0.2028381,0.010586963,19.159231,0,4.3745577e-63,29.295505
15076,335,16089,2298,6m9b_BTN_B_201,3,diffdock_l,0.18541078,0.010582751,17.52009,0,2.2744861e-35,23.796662
15077,335,9852,1407,4rkz_3S4_B_401,3,diffdock_l,0.16616629,0.010536989,15.769807,0,0.036506186,23.95995
15078,335,5812,830,2z48_NGA_A_1003,2,diffdock,0.201636,0.010524221,19.159231,0,0,27.871725
15079,335,7094,1013,4a8p_PAO_B_1340,3,diffdock_l,0.29194542,0.010473211,27.875444,0,0.99456949,26.734484
15080,335,6165,880,3roe_THM_F_265,5,autodock,0.27368299,0.01044945,26.191135,0,0,189.52794
15081,335,1235,176,1j3k_WRA_B_709,3,diffdock_l,0.21953228,0.010433901,21.040285,0,2.9719876e-82,36.478022
15082,335,17750,2535,7cwd_GLC_A_901,5,autodock,0.10885776,0.010409244,10.457796,0,0.00023011238,15.893745
15083,335,4125,589,2fyd_NGA_B_404,2,diffdock,0.16545594,0.010351391,15.983932,0,7.1226593e-54,25.723619
15084,335,7430,1061,4c2z_646_A_1498,3,diffdock_l,0.21973718,0.010322677,21.286839,0,0.95691445,40.634678
15085,335,12462,1780,5ioq_DUR_B_303,2,diffdock,0.16565004,0.010322314,16.04776,0,0,28.030278
15086,335,12259,1751,5hss_64Z_A_402,2,diffdock,0.20667326,0.010243195,20.17664,0,0,38.130982
15087,335,3453,493,2ahc_VNL_B_266,2,diffdock,0.17797754,0.01019191,17.462627,0,0,21.539615
15088,335,5164,737,2rhx_MLY_A_537,5,autodock,0.077802196,0.010172781,7.6480746,0,0,6.033561
15089,335,2425,346,1sjc_SMG_B_1100,3,diffdock_l,0.31497306,0.010101404,31.181114,0,0,39.772268
15090,335,15776,2253,6jx9_CQC_A_501,5,autodock,0.11207207,0.010101124,11.095009,0,0,7.0713429
15091,335,5799,828,2z48_A2G_B_2005,3,diffdock_l,0.18002191,0.010065186,17.885601,0,7.8466081e-57,23.422355
15092,335,7689,1098,4cno_9PY_C_301,3,diffdock_l,0.19132677,0.010059772,19.018993,0,1.7816544e-130,23.21485
15093,335,10012,1430,4udc_DEX_A_1778,2,diffdock,0.2986804,0.010043607,29.738359,0,0.99574939,25.415279
15094,335,16810,2401,6r5o_BGC_B_801,3,diffdock_l,0.26505497,0.010030963,26.423679,0,0,36.340204
15095,335,17412,2487,6vmz_R3P_A_404,3,diffdock_l,0.18087981,0.010027403,18.038548,0,2.1328052e-46,18.823485
15096,335,16285,2326,6ngu_KMJ_B_803,3,diffdock_l,0.18689295,0.010021108,18.649927,0,3.5031496e-33,42.863251
15097,335,7933,1133,4dta_ADN_A_401,2,diffdock,0.18773376,0.0099956703,18.781506,0,3.5955008e-58,27.866939
15098,335,12267,1752,5hss_64Z_D_403,3,diffdock_l,0.1743891,0.0099931603,17.450844,0,1.3368456e-74,34.744142
15099,335,2837,405,1vzd_UFP_A_317,2,diffdock,0.17197169,0.00999274,17.209661,0,0.47328582,22.303713
15100,335,7611,1087,4clr_FDB_C_1270,2,diffdock,0.15795212,0.0099618953,15.855628,0,0,30.149476
15101,335,16117,2302,6md2_GW9_B_501,3,diffdock_l,0.14352485,0.0099580222,14.412987,0,0,23.317862
15102,335,17691,2527,7bp1_CAQ_C_401,2,diffdock,0.3055495,0.009950444,30.707121,0,0,32.122447
15103,335,2221,317,1q20_PLO_A_401,2,diffdock,0.13813078,0.0099459546,13.888136,0,0,26.656864
15104,336,6239,891,3sli_SKD_A_760,2,diffdock,0.59480939,0.021758101,27.337374,0,0,36.487156
15105,336,7093,1013,4a8p_PAO_B_1340,2,diffdock,0.62985277,0.021425613,29.397186,0,3.5557283e-41,52.626877
15106,336,7429,1061,4c2z_646_A_1498,2,diffdock,0.59351199,0.016943764,35.028343,0,0.96829552,41.246885
15107,336,8081,1154,4ejh_0QA_A_502,3,diffdock_l,0.32473609,0.013591563,23.892473,0,0,28.001163
15108,336,8080,1154,4ejh_0QA_A_502,2,diffdock,0.28667879,0.012579064,22.790152,0,0,30.149476
15109,336,14892,2127,6cdy_EY1_A_501,3,diffdock_l,0.21152739,0.012141434,17.421944,0,1.5527451e-20,31.629875
15110,336,11426,1632,5dz2_212_A_404,2,diffdock,0.17787901,0.011571636,15.371984,0,0,20.650767
15111,336,9103,1300,4lek_1DN_X_202,3,diffdock_l,0.18449467,0.011214174,16.451916,0,0.99362898,23.216904
15112,336,5953,850,2zut_A2G_A_4001,3,diffdock_l,0.27418008,0.011183278,24.516968,0,0,28.001163
15113,336,10495,1499,4z1d_PEP_A_300,2,diffdock,0.15309308,0.011156156,13.722744,0,0.9939433,23.114483
15114,336,3736,533,2c6q_IMP_H_1337,5,autodock,0.24522014,0.010902032,22.493067,0,0,18.108316
15115,336,7873,1124,4dch_4DC_A_502,5,autodock,0.14595566,0.010667291,13.682541,0,0,16.036832
15116,336,11287,1612,5ddu_PMP_D_601,3,diffdock_l,0.28642652,0.010593341,27.038353,0,0.99339781,41.079081
15117,336,10958,1565,5agn_4JK_A_800,3,diffdock_l,0.14570455,0.010542966,13.820071,0,6.3398223e-11,21.167475
15118,336,17685,2526,7ak3_RH8_A_501,3,diffdock_l,0.21515084,0.010538013,20.416641,0,0,27.651576
15119,336,10965,1566,5agn_4JK_B_800,3,diffdock_l,0.14541316,0.010521881,13.820071,0,1.9603268e-12,31.582474
15120,336,11280,1611,5ddu_PMP_C_601,3,diffdock_l,0.28032475,0.010504424,26.68635,0,0.995844,47.292177
15121,336,14717,2102,6axu_BTM_A_401,3,diffdock_l,0.22093074,0.010416143,21.210417,0,0.0026015334,22.650554
15122,336,2334,333,1rvt_NDG_H_742,3,diffdock_l,0.13584867,0.01039488,13.068806,0,1.3876551e-90,27.530315
15123,336,14891,2127,6cdy_EY1_A_501,2,diffdock,0.18881118,0.010330968,18.276232,0,0,32.044809
15124,336,10957,1565,5agn_4JK_A_800,2,diffdock,0.13090395,0.010286995,12.725187,0,0,42.103438
15125,336,14912,2130,6cgc_F0A_B_402,2,diffdock,0.30689014,0.010277918,29.859173,0,0,42.849974
15126,336,5966,852,2zut_A2G_D_4004,2,diffdock,0.29439275,0.01027405,28.654011,0,0,30.149476
15127,336,10964,1566,5agn_4JK_B_800,2,diffdock,0.13058544,0.010261965,12.725187,0,7.5561414e-40,35.092511
15128,336,14920,2131,6cgn_DA_A_801,3,diffdock_l,0.15321313,0.010215969,14.997414,0,0.96878692,26.595582
15129,336,12645,1806,5j61_A3G_G_501,3,diffdock_l,0.23188175,0.010183075,22.771288,0,5.054589e-54,37.653807
15130,336,7114,1016,4a8p_PAO_E_1338,2,diffdock,0.29525154,0.01004353,29.397186,0,4.2414164e-60,52.213631
15131,336,542,77,1fwn_PEP_A_1268,3,diffdock_l,0.18231959,0.0099917477,18.247015,0,0.99447878,22.341509
15132,337,541,77,1fwn_PEP_A_1268,2,diffdock,0.58537607,0.029547246,19.811525,0,2.2001118e-27,23.259036
15133,337,14919,2131,6cgn_DA_A_801,2,diffdock,0.55765246,0.0254579,21.904886,0,0,29.482465
15134,337,11279,1611,5ddu_PMP_C_601,2,diffdock,0.6344287,0.017986427,35.272636,0,7.173045e-27,54.074771
15135,337,11286,1612,5ddu_PMP_D_601,2,diffdock,0.63422975,0.017980787,35.272636,0,0,56.253401
15136,337,9102,1300,4lek_1DN_X_202,2,diffdock,0.58574853,0.016982006,34.492306,0,0.99267379,19.160722
15137,337,7432,1061,4c2z_646_A_1498,5,autodock,0.24816817,0.014119976,17.575678,0,0,15.862131
15138,337,5435,776,2wd2_MS5_A_1263,3,diffdock_l,0.21823511,0.012669434,17.225323,0,0,21.579139
15139,337,1059,151,1ij8_BNI_B_502,2,diffdock,0.1738848,0.011692942,14.870919,0,0,19.854895
15140,337,8627,1232,4i6y_MEV_A_501,3,diffdock_l,0.17443826,0.011405833,15.293776,0,0,28.662899
15141,337,5434,776,2wd2_MS5_A_1263,2,diffdock,0.19127771,0.010873754,17.590769,0,0,24.42159
15142,337,7499,1071,4cjs_L0Y_B_1217,2,diffdock,0.1927703,0.010779224,17.883503,0,1.6361261e-38,29.183157
15143,337,3286,469,1zmt_RNO_B_1001,3,diffdock_l,0.2159275,0.010536777,20.492744,0,3.0133531e-42,24.269665
15144,337,7502,1071,4cjs_L0Y_B_1217,5,autodock,0.12342024,0.01039957,11.867821,0,0,14.938742
15145,337,6919,988,3wxo_NIZ_A_804,3,diffdock_l,0.13607083,0.010224219,13.308676,0,4.0539091e-23,17.156441
15146,337,4294,613,2hjp_PPR_A_291,3,diffdock_l,0.13604784,0.010203532,13.333405,0,0.98464025,20.484001
15147,337,3729,532,2c6q_IMP_G_1338,5,autodock,0.21821444,0.010149603,21.499798,0,0,13.473825
15148,337,3722,531,2c6q_IMP_E_1337,5,autodock,0.21817553,0.010147793,21.499798,0,0,15.579394
15149,337,7500,1071,4cjs_L0Y_B_1217,3,diffdock_l,0.21553154,0.0099629673,21.633266,0,1.4641604e-38,25.7112
15150,337,8626,1232,4i6y_MEV_A_501,2,diffdock,0.15717933,0.0099442249,15.80609,0,0,26.86918
15151,337,1552,221,1lfw_AEP_A_683,5,autodock,0.10132978,0.0099107748,10.224203,0,0,12.519897
15152,337,4665,666,2o7b_HC4_G_701,3,diffdock_l,0.34929055,0.0099025927,35.272636,0,0,28.001163
15153,337,4679,668,2o7d_DHC_B_701,3,diffdock_l,0.34900653,0.0098945406,35.272636,0,0,28.001163
15154,337,1753,250,1mvc_BM6_A_200,3,diffdock_l,0.34817766,0.0098710417,35.272636,0,0.30176868,22.216074
15155,337,3694,527,2c6q_IMP_A_1337,5,autodock,0.21176386,0.0098495737,21.499798,0,0,13.13111
15156,337,7745,1106,4d06_NAR_E_301,3,diffdock_l,0.34703084,0.0098385286,35.272636,0,1.2449622e-26,57.638716
15157,337,4644,663,2o7b_HC4_C_701,3,diffdock_l,0.34665298,0.009827816,35.272636,0,0,28.001163
15158,337,4658,665,2o7b_HC4_E_701,3,diffdock_l,0.34661002,0.009826598,35.272636,0,0,28.001163
15159,337,4686,669,2o7d_DHC_G_701,3,diffdock_l,0.34632567,0.0098185366,35.272636,0,0,28.001163
15160,337,4637,662,2o7b_HC4_A_701,3,diffdock_l,0.34576652,0.0098026842,35.272636,0,0,28.001163
15161,337,13030,1861,5m8d_UGI_B_501,3,diffdock_l,0.34525513,0.0097881861,35.272636,0,0,59.751933
15162,337,6463,923,3v7u_MTA_A_302,2,diffdock,0.17707186,0.0097243319,18.209152,0,0,21.729393
15163,337,3715,530,2c6q_IMP_D_1337,5,autodock,0.20869627,0.0097068938,21.499798,0,0,17.634006
15164,337,3635,519,2bx7_34D_B_1313,2,diffdock,0.17518977,0.0096763029,18.10503,0,1.8619437e-08,24.813793
15165,337,17293,2470,6u6c_P1T_B_502,3,diffdock_l,0.34083802,0.0096629584,35.272636,0,0,23.385435
15166,337,6002,857,2zwt_CAM_A_422,3,diffdock_l,0.13774274,0.0096491053,14.275182,0,0.99457152,20.369712
15167,337,17300,2471,6u6c_P1T_D_505,3,diffdock_l,0.34025395,0.0096463996,35.272636,0,0,18.156978
15168,337,906,129,1h5r_THM_A_1292,3,diffdock_l,0.2225771,0.0096165639,23.145178,0,3.9116418e-31,36.376006
15169,337,1052,150,1ij8_BNI_A_501,2,diffdock,0.14278409,0.0096015641,14.870919,0,0.18764879,19.924586
15170,337,4343,620,2iht_TPP_B_600,3,diffdock_l,0.33740584,0.0095656543,35.272636,0,0,72.46114
15171,337,913,130,1h5r_THM_B_1292,3,diffdock_l,0.21650284,0.0095516124,22.666626,0,0,37.460181
15172,337,6912,987,3wxo_NIZ_A_802,3,diffdock_l,0.14920959,0.0094945307,15.71532,0,0.88112113,19.476167
15173,337,10915,1559,5adi_TUE_A_800,2,diffdock,0.17911053,0.0094942146,18.865227,0,0,39.800278
15174,337,2777,396,1uxq_G1P_A_1503,5,autodock,0.093220857,0.0094157488,9.9005241,0,0.00074464649,13.840981
15175,337,3090,441,1y5v_NE8_A_500,3,diffdock_l,0.21266814,0.0094117642,22.595989,0,0.92839631,28.627264
15176,337,10481,1497,4ywb_OXD_C_704,2,diffdock,0.17525088,0.0093963305,18.65099,0,0.99558183,27.329957
15177,337,17307,2472,6u6c_P1T_H_504,3,diffdock_l,0.33101701,0.0093845271,35.272636,0,0,50.90502
15178,337,9753,1393,4qxc_OGA_A_600,2,diffdock,0.18036539,0.009358194,19.273523,0,0,30.149476
15179,337,6918,988,3wxo_NIZ_A_804,2,diffdock,0.1190263,0.009334103,12.751765,0,1.8252423e-22,20.461414
15180,337,9656,1379,4pxd_1AL_A_502,3,diffdock_l,0.26377557,0.0093311785,28.268192,0,1.34796e-55,26.298039
15181,337,16054,2293,6lx5_C5F_B_502,3,diffdock_l,0.1489405,0.0093148931,15.989501,0,0,21.953771
15182,338,6001,857,2zwt_CAM_A_422,2,diffdock,0.55978858,0.033994383,16.467089,0,0.99452234,20.613584
15183,338,4293,613,2hjp_PPR_A_291,2,diffdock,0.55306061,0.030113225,18.366035,0,0,16.086854
15184,338,6911,987,3wxo_NIZ_A_802,2,diffdock,0.49889394,0.026314553,18.958858,0,0.67129195,20.906092
15185,338,3089,441,1y5v_NE8_A_500,2,diffdock,0.55414774,0.020033423,27.66116,0,0,31.738043
15186,338,13233,1890,5o4j_PJL_A_304,3,diffdock_l,0.1598862,0.013045565,12.25598,0,8.2386398e-59,22.737576
15187,338,332,47,1dpm_EBP_B_903,3,diffdock_l,0.15129239,0.012554008,12.051321,0,4.7352449e-47,20.583928
15188,338,325,46,1dpm_EBP_A_901,3,diffdock_l,0.15127058,0.012552198,12.051321,0,1.7996752e-59,22.021567
15189,338,4517,645,2npq_BOG_A_1000,2,diffdock,0.20967213,0.012140596,17.27033,0,0,24.237512
15190,338,5750,821,2yp6_C6W_B_1186,3,diffdock_l,0.15024777,0.01206709,12.451035,0,0,27.109111
15191,338,13414,1916,5tch_MLI_A_301,2,diffdock,0.29920086,0.011553794,25.896328,0,0,30.149476
15192,338,1752,250,1mvc_BM6_A_200,2,diffdock,0.29876514,0.011539068,25.891617,0,0,24.151773
15193,338,11441,1634,5dzh_5KG_A_900,3,diffdock_l,0.21390233,0.011412351,18.743053,0,0,47.065811
15194,338,331,47,1dpm_EBP_B_903,2,diffdock,0.12833942,0.011131541,11.529348,0,0,23.00306
15195,338,324,46,1dpm_EBP_A_901,2,diffdock,0.12831894,0.011129764,11.529348,0,1.4437481e-38,23.764116
15196,338,13436,1919,5tch_MLI_E_301,3,diffdock_l,0.27759005,0.011067459,25.08164,0,0,28.001163
15197,338,13667,1952,5ud3_P6F_B_404,3,diffdock_l,0.21797502,0.011017493,19.784447,0,0,14.808392
15198,338,13515,1930,5thu_B3N_A_404,5,autodock,0.12672271,0.011000899,11.519303,0,0,8.9749153
15199,338,13232,1890,5o4j_PJL_A_304,2,diffdock,0.13782133,0.010987613,12.543335,0,1.8866076e-36,26.698827
15200,338,2096,299,1pi3_TZD_A_530,3,diffdock_l,0.21131754,0.01083838,19.49715,0,0,30.90513
15201,338,4392,627,2ixi_TYD_A_1182,3,diffdock_l,0.14034902,0.010770204,13.031231,0,4.9632981e-45,23.550676
15202,338,14248,2035,5xsm_8EO_A_705,3,diffdock_l,0.2239439,0.010543418,21.24016,0,0.60674541,34.638719
15203,338,5826,832,2z48_NGA_B_2002,2,diffdock,0.17405439,0.010440049,16.671797,0,0,29.145254
15204,338,6233,890,3sjh_LAR_A_503,3,diffdock_l,0.22643395,0.010409476,21.752674,0,1.4924378e-49,22.903384
15205,338,7800,1114,4d3s_BOG_F_1000,2,diffdock,0.28322021,0.010395736,27.243881,0,3.7670889e-66,45.84825
15206,338,14355,2050,5yb7_ORN_A_603,5,autodock,0.11599748,0.010318139,11.242092,0,0.0021141918,15.796459
15207,338,5736,819,2yjd_YJD_B_1498,3,diffdock_l,0.15095488,0.010276335,14.689563,0,0.99529141,26.195688
15208,338,13443,1920,5tch_MLI_F_501,3,diffdock_l,0.25506446,0.010245862,24.894386,0,0,28.001163
15209,338,5532,790,2x05_X05_A_1900,2,diffdock,0.25197492,0.010194424,24.716934,0,0,42.328343
15210,338,10726,1532,4zu3_4SD_D_301,2,diffdock,0.2131761,0.010081591,21.145082,0,5.2495923e-64,30.68038
15211,338,6772,967,3wjz_NUP_A_301,3,diffdock_l,0.19181639,0.010069802,19.048674,0,0,32.656332
15212,338,12987,1855,5m0t_AKG_B_302,2,diffdock,0.17597086,0.010039651,17.527586,0,0,29.745042
15213,338,13666,1952,5ud3_P6F_B_404,2,diffdock,0.18369397,0.010020248,18.332275,0,0,31.19751
15214,338,13694,1956,5uio_8DM_D_202,2,diffdock,0.14118234,0.0099955058,14.12458,0,0,32.387654
15215,338,11531,1647,5eo7_SFU_B_403,2,diffdock,0.14522738,0.0099675226,14.570057,0,3.4973678e-21,21.795842
15216,338,12980,1854,5m0t_AKG_A_302,2,diffdock,0.17770898,0.0099140635,17.924936,0,0,23.958411
15217,338,2103,300,1pke_2FD_A_446,3,diffdock_l,0.1954191,0.009898499,19.742294,0,0,22.338308
15218,338,5287,755,2v7o_DRN_A_1303,2,diffdock,0.26748826,0.0098774835,27.080606,0,0,29.472303
15219,338,5820,831,2z48_NGA_A_1004,3,diffdock_l,0.15701637,0.0098522429,15.937119,0,2.6204201e-38,25.925444
15220,338,14968,2138,6dl7_ONC_A_301,2,diffdock,0.26133087,0.0098366597,26.567032,0,0,54.949339
15221,338,15963,2280,6l86_LMR_C_302,3,diffdock_l,0.22061715,0.009820577,22.464783,0,2.4971477e-54,25.100724
15222,338,5749,821,2yp6_C6W_B_1186,2,diffdock,0.12729677,0.0098160344,12.968247,0,0,28.090437
15223,338,10768,1538,4zvz_4TF_B_503,2,diffdock,0.2151332,0.0097907095,21.973196,0,0,34.285558
15224,338,12770,1824,5k2c_ZMA_A_1201,2,diffdock,0.13781309,0.0097802585,14.090944,0,0,23.289064
15225,338,5841,834,2z48_NGA_B_2004,3,diffdock_l,0.15584364,0.0097786578,15.937119,0,5.3866447e-66,24.793586
15226,338,7248,1035,4aql_TXC_A_1452,3,diffdock_l,0.21945208,0.009758295,22.488771,0,8.1304277e-05,28.118723
15227,338,10719,1531,4zu3_4SD_C_301,2,diffdock,0.20632085,0.009756742,21.146488,0,1.7567667e-68,33.610652
15228,338,13450,1921,5tch_MLI_G_301,3,diffdock_l,0.24861761,0.0097478066,25.504978,0,0,28.001163
15229,338,8818,1259,4j7u_YTZ_B_802,5,autodock,0.10394669,0.009736852,10.675594,0,0,7.682118
15230,338,6298,899,3te7_TE7_B_1,5,autodock,0.10234936,0.0096804496,10.572789,0,0,5.63894
15231,338,2179,311,1pr6_XYA_C_1247,2,diffdock,0.22017451,0.0096649174,22.780794,0,1.3446007e-55,25.740868
15232,339,5735,819,2yjd_YJD_B_1498,2,diffdock,0.55788176,0.018583386,30.020456,0,7.1695638e-37,26.634485
15233,339,17265,2466,6tot_NRK_B_401,3,diffdock_l,0.25461845,0.013862709,18.367147,0,1.1399793e-07,36.206832
15234,339,17258,2465,6tot_NRK_A_401,3,diffdock_l,0.22782835,0.012621065,18.051434,0,0.18284199,23.065975
15235,339,10349,1478,4xpq_FUL_A_1004,3,diffdock_l,0.13978991,0.012395548,11.277428,0,8.4957137e-34,21.773851
15236,339,15781,2254,6jyg_FLC_A_401,3,diffdock_l,0.26458416,0.012336792,21.446753,0,7.3175551e-137,32.626723
15237,339,17356,2479,6uxr_K6G_B_202,3,diffdock_l,0.14902477,0.012147379,12.268059,0,1.2724225e-19,12.626227
15238,339,8500,1214,4i02_CMP_D_301,2,diffdock,0.29013005,0.012137133,23.904329,0,0,38.820819
15239,339,8486,1212,4i02_CMP_B_301,2,diffdock,0.29038442,0.011982731,24.233574,0,3.0667759e-58,34.750016
15240,339,9537,1362,4ocu_NDG_A_401,3,diffdock_l,0.21481791,0.011624473,18.479795,0,0,23.250899
15241,339,15823,2260,6jz4_EVA_B_701,3,diffdock_l,0.19692813,0.011530333,17.079134,0,0,33.505583
15242,339,3930,561,2ei7_D93_A_700,3,diffdock_l,0.22433872,0.011474716,19.550697,0,0.98297254,23.048599
15243,339,2816,402,1vkf_CIT_A_501,2,diffdock,0.19299653,0.011430547,16.884275,0,0.12087376,23.01509
15244,339,8515,1216,4i02_CMP_F_301,3,diffdock_l,0.23615406,0.011302376,20.894194,0,0,31.433449
15245,339,14247,2035,5xsm_8EO_A_705,2,diffdock,0.39748167,0.011228484,35.399406,0,0,38.192168
15246,339,3958,565,2exs_TRP_B_2100,3,diffdock_l,0.13953701,0.011138071,12.527932,0,0,14.310847
15247,339,11188,1598,5clo_NS8_M_101,2,diffdock,0.10448187,0.011041065,9.4630232,0,0,28.0615
15248,339,15528,2218,6hmw_FUL_C_203,2,diffdock,0.13440413,0.010964729,12.257861,0,0,22.921246
15249,339,8074,1153,4ea0_651_B_305,3,diffdock_l,0.2048312,0.010956766,18.694492,0,0.030651122,30.314807
15250,339,12595,1799,5j5i_6GM_I_302,2,diffdock,0.29100566,0.010900983,26.695356,0,1.3250365e-88,65.798413
15251,339,1081,154,1iri_E4P_B_602,3,diffdock_l,0.2561145,0.010882213,23.535147,0,0,30.063636
15252,339,8452,1207,4hzf_CMP_A_301,3,diffdock_l,0.22739733,0.010832005,20.993095,0,0.85692209,26.910105
15253,339,12581,1797,5j5i_6GM_F_303,2,diffdock,0.28975042,0.010804579,26.817371,0,1.5924857e-65,62.080433
15254,339,4762,680,2prg_BRL_A_1,2,diffdock,0.16925786,0.010779543,15.701764,0,0,30.149476
15255,339,8067,1152,4ea0_651_A_306,3,diffdock_l,0.19921101,0.010707918,18.604082,0,0.037069481,30.534958
15256,339,2313,330,1rf2_BV4_H_108,3,diffdock_l,0.18287994,0.010687443,17.111664,0,2.3201252e-60,23.611598
15257,339,12147,1735,5h24_LQG_B_501,2,diffdock,0.16839156,0.010667602,15.785323,0,2.9812842e-91,30.099399
15258,339,9348,1335,4n4j_HG1_A_606,3,diffdock_l,0.17720632,0.010542101,16.809391,0,3.7244757e-12,44.297156
15259,339,15822,2260,6jz4_EVA_B_701,2,diffdock,0.17376916,0.010522236,16.514469,0,0,33.536471
15260,339,8480,1211,4i02_CMP_A_302,3,diffdock_l,0.21823326,0.010513215,20.757992,0,6.9601278e-25,30.510383
15261,339,570,81,1g6n_CMP_B_622,3,diffdock_l,0.18900854,0.010456524,18.075655,0,0.92477205,43.871748
15262,339,12588,1798,5j5i_6GM_G_302,2,diffdock,0.27884889,0.010350764,26.939932,0,1.7922736e-39,64.851653
15263,339,10636,1519,4zo7_BGC_A_801,3,diffdock_l,0.22452689,0.010279795,21.841572,0,1.8143341e-45,31.554558
15264,339,15795,2256,6jyg_FLC_D_401,3,diffdock_l,0.22005364,0.010277317,21.411583,0,0.0010916515,33.747189
15265,339,5392,770,2vzu_PNJ_B_1904,2,diffdock,0.27187551,0.010275205,26.459375,0,0,49.256203
15266,339,6569,938,3vnm_SDD_A_301,3,diffdock_l,0.18375771,0.010271383,17.890257,0,0,33.409335
15267,339,17355,2479,6uxr_K6G_B_202,2,diffdock,0.12447852,0.010255935,12.137218,0,0,12.780633
15268,339,17419,2488,6vmz_R3P_C_404,3,diffdock_l,0.15023131,0.01025413,14.650809,0,8.6271751e-97,38.415709
15269,339,17426,2489,6vmz_R3P_E_403,3,diffdock_l,0.15000791,0.010238881,14.650809,0,4.8038284e-98,33.481398
15270,339,10643,1520,4zo7_BGC_A_802,3,diffdock_l,0.22596429,0.010233074,22.081758,0,9.1992421e-37,34.198154
15271,339,12553,1793,5j5i_6GM_A_302,2,diffdock,0.27499793,0.010207818,26.939932,0,0,70.145875
15272,339,15815,2259,6jz4_EVA_A_701,2,diffdock,0.16847656,0.010201753,16.514469,0,0,35.470803
15273,339,6102,871,3qwi_CUE_D_272,5,autodock,0.10436264,0.010198082,10.233555,0,0,31.963034
15274,339,9229,1318,4mig_G3F_B_802,3,diffdock_l,0.25887839,0.010152843,25.498116,0,3.1656959e-94,20.597033
15275,339,2145,306,1poc_GEL_A_420,3,diffdock_l,0.27309682,0.010142534,26.925894,0,0,54.148882
15276,339,6576,939,3vnm_SDD_D_301,3,diffdock_l,0.17514421,0.010126093,17.296324,0,0,32.00124
15277,339,15780,2254,6jyg_FLC_A_401,2,diffdock,0.23529358,0.010105032,23.284792,0,0,35.13832
15278,339,14275,2039,5xvv_AKG_C_504,2,diffdock,0.27491117,0.010091791,27.241066,0,2.0509764e-49,49.11921
15279,339,485,69,1fqo_F6R_A_1268,2,diffdock,0.21189795,0.010090952,20.998806,0,0,22.35558
15280,339,8522,1217,4i0b_CMP_A_301,3,diffdock_l,0.23704648,0.010064595,23.552507,0,5.1882922e-22,27.663147
15281,339,2144,306,1poc_GEL_A_420,2,diffdock,0.24241047,0.010060669,24.094864,0,0,19.436306
15282,340,8451,1207,4hzf_CMP_A_301,2,diffdock,0.52234295,0.023161817,22.551897,0,0.99232218,29.444928
15283,340,569,81,1g6n_CMP_B_622,2,diffdock,0.53480823,0.021853372,24.47257,0,0,26.023875
15284,340,3929,561,2ei7_D93_A_700,2,diffdock,0.57743377,0.019131164,30.182886,0,0,26.224169
15285,340,6324,903,3tky_N7I_D_369,3,diffdock_l,0.20135257,0.014510527,13.876309,0,2.4251556e-38,33.701541
15286,340,2397,342,1sep_BIO_A_801,3,diffdock_l,0.14898372,0.01378343,10.8089,0,9.1291348e-06,37.324167
15287,340,14066,2009,5x23_LSN_A_502,3,diffdock_l,0.22647779,0.012798764,17.695284,0,0,36.843019
15288,340,15601,2228,6hsg_GM5_A_504,5,autodock,0.10173357,0.012578524,8.0878773,0,0,8.2453096
15289,340,4209,601,2giq_NN2_B_2001,2,diffdock,0.28768019,0.012237795,23.507517,0,0.99606303,58.073366
15290,340,6323,903,3tky_N7I_D_369,2,diffdock,0.17596817,0.012096234,14.547351,0,0,37.424387
15291,340,14145,2020,5x6r_7ZR_B_402,5,autodock,0.10249869,0.012038165,8.5144768,0,0,12.762201
15292,340,3992,570,2f78_BEZ_A_1003,2,diffdock,0.16843246,0.011983632,14.055209,0,2.4121807e-05,17.76948
15293,340,3236,462,1zg3_2HI_A_365,2,diffdock,0.14349587,0.011741742,12.221003,0,0,20.452583
15294,340,6310,901,3tky_N7I_B_369,3,diffdock_l,0.15190911,0.01112225,13.658127,0,3.222431e-05,11.988927
15295,340,9796,1399,4r2n_PLP_A_401,3,diffdock_l,0.27928766,0.010997366,25.395866,0,0,53.296493
15296,340,14866,2123,6c1i_EEY_B_501,5,autodock,0.088545405,0.010891408,8.1298389,0,0,6.7940357
15297,340,7593,1084,4clo_XP0_B_1270,5,autodock,0.055732349,0.010712084,5.202754,0,0,7.8156127
15298,340,14695,2099,6auq_BYJ_B_803,2,diffdock,0.16968031,0.010691881,15.870013,0,0,36.162756
15299,340,5176,739,2ri1_GLP_B_234,3,diffdock_l,0.19830766,0.010663391,18.597054,0,0.92571199,22.180601
15300,340,10097,1442,4uy7_HIS_B_800,3,diffdock_l,0.2055099,0.010644721,19.306273,0,0,22.894752
15301,340,16532,2361,6pn9_OU7_B_803,5,autodock,0.056068485,0.010477594,5.351274,0,0,8.6880798
15302,340,5624,803,2xul_AKG_A_201,3,diffdock_l,0.14022794,0.010472246,13.390435,0,0,19.08142
15303,340,17783,2540,7kjg_BTM_A_406,3,diffdock_l,0.21111935,0.01043561,20.230665,0,0.0040467079,22.436189
15304,340,836,119,1h48_CDI_A_201,3,diffdock_l,0.22789115,0.010344242,22.030724,0,2.9695807e-43,26.083936
15305,340,8258,1179,4gim_PSU_B_400,5,autodock,0.1365832,0.010338589,13.211009,0,0,25.127833
15306,340,16119,2302,6md2_GW9_B_501,5,autodock,0.098988137,0.010310219,9.6009722,0,1.6271005e-08,25.5892
15307,340,6484,926,3vbn_TYD_E_301,2,diffdock,0.22592234,0.010307394,21.918472,0,0,37.448847
15308,340,1529,218,1lc8_33P_A_800,3,diffdock_l,0.27993892,0.010234251,27.35314,0,0,29.286282
15309,340,3264,466,1zjp_DR4_A_1,2,diffdock,0.21319519,0.010225053,20.850275,0,0,23.076933
15310,341,5175,739,2ri1_GLP_B_234,2,diffdock,0.55185212,0.021039193,26.229717,0,0,25.309785
15311,341,4875,696,2qb3_PMP_A_700,3,diffdock_l,0.23186921,0.014643938,15.8338,0,0,28.001163
15312,341,11993,1713,5g44_SWX_A_1511,2,diffdock,0.061664781,0.012881331,4.7871428,0,0.038895501,18.61672
15313,341,8815,1259,4j7u_YTZ_B_802,2,diffdock,0.16487192,0.01257804,13.107917,0,3.4586986e-60,26.239871
15314,341,12764,1823,5jtu_6NE_A_902,3,diffdock_l,0.27869077,0.011974194,23.274281,0,1.6529714e-39,42.450556
15315,341,4874,696,2qb3_PMP_A_700,2,diffdock,0.19616964,0.011692199,16.777821,0,0,30.149476
15316,341,6645,949,3w4i_8LG_C_402,2,diffdock,0.17540219,0.010974974,15.982014,0,5.7521175e-65,29.160704
15317,341,12393,1770,5icf_SAU_A_402,3,diffdock_l,0.16102893,0.010931545,14.730663,0,0,24.424598
15318,341,6639,948,3w4i_8LG_B_402,3,diffdock_l,0.15779859,0.010890578,14.489459,0,1.6542907e-39,29.243284
15319,341,17377,2482,6v8n_QS1_A_1704,3,diffdock_l,0.18582638,0.010877726,17.083199,0,0,28.001163
15320,341,15116,2159,6f3s_CKW_A_902,3,diffdock_l,0.30918156,0.010845867,28.506853,0,0.99154357,48.246621
15321,341,4322,617,2i1v_F6P_B_720,3,diffdock_l,0.14868241,0.010747712,13.833865,0,0,20.211373
15322,341,2026,289,1oxp_IK2_A_411,3,diffdock_l,0.20849672,0.01070796,19.471188,0,0,33.010598
15323,341,11440,1634,5dzh_5KG_A_900,2,diffdock,0.17393795,0.010684234,16.279869,0,2.2726261e-38,31.761353
15324,341,15382,2197,6fw0_E92_A_602,3,diffdock_l,0.2390348,0.010501999,22.760885,0,1.1205655e-07,36.980949
15325,341,9523,1360,4o7g_ASC_B_304,3,diffdock_l,0.14525694,0.010429713,13.927222,0,2.6980964e-56,48.341859
15326,341,16432,2347,6oha_XAN_A_501,3,diffdock_l,0.19067829,0.010379517,18.37063,0,0,20.798823
15327,341,17244,2463,6tol_NQW_A_201,3,diffdock_l,0.13933363,0.010376609,13.427664,0,8.2350846e-33,11.647672
15328,341,4359,622,2ij7_TPF_C_2471,5,autodock,0.10073794,0.010329045,9.7528791,0,0,10.34762
15329,341,14226,2032,5xmq_PLG_C_501,2,diffdock,0.28008912,0.01029614,27.203312,0,0,45.262544
15330,341,9789,1398,4r2n_PHE_C_402,3,diffdock_l,0.1479063,0.010277237,14.39164,0,3.3639841e-61,33.052269
15331,341,11056,1579,5bkd_RCF_B_503,3,diffdock_l,0.19794522,0.010276599,19.261742,0,2.1083747e-07,15.701342
15332,341,9089,1298,4l8q_XMM_A_303,3,diffdock_l,0.15118573,0.010241211,14.762485,0,0,14.848478
15333,341,4994,713,2qgw_EES_B_1,3,diffdock_l,0.14937765,0.010219577,14.616812,0,0,25.067684
15334,341,16693,2384,6qde_HWW_A_502,5,autodock,0.096293549,0.010144688,9.4920158,0,0,9.7971022
15335,341,12757,1822,5jtt_6MY_A_902,3,diffdock_l,0.2533409,0.010106356,25.06748,0,0.98054563,43.558917
15336,341,73,10,1aia_PMP_B_411,3,diffdock_l,0.24691973,0.0100882,24.476093,0,4.9123901e-35,34.291445
15337,341,14220,2031,5xmq_PLG_B_501,3,diffdock_l,0.27557618,0.010073497,27.356554,0,0,36.842305
15338,341,11448,1635,5dzh_5KG_B_901,3,diffdock_l,0.17000781,0.010003326,16.995127,0,0,31.999345
15339,341,3258,465,1zha_R5P_A_1269,3,diffdock_l,0.16979641,0.0099583723,17.050617,0,0,25.08163
15340,341,4350,621,2iht_TPP_D_600,3,diffdock_l,0.2932021,0.0098890423,29.649189,0,0,76.619246
15341,341,11251,1607,5d9w_ASC_A_301,2,diffdock,0.11648227,0.0098541342,11.820649,0,0,12.326127
15342,341,16025,2289,6lql_F0C_A_702,2,diffdock,0.17140366,0.0098476848,17.405476,0,0,23.93057
15343,341,10936,1562,5af9_SJR_H_1250,2,diffdock,0.15342748,0.009824269,15.617189,0,0,30.149476
15344,341,4371,624,2ij7_TPF_F_2474,3,diffdock_l,0.20672081,0.0097788954,21.139482,0,1.0802494e-21,24.97751
15345,341,7836,1119,4d5e_TPP_B_1590,3,diffdock_l,0.27686139,0.0097424999,28.417898,0,7.2053099e-50,50.013167
15346,341,4888,698,2qb4_DSM_A_802,2,diffdock,0.17001662,0.009714868,17.50066,0,5.2933719e-34,32.04344
15347,341,17376,2482,6v8n_QS1_A_1704,2,diffdock,0.14652163,0.0096360977,15.205494,0,0,30.149476
15348,341,12029,1718,5g4r_LF1_D_1739,3,diffdock_l,0.20452126,0.0095850315,21.337566,0,0.7428803,25.092215
15349,341,14005,2000,5wcz_NOJ_B_601,5,autodock,0.088213205,0.0094368819,9.3477058,0,0.0046767077,34.461433
15350,341,5913,844,2zm7_ACA_A_501,5,autodock,0.10179292,0.0094273958,10.797565,0,4.0357491e-07,9.2518878
15351,341,6163,880,3roe_THM_F_265,3,diffdock_l,0.27622803,0.0093975129,29.393736,0,8.906625e-34,36.270447
15352,341,8256,1179,4gim_PSU_B_400,3,diffdock_l,0.21475205,0.0093848008,22.882961,0,1.4596315e-46,41.407643
15353,341,16644,2377,6qa7_HTW_A_901,5,autodock,0.22373502,0.0093636435,23.894011,0,0,451.11509
15354,341,12763,1823,5jtu_6NE_A_902,2,diffdock,0.23799566,0.0093341554,25.497288,0,0.99646083,47.274627
15355,341,10565,1509,4zbc_FRU_A_409,2,diffdock,0.17387826,0.0092322501,18.833788,0,0,28.550813
15356,341,12385,1769,5ice_2H4_A_402,2,diffdock,0.11575626,0.0092140645,12.562995,0,0,33.194656
15357,341,4321,617,2i1v_F6P_B_720,2,diffdock,0.12017125,0.0092069021,13.052299,0,0,20.166141
15358,341,14170,2024,5xdt_ZI7_A_403,2,diffdock,0.25081635,0.0091980802,27.268335,0,0,25.69535
15359,341,12015,1716,5g4r_LF1_B_1739,3,diffdock_l,0.17456548,0.0091532152,19.071491,0,2.7568731e-40,26.509132
15360,342,15115,2159,6f3s_CKW_A_902,2,diffdock,0.62273472,0.017427691,35.732487,0,0.98203879,47.34156
15361,342,12756,1822,5jtt_6MY_A_902,2,diffdock,0.59199818,0.016567506,35.732487,0,0.97382811,44.984687
15362,342,12028,1718,5g4r_LF1_D_1739,2,diffdock,0.45401221,0.015627885,29.051414,0,0.90288514,34.394274
15363,342,3097,442,1y5x_E89_A_500,3,diffdock_l,0.22094705,0.011913292,18.546261,0,0,21.266731
15364,342,3104,443,1y5x_E89_D_1500,3,diffdock_l,0.21574928,0.01163828,18.537899,0,0.974114,36.259201
15365,342,15101,2157,6f2b_AKG_C_402,2,diffdock,0.25513864,0.011385605,22.408876,0,0,32.560572
15366,342,10524,1503,4z69_DIF_I_1006,3,diffdock_l,0.19658547,0.011235613,17.496637,0,9.8633028e-50,32.278308
15367,342,10510,1501,4z69_DIF_A_1006,3,diffdock_l,0.178703,0.011064772,16.150625,0,0,19.46502
15368,342,5505,786,2wu4_HBP_B_1545,3,diffdock_l,0.21267707,0.010143057,20.967747,0,0,28.001163
15369,342,14556,2079,5zge_ZZ7_B_302,3,diffdock_l,0.18169629,0.010027742,18.11936,0,0.0035947157,10.903425
15370,342,14782,2111,6bds_DJ4_A_303,5,autodock,0.10051273,0.0099385622,10.113406,0,0,6.707456
15371,342,16670,2381,6qdb_HWQ_A_1003,3,diffdock_l,0.1879478,0.0098995083,18.985567,0,2.288441e-11,27.490423
15372,342,10183,1454,4wmz_TPF_A_602,5,autodock,0.10239348,0.0098822675,10.361334,0,0,10.045664
15373,342,3908,558,2ef9_A5P_B_2269,2,diffdock,0.1773616,0.0098468205,18.012066,0,0,25.353119
15374,342,3902,557,2ef9_A5P_A_1269,3,diffdock_l,0.16370823,0.0096480641,16.967985,0,8.0233206e-31,25.516369
15375,342,5301,757,2vjb_CCD_A_1539,2,diffdock,0.16030105,0.0096256201,16.65358,0,0,31.335589
15376,342,5540,791,2x05_X05_B_1900,3,diffdock_l,0.22290849,0.0095863514,23.252691,0,8.7792796e-81,36.422001
15377,342,14780,2111,6bds_DJ4_A_303,3,diffdock_l,0.14703418,0.0094964119,15.48313,0,0.98738501,18.362749
15378,342,15774,2253,6jx9_CQC_A_501,3,diffdock_l,0.14893075,0.0093994635,15.844601,0,5.011833e-10,32.489738
15379,342,7402,1057,4bz6_SHH_A_700,3,diffdock_l,0.22380014,0.0093862943,23.843288,0,6.5680835e-48,43.70089
15380,342,3096,442,1y5x_E89_A_500,2,diffdock,0.19043686,0.009374876,20.313532,0,0,37.40315
15381,342,7416,1059,4bz6_SHH_D_700,3,diffdock_l,0.22262452,0.0093369881,23.843288,0,0,39.470533
15382,342,2446,349,1syf_THP_A_180,3,diffdock_l,0.16458637,0.0092886031,17.719172,0,1.1521938e-10,12.606806
15383,342,16173,2310,6n0z_DP6_C_401,3,diffdock_l,0.22471639,0.0091804153,24.4778,0,0,29.01701
15384,342,3103,443,1y5x_E89_D_1500,2,diffdock,0.18541418,0.0091317156,20.304417,0,0,39.19122
15385,342,1913,273,1o28_UFP_D_718,2,diffdock,0.20396485,0.0091130202,22.381695,0,5.1361438e-41,42.593564
15386,342,11965,1709,5g09_6DF_D_1476,2,diffdock,0.32474609,0.0090882588,35.732487,0,0,69.296271
15387,342,4968,709,2qd4_CHD_B_927,5,autodock,0.10254079,0.0090461419,11.335305,0,0,10.068904
15388,342,4804,686,2pt6_S4M_C_503,2,diffdock,0.32310075,0.0090422127,35.732487,0,0,40.438419
15389,342,8682,1240,4i9n_1E6_A_401,2,diffdock,0.32173175,0.0090039003,35.732487,0,0,52.599618
15390,342,8696,1242,4i9n_1E6_C_401,2,diffdock,0.32123951,0.0089901247,35.732487,0,1.0622419e-77,64.729679
15391,342,14192,2027,5xin_XLS_C_397,3,diffdock_l,0.23750634,0.0089302735,26.595638,0,6.5997139e-37,35.076144
15392,342,14429,2061,5ybq_8T0_A_303,2,diffdock,0.3036758,0.008899004,34.124695,0,0,44.151673
15393,342,14401,2057,5ybl_AKG_C_302,2,diffdock,0.19999673,0.0088714835,22.543774,0,0,29.179965
15394,342,4034,576,2fcu_AKG_B_898,2,diffdock,0.1679986,0.0088411049,19.001989,0,4.0190185e-39,24.416065
15395,342,4527,646,2npq_BOG_A_2000,5,autodock,0.097355405,0.0088255962,11.031028,0,0,11.305228
15396,342,4027,575,2fcu_AKG_A_897,2,diffdock,0.16760437,0.0088203583,19.001989,0,0.99693827,25.509393
15397,342,8475,1210,4i02_CMP_A_301,5,autodock,0.2629038,0.0087985211,29.880451,0,0,371.64322
15398,342,4650,664,2o7b_HC4_D_701,2,diffdock,0.31365282,0.0087778057,35.732487,0,0,30.149476
15399,342,7296,1042,4b98_PXG_D_470,2,diffdock,0.31142849,0.0087155559,35.732487,0,0,69.949015
15400,342,4954,707,2qd4_CHD_A_803,5,autodock,0.10243253,0.0087139268,11.755035,0,0,11.435574
15401,342,5484,783,2wj4_HQD_A_1281,3,diffdock_l,0.2755155,0.0086873487,31.714565,0,5.0071315e-123,20.947794
15402,342,3027,432,1xin_XYL_D_397,3,diffdock_l,0.21329623,0.0086440201,24.675581,0,5.2786937e-49,38.009859
15403,342,4602,657,2nu7_COA_E_1325,3,diffdock_l,0.15263152,0.0086412686,17.66309,0,0,30.69476
15404,342,16581,2368,6ps7_ZMA_A_1201,5,autodock,0.099599277,0.0086177381,11.557472,0,0,21.306019
15405,342,14178,2025,5xin_XLS_A_397,3,diffdock_l,0.22798442,0.0086135974,26.467966,0,1.1264559e-42,34.183184
15406,342,5203,743,2tmk_ATM_B_217,2,diffdock,0.23333536,0.0086045977,27.117519,0,0,28.309807
15407,342,3020,431,1xin_XYL_C_397,3,diffdock_l,0.21159254,0.0085646354,24.705374,0,4.3901899e-48,32.726829
15408,342,5498,785,2wj4_HQD_D_1278,3,diffdock_l,0.27821567,0.0085607305,32.499058,0,1.764233e-51,34.88148
15409,342,3726,532,2c6q_IMP_G_1338,2,diffdock,0.30518093,0.0085407136,35.732487,0,0,70.747762
15410,343,14779,2111,6bds_DJ4_A_303,2,diffdock,0.54997211,0.020004802,27.492002,0,0.98155078,14.071516
15411,343,12868,1838,5l1u_7PF_A_401,2,diffdock,0.15445784,0.014071394,10.976726,0,0,22.247431
15412,343,7472,1067,4cb5_93G_A_1484,3,diffdock_l,0.13583505,0.012464123,10.898083,0,0.0023558354,29.118842
15413,343,16292,2327,6nh0_KND_A_803,3,diffdock_l,0.20088549,0.012238384,16.414379,0,3.0501544e-34,46.600783
15414,343,3412,487,2a5t_GLY_A_1001,3,diffdock_l,0.13583023,0.01197655,11.341348,0,0,40.581457
15415,343,12176,1739,5h8q_GLY_B_301,3,diffdock_l,0.13700786,0.011806617,11.604327,0,0,47.67513
15416,343,6767,966,3wgc_PLG_D_401,5,autodock,0.12052998,0.011663034,10.334357,0,6.3889686e-08,10.043475
15417,343,16515,2359,6pmv_M16_B_803,2,diffdock,0.16288365,0.011064681,14.721043,0,0,39.348782
15418,343,10034,1433,4ugf_Q16_A_904,3,diffdock_l,0.14624455,0.011046716,13.238734,0,3.6545664e-10,36.048562
15419,343,16271,2324,6ngp_KKY_A_803,3,diffdock_l,0.19872171,0.011035047,18.008232,0,8.7634997e-22,44.87896
15420,343,5771,824,2z20_PLP_B_801,3,diffdock_l,0.18382044,0.010964258,16.765423,0,0.98693534,43.751247
15421,343,1416,202,1ki2_GA2_B_2,2,diffdock,0.19810082,0.010950675,18.090282,0,0,31.623418
15422,343,9280,1325,4mop_2H5_B_802,5,autodock,0.14185456,0.010943349,12.962626,0,0.054674182,14.73434
15423,343,5764,823,2z20_PLP_A_701,3,diffdock_l,0.1807572,0.01037494,17.42248,0,1.2555381e-33,19.693224
15424,343,1556,222,1lo3_AN1_Y_500,2,diffdock,0.16897826,0.010191604,16.580143,0,0,30.435533
15425,343,3411,487,2a5t_GLY_A_1001,2,diffdock,0.10891962,0.010110155,10.773288,0,0,20.029341
15426,343,16291,2327,6nh0_KND_A_803,2,diffdock,0.17615886,0.010069301,17.494644,0,0,48.716183
15427,343,12175,1739,5h8q_GLY_B_301,2,diffdock,0.10924045,0.010038102,10.882579,0,0,18.324661
15428,343,7278,1039,4b1f_KRH_B_1257,5,autodock,0.096649587,0.010019903,9.6457596,0,0,12.541447
15429,343,9252,1321,4mog_G3F_A_802,5,autodock,0.094322146,0.009990091,9.4415693,0,0.0012490775,15.92233
15430,343,7439,1062,4c2z_646_B_1498,5,autodock,0.15571382,0.0099892242,15.588179,0,0,15.611556
15431,343,5246,749,2uyv_TLA_D_1275,3,diffdock_l,0.17155681,0.0099298963,17.276796,0,0,28.720517
15432,343,14114,2016,5x5d_UMP_C_401,2,diffdock,0.26677572,0.0099010505,26.944181,0,0,41.26291
15433,343,10026,1432,4ug7_1EV_A_904,2,diffdock,0.16302026,0.009887621,16.487307,0,0,31.535022
15434,343,17251,2464,6tor_PMP_B_504,3,diffdock_l,0.1467679,0.0097785114,15.009227,0,0.96239638,38.910666
15435,343,16306,2329,6nhd_KNV_B_803,3,diffdock_l,0.17682783,0.0096562457,18.312273,0,2.4003962e-41,14.562062
15436,343,14024,2003,5wgr_PM7_A_712,3,diffdock_l,0.14647037,0.0096091439,15.24281,0,0.96715999,32.289174
15437,343,11692,1670,5f79_4V7_A_4000,2,diffdock,0.16478834,0.0095581629,17.240585,0,0,21.453716
15438,343,17650,2521,6zi7_RAM_D_503,3,diffdock_l,0.13932695,0.0095527836,14.584957,0,0,27.021561
15439,343,10041,1434,4ugg_S5D_A_904,3,diffdock_l,0.14986417,0.0095132024,15.753283,0,4.499862e-07,28.158438
15440,343,3341,477,1zpd_CIT_F_610,2,diffdock,0.28112,0.0095110218,29.557285,0,0,52.248442
15441,343,9928,1418,4trj_665_A_501,2,diffdock,0.15124754,0.0095058974,15.910915,0,0,23.596682
15442,343,10020,1431,4ug6_XFJ_A_904,3,diffdock_l,0.147353,0.0095025335,15.506706,0,1.6021322e-07,27.898173
15443,343,16270,2324,6ngp_KKY_A_803,2,diffdock,0.1741425,0.0094753575,18.37846,0,3.0453653e-33,46.761613
15444,343,16250,2321,6ng5_KMD_A_803,3,diffdock_l,0.19251893,0.0094448898,20.383394,0,1.8973892e-13,45.846786
15445,343,7486,1069,4cdt_M48_A_801,3,diffdock_l,0.14747169,0.0094284003,15.64122,0,3.3557604e-15,23.337838
15446,343,1409,201,1ki2_GA2_A_1,2,diffdock,0.16329224,0.0094087531,17.355352,0,0,30.951035
15447,343,17363,2480,6uzr_QM1_B_301,3,diffdock_l,0.18589273,0.0093683475,19.842636,0,0.99731568,36.355378
15448,343,7465,1066,4can_M7K_B_800,3,diffdock_l,0.14638402,0.0093494232,15.65701,0,1.5043858e-38,31.436682
15449,343,4616,659,2nz5_226_A_432,3,diffdock_l,0.14610172,0.0093486354,15.628132,0,7.3187909e-09,11.379669
15450,343,10033,1433,4ugf_Q16_A_904,2,diffdock,0.11995577,0.0093440076,12.837721,0,0,28.358056
15451,343,6765,966,3wgc_PLG_D_401,3,diffdock_l,0.21014433,0.009259177,22.695787,0,0,35.656512
15452,343,7471,1067,4cb5_93G_A_1484,2,diffdock,0.10892346,0.0092571956,11.766356,0,0,15.982872
15453,343,7458,1065,4can_M7K_A_800,3,diffdock_l,0.14627936,0.0092558395,15.804007,0,3.1873433e-35,41.156362
15454,343,9236,1319,4mig_G3F_D_802,3,diffdock_l,0.26296918,0.0092441505,28.447088,0,0.97469494,29.094185
15455,343,7474,1067,4cb5_93G_A_1484,5,autodock,0.053657638,0.0092372141,5.8088541,0,0,7.8442787
15456,343,16278,2325,6ngu_KMJ_A_803,3,diffdock_l,0.17359365,0.0092180225,18.831982,0,1.1933398e-42,42.374413
15457,343,10846,1549,5a7p_6Z1_A_1361,3,diffdock_l,0.17898122,0.0092046832,19.44458,0,0.47022646,37.957277
15458,343,3153,450,1z6k_OAA_A_274,3,diffdock_l,0.14579752,0.0091658627,15.906578,0,0.0079870094,14.249813
15459,343,4786,683,2prl_R2C_A_400,5,autodock,0.12314408,0.0091123572,13.513965,0,0,19.539409
15460,344,17250,2464,6tor_PMP_B_504,2,diffdock,0.53783363,0.018526834,29.029978,0,0,32.095634
15461,344,9235,1319,4mig_G3F_D_802,2,diffdock,0.6033131,0.01663336,36.271271,0,0,50.888802
15462,344,17362,2480,6uzr_QM1_B_301,2,diffdock,0.57838517,0.016094774,35.936211,0,0.99589361,27.28182
15463,344,5770,824,2z20_PLP_B_801,2,diffdock,0.57041196,0.015726275,36.271271,0,0,38.188658
15464,344,14023,2003,5wgr_PM7_A_712,2,diffdock,0.53786624,0.014828988,36.271271,0,1.5967907e-31,33.780238
15465,344,11328,1618,5dky_NOJ_A_1000,2,diffdock,0.2176721,0.013369359,16.281414,0,0,29.890887
15466,344,10229,1461,4wua_3UL_A_701,2,diffdock,0.16573938,0.012636861,13.115548,0,0,37.357388
15467,344,14136,2019,5x6r_7ZR_A_402,3,diffdock_l,0.19964545,0.012312192,16.215263,0,0,14.851703
15468,344,16656,2379,6qaw_HVE_A_402,3,diffdock_l,0.14894091,0.011919734,12.495321,0,0.49749304,19.378109
15469,344,16453,2350,6ooi_PGA_C_302,3,diffdock_l,0.23593649,0.01140625,20.684841,0,0,34.782094
15470,344,362,51,1e2s_CSN_P_701,5,autodock,0.045265055,0.010722182,4.2216263,0,0,9.0999627
15471,344,8767,1252,4ixw_IXW_B_302,3,diffdock_l,0.1447737,0.0099915768,14.489573,0,0.99352787,16.240549
15472,344,1536,219,1ldo_SNR_A_150,3,diffdock_l,0.1458808,0.0098809051,14.763909,0,0,13.907076
15473,344,8811,1258,4j7u_YTZ_A_802,5,autodock,0.097458153,0.0096528071,10.096353,0,0,8.3339587
15474,344,9180,1311,4m2c_DAR_C_402,3,diffdock_l,0.22702363,0.0096367689,23.558064,0,0.91654011,28.776268
15475,344,8760,1251,4itu_1HS_D_302,3,diffdock_l,0.18254131,0.0096342223,18.947174,0,1.4950978e-40,30.10335
15476,344,4653,664,2o7b_HC4_D_701,5,autodock,0.21900131,0.0096113337,22.785734,0,0,46.087353
15477,344,2320,331,1rnd_DGP_A_126,3,diffdock_l,0.13636257,0.0095026941,14.349884,0,8.5571704e-14,12.992678
15478,344,4623,660,2o1o_RIS_A_400,3,diffdock_l,0.15257323,0.0094556436,16.135677,0,0.99358394,31.239943
15479,344,17433,2490,6vo2_R67_A_403,3,diffdock_l,0.14589381,0.009426106,15.477633,0,0,24.963869
15480,344,17538,2505,6xu3_PLG_B_401,3,diffdock_l,0.2668483,0.0093841115,28.43618,0,4.6672802e-08,17.684595
15481,344,10811,1544,5a02_GOL_D_1341,3,diffdock_l,0.19897175,0.0090748259,21.92568,0,0,33.270991
15482,344,14143,2020,5x6r_7ZR_B_402,3,diffdock_l,0.14626023,0.0090692703,16.12701,0,3.4211619e-11,27.517517
15483,344,16481,2354,6ooi_PGA_G_301,3,diffdock_l,0.18754478,0.0090667729,20.684841,0,4.2931233e-78,35.591433
15484,344,12099,1728,5gwt_SIN_C_301,3,diffdock_l,0.19221542,0.0090657377,21.2024,0,0,29.94553
15485,344,10825,1546,5a02_GOL_F_1342,3,diffdock_l,0.20526293,0.009062727,22.649134,0,0,31.661159
15486,344,14929,2132,6cqu_HI6_A_601,5,autodock,0.10002331,0.0090052667,11.107201,0,0,10.611698
15487,344,16648,2378,6qa7_PLP_A_902,2,diffdock,0.169824,0.0089732868,18.925505,0,0,37.828068
15488,345,9179,1311,4m2c_DAR_C_402,2,diffdock,0.5633192,0.024928083,22.597773,0,0.92507391,36.175043
15489,345,4622,660,2o1o_RIS_A_400,2,diffdock,0.54636725,0.021064334,25.938025,0,0,34.167802
15490,345,8766,1252,4ixw_IXW_B_302,2,diffdock,0.5417877,0.019737047,27.450291,0,0,19.640125
15491,345,1774,253,1n3o_GYP_B_1101,3,diffdock_l,0.16467118,0.015577295,10.57123,0,0.99676515,19.75995
15492,345,12071,1724,5goo_FRU_C_501,3,diffdock_l,0.25420809,0.014308968,17.765646,0,0,31.550275
15493,345,7332,1047,4bq5_GAL_C_1,3,diffdock_l,0.26641313,0.01303461,20.4389,0,5.5010264e-74,19.227348
15494,345,12785,1826,5kcj_6RM_B_302,3,diffdock_l,0.17872052,0.012680836,14.093748,0,0.98815132,32.808468
15495,345,1333,190,1jyx_IPT_C_2001,3,diffdock_l,0.27563571,0.012003583,22.962784,0,0,28.001163
15496,345,353,50,1e26_GPB_A_208,3,diffdock_l,0.24475416,0.011926819,20.521326,0,0.66423868,29.655373
15497,345,12057,1722,5goo_FRU_A_501,3,diffdock_l,0.21262391,0.011824466,17.981689,0,0,34.191888
15498,345,12784,1826,5kcj_6RM_B_302,2,diffdock,0.13799904,0.011415788,12.088437,0,0.99295956,39.183266
15499,345,12302,1757,5i0d_GLC_A_1124,3,diffdock_l,0.20539791,0.011245183,18.265411,0,7.3700328e-50,25.817723
15500,345,14836,2119,6bvl_EBY_B_2001,3,diffdock_l,0.13911728,0.011144621,12.482907,0,0.031065139,37.931286
15501,345,13141,1877,5njb_BB2_C_502,2,diffdock,0.28265091,0.011136594,25.380371,0,0,62.231181
15502,345,1766,252,1n3o_GYP_A_1001,2,diffdock,0.13222103,0.01104784,11.968042,0,0,18.888387
15503,345,13134,1876,5njb_BB2_A_502,2,diffdock,0.27970357,0.011007533,25.410194,0,2.5072558e-88,64.031555
15504,345,1319,188,1jyx_IPT_A_2001,3,diffdock_l,0.25499341,0.01093395,23.321251,0,0,28.001163
15505,345,11490,1641,5edh_5MF_B_803,3,diffdock_l,0.22816991,0.010744441,21.236088,0,1.7685205e-45,38.633535
15506,345,15326,2189,6flu_DTK_B_405,3,diffdock_l,0.19160318,0.010646104,17.99749,0,9.557518e-45,28.528976
15507,345,12070,1724,5goo_FRU_C_501,2,diffdock,0.22146844,0.010516498,21.059141,0,3.9892743e-48,32.752656
15508,345,12064,1723,5goo_FRU_B_501,3,diffdock_l,0.18487709,0.010406436,17.765646,0,0,30.169323
15509,345,591,84,1g79_PLP_A_260,3,diffdock_l,0.1479698,0.010204748,14.500092,0,6.6980888e-08,18.728441
15510,345,11070,1581,5c38_DA8_A_403,3,diffdock_l,0.16710714,0.010055049,16.619225,0,3.8527278e-42,23.167871
15511,345,15263,2180,6flu_DTK_A_401,3,diffdock_l,0.18015677,0.0095755433,18.814259,0,2.1094964e-42,27.261467
15512,345,15158,2165,6f76_CVK_A_203,3,diffdock_l,0.15796938,0.009510032,16.610813,0,0.85143864,24.36858
15513,345,16789,2398,6r4j_GLU_A_704,3,diffdock_l,0.13911728,0.0094511707,14.719581,0,0,15.755308
15514,345,7331,1047,4bq5_GAL_C_1,2,diffdock,0.22500683,0.0092967285,24.202795,0,0,47.891688
15515,345,6933,990,3wzo_ZOE_B_201,3,diffdock_l,0.18520206,0.0092836134,19.949348,0,0,31.284127
15516,345,7905,1129,4do1_ANN_B_502,2,diffdock,0.16757342,0.0092529707,18.110228,0,0,35.021855
15517,345,7912,1130,4do1_ANN_C_502,2,diffdock,0.1675551,0.0092519591,18.110228,0,1.9364134e-19,32.493948
15518,345,6926,989,3wzo_ZOE_A_201,3,diffdock_l,0.18411097,0.0092289207,19.949348,0,0,32.026884
15519,345,7919,1131,4do1_ANN_D_502,2,diffdock,0.1671009,0.009226879,18.110228,0,9.117394e-103,29.674584
15520,345,5519,788,2wzv_FMN_A_801,3,diffdock_l,0.22286356,0.0091664706,24.312906,0,2.1374885e-33,36.44351
15521,345,15333,2190,6flu_DTK_B_406,3,diffdock_l,0.16190857,0.0091079361,17.776646,0,1.1185328e-42,27.881963
15522,345,12848,1835,5kmj_6UF_A_901,3,diffdock_l,0.21233112,0.0090976634,23.339081,0,0.89326757,26.376897
15523,345,15305,2186,6flu_DTK_B_402,3,diffdock_l,0.16670866,0.0090818421,18.356258,0,1.3338951e-53,28.832132
15524,345,8661,1237,4i9n_1E5_C_402,2,diffdock,0.26201858,0.0090322215,29.009315,0,3.8276295e-65,44.270245
15525,345,13261,1894,5ocm_9RH_C_302,3,diffdock_l,0.14901875,0.008981896,16.591011,0,1.8757138e-59,40.022684
15526,345,1734,247,1mrq_STR_A_501,5,autodock,0.1119747,0.008952964,12.506997,0,0,22.648505
15527,345,352,50,1e26_GPB_A_208,2,diffdock,0.21117214,0.0088847373,23.767965,0,0.96807089,31.953472
15528,345,12056,1722,5goo_FRU_A_501,2,diffdock,0.18376202,0.0088787435,20.696848,0,0,30.623344
15529,345,16495,2356,6p9t_O5D_A_307,3,diffdock_l,0.14807888,0.0086289467,17.160711,0,5.093661e-12,17.4429
15530,345,12162,1737,5h8f_GLU_A_302,3,diffdock_l,0.13911728,0.0086258804,16.127892,0,0,20.365594
15531,345,12169,1738,5h8q_GLU_A_302,3,diffdock_l,0.13911728,0.0085827256,16.208984,0,0,20.994524
15532,345,9173,1310,4lz7_1YW_C_804,3,diffdock_l,0.13911728,0.00857929,16.215475,0,3.043812e-08,39.093323
15533,345,1080,154,1iri_E4P_B_602,2,diffdock,0.21176516,0.0085580491,24.744558,0,0.99800022,44.641569
15534,345,2439,348,1sqk_LAR_A_378,3,diffdock_l,0.13911728,0.0085525856,16.266106,0,0,27.838614
15535,345,3460,494,2ahc_VNL_D_466,2,diffdock,0.16684442,0.0084954471,19.639273,0,0,21.849447
15536,345,1116,159,1itw_ICT_C_743,3,diffdock_l,0.20887226,0.0084768517,24.640308,0,0,21.028196
15537,345,10776,1539,4zvz_4TF_C_503,3,diffdock_l,0.20311692,0.0084674971,23.987833,0,0,24.584971
15538,346,15157,2165,6f76_CVK_A_203,2,diffdock,0.467337,0.01957912,23.86915,0,0,47.083734
15539,346,12847,1835,5kmj_6UF_A_901,2,diffdock,0.52271334,0.014345069,36.438538,0,0.00090728579,35.92982
15540,346,10083,1440,4ur9_OAN_B_1718,3,diffdock_l,0.21624927,0.011798232,18.328953,0,4.9176563e-85,42.409069
15541,346,1395,199,1kdo_C_B_6407,2,diffdock,0.24010917,0.011253634,21.336143,0,0,22.126007
15542,346,13226,1889,5o4j_9KH_C_302,3,diffdock_l,0.15012814,0.010590942,14.175144,0,3.158652e-63,32.328241
15543,346,13219,1888,5o4j_9KH_B_302,3,diffdock_l,0.15004815,0.010585299,14.175144,0,1.68117e-38,36.873312
15544,346,3691,527,2c6q_IMP_A_1337,2,diffdock,0.29502244,0.010393519,28.385231,0,0,65.893245
15545,346,3712,530,2c6q_IMP_D_1337,2,diffdock,0.29354946,0.010341626,28.385231,0,1.0593833e-43,77.971392
15546,346,10971,1567,5ahn_IMP_A_1468,2,diffdock,0.16291563,0.010191045,15.986156,0,0,25.529843
15547,346,3720,531,2c6q_IMP_E_1337,3,diffdock_l,0.28638462,0.0098962001,28.938845,0,0,70.063836
15548,346,6660,951,3w7f_FPS_A_302,3,diffdock_l,0.20757145,0.0098114379,21.156067,0,0,35.688218
15549,346,17748,2535,7cwd_GLC_A_901,3,diffdock_l,0.15119513,0.0097174451,15.559143,0,2.3297024e-06,27.938959
15550,346,9334,1333,4n36_2F8_C_401,3,diffdock_l,0.15693651,0.0095761422,16.388279,0,0,16.979392
15551,346,8221,1174,4gcq_0JM_A_401,3,diffdock_l,0.18245261,0.0095653353,19.074354,0,2.8373621e-11,34.580545
15552,346,10082,1440,4ur9_OAN_B_1718,2,diffdock,0.18872155,0.0095297495,19.80341,0,0,42.905734
15553,346,11538,1648,5eo7_SFU_B_404,2,diffdock,0.14374908,0.0092592929,15.524843,0,6.2692511e-66,23.277463
15554,346,6386,912,3ucc_2PG_A_601,2,diffdock,0.18255916,0.0091935576,19.85729,0,0,32.501735
15555,346,2424,346,1sjc_SMG_B_1100,2,diffdock,0.26947032,0.009159285,29.420452,0,0,45.170933
15556,346,14584,2083,5zpt_HY1_A_702,3,diffdock_l,0.17485538,0.0089527736,19.530859,0,0,28.001163
15557,346,17698,2528,7bp1_CAQ_D_401,2,diffdock,0.2326877,0.0089349559,26.042398,0,0,31.380354
15558,346,3313,473,1zoy_UQ1_B_1201,2,diffdock,0.16625891,0.0089053725,18.669504,0,0,33.920502
15559,346,4553,650,2ntk_IMP_A_205,3,diffdock_l,0.22283866,0.0087530187,25.45849,0,0,42.052384
15560,346,14731,2104,6b5k_TYD_A_304,3,diffdock_l,0.21871005,0.0087433102,25.014557,0,0,58.408996
15561,346,1879,268,1nsm_GLA_B_2400,3,diffdock_l,0.15801914,0.0087412626,18.077379,0,0,22.805242
15562,346,3719,531,2c6q_IMP_E_1337,2,diffdock,0.24809616,0.008740325,28.385231,0,0,69.394644
15563,346,15199,2171,6f77_PLP_E_600,2,diffdock,0.27962831,0.0087386004,31.999208,0,0,30.149476
15564,346,6659,951,3w7f_FPS_A_302,2,diffdock,0.17996222,0.0086908542,20.707079,0,0,36.36403
15565,346,4947,706,2qd4_CHD_A_802,5,autodock,0.097855752,0.0086740328,11.281459,0,0,11.042546
15566,346,15914,2273,6kxh_DY9_D_402,3,diffdock_l,0.21451757,0.0086530295,24.791035,0,3.589286e-58,15.739605
15567,346,4961,708,2qd4_CHD_B_926,5,autodock,0.10143185,0.0086380307,11.742473,0,0,14.686783
15568,346,16894,2413,6rgg_K3Q_B_401,3,diffdock_l,0.14000016,0.0085579278,16.359118,0,2.0501253e-49,24.147306
15569,346,12505,1786,5ita_6DC_B_801,3,diffdock_l,0.23634097,0.0085536362,27.630466,0,7.5825496e-34,37.263413
15570,346,16880,2411,6rgg_K3Q_A_402,3,diffdock_l,0.1381164,0.0084937731,16.260899,0,8.477503e-53,22.307866
15571,346,7086,1012,4a7a_RGZ_B_601,2,diffdock,0.16885895,0.0084658138,19.945978,0,0,39.17456
15572,346,4980,711,2qg6_NMN_A_301,3,diffdock_l,0.18802511,0.0084264311,22.313728,0,0,16.778427
15573,346,8689,1241,4i9n_1E6_B_401,2,diffdock,0.30657508,0.0084134849,36.438538,0,2.4496292e-156,63.759038
15574,346,7079,1011,4a7a_RGZ_A_601,2,diffdock,0.16748994,0.0083971778,19.945978,0,0,33.968025
15575,346,1731,247,1mrq_STR_A_501,2,diffdock,0.16584594,0.0083863686,19.775654,0,0,22.559239
15576,346,17314,2473,6u6c_PZV_F_802,3,diffdock_l,0.30535493,0.0083799996,36.438538,0,0,57.201784
15577,346,6394,913,3ucc_2PG_B_601,3,diffdock_l,0.18663674,0.0083623814,22.318609,0,0,31.836733
15578,346,13023,1860,5m66_ADN_D_502,3,diffdock_l,0.27043337,0.0083560461,32.363796,0,0,31.411381
15579,346,16873,2410,6rgg_K3Q_A_401,3,diffdock_l,0.13900103,0.0083173558,16.712164,0,2.6980411e-58,41.428411
15580,346,8703,1243,4i9n_1E6_D_401,2,diffdock,0.30194641,0.0082864581,36.438538,0,8.0665385e-106,54.429687
15581,346,12504,1786,5ita_6DC_B_801,2,diffdock,0.20539313,0.0082756599,24.818941,0,7.8385912e-33,37.322311
15582,346,17747,2535,7cwd_GLC_A_901,2,diffdock,0.11365258,0.0082554792,13.766926,0,0,30.506389
15583,346,10085,1440,4ur9_OAN_B_1718,5,autodock,0.081827551,0.00824695,9.9221582,0,0.047520118,16.174482
15584,346,2845,406,1vzu_UDP_A_1371,3,diffdock_l,0.17996204,0.0082278808,21.872221,0,0,28.577341
15585,346,15969,2281,6l86_LMR_D_302,2,diffdock,0.17962793,0.0082230711,21.844383,0,0,38.088644
15586,346,15381,2197,6fw0_E92_A_602,2,diffdock,0.21772524,0.0082141371,26.506159,0,0,39.050836
15587,346,1802,257,1nf0_13P_B_1150,3,diffdock_l,0.13908066,0.0081009927,17.168346,0,0,28.001163
15588,347,9285,1326,4mop_2H5_C_703,3,diffdock_l,0.2716292,0.011687231,23.241533,0,0,36.96425
15589,347,6471,924,3v8n_5NB_A_301,3,diffdock_l,0.15862536,0.011444477,13.860428,0,1.2598682e-08,17.847623
15590,347,9509,1358,4nv0_MG7_B_402,3,diffdock_l,0.16927061,0.011095322,15.256033,0,0.97905889,28.132771
15591,347,4945,706,2qd4_CHD_A_802,3,diffdock_l,0.19351462,0.010961807,17.65353,0,1.5539262e-20,12.466552
15592,347,8942,1277,4kfj_1R0_A_202,3,diffdock_l,0.13826614,0.01086652,12.724049,0,0,26.102078
15593,347,13536,1933,5tix_OQR_A_302,5,autodock,0.119595,0.010767028,11.107521,0,0,14.475114
15594,347,8984,1283,4kux_FPS_A_704,3,diffdock_l,0.2340586,0.010388603,22.530323,0,6.0146538e-183,33.11993
15595,347,13543,1934,5tix_OQR_B_302,5,autodock,0.12028794,0.010279486,11.701746,0,0,18.226824
15596,347,15662,2237,6j4t_IMP_A_401,3,diffdock_l,0.13556337,0.010029755,13.516118,0,0.73202254,26.080889
15597,347,9306,1329,4mr8_2BW_A_507,3,diffdock_l,0.14818728,0.0098959139,14.974591,0,4.0187668e-37,28.350448
15598,347,1445,206,1knu_YPA_A_1001,3,diffdock_l,0.19571476,0.0097424129,20.08894,0,0.023933248,15.615293
15599,347,4966,709,2qd4_CHD_B_927,3,diffdock_l,0.14907315,0.0095806402,15.559831,0,1.8383093e-11,31.613872
15600,347,14724,2103,6ayv_MLI_A_409,3,diffdock_l,0.15199285,0.0095048099,15.99115,0,0,22.894858
15601,347,4952,707,2qd4_CHD_A_803,3,diffdock_l,0.1490496,0.0094309715,15.804267,0,0,34.619117
15602,347,17160,2451,6t9c_MX8_A_501,3,diffdock_l,0.14875434,0.0093843443,15.851329,0,0,31.663812
15603,347,14675,2096,6acn_TRC_A_899,3,diffdock_l,0.20016698,0.0093356701,21.441092,0,0,28.001163
15604,347,12136,1733,5gzz_JAA_A_601,5,autodock,0.081447333,0.0092477718,8.8072376,0,0,13.091527
15605,347,6688,955,3wat_BGC_A_403,3,diffdock_l,0.14878384,0.0092253095,16.127787,0,0.004136013,21.267956
15606,347,6695,956,3wat_BGC_B_403,3,diffdock_l,0.14878322,0.009225271,16.127787,0,0.0018248138,21.176214
15607,347,15648,2235,6ix8_B3O_A_408,3,diffdock_l,0.21882625,0.0091592778,23.891211,0,0.0078527466,37.195136
15608,347,3414,487,2a5t_GLY_A_1001,5,autodock,0.052970508,0.0091273854,5.8034692,0,0,29.338474
15609,347,9200,1314,4m72_M72_B_402,2,diffdock,0.12608721,0.0090771284,13.890649,0,0,26.36445
15610,347,5078,725,2qx4_ML1_A_233,3,diffdock_l,0.16942857,0.0090757007,18.668371,0,4.0013757e-06,24.12388
15611,347,13534,1933,5tix_OQR_A_302,3,diffdock_l,0.15037265,0.0090160384,16.678349,0,0.018683352,21.487173
15612,347,6554,936,3vnj_PSJ_B_301,2,diffdock,0.16569714,0.0089253657,18.564743,0,0,35.785363
15613,347,11133,1590,5cfw_53W_A_201,3,diffdock_l,0.14915661,0.0088910223,16.776091,0,1.6238896e-05,13.746597
15614,347,13541,1934,5tix_OQR_B_302,3,diffdock_l,0.1503309,0.0088782146,16.932558,0,0.024831271,21.815253
15615,347,4931,704,2qd1_CHD_D_802,3,diffdock_l,0.13556337,0.0088600258,15.30056,0,6.8423516e-48,33.54852
15616,347,3132,447,1yw9_A84_A_482,3,diffdock_l,0.18444838,0.0088124917,20.93033,0,0.97969958,26.902596
15617,347,15109,2158,6f2v_AMP_B_1001,3,diffdock_l,0.18266145,0.0088064487,20.741781,0,7.6005768e-64,47.14326
15618,347,16579,2368,6ps7_ZMA_A_1201,3,diffdock_l,0.14843794,0.0087667751,16.931873,0,0,37.504284
15619,347,16952,2421,6rq3_OUC_A_401,5,autodock,0.091062812,0.0087582847,10.397333,0,0,10.882847
15620,347,8109,1158,4ek1_CAM_B_502,3,diffdock_l,0.14035579,0.0087421556,16.055054,0,0.99509393,22.241719
15621,347,6956,993,3zcm_PX3_A_1214,5,autodock,0.099657723,0.0087401079,11.402344,0,0,14.777584
15622,347,12115,1730,5gzz_GSH_C_301,5,autodock,0.1051023,0.0087389597,12.026865,0,5.6262758e-06,10.584629
15623,347,6457,922,3v7u_MTA_A_301,3,diffdock_l,0.15478959,0.0087187994,17.753542,0,7.9419287e-08,18.235618
15624,347,9278,1325,4mop_2H5_B_802,3,diffdock_l,0.20787758,0.0086980761,23.899258,0,2.3363734e-64,39.488311
15625,347,12122,1731,5gzz_GSH_D_301,5,autodock,0.10245872,0.00868979,11.790701,0,7.4471198e-10,11.407085
15626,347,17468,2495,6wdw_TWV_A_701,3,diffdock_l,0.17171757,0.008681957,19.778669,0,0.73063922,31.849332
15627,347,6555,936,3vnj_PSJ_B_301,3,diffdock_l,0.18902862,0.0086702914,21.801874,0,0,24.794717
15628,347,5099,728,2qx9_ML2_A_234,3,diffdock_l,0.1363403,0.0085690245,15.91083,0,1.963506e-07,26.163772
15629,347,13204,1886,5o3f_9HT_A_501,2,diffdock,0.12879607,0.0085579907,15.049802,0,0,13.33047
15630,347,12129,1732,5gzz_GSH_E_301,5,autodock,0.10126243,0.0085432939,11.852855,0,1.7491373e-09,11.549872
15631,347,2418,345,1sjc_SMG_A_1000,3,diffdock_l,0.24772896,0.0085250238,29.059032,0,1.0572302e-61,41.787522
15632,347,9593,1370,4p7q_NAG_A_704,3,diffdock_l,0.13556397,0.0084906251,15.966311,0,3.5244778e-24,21.89823
15633,347,5092,727,2qx9_ML2_A_233,3,diffdock_l,0.13639673,0.0084776462,16.088984,0,2.6851352e-35,26.330458
15634,347,3398,485,2a1m_CAM_B_2422,3,diffdock_l,0.15037904,0.0084680849,17.758327,0,4.0558815e-71,25.850145
15635,347,10139,1448,4v3w_E2Z_B_800,3,diffdock_l,0.15536018,0.0084530496,18.379185,0,2.3262286e-41,42.331664
15636,347,6725,960,3wca_FPS_B_401,5,autodock,0.11031953,0.0083998982,13.133436,0,0,12.556075
15637,347,7495,1070,4cjs_L0Y_A_1217,5,autodock,0.1005255,0.0083707736,12.009105,0,0,13.860303
15638,348,8108,1158,4ek1_CAM_B_502,2,diffdock,0.53971394,0.03283555,16.436876,0,0.99599465,26.151201
15639,348,9508,1358,4nv0_MG7_B_402,2,diffdock,0.54414397,0.023716244,22.943933,0,0,31.075131
15640,348,3131,447,1yw9_A84_A_482,2,diffdock,0.55107451,0.018505755,29.778545,0,0,33.388843
15641,348,15661,2237,6j4t_IMP_A_401,2,diffdock,0.3948205,0.014166392,27.87022,0,0,29.823191
15642,348,17467,2495,6wdw_TWV_A_701,2,diffdock,0.40807208,0.01398333,29.182753,0,0,35.320617
15643,348,9642,1377,4pgi_Y69_A_303,3,diffdock_l,0.20249974,0.013718295,14.76129,0,1.0733623e-10,14.908652
15644,348,9641,1377,4pgi_Y69_A_303,2,diffdock,0.17342901,0.01359276,12.758924,0,0,21.780464
15645,348,8076,1153,4ea0_651_B_305,5,autodock,0.099432006,0.012464041,7.9775085,0,0,22.759695
15646,348,8069,1152,4ea0_651_A_306,5,autodock,0.090946849,0.011424967,7.9603591,0,0,33.547219
15647,348,14241,2034,5xrv_F6R_A_702,3,diffdock_l,0.16040377,0.010803362,14.847578,0,0,26.229476
15648,348,5477,782,2whq_HI6_A_1543,3,diffdock_l,0.13686416,0.01070418,12.786047,0,0.0017577267,29.024056
15649,348,8780,1254,4j0k_EGR_B_501,2,diffdock,0.14726404,0.010673227,13.797518,0,0,27.314457
15650,348,7066,1009,4a3u_NCA_B_1359,3,diffdock_l,0.15053639,0.010550657,14.267962,0,9.2189747e-67,22.231921
15651,348,8773,1253,4j0k_EGR_A_501,2,diffdock,0.14166577,0.010496287,13.49675,0,0,30.542734
15652,348,6179,882,3rsc_TYD_B_397,5,autodock,0.20891751,0.010098802,20.687353,0,0,18.937934
15653,348,8403,1200,4hmx_WUB_A_302,3,diffdock_l,0.13678016,0.0099952475,13.684519,0,1.7090721e-07,22.078798
15654,348,1711,244,1mmy_G6D_A_348,3,diffdock_l,0.13882154,0.0099222714,13.990902,0,0.98805667,31.2777
15655,348,10489,1498,4ywd_NTM_A_704,3,diffdock_l,0.14871573,0.0098513844,15.095921,0,0.91271059,30.694461
15656,348,5479,782,2whq_HI6_A_1543,5,autodock,0.051388354,0.00979942,5.244019,0,0,15.628732
15657,348,4181,597,2g8t_MI2_A_401,2,diffdock,0.13144669,0.0097492054,13.48281,0,0,18.807659
15658,348,5134,733,2r4t_250_A_503,3,diffdock_l,0.13672476,0.0097462962,14.02838,0,1.1459187e-11,26.1953
15659,348,1718,245,1mmy_G6D_B_348,3,diffdock_l,0.13689424,0.0096527515,14.181887,0,0,22.834246
15660,348,7892,1127,4dd8_BAT_B_1000,3,diffdock_l,0.20291432,0.0094685905,21.430254,0,0,39.497258
15661,348,13359,1908,5syi_NIZ_A_805,3,diffdock_l,0.1487911,0.009396395,15.834912,0,1.056824e-55,34.30383
15662,348,8062,1151,4e9z_651_A_301,5,autodock,0.075301916,0.0093315019,8.0696449,0,0,9.1257301
15663,348,6317,902,3tky_N7I_C_369,3,diffdock_l,0.20974439,0.0092192714,22.750645,0,6.0487503e-05,18.859841
15664,348,9130,1304,4lol_1YE_A_402,2,diffdock,0.16304846,0.0092156452,17.69257,0,1.8096173e-09,29.801077
15665,348,6316,902,3tky_N7I_C_369,2,diffdock,0.18034445,0.0091046496,19.807949,0,0,39.201222
15666,349,1710,244,1mmy_G6D_A_348,2,diffdock,0.53016591,0.021881381,24.229086,0,0.8109582,25.171521
15667,349,10488,1498,4ywd_NTM_A_704,2,diffdock,0.48616432,0.016777691,28.97683,0,0,27.691684
15668,349,2665,380,1u1g_BBB_B_4300,5,autodock,0.14579362,0.010352573,14.082837,0,0,13.537099
15669,349,16809,2401,6r5o_BGC_B_801,2,diffdock,0.21791498,0.0096455654,22.592243,0,0.97582233,36.112758
15670,349,8753,1250,4itu_1HS_B_302,3,diffdock_l,0.17038764,0.0096266059,17.699657,0,3.2068133e-40,17.512876
15671,349,4784,683,2prl_R2C_A_400,3,diffdock_l,0.20900753,0.0094996075,22.001699,0,0.9253893,24.924486
15672,349,4377,625,2ipf_FFA_A_3,2,diffdock,0.16194233,0.0094570708,17.12394,0,0,26.919401
15673,349,1018,145,1hsb_ALA_C_1,3,diffdock_l,0.13919918,0.0093829438,14.835341,0,0.00027982274,35.370161
15674,349,15627,2232,6i4b_ORO_B_602,3,diffdock_l,0.1404059,0.0091058319,15.419337,0,4.4782169e-58,25.214966
15675,349,5309,758,2vjb_CCD_A_1540,3,diffdock_l,0.15009508,0.0090004487,16.676397,0,7.650809e-77,27.441899
15676,349,13429,1918,5tch_MLI_D_501,3,diffdock_l,0.22497962,0.0089918689,25.020338,0,0,28.001163
15677,349,14346,2049,5yb7_ORN_A_602,3,diffdock_l,0.23199888,0.0089895195,25.807705,0,0,35.321568
15678,349,10174,1453,4wdx_WDX_A_402,3,diffdock_l,0.1402083,0.008949985,15.665757,0,0,29.500103
15679,349,13422,1917,5tch_MLI_B_501,3,diffdock_l,0.2142348,0.0088285737,24.266069,0,0,28.001163
15680,349,136,19,1aua_BOG_A_1,3,diffdock_l,0.13919919,0.0088225058,15.777738,0,0,19.148901
15681,349,14381,2054,5yb7_ORN_D_602,3,diffdock_l,0.23294331,0.0088020491,26.464666,0,4.4379949e-66,21.493461
15682,349,13435,1919,5tch_MLI_E_301,2,diffdock,0.23538657,0.0087898838,26.779257,0,0,30.149476
15683,349,16907,2415,6rgr_RM4_A_402,2,diffdock,0.11671784,0.0087060892,13.40646,0,0,13.65496
15684,349,3449,492,2ahc_VNL_A_166,5,autodock,0.06950085,0.0086735474,8.0129662,0,0,28.275658
15685,349,8893,1270,4jzx_IPE_A_401,3,diffdock_l,0.15006248,0.0086542012,17.33984,0,0,28.001163
15686,349,5323,760,2vjb_CCD_B_1540,3,diffdock_l,0.1516236,0.0085726697,17.686857,0,1.3505475e-76,25.670704
15687,349,16719,2388,6qol_JB5_A_301,3,diffdock_l,0.21068,0.0085325701,24.691269,0,2.5892161e-13,19.330042
15688,349,14388,2055,5yb7_ORN_D_603,3,diffdock_l,0.23192719,0.0085085285,27.2582,0,3.2594507e-72,40.819264
15689,349,2774,396,1uxq_G1P_A_1503,2,diffdock,0.15039259,0.0083594488,17.990728,0,0,28.860712
15690,349,6170,881,3rsc_TYD_A_397,3,diffdock_l,0.22835065,0.0083326992,27.404161,0,1.1784871e-60,28.735786
15691,349,13442,1920,5tch_MLI_F_501,2,diffdock,0.21744586,0.0081634018,26.636671,0,0,30.149476
15692,349,5400,771,2w0b_CMW_A_1450,3,diffdock_l,0.14782655,0.0080679061,18.322788,0,0,22.275741
15693,349,12197,1742,5ha7_WY1_B_402,3,diffdock_l,0.15020688,0.0079352451,18.929077,0,1.7280527e-18,30.603827
15694,349,16684,2383,6qdc_HXE_A_1004,3,diffdock_l,0.1500094,0.007923519,18.932167,0,2.4012758e-08,29.666801
15695,349,7936,1133,4dta_ADN_A_401,5,autodock,0.11524289,0.0079143574,14.561243,0,6.6431388e-05,14.57051
15696,349,13449,1921,5tch_MLI_G_301,2,diffdock,0.21411705,0.0079022884,27.095573,0,0,30.149476
15697,349,9194,1313,4m54_AE5_A_403,3,diffdock_l,0.14019085,0.0078761172,17.799486,0,6.8018396e-05,21.56046
15698,349,10433,1490,4yjs_4DN_A_701,3,diffdock_l,0.13924664,0.0078703729,17.692507,0,0,18.836597
15699,349,8746,1249,4itu_1HS_A_302,3,diffdock_l,0.13919942,0.0078645255,17.699657,0,1.3836673e-40,31.869403
15700,349,4664,666,2o7b_HC4_G_701,2,diffdock,0.2885686,0.0078410213,36.802425,0,0,30.149476
15701,349,8741,1248,4iph_1FJ_A_202,5,autodock,0.051599561,0.0078385227,6.5828161,0,0,4.1310807
15702,349,4098,585,2fr6_URI_B_1002,3,diffdock_l,0.23330059,0.0078368454,29.769705,0,3.3314281e-29,28.444004
15703,349,4678,668,2o7d_DHC_B_701,2,diffdock,0.28831877,0.0078342329,36.802425,0,0,30.149476
15704,349,10517,1502,4z69_DIF_A_1008,3,diffdock_l,0.13987214,0.0078342154,17.854006,0,4.4944661e-76,60.125636
15705,349,373,53,1e5f_PLP_B_405,2,diffdock,0.22943999,0.007806939,29.389236,0,0,37.844177
15706,349,9663,1380,4pxd_1AL_B_502,3,diffdock_l,0.21639581,0.0078055605,27.723288,0,0.84673853,27.870094
15707,349,2963,423,1x2a_PDG_A_413,2,diffdock,0.28724533,0.0078050651,36.802425,0,0,47.905609
15708,349,13387,1912,5t6b_TMP_B_504,3,diffdock_l,0.22419129,0.0078008049,28.739506,0,4.9733841e-70,39.350921
15709,349,7744,1106,4d06_NAR_E_301,2,diffdock,0.28674436,0.0077914529,36.802425,0,0,57.206608
15710,349,4685,669,2o7d_DHC_G_701,2,diffdock,0.286459,0.007783699,36.802425,0,0,30.149476
15711,349,4643,663,2o7b_HC4_C_701,2,diffdock,0.28634349,0.0077805604,36.802425,0,0,30.149476
15712,349,4657,665,2o7b_HC4_E_701,2,diffdock,0.28633238,0.0077802584,36.802425,0,0,30.149476
15713,349,14374,2053,5yb7_ORN_C_603,3,diffdock_l,0.21489477,0.0077790456,27.624823,0,2.4709696e-51,38.331977
15714,349,4636,662,2o7b_HC4_A_701,2,diffdock,0.28568226,0.0077625932,36.802425,0,0,30.149476
15715,349,9228,1318,4mig_G3F_B_802,2,diffdock,0.21699252,0.0077622836,27.954725,0,0.99259036,45.647319
15716,350,4783,683,2prl_R2C_A_400,2,diffdock,0.55236858,0.017747562,31.123629,0,0,25.355503
15717,350,9662,1380,4pxd_1AL_B_502,2,diffdock,0.49489798,0.013420879,36.875229,0,0,28.893435
15718,350,11181,1597,5cjn_52F_A_809,2,diffdock,0.20143245,0.011425587,17.629942,0,0.94174291,38.172527
15719,350,15501,2214,6hl9_SIN_A_402,3,diffdock_l,0.1465533,0.010829281,13.533058,0,0,21.890399
15720,350,11975,1710,5g0v_JDD_B_1271,5,autodock,0.091175658,0.010692995,8.5266705,0,3.4758009e-05,9.1221727
15721,350,14822,2117,6btn_E8M_A_304,3,diffdock_l,0.14811696,0.010508665,14.094745,0,0,26.91621
15722,350,1500,214,1kya_XYD_D_814,2,diffdock,0.13317673,0.010190066,13.069269,0,0,21.565846
15723,350,9075,1296,4l80_OXL_E_402,3,diffdock_l,0.21816825,0.0097175475,22.450956,0,2.0727414e-76,35.961357
15724,350,3447,492,2ahc_VNL_A_166,3,diffdock_l,0.15278365,0.0097128699,15.730021,0,1.4653054e-38,19.523208
15725,350,15466,2209,6gxk_FFW_B_402,3,diffdock_l,0.2236256,0.0096967249,23.06197,0,6.5161296e-56,33.125056
15726,350,15459,2208,6gxk_FFW_A_402,3,diffdock_l,0.22307768,0.0095829057,23.278708,0,0.00096686108,19.920288
15727,350,1123,160,1itw_ICT_D_743,3,diffdock_l,0.19608849,0.0093007349,21.083117,0,7.2559023e-85,41.17825
15728,350,9138,1305,4luu_BTM_A_704,3,diffdock_l,0.1358982,0.0092442832,14.700782,0,0.011593704,23.147437
15729,350,1662,237,1m3u_KPL_G_265,3,diffdock_l,0.26826262,0.0092214462,29.091164,0,1.1810523e-39,43.046744
15730,350,9054,1293,4l80_OXL_B_402,3,diffdock_l,0.20660547,0.0092025234,22.450956,0,1.6788545e-58,20.892946
15731,350,8305,1186,4h4c_10D_A_402,3,diffdock_l,0.17973211,0.0091604957,19.620346,0,0,27.210211
15732,350,5218,745,2uyv_TLA_A_1275,3,diffdock_l,0.14885611,0.0091405493,16.285246,0,0,28.769786
15733,350,9068,1295,4l80_OXL_D_402,3,diffdock_l,0.20415786,0.0090935032,22.450956,0,3.692913e-72,15.620883
15734,350,10407,1486,4xzh_48I_B_402,5,autodock,0.10504102,0.0089606925,11.722422,0,0,27.76718
15735,350,14999,2142,6dl7_ONC_F_301,5,autodock,0.11193623,0.0089338166,12.529496,0,0,9.7013338
15736,350,10400,1485,4xzh_48I_A_402,5,autodock,0.10435544,0.0088674613,11.768355,0,0,27.439683
15737,350,17782,2540,7kjg_BTM_A_406,2,diffdock,0.15827382,0.0087582797,18.071335,0,0.0086065045,25.943624
15738,350,5724,817,2yi6_6QM_A_1225,5,autodock,0.11355009,0.0086680931,13.099776,0,0,14.123426
15739,350,5232,747,2uyv_TLA_B_1275,3,diffdock_l,0.14104803,0.0086379274,16.328918,0,2.9682182e-43,11.835012
15740,350,14985,2140,6dl7_ONC_C_301,5,autodock,0.11869711,0.0086179791,13.773194,0,0,10.599405
15741,350,1655,236,1m3u_KPL_F_265,3,diffdock_l,0.24812891,0.0085293562,29.091164,0,0,25.032688
15742,350,6506,929,3vc3_C6P_C_501,3,diffdock_l,0.27705668,0.0085170273,32.529739,0,0,27.589204
15743,350,3251,464,1zha_PEP_B_2268,3,diffdock_l,0.14936216,0.0084832235,17.606768,0,0.99443748,22.542063
15744,350,108,15,1amq_PMP_A_413,3,diffdock_l,0.1706937,0.0084468706,20.20792,0,0,24.439569
15745,350,14716,2102,6axu_BTM_A_401,2,diffdock,0.16632661,0.0084454984,19.694113,0,0,24.32467
15746,350,5225,746,2uyv_TLA_A_1277,3,diffdock_l,0.13711093,0.0084347099,16.255558,0,0,28.562183
15747,350,9606,1372,4p8c_2J3_A_504,2,diffdock,0.11439864,0.0083980181,13.622099,0,0,32.776721
15748,350,15620,2231,6i4b_E2N_A_603,3,diffdock_l,0.19854163,0.0083264577,23.844667,0,0,31.990011
15749,350,9677,1382,4q3a_2YC_B_904,3,diffdock_l,0.18853752,0.0082595897,22.826498,0,2.6370664e-26,28.537142
15750,350,15118,2159,6f3s_CKW_A_902,5,autodock,0.22068416,0.0082349452,26.798496,0,0,54.245293
15751,350,11973,1710,5g0v_JDD_B_1271,3,diffdock_l,0.14644278,0.0082169302,17.822077,0,0,20.448248
15752,350,9564,1366,4oxy_1TN_A_302,2,diffdock,0.15842101,0.0081911027,19.340618,0,0,47.106044
15753,350,1640,234,1m3u_KPL_B_265,2,diffdock,0.26813724,0.008174936,32.799919,0,0,48.403381
15754,350,11259,1608,5dav_58J_A_402,3,diffdock_l,0.18922672,0.0081569415,23.198242,0,4.5342715e-06,20.101633
15755,350,15465,2209,6gxk_FFW_B_402,2,diffdock,0.19518144,0.0081076748,24.073662,0,0,33.720663
15756,350,9936,1419,4tsk_TLA_A_404,3,diffdock_l,0.13710239,0.0080210179,17.09289,0,0,37.396657
15757,350,15458,2208,6gxk_FFW_A_402,2,diffdock,0.19469286,0.0080005737,24.33486,0,0,33.156008
15758,350,11721,1674,5faj_DCS_D_401,3,diffdock_l,0.21350157,0.007970776,26.785542,0,0,28.001163
15759,350,9292,1327,4mpr_TPP_A_602,3,diffdock_l,0.20343179,0.0079675009,25.532696,0,0,31.496597
15760,350,24,3,1a49_OXL_F_4133,3,diffdock_l,0.21248256,0.0079509002,26.724339,0,0,28.001163
15761,350,4818,688,2pvy_ACP_D_802,2,diffdock,0.15795379,0.0079181001,19.948444,0,4.5346219e-42,40.519573
15762,350,10804,1543,5a02_GOL_C_1341,3,diffdock_l,0.18557503,0.0078934817,23.509907,0,0,25.464254
15763,350,16033,2290,6lx5_C5F_A_502,3,diffdock_l,0.13588616,0.0078875708,17.227882,0,5.9207466e-66,23.287023
15764,350,7024,1003,3zwt_ORO_A_1398,3,diffdock_l,0.14468866,0.007877905,18.366386,0,4.0425503e-05,10.816253
15765,350,1165,166,1j0n_CEG_A_780,3,diffdock_l,0.13694501,0.0078730949,17.394049,0,0.93726491,31.894529
15766,351,3250,464,1zha_PEP_B_2268,2,diffdock,0.52548106,0.023007933,22.839123,0,1.2730902e-27,32.457327
15767,351,1164,166,1j0n_CEG_A_780,2,diffdock,0.5022401,0.016659655,30.147087,0,0.98699653,30.805539
15768,351,11335,1619,5dmm_HCS_A_505,2,diffdock,0.07858167,0.011294126,6.957746,0,0.0062985831,18.045965
15769,351,8431,1204,4hrq_AZG_A_201,3,diffdock_l,0.15201542,0.010847858,14.013404,0,1.6833281e-28,17.853835
15770,351,10650,1521,4zo7_BGC_A_805,3,diffdock_l,0.18912733,0.010371615,18.235088,0,4.0058138e-48,34.397116
15771,351,2767,395,1uxi_FUM_B_1311,2,diffdock,0.14366268,0.01015069,14.152996,0,0,25.512361
15772,351,5211,744,2uuj_896_B_1250,3,diffdock_l,0.1878721,0.009981865,18.821341,0,0.074427017,23.299731
15773,351,16376,2339,6o1s_7SD_E_803,3,diffdock_l,0.2255627,0.0094582884,23.84815,0,0,16.590381
15774,351,8438,1205,4hrq_AZG_B_201,3,diffdock_l,0.13560257,0.0094364793,14.370037,0,0,16.593658
15775,351,922,131,1h5r_THM_B_1293,5,autodock,0.091290452,0.0094013499,9.7103548,0,0,9.3194426
15776,351,7787,1112,4d0z_BBK_B_1580,3,diffdock_l,0.21716228,0.0092211458,23.550465,0,0,28.001163
15777,351,17720,2531,7bzm_GIM_B_501,3,diffdock_l,0.18069237,0.0091536216,19.739985,0,0,31.238307
15778,351,7794,1113,4d0z_BBK_E_1584,3,diffdock_l,0.2118458,0.0089829041,23.583218,0,0,28.001163
15779,351,7843,1120,4d6z_PK9_A_1600,3,diffdock_l,0.1428041,0.008978743,15.904687,0,9.5649761e-15,26.387544
15780,351,5946,849,2ztl_3HL_D_301,3,diffdock_l,0.14867926,0.0085413679,17.40696,0,2.8117268e-37,32.161696
15781,351,7780,1111,4d0z_BBK_A_1581,3,diffdock_l,0.19805929,0.0084138913,23.539557,0,0,28.001163
15782,351,6232,890,3sjh_LAR_A_503,2,diffdock,0.15350897,0.0083974291,18.28047,0,0,27.043192
15783,351,17482,2497,6wiw_I14_B_601,3,diffdock_l,0.19399376,0.0083880184,23.127481,0,0.33939215,28.222241
15784,351,15739,2248,6jme_ORO_A_402,3,diffdock_l,0.14588468,0.0083423564,17.487225,0,4.535124e-05,18.374902
15785,351,6305,900,3tky_N7I_A_369,5,autodock,0.096508276,0.0083169225,11.603844,0,0,92.882698
15786,351,2760,394,1uxi_FUM_A_1311,2,diffdock,0.11452112,0.008037284,14.248733,0,0,21.58157
15787,351,6792,970,3wlf_FEH_C_401,2,diffdock,0.16272248,0.00802686,20.272243,0,1.4465199e-54,34.27866
15788,351,11875,1696,5fqf_NGA_A_1589,3,diffdock_l,0.17267218,0.0080186565,21.533802,0,0,38.811139
15789,351,16817,2402,6r5o_BGC_B_802,3,diffdock_l,0.13638268,0.008017873,17.00983,0,3.081772e-07,35.443175
15790,351,856,122,1h48_CDI_D_201,2,diffdock,0.21300226,0.0078931175,26.985819,0,0,31.455306
15791,351,16803,2400,6r5o_BGC_A_802,3,diffdock_l,0.1345595,0.0078853745,17.064438,0,5.4842266e-48,26.855592
15792,351,12091,1727,5gwt_SIN_A_302,2,diffdock,0.15573644,0.0078298049,19.890205,0,0,32.028926
15793,351,9453,1350,4nir_6DH_A_308,3,diffdock_l,0.13593128,0.0076892869,17.678007,0,0,24.924564
15794,351,4342,620,2iht_TPP_B_600,2,diffdock,0.28387219,0.0076863652,36.931915,0,0,73.803105
15795,351,13029,1861,5m8d_UGI_B_501,2,diffdock,0.2837829,0.0076839476,36.931915,0,0,47.203142
15796,351,9460,1351,4nir_6DH_B_306,3,diffdock_l,0.13581719,0.0076828327,17.678007,0,0,25.155206
15797,351,10649,1521,4zo7_BGC_A_805,2,diffdock,0.16530211,0.0076660052,21.563004,0,3.0052319e-63,39.636968
15798,351,16718,2388,6qol_JB5_A_301,2,diffdock,0.16053365,0.0076247916,21.054167,0,0,20.505307
15799,351,2410,344,1sff_IK2_C_450,2,diffdock,0.280659,0.0075993623,36.931915,0,7.8253489e-62,60.905021
15800,351,3531,504,2b3f_GAL_D_3313,3,diffdock_l,0.28050802,0.007595274,36.931915,0,0,37.113946
15801,351,3538,505,2b3f_GAL_E_3314,3,diffdock_l,0.28050486,0.0075951886,36.931915,0,0,39.881886
15802,351,3510,501,2b3f_GAL_A_3310,3,diffdock_l,0.28050445,0.0075951775,36.931915,0,0,27.735023
15803,351,17292,2470,6u6c_P1T_B_502,2,diffdock,0.2803283,0.0075904078,36.931915,0,0,56.509119
15804,351,14002,2000,5wcz_NOJ_B_601,2,diffdock,0.15037994,0.007590271,19.812195,0,0,31.815742
15805,351,3524,503,2b3f_GAL_C_3312,3,diffdock_l,0.28021677,0.0075873881,36.931915,0,4.4921138e-51,35.96664
15806,351,17299,2471,6u6c_P1T_D_505,2,diffdock,0.27993016,0.0075796274,36.931915,0,0,58.524549
15807,351,10888,1555,5a8k_TP7_A_558,3,diffdock_l,0.27888641,0.0075513659,36.931915,0,0,28.001163
15808,351,10895,1556,5a8k_TP7_D_554,3,diffdock_l,0.27866392,0.0075453416,36.931915,0,0,28.001163
15809,351,4798,685,2pt6_S4M_B_502,3,diffdock_l,0.27851851,0.0075414043,36.931915,0,0.98047311,38.744189
15810,351,17069,2438,6sxr_KHP_A_513,3,diffdock_l,0.18631365,0.0075369311,24.720093,0,2.3360903e-24,24.042429
15811,351,584,83,1g72_PQQ_C_703,3,diffdock_l,0.27780239,0.0075220142,36.931915,0,0,53.440561
15812,351,4791,684,2pt6_S4M_A_501,3,diffdock_l,0.27779496,0.007521813,36.931915,0,3.2810394e-40,39.267338
15813,351,10685,1526,4zsy_RW2_C_502,3,diffdock_l,0.27778933,0.0075216605,36.931915,0,0,55.949125
15814,351,16375,2339,6o1s_7SD_E_803,2,diffdock,0.19177087,0.0075155144,25.516665,0,0.70014216,25.156293
15815,351,5610,801,2xta_TPP_C_2001,3,diffdock_l,0.27594627,0.0074717563,36.931915,0,0,28.001163
15816,352,4797,685,2pt6_S4M_B_502,2,diffdock,0.57661938,0.015570571,37.032642,0,0,38.855457
15817,352,7766,1109,4d06_X8W_B_301,3,diffdock_l,0.20876648,0.012292457,16.983297,0,3.3014514e-37,61.238362
15818,352,6442,920,3v1m_HPK_A_288,2,diffdock,0.14816289,0.010234308,14.477078,0,0.89553301,22.034637
15819,352,7768,1109,4d06_X8W_B_301,5,autodock,0.12136036,0.009761427,12.432645,0,0,11.487914
15820,352,10062,1437,4upd_7P9_B_1550,3,diffdock_l,0.13214211,0.0093506524,14.131859,0,0.0067801606,45.4231
15821,352,759,108,1h18_PYR_B_1001,3,diffdock_l,0.13735648,0.009179373,14.9636,0,0,29.613574
15822,352,15347,2192,6fs7_E4Z_B_903,3,diffdock_l,0.22043028,0.0091209392,24.167496,0,0,43.471061
15823,352,703,100,1gz5_G6P_A_901,3,diffdock_l,0.1815053,0.0089451523,20.290911,0,3.2465722e-59,43.888137
15824,352,15375,2196,6fs7_E4Z_F_903,3,diffdock_l,0.22052686,0.0087394567,25.233473,0,0,21.042186
15825,352,15353,2193,6fs7_E4Z_C_903,2,diffdock,0.24105679,0.008633864,27.919918,0,0,55.315158
15826,352,7765,1109,4d06_X8W_B_301,2,diffdock,0.18036911,0.0085208428,21.167988,0,0,60.404595
15827,352,15340,2191,6fs7_E4Z_A_903,3,diffdock_l,0.2193196,0.0084629286,25.915329,0,0,52.408867
15828,352,12934,1847,5lik_W8X_X_402,5,autodock,0.094591035,0.0083358074,11.347554,0,0,6.879273
15829,352,905,129,1h5r_THM_A_1292,2,diffdock,0.16287321,0.0083313102,19.54953,0,8.0220713e-56,41.203569
15830,352,12609,1801,5j61_A3G_A_501,2,diffdock,0.25482153,0.0081896197,31.115183,0,0,41.9571
15831,352,13778,1968,5uo5_M4R_A_803,2,diffdock,0.22485542,0.0081686606,27.526594,0,0,51.889698
15832,352,912,130,1h5r_THM_B_1292,2,diffdock,0.15668608,0.0080513462,19.460854,0,6.8062728e-54,39.429384
15833,352,5330,761,2vkg_CF4_A_1064,3,diffdock_l,0.13214625,0.0080051121,16.50773,0,7.1539275e-08,7.7483273
15834,352,14199,2028,5xin_XLS_D_397,3,diffdock_l,0.21740174,0.0079891561,27.212101,0,6.6542149e-45,39.307308
15835,352,14297,2042,5y7r_58K_B_403,3,diffdock_l,0.14783973,0.0079516047,18.592438,0,1.0553909e-05,22.239314
15836,352,15942,2277,6l86_LMR_A_302,3,diffdock_l,0.15815482,0.0079296875,19.944645,0,7.479166e-54,27.608329
15837,352,16124,2303,6mpa_NAG_B_502,3,diffdock_l,0.13337473,0.007927454,16.824408,0,1.0818838e-46,29.471783
15838,352,5666,809,2xyj_WLM_B_1441,3,diffdock_l,0.19389961,0.0078856047,24.589058,0,2.1980913e-58,23.908406
15839,352,13772,1967,5uo3_8EY_B_804,3,diffdock_l,0.20635875,0.0078429539,26.311354,0,1.2507735e-12,24.046911
15840,352,14185,2026,5xin_XLS_B_397,3,diffdock_l,0.2115633,0.0078203252,27.053003,0,2.0254022e-62,35.574953
15841,352,6520,931,3vc3_C6P_E_501,3,diffdock_l,0.24177881,0.0077941157,31.020683,0,0,47.241601
15842,352,5169,738,2ri1_GLP_A_234,3,diffdock_l,0.15926984,0.0077301092,20.603827,0,0.93365872,22.835232
15843,352,17587,2512,6yaw_P9H_B_502,3,diffdock_l,0.19273796,0.007715546,24.980467,0,9.1939865e-29,33.169981
15844,353,5168,738,2ri1_GLP_A_234,2,diffdock,0.50127228,0.015447537,32.449982,0,0,21.930614
15845,353,3300,471,1zmt_RNO_D_1004,3,diffdock_l,0.1457605,0.011868323,12.281472,0,2.4040219e-39,34.633244
15846,353,3279,468,1zmt_RNO_A_1002,3,diffdock_l,0.14541079,0.011839849,12.281472,0,1.9165046e-22,33.163829
15847,353,3285,469,1zmt_RNO_B_1001,2,diffdock,0.15701624,0.01168229,13.440535,0,4.4288264e-30,36.338523
15848,353,3293,470,1zmt_RNO_C_1003,3,diffdock_l,0.13043596,0.010604612,12.299927,0,4.3118827e-37,31.423922
15849,353,1312,187,1jyw_147_A_2001,3,diffdock_l,0.21569827,0.0094860455,22.73848,0,0,28.001163
15850,353,7450,1064,4c7g_NGO_A_1495,2,diffdock,0.15293073,0.0090947429,16.815287,0,0,23.364426
15851,353,744,106,1h18_DTL_B_9009,2,diffdock,0.16157806,0.0090107845,17.931629,0,0,36.214218
15852,353,737,105,1h18_DTL_A_9009,2,diffdock,0.16784329,0.0090024699,18.644136,0,0,31.426495
15853,353,15640,2234,6ijn_6MZ_A_401,2,diffdock,0.22141614,0.0089705693,24.682505,0,0,30.697467
15854,353,17615,2516,6zi7_QR8_A_502,3,diffdock_l,0.18270956,0.0088242075,20.70549,0,1.5078243e-109,11.481862
15855,353,1314,187,1jyw_147_A_2001,5,autodock,0.1468438,0.0088150329,16.658337,0,0,293.3372
15856,353,17643,2520,6zi7_QR8_F_503,3,diffdock_l,0.18203083,0.0087851792,20.720217,0,1.010153e-206,20.68067
15857,353,5990,855,2zuw_NDG_D_4004,5,autodock,0.12044959,0.0087436611,13.775646,0,6.0618556e-06,14.374136
15858,353,5960,851,2zut_A2G_B_4002,3,diffdock_l,0.20895003,0.0086296878,24.212929,0,0,28.001163
15859,353,11392,1627,5dr9_SKE_A_401,3,diffdock_l,0.13043299,0.0086102718,15.148532,0,0,29.327805
15860,353,17629,2518,6zi7_QR8_C_502,3,diffdock_l,0.17745776,0.00853409,20.793985,0,0.0002184735,44.977246
15861,353,5988,855,2zuw_NDG_D_4004,3,diffdock_l,0.20719706,0.0084483259,24.525219,0,0,28.001163
15862,353,14824,2117,6btn_E8M_A_304,5,autodock,0.080439556,0.0084259804,9.5466099,0,0,9.9663473
15863,353,5497,785,2wj4_HQD_D_1278,2,diffdock,0.21635699,0.0083762798,25.829721,0,2.0495052e-123,23.018289
15864,353,5981,854,2zuw_NDG_C_4003,3,diffdock_l,0.1960729,0.0083174293,23.573736,0,0,28.001163
15865,353,13246,1892,5ocm_9RH_A_302,2,diffdock,0.10114816,0.0082949517,12.193941,0,7.1802816e-37,42.762303
15866,353,5974,853,2zuw_NDG_B_4002,3,diffdock_l,0.19911822,0.0082765144,24.05822,0,0,28.001163
15867,353,11273,1610,5ddu_PMP_B_601,3,diffdock_l,0.22523199,0.0082680348,27.241295,0,4.141111e-85,49.147759
15868,353,15711,2244,6jk9_BU0_B_501,3,diffdock_l,0.2202238,0.0082639767,26.648645,0,3.0261418e-08,48.544045
15869,353,13253,1893,5ocm_9RH_B_302,2,diffdock,0.10214413,0.0082248645,12.418942,0,0,38.146749
15870,353,4776,682,2prl_ORO_A_399,2,diffdock,0.12606782,0.0080750622,15.611993,0,2.1031188e-05,19.325625
15871,353,5379,768,2vsu_V55_D_1251,3,diffdock_l,0.17049168,0.008058726,21.156157,0,5.1762067e-51,20.937818
15872,353,5344,763,2vmp_PLP_A_501,3,diffdock_l,0.2000138,0.0080412731,24.873398,0,0,28.631519
15873,353,16950,2421,6rq3_OUC_A_401,3,diffdock_l,0.14649284,0.0080191161,18.267952,0,8.2804213e-19,19.86139
15874,353,10848,1549,5a7p_6Z1_A_1361,5,autodock,0.11568023,0.0080181077,14.427372,0,0,14.291982
15875,353,65,9,1aia_PMP_A_411,2,diffdock,0.23092945,0.0080101232,28.829699,0,0,33.968404
15876,353,11959,1708,5g09_6DF_C_1475,3,diffdock_l,0.25086519,0.0079958957,31.374243,0,0,65.114892
15877,353,16621,2374,6q4r_MLT_A_1041,3,diffdock_l,0.13155157,0.0079558279,16.535244,0,4.9805259e-34,28.853583
15878,353,10587,1512,4zbc_GLC_A_407,3,diffdock_l,0.15063062,0.0079160575,19.028488,0,1.7261881e-53,30.683605
15879,353,15006,2143,6dl7_ONC_G_301,5,autodock,0.098221433,0.0078934227,12.443452,0,0,10.470427
15880,353,6548,935,3vnj_PSJ_A_301,3,diffdock_l,0.13090341,0.0078218092,16.735693,0,0,30.731314
15881,353,5491,784,2wj4_HQD_C_1277,3,diffdock_l,0.22329065,0.0078113374,28.585455,0,4.4744726e-51,22.744283
15882,353,1207,172,1j3i_WRA_A_609,3,diffdock_l,0.17270535,0.0078082012,22.118454,0,8.9582802e-58,33.746052
15883,353,8230,1175,4gcq_0JM_B_401,5,autodock,0.097022884,0.0077852271,12.462434,0,1.3999968e-07,15.66968
15884,353,1332,190,1jyx_IPT_C_2001,2,diffdock,0.2132145,0.0077841577,27.390823,0,0,30.149476
15885,353,15214,2173,6fa1_D2Z_A_203,3,diffdock_l,0.14079281,0.0077663189,18.128639,0,8.4828443e-76,51.458826
15886,353,3972,567,2f64_12Q_A_472,3,diffdock_l,0.13610822,0.0077527,17.556232,0,5.5008795e-29,42.41542
15887,353,8228,1175,4gcq_0JM_B_401,3,diffdock_l,0.14557427,0.0077152142,18.868465,0,1.9715705e-66,34.062768
15888,353,15690,2241,6jc7_F0G_D_601,3,diffdock_l,0.20302546,0.007699318,26.369276,0,0,35.972171
15889,353,3299,471,1zmt_RNO_D_1004,2,diffdock,0.10295774,0.0076863682,13.394848,0,0,33.763842
15890,353,3278,468,1zmt_RNO_A_1002,2,diffdock,0.10276872,0.0076722566,13.394848,0,1.3651707e-27,34.249407
15891,353,16425,2346,6ofr_BOG_A_805,3,diffdock_l,0.13160228,0.0076598241,17.180847,0,5.5625145e-53,28.458249
15892,353,11266,1609,5ddu_PMP_A_601,3,diffdock_l,0.20864368,0.0076590951,27.241295,0,1.151231e-61,51.295215
15893,353,5952,850,2zut_A2G_A_4001,2,diffdock,0.21101695,0.0076049217,27.747417,0,0,30.149476
15894,354,640,91,1gey_PPE_A_413,3,diffdock_l,0.15800436,0.0096540252,16.36668,0,0,29.092622
15895,354,15279,2182,6flu_DTK_A_404,5,autodock,0.12186205,0.0096450408,12.634684,0,0.013442029,24.638553
15896,354,5722,817,2yi6_6QM_A_1225,3,diffdock_l,0.20001048,0.0096012306,20.831753,0,0.96867639,20.258194
15897,354,11184,1597,5cjn_52F_A_809,5,autodock,0.099046811,0.0095520919,10.369122,0,0,17.28675
15898,354,2957,422,1x29_PMG_B_1413,3,diffdock_l,0.25340801,0.0094399048,26.844337,0,0,45.568846
15899,354,192,27,1c9c_PP3_A_413,3,diffdock_l,0.17034414,0.0086326613,19.732515,0,0,28.024235
15900,354,7058,1008,4a01_2PN_B_1773,2,diffdock,0.15985834,0.0086030917,18.581497,0,0,41.820684
15901,354,17,2,1a49_OXL_D_2333,3,diffdock_l,0.20449184,0.0083081317,24.613455,0,0,28.001163
15902,354,5864,837,2z6j_TUI_B_502,5,autodock,0.097344435,0.0082257463,11.834115,0,4.2078876e-13,14.472378
15903,354,10,1,1a49_OXL_A_533,3,diffdock_l,0.20181255,0.0081895931,24.642559,0,0,28.001163
15904,354,5857,836,2z6j_TUI_A_501,5,autodock,0.095438607,0.008112312,11.764661,0,1.4391312e-13,16.813741
15905,354,5036,719,2qs2_UBF_A_603,3,diffdock_l,0.17350261,0.0079728771,21.761604,0,2.4054746e-62,25.4876
15906,354,247,35,1cq1_BGC_B_455,2,diffdock,0.11374668,0.0079480599,14.31125,0,0.0040890646,29.648781
15907,354,513,73,1fsa_F6P_A_338,2,diffdock,0.15701989,0.0078697643,19.952297,0,0,30.023108
15908,354,12969,1852,5lwy_OLB_A_409,5,autodock,0.089266916,0.0077800955,11.473755,0,0,16.180767
15909,354,7030,1004,3zyx_MBT_A_601,2,diffdock,0.1603385,0.0077714488,20.631737,0,0,38.757473
15910,354,1669,238,1m3u_KPL_I_265,3,diffdock_l,0.21337949,0.0077557,27.5126,0,0,46.416637
15911,354,479,68,1fp2_HMO_A_2000,3,diffdock_l,0.14292239,0.0077487328,18.444613,0,9.9536406e-08,32.976924
15912,354,16770,2395,6qqs_JCZ_B_301,5,autodock,0.089532864,0.0077042033,11.6213,0,0,14.713795
15913,354,5316,759,2vjb_CCD_B_1539,3,diffdock_l,0.13800698,0.0077018529,17.918671,0,0,27.747667
15914,354,8676,1239,4i9n_1E5_H_402,3,diffdock_l,0.19977933,0.0075743256,26.375854,0,0,51.79787
15915,354,12211,1744,5hfa_FP1_A_607,3,diffdock_l,0.1447681,0.0075121179,19.271275,0,0.9973403,25.786624
15916,354,12225,1746,5hfa_FP1_B_609,3,diffdock_l,0.1447572,0.0075115524,19.271275,0,0.0038769811,26.584426
15917,354,1129,161,1iwe_IMP_B_1443,2,diffdock,0.15910952,0.0074706653,21.297903,0,0,46.192637
15918,354,3223,460,1zei_CRS_F_55,3,diffdock_l,0.10029642,0.0074531868,13.45685,0,2.4990866e-05,35.994625
15919,354,14569,2081,5zgr_ZZ7_B_303,2,diffdock,0.15822371,0.0072937748,21.692978,0,3.2819452e-05,27.025449
15920,354,7313,1044,4bbx_LKF_B_1760,5,autodock,0.09001928,0.0072896176,12.34897,0,0,9.2944702
15921,354,17306,2472,6u6c_P1T_H_504,2,diffdock,0.27152686,0.0072815527,37.289692,0,0,55.177752
15922,354,5463,780,2wdq_TEO_A_1589,3,diffdock_l,0.18961445,0.0072624747,26.108791,0,0,28.001163
15923,354,12442,1777,5ijz_AKG_D_502,3,diffdock_l,0.26993304,0.0072388113,37.289692,0,0,28.001163
15924,354,11839,1691,5fli_QUE_G_301,2,diffdock,0.26944703,0.0072257779,37.289692,0,0,58.313246
15925,354,4853,693,2q28_TPP_B_5001,2,diffdock,0.18375215,0.0072192326,25.45314,0,0,52.514364
15926,354,15724,2246,6jmd_ORO_A_402,2,diffdock,0.12511244,0.0072087763,17.35557,0,1.6418005e-05,20.292595
15927,354,14948,2135,6cut_FEJ_B_401,3,diffdock_l,0.26843657,0.0071986802,37.289692,0,1.0675741e-65,53.922833
15928,354,14941,2134,6cut_FEJ_A_401,3,diffdock_l,0.268219,0.0071928456,37.289692,0,0.99701421,55.656922
15929,354,2074,296,1p7l_PPK_C_684,2,diffdock,0.15990808,0.0071638496,22.321527,0,0,45.417032
15930,354,11798,1685,5fkl_TDC_A_222,3,diffdock_l,0.14248369,0.0071443824,19.943457,0,0.93542791,18.947752
15931,354,1661,237,1m3u_KPL_G_265,2,diffdock,0.22804019,0.0071285363,31.989761,0,0,46.195675
15932,354,4448,635,2j5b_TYE_A_1336,3,diffdock_l,0.13766837,0.0071179545,19.341,0,0,22.868241
15933,354,8521,1217,4i0b_CMP_A_301,2,diffdock,0.20807342,0.0071143073,29.247177,0,0,28.183251
15934,354,11784,1683,5fiu_Y3J_B_1299,3,diffdock_l,0.26504602,0.0071077556,37.289692,0,0,37.408917
15935,354,2082,297,1p7l_PPK_D_884,3,diffdock_l,0.14092023,0.0070637553,19.949759,0,0,40.134182
15936,354,5721,817,2yi6_6QM_A_1225,2,diffdock,0.17191965,0.0069747254,24.648947,0,0,19.797667
15937,354,5603,800,2xta_TPP_B_2001,3,diffdock_l,0.25094569,0.0069588588,36.061329,0,0,28.001163
15938,354,10561,1508,4zb5_GLC_A_403,5,autodock,0.11161025,0.0069452094,16.070105,0,0.07168745,25.613932
15939,354,11800,1685,5fkl_TDC_A_222,5,autodock,0.091762311,0.0069382626,13.225545,0,0,73.603818
15940,354,6526,932,3vc3_C6P_F_501,2,diffdock,0.25705578,0.0068934808,37.289692,0,0,55.764206
15941,354,14271,2038,5xvv_AKG_B_506,5,autodock,0.063467744,0.0068932901,9.2071762,0,0.01308056,6.1944527
15942,354,16404,2343,6ofr_BOG_A_802,3,diffdock_l,0.14484129,0.0068920917,21.015575,0,2.3916464e-41,31.235402
15943,354,7052,1007,4a01_2PN_A_1773,3,diffdock_l,0.12888809,0.0068898206,18.707029,0,0,35.918089
15944,355,12210,1744,5hfa_FP1_A_607,2,diffdock,0.51974663,0.016385304,31.720291,0,0,25.428133
15945,355,11797,1685,5fkl_TDC_A_222,2,diffdock,0.48727454,0.015481577,31.474476,0,0,22.006189
15946,355,14940,2134,6cut_FEJ_A_401,2,diffdock,0.57883968,0.015467551,37.42284,0,0,55.45647
15947,355,9187,1312,4m2c_DAR_D_402,3,diffdock_l,0.16801564,0.010546644,15.930719,0,0,31.691023
15948,355,9987,1426,4uc9_ASP_B_1300,5,autodock,0.047963619,0.0096811384,4.9543357,0,2.5633483e-10,9.6837817
15949,355,5374,767,2vss_V55_D_1250,5,autodock,0.11139951,0.0095035116,11.721931,0,5.8421619e-07,91.302044
15950,355,12120,1731,5gzz_GSH_D_301,3,diffdock_l,0.19526077,0.0086318641,22.620926,0,0,37.844578
15951,355,12059,1722,5goo_FRU_A_501,5,autodock,0.099829877,0.008315412,12.005403,0,3.8913104e-06,44.299788
15952,355,17740,2534,7cwd_GAL_A_902,2,diffdock,0.13284224,0.0083016164,16.00197,0,0,29.064411
15953,355,12127,1732,5gzz_GSH_E_301,3,diffdock_l,0.19023417,0.0082755083,22.98761,0,0,34.791039
15954,355,12171,1738,5h8q_GLU_A_302,5,autodock,0.04875053,0.0081636029,5.9716921,0,4.3748714e-07,33.9968
15955,355,12113,1730,5gzz_GSH_C_301,3,diffdock_l,0.19410222,0.0081277334,23.881468,0,2.7308146e-80,23.423079
15956,355,12164,1737,5h8f_GLU_A_302,5,autodock,0.048750378,0.0080955648,6.0218616,0,3.0965378e-07,37.435213
15957,355,2823,403,1vkf_CIT_D_503,2,diffdock,0.12422234,0.0080594991,15.413157,0,0.81667788,24.33647
15958,355,9945,1420,4tyv_BGC_B_701,5,autodock,0.096893471,0.0079519665,12.184843,0,0.0044681215,29.829646
15959,355,1872,267,1nsm_GAL_A_1400,3,diffdock_l,0.12863142,0.0078036267,16.483541,0,5.7679615e-58,23.68983
15960,355,3407,486,2a5t_GLU_B_2002,5,autodock,0.04796322,0.0077648405,6.1769733,0,2.0607556e-07,44.096675
15961,355,9980,1425,4uc9_ASP_A_1300,5,autodock,0.04875029,0.0077120899,6.3212805,0,5.5556609e-08,12.207932
15962,355,16698,2385,6qde_HWW_A_503,3,diffdock_l,0.14223998,0.0077082528,18.452946,0,0,35.561937
15963,355,17481,2497,6wiw_I14_B_601,2,diffdock,0.2340475,0.0076672923,30.525442,0,9.5130514e-65,32.169289
15964,355,80,11,1aiq_CB3_A_266,3,diffdock_l,0.23394385,0.0076513751,30.575397,0,0,28.001163
15965,355,423,60,1euu_GAL_A_2,3,diffdock_l,0.077533925,0.0076494176,10.135924,0,4.0899081e-27,21.961846
15966,355,6821,974,3wsg_CIT_C_302,3,diffdock_l,0.18331476,0.0076491398,23.965406,0,4.6575975e-52,30.851853
15967,355,11926,1703,5fwe_OGA_B_1359,5,autodock,0.048290521,0.0076179012,6.3390837,0,0.00051661914,20.911304
15968,355,6813,973,3wsg_CIT_B_302,2,diffdock,0.19044899,0.0075732972,25.147432,0,0,35.167937
15969,355,8466,1209,4hzf_CMP_B_301,3,diffdock_l,0.18265025,0.0075426952,24.215513,0,0,26.437344
15970,355,870,124,1h48_GPP_C_904,2,diffdock,0.16248792,0.0074836966,21.712252,0,0,38.044796
15971,355,14829,2118,6btq_E8S_A_305,3,diffdock_l,0.14439513,0.0074221413,19.454643,0,6.4072764e-07,35.654923
15972,355,9602,1371,4p7q_NAG_A_706,5,autodock,0.08875124,0.0074088951,11.979011,0,0.062692508,11.192964
15973,355,15472,2210,6h8p_OGA_A_504,2,diffdock,0.12894768,0.0073977408,17.430681,0,0,30.149476
15974,355,16691,2384,6qde_HWW_A_502,3,diffdock_l,0.14353822,0.0073356919,19.567099,0,0,30.101268
15975,355,8494,1213,4i02_CMP_B_302,3,diffdock_l,0.1869438,0.0072837675,25.66581,0,0.98775003,31.244253
15976,355,1696,242,1mmx_FUC_A_348,2,diffdock,0.1438511,0.0072661447,19.797443,0,0,24.32406
15977,355,16187,2312,6n0z_DP6_F_401,3,diffdock_l,0.18016171,0.0072589046,24.819405,0,0,34.502575
15978,355,8514,1216,4i02_CMP_F_301,2,diffdock,0.20595468,0.0072242729,28.508705,0,0,37.55389
15979,355,13421,1917,5tch_MLI_B_501,2,diffdock,0.18149793,0.007169661,25.314714,0,0,30.149476
15980,355,9186,1312,4m2c_DAR_D_402,2,diffdock,0.14402121,0.0071002519,20.283957,0,0,36.139202
15981,355,23,3,1a49_OXL_F_4133,2,diffdock,0.16740244,0.0070482424,23.750946,0,0,30.149476
15982,355,13998,1999,5wct_GY4_A_303,5,autodock,0.047964104,0.0070468103,6.8064976,0,0,15.82964
15983,355,878,125,1h48_GPP_E_904,3,diffdock_l,0.14359257,0.0070413318,20.392813,0,1.0149778e-21,30.053355
15984,355,9222,1317,4mig_G3F_A_802,3,diffdock_l,0.20178031,0.007023324,28.730028,0,0,47.061736
15985,355,13428,1918,5tch_MLI_D_501,2,diffdock,0.18843015,0.007020133,26.841391,0,0,30.149476
15986,355,17656,2522,6zjw_GAL_A_1101,2,diffdock,0.16222899,0.0069866515,23.219847,0,1.0647226e-32,28.771458
15987,355,7108,1015,4a8p_PAO_D_1340,3,diffdock_l,0.2047742,0.0069477198,29.473581,0,0,56.733438
15988,355,17337,2476,6uqd_QF4_B_501,5,autodock,0.09037161,0.0069328846,13.03521,0,0,16.100676
15989,355,1137,162,1iwe_IMP_B_1452,3,diffdock_l,0.127641,0.0069307665,18.416576,0,7.9567934e-21,43.601061
15990,355,3776,539,2cxp_A5P_B_2601,3,diffdock_l,0.21131085,0.0069212038,30.530937,0,4.9099041e-49,37.005263
15991,355,16754,2393,6qot_6SD_B_301,3,diffdock_l,0.18272771,0.00691365,26.429989,0,0.8349184,23.600318
15992,355,12637,1805,5j61_A3G_F_501,2,diffdock,0.20791841,0.0068686336,30.270708,0,0,40.1604
15993,355,5918,845,2zm9_ACA_A_501,3,diffdock_l,0.14512033,0.0068420218,21.210152,0,0.99723299,23.005428
15994,356,8493,1213,4i02_CMP_B_302,2,diffdock,0.54441856,0.020223065,26.920673,0,0,33.887676
15995,356,5917,845,2zm9_ACA_A_501,2,diffdock,0.51111753,0.019810846,25.799883,0,0.97884882,25.441278
15996,356,16753,2393,6qot_6SD_B_301,2,diffdock,0.45206259,0.017390426,25.994909,0,0,22.999397
15997,356,7845,1120,4d6z_PK9_A_1600,5,autodock,0.070475492,0.014617467,4.8213196,0,4.5253488e-07,7.8590665
15998,356,3960,565,2exs_TRP_B_2100,5,autodock,0.046657577,0.0095068013,4.9078093,0,0,908.07917
15999,356,3855,550,2e56_MYR_A_501,5,autodock,0.049902346,0.0087355966,5.7125278,0,2.3033429e-08,7.8684913
16000,356,5456,779,2wdq_CBE_K_1130,3,diffdock_l,0.20575709,0.008411778,24.460592,0,0,28.001163
16001,356,5449,778,2wdq_CBE_G_1130,3,diffdock_l,0.20563122,0.0084066321,24.460592,0,0,28.001163
16002,356,5442,777,2wdq_CBE_C_1130,3,diffdock_l,0.20522447,0.0082928789,24.74707,0,0,28.001163
16003,356,6949,992,3wzo_ZOE_D_201,5,autodock,0.099099545,0.0080650983,12.287456,0,0,12.291756
16004,356,9299,1328,4mr7_2BV_A_501,3,diffdock_l,0.12896654,0.0079776281,16.166023,0,6.9711363e-41,40.196802
16005,356,6296,899,3te7_TE7_B_1,3,diffdock_l,0.14632172,0.0079603941,18.381214,0,0.62411251,41.840681
16006,356,7674,1096,4cmk_FQW_D_1270,2,diffdock,0.18422159,0.0077537147,23.759138,0,0,50.948473
16007,356,12134,1733,5gzz_JAA_A_601,3,diffdock_l,0.14203468,0.007713618,18.413494,0,0,12.780796
16008,356,1055,150,1ij8_BNI_A_501,5,autodock,0.074617036,0.0076666527,9.7326736,0,0,7.2924685
16009,356,7569,1081,4cle_JR2_A_1270,2,diffdock,0.15540676,0.007663584,20.278599,0,7.8034841e-52,37.879905
16010,356,14674,2096,6acn_TRC_A_899,2,diffdock,0.13702061,0.0076187299,17.984703,0,0,30.149476
16011,356,12078,1725,5gri_CIT_B_401,3,diffdock_l,0.13608354,0.0074328551,18.308378,0,0.0062017723,34.469357
16012,356,16208,2315,6nba_P1T_A_501,3,diffdock_l,0.21180073,0.0074067203,28.595749,0,0,32.858769
16013,356,12694,1813,5jfx_6K4_A_4000,3,diffdock_l,0.19110986,0.0073302954,26.071234,0,0.98536085,45.156157
16014,356,3012,430,1xin_XYL_B_397,2,diffdock,0.196734,0.0071935211,27.348774,0,0,38.536279
16015,356,7667,1095,4cmk_FQW_C_1270,2,diffdock,0.17071695,0.007070591,24.14465,0,6.8873917e-39,50.680161
16016,356,15928,2275,6l59_CIT_B_403,3,diffdock_l,0.14134988,0.0070365838,20.087854,0,0.00076734869,28.474899
16017,356,14122,2017,5x5d_UMP_D_401,3,diffdock_l,0.16655049,0.0069876341,23.835032,0,5.1703737e-75,19.682746
16018,356,4140,591,2fz8_ZST_A_600,3,diffdock_l,0.18305968,0.0069629004,26.29072,0,1.6367881e-08,21.523249
16019,356,2028,289,1oxp_IK2_A_411,5,autodock,0.10182725,0.006946837,14.658072,0,6.0301969e-07,11.528931
16020,356,7604,1086,4clr_FDB_A_1270,2,diffdock,0.14295327,0.0069314905,20.623739,0,0,30.149476
16021,356,5455,779,2wdq_CBE_K_1130,2,diffdock,0.17466565,0.0069296553,25.20553,0,0,30.149476
16022,357,6295,899,3te7_TE7_B_1,2,diffdock,0.31839733,0.020450619,15.569079,0,0,33.295746
16023,357,12693,1813,5jfx_6K4_A_4000,2,diffdock,0.56822383,0.019218703,29.566189,0,0.99084939,31.155109
16024,357,16956,2422,6s23_KSW_A_403,2,diffdock,0.061903594,0.010502527,5.8941607,0,0,20.591628
16025,357,12456,1779,5in3_G1P_B_418,3,diffdock_l,0.12655541,0.0095300766,13.279578,0,8.3421753e-36,19.58771
16026,357,14927,2132,6cqu_HI6_A_601,3,diffdock_l,0.14666511,0.0087936395,16.678543,0,3.5527029e-56,37.723007
16027,357,6730,961,3wca_FPS_C_401,3,diffdock_l,0.19263707,0.0084658161,22.754694,0,4.7072806e-72,45.389265
16028,357,17393,2484,6vmz_NAG_A_402,5,autodock,0.048052194,0.0082379207,5.8330479,0,1.4349269e-11,6.1995271
16029,357,17407,2486,6vmz_NAG_E_402,5,autodock,0.045357531,0.0080778308,5.6150622,0,3.5278152e-10,6.053947
16030,357,17400,2485,6vmz_NAG_C_402,5,autodock,0.045344242,0.0080754643,5.6150622,0,1.0166685e-10,4.5702764
16031,357,8983,1283,4kux_FPS_A_704,2,diffdock,0.1902164,0.0079323813,23.979733,0,0,41.389992
16032,357,14934,2133,6cqu_HI6_B_601,3,diffdock_l,0.13314372,0.0077251393,17.235121,0,0,39.351169
16033,357,17510,2501,6xim_XLS_A_397,3,diffdock_l,0.20977426,0.0076770653,27.324797,0,4.3267358e-19,35.747445
16034,357,11406,1629,5dw3_TRP_A_402,3,diffdock_l,0.18078064,0.0075947159,23.803474,0,0,28.001163
16035,357,12533,1790,5ivg_FPS_C_704,3,diffdock_l,0.17564099,0.0075691252,23.204924,0,2.3235941e-05,45.280126
16036,357,14395,2056,5ybl_AKG_A_302,3,diffdock_l,0.14518702,0.0074768095,19.41831,0,0,52.595957
16037,357,4833,690,2pye_7PE_A_504,3,diffdock_l,0.14188741,0.0073929458,19.192268,0,4.1635969e-29,32.06016
16038,357,11420,1631,5dw3_TRP_D_402,3,diffdock_l,0.17402223,0.007355664,23.65826,0,0,28.001163
16039,357,6254,893,3sru_Q26_X_169,3,diffdock_l,0.18234856,0.0073492774,24.811766,0,0.93991111,18.716263
16040,357,14509,2072,5ysh_5AD_J_605,5,autodock,0.068734866,0.0072897774,9.4289379,0,0,5.0160271
16041,357,7437,1062,4c2z_646_B_1498,3,diffdock_l,0.15092719,0.0072187451,20.907675,0,2.4748905e-05,40.120253
16042,357,5421,774,2w7k_PLP_A_501,3,diffdock_l,0.18167317,0.0071584993,25.378666,0,0,29.035784
16043,357,8991,1284,4kux_FPS_B_405,3,diffdock_l,0.16765964,0.0071279477,23.521444,0,9.4190162e-60,27.350262
16044,357,14213,2030,5xmq_PLG_A_501,3,diffdock_l,0.21042732,0.0070950484,29.658333,0,0,42.238659
16045,357,4588,655,2nu7_COA_B_1325,3,diffdock_l,0.14532023,0.007054506,20.59963,0,0,43.417023
16046,357,6729,961,3wca_FPS_C_401,2,diffdock,0.16315095,0.0070328042,23.198561,0,0,47.426525
16047,357,10741,1534,4zvv_GN0_A_405,3,diffdock_l,0.214987,0.0069636159,30.872896,0,1.1599832e-45,56.399615
16048,357,4595,656,2nu7_COA_E_1025,3,diffdock_l,0.15388525,0.006926591,22.216591,0,0,42.137293
16049,357,9005,1286,4kux_FPS_D_704,3,diffdock_l,0.16175574,0.0069252808,23.357281,0,0,36.874257
16050,357,13492,1927,5tdt_MBN_A_503,3,diffdock_l,0.19725841,0.006923111,28.492739,0,2.1193573e-72,32.76948
16051,357,15696,2242,6jea_NAG_A_501,2,diffdock,0.15789434,0.006907664,22.857847,0,0,22.905471
16052,357,14262,2037,5xvv_AKG_A_508,3,diffdock_l,0.15185752,0.0069023038,22.000988,0,2.0363073e-49,37.367793
16053,357,3335,476,1zpd_CIT_E_610,3,diffdock_l,0.20766528,0.006853722,30.299633,0,1.1204777e-43,50.917964
16054,357,8711,1244,4i9n_1E6_F_401,3,diffdock_l,0.25617597,0.0068186312,37.57,0,6.5819411e-107,55.201178
16055,357,10755,1536,4zvv_GN0_C_403,3,diffdock_l,0.21215178,0.0067355241,31.49744,0,3.7963848e-07,52.060005
16056,357,16838,2405,6r73_LMP_B_301,3,diffdock_l,0.15397434,0.0067034041,22.969572,0,0,15.357932
16057,357,17313,2473,6u6c_PZV_F_802,2,diffdock,0.25174116,0.0067005899,37.57,0,0,60.830159
16058,357,4189,598,2g9z_VNP_A_602,3,diffdock_l,0.18061615,0.0066939712,26.981911,0,0,39.184057
16059,357,4905,700,2qca_DGP_A_200,5,autodock,0.045073788,0.0066921973,6.7352738,0,0,8.6202585
16060,357,3006,429,1xin_XYL_A_397,3,diffdock_l,0.18395365,0.0066889887,27.500963,0,0,35.48833
16061,357,9698,1385,4q40_VAL_B_403,3,diffdock_l,0.12895835,0.0066859829,19.287865,0,0,39.002119
16062,357,9691,1384,4q40_VAL_A_403,3,diffdock_l,0.12895581,0.0066858517,19.287865,0,0,13.429641
16063,357,9705,1386,4q40_VAL_C_404,3,diffdock_l,0.12895577,0.0066858494,19.287865,0,0,28.725447
16064,357,11924,1703,5fwe_OGA_B_1359,3,diffdock_l,0.12896261,0.0066817492,19.300724,0,0,28.001163
16065,357,4245,606,2gyv_HBP_B_545,3,diffdock_l,0.16015915,0.0066816868,23.969866,0,0.00041714521,40.76005
16066,357,7493,1070,4cjs_L0Y_A_1217,3,diffdock_l,0.14691973,0.0065719658,22.35552,0,9.8515247e-39,24.81069
16067,357,9623,1374,4pb4_PLP_A_401,5,autodock,0.091955366,0.0065608229,14.015827,0,0,24.300604
16068,357,11077,1582,5c4i_TPP_C_402,3,diffdock_l,0.24624767,0.0065543698,37.57,0,4.0592264e-33,81.511285
16069,357,13849,1978,5vrj_R07_A_204,3,diffdock_l,0.17026522,0.0065507777,25.991602,0,0.17169578,21.802741
16070,357,2322,331,1rnd_DGP_A_126,5,autodock,0.046178836,0.0065442303,7.0564189,0,0,8.8820457
16071,357,13491,1927,5tdt_MBN_A_503,2,diffdock,0.16727456,0.006506217,25.709955,0,0,38.409038
16072,358,6253,893,3sru_Q26_X_169,2,diffdock,0.50338167,0.01817177,27.7013,0,0,17.182429
16073,358,16371,2338,6o04_DNA_C_603,5,autodock,0.096298252,0.0083356973,11.552512,0,0.00020100781,57.059261
16074,358,16364,2337,6o04_DNA_B_601,5,autodock,0.096599241,0.0082366916,11.727917,0,0.0003997795,111.7855
16075,358,14983,2140,6dl7_ONC_C_301,3,diffdock_l,0.20326673,0.0080595176,25.220705,0,1.7328553e-61,48.787443
16076,358,15605,2229,6hsg_GM5_B_504,2,diffdock,0.20159576,0.0080342072,25.092176,0,0,53.887274
16077,358,1004,143,1hot_16G_B_271,3,diffdock_l,0.1517523,0.0079138124,19.175623,0,3.2593825e-60,17.514822
16078,358,16369,2338,6o04_DNA_C_603,3,diffdock_l,0.14410124,0.0076259515,18.896164,0,2.9821957e-55,35.675491
16079,358,500,71,1fs5_16G_A_1267,3,diffdock_l,0.15002458,0.0076035347,19.730898,0,2.2020843e-65,18.109405
16080,358,16362,2337,6o04_DNA_B_601,3,diffdock_l,0.14419074,0.0075896731,18.99828,0,0,50.305899
16081,358,14997,2142,6dl7_ONC_F_301,3,diffdock_l,0.19716624,0.0075641733,26.0658,0,1.7282058e-33,33.163836
16082,358,10617,1516,4zhd_4OZ_C_202,5,autodock,0.062400241,0.0074267236,8.4021215,0,0,12.148757
16083,358,12696,1813,5jfx_6K4_A_4000,5,autodock,0.20299812,0.0072916385,27.839848,0,0,23.416922
16084,358,318,45,1dpm_EBP_A_900,3,diffdock_l,0.16054848,0.0072265406,22.216503,0,0,19.78788
16085,358,14628,2089,6a2m_9QR_B_701,5,autodock,0.11028347,0.007224545,15.265108,0,4.2103664e-10,14.028494
16086,358,14990,2141,6dl7_ONC_D_301,3,diffdock_l,0.1821259,0.0072134422,25.248125,0,3.1790767e-77,36.441719
16087,358,7894,1127,4dd8_BAT_B_1000,5,autodock,0.098044706,0.0072059526,13.606071,0,0,19.317415
16088,358,4672,667,2o7d_DHC_A_701,3,diffdock_l,0.20536197,0.0070943533,28.947241,0,0,28.001163
16089,358,16530,2361,6pn9_OU7_B_803,3,diffdock_l,0.16577337,0.007047348,23.5228,0,1.0550092e-12,47.790069
16090,358,14017,2002,5wgr_PM7_A_711,3,diffdock_l,0.14457949,0.0070316899,20.561129,0,0.98850111,34.894465
16091,358,14031,2004,5wgv_PM7_A_713,3,diffdock_l,0.1267924,0.0070085112,18.091202,0,1.2639029e-31,34.44253
16092,358,7808,1115,4d3s_BOG_H_1000,3,diffdock_l,0.20546752,0.0069882864,29.401701,0,2.6841745e-93,29.861188
16093,358,15613,2230,6hsg_GM5_D_504,3,diffdock_l,0.16877865,0.006878639,24.536633,0,0,28.216723
16094,358,14976,2139,6dl7_ONC_B_301,3,diffdock_l,0.17819602,0.0068761254,25.915176,0,1.6372477e-43,52.165804
16095,358,7408,1058,4bz6_SHH_C_700,2,diffdock,0.18626513,0.0068550607,27.171913,0,0,43.399805
16096,358,12631,1804,5j61_A3G_E_501,3,diffdock_l,0.2086665,0.0068267507,30.566004,0,0,39.483615
16097,358,14982,2140,6dl7_ONC_C_301,2,diffdock,0.17274795,0.0067990857,25.407524,0,0,55.964703
16098,358,10610,1515,4zhd_4OZ_B_202,5,autodock,0.058978547,0.0067609017,8.7234726,0,0,13.254954
16099,358,12437,1776,5ijz_AKG_C_502,5,autodock,0.079616231,0.0066977644,11.886985,0,0.00025962589,8.0087863
16100,358,5353,764,2vmw_PLP_A_501,5,autodock,0.10116772,0.0066956089,15.109562,0,8.5169984e-07,9.4857651
16101,358,15221,2174,6fa1_D2Z_B_203,3,diffdock_l,0.14726265,0.0066830603,22.03521,0,2.3116319e-67,37.962097
16102,358,3797,542,2d1j_D01_A_700,3,diffdock_l,0.16407245,0.0066433144,24.697376,0,0.92761808,70.459905
16103,358,14451,2064,5ybq_AKG_B_302,3,diffdock_l,0.14468021,0.0066354239,21.804213,0,0,19.566396
16104,358,143,20,1aua_BOG_A_2,3,diffdock_l,0.12875995,0.0065714875,19.593727,0,0,43.577536
16105,358,14649,2092,6a2n_9QR_A_701,5,autodock,0.093632905,0.0065636548,14.26536,0,1.8741856e-09,17.420816
16106,358,6086,869,3qt8_FM0_B_328,3,diffdock_l,0.16039115,0.0065175372,24.609163,0,0.99278294,30.620775
16107,358,4324,617,2i1v_F6P_B_720,5,autodock,0.091852109,0.0064923978,14.147639,0,1.1540211e-07,25.477433
16108,358,12939,1848,5lqs_NTM_A_302,3,diffdock_l,0.14476278,0.0064667362,22.385754,0,0.0050088536,17.579424
16109,358,12742,1820,5jp9_DCM_A_401,2,diffdock,0.12174618,0.0064661225,18.828312,0,0,31.426423
16110,358,3741,534,2caq_GSH_A_1208,3,diffdock_l,0.12549385,0.0064627779,19.41794,0,0,14.157542
16111,358,1374,196,1kbq_936_B_704,2,diffdock,0.15708054,0.0064323385,24.420439,0,0,40.048792
16112,358,7415,1059,4bz6_SHH_D_700,2,diffdock,0.17388539,0.0064284963,27.049152,0,0,43.569068
16113,358,7401,1057,4bz6_SHH_A_700,2,diffdock,0.17358457,0.0064173751,27.049152,0,0,50.119347
16114,358,10090,1441,4uy7_HIS_A_800,3,diffdock_l,0.149039,0.0063924537,23.314833,0,0,22.24528
16115,358,4070,581,2fkm_G16_X_464,3,diffdock_l,0.13040289,0.0063871788,20.416349,0,0,29.961576
16116,358,15409,2201,6gck_EUB_A_302,2,diffdock,0.13274863,0.0063736542,20.827709,0,1.8911639e-38,46.680358
16117,358,14996,2142,6dl7_ONC_F_301,2,diffdock,0.16706359,0.0063705114,26.224516,0,0,59.803963
16118,358,12430,1775,5ijz_AKG_B_502,5,autodock,0.075129141,0.0063609396,11.811012,0,0.012220185,7.443443
16119,358,507,72,1fs5_16G_B_2267,3,diffdock_l,0.12537885,0.0063544418,19.730898,0,9.1029483e-65,17.73843
16120,358,7885,1126,4dd8_BAT_A_1000,3,diffdock_l,0.17498103,0.0063522129,27.546467,0,0,36.582903
16121,358,1381,197,1kbq_936_C_701,2,diffdock,0.15575536,0.0063409117,24.563557,0,0,37.536362
16122,359,6085,869,3qt8_FM0_B_328,2,diffdock,0.51742658,0.01948155,26.559824,0,1.402825e-47,32.397486
16123,359,3796,542,2d1j_D01_A_700,2,diffdock,0.49379615,0.017710054,27.882248,0,0,24.662887
16124,359,14016,2002,5wgr_PM7_A_711,2,diffdock,0.50251973,0.015040234,33.411697,0,0.9918308,34.913137
16125,359,17398,2485,6vmz_NAG_C_402,3,diffdock_l,0.12643454,0.0090554966,13.962187,0,0,23.337733
16126,359,17405,2486,6vmz_NAG_E_402,3,diffdock_l,0.1264256,0.0090548559,13.962187,0,0,27.050464
16127,359,17391,2484,6vmz_NAG_A_402,3,diffdock_l,0.12869346,0.0088019323,14.621045,0,0,16.69893
16128,359,10867,1552,5a86_D7E_B_1432,3,diffdock_l,0.14393523,0.0086388922,16.661304,0,8.2336469e-06,12.180245
16129,359,12778,1825,5k5m_68T_A_1003,3,diffdock_l,0.15462754,0.008179853,18.90346,0,0,30.438699
16130,359,1550,221,1lfw_AEP_A_683,3,diffdock_l,0.14446365,0.007628376,18.937666,0,0,25.102798
16131,359,58,8,1aer_TIA_B_700,2,diffdock,0.10004252,0.007520752,13.302196,0,0.013027565,21.594452
16132,359,9284,1326,4mop_2H5_C_703,2,diffdock,0.22042797,0.0073834568,29.854303,0,0,46.676546
16133,359,16875,2410,6rgg_K3Q_A_401,5,autodock,0.065522723,0.0073523121,8.9118519,0,0.028929747,13.886679
16134,359,10869,1552,5a86_D7E_B_1432,5,autodock,0.094798941,0.0073382411,12.918482,0,0,19.543283
16135,359,12651,1807,5j61_A3G_H_501,2,diffdock,0.20521624,0.0069644363,29.466309,0,0,39.740209
16136,359,14135,2019,5x6r_7ZR_A_402,2,diffdock,0.14002333,0.0069152835,20.248384,0,0,41.324948
16137,359,8312,1187,4h4c_10D_B_402,3,diffdock_l,0.14405223,0.0067978689,21.19079,0,7.1493273e-42,38.545173
16138,359,16896,2413,6rgg_K3Q_B_401,5,autodock,0.057676642,0.0067309481,8.5688725,0,0.02040584,9.802291
16139,359,2110,301,1pke_2FD_B_447,3,diffdock_l,0.13021121,0.0066773854,19.500326,0,2.5427062e-55,24.400499
16140,359,10342,1477,4xpq_FUL_A_1003,3,diffdock_l,0.11857631,0.006673667,17.767788,0,1.3029973e-52,21.504162
16141,359,11629,1661,5eso_ISC_B_602,2,diffdock,0.19916427,0.0066730456,29.846081,0,6.1514374e-54,50.690296
16142,359,3747,535,2ci0_1CM_A_1450,2,diffdock,0.096516904,0.0066546505,14.503676,0,1.5152648e-29,19.239892
16143,359,17209,2458,6to7_SUV_A_401,3,diffdock_l,0.18357077,0.0065953135,27.833515,0,2.1740851e-46,21.020003
16144,359,17216,2459,6to7_SUV_B_401,3,diffdock_l,0.18353318,0.006593963,27.833515,0,1.6660738e-45,38.798135
16145,359,12617,1802,5j61_A3G_C_501,3,diffdock_l,0.19301811,0.0065642321,29.40452,0,2.9768335e-69,10.065669
16146,359,7947,1135,4dtb_GMP_A_401,2,diffdock,0.14193694,0.0065507098,21.667412,0,0.99721256,25.604161
16147,359,4118,588,2fyd_BGC_D_530,2,diffdock,0.090721956,0.0064530305,14.058813,0,0,28.180561
16148,359,6662,951,3w7f_FPS_A_302,5,autodock,0.093195917,0.006404815,14.550914,0,0,12.095668
16149,359,9585,1369,4p7q_NAG_A_703,2,diffdock,0.10528096,0.0064013119,16.446777,0,5.8488039e-11,23.031449
16150,359,9476,1353,4nkw_PLO_B_601,5,autodock,0.10968393,0.0063133271,17.373394,0,0,148.92223
16151,359,10181,1454,4wmz_TPF_A_602,3,diffdock_l,0.14504177,0.0062906499,23.056721,0,7.6148381e-12,15.424244
16152,359,892,127,1h5r_G1P_C_1294,3,diffdock_l,0.14457472,0.0062899769,22.984934,0,0.96219918,36.235896
16153,359,4349,621,2iht_TPP_D_600,2,diffdock,0.23893494,0.006280358,38.044796,0,0,77.875546
16154,359,17397,2485,6vmz_NAG_C_402,2,diffdock,0.092566062,0.0062749739,14.751624,0,0,30.106999
16155,359,17404,2486,6vmz_NAG_E_402,2,diffdock,0.092551019,0.0062739541,14.751624,0,0,29.626839
16156,359,9469,1352,4nkw_PLO_A_601,5,autodock,0.10933678,0.0062589141,17.468967,0,0,109.51033
16157,359,9761,1394,4qxc_OGA_C_600,3,diffdock_l,0.14473904,0.0062472793,23.168329,0,0,28.001163
16158,359,15886,2269,6krs_CIT_I_301,3,diffdock_l,0.2355613,0.0062237422,37.84882,0,0,30.056171
16159,359,1927,275,1o29_UFP_C_813,2,diffdock,0.16091644,0.0062104658,25.910524,0,0,43.196666
16160,359,9536,1362,4ocu_NDG_A_401,2,diffdock,0.13116089,0.0061967827,21.165964,0,0,22.251042
16161,359,9490,1355,4nkw_PLO_D_601,5,autodock,0.10819511,0.0061935601,17.468967,0,0,103.24577
16162,359,10243,1463,4wxb_CIT_B_501,2,diffdock,0.1914582,0.0061863558,30.94846,0,2.9080037e-63,40.790526
16163,359,17390,2484,6vmz_NAG_A_402,2,diffdock,0.094548175,0.0061853005,15.285946,0,0,31.764368
16164,359,7541,1077,4cld_JUO_A_1270,2,diffdock,0.15504064,0.0061801641,25.086815,0,0,44.28527
16165,359,15244,2177,6fld_DQ5_A_604,5,autodock,0.092138595,0.0061765596,14.917461,0,0,12.109676
16166,359,3503,500,2b04_CHO_A_200,3,diffdock_l,0.12464983,0.0061373771,20.30995,0,0,15.201404
16167,359,11321,1617,5die_5CJ_A_601,2,diffdock,0.17381131,0.0061324162,28.343037,0,0.97755184,32.180755
16168,359,17264,2466,6tot_NRK_B_401,2,diffdock,0.18290661,0.0060869188,30.049128,0,5.0460636e-46,40.520714
16169,359,3950,564,2ex1_C5P_A_1427,2,diffdock,0.12401399,0.0060676377,20.438593,0,0,27.125077
16170,359,14138,2019,5x6r_7ZR_A_402,5,autodock,0.090101472,0.006047762,14.898315,0,0,12.735676
16171,359,14831,2118,6btq_E8S_A_305,5,autodock,0.094663954,0.0060204234,15.723803,0,0,16.497786
16172,360,891,127,1h5r_G1P_C_1294,2,diffdock,0.4896477,0.015364249,31.869287,0,1.2719021e-53,37.2108
16173,360,7276,1039,4b1f_KRH_B_1257,3,diffdock_l,0.14374629,0.0089882924,15.992613,0,1.3285656e-38,35.256243
16174,360,5332,761,2vkg_CF4_A_1064,5,autodock,0.043359659,0.0079233894,5.4723616,0,0,5.6368815
16175,360,17174,2453,6tbx_N0Z_D_302,3,diffdock_l,0.14661084,0.0075495159,19.419897,0,0,28.001163
16176,360,5413,773,2w1a_TSA_D_1091,2,diffdock,0.15868066,0.0073809701,21.498617,0,0,34.364899
16177,360,17167,2452,6tbx_N0Z_A_302,3,diffdock_l,0.14492544,0.0073112821,19.822163,0,0,28.001163
16178,360,13996,1999,5wct_GY4_A_303,3,diffdock_l,0.12584169,0.0073064572,17.223351,0,0,19.863305
16179,360,13352,1907,5sga_TYR_P_1,3,diffdock_l,0.14233147,0.0072964667,19.506901,0,0,19.55101
16180,360,5862,837,2z6j_TUI_B_502,3,diffdock_l,0.18722274,0.0070892885,26.409241,0,1.5298723e-13,23.886708
16181,360,5911,844,2zm7_ACA_A_501,3,diffdock_l,0.14446989,0.0070807799,20.403103,0,0.99347568,22.791162
16182,360,4058,579,2fhk_MFN_C_601,5,autodock,0.088287934,0.0070117768,12.591377,0,9.472154e-19,19.186466
16183,360,7835,1119,4d5e_TPP_B_1590,2,diffdock,0.19946305,0.0070024912,28.484583,0,0,55.135928
16184,360,4203,600,2giq_NN2_A_1001,3,diffdock_l,0.20495328,0.0069944911,29.302099,0,9.2940921e-59,53.207443
16185,360,11258,1608,5dav_58J_A_402,2,diffdock,0.12437786,0.0069768013,17.827345,0,0,24.008951
16186,360,8263,1180,4gim_PSU_C_400,3,diffdock_l,0.18574618,0.0068867287,26.971611,0,0.00040959601,54.620888
16187,360,5539,791,2x05_X05_B_1900,2,diffdock,0.14246186,0.0068773815,20.714548,0,0,41.7278
16188,360,2973,424,1x7j_GEN_B_202,5,autodock,0.16050559,0.0068679252,23.370316,0,0,987.27881
16189,360,15900,2271,6kxh_DY9_B_402,3,diffdock_l,0.18388452,0.0068183399,26.969103,0,1.866094e-59,43.180939
16190,360,11842,1691,5fli_QUE_G_301,5,autodock,0.19124214,0.0067896556,28.166691,0,0,603.4436
16191,360,13737,1962,5unr_8EV_A_803,3,diffdock_l,0.14462772,0.0067821812,21.324659,0,3.8200014e-43,15.235183
16192,360,14710,2101,6av2_BY7_B_803,3,diffdock_l,0.17221802,0.0067780572,25.408167,0,1.8963781e-34,48.015416
16193,360,15865,2266,6krs_CIT_D_301,3,diffdock_l,0.20766322,0.0067772807,30.641081,0,0,38.514377
16194,360,9616,1373,4p8c_Y22_B_502,5,autodock,0.085529914,0.0067627189,12.647266,0,0,13.663092
16195,360,1528,218,1lc8_33P_A_800,2,diffdock,0.1984908,0.0067399667,29.449818,0,0,29.737561
16196,360,16452,2350,6ooi_PGA_C_302,2,diffdock,0.17126821,0.0067396228,25.412134,0,0,34.912871
16197,360,7591,1084,4clo_XP0_B_1270,3,diffdock_l,0.12597569,0.0067188791,18.749508,0,0,28.001163
16198,360,14626,2089,6a2m_9QR_B_701,3,diffdock_l,0.19693349,0.0065493655,30.069092,0,0.00098172348,46.452127
16199,360,6835,976,3wsg_CIT_E_302,3,diffdock_l,0.15391603,0.0064657592,23.804787,0,0.13699086,34.172681
16200,361,5910,844,2zm7_ACA_A_501,2,diffdock,0.50216097,0.013112846,38.295345,0,0.96897359,26.922962
16201,361,6162,880,3roe_THM_F_265,2,diffdock,0.1984763,0.0086426276,22.964808,0,0.98749228,40.229232
16202,361,13743,1963,5unt_8J1_B_803,2,diffdock,0.15173479,0.0078366301,19.362247,0,2.0092112e-42,42.228194
16203,361,6149,878,3roe_THM_D_265,3,diffdock_l,0.2066764,0.0078247711,26.41309,0,0,35.881927
16204,361,6156,879,3roe_THM_E_265,3,diffdock_l,0.2067926,0.0076562085,27.00979,0,1.6174611e-41,22.096198
16205,361,6148,878,3roe_THM_D_265,2,diffdock,0.17017047,0.007579381,22.451761,0,1.8549416e-33,36.681459
16206,361,6142,877,3roe_THM_B_265,3,diffdock_l,0.20415947,0.0075587205,27.00979,0,1.4308278e-33,30.798442
16207,361,6155,879,3roe_THM_E_265,2,diffdock,0.17028224,0.0074149206,22.964808,0,1.6181532e-41,40.961167
16208,361,5507,786,2wu4_HBP_B_1545,5,autodock,0.10702383,0.0073755361,14.51065,0,0,12.166552
16209,361,6141,877,3roe_THM_B_265,2,diffdock,0.16774722,0.0073045333,22.964808,0,3.73529e-58,41.666736
16210,361,6550,935,3vnj_PSJ_A_301,5,autodock,0.090953042,0.0072187367,12.599578,0,0.064615661,23.525179
16211,361,7752,1107,4d06_NAR_F_301,3,diffdock_l,0.19961753,0.0071789078,27.806112,0,3.0803433e-34,56.223604
16212,361,13870,1981,5vuu_9OJ_A_805,3,diffdock_l,0.14471745,0.0070554372,20.511477,0,7.7833724e-39,43.984555
16213,361,9060,1294,4l80_OXL_C_402,2,diffdock,0.19167378,0.0070440476,27.210743,0,0.97814412,36.260943
16214,361,12308,1758,5i0d_GLC_B_1122,2,diffdock,0.1557422,0.007038343,22.127678,0,4.035127e-76,35.742589
16215,361,9123,1303,4lo1_GAL_B_301,2,diffdock,0.098827622,0.0070155755,14.086886,0,6.8908723e-63,16.744685
16216,361,14507,2072,5ysh_5AD_J_605,3,diffdock_l,0.15396123,0.0069123742,22.273275,0,0,28.001163
16217,361,14150,2021,5x86_TMP_A_205,3,diffdock_l,0.12429173,0.0068065458,18.260616,0,0,23.224649
16218,361,5659,808,2xyj_WLM_A_1442,3,diffdock_l,0.14306478,0.0067889763,21.073099,0,0,34.007979
16219,361,10993,1570,5awd_IDQ_A_901,3,diffdock_l,0.12429243,0.0067825314,18.325373,0,0,32.094383
16220,361,14500,2071,5ysh_5AD_D_605,3,diffdock_l,0.14959139,0.0067399628,22.194689,0,0,28.001163
16221,361,6100,871,3qwi_CUE_D_272,3,diffdock_l,0.14532956,0.0067264693,21.605621,0,2.9399713e-47,39.340649
16222,361,12304,1757,5i0d_GLC_A_1124,5,autodock,0.095848631,0.0067263957,14.249626,0,6.0959707e-07,9.3818089
16223,361,13184,1883,5o3b_9HZ_C_501,3,diffdock_l,0.12429173,0.0066974352,18.558107,0,0,31.75944
16224,361,13170,1881,5o3b_9HZ_A_501,3,diffdock_l,0.12429173,0.0066883779,18.583239,0,0,34.065665
16225,361,14541,2077,5zg2_ZK1_A_901,2,diffdock,0.14141513,0.0066473816,21.273808,0,0,36.596777
16226,361,13177,1882,5o3b_9HZ_B_501,3,diffdock_l,0.12429173,0.006638774,18.72209,0,0,23.394403
16227,361,10762,1537,4zvz_4TF_A_503,3,diffdock_l,0.1459064,0.0066222786,22.032656,0,0,31.713856
16228,361,13191,1884,5o3b_9HZ_D_501,3,diffdock_l,0.12429116,0.0066029139,18.823681,0,0,23.009562
16229,361,11063,1580,5bwr_4VT_A_402,3,diffdock_l,0.12429192,0.0065807299,18.887253,0,2.5696709e-45,12.981805
16230,361,15298,2185,6flu_DTK_B_401,3,diffdock_l,0.14940494,0.0065805055,22.704172,0,1.8443586e-56,29.328204
16231,361,268,38,1d7a_AIR_B_350,2,diffdock,0.14978494,0.0065634285,22.82114,0,0,53.909345
16232,361,2432,347,1sjc_SMG_D_1300,3,diffdock_l,0.20940275,0.0065471099,31.983995,0,0,42.948207
16233,361,15431,2204,6gl4_GLU_B_301,3,diffdock_l,0.12583981,0.0065346875,19.257202,0,0,19.279292
16234,361,15913,2273,6kxh_DY9_D_402,2,diffdock,0.15826983,0.0065230571,24.263136,0,1.8172585e-20,48.599012
16235,361,14548,2078,5zg2_ZK1_B_901,2,diffdock,0.13739406,0.0065134485,21.093903,0,0,34.562042
16236,361,15683,2240,6jc7_F0G_C_601,3,diffdock_l,0.2061367,0.0064769849,31.826025,0,0,18.694312
16237,361,276,39,1d7a_AIR_C_400,3,diffdock_l,0.14210543,0.0064736588,21.95133,0,0,47.180455
16238,361,12521,1788,5iuy_BOG_C_503,5,autodock,0.07137825,0.0064461923,11.072931,0,8.1247854e-07,11.325236
16239,361,710,101,1gz5_G6P_B_901,3,diffdock_l,0.14346753,0.0064327285,22.302748,0,2.8621284e-66,37.201141
16240,361,13289,1898,5oew_GLU_B_902,3,diffdock_l,0.12429207,0.0063500937,19.573263,0,0,24.520942
16241,361,13282,1897,5oew_GLU_A_301,3,diffdock_l,0.12429203,0.0063500919,19.573263,0,0,25.970351
16242,361,12301,1757,5i0d_GLC_A_1124,2,diffdock,0.14697043,0.0063367733,23.193258,0,1.0254335e-54,39.886122
16243,361,11672,1667,5ezp_IPJ_C_201,3,diffdock_l,0.13054599,0.0063120492,20.682028,0,0,34.397723
16244,361,7891,1127,4dd8_BAT_B_1000,2,diffdock,0.14739905,0.0063057789,23.375231,0,0,44.207821
16245,361,8570,1224,4i4v_NGA_B_202,2,diffdock,0.10486747,0.0062789599,16.701406,0,0,21.445513
16246,361,15669,2238,6jc7_F0G_A_601,3,diffdock_l,0.20366369,0.0062576554,32.546326,0,0,20.848091
16247,361,16298,2328,6nhd_KNV_A_803,2,diffdock,0.15450442,0.0062517287,24.713869,0,0,46.052639
16248,361,5738,819,2yjd_YJD_B_1498,5,autodock,0.10164298,0.0062500384,16.262775,0,0,139.01572
16249,361,9074,1296,4l80_OXL_E_402,2,diffdock,0.17003778,0.0062489206,27.210743,0,0,37.803613
16250,362,13239,1891,5o4k_9KE_A_405,2,diffdock,0.14834968,0.0076314469,19.439259,0,5.6380841e-20,25.15667
16251,362,17286,2469,6tt4_FT8_B_711,3,diffdock_l,0.21753026,0.007573235,28.723557,0,0.81792636,52.543422
16252,362,16431,2347,6oha_XAN_A_501,2,diffdock,0.10675733,0.0069560442,15.347419,0,0,20.347788
16253,362,3008,429,1xin_XYL_A_397,5,autodock,0.081279172,0.0069312008,11.726563,0,0.010509857,19.337644
16254,362,10575,1510,4zbc_FRU_A_410,5,autodock,0.089008036,0.0067207004,13.243862,0,4.6695502e-06,10.277508
16255,362,10568,1509,4zbc_FRU_A_409,5,autodock,0.096438354,0.0066280103,14.55012,0,5.5458109e-06,14.594031
16256,362,5777,825,2z48_A2G_A_1001,2,diffdock,0.13120326,0.0064989452,20.188391,0,7.0546403e-31,27.144472
16257,362,16264,2323,6nga_KL7_A_803,3,diffdock_l,0.14228184,0.0063961215,22.245016,0,8.6587556e-08,37.926975
16258,362,899,128,1h5r_G1P_D_1294,3,diffdock_l,0.12107859,0.0063920321,18.94211,0,0,57.077112
16259,362,1634,233,1m3u_KPL_A_265,3,diffdock_l,0.18609516,0.0063562227,29.277632,0,0,45.070493
16260,362,2684,383,1u1g_BBB_F_8300,3,diffdock_l,0.19597693,0.0061951067,31.634148,0,2.5535229e-62,19.55204
16261,362,15123,2160,6f3s_PLP_A_901,3,diffdock_l,0.14311801,0.0061916851,23.114548,0,0,36.649138
16262,362,14198,2028,5xin_XLS_D_397,2,diffdock,0.17427153,0.0061731905,28.230381,0,0,38.174574
16263,362,17285,2469,6tt4_FT8_B_711,2,diffdock,0.18380778,0.0061709229,29.786106,0,0,53.135454
16264,362,10582,1511,4zbc_FRU_B_408,5,autodock,0.090256291,0.0061183249,14.751797,0,0.0016547124,12.470971
16265,362,17068,2438,6sxr_KHP_A_513,2,diffdock,0.12069874,0.0060747445,19.868938,0,0,25.424169
16266,362,3775,539,2cxp_A5P_B_2601,2,diffdock,0.16791412,0.0060615024,27.701731,0,0,41.046573
16267,362,14191,2027,5xin_XLS_C_397,2,diffdock,0.16681317,0.0060273236,27.676157,0,1.7711644e-46,41.887914
16268,362,1654,236,1m3u_KPL_F_265,2,diffdock,0.20035223,0.006011778,33.326618,0,0,49.27011
16269,362,6746,963,3wca_FPS_D_401,5,autodock,0.089154121,0.0060105155,14.833023,0,0,11.302888
16270,362,15242,2177,6fld_DQ5_A_604,3,diffdock_l,0.14201206,0.0059883883,23.714569,0,0,28.001163
16271,362,16628,2375,6q4y_MAN_A_402,3,diffdock_l,0.12566385,0.0059777729,21.021849,0,1.8050695e-51,24.599283
16272,362,2844,406,1vzu_UDP_A_1371,2,diffdock,0.099310292,0.0059612955,16.659178,0,0,31.727664
16273,362,5346,763,2vmp_PLP_A_501,5,autodock,0.096368408,0.005940198,16.223095,0,1.6562163e-06,10.301653
16274,362,15276,2182,6flu_DTK_A_404,2,diffdock,0.14561817,0.0059286211,24.561893,0,0,31.997756
16275,362,3979,568,2f64_12Q_B_471,3,diffdock_l,0.12272045,0.0059048328,20.783051,0,0.0071029866,14.989666
16276,362,6499,928,3vc3_C6P_B_501,3,diffdock_l,0.22751017,0.0058918027,38.614697,0,0,52.26395
16277,362,16635,2376,6q4y_MAN_B_402,3,diffdock_l,0.12612647,0.0058906069,21.411453,0,0,22.856061
16278,362,5806,829,2z48_NGA_A_1002,3,diffdock_l,0.12270312,0.0058692421,20.906124,0,0,25.164876
16279,362,14184,2026,5xin_XLS_B_397,2,diffdock,0.16422125,0.00582709,28.182375,0,0,39.622372
16280,362,646,92,1gij_2PU_A_501,2,diffdock,0.13874283,0.0058060675,23.896177,0,0.55704148,26.836594
16281,362,9000,1285,4kux_FPS_C_705,5,autodock,0.10913502,0.0057995342,18.817892,0,0,32.218899
16282,362,13891,1984,5vv5_9OJ_A_803,3,diffdock_l,0.1433323,0.0057754264,24.817612,0,3.8058398e-11,45.057507
16283,362,12441,1777,5ijz_AKG_D_502,2,diffdock,0.22266937,0.005766441,38.614697,0,0,30.149476
16284,362,9018,1288,4l1x_STR_A_402,2,diffdock,0.15699022,0.0057576848,27.266205,0,0,28.765726
16285,362,6655,950,3w7f_FPS_A_301,5,autodock,0.071256856,0.0057409134,12.41211,0,0,13.30296
16286,362,7247,1035,4aql_TXC_A_1452,2,diffdock,0.1305828,0.0057258562,22.805811,0,0,31.338837
16287,362,6513,930,3vc3_C6P_D_501,3,diffdock_l,0.2210357,0.005724134,38.614697,0,0,51.731123
16288,362,6739,962,3wca_FPS_C_402,5,autodock,0.083584716,0.0057127424,14.631276,0,0,13.283107
16289,362,2677,382,1u1g_BBB_D_6300,3,diffdock_l,0.17885869,0.0057084026,31.332527,0,1.4595989e-77,55.884478
16290,362,13898,1985,5vv5_9OJ_B_803,3,diffdock_l,0.14163442,0.0056962056,24.864695,0,2.5527203e-13,37.617147
16291,362,17509,2501,6xim_XLS_A_397,2,diffdock,0.16573366,0.0056754152,29.20203,0,0,41.176336
16292,362,2348,335,1rvz_NAG_F_3331,3,diffdock_l,0.12108764,0.0056738639,21.341299,0,0,25.270596
16293,362,717,102,1gz5_G6P_C_901,3,diffdock_l,0.14047369,0.0056545164,24.842739,0,2.4338616e-90,32.319872
16294,362,14177,2025,5xin_XLS_A_397,2,diffdock,0.15896305,0.0056405125,28.182375,0,5.6285852e-45,40.516364
16295,362,6828,975,3wsg_CIT_D_302,3,diffdock_l,0.15023856,0.0056291603,26.689335,0,1.8701669e-62,32.934792
16296,362,15193,2170,6f77_PLP_D_600,3,diffdock_l,0.17979283,0.0056244657,31.966204,0,0,28.001163
16297,362,15269,2181,6flu_DTK_A_403,2,diffdock,0.14302602,0.0055879183,25.595579,0,0,32.395035
16298,362,8563,1223,4i4v_NGA_B_201,2,diffdock,0.10830408,0.0055867667,19.385822,0,0,22.862519
16299,362,2341,334,1rvz_NAG_A_3321,3,diffdock_l,0.12107841,0.0055741193,21.721531,0,4.2639941e-130,13.905347
16300,363,689,98,1gsq_GDN_A_203,3,diffdock_l,0.1729684,0.011823859,14.62876,0,0.21013327,15.395426
16301,363,5469,781,2wdq_TEO_E_1589,2,diffdock,0.15158174,0.0084935421,17.846703,0,0,30.149476
16302,363,15788,2255,6jyg_FLC_C_401,3,diffdock_l,0.19463652,0.0082732992,23.525864,0,6.6893666e-47,34.146128
16303,363,691,98,1gsq_GDN_A_203,5,autodock,0.074402735,0.0081578979,9.1203308,0,4.0961777e-06,20.97631
16304,363,5462,780,2wdq_TEO_A_1589,2,diffdock,0.14358052,0.0080907352,17.746286,0,0,30.149476
16305,363,688,98,1gsq_GDN_A_203,2,diffdock,0.14276859,0.0079896131,17.869272,0,0,19.476127
16306,363,17139,2448,6t5p_VD8_B_302,3,diffdock_l,0.12271282,0.0079316273,15.471329,0,2.8180245e-57,30.79545
16307,363,3614,516,2bs3_CIT_D_1657,2,diffdock,0.15736434,0.0078627237,20.013971,0,0,47.565645
16308,363,14906,2129,6cgc_F0A_A_402,3,diffdock_l,0.17234716,0.0077797271,22.153366,0,0,40.769234
16309,363,3846,549,2e40_LGC_B_2001,3,diffdock_l,0.12012438,0.0074936659,16.030121,0,0,28.81022
16310,363,17477,2496,6wiw_I14_A_601,5,autodock,0.11466459,0.0073745855,15.548614,0,0,11.433457
16311,363,12043,1720,5gnx_BGC_A_502,3,diffdock_l,0.12155891,0.0073141468,16.619696,0,0,28.268339
16312,363,12477,1782,5ioq_DUR_D_302,3,diffdock_l,0.11931074,0.0072622031,16.428999,0,0,28.743982
16313,363,12050,1721,5gnx_BGC_B_503,3,diffdock_l,0.11930546,0.0072269598,16.508387,0,0,29.245252
16314,363,724,103,1gz5_UDP_D_900,3,diffdock_l,0.1731303,0.0072129805,24.0026,0,6.0493175e-70,54.590806
16315,363,1115,159,1itw_ICT_C_743,2,diffdock,0.15553317,0.0070281647,22.129982,0,0,48.570104
16316,363,12469,1781,5ioq_DUR_C_302,2,diffdock,0.11539472,0.007005491,16.472036,0,2.4839511e-29,30.866617
16317,363,5290,755,2v7o_DRN_A_1303,5,autodock,0.11010087,0.0069413586,15.861573,0,0,14.437384
16318,363,10817,1545,5a02_GOL_E_1341,2,diffdock,0.15439429,0.0067872848,22.747576,0,7.8023787e-81,29.852247
16319,363,10824,1546,5a02_GOL_F_1342,2,diffdock,0.15084687,0.0067150292,22.464066,0,1.3241272e-47,33.014562
16320,363,1122,160,1itw_ICT_D_743,2,diffdock,0.14721755,0.0066762547,22.050917,0,0,45.247716
16321,363,13555,1936,5tm5_7EV_B_601,3,diffdock_l,0.13864723,0.006667055,20.795872,0,0,34.5137
16322,363,10789,1541,5a02_GOL_A_1341,2,diffdock,0.15096243,0.0066364178,22.747576,0,6.1289566e-46,35.548014
16323,363,15794,2256,6jyg_FLC_D_401,2,diffdock,0.17544746,0.0066208382,26.499281,0,0,37.212019
16324,363,15802,2257,6jyg_FLC_E_401,3,diffdock_l,0.15424631,0.0065928644,23.395947,0,8.9496973e-66,30.969234
16325,363,2971,424,1x7j_GEN_B_202,3,diffdock_l,0.14891708,0.0065818411,22.625443,0,0.99337763,25.6238
16326,363,751,107,1h18_PYR_A_1001,2,diffdock,0.1195717,0.0065589517,18.230305,0,0,31.455375
16327,363,15879,2268,6krs_CIT_H_301,3,diffdock_l,0.18789612,0.0065035609,28.891266,0,2.3558277e-35,34.417522
16328,363,10796,1542,5a02_GOL_B_1342,2,diffdock,0.14778677,0.0064968136,22.747576,0,3.2367381e-46,33.562937
16329,363,16,2,1a49_OXL_D_2333,2,diffdock,0.15583928,0.0064789327,24.053232,0,0,30.149476
16330,363,3026,432,1xin_XYL_D_397,2,diffdock,0.15691263,0.0063635661,24.657969,0,0,36.867847
16331,363,9,1,1a49_OXL_A_533,2,diffdock,0.1536068,0.0063534149,24.177044,0,0,30.149476
16332,363,10523,1503,4z69_DIF_I_1006,2,diffdock,0.14080153,0.0063311105,22.239624,0,0,35.856107
16333,363,10810,1544,5a02_GOL_D_1341,2,diffdock,0.14378668,0.0063209667,22.747576,0,0,35.958329
16334,363,3019,431,1xin_XYL_C_397,2,diffdock,0.15455023,0.0062905981,24.568445,0,4.3620988e-45,36.968961
16335,363,2025,289,1oxp_IK2_A_411,2,diffdock,0.15076394,0.0062075547,24.287169,0,0,37.520022
16336,363,7177,1025,4ajj_88S_B_1332,2,diffdock,0.16025865,0.0061457853,26.076185,0,7.0628047e-71,40.002452
16337,363,15893,2270,6krs_CIT_J_301,3,diffdock_l,0.18034299,0.0061213553,29.461283,0,3.223895e-68,34.816335
16338,363,15787,2255,6jyg_FLC_C_401,2,diffdock,0.1641008,0.0061206066,26.811197,0,0,36.287661
16339,363,15027,2146,6e40_BBJ_A_502,5,autodock,0.099146071,0.0061026348,16.246435,0,0,10.158934
16340,363,3841,548,2e40_LGC_A_1001,5,autodock,0.065200181,0.0060989881,10.690327,0,0.03713509,39.581121
16341,363,17684,2526,7ak3_RH8_A_501,2,diffdock,0.13564342,0.0060862223,22.286963,0,0,27.196827
16342,363,12042,1720,5gnx_BGC_A_502,2,diffdock,0.093314072,0.0060731076,15.365127,0,0,31.931161
16343,363,14905,2129,6cgc_F0A_A_402,2,diffdock,0.15813776,0.0060109335,26.308352,0,0,43.805421
16344,363,12049,1721,5gnx_BGC_B_503,2,diffdock,0.091455913,0.0059881531,15.272807,0,0,30.744797
16345,363,3848,549,2e40_LGC_B_2001,5,autodock,0.063842084,0.0059719483,10.690327,0,0.02953361,34.776595
16346,363,9770,1395,4qya_LU2_A_201,5,autodock,0.042260187,0.005959613,7.091095,0,4.8444962e-08,11.475866
16347,363,11315,1616,5did_5CK_B_601,3,diffdock_l,0.14997155,0.00595444,25.186506,0,0,27.163363
16348,363,14555,2079,5zge_ZZ7_B_302,2,diffdock,0.11590376,0.0058787466,19.715725,0,0,28.388762
16349,363,7191,1027,4ajj_88S_D_1332,2,diffdock,0.15312025,0.0058720336,26.076185,0,8.4999779e-39,42.43166
16350,364,2970,424,1x7j_GEN_B_202,2,diffdock,0.50833513,0.013076368,38.874336,0,0.99087239,31.829188
16351,364,5743,820,2ynf_WHU_A_1563,3,diffdock_l,0.2013708,0.0087115603,23.115353,0,2.5412071e-82,37.447076
16352,364,10526,1503,4z69_DIF_I_1006,5,autodock,0.044419934,0.0082522874,5.382741,0,0,10.569247
16353,364,17454,2493,6vv9_RQ1_B_304,3,diffdock_l,0.16150634,0.0077663441,20.79567,0,1.5963234e-48,23.145001
16354,364,10519,1502,4z69_DIF_A_1008,5,autodock,0.041098686,0.0075281405,5.4593401,0,0,12.049172
16355,364,14353,2050,5yb7_ORN_A_603,3,diffdock_l,0.19756294,0.0071590925,27.596085,0,2.4482507e-51,19.893469
16356,364,1304,186,1jw0_GUA_B_999,2,diffdock,0.110991,0.0069553579,15.957624,0,0,26.401573
16357,364,17447,2492,6vv9_RQ1_A_202,3,diffdock_l,0.13896739,0.0069064549,20.121376,0,1.4384746e-49,24.244102
16358,364,5483,783,2wj4_HQD_A_1281,2,diffdock,0.19594183,0.0068741499,28.504152,0,0,21.894882
16359,364,5304,757,2vjb_CCD_A_1539,5,autodock,0.040015567,0.006815293,5.8714366,0,0,7.6923571
16360,364,5372,767,2vss_V55_D_1250,3,diffdock_l,0.14220176,0.0067847374,20.959064,0,2.6820268e-26,40.498437
16361,364,7724,1103,4cx6_Q16_B_800,3,diffdock_l,0.14067342,0.0066571602,21.131144,0,3.2063113e-11,46.916653
16362,364,17537,2505,6xu3_PLG_B_401,2,diffdock,0.19388613,0.0066296499,29.245302,0,0,47.535553
16363,364,16676,2382,6qdc_HXE_A_1003,2,diffdock,0.14278629,0.0065813892,21.695461,0,0,29.532721
16364,364,8095,1156,4ejh_0QA_F_502,3,diffdock_l,0.1944991,0.0065396637,29.741451,0,0,28.001163
16365,364,7122,1017,4a8p_PAO_F_1340,3,diffdock_l,0.17149082,0.0065046719,26.364252,0,3.2780137e-52,49.789536
16366,364,8837,1262,4jb0_FER_A_401,3,diffdock_l,0.1188327,0.0064929701,18.301746,0,0.95195753,12.58864
16367,364,5742,820,2ynf_WHU_A_1563,2,diffdock,0.16724232,0.006413127,26.078121,0,0.99561524,37.136597
16368,364,8718,1245,4i9n_1E6_G_401,3,diffdock_l,0.21034963,0.0063541159,33.104469,0,9.7405052e-105,59.820499
16369,364,16572,2367,6po9_OS7_B_804,3,diffdock_l,0.1549136,0.0063178922,24.519821,0,6.4546986e-39,47.929796
16370,364,2305,329,1rf2_BV4_E_105,2,diffdock,0.10583393,0.0063002575,16.798347,0,0,24.62368
16371,364,16523,2360,6pn9_OU7_A_803,3,diffdock_l,0.13962522,0.0062720819,22.261381,0,2.2272216e-09,45.487498
16372,364,9067,1295,4l80_OXL_D_402,2,diffdock,0.15892427,0.0062587673,25.392262,0,2.4445994e-45,36.059379
16373,364,10258,1465,4wxb_CIT_D_501,3,diffdock_l,0.14823088,0.0061912387,23.942038,0,1.1141184e-30,26.747629
16374,364,7101,1014,4a8p_PAO_C_1340,3,diffdock_l,0.17158529,0.0061715697,27.802534,0,2.6655455e-64,29.074203
16375,364,13750,1964,5unx_8F1_A_803,2,diffdock,0.14911666,0.006135557,24.303686,0,1.6223101e-06,48.228838
16376,364,13757,1965,5unx_8F1_B_803,2,diffdock,0.15020877,0.0061313821,24.498352,0,0,50.155321
16377,364,14367,2052,5yb7_ORN_B_603,3,diffdock_l,0.16752103,0.0060704634,27.596085,0,7.5469617e-50,37.53528
16378,365,8836,1262,4jb0_FER_A_401,2,diffdock,0.50814463,0.020630472,24.630779,0,0,23.46996
16379,365,712,101,1gz5_G6P_B_901,5,autodock,0.089349341,0.0073095496,12.223644,0,1.2313408e-06,13.320075
16380,365,4300,614,2hs3_FGR_A_2166,2,diffdock,0.14179534,0.0069135628,20.509733,0,0,36.033086
16381,365,719,102,1gz5_G6P_C_901,5,autodock,0.087968674,0.006729033,13.073003,0,3.0069225e-08,13.194912
16382,365,16088,2298,6m9b_BTN_B_201,2,diffdock,0.12027474,0.0066672142,18.039728,0,0.9878736,26.423361
16383,365,15034,2147,6e40_BBJ_B_502,5,autodock,0.083118013,0.0063918904,13.003666,0,0,16.495858
16384,365,4240,605,2gyv_HBP_A_1409,5,autodock,0.097816355,0.0062552808,15.637403,0,0,27.115056
16385,365,16565,2366,6po9_OS7_A_803,3,diffdock_l,0.14635853,0.0061846692,23.664728,0,1.7411641e-11,49.031319
16386,365,12519,1788,5iuy_BOG_C_503,3,diffdock_l,0.14114256,0.0061204274,23.060898,0,0,20.440719
16387,365,11268,1609,5ddu_PMP_A_601,5,autodock,0.1204485,0.0061013776,19.741196,0,0.024491113,16.009558
16388,365,15181,2168,6f77_PLP_A_600,5,autodock,0.089670145,0.0060348523,14.858713,0,0,11.960545
16389,365,6653,950,3w7f_FPS_A_301,3,diffdock_l,0.13451424,0.0060214493,22.339178,0,3.145882e-32,34.732059
16390,365,14703,2100,6av2_BY7_A_803,3,diffdock_l,0.15724785,0.005960242,26.382793,0,1.0620655e-09,46.600494
16391,365,16831,2404,6r73_LMP_A_301,3,diffdock_l,0.11733889,0.0059474837,19.729164,0,1.2130677e-69,39.916474
16392,365,6946,992,3wzo_ZOE_D_201,2,diffdock,0.14355346,0.0059266079,24.221857,0,0,33.854926
16393,365,11111,1587,5c8w_PCG_D_302,2,diffdock,0.139204,0.0059117196,23.547123,0,0,27.234333
16394,365,11104,1586,5c8w_PCG_B_303,2,diffdock,0.13907826,0.0058105681,23.935396,0,0,29.069465
16395,365,1906,272,1o28_UFP_C_713,2,diffdock,0.13311861,0.0057894831,22.993176,0,0,40.132247
16396,365,6312,901,3tky_N7I_B_369,5,autodock,0.07134159,0.0057694391,12.365428,0,0,34.400242
16397,365,8907,1272,4k5g_Q13_B_803,3,diffdock_l,0.14649969,0.0056934377,25.731321,0,2.9757264e-14,44.751071
16398,365,15671,2238,6jc7_F0G_A_601,5,autodock,0.10594219,0.0056592612,18.720142,0,6.5211902e-08,14.954244
16399,365,9053,1293,4l80_OXL_B_402,2,diffdock,0.15219104,0.0056578287,26.899193,0,2.9317001e-76,37.250281
16400,365,15361,2194,6fs7_E4Z_D_903,3,diffdock_l,0.15153043,0.005640231,26.865995,0,0,52.23174
16401,365,15962,2280,6l86_LMR_C_302,2,diffdock,0.13284506,0.0056280753,23.603992,0,0,30.981044
16402,365,8073,1153,4ea0_651_B_305,2,diffdock,0.13667012,0.0055849055,24.471338,0,0,35.509447
16403,365,8200,1171,4g1q_T27_A_601,3,diffdock_l,0.1173389,0.0055843721,21.012011,0,4.5240922e-63,28.070487
16404,365,13764,1966,5uo3_8EY_A_803,2,diffdock,0.15173347,0.005581933,27.182959,0,0,44.671642
16405,365,14387,2055,5yb7_ORN_D_603,2,diffdock,0.18394896,0.0055724203,33.010605,0,7.5608273e-50,43.382536
16406,365,14668,2095,6abm_9VR_A_505,3,diffdock_l,0.15640234,0.0055587746,28.136116,0,5.8433651e-08,22.403547
16407,365,6303,900,3tky_N7I_A_369,3,diffdock_l,0.13920832,0.0055535522,25.066534,0,8.3854007e-07,35.656125
16408,365,5554,793,2x6o_2TC_A_1209,3,diffdock_l,0.1173389,0.0055107429,21.292753,0,0.38331698,19.246291
16409,365,2292,327,1r4f_AD3_B_330,3,diffdock_l,0.12249895,0.0055006365,22.269957,0,0,20.286288
16410,365,5609,801,2xta_TPP_C_2001,2,diffdock,0.21319488,0.0054720654,38.960587,0,0,30.149476
16411,365,9418,1345,4ndn_PPK_C_404,3,diffdock_l,0.13898804,0.005468819,25.414633,0,0,26.015226
16412,365,4979,711,2qg6_NMN_A_301,2,diffdock,0.11918484,0.0054585735,21.834429,0,0,17.102221
16413,365,13022,1860,5m66_ADN_D_502,2,diffdock,0.21230342,0.0054491844,38.960587,0,0,58.845533
16414,365,11084,1583,5c4i_TPP_F_402,3,diffdock_l,0.21204888,0.0054426511,38.960587,0,4.8228544e-06,38.243814
16415,365,1900,271,1o28_UFP_B_708,3,diffdock_l,0.11734236,0.0054362414,21.585199,0,0,31.355724
16416,365,3706,529,2c6q_IMP_C_1337,3,diffdock_l,0.21116413,0.0054199423,38.960587,0,0,71.706691
16417,365,1326,189,1jyx_IPT_A_2002,3,diffdock_l,0.13875826,0.0054190656,25.605568,0,0,28.001163
16418,365,6732,961,3wca_FPS_C_401,5,autodock,0.08260228,0.0054120974,15.262526,0,0,12.895686
16419,365,72,10,1aia_PMP_B_411,2,diffdock,0.16720554,0.0053887499,31.028631,0,0,37.19977
16420,365,12927,1846,5la2_ARB_B_606,5,autodock,0.065097477,0.0053757209,12.109533,0,7.4678572e-05,12.974741
16421,365,8479,1211,4i02_CMP_A_302,2,diffdock,0.16642621,0.0053732176,30.973286,0,7.4987902e-25,37.139924
16422,365,8748,1249,4itu_1HS_A_302,5,autodock,0.040861454,0.0053665208,7.6141415,0,1.6021101e-06,9.2484648
16423,365,702,100,1gz5_G6P_A_901,2,diffdock,0.11220642,0.0053548116,20.954315,0,0,47.515295
16424,365,11783,1683,5fiu_Y3J_B_1299,2,diffdock,0.19957985,0.005333455,37.420368,0,0,38.396321
16425,365,3530,504,2b3f_GAL_D_3313,2,diffdock,0.20730819,0.0053209721,38.960587,0,1.0251489e-52,40.72685
16426,365,3509,501,2b3f_GAL_A_3310,2,diffdock,0.20728286,0.0053203218,38.960587,0,0,40.804189
16427,365,3537,505,2b3f_GAL_E_3314,2,diffdock,0.2072696,0.0053199815,38.960587,0,2.0522362e-80,44.528725
16428,366,5553,793,2x6o_2TC_A_1209,2,diffdock,0.20809439,0.0088986427,23.384956,0,0,22.430289
16429,366,6820,974,3wsg_CIT_C_302,2,diffdock,0.13540994,0.0066777818,20.277681,0,0,36.585605
16430,366,15025,2146,6e40_BBJ_A_502,3,diffdock_l,0.19260034,0.0064836923,29.705347,0,0,15.08112
16431,366,9224,1317,4mig_G3F_A_802,5,autodock,0.102688,0.0061671142,16.650898,0,0.00043329132,18.965519
16432,366,16586,2369,6pvi_OZ7_A_501,3,diffdock_l,0.11734392,0.006147387,19.088421,0,7.8496471e-10,33.922093
16433,366,311,44,1dna_CB3_B_602,3,diffdock_l,0.20142804,0.0060822804,33.117191,0,0,28.001163
16434,366,5351,764,2vmw_PLP_A_501,3,diffdock_l,0.13775139,0.0060694329,22.695923,0,0,42.09424
16435,366,339,48,1duc_DUD_A_201,3,diffdock_l,0.086127991,0.0058750396,14.659984,0,9.5566716e-29,11.95811
16436,366,7019,1002,3zwt_KFZ_A_1401,5,autodock,0.04980847,0.0057520319,8.6592817,0,0,7.5711766
16437,366,6690,955,3wat_BGC_A_403,5,autodock,0.087534585,0.0057404542,15.24872,0,8.7429787e-05,12.339118
16438,366,6697,956,3wat_BGC_B_403,5,autodock,0.08692924,0.0057007561,15.24872,0,6.7627404e-05,10.062164
16439,366,17517,2502,6xim_XLS_C_397,3,diffdock_l,0.15417633,0.005693026,27.081612,0,6.0378216e-22,37.361448
16440,366,6564,937,3vnj_PSJ_D_301,5,autodock,0.073437891,0.0056727003,12.945843,0,0.050776225,22.506953
16441,366,5423,774,2w7k_PLP_A_501,5,autodock,0.072753282,0.0055765518,13.046284,0,1.9439347e-06,9.5577265
16442,366,10775,1539,4zvz_4TF_C_503,2,diffdock,0.14611831,0.0055701754,26.232262,0,0,34.879679
16443,366,7303,1043,4bbx_LKF_A_1760,2,diffdock,0.14842333,0.0055657326,26.667347,0,0,37.915209
16444,366,15858,2265,6krs_CIT_C_301,3,diffdock_l,0.15235609,0.0055366469,27.517754,0,4.4862856e-47,32.255686
16445,366,10132,1447,4v3w_E2Z_A_800,3,diffdock_l,0.13830947,0.005535878,24.984196,0,2.5910874e-36,42.849416
16446,366,79,11,1aiq_CB3_A_266,2,diffdock,0.16744845,0.0055160646,30.356504,0,0,30.149476
16447,366,11707,1672,5faj_DCS_B_401,3,diffdock_l,0.17385335,0.0054961304,31.631952,0,0,28.001163
16448,366,14759,2108,6b9p_D0J_A_1001,3,diffdock_l,0.17248402,0.005487544,31.431913,0,0,56.329222
16449,366,2879,411,1w3t_3GR_C_1297,2,diffdock,0.10585934,0.0054744223,19.337078,0,0,27.371988
16450,366,9413,1344,4ndn_PPK_A_406,5,autodock,0.046630388,0.0054289432,8.5892191,0,0.010234755,11.938065
16451,366,9621,1374,4pb4_PLP_A_401,3,diffdock_l,0.13724528,0.0054263816,25.292225,0,3.4410221e-41,45.50929
16452,366,16901,2414,6rgg_K3Q_B_402,3,diffdock_l,0.11730536,0.005419149,21.646452,0,6.8392828e-36,36.671362
16453,366,5343,763,2vmp_PLP_A_501,2,diffdock,0.14766829,0.0053957277,27.36763,0,0.99153972,31.172593
16454,366,5386,769,2vzu_PNJ_A_1901,3,diffdock_l,0.15000826,0.005338747,28.098026,0,6.7366529e-83,28.841441
16455,366,16887,2412,6rgg_K3Q_A_403,3,diffdock_l,0.11734663,0.0053032195,22.12743,0,4.2132265e-60,27.041409
16456,366,14269,2038,5xvv_AKG_B_506,3,diffdock_l,0.12099578,0.0053001931,22.82856,0,0,21.917255
16457,366,10740,1534,4zvv_GN0_A_405,2,diffdock,0.17736933,0.005257194,33.738403,0,0,53.647789
16458,366,3523,503,2b3f_GAL_C_3312,2,diffdock,0.2051437,0.0052454139,39.109154,0,0,44.190494
16459,366,310,44,1dna_CB3_B_602,2,diffdock,0.17917768,0.00524361,34.170673,0,0,30.149476
16460,366,15885,2269,6krs_CIT_I_301,2,diffdock,0.16129067,0.0052335246,30.818745,0,7.5392964e-68,34.858504
16461,366,8473,1210,4i02_CMP_A_301,3,diffdock_l,0.1564989,0.005233249,29.904728,0,0,39.480782
16462,366,9628,1375,4pb4_PLP_B_401,3,diffdock_l,0.13233332,0.0052321737,25.292225,0,0,13.165633
16463,366,11826,1689,5fli_QUE_E_301,3,diffdock_l,0.20432786,0.0052245533,39.109154,0,0,47.564
16464,366,10887,1555,5a8k_TP7_A_558,2,diffdock,0.2041135,0.0052190723,39.109154,0,0,30.149476
16465,366,10894,1556,5a8k_TP7_D_554,2,diffdock,0.20376249,0.0052100973,39.109154,0,0,30.149476
16466,366,16172,2310,6n0z_DP6_C_401,2,diffdock,0.14062721,0.0052070558,27.007046,0,0,35.798052
16467,366,4790,684,2pt6_S4M_A_501,2,diffdock,0.20309557,0.0051930444,39.109154,0,0,41.35176
16468,366,5602,800,2xta_TPP_B_2001,2,diffdock,0.19269618,0.0051692915,37.277096,0,0,30.149476
16469,366,16418,2345,6ofr_BOG_A_804,3,diffdock_l,0.11735271,0.005144949,22.809303,0,1.1050474e-59,33.422838
16470,366,7290,1041,4b98_PXG_C_470,3,diffdock_l,0.20103589,0.0051403793,39.109154,0,0.97322128,43.227124
16471,366,2417,345,1sjc_SMG_A_1000,2,diffdock,0.19837335,0.0051311919,38.660286,0,0,43.016852
16472,366,13771,1967,5uo3_8EY_B_804,2,diffdock,0.15027441,0.0051285454,29.301563,0,0,46.507456
16473,366,15130,2161,6f48_XQB_A_302,3,diffdock_l,0.11886233,0.0051263833,23.18639,0,0,13.183277
16474,366,6505,929,3vc3_C6P_C_501,2,diffdock,0.19950053,0.005101121,39.109154,0,0,50.529947
16475,366,15325,2189,6flu_DTK_B_405,2,diffdock,0.10340621,0.0050977034,20.284861,0,0,29.684507
16476,366,5178,739,2ri1_GLP_B_234,5,autodock,0.059660053,0.0050951202,11.709252,0,0.03484918,11.735899
16477,366,16411,2344,6ofr_BOG_A_803,3,diffdock_l,0.11734722,0.0050947001,23.033194,0,2.7948117e-45,34.78299
16478,367,7289,1041,4b98_PXG_C_470,2,diffdock,0.55132452,0.014038455,39.272449,0,0,70.313895
16479,367,4959,708,2qd4_CHD_B_926,3,diffdock_l,0.1369933,0.0064011593,21.401325,0,5.8339721e-42,35.712893
16480,367,9719,1388,4qbz_D80_A_917,3,diffdock_l,0.1359186,0.0060156146,22.594297,0,0,42.026172
16481,367,2159,308,1pr0_NOS_B_1246,3,diffdock_l,0.11705648,0.0060004696,19.507885,0,0,41.183654
16482,367,14439,2062,5ybq_8T0_B_303,5,autodock,0.1210141,0.0058438692,20.70787,0,0,13.938127
16483,367,16320,2331,6nig_NAG_A_605,3,diffdock_l,0.11787097,0.0056654675,20.805161,0,0,33.494164
16484,367,3328,475,1zpd_CIT_B_610,3,diffdock_l,0.17039577,0.0055997777,30.429022,0,2.6016091e-39,49.191924
16485,367,8066,1152,4ea0_651_A_306,2,diffdock,0.12790056,0.005586981,22.892605,0,0,29.920728
16486,367,9481,1354,4nkw_PLO_C_601,3,diffdock_l,0.1748013,0.0055462207,31.517189,0,2.7026592e-59,10.1033
16487,367,16327,2332,6nig_NAG_C_802,3,diffdock_l,0.11651547,0.0055309348,21.066143,0,0,23.567252
16488,367,14094,2013,5x2m_GLN_D_951,3,diffdock_l,0.11669829,0.0054332303,21.478619,0,0,39.662443
16489,367,16313,2330,6nig_NAG_A_604,3,diffdock_l,0.11669875,0.0054258104,21.508076,0,0,30.017129
16490,367,278,39,1d7a_AIR_C_400,5,autodock,0.083122916,0.005376251,15.461129,0,1.158207e-06,14.196233
16491,367,12953,1850,5lwy_OLB_A_406,3,diffdock_l,0.11669829,0.005368987,21.735624,0,1.8404491e-25,27.543099
16492,367,12946,1849,5lwy_OLB_A_403,3,diffdock_l,0.11669829,0.0053343605,21.876715,0,1.2082056e-22,27.64991
16493,367,6268,895,3t3q_9PL_A_501,3,diffdock_l,0.13973204,0.0053019931,26.354624,0,2.4262017e-05,43.350016
16494,367,9956,1422,4u8p_UDP_C_603,2,diffdock,0.14600144,0.0052994015,27.55055,0,0,35.252814
16495,367,271,38,1d7a_AIR_B_350,5,autodock,0.083703443,0.0052831781,15.843388,0,1.3693814e-06,12.341404
16496,367,9026,1289,4l1x_STR_B_402,3,diffdock_l,0.11677852,0.0052797299,22.118273,0,4.4153692e-81,28.575139
16497,367,15004,2143,6dl7_ONC_G_301,3,diffdock_l,0.13676658,0.0052765622,25.919636,0,1.3256191e-72,41.178071
16498,367,5855,836,2z6j_TUI_A_501,3,diffdock_l,0.13634434,0.0052543829,25.948687,0,5.3092735e-41,44.964486
16499,367,4938,705,2qd4_CHD_A_801,3,diffdock_l,0.13567774,0.0052392599,25.896355,0,3.5080512e-45,36.605326
16500,367,10881,1554,5a8k_COM_D_555,3,diffdock_l,0.11669832,0.0052339771,22.296297,0,0,28.001163
16501,367,10874,1553,5a8k_COM_A_556,3,diffdock_l,0.11669829,0.005233976,22.296297,0,0,28.001163
16502,367,8482,1211,4i02_CMP_A_302,5,autodock,0.13521427,0.0052209554,25.898375,0,0,10.667798
16503,367,4944,706,2qd4_CHD_A_802,2,diffdock,0.12751166,0.0051958577,24.541021,0,0,39.611217
16504,367,4973,710,2qd4_CHD_B_928,3,diffdock_l,0.13444842,0.0051917891,25.896355,0,7.2966287e-16,32.508241
16505,367,6632,947,3w4i_8LG_A_402,3,diffdock_l,0.083541006,0.0051787353,16.131544,0,9.5868154e-39,27.868046
16506,367,15032,2147,6e40_BBJ_B_502,3,diffdock_l,0.13493409,0.0051681437,26.10881,0,0,47.347786
16507,367,11812,1687,5fli_QUE_C_301,3,diffdock_l,0.2001811,0.0050972399,39.272449,0,0,50.87629
16508,367,416,59,1eow_U2G_A_130,3,diffdock_l,0.087343933,0.0050935447,17.147964,0,0,9.8870344
16509,367,11665,1666,5ezp_IPJ_B_201,3,diffdock_l,0.11669829,0.0050871458,22.939835,0,0,32.803749
16510,367,12407,1772,5ihe_D5M_A_701,3,diffdock_l,0.11673337,0.0050471576,23.128534,0,7.4787788e-33,41.855281
16511,367,3699,528,2c6q_IMP_B_1339,3,diffdock_l,0.19795795,0.0050406315,39.272449,0,0,59.459876
16512,367,16480,2354,6ooi_PGA_G_301,2,diffdock,0.12004021,0.0050226186,23.899923,0,0,37.493271
16513,367,3321,474,1zpd_CIT_A_610,3,diffdock_l,0.15226666,0.0050039943,30.429022,0,1.121606e-44,51.454228
16514,367,15599,2228,6hsg_GM5_A_504,3,diffdock_l,0.13618702,0.0049925806,27.27788,0,0,49.499416
16515,367,7864,1123,4d96_5PA_D_501,3,diffdock_l,0.18009608,0.0049843627,36.132217,0,9.0247175e-59,48.037856
16516,367,5861,837,2z6j_TUI_B_502,2,diffdock,0.13151986,0.0049789964,26.414932,0,0,49.352528
16517,367,11819,1688,5fli_QUE_D_301,3,diffdock_l,0.19527038,0.0049721976,39.272449,0,0,53.413379
16518,367,14947,2135,6cut_FEJ_B_401,2,diffdock,0.19512279,0.0049684394,39.272449,0,1.1552875e-65,58.844025
16519,367,12568,1795,5j5i_6GM_E_302,3,diffdock_l,0.17341419,0.0049596291,34.965153,0,0,23.397935
16520,367,12960,1851,5lwy_OLB_A_407,3,diffdock_l,0.1166983,0.0049533644,23.559399,0,4.3573809e-55,27.630652
16521,367,15024,2146,6e40_BBJ_A_502,2,diffdock,0.1434717,0.0049258049,29.126547,0,1.0959896e-11,50.174811
16522,367,2670,381,1u1g_BBB_C_5300,3,diffdock_l,0.14944041,0.0049059505,30.46105,0,7.0921681e-78,54.992629
16523,367,15668,2238,6jc7_F0G_A_601,2,diffdock,0.15202398,0.0048995872,31.027914,0,0,62.570933
16524,367,6519,931,3vc3_C6P_E_501,2,diffdock,0.19236495,0.0048982164,39.272449,0,0,55.964831
16525,367,12561,1794,5j5i_6GM_A_303,3,diffdock_l,0.17461018,0.0048840862,35.750839,0,0,57.944039
16526,367,3334,476,1zpd_CIT_E_610,2,diffdock,0.15699386,0.004882792,32.152477,0,0,54.29257
16527,367,12967,1852,5lwy_OLB_A_409,3,diffdock_l,0.13473769,0.0048790514,27.615549,0,1.5215104e-68,19.611229
16528,368,4401,628,2ixi_TYD_B_1182,5,autodock,0.054365809,0.0080824635,6.7263899,0,0,11.832777
16529,368,11000,1571,5b4o_6DQ_A_201,3,diffdock_l,0.098405602,0.0065953827,14.920377,0,0,24.717882
16530,368,5206,743,2tmk_ATM_B_217,5,autodock,0.076704021,0.006563583,11.686302,0,0,17.93279
16531,368,11014,1573,5b4o_6DQ_B_202,3,diffdock_l,0.093233889,0.0065416814,14.252281,0,4.583909e-40,38.986871
16532,368,11021,1574,5b4o_6DQ_C_201,3,diffdock_l,0.094979682,0.0064472043,14.731916,0,0,17.386814
16533,368,2630,375,1tt6_DES_A_129,5,autodock,0.038663022,0.0063230628,6.1146026,0,0,12.4131
16534,368,488,69,1fqo_F6R_A_1268,5,autodock,0.069375652,0.0063178202,10.980947,0,0.037040356,14.673809
16535,368,11363,1623,5dne_ASN_D_601,2,diffdock,0.14453571,0.0062070221,23.285835,0,0,40.801595
16536,368,17110,2444,6t07_M45_B_601,2,diffdock,0.069463493,0.0061286709,11.334185,0,0,18.113362
16537,368,7535,1076,4cjw_CBJ_B_1218,3,diffdock_l,0.1257422,0.0060976115,20.621548,0,6.5888223e-38,21.861247
16538,368,4835,690,2pye_7PE_A_504,5,autodock,0.071778343,0.0060897826,11.786683,0,6.6850711e-08,13.145815
16539,368,4394,627,2ixi_TYD_A_1182,5,autodock,0.03872707,0.0057871254,6.6919346,0,0,14.106058
16540,368,1328,189,1jyx_IPT_A_2002,5,autodock,0.092067468,0.0056598177,16.266859,0,0.00045190446,14.268797
16541,368,13520,1931,5thu_B3N_B_404,3,diffdock_l,0.12033753,0.0056399511,21.336624,0,0,42.247541
16542,368,16726,2389,6qol_JB5_B_301,3,diffdock_l,0.13468004,0.0056068893,24.020454,0,3.7916172e-21,19.380595
16543,368,7521,1074,4cjw_CBJ_A_1216,3,diffdock_l,0.11479073,0.0054712744,20.980618,0,4.1082125e-37,16.016004
16544,368,2404,343,1sff_IK2_B_450,3,diffdock_l,0.17123093,0.0054346978,31.506981,0,3.2054574e-27,57.542168
16545,368,17335,2476,6uqd_QF4_B_501,3,diffdock_l,0.13276904,0.0053939743,24.614323,0,0,35.271037
16546,368,13079,1868,5mzp_CFF_A_2401,3,diffdock_l,0.056978872,0.0053328531,10.6845,0,0.00031211317,36.839614
16547,368,17328,2475,6uqd_QF4_A_501,3,diffdock_l,0.13115046,0.0052624885,24.921755,0,1.6850974e-41,43.310211
16548,368,9264,1323,4mol_2FG_D_802,3,diffdock_l,0.15138413,0.0052251746,28.972069,0,0,39.515893
16549,368,16280,2325,6ngu_KMJ_A_803,5,autodock,0.037277509,0.005214986,7.1481504,0,0,7.1263438
16550,368,2284,326,1qmh_CIT_A_401,2,diffdock,0.084893097,0.0051347924,16.532915,0,0.0052693629,28.111115
16551,368,10096,1442,4uy7_HIS_B_800,2,diffdock,0.10990627,0.0051052221,21.528204,0,0,25.32428
16552,368,7150,1021,4adl_LMR_D_1468,3,diffdock_l,0.11479073,0.0051043799,22.48867,0,0,38.991883
16553,368,5420,774,2w7k_PLP_A_501,2,diffdock,0.11930432,0.0050615408,23.570749,0,0.98766644,28.93719
16554,368,9271,1324,4mop_2H5_A_802,3,diffdock_l,0.13140889,0.0050499285,26.021929,0,0,44.582778
16555,368,6764,966,3wgc_PLG_D_401,2,diffdock,0.14881331,0.0050325125,29.570379,0,0,45.468107
16556,369,17449,2492,6vv9_RQ1_A_202,5,autodock,0.085265727,0.0084803768,10.054473,0,1.0652224e-09,8.8374884
16557,369,14255,2036,5xvt_8FL_A_709,3,diffdock_l,0.13277483,0.0063824893,20.802982,0,0,34.628779
16558,369,15689,2241,6jc7_F0G_D_601,2,diffdock,0.15200822,0.0062956695,24.144884,0,6.4689065e-30,65.764702
16559,369,14689,2098,6ald_2FP_B_700,3,diffdock_l,0.11405185,0.0059704676,19.102665,0,1.4887896e-41,52.455468
16560,369,14682,2097,6ald_2FP_A_700,3,diffdock_l,0.11405185,0.0059704674,19.102665,0,2.2756177e-06,51.097423
16561,369,8881,1268,4jxh_HRC_A_301,5,autodock,0.054276731,0.0058210606,9.3241987,0,0.024909743,9.1204219
16562,369,4366,623,2ij7_TPF_D_2473,5,autodock,0.060826646,0.0057255238,10.623769,0,0,8.767215
16563,369,583,83,1g72_PQQ_C_703,2,diffdock,0.18812035,0.005707522,32.960075,0,0,53.987302
16564,369,7537,1076,4cjw_CBJ_B_1218,5,autodock,0.05426917,0.0056504394,9.6044149,0,0,7.807205
16565,369,9273,1324,4mop_2H5_A_802,5,autodock,0.079572202,0.0056427005,14.101793,0,0,77.57175
16566,369,2642,377,1tvw_CB3_A_318,3,diffdock_l,0.11750585,0.0055337183,21.234518,0,0.072358641,31.500341
16567,369,14502,2071,5ysh_5AD_D_605,5,autodock,0.043839493,0.0055070091,7.9606709,0,0,5.2567339
16568,369,4441,634,2j51_DKI_A_1314,3,diffdock_l,0.10094828,0.0054820533,18.414318,0,0.97862026,24.605253
16569,369,17197,2456,6tgi_N8Z_B_508,5,autodock,0.037986033,0.0054060455,7.0265832,0,0,4.6681347
16570,369,3405,486,2a5t_GLU_B_2002,3,diffdock_l,0.11577866,0.0053532072,21.627903,0,0,21.713532
16571,369,4364,623,2ij7_TPF_D_2473,3,diffdock_l,0.1257126,0.0053392707,23.544899,0,3.0217187e-181,32.545334
16572,369,9277,1325,4mop_2H5_B_802,2,diffdock,0.152522,0.0052973347,28.792213,0,2.1252722e-64,46.861962
16573,369,16243,2320,6ncx_ADA_D_601,3,diffdock_l,0.11405523,0.0052968495,21.532652,0,0,47.226309
16574,369,7563,1080,4cld_JUO_D_1270,3,diffdock_l,0.11578151,0.0051728123,22.382698,0,1.2230871e-48,39.773039
16575,369,7556,1079,4cld_JUO_C_1270,3,diffdock_l,0.11577599,0.0051725659,22.382698,0,1.457278e-48,38.988451
16576,369,7549,1078,4cld_JUO_B_1270,3,diffdock_l,0.11577053,0.0051723218,22.382698,0,5.6121252e-43,37.733701
16577,369,16236,2319,6ncx_ADA_C_601,3,diffdock_l,0.11405489,0.0051708171,22.057419,0,0,47.019454
16578,369,16229,2318,6ncx_ADA_A_601,3,diffdock_l,0.11405404,0.0051707788,22.057419,0,0,44.658479
16579,369,4357,622,2ij7_TPF_C_2471,3,diffdock_l,0.1323816,0.0051211172,25.85014,0,1.6831834e-92,35.703511
16580,369,10596,1513,4zbc_GLC_A_408,5,autodock,0.038148236,0.0051160918,7.4565182,0,0.00030335946,9.7367661
16581,369,14219,2031,5xmq_PLG_B_501,2,diffdock,0.18581971,0.005109731,36.365849,0,0,46.228968
16582,369,12449,1778,5ijz_AKG_H_502,3,diffdock_l,0.15301867,0.0051093776,29.948591,0,0,28.001163
16583,369,6275,896,3t3q_9PL_B_501,3,diffdock_l,0.11755788,0.0051024597,23.039452,0,6.5211026e-31,44.384862
16584,369,6282,897,3t3q_9PL_D_501,3,diffdock_l,0.11722899,0.0050981229,22.994537,0,1.9739454e-49,38.946693
16585,369,15682,2240,6jc7_F0G_C_601,2,diffdock,0.14255062,0.005096301,27.971388,0,0,62.33751
16586,369,17190,2455,6tgi_N8Z_A_508,5,autodock,0.036284483,0.0050606544,7.1699181,0,0,4.6129779
16587,369,6674,953,3w7f_FPS_B_302,3,diffdock_l,0.1177075,0.0050471515,23.321569,0,2.442725e-37,35.123524
16588,369,13106,1872,5nh9_XLS_A_503,2,diffdock,0.14268702,0.0050290531,28.37254,0,0,42.021822
16589,369,5987,855,2zuw_NDG_D_4004,2,diffdock,0.15242448,0.0050156167,30.389977,0,0,30.149476
16590,369,6667,952,3w7f_FPS_B_301,3,diffdock_l,0.11405202,0.0049812643,22.896198,0,0.019946565,26.749118
16591,369,16222,2317,6nba_P1T_D_501,3,diffdock_l,0.1717838,0.0049807325,34.489666,0,0,59.206228
16592,369,7782,1111,4d0z_BBK_A_1581,5,autodock,0.092060321,0.004971732,18.516748,0,0.00018221705,14.430623
16593,369,11517,1645,5eo7_SFU_A_403,2,diffdock,0.088335464,0.0049502428,17.844671,0,0.88852226,24.867704
16594,369,6954,993,3zcm_PX3_A_1214,3,diffdock_l,0.1326066,0.0048820929,27.161833,0,0.98912393,25.436464
16595,369,8090,1155,4ejh_0QA_D_502,5,autodock,0.057449687,0.0048727667,11.789951,0,0,248.59896
16596,369,12119,1731,5gzz_GSH_D_301,2,diffdock,0.14419847,0.0048612248,29.662989,0,0,56.777234
16597,369,5848,835,2z48_NGA_B_2006,3,diffdock_l,0.10538409,0.004852226,21.718708,0,3.8353501e-82,31.038514
16598,369,15692,2241,6jc7_F0G_D_601,5,autodock,0.10037089,0.0048437792,20.721605,0,1.2794161e-07,18.582895
16599,369,10251,1464,4wxb_CIT_C_501,3,diffdock_l,0.12391967,0.0048326812,25.64201,0,0,39.692351
16600,369,13848,1978,5vrj_R07_A_204,2,diffdock,0.10917752,0.0048070415,22.711996,0,3.1898137e-05,25.488623
16601,369,7661,1094,4cmk_FQW_B_1270,3,diffdock_l,0.13442426,0.0047575259,28.255075,0,1.06654e-49,46.630215
16602,369,12700,1814,5jg5_EVF_B_302,2,diffdock,0.063741387,0.0047508834,13.416743,0,7.2312408e-22,15.504592
16603,369,10684,1526,4zsy_RW2_C_502,2,diffdock,0.18811287,0.0047489651,39.61134,0,0,62.749541
16604,369,9614,1373,4p8c_Y22_B_502,3,diffdock_l,0.13115671,0.0047014159,27.897276,0,0,42.583159
16605,369,5063,723,2qui_LTN_B_478,2,diffdock,0.10354466,0.0046974843,22.042576,0,0,34.851561
16606,370,6953,993,3zcm_PX3_A_1214,2,diffdock,0.5116872,0.018346575,27.890064,0,2.550277e-39,28.798277
16607,370,3743,534,2caq_GSH_A_1208,5,autodock,0.036873425,0.0071799037,5.1356425,0,3.5656017e-05,13.652919
16608,370,4056,579,2fhk_MFN_C_601,3,diffdock_l,0.17581863,0.006160729,28.538607,0,2.095086e-16,56.673614
16609,370,13883,1983,5vv0_9OM_B_803,2,diffdock,0.10815784,0.0061414526,17.611115,0,0,46.510199
16610,370,14338,2048,5yaq_ISE_D_402,2,diffdock,0.12467635,0.005969714,20.884809,0,0,39.917558
16611,370,7754,1107,4d06_NAR_F_301,5,autodock,0.099765385,0.0058055887,17.184368,0,0,6.2746682
16612,370,2095,299,1pi3_TZD_A_530,2,diffdock,0.12625452,0.0056176137,22.474758,0,0,33.821235
16613,370,1311,187,1jyw_147_A_2001,2,diffdock,0.16583095,0.0056111333,29.553911,0,0,30.149476
16614,370,17411,2487,6vmz_R3P_A_404,2,diffdock,0.10830639,0.0056014218,19.335516,0,0,38.40765
16615,370,6352,907,3tyn_CXW_A_800,3,diffdock_l,0.13243818,0.0055228001,23.980257,0,1.2791783e-37,44.127386
16616,370,6359,908,3tyn_CXW_B_800,3,diffdock_l,0.13226844,0.005515722,23.980257,0,1.5384576e-35,45.770455
16617,370,4497,642,2ji6_TPW_B_1566,3,diffdock_l,0.16894744,0.0054554569,30.968521,0,0,12.689928
16618,370,13855,1979,5vut_9OG_A_803,2,diffdock,0.13952991,0.0054218385,25.734795,0,9.0096698e-36,45.419799
16619,370,4490,641,2ji6_TPW_A_1566,3,diffdock_l,0.16750491,0.0053331322,31.408354,0,6.2485769e-36,54.503131
16620,370,11296,1613,5di7_5CQ_A_601,5,autodock,0.11054927,0.0052816453,20.930838,0,0,59.75041
16621,370,16201,2314,6n9r_OHN_X_305,3,diffdock_l,0.12103935,0.0052584196,23.018198,0,0,27.335904
16622,370,929,132,1h69_ARH_C_1275,5,autodock,0.036858433,0.0052469738,7.0247021,0,0,13.575386
16623,370,8265,1180,4gim_PSU_C_400,5,autodock,0.075839811,0.0051835277,14.630925,0,0,24.255252
16624,370,2119,302,1pke_2FD_C_448,5,autodock,0.064964303,0.0051777876,12.546729,0,3.5094329e-06,13.901044
16625,370,4063,580,2fib_GLY_B_2,3,diffdock_l,0.11290166,0.0051579816,21.888727,0,0.14966905,20.136562
16626,370,14437,2062,5ybq_8T0_B_303,3,diffdock_l,0.13260928,0.0051396883,25.801033,0,0,40.994151
16627,370,7751,1107,4d06_NAR_F_301,2,diffdock,0.15026689,0.0050900031,29.521963,0,0,59.949426
16628,370,9676,1382,4q3a_2YC_B_904,2,diffdock,0.11517934,0.0050832,22.658823,0,0.8881763,27.217163
16629,370,15956,2279,6l86_LMR_B_303,3,diffdock_l,0.11291368,0.0049928028,22.615288,0,5.4016481e-51,12.393599
16630,370,4202,600,2giq_NN2_A_1001,2,diffdock,0.15216737,0.0049854374,30.522369,0,9.2408234e-59,56.796482
16631,370,9924,1417,4tqi_6BD_B_201,5,autodock,0.037164348,0.0049740267,7.4716816,0,4.0254379e-07,4.8223764
16632,370,17456,2493,6vv9_RQ1_B_304,5,autodock,0.045161181,0.004972987,9.0812979,0,6.8801515e-10,10.313275
16633,370,4049,578,2fhk_MFN_B_602,3,diffdock_l,0.1373464,0.0049702171,27.633881,0,9.9315526e-17,29.315829
16634,370,12577,1796,5j5i_6GM_F_302,5,autodock,0.087692567,0.0049700443,17.64422,0,0,19.680442
16635,370,1444,206,1knu_YPA_A_1001,2,diffdock,0.14145917,0.0049621084,28.507874,0,0,32.756806
16636,370,4055,579,2fhk_MFN_C_601,2,diffdock,0.14435115,0.0049491346,29.166946,0,0,57.425041
16637,370,10461,1494,4yu7_DHC_A_203,3,diffdock_l,0.059652006,0.0049401623,12.074907,0,1.8789312e-36,31.131851
16638,370,16194,2313,6n9r_OHN_A_303,3,diffdock_l,0.11290166,0.0049107512,22.990709,0,0,28.231509
16639,370,7786,1112,4d0z_BBK_B_1580,2,diffdock,0.13961273,0.0049027287,28.476534,0,0,30.149476
16640,370,9221,1317,4mig_G3F_A_802,2,diffdock,0.14655139,0.0049007048,29.904144,0,0.9168387,51.932892
16641,370,9917,1416,4tqi_6BD_A_201,5,autodock,0.037159615,0.0049003661,7.5830274,0,4.4676309e-06,5.1533432
16642,370,7779,1111,4d0z_BBK_A_1581,2,diffdock,0.14006903,0.0048993248,28.589455,0,0,30.149476
16643,370,17636,2519,6zi7_QR8_D_502,3,diffdock_l,0.12872052,0.0048905845,26.320066,0,8.0710387e-42,31.756468
16644,370,13827,1975,5vl0_BNF_A_404,2,diffdock,0.096386892,0.0048578175,19.841602,0,8.1365125e-47,35.17849
16645,370,2102,300,1pke_2FD_A_446,2,diffdock,0.1034338,0.0048355443,21.39031,0,0,27.830196
16646,370,7653,1093,4cmk_FQW_A_1270,2,diffdock,0.14838492,0.0048308852,30.715883,0,0,49.506059
16647,370,4196,599,2g9z_VNP_B_601,3,diffdock_l,0.12906682,0.0048240309,26.754972,0,0,39.255899
16648,370,11265,1609,5ddu_PMP_A_601,2,diffdock,0.15448433,0.0047975755,32.2005,0,2.3244702e-85,50.585827
16649,370,12605,1800,5j5i_6GM_I_303,5,autodock,0.086638711,0.0047927104,18.077183,0,0,15.547042
16650,370,7793,1113,4d0z_BBK_E_1584,2,diffdock,0.13370711,0.0047514329,28.140375,0,0,30.149476
16651,370,9630,1375,4pb4_PLP_B_401,5,autodock,0.068000873,0.0047272539,14.384856,0,0,16.217499
16652,370,13863,1980,5vut_9OG_B_803,3,diffdock_l,0.13203128,0.0047148709,28.003157,0,5.7352615e-34,21.567572
16653,370,8465,1209,4hzf_CMP_B_301,2,diffdock,0.11700937,0.004653269,25.145626,0,0,29.153234
16654,370,14409,2058,5ybp_8SX_B_303,3,diffdock_l,0.11290166,0.0046532407,24.263016,0,0,42.026549
16655,370,11055,1579,5bkd_RCF_B_503,2,diffdock,0.11070709,0.0046449507,23.833855,0,0,30.073724
16656,371,13505,1929,5tdt_MBN_D_502,2,diffdock,0.134073,0.0072109973,18.59285,0,0,37.920129
16657,371,13485,1926,5tdt_MBN_A_502,3,diffdock_l,0.12175182,0.0060800788,20.02471,0,0,32.175622
16658,371,1013,144,1hsb_ALA_A_1001,5,autodock,0.035647329,0.0058585393,6.0846777,0,9.2307248e-09,12.900852
16659,371,6078,868,3qss_MTG_B_405,2,diffdock,0.10585936,0.0057268303,18.484806,0,1.7976561e-52,24.447188
16660,371,3608,515,2brk_CMF_A_1534,3,diffdock_l,0.11250469,0.0056776295,19.815432,0,0,31.186704
16661,371,12805,1829,5kcp_PFB_B_378,2,diffdock,0.11102205,0.0052630832,21.094486,0,0.7149259,28.79359
16662,371,11945,1706,5g09_6DF_A_1475,3,diffdock_l,0.18206685,0.0052550554,34.646038,0,3.9560078e-64,64.108085
16663,371,243,34,1cq1_BGC_A_455,5,autodock,0.059394624,0.005105864,11.632628,0,6.5453714e-05,14.778409
16664,371,14345,2049,5yb7_ORN_A_602,2,diffdock,0.14681371,0.0049838471,29.457907,0,6.5816323e-36,43.990942
16665,371,14801,2114,6bmm_OLB_B_404,3,diffdock_l,0.12951803,0.0049501165,26.16464,0,0,25.724801
16666,371,13484,1926,5tdt_MBN_A_502,2,diffdock,0.09202651,0.0049443544,18.61244,0,0,36.862658
16667,371,9985,1426,4uc9_ASP_B_1300,3,diffdock_l,0.11427566,0.0048657058,23.485935,0,0,34.093226
16668,371,14380,2054,5yb7_ORN_D_602,2,diffdock,0.14794811,0.0048097268,30.760189,0,1.1318226e-63,44.67195
16669,371,15949,2278,6l86_LMR_B_302,3,diffdock_l,0.10008287,0.0047508773,21.066185,0,0,25.256241
16670,371,8584,1226,4i4v_NGA_D_202,2,diffdock,0.097099504,0.0047488137,20.447105,0,0,24.405402
16671,371,1668,238,1m3u_KPL_I_265,2,diffdock,0.16975948,0.0047467497,35.763309,0,0,48.356484
16672,371,10509,1501,4z69_DIF_A_1006,2,diffdock,0.08751802,0.0046512827,18.815887,0,0,39.569907
16673,371,14794,2113,6bmm_OLB_A_404,3,diffdock_l,0.1227747,0.0046499507,26.403439,0,1.247152e-54,26.43957
16674,371,17330,2475,6uqd_QF4_A_501,5,autodock,0.078688913,0.0046407336,16.956135,0,0,17.272217
16675,371,15704,2243,6jk9_BU0_A_501,3,diffdock_l,0.11250483,0.0046062215,24.424536,0,1.1385995e-73,43.726399
16676,371,5661,808,2xyj_WLM_A_1442,5,autodock,0.083536222,0.0046027848,18.149059,0,0,12.335143
16677,371,14647,2092,6a2n_9QR_A_701,3,diffdock_l,0.13083744,0.0046007651,28.438189,0,4.5993463e-83,28.877665
16678,371,4238,605,2gyv_HBP_A_1409,3,diffdock_l,0.12505476,0.0045986873,27.193577,0,0,35.831233
16679,371,10351,1478,4xpq_FUL_A_1004,5,autodock,0.038039331,0.0045816746,8.302494,0,7.9542112e-10,9.5117972
16680,371,8220,1174,4gcq_0JM_A_401,2,diffdock,0.10095607,0.0045763809,22.06024,0,0,34.601821
16681,371,9795,1399,4r2n_PLP_A_401,2,diffdock,0.18296906,0.0045738021,40.003712,0,0,52.40211
16682,371,5253,750,2uza_HTL_B_1236,3,diffdock_l,0.18287544,0.0045714619,40.003712,0,1.1933884e-35,90.837141
16683,371,14352,2050,5yb7_ORN_A_603,2,diffdock,0.14628107,0.0045275731,32.308937,0,2.946052e-51,37.718377
16684,371,2956,422,1x29_PMG_B_1413,2,diffdock,0.18030436,0.0045071908,40.003712,0,0,48.497692
16685,371,8710,1244,4i9n_1E6_F_401,2,diffdock,0.17895172,0.0044733779,40.003712,0,0,67.8194
16686,371,5210,744,2uuj_896_B_1250,2,diffdock,0.11641205,0.0044283678,26.287798,0,0,22.693829
16687,371,17789,2541,8cpp_TCM_A_422,2,diffdock,0.05303051,0.0044224272,11.991267,0,0.06327054,20.534727
16688,371,429,61,1eyw_PEL_A_404,2,diffdock,0.044272458,0.0043931244,10.077669,0,0,30.149476
16689,371,15710,2244,6jk9_BU0_B_501,2,diffdock,0.12149678,0.0043767459,27.759613,0,0,47.76455
16690,371,5504,786,2wu4_HBP_B_1545,2,diffdock,0.14985407,0.004367373,34.312176,0,0,30.149476
16691,371,250,35,1cq1_BGC_B_455,5,autodock,0.049327514,0.0043534818,11.330588,0,6.5250751e-05,13.301037
16692,371,2663,380,1u1g_BBB_B_4300,3,diffdock_l,0.13579687,0.004328745,31.370955,0,0.97964657,39.632524
16693,371,2546,363,1tkh_DPN_A_913,5,autodock,0.041291023,0.0043268011,9.5430822,0,0.0077854134,14.314391
16694,371,4139,591,2fz8_ZST_A_600,2,diffdock,0.11580683,0.004315712,26.833771,0,0,26.361764
16695,371,14619,2088,6a2m_9QR_A_701,3,diffdock_l,0.12667825,0.004310633,29.387388,0,3.3532541e-84,46.387727
16696,371,8900,1271,4k5g_Q13_A_803,3,diffdock_l,0.11401217,0.0043087829,26.460409,0,3.3584736e-10,45.111252
16697,371,7996,1142,4e7v_CRS_E_101,2,diffdock,0.083036361,0.0042963226,19.327309,0,1.0551262e-55,21.930592
16698,371,7738,1105,4d06_NAR_C_301,3,diffdock_l,0.17169162,0.0042918923,40.003712,0,3.4698756e-29,51.959521
16699,371,3831,547,2dv0_ZST_A_600,2,diffdock,0.11329207,0.0042886331,26.416822,0,3.389823e-10,23.836793
16700,371,794,113,1h1m_KMP_C_1358,3,diffdock_l,0.17149659,0.0042870169,40.003712,0,1.7173288e-06,40.279267
16701,371,787,112,1h1m_KMP_A_1360,3,diffdock_l,0.17133265,0.0042829189,40.003712,0,0,11.94554
16702,371,7283,1040,4b98_PXG_B_470,3,diffdock_l,0.17115816,0.0042785571,40.003712,0,2.0443711e-64,67.177472
16703,371,8759,1251,4itu_1HS_D_302,2,diffdock,0.10885139,0.0042724606,25.477446,0,0,32.789816
16704,371,1318,188,1jyx_IPT_A_2001,2,diffdock,0.17069613,0.0042670072,40.003712,0,0,30.149476
16705,371,11833,1690,5fli_QUE_F_301,3,diffdock_l,0.17064167,0.0042656458,40.003712,0,0,50.193414
16706,372,2662,380,1u1g_BBB_B_4300,2,diffdock,0.51035207,0.01351798,37.753574,0,0,61.764631
16707,372,14815,2116,6br1_E3Y_B_505,3,diffdock_l,0.11196733,0.0055813994,20.060797,0,0,26.627322
16708,372,14737,2105,6b5k_TYD_B_304,2,diffdock,0.13880038,0.0047726794,29.082275,0,3.4068491e-23,32.014412
16709,372,4940,705,2qd4_CHD_A_801,5,autodock,0.08534268,0.0047324016,18.033691,0,0,21.861963
16710,372,16614,2373,6q4r_HJ5_A_1009,3,diffdock_l,0.12878446,0.0047272472,27.243011,0,0,55.927613
16711,372,3573,510,2bf7_HBI_C_1290,3,diffdock_l,0.11364954,0.0047113247,24.122627,0,2.6105227e-65,36.082889
16712,372,12644,1806,5j61_A3G_G_501,2,diffdock,0.14287415,0.0046538164,30.700424,0,0,42.107292
16713,372,16536,2362,6pna_M16_B_803,2,diffdock,0.12304971,0.0045802801,26.865105,0,6.9857244e-06,42.351265
16714,372,4975,710,2qd4_CHD_B_928,5,autodock,0.080688154,0.0044743,18.033691,0,0,39.570112
16715,372,3580,511,2bf7_HBI_D_1290,3,diffdock_l,0.11188752,0.0044537332,25.122185,0,1.2608716e-67,37.588285
16716,372,9473,1353,4nkw_PLO_B_601,2,diffdock,0.15126633,0.0044295985,34.148994,0,0,60.559323
16717,372,11072,1581,5c38_DA8_A_403,5,autodock,0.074426071,0.0044290514,16.804064,0,3.4928936e-09,35.246966
16718,372,3566,509,2bf7_HBI_B_1290,3,diffdock_l,0.11188281,0.0044278102,25.268202,0,6.5316407e-28,37.910757
16719,372,10642,1520,4zo7_BGC_A_802,2,diffdock,0.14060532,0.0044206836,31.806238,0,6.9558905e-07,39.227332
16720,372,9466,1352,4nkw_PLO_A_601,2,diffdock,0.15073619,0.0044189901,34.111004,0,0,57.342364
16721,372,16560,2365,6png_OSG_B_804,5,autodock,0.030376557,0.0044096541,6.8886476,0,1.0445237e-05,7.2158372
16722,372,14730,2104,6b5k_TYD_A_304,2,diffdock,0.13425186,0.0043991933,30.51738,0,0.98200392,35.933045
16723,372,2063,294,1p7l_MET_A_485,5,autodock,0.035478669,0.0043968634,8.0690851,0,1.8088718e-06,7.9306993
16724,372,8776,1253,4j0k_EGR_A_501,5,autodock,0.057149495,0.0043961279,12.999961,0,0,15.837608
16725,372,9487,1355,4nkw_PLO_D_601,2,diffdock,0.14958164,0.0043851433,34.111004,0,0,48.244805
16726,372,2070,295,1p7l_MET_B_385,5,autodock,0.035476594,0.0043606763,8.1355705,0,1.6746868e-06,7.1949185
16727,372,5798,828,2z48_A2G_B_2005,2,diffdock,0.10124837,0.0043289778,23.388514,0,0,27.921572
16728,372,14814,2116,6br1_E3Y_B_505,2,diffdock,0.085179158,0.0043251094,19.694103,0,0,30.149476
16729,372,16964,2423,6s23_KSW_B_402,3,diffdock_l,0.063310227,0.0043212068,14.651052,0,0.0035851234,17.904098
16730,372,950,135,1h82_GZZ_A_590,5,autodock,0.081137764,0.0042843225,18.938293,0,1.2843697e-07,16.249248
16731,372,13394,1913,5t6b_TMP_D_503,3,diffdock_l,0.11188281,0.004260713,26.259174,0,0,44.172288
16732,372,7899,1128,4dd8_BAT_C_1000,3,diffdock_l,0.14704574,0.0042274324,34.783699,0,0,37.950216
16733,372,7544,1077,4cld_JUO_A_1270,5,autodock,0.035607187,0.0042148269,8.4480772,0,0.00021025325,11.063765
16734,373,6737,962,3wca_FPS_C_402,3,diffdock_l,0.12886382,0.0055016469,23.42277,0,0,47.466413
16735,373,6723,960,3wca_FPS_B_401,3,diffdock_l,0.13127302,0.0055001088,23.867348,0,0,36.756118
16736,373,3685,526,2c5b_5F1_C_500,3,diffdock_l,0.11105228,0.0053792197,20.64468,0,0,18.665882
16737,373,6744,963,3wca_FPS_D_401,3,diffdock_l,0.12706314,0.0053740002,23.644051,0,0,46.201061
16738,373,3678,525,2c5b_5F1_A_500,3,diffdock_l,0.11105228,0.0053261898,20.850227,0,0,39.135971
16739,373,4674,667,2o7d_DHC_A_701,5,autodock,0.10605666,0.0053016704,20.004383,0,0,59.900407
16740,373,17580,2511,6yaw_P9H_A_301,3,diffdock_l,0.14648349,0.0050857918,28.802492,0,0,32.627061
16741,373,6716,959,3wca_FPS_A_501,3,diffdock_l,0.12572169,0.0050521889,24.884596,0,0,46.889276
16742,373,4828,689,2pwf_BGC_D_9999,5,autodock,0.069126522,0.0050285748,13.746741,0,0.00041042378,38.097869
16743,373,4671,667,2o7d_DHC_A_701,2,diffdock,0.15358666,0.0048482138,31.679018,0,0,30.149476
16744,373,14334,2047,5yaq_ISE_B_402,5,autodock,0.084774026,0.0048365848,17.52766,0,0.054558974,31.944201
16745,373,8255,1179,4gim_PSU_B_400,2,diffdock,0.15815454,0.0048060903,32.907108,0,0,42.535579
16746,373,16642,2377,6qa7_HTW_A_901,3,diffdock_l,0.14520211,0.004764762,30.474155,0,4.4928935e-40,42.752553
16747,373,6704,957,3wat_BMA_A_404,5,autodock,0.044961067,0.0046897383,9.5871153,0,0.016414696,16.866589
16748,373,15216,2173,6fa1_D2Z_A_203,5,autodock,0.060698426,0.0046825771,12.96261,0,0,6.3670816
16749,373,17719,2531,7bzm_GIM_B_501,2,diffdock,0.10098127,0.0046585831,21.67639,0,0,33.857844
16750,373,6711,958,3wat_BMA_B_404,5,autodock,0.043292006,0.0045156442,9.5871153,0,0.014000653,11.786204
16751,373,7688,1098,4cno_9PY_C_301,2,diffdock,0.10035881,0.0045001039,22.301441,0,0,24.240794
16752,373,12112,1730,5gzz_GSH_C_301,2,diffdock,0.13914152,0.0044928864,30.969292,0,0,52.382691
16753,373,4370,624,2ij7_TPF_F_2474,2,diffdock,0.12584371,0.0044576675,28.230841,0,4.8847059e-119,40.917493
16754,373,6568,938,3vnm_SDD_A_301,2,diffdock,0.088829432,0.0044185029,20.103964,0,0,37.554701
16755,373,12126,1732,5gzz_GSH_E_301,2,diffdock,0.13263793,0.0044008247,30.139334,0,0,45.273807
16756,373,1921,274,1o29_UFP_A_803,3,diffdock_l,0.11105074,0.0043768778,25.372133,0,3.5695174e-37,42.137547
16757,373,7829,1118,4d5e_TPP_A_1589,3,diffdock_l,0.15301337,0.0043669724,35.038776,0,1.2827471e-49,47.162181
16758,373,1447,206,1knu_YPA_A_1001,5,autodock,0.068898674,0.0043267593,15.923851,0,0,12.75603
16759,373,4566,652,2ntk_IMP_C_207,2,diffdock,0.11821798,0.0042758042,27.648125,0,0,44.280434
16760,373,6393,913,3ucc_2PG_B_601,2,diffdock,0.099274025,0.0042381433,23.423941,0,0,31.637646
16761,373,4552,650,2ntk_IMP_A_205,2,diffdock,0.11761137,0.0042051167,27.968632,0,0,43.034412
16762,373,10671,1524,4zsy_RW2_A_502,3,diffdock_l,0.16801595,0.0041770924,40.223183,0,0,54.887599
16763,373,11891,1698,5fqf_NGA_B_1586,5,autodock,0.058991601,0.004165143,14.163162,0,0.00095675331,12.453677
16764,373,2789,398,1v5g_HTL_A_1602,3,diffdock_l,0.11831004,0.0041594153,28.443909,0,2.4183921e-21,41.086515
16765,373,13100,1871,5n8c_8Q8_A_403,3,diffdock_l,0.13220443,0.0041277186,32.02845,0,0,32.310053
16766,373,8262,1180,4gim_PSU_C_400,2,diffdock,0.13493001,0.0041003302,32.907108,0,0,42.839128
16767,373,10678,1525,4zsy_RW2_B_502,3,diffdock_l,0.16486819,0.0040988349,40.223183,0,0,56.370157
16768,373,3734,533,2c6q_IMP_H_1337,3,diffdock_l,0.15689627,0.0040975206,38.290539,0,0,64.621453
16769,373,14360,2051,5yb7_ORN_B_602,3,diffdock_l,0.11384004,0.0040766471,27.924917,0,1.5490601e-35,39.908717
16770,373,11076,1582,5c4i_TPP_C_402,2,diffdock,0.16380619,0.0040724324,40.223183,0,0,89.03705
16771,373,11958,1708,5g09_6DF_C_1475,2,diffdock,0.16358118,0.0040668382,40.223183,0,0,69.794372
16772,373,502,71,1fs5_16G_A_1267,5,autodock,0.036340371,0.0040463802,8.980957,0,4.6027592e-08,10.730087
16773,373,12630,1804,5j61_A3G_E_501,2,diffdock,0.12490713,0.004008703,31.158987,0,7.9758668e-58,36.712064
16774,373,15174,2167,6f76_CVK_C_203,5,autodock,0.076199371,0.0040080055,19.011791,0,0,9.3899365
16775,373,7807,1115,4d3s_BOG_H_1000,2,diffdock,0.13580483,0.003982012,34.104576,0,0,49.303447
16776,373,8998,1285,4kux_FPS_C_705,3,diffdock_l,0.1313069,0.0039809437,32.983864,0,9.4135922e-101,34.6505
16777,373,6498,928,3vc3_C6P_B_501,2,diffdock,0.15975933,0.0039718221,40.223183,0,2.563037e-89,51.617104
16778,373,9257,1322,4mol_2FG_C_703,3,diffdock_l,0.11811212,0.0039616558,29.813826,0,0,12.284578
16779,373,11489,1641,5edh_5MF_B_803,2,diffdock,0.11964377,0.0039506828,30.284325,0,3.7936972e-45,41.32618
16780,373,5108,729,2qxf_TMP_A_3000,5,autodock,0.034442603,0.0039493563,8.7210665,0,0,8.8918818
16781,373,12526,1789,5ivg_FPS_B_704,3,diffdock_l,0.12740262,0.0039436831,32.305492,0,6.9091087e-07,13.779683
16782,373,16215,2316,6nba_P1T_B_501,3,diffdock_l,0.11105228,0.0039344676,28.225489,0,0,54.641906
16783,373,12540,1791,5ivg_FPS_D_704,3,diffdock_l,0.12843223,0.003927165,32.703548,0,8.1658999e-96,36.443007
16784,374,13639,1948,5u8z_83D_D_602,3,diffdock_l,0.12842122,0.0058143713,22.086861,0,0,46.187311
16785,374,13625,1946,5u8z_83D_B_602,3,diffdock_l,0.12698108,0.005749168,22.086861,0,4.8685463e-61,47.040541
16786,374,5136,733,2r4t_250_A_503,5,autodock,0.033387486,0.0055750434,5.988739,0,0,11.91375
16787,374,13618,1945,5u8z_83D_A_602,3,diffdock_l,0.12702967,0.0053511208,23.738888,0,0,42.828697
16788,374,12192,1741,5ha7_WY1_A_402,5,autodock,0.042032598,0.0052146896,8.060421,0,0,8.4923271
16789,374,13632,1947,5u8z_83D_C_602,3,diffdock_l,0.11014798,0.0047992295,22.951178,0,0,45.383903
16790,374,835,119,1h48_CDI_A_201,2,diffdock,0.11620796,0.0047735801,24.343983,0,0,33.683685
16791,374,5535,790,2x05_X05_A_1900,5,autodock,0.095637837,0.00474281,20.164803,0,0,40.154894
16792,374,2077,296,1p7l_PPK_C_684,5,autodock,0.042509297,0.0046062098,9.2286921,0,0.014383812,11.872774
16793,374,13274,1896,5oew_9TE_C_301,2,diffdock,0.11095518,0.004598291,24.129654,0,1.0156177e-72,43.958715
16794,374,9091,1298,4l8q_XMM_A_303,5,autodock,0.05151398,0.0045698876,11.272482,0,0,13.843934
16795,374,4062,580,2fib_GLY_B_2,2,diffdock,0.085977892,0.0045303413,18.978235,0,0,22.96586
16796,374,341,48,1duc_DUD_A_201,5,autodock,0.032787545,0.0045128443,7.2653828,0,0,13.471725
16797,374,7152,1021,4adl_LMR_D_1468,5,autodock,0.033387488,0.0044636658,7.479835,0,0,50.183469
16798,374,6961,994,3zcm_PX3_B_1216,3,diffdock_l,0.11014798,0.004323607,25.475945,0,3.0706006e-39,24.546754
16799,374,5448,778,2wdq_CBE_G_1130,2,diffdock,0.15038418,0.0042653574,35.257111,0,0,30.149476
16800,374,5441,777,2wdq_CBE_C_1130,2,diffdock,0.14976862,0.0042608152,35.150227,0,0,30.149476
16801,374,5665,809,2xyj_WLM_B_1441,2,diffdock,0.13074295,0.0042271203,30.929552,0,0,35.168304
16802,374,11714,1673,5faj_DCS_C_401,3,diffdock_l,0.12710241,0.0041462653,30.654671,0,0,28.001163
16803,374,15851,2264,6krs_CIT_B_301,3,diffdock_l,0.12813226,0.0041361172,30.978874,0,2.309492e-118,36.06364
16804,374,15872,2267,6krs_CIT_F_301,3,diffdock_l,0.12745175,0.0040683271,31.327801,0,0,37.913661
16805,374,11700,1671,5faj_DCS_A_401,3,diffdock_l,0.12698487,0.0040224115,31.569336,0,0,28.001163
16806,374,9777,1396,4qya_LU2_B_201,5,autodock,0.033387477,0.003997617,8.3518438,0,1.9953127e-09,14.250805
16807,374,17503,2500,6xeb_V1P_A_411,3,diffdock_l,0.11017041,0.0039743667,27.72024,0,0,47.572875
16808,374,4912,701,2qca_DGP_A_300,5,autodock,0.036041797,0.0038683919,9.3169966,0,0,7.0811026
16809,374,11413,1630,5dw3_TRP_C_402,3,diffdock_l,0.12342182,0.0038622494,31.95594,0,0,28.001163
16810,374,1109,158,1itw_ICT_B_744,3,diffdock_l,0.12803021,0.0038457666,33.291206,0,0,41.46416
16811,374,14096,2013,5x2m_GLN_D_951,5,autodock,0.0333875,0.0038322985,8.7121334,0,1.7483751e-08,15.087209
16812,374,6135,876,3roe_THM_A_265,3,diffdock_l,0.11150872,0.0038100792,29.266769,0,3.8447874e-58,35.807257
16813,374,11825,1689,5fli_QUE_E_301,2,diffdock,0.15402944,0.0037973682,40.562157,0,0,52.034217
16814,374,11720,1674,5faj_DCS_D_401,2,diffdock,0.12386586,0.0037823583,32.748314,0,0,30.149476
16815,374,6512,930,3vc3_C6P_D_501,2,diffdock,0.15243349,0.0037580224,40.562157,0,0,54.279219
16816,374,13638,1948,5u8z_83D_D_602,2,diffdock,0.082719634,0.003753045,22.04067,0,0,53.534124
16817,374,13624,1946,5u8z_83D_B_602,2,diffdock,0.0825675,0.0037461425,22.04067,0,0,49.234792
16818,374,13631,1947,5u8z_83D_C_602,2,diffdock,0.084346674,0.0037113905,22.726433,0,0,51.543467
16819,374,15108,2158,6f2v_AMP_B_1001,2,diffdock,0.10246079,0.0037025299,27.673182,0,0.72919536,45.053979
16820,374,15997,2285,6l8a_BAL_E_503,2,diffdock,0.070886038,0.0036959081,19.179598,0,1.8564075e-47,46.910324
16821,374,17246,2463,6tol_NQW_A_201,5,autodock,0.033374517,0.0036921191,9.0393925,0,0,6.8087585
16822,374,5035,719,2qs2_UBF_A_603,2,diffdock,0.083613673,0.0036895539,22.66227,0,2.6793089e-62,29.25474
16823,374,6492,927,3vc3_C6P_A_501,3,diffdock_l,0.14422421,0.0036472118,39.54369,0,0,39.177523
16824,374,5617,802,2xta_TPP_D_2001,3,diffdock_l,0.14786682,0.0036454379,40.562157,0,0,28.001163
16825,374,14989,2141,6dl7_ONC_D_301,2,diffdock,0.11095379,0.0036433282,30.453962,0,0,57.490262
16826,374,11716,1673,5faj_DCS_C_401,5,autodock,0.079751001,0.0036409844,21.90369,0,0,24.685149
16827,374,2126,303,1pl6_572_A_405,5,autodock,0.049216921,0.0036157195,13.611929,0,0,9.7051489
16828,374,2840,405,1vzd_UFP_A_317,5,autodock,0.034199927,0.0035695105,9.5811243,0,0.078275439,6.7602102
16829,374,13876,1982,5vuu_9OJ_B_803,2,diffdock,0.10444575,0.0035382496,29.519045,0,0,43.717068
16830,374,13617,1945,5u8z_83D_A_602,2,diffdock,0.08257224,0.003537942,23.339058,0,0,51.332972
16831,374,6960,994,3zcm_PX3_B_1216,2,diffdock,0.084346667,0.00352698,23.914698,0,0.98139071,28.710806
16832,374,9823,1403,4rii_TYD_A_401,2,diffdock,0.1060808,0.003519989,30.136684,0,0,42.858259
16833,374,7857,1122,4d96_5PA_C_402,3,diffdock_l,0.14244811,0.0035118476,40.562157,0,0,44.107631
16834,375,7107,1015,4a8p_PAO_D_1340,2,diffdock,0.13306301,0.00496406,26.805277,0,1.2117912e-42,49.674874
16835,375,10635,1519,4zo7_BGC_A_801,2,diffdock,0.11807047,0.004950903,23.848269,0,7.5238517e-54,36.019766
16836,375,4198,599,2g9z_VNP_B_601,5,autodock,0.075785009,0.0048530477,15.615961,0,7.2889545e-08,14.01216
16837,375,4097,585,2fr6_URI_B_1002,2,diffdock,0.11815764,0.0047918593,24.657993,0,0,30.808739
16838,375,13354,1907,5sga_TYR_P_1,5,autodock,0.078780908,0.0046279791,17.022743,0,0,14.221212
16839,375,9168,1309,4lz7_1YW_B_804,5,autodock,0.038466777,0.0045302459,8.4911003,0,0,5.1291355
16840,375,14065,2009,5x23_LSN_A_502,2,diffdock,0.11667168,0.0044201525,26.395395,0,0,32.261238
16841,375,15039,2148,6e40_BBJ_D_502,3,diffdock_l,0.10811856,0.0043756627,24.709068,0,0,26.885983
16842,375,5959,851,2zut_A2G_B_4002,2,diffdock,0.12252501,0.0042707858,28.6891,0,0,30.149476
16843,375,15228,2175,6fa1_D2Z_F_203,3,diffdock_l,0.10731807,0.0042378843,25.3235,0,3.3403074e-32,27.7873
16844,375,4581,654,2nu7_COA_B_1025,3,diffdock_l,0.10811856,0.0042312709,25.552263,0,0,16.471324
16845,375,7850,1121,4d96_5PA_B_501,3,diffdock_l,0.12610456,0.0041743591,30.20932,0,0,21.962205
16846,375,17638,2519,6zi7_QR8_D_502,5,autodock,0.074541563,0.0041284785,18.055454,0,0,88.003743
16847,375,16028,2289,6lql_F0C_A_702,5,autodock,0.031911672,0.0041265898,7.7331815,0,0,13.640428
16848,375,4188,598,2g9z_VNP_A_602,2,diffdock,0.10636555,0.0040526509,26.245918,0,0,41.326974
16849,375,15186,2169,6f77_PLP_C_600,3,diffdock_l,0.10811868,0.0040081896,26.97444,0,0,28.001163
16850,375,5980,854,2zuw_NDG_C_4003,2,diffdock,0.10812641,0.0039796847,27.16959,0,0,30.149476
16851,375,5973,853,2zuw_NDG_B_4002,2,diffdock,0.1116052,0.0039344814,28.365923,0,0,30.149476
16852,375,10253,1464,4wxb_CIT_C_501,5,autodock,0.031835606,0.0039208456,8.1195755,0,2.0089921e-07,16.169739
16853,375,8290,1184,4gt9_UMP_A_302,2,diffdock,0.061275251,0.0039046196,15.693013,0,2.5415979e-05,17.176091
16854,375,15864,2266,6krs_CIT_D_301,2,diffdock,0.1225683,0.0039017771,31.413454,0,2.6253875e-111,38.647733
16855,375,534,76,1fuy_FIP_A_269,2,diffdock,0.094894587,0.0038772005,24.475025,0,0.99217893,34.788812
16856,375,13795,1970,5urz_BOG_B_201,5,autodock,0.03001886,0.0038536278,7.7897654,0,0.51005128,13.533809
16857,375,14073,2010,5x23_LSN_A_503,3,diffdock_l,0.10812006,0.0037345614,28.951204,0,3.6352885e-06,25.880595
16858,375,15809,2258,6jyg_FLC_E_402,3,diffdock_l,0.10818093,0.0037067225,29.185062,0,0,33.22889
16859,375,12098,1728,5gwt_SIN_C_301,2,diffdock,0.090907518,0.0036927181,24.618048,0,0,32.527747
16860,375,7852,1121,4d96_5PA_B_501,5,autodock,0.082235421,0.0036862469,22.30871,0,0,33.219883
16861,375,12616,1802,5j61_A3G_C_501,2,diffdock,0.12274543,0.0036635074,33.504894,0,1.0199953e-20,44.711387
16862,375,15368,2195,6fs7_E4Z_E_903,3,diffdock_l,0.10811883,0.0036447882,29.663954,0,0,55.189378
16863,375,6834,976,3wsg_CIT_E_302,2,diffdock,0.091330851,0.0036343988,25.12956,0,0,34.088269
16864,375,17208,2458,6to7_SUV_A_401,2,diffdock,0.11382732,0.0035842445,31.757687,0,0,39.019284
16865,375,17215,2459,6to7_SUV_B_401,2,diffdock,0.11376368,0.0035822407,31.757687,0,0,41.821899
16866,375,12014,1716,5g4r_LF1_B_1739,2,diffdock,0.07369958,0.0035680451,20.655449,0,5.8587067e-40,28.074265
16867,375,15192,2170,6f77_PLP_D_600,2,diffdock,0.11183763,0.0035672911,31.350855,0,0,30.149476
16868,375,15346,2192,6fs7_E4Z_B_903,2,diffdock,0.11563546,0.0035558105,32.520142,0,0,58.770476
16869,375,16257,2322,6ng5_KMD_B_803,3,diffdock_l,0.12740866,0.0035196748,36.198986,0,2.6244062e-38,44.099992
16870,375,8186,1169,4fm6_TYR_C_259,3,diffdock_l,0.10811856,0.0035028601,30.865791,0,0,46.63647
16871,375,14766,2109,6b9p_D0J_B_1001,3,diffdock_l,0.11055621,0.0035018234,31.571037,0,0,16.665055
16872,375,8293,1184,4gt9_UMP_A_302,5,autodock,0.031857592,0.0035005308,9.1007881,0,0,7.1029058
16873,375,3705,529,2c6q_IMP_C_1337,2,diffdock,0.14288177,0.0035002788,40.82011,0,1.3316431e-43,65.118114
16874,375,14080,2011,5x23_LSN_A_504,3,diffdock_l,0.10743265,0.003494389,30.744329,0,0,27.126265
16875,375,12575,1796,5j5i_6GM_F_302,3,diffdock_l,0.12781849,0.0034854942,36.671555,0,0,29.191162
16876,375,14705,2100,6av2_BY7_A_803,5,autodock,0.025996466,0.0034807831,7.4685674,0,0,8.9485299
16877,375,11272,1610,5ddu_PMP_B_601,2,diffdock,0.14194261,0.0034772716,40.82011,0,2.1949624e-108,51.76475
16878,375,12603,1800,5j5i_6GM_I_303,3,diffdock_l,0.12754033,0.0034651008,36.807106,0,0,22.243385
16879,375,5143,734,2r5e_QLP_A_430,5,autodock,0.083661117,0.003447521,24.267035,0,0,64.479753
16880,375,5077,725,2qx4_ML1_A_233,2,diffdock,0.072563613,0.0034420833,21.081305,0,0,26.899222
16881,375,7100,1014,4a8p_PAO_C_1340,2,diffdock,0.092107572,0.0034380346,26.790762,0,1.9050358e-41,50.831307
16882,375,3005,429,1xin_XYL_A_397,2,diffdock,0.11627455,0.0034298451,33.900818,0,6.0096712e-46,39.820687
16883,375,14625,2089,6a2m_9QR_B_701,2,diffdock,0.13963784,0.0034208101,40.82011,0,0,50.815198
16884,376,15248,2178,6fld_NAG_A_602,2,diffdock,0.074358394,0.0047734011,15.577654,0,0,30.149476
16885,376,17453,2493,6vv9_RQ1_B_304,2,diffdock,0.080691253,0.0045628886,17.684246,0,0,22.563085
16886,376,11443,1634,5dzh_5KG_A_900,5,autodock,0.096421028,0.0044905914,21.471786,0,0,41.429129
16887,376,2914,416,1w78_PD8_A_1421,2,diffdock,0.10708143,0.0043330247,24.712858,0,0,30.149476
16888,376,304,43,1dna_CB3_A_601,3,diffdock_l,0.10732216,0.0042513267,25.24439,0,0,28.001163
16889,376,8675,1239,4i9n_1E5_H_402,2,diffdock,0.12254401,0.0041131568,29.793175,0,1.9234088e-49,52.438082
16890,376,15647,2235,6ix8_B3O_A_408,2,diffdock,0.11579582,0.0041050509,28.20813,0,0,41.770587
16891,376,4723,674,2oxp_THP_A_300,5,autodock,0.031962132,0.0040816632,7.8306627,0,0,11.680911
16892,376,15676,2239,6jc7_F0G_B_601,3,diffdock_l,0.10732219,0.0040413708,26.555887,0,0,49.606652
16893,376,9782,1397,4r08_URI_D_901,3,diffdock_l,0.1073224,0.0040222747,26.682014,0,0,28.001163
16894,376,15374,2196,6fs7_E4Z_F_903,2,diffdock,0.11234612,0.0039703132,28.296537,0,0,58.989082
16895,376,10754,1536,4zvv_GN0_C_403,2,diffdock,0.11481932,0.003940897,29.135324,0,0,51.905316
16896,376,15339,2191,6fs7_E4Z_A_903,2,diffdock,0.11105529,0.0039175949,28.347822,0,0,53.086097
16897,376,16284,2326,6ngu_KMJ_B_803,2,diffdock,0.10800001,0.0038680334,27.921165,0,0,44.818078
16898,376,5763,823,2z20_PLP_A_701,2,diffdock,0.10158087,0.0038461004,26.41139,0,0,39.86281
16899,376,4989,712,2qgw_EES_A_1,5,autodock,0.082099407,0.003699825,22.190077,0,0,205.9882
16900,376,17614,2516,6zi7_QR8_A_502,2,diffdock,0.11057551,0.0036764743,30.076508,0,0,38.357675
16901,376,12423,1774,5ijz_AKG_A_502,5,autodock,0.046577674,0.003664644,12.710012,0,0.53256123,8.3186143
16902,376,16550,2364,6png_OSG_B_801,2,diffdock,0.081522257,0.003629947,22.458248,0,0,43.974943
16903,376,17642,2520,6zi7_QR8_F_503,2,diffdock,0.109122,0.0036239382,30.111439,0,9.1531226e-166,39.183932
16904,376,4996,713,2qgw_EES_B_1,5,autodock,0.082632396,0.0036021165,22.939955,0,0,229.43477
16905,376,9595,1370,4p7q_NAG_A_704,5,autodock,0.031426182,0.0035513291,8.8491316,0,2.980487e-08,9.6117949
16906,376,1633,233,1m3u_KPL_A_265,2,diffdock,0.1104646,0.0035279739,31.311058,0,0,47.639704
16907,376,962,137,1h8p_PC_A_1111,3,diffdock_l,0.040376501,0.0034954344,11.55121,0,1.982904e-27,9.0002367
16908,376,6932,990,3wzo_ZOE_B_201,2,diffdock,0.10613817,0.0034917655,30.396706,0,0,34.130247
16909,376,16186,2312,6n0z_DP6_F_401,2,diffdock,0.093533042,0.0034850506,26.838358,0,0,40.43939
16910,376,4574,653,2ntk_IMP_D_208,3,diffdock_l,0.10732218,0.0034765985,30.869879,0,0,43.823952
16911,376,13386,1912,5t6b_TMP_B_504,2,diffdock,0.10530189,0.0034606337,30.428497,0,0,48.691862
16912,377,14621,2088,6a2m_9QR_A_701,5,autodock,0.068749883,0.0055645618,12.354949,0,1.8080895e-10,13.025665
16913,377,6277,896,3t3q_9PL_B_501,5,autodock,0.041217271,0.0054520661,7.5599351,0,0,5.7920736
16914,377,9966,1423,4u8y_MIY_B_1102,5,autodock,0.076950581,0.0053924719,14.27,0,0,29.551172
16915,377,6284,897,3t3q_9PL_D_501,5,autodock,0.039938254,0.0053394167,7.4798899,0,0,5.9852674
16916,377,10146,1449,4w1v_3GS_B_502,3,diffdock_l,0.10915209,0.0047170779,23.139767,0,0.94993235,45.497603
16917,377,6270,895,3t3q_9PL_A_501,5,autodock,0.031513245,0.0041684539,7.5599351,0,0,6.5715094
16918,377,10883,1554,5a8k_COM_D_555,5,autodock,0.031656189,0.0038868882,8.144352,0,2.8401661e-06,58.274819
16919,377,10876,1553,5a8k_COM_A_556,5,autodock,0.03165441,0.0038866697,8.144352,0,4.7843155e-08,483.60981
16920,377,9964,1423,4u8y_MIY_B_1102,3,diffdock_l,0.12347247,0.0038779365,31.839733,0,0,28.001163
16921,377,14796,2113,6bmm_OLB_A_404,5,autodock,0.048624897,0.0038631769,12.586763,0,5.4460516e-15,15.323076
16922,377,9291,1327,4mpr_TPP_A_602,2,diffdock,0.11145989,0.0037859889,29.440098,0,0,35.513744
16923,377,8088,1155,4ejh_0QA_D_502,3,diffdock_l,0.11919397,0.0037614662,31.688166,0,0,28.001163
16924,377,11497,1642,5edh_5MF_D_803,3,diffdock_l,0.10714648,0.0036664739,29.223301,0,1.3138343e-54,42.227244
16925,377,11483,1640,5edh_5MF_A_803,3,diffdock_l,0.1071467,0.0035979814,29.779669,0,0.21929332,40.577502
16926,377,14373,2053,5yb7_ORN_C_603,2,diffdock,0.1230124,0.0035599607,34.554428,0,2.1083148e-51,39.398532
16927,377,4713,673,2ot7_OGA_B_500,2,diffdock,0.074432142,0.0035203189,21.143578,0,0,30.149476
16928,377,6718,959,3wca_FPS_A_501,5,autodock,0.070521703,0.0034950605,20.177532,0,0,12.543561
16929,377,15941,2277,6l86_LMR_A_302,2,diffdock,0.065858766,0.0034736616,18.959463,0,0,29.123453
16930,377,14038,2005,5wgw_MB5_A_714,3,diffdock_l,0.10714648,0.0034623298,30.94635,0,1.4358402e-31,24.641831
16931,377,191,27,1c9c_PP3_A_413,2,diffdock,0.088170593,0.003432375,25.687923,0,0,27.463263
16932,377,15811,2258,6jyg_FLC_E_402,5,autodock,0.031530887,0.0034161538,9.2299366,0,7.9191084e-05,11.738571
16933,377,12843,1834,5kjz_PCG_A_401,5,autodock,0.043708612,0.0033073025,13.215788,0,0,246.226
16934,377,2431,347,1sjc_SMG_D_1300,2,diffdock,0.12374904,0.0032539229,38.030724,0,0,39.124954
16935,377,12542,1791,5ivg_FPS_D_704,5,autodock,0.07725102,0.0032389302,23.85078,0,0,24.898735
16936,377,11706,1672,5faj_DCS_B_401,2,diffdock,0.11017908,0.0032288207,34.123631,0,0,30.149476
16937,377,9480,1354,4nkw_PLO_C_601,2,diffdock,0.11156735,0.0031934361,34.936459,0,0,59.657138
16938,377,16791,2398,6r4j_GLU_A_704,5,autodock,0.03165438,0.0031889304,9.9263306,0,2.1422392e-08,61.043496
16939,377,12528,1789,5ivg_FPS_B_704,5,autodock,0.073530668,0.0031776935,23.139633,0,0,31.631244
16940,377,4923,703,2qcx_PF1_B_300,2,diffdock,0.07255855,0.0031584095,22.973127,0,0,26.860186
16941,377,14758,2108,6b9p_D0J_A_1001,2,diffdock,0.10495342,0.0031448296,33.373325,0,0,58.657783
16942,377,5808,829,2z48_NGA_A_1002,5,autodock,0.030043557,0.003137454,9.5757751,0,3.8795859e-06,14.70764
16943,377,15878,2268,6krs_CIT_H_301,2,diffdock,0.10323807,0.003094518,33.361599,0,1.0039611e-92,41.748066
16944,377,3582,511,2bf7_HBI_D_1290,5,autodock,0.031635071,0.0030765681,10.282583,0,0,6.1667885
16945,377,8717,1245,4i9n_1E6_G_401,2,diffdock,0.12634687,0.0030683694,41.177204,0,3.8087689e-106,63.578764
16946,377,16672,2381,6qdb_HWQ_A_1003,5,autodock,0.032082945,0.0030681416,10.4568,0,0,10.633709
16947,377,3568,509,2bf7_HBI_B_1290,5,autodock,0.031654368,0.003061236,10.340387,0,0,9.6569543
16948,377,5141,734,2r5e_QLP_A_430,3,diffdock_l,0.12590203,0.0030575663,41.177204,0,0,29.827307
16949,377,13970,1995,5w5t_9X7_D_508,5,autodock,0.031625568,0.0030571602,10.344752,0,0.0016392129,50.433001
16950,377,14075,2010,5x23_LSN_A_503,5,autodock,0.031648924,0.0030459794,10.390392,0,0,11.083952
16951,377,10923,1560,5aew_BNL_C_462,3,diffdock_l,0.12502724,0.0030363218,41.177204,0,0,28.001163
16952,377,11847,1692,5fli_QUE_H_301,3,diffdock_l,0.12488775,0.0030329341,41.177204,0,0,57.82488
16953,377,948,135,1h82_GZZ_A_590,3,diffdock_l,0.12480226,0.0030308581,41.177204,0,0,34.140578
16954,377,11805,1686,5fli_QUE_A_301,3,diffdock_l,0.12472538,0.0030289909,41.177204,0,5.7004045e-40,55.060509
16955,377,14975,2139,6dl7_ONC_B_301,2,diffdock,0.095936093,0.0030278559,31.684496,0,0,57.269311
16956,377,2312,330,1rf2_BV4_H_108,2,diffdock,0.093069097,0.0030248155,30.768518,0,0,22.660503
16957,377,14362,2051,5yb7_ORN_B_602,5,autodock,0.04141889,0.0030207388,13.711509,0,0.00091405297,9.2181619
16958,377,3260,465,1zha_R5P_A_1269,5,autodock,0.031868267,0.0030182237,10.558616,0,3.1695319e-08,8.9062494
16959,377,2187,312,1pvc_ILE_0_7,3,diffdock_l,0.10714648,0.0030066288,35.636749,0,2.0369494e-51,42.655383
16960,377,17729,2532,7c7g_FJR_A_402,5,autodock,0.032062506,0.0030059746,10.666259,0,0,7.7606854
16961,377,4128,589,2fyd_NGA_B_404,5,autodock,0.039396037,0.0030055683,13.107682,0,1.8509025e-05,15.035383
16962,378,10145,1449,4w1v_3GS_B_502,2,diffdock,0.50903036,0.012317146,41.326973,0,0,47.438465
16963,378,2278,325,1qit_MAE_A_411,3,diffdock_l,0.03421679,0.0051196205,6.6834612,0,0.9787812,16.148383
16964,378,705,100,1gz5_G6P_A_901,5,autodock,0.056691776,0.0050229145,11.286629,0,1.9424014e-05,15.710949
16965,378,8304,1186,4h4c_10D_A_402,2,diffdock,0.087396356,0.0043866494,19.923258,0,0,26.509703
16966,378,5490,784,2wj4_HQD_C_1277,2,diffdock,0.11489994,0.0043450701,26.443747,0,2.603637e-136,24.380697
16967,378,15899,2271,6kxh_DY9_B_402,2,diffdock,0.11483416,0.0041533111,27.648821,0,0,43.504177
16968,378,5668,809,2xyj_WLM_B_1441,5,autodock,0.079583501,0.0040965856,19.426786,0,0,28.812668
16969,378,13641,1948,5u8z_83D_D_602,5,autodock,0.080884195,0.0040031572,20.205099,0,0,111.79763
16970,378,786,112,1h1m_KMP_A_1360,2,diffdock,0.10985376,0.0039286517,27.962202,0,0,44.701948
16971,378,7523,1074,4cjw_CBJ_A_1216,5,autodock,0.028744032,0.003925542,7.3223081,0,0,10.125605
16972,378,793,113,1h1m_KMP_C_1358,2,diffdock,0.11044503,0.0038507193,28.681662,0,0,44.740247
16973,378,15907,2272,6kxh_DY9_C_402,3,diffdock_l,0.10690125,0.0038225392,27.966028,0,0,23.678975
16974,378,13627,1946,5u8z_83D_B_602,5,autodock,0.075508806,0.003737116,20.205099,0,0,126.435
16975,378,13620,1945,5u8z_83D_A_602,5,autodock,0.075692807,0.0036911239,20.506708,0,0,523.2333
16976,378,633,90,1gck_PLP_A_413,3,diffdock_l,0.10718998,0.0034860343,30.7484,0,0,42.910069
16977,378,4065,580,2fib_GLY_B_2,5,autodock,0.027629417,0.0034696488,7.9631729,0,0,20.687494
16978,378,6771,967,3wjz_NUP_A_301,2,diffdock,0.087667819,0.0033224296,26.386658,0,0,21.765059
16979,378,2133,304,1pl6_572_B_407,5,autodock,0.041824394,0.0032687552,12.795204,0,0,9.8080982
16980,378,15223,2174,6fa1_D2Z_B_203,5,autodock,0.049691236,0.0032665052,15.212354,0,0,9.389705
16981,378,10222,1460,4ws6_WBU_A_301,2,diffdock,0.034140512,0.0032596329,10.473728,0,0,13.591099
16982,378,6925,989,3wzo_ZOE_A_201,2,diffdock,0.099797508,0.0032461163,30.743662,0,0,34.019532
16983,378,11482,1640,5edh_5MF_A_803,2,diffdock,0.12183719,0.0032458539,37.536251,0,0,44.812456
16984,378,7257,1036,4aw0_MJF_A_600,5,autodock,0.028682976,0.0032457355,8.8371258,0,0,408.51054
16985,378,6400,914,3ucl_CYH_A_543,2,diffdock,0.036654455,0.003231766,11.341927,0,0,20.439688
16986,378,11405,1629,5dw3_TRP_A_402,2,diffdock,0.087242348,0.003209358,27.183737,0,0,30.149476
16987,378,16249,2321,6ng5_KMD_A_803,2,diffdock,0.11846371,0.0031847737,37.196899,0,0,48.29627
16988,378,649,92,1gij_2PU_A_501,5,autodock,0.029793488,0.003164795,9.4140329,0,0,17.742732
16989,378,8244,1177,4ghf_4NC_C_402,5,autodock,0.076673149,0.0031252053,24.533794,0,0,1984.2001
16990,378,14901,2128,6cdy_EY1_B_501,5,autodock,0.033661952,0.0031171295,10.799022,0,0,17.640811
16991,378,11695,1670,5f79_4V7_A_4000,5,autodock,0.029658699,0.0031080074,9.5426722,0,0,7.0261518
16992,378,11667,1666,5ezp_IPJ_B_201,5,autodock,0.028744057,0.003093005,9.2932453,0,0,8.0135425
16993,378,11674,1667,5ezp_IPJ_C_201,5,autodock,0.026291188,0.00308299,8.5278206,0,0,6.9799636
16994,378,17628,2518,6zi7_QR8_C_502,2,diffdock,0.095308118,0.003035892,31.393776,0,0,34.811005
16995,378,5245,749,2uyv_TLA_D_1275,2,diffdock,0.076791408,0.0030208421,25.420528,0,0,32.659164
16996,378,10995,1570,5awd_IDQ_A_901,5,autodock,0.028743503,0.003015997,9.5303478,0,0,16.850185
16997,378,12392,1770,5icf_SAU_A_402,2,diffdock,0.046681691,0.0029989318,15.566105,0,2.6085753e-05,26.215677
16998,378,8242,1177,4ghf_4NC_C_402,3,diffdock_l,0.12380403,0.0029957197,41.326973,0,0,22.315329
16999,378,2343,334,1rvz_NAG_A_3321,5,autodock,0.028744304,0.0029940667,9.600421,0,2.7317177e-07,8.0871391
17000,378,8235,1176,4ghf_4NC_A_402,3,diffdock_l,0.12358601,0.0029904443,41.326973,0,0,38.402508
17001,378,11419,1631,5dw3_TRP_D_402,2,diffdock,0.079412294,0.0029861112,26.593882,0,0,30.149476
17002,378,8249,1178,4ghf_4NC_D_402,3,diffdock_l,0.12331051,0.0029837781,41.326973,0,0,37.633414
17003,378,2350,335,1rvz_NAG_F_3331,5,autodock,0.02873634,0.0029654041,9.6905298,0,3.3390317e-09,8.07506
17004,378,12435,1776,5ijz_AKG_C_502,3,diffdock_l,0.12210127,0.0029545175,41.326973,0,0,28.001163
17005,378,14212,2030,5xmq_PLG_A_501,2,diffdock,0.12202725,0.0029527266,41.326973,0,0,44.228384
17006,378,2460,351,1sz6_NAG_B_5002,3,diffdock_l,0.040172053,0.0029387796,13.669637,0,1.5387812e-34,26.431744
17007,378,9175,1310,4lz7_1YW_C_804,5,autodock,0.028744056,0.002937348,9.7857161,0,0,17.980858
17008,378,9165,1309,4lz7_1YW_B_804,2,diffdock,0.040577185,0.0029350475,13.825051,0,0,41.448146
17009,378,6641,948,3w4i_8LG_B_402,5,autodock,0.028938238,0.0029310823,9.8728838,0,0,5.2756721
17010,378,15906,2272,6kxh_DY9_C_402,2,diffdock,0.083117142,0.0029215757,28.449421,0,0,45.523169
17011,378,12428,1775,5ijz_AKG_B_502,3,diffdock_l,0.11972762,0.0028970819,41.326973,0,0,28.001163
17012,379,11702,1671,5faj_DCS_A_401,5,autodock,0.073906061,0.0038671762,19.111116,0,0,34.670795
17013,379,8405,1200,4hmx_WUB_A_302,5,autodock,0.02666686,0.0032130403,8.299571,0,0,5.5982415
17014,379,3650,521,2bxh_IOS_B_1002,3,diffdock_l,0.039791234,0.0031940389,12.457967,0,6.4499326e-103,24.972343
17015,379,12379,1768,5iav_MLI_B_302,3,diffdock_l,0.048810631,0.0031547349,15.47218,0,0,15.194257
17016,379,9347,1335,4n4j_HG1_A_606,2,diffdock,0.066864543,0.0031508423,21.221163,0,0,29.812219
17017,379,1405,200,1kep_TDX_A_3500,5,autodock,0.027659238,0.0031142455,8.8815203,0,0.0011725645,9.5736315
17018,379,5148,735,2r5e_QLP_B_430,3,diffdock_l,0.10893563,0.0030938397,35.210495,0,0.96867445,22.803731
17019,379,14583,2083,5zpt_HY1_A_702,2,diffdock,0.067547457,0.0030532375,22.123222,0,0,30.149476
17020,379,14709,2101,6av2_BY7_B_803,2,diffdock,0.094323361,0.0030201448,31.231401,0,0,47.554111
17021,379,6169,881,3rsc_TYD_A_397,2,diffdock,0.10395712,0.0030178663,34.447224,0,0,41.029018
17022,379,6648,949,3w4i_8LG_C_402,5,autodock,0.02795561,0.0030036051,9.3073511,0,0,5.8086999
17023,379,11223,1603,5cr1_STL_B_201,2,diffdock,0.0273771,0.0029474038,9.2885466,0,2.1164528e-07,14.68757
17024,379,15262,2180,6flu_DTK_A_401,2,diffdock,0.08203098,0.0028799678,28.483295,0,2.5431984e-77,32.645705
17025,379,11877,1696,5fqf_NGA_A_1589,5,autodock,0.03594635,0.0028514345,12.606408,0,0.0020845742,13.818448
17026,379,6939,991,3wzo_ZOE_C_201,2,diffdock,0.078013556,0.0028403115,27.466547,0,0,33.754919
17027,379,17586,2512,6yaw_P9H_B_502,2,diffdock,0.09573571,0.0027286285,35.085651,0,0,35.903783
17028,379,2676,382,1u1g_BBB_D_6300,2,diffdock,0.10675611,0.0027142409,39.331848,0,0,58.777119
17029,379,10475,1496,4yu7_DHC_B_203,3,diffdock_l,0.035322416,0.002712883,13.020249,0,0,19.824447
17030,379,8094,1156,4ejh_0QA_F_502,2,diffdock,0.10185102,0.0026974502,37.758259,0,0,30.149476
17031,379,13687,1955,5uio_8DM_C_202,2,diffdock,0.076145788,0.0026937811,28.26725,0,0,35.063322
17032,379,12567,1795,5j5i_6GM_E_302,2,diffdock,0.10547606,0.0026686933,39.523483,0,7.7851667e-65,68.747619
17033,379,15892,2270,6krs_CIT_J_301,2,diffdock,0.092731844,0.0026685736,34.749592,0,0,38.613716
17034,379,13968,1995,5w5t_9X7_D_508,3,diffdock_l,0.11039455,0.0026581911,41.529953,0,0,28.001163
17035,379,12560,1794,5j5i_6GM_A_303,2,diffdock,0.10967171,0.0026407857,41.529953,0,5.8418894e-65,61.202626
17036,379,7737,1105,4d06_NAR_C_301,2,diffdock,0.10947164,0.0026359683,41.529953,0,0,57.071531
17037,379,10089,1441,4uy7_HIS_A_800,2,diffdock,0.060690399,0.0026304814,23.071972,0,0,23.332384
17038,379,13961,1994,5w5t_9X7_A_506,3,diffdock_l,0.10893585,0.002623067,41.529953,0,0,28.001163
17039,379,10692,1527,4zsy_RW2_D_502,3,diffdock_l,0.10893564,0.0026230619,41.529953,0,0,25.233761
17040,379,11854,1693,5fli_QUE_J_301,3,diffdock_l,0.10893563,0.0026230617,41.529953,0,0,52.492936
17041,379,4042,577,2fhk_MFN_A_600,3,diffdock_l,0.10893563,0.0026230617,41.529953,0,5.0134101e-18,53.167054
17042,379,7282,1040,4b98_PXG_B_470,2,diffdock,0.10849768,0.0026125164,41.529953,0,0,67.584718
17043,379,11065,1580,5bwr_4VT_A_402,5,autodock,0.026696461,0.0026049468,10.24837,0,2.6589126e-05,5.8202094
17044,379,13949,1992,5vys_GMP_B_303,5,autodock,0.028013735,0.0025926878,10.8049,0,0,13.970851
17045,379,16207,2315,6nba_P1T_A_501,2,diffdock,0.10760775,0.0025910876,41.529953,0,0.99425309,61.068833
17046,379,15972,2281,6l86_LMR_D_302,5,autodock,0.029902786,0.0025896198,11.547172,0,0.0045867324,10.599444
17047,379,11944,1706,5g09_6DF_A_1475,2,diffdock,0.10742025,0.0025865729,41.529953,0,0,71.462736
17048,379,16221,2317,6nba_P1T_D_501,2,diffdock,0.10738531,0.0025857316,41.529953,0,0,59.471289
17049,379,14936,2133,6cqu_HI6_B_601,5,autodock,0.036265709,0.0025795553,14.058899,0,0,13.967168
17050,379,10670,1524,4zsy_RW2_A_502,2,diffdock,0.10685386,0.0025729348,41.529953,0,0,58.976363
17051,379,11832,1690,5fli_QUE_F_301,2,diffdock,0.10674186,0.002570238,41.529953,0,0,55.685981
17052,379,9355,1336,4n4j_HG1_A_607,3,diffdock_l,0.038900858,0.0025564675,15.216644,0,1.7507121e-25,44.249072
17053,379,11811,1687,5fli_QUE_C_301,2,diffdock,0.10602916,0.0025530767,41.529953,0,0,49.01073
17054,379,5518,788,2wzv_FMN_A_801,2,diffdock,0.1035792,0.0025528661,40.573692,0,2.4263523e-33,39.964739
17055,379,2403,343,1sff_IK2_B_450,2,diffdock,0.1057917,0.0025473591,41.529953,0,9.4807043e-62,64.447297
17056,379,2683,383,1u1g_BBB_F_8300,2,diffdock,0.10063593,0.0025186943,39.955593,0,0,64.425321
17057,379,9140,1305,4luu_BTM_A_704,5,autodock,0.026596302,0.0025139714,10.579396,0,0,14.984577
17058,379,3698,528,2c6q_IMP_B_1339,2,diffdock,0.10372759,0.0024976572,41.529953,0,0,72.287673
17059,379,16567,2366,6po9_OS7_A_803,5,autodock,0.025335426,0.0024887588,10.179943,0,3.7888357e-14,8.9453424
17060,379,15958,2279,6l86_LMR_B_303,5,autodock,0.028494601,0.0024651378,11.559029,0,0.0029992035,10.766665
17061,379,15979,2282,6l86_MLT_A_303,5,autodock,0.028977384,0.0024405061,11.873513,0,0.0038274079,12.263853
17062,380,5147,735,2r5e_QLP_B_430,2,diffdock,0.50865631,0.012156416,41.842621,0,0,50.715797
17063,380,2929,418,1wmz_NGA_C_503,3,diffdock_l,0.043291193,0.0036356336,11.907468,0,0,15.146265
17064,380,3257,465,1zha_R5P_A_1269,2,diffdock,0.056687372,0.0031680671,17.89336,0,0,24.323927
17065,380,8752,1250,4itu_1HS_B_302,2,diffdock,0.05899126,0.0030846515,19.124123,0,0,35.2891
17066,380,12416,1773,5ihe_D5M_B_701,5,autodock,0.033315535,0.0029658314,11.233117,0,0.0054509888,12.05867
17067,380,12910,1844,5la1_XYP_A_602,2,diffdock,0.041891272,0.0029150635,14.37062,0,1.357926e-75,17.544653
17068,380,8237,1176,4ghf_4NC_A_402,5,autodock,0.0737465,0.0028995938,25.433388,0,0,1255.8728
17069,380,8251,1178,4ghf_4NC_D_402,5,autodock,0.072051101,0.0028329335,25.433388,0,0,813.42665
17070,380,4072,581,2fkm_G16_X_464,5,autodock,0.02191202,0.0028223674,7.763701,0,9.9101476e-06,16.878669
17071,380,15818,2259,6jz4_EVA_A_701,5,autodock,0.057123524,0.0027722627,20.605377,0,0.0057469868,16.688659
17072,380,1249,178,1ja9_PYQ_A_406,3,diffdock_l,0.044276716,0.0027072443,16.3549,0,0.30373575,14.031236
17073,380,6473,924,3v8n_5NB_A_301,5,autodock,0.029582448,0.0026438028,11.189354,0,0,10.20956
17074,380,2138,305,1pl6_572_C_409,3,diffdock_l,0.066325023,0.0025996431,25.513124,0,0,33.631014
17075,380,8864,1266,4jp3_CIT_A_301,2,diffdock,0.036872102,0.0025823958,14.278253,0,0,17.450797
17076,380,3901,557,2ef9_A5P_A_1269,2,diffdock,0.055882607,0.0025572648,21.852489,0,0.6560748,25.41057
17077,380,138,19,1aua_BOG_A_1,5,autodock,0.025289629,0.0025426244,9.946269,0,1.8505575e-08,13.943854
17078,380,14044,2006,5wgw_MB5_A_715,2,diffdock,0.060593294,0.002516505,24.07835,0,0,34.507641
17079,380,1206,172,1j3i_WRA_A_609,2,diffdock,0.070635995,0.0024762222,28.525707,0,0,35.671391
17080,380,12409,1772,5ihe_D5M_A_701,5,autodock,0.027718408,0.0024752233,11.198345,0,0.0037117511,11.722023
17081,380,915,130,1h5r_THM_B_1292,5,autodock,0.026745494,0.002437764,10.971321,0,0,17.229015
17082,380,14366,2052,5yb7_ORN_B_603,2,diffdock,0.089741219,0.0024206862,37.072636,0,4.7648664e-72,41.219553
17083,380,3327,475,1zpd_CIT_B_610,2,diffdock,0.099155279,0.0024037952,41.24947,0,0,52.03965
17084,380,11818,1688,5fli_QUE_D_301,2,diffdock,0.10054589,0.0024029539,41.842621,0,0,49.168159
17085,380,11828,1689,5fli_QUE_E_301,5,autodock,0.10037212,0.002398801,41.842621,0,0,978.56577
17086,380,9312,1330,4mux_2E4_A_402,2,diffdock,0.070026047,0.0023825155,29.391642,0,0.90771486,26.39627
17087,380,11401,1628,5dt0_SKE_A_401,5,autodock,0.026762765,0.0023767749,11.260117,0,0,32.936602
17088,380,12063,1723,5goo_FRU_B_501,2,diffdock,0.089608241,0.0023483659,38.1577,0,0,30.558795
17089,380,15167,2166,6f76_CVK_B_203,5,autodock,0.02873458,0.0023482481,12.236602,0,0,9.5206574
17090,381,16557,2365,6png_OSG_B_804,2,diffdock,0.070098967,0.0029790922,23.53031,0,0,43.444539
17091,381,4496,642,2ji6_TPW_B_1566,2,diffdock,0.096928018,0.0025926437,37.385784,0,0,59.212043
17092,381,14733,2104,6b5k_TYD_A_304,5,autodock,0.036175344,0.0025386216,14.249993,0,0,12.284986
17093,381,16305,2329,6nhd_KNV_B_803,2,diffdock,0.072842914,0.0025147502,28.966261,0,1.8428613e-41,45.404367
17094,381,16277,2325,6ngu_KMJ_A_803,2,diffdock,0.075336194,0.0025116266,29.99498,0,9.7339971e-33,42.438921
17095,381,12266,1752,5hss_64Z_D_403,2,diffdock,0.074658461,0.0025085122,29.762047,0,0,38.314815
17096,381,4489,641,2ji6_TPW_A_1566,2,diffdock,0.093449264,0.0024652388,37.90678,0,0,53.832303
17097,381,12532,1790,5ivg_FPS_C_704,2,diffdock,0.08270904,0.0024274004,34.073093,0,0,42.288614
17098,381,17096,2442,6szt_M4Q_B_601,2,diffdock,0.028372249,0.0024261406,11.694395,0,0,19.306445
17099,381,13557,1936,5tm5_7EV_B_601,5,autodock,0.072182543,0.0024154071,29.884212,0,0,250.88265
17100,381,13043,1863,5mdh_MAK_B_335,2,diffdock,0.043415684,0.0024117772,18.00153,0,0,23.623429
17101,381,7863,1123,4d96_5PA_D_501,2,diffdock,0.086110924,0.0024115741,35.707352,0,0,51.96446
17102,381,297,42,1diw_GAL_A_1400,3,diffdock_l,0.044037282,0.0023761532,18.533012,0,1.0558812e-36,11.945452
17103,381,4576,653,2ntk_IMP_D_208,5,autodock,0.024407705,0.0023687806,10.30391,0,0,40.496853
17104,381,4161,594,2fzb_TOL_A_900,3,diffdock_l,0.043459288,0.0023527422,18.471758,0,1.4970414e-11,29.636566
17105,381,5252,750,2uza_HTL_B_1236,2,diffdock,0.098280004,0.002342693,41.951721,0,0,99.162905
17106,381,6975,996,3zks_WZV_A_1398,3,diffdock_l,0.043564516,0.0022590902,19.284096,0,0.96007424,36.614181
17107,381,12413,1773,5ihe_D5M_B_701,2,diffdock,0.065583272,0.0022578699,29.046522,0,0,37.073734
17108,381,10677,1525,4zsy_RW2_B_502,2,diffdock,0.09289204,0.0022142605,41.951721,0,0,62.412306
17109,381,12465,1780,5ioq_DUR_B_303,5,autodock,0.025793966,0.0021805695,11.829003,0,0,5.981571
17110,381,7831,1118,4d5e_TPP_A_1589,5,autodock,0.069447093,0.0021769698,31.900805,0,0,25.221253
17111,381,5080,725,2qx4_ML1_A_233,5,autodock,0.020622534,0.0021608853,9.5435572,0,0,4.9746539
17112,381,5427,775,2wch_B7M_A_1145,2,diffdock,0.026491653,0.0021533863,12.302321,0,0,14.238384
17113,381,7318,1045,4bdr_CYS_B_804,3,diffdock_l,0.028414344,0.0021381728,13.289077,0,0,16.508364
17114,381,14240,2034,5xrv_F6R_A_702,2,diffdock,0.047106205,0.0021355456,22.058157,0,0,29.615598
17115,381,13802,1971,5ut1_7DZ_A_905,5,autodock,0.024456742,0.0021147179,11.565013,0,0,9.6394674
17116,381,723,103,1gz5_UDP_D_900,2,diffdock,0.088610657,0.0021122055,41.951721,0,1.0493254e-69,55.642443
17117,381,10160,1451,4wca_CIT_A_401,3,diffdock_l,0.044869608,0.0021067031,21.298494,0,0,28.001163
17118,381,1020,145,1hsb_ALA_C_1,5,autodock,0.024405873,0.0020727305,11.774744,0,0,8.1294845
17119,381,7884,1126,4dd8_BAT_A_1000,2,diffdock,0.086953969,0.0020727152,41.951721,0,0,45.420239
17120,381,14803,2114,6bmm_OLB_B_404,5,autodock,0.025005377,0.0020711591,12.073131,0,8.2592934e-16,17.115041
17121,381,10855,1550,5a7p_6Z1_B_1361,5,autodock,0.025845292,0.0020685087,12.494649,0,0,13.763662
17122,381,6470,924,3v8n_5NB_A_301,2,diffdock,0.047687631,0.0020675604,23.064684,0,0,19.745534
17123,381,12479,1782,5ioq_DUR_D_302,5,autodock,0.024403593,0.0020670748,11.805858,0,0,7.8169491
17124,381,10925,1560,5aew_BNL_C_462,5,autodock,0.079072761,0.0020471882,38.625057,0,0.00050467566,19.900461
17125,381,17117,2445,6t0a_M58_A_601,2,diffdock,0.027039681,0.0020432004,13.233983,0,0,16.653327
17126,381,7121,1017,4a8p_PAO_F_1340,2,diffdock,0.085092459,0.0020283425,41.951721,0,0,53.449626
17127,381,1874,267,1nsm_GAL_A_1400,5,autodock,0.029607537,0.0020278494,14.60046,0,0.0082783438,21.818288
17128,381,8944,1277,4kfj_1R0_A_202,5,autodock,0.02114103,0.0020272765,10.42829,0,2.4011398e-05,14.884833
17129,381,16203,2314,6n9r_OHN_X_305,5,autodock,0.029721299,0.0020248407,14.678338,0,0,10.242488
17130,381,16543,2363,6png_OSG_A_803,2,diffdock,0.048183909,0.0020241557,23.804445,0,0,45.20038
17131,381,16707,2386,6qni_GLC_A_402,5,autodock,0.037931579,0.0020091483,18.879431,0,0.021130982,17.546842
17132,381,14702,2100,6av2_BY7_A_803,2,diffdock,0.066784596,0.0020082932,33.254406,0,4.1124164e-34,48.799784
17133,381,317,45,1dpm_EBP_A_900,2,diffdock,0.058900868,0.0019842175,29.684681,0,3.3078299e-34,23.79041
17134,381,4594,656,2nu7_COA_E_1025,2,diffdock,0.060076676,0.0019833649,30.290277,0,1.7186402e-42,43.237335
17135,381,6064,866,3qhd_MSR_A_166,2,diffdock,0.026649095,0.0019803828,13.456536,0,1.2696416e-10,21.352899
17136,381,11874,1696,5fqf_NGA_A_1589,2,diffdock,0.07632416,0.0019781509,38.583588,0,3.593502e-58,39.052353
17137,381,15622,2231,6i4b_E2N_A_603,5,autodock,0.025349006,0.0019628045,12.914686,0,0,12.782067
17138,381,9959,1422,4u8p_UDP_C_603,5,autodock,0.025826287,0.0019505241,13.24069,0,0,8.0057376
17139,381,16035,2290,6lx5_C5F_A_502,5,autodock,0.024407775,0.0019281628,12.658565,0,0,10.145638
17140,382,3148,449,1z4k_T3P_A_4341,5,autodock,0.024388834,0.0025697745,9.4906502,0,0,29.348225
17141,382,465,66,1fm8_DDC_A_501,3,diffdock_l,0.047086142,0.0025336957,18.583975,0,8.4997781e-56,19.87521
17142,382,16837,2405,6r73_LMP_B_301,2,diffdock,0.056250135,0.002374974,23.684525,0,3.7728516e-70,30.279839
17143,382,11447,1635,5dzh_5KG_B_901,2,diffdock,0.058412745,0.002297845,25.420662,0,0,30.751471
17144,382,2508,358,1thc_FL9_A_130,2,diffdock,0.022865417,0.0022721587,10.0633,0,2.1251691e-24,17.705145
17145,382,2635,376,1tuu_PIS_B_2854,3,diffdock_l,0.04247105,0.0022615788,18.779379,0,0,24.500564
17146,382,1902,271,1o28_UFP_B_708,5,autodock,0.022927077,0.002257481,10.156043,0,0.00043916229,8.5948145
17147,382,107,15,1amq_PMP_A_413,2,diffdock,0.046401437,0.0022249276,20.855255,0,0,22.587464
17148,382,16529,2361,6pn9_OU7_B_803,2,diffdock,0.076238012,0.0021820076,34.939388,0,3.1943739e-09,48.93273
17149,382,1923,274,1o29_UFP_A_803,5,autodock,0.022646845,0.0021743359,10.415522,0,5.0222173e-06,10.574991
17150,382,14348,2049,5yb7_ORN_A_602,5,autodock,0.025119732,0.0021585872,11.637116,0,0.001928889,9.2196976
17151,382,6379,911,3u3o_3QV_A_297,2,diffdock,0.024740617,0.0021363999,11.580517,0,0,18.445349
17152,382,7033,1004,3zyx_MBT_A_601,5,autodock,0.024138183,0.0020712699,11.653808,0,0,30.060766
17153,382,8472,1210,4i02_CMP_A_301,2,diffdock,0.057052418,0.0020493017,27.83993,0,0,31.305318
17154,382,7898,1128,4dd8_BAT_C_1000,2,diffdock,0.075662343,0.0020184456,37.485451,0,0,45.091076
17155,382,3463,494,2ahc_VNL_D_466,5,autodock,0.024134781,0.0020132432,11.988009,0,0,54.143911
17156,382,1720,245,1mmy_G6D_B_348,5,autodock,0.024814826,0.0019450599,12.757872,0,0.0034250862,17.200071
17157,382,2522,360,1thc_FL9_B_130,2,diffdock,0.023358431,0.0019428444,12.022799,0,7.0714455e-24,19.534173
17158,382,14383,2054,5yb7_ORN_D_602,5,autodock,0.024343847,0.0019401079,12.547676,0,0.00066988665,9.476169
17159,382,9301,1328,4mr7_2BV_A_501,5,autodock,0.022449463,0.0019202265,11.691049,0,0,12.333447
17160,382,16679,2382,6qdc_HXE_A_1003,5,autodock,0.023967993,0.0019057511,12.576664,0,0,11.884101
17161,382,6456,922,3v7u_MTA_A_301,2,diffdock,0.038648788,0.001897775,20.365314,0,0,21.066805
17162,382,6372,910,3u3o_3QV_A_296,2,diffdock,0.024824077,0.0018855668,13.165312,0,0.00016061716,18.728378
17163,382,15304,2186,6flu_DTK_B_402,2,diffdock,0.058635503,0.0018788907,31.20751,0,9.3859098e-80,29.753419
17164,382,14152,2021,5x86_TMP_A_205,5,autodock,0.022643454,0.0018629812,12.154418,0,0,149.21525
17165,382,4217,602,2gn2_C5P_A_400,3,diffdock_l,0.045559861,0.001860655,24.485924,0,0,28.001163
17166,382,5378,768,2vsu_V55_D_1251,2,diffdock,0.064821043,0.0018506288,35.026497,0,1.1741762e-17,42.786215
17167,382,9263,1323,4mol_2FG_D_802,2,diffdock,0.056784601,0.0018436941,30.79936,0,0,41.651492
17168,382,11849,1692,5fli_QUE_H_301,5,autodock,0.077238058,0.0018339634,42.115376,0,0,1474.1116
17169,382,16574,2367,6po9_OS7_B_804,5,autodock,0.018895994,0.0018233937,10.36309,0,8.1778819e-12,10.232397
17170,382,11807,1686,5fli_QUE_A_301,5,autodock,0.076630058,0.0018195269,42.115376,0,0,395.01742
17171,382,4373,624,2ij7_TPF_F_2474,5,autodock,0.022702953,0.0018159109,12.502238,0,0,8.5207395
17172,382,11058,1579,5bkd_RCF_B_503,5,autodock,0.023833857,0.0018135227,13.142298,0,0,10.662625
17173,382,6638,948,3w4i_8LG_B_402,2,diffdock,0.032408926,0.0018127429,17.878389,0,0,30.344771
17174,382,5126,732,2r4j_13P_A_1968,2,diffdock,0.039545266,0.0017935513,22.048582,0,0,29.221961
17175,382,13522,1931,5thu_B3N_B_404,5,autodock,0.020144529,0.0017928884,11.235795,0,0,8.046391
17176,382,16420,2345,6ofr_BOG_A_804,5,autodock,0.022637442,0.0017612074,12.853364,0,2.9603751e-11,10.023927
17177,382,16413,2344,6ofr_BOG_A_803,5,autodock,0.022641195,0.0017553498,12.898394,0,1.7367077e-10,13.398726
17178,382,16039,2291,6lx5_C5F_A_503,2,diffdock,0.027007983,0.0017383553,15.536513,0,0,26.530198
17179,382,10435,1490,4yjs_4DN_A_701,5,autodock,0.022634819,0.001726017,13.113902,0,0,14.640116
17180,382,6676,953,3w7f_FPS_B_302,5,autodock,0.031994861,0.0017215954,18.584423,0,0,13.171024
17181,382,17663,2523,6zjw_GAL_A_1102,2,diffdock,0.029890681,0.0017156789,17.42207,0,5.1913397e-18,30.416228
17182,382,13645,1949,5uap_82S_A_505,2,diffdock,0.028113276,0.0017156708,16.386169,0,0.047430607,26.269047
17183,382,8990,1284,4kux_FPS_B_405,2,diffdock,0.061182466,0.0017150838,35.673164,0,0,35.556384
17184,382,7828,1118,4d5e_TPP_A_1589,2,diffdock,0.071803487,0.0017049233,42.115376,0,0,58.450263
17185,382,13963,1994,5w5t_9X7_A_506,5,autodock,0.022820539,0.0016972208,13.445827,0,0.00027453544,76.140533
17186,382,17579,2511,6yaw_P9H_A_301,2,diffdock,0.052380402,0.0016964117,30.877174,0,0,33.653598
17187,382,15360,2194,6fs7_E4Z_D_903,2,diffdock,0.068586155,0.0016950622,40.462322,0,0,55.520498
17188,382,12448,1778,5ijz_AKG_H_502,2,diffdock,0.068277266,0.0016904525,40.389935,0,0,30.149476
17189,382,6491,927,3vc3_C6P_A_501,2,diffdock,0.070988105,0.0016855627,42.115376,0,0,58.000843
17190,383,6221,888,3se2_LDR_B_2,5,autodock,0.022019048,0.003439402,6.401998,0,0,22.292705
17191,383,1361,194,1kar_HSM_A_502,3,diffdock_l,0.039610642,0.0031449477,12.595007,0,4.7200846e-06,69.647008
17192,383,1003,143,1hot_16G_B_271,2,diffdock,0.044635865,0.0022138174,20.162395,0,0,17.49169
17193,383,9042,1291,4l7p_M95_A_601,5,autodock,0.019697675,0.0021604715,9.1173029,0,0,10.298723
17194,383,10148,1449,4w1v_3GS_B_502,5,autodock,0.037134501,0.0019954793,18.609312,0,0,28.024396
17195,383,873,124,1h48_GPP_C_904,5,autodock,0.020870845,0.0019852604,10.512899,0,0,13.49086
17196,383,499,71,1fs5_16G_A_1267,2,diffdock,0.040324481,0.0019690809,20.478832,0,3.0499079e-60,21.048488
17197,383,17743,2534,7cwd_GAL_A_902,5,autodock,0.026434413,0.0019532903,13.533273,0,0,9.423455
17198,383,13291,1898,5oew_GLU_B_902,5,autodock,0.020592428,0.0019313657,10.662107,0,4.934074e-05,81.863221
17199,383,13284,1897,5oew_GLU_A_301,5,autodock,0.020589165,0.0019310596,10.662107,0,4.102791e-05,27.925434
17200,383,15857,2265,6krs_CIT_C_301,2,diffdock,0.063222169,0.0018721411,33.769981,0,0,42.470516
17201,383,1006,143,1hot_16G_B_271,5,autodock,0.021400777,0.0018021932,11.874851,0,4.1145175e-06,10.161574
17202,383,13921,1988,5vyr_GMP_B_302,5,autodock,0.020578317,0.0017932762,11.475263,0,0,20.001661
17203,383,10232,1461,4wua_3UL_A_701,5,autodock,0.022010402,0.0017918807,12.283407,0,0,14.027735
17204,383,5588,798,2xmi_FLC_A_1379,2,diffdock,0.031951598,0.0017854937,17.895103,0,0,18.252146
17205,383,9088,1298,4l8q_XMM_A_303,2,diffdock,0.02613224,0.0017704713,14.760046,0,0,17.902406
17206,383,9784,1397,4r08_URI_D_901,5,autodock,0.020561402,0.0017525289,11.732417,0,0,93.307278
17207,383,11132,1590,5cfw_53W_A_201,2,diffdock,0.023495052,0.0017523434,13.407789,0,0,12.501687
17208,383,4380,625,2ipf_FFA_A_3,5,autodock,0.021900752,0.0017440265,12.557579,0,0,29.28298
17209,383,12735,1819,5joy_6LW_B_602,2,diffdock,0.02168685,0.0017379078,12.47871,0,0,33.184739
17210,383,14506,2072,5ysh_5AD_J_605,2,diffdock,0.045896131,0.0017198574,26.686008,0,0,30.149476
17211,383,509,72,1fs5_16G_B_2267,5,autodock,0.02058743,0.0016784133,12.266006,0,1.1535836e-07,10.321068
17212,383,3295,470,1zmt_RNO_C_1003,5,autodock,0.020562193,0.0016726252,12.293365,0,0,11.054158
17213,383,11889,1698,5fqf_NGA_B_1586,3,diffdock_l,0.055142695,0.0016335006,33.757378,0,6.4823154e-58,38.870957
17214,383,15332,2190,6flu_DTK_B_406,2,diffdock,0.050412181,0.0016228143,31.064663,0,0,31.179651
17215,383,5385,769,2vzu_PNJ_A_1901,2,diffdock,0.045268888,0.0016221685,27.906401,0,0,47.161302
17216,383,2161,308,1pr0_NOS_B_1246,5,autodock,0.024995596,0.0016196247,15.432955,0,0.0072024819,16.027377
17217,383,8202,1171,4g1q_T27_A_601,5,autodock,0.020561999,0.0016093617,12.776492,0,0,9.5633069
17218,383,3733,533,2c6q_IMP_H_1337,2,diffdock,0.067528842,0.001599182,42.227116,0,0,75.09151
17219,383,10974,1567,5ahn_IMP_A_1468,5,autodock,0.021707114,0.0015988596,13.576622,0,0,10.496324
17220,383,17516,2502,6xim_XLS_C_397,2,diffdock,0.055997868,0.0015983355,35.035114,0,0,39.489689
17221,383,15612,2230,6hsg_GM5_D_504,2,diffdock,0.067100831,0.001589046,42.227116,0,0.0067981726,45.328448
17222,383,9361,1337,4n4j_HG1_A_608,2,diffdock,0.019375898,0.0015817631,12.249557,0,6.1707799e-77,18.035395
17223,383,16315,2330,6nig_NAG_A_604,5,autodock,0.020582135,0.0015554282,13.232455,0,1.3131533e-05,6.7648834
17224,383,16329,2332,6nig_NAG_C_802,5,autodock,0.020606496,0.0015416538,13.366487,0,1.5966816e-08,6.1759027
17225,383,16322,2331,6nig_NAG_A_605,5,autodock,0.020699191,0.0015392575,13.447515,0,1.0605906e-08,6.1617433
17226,383,3505,500,2b04_CHO_A_200,5,autodock,0.020562001,0.0015167996,13.556174,0,0,66.215488
17227,383,2473,353,1t87_CAM_B_2422,2,diffdock,0.029507952,0.0015039495,19.620306,0,2.7134458e-71,25.153313
17228,383,1031,147,1i8a_BGC_A_189,2,diffdock,0.028729196,0.0014949306,19.217743,0,0,12.428765
17229,383,16053,2293,6lx5_C5F_B_502,2,diffdock,0.024534568,0.0014900346,16.465769,0,0,25.349067
17230,383,471,67,1foi_14W_A_810,2,diffdock,0.023428802,0.0014846025,15.781194,0,0,34.751254
17231,383,14499,2071,5ysh_5AD_D_605,2,diffdock,0.039512368,0.0014810892,26.67791,0,0,30.149476
17232,383,4303,614,2hs3_FGR_A_2166,5,autodock,0.021928483,0.0014656802,14.961301,0,3.7044662e-08,13.732391
17233,383,14838,2119,6bvl_EBY_B_2001,5,autodock,0.020357491,0.0014645882,13.899804,0,0,11.592643
17234,383,10551,1507,4zb2_GLC_A_403,2,diffdock,0.040313476,0.001464025,27.536055,0,0,17.264087
17235,383,4597,656,2nu7_COA_E_1025,5,autodock,0.02134545,0.0014300455,14.926413,0,1.7707764e-09,11.626835
17236,383,7110,1015,4a8p_PAO_D_1340,5,autodock,0.020083005,0.0014249525,14.093805,0,0,35.860776
17237,383,16571,2367,6po9_OS7_B_804,2,diffdock,0.059955907,0.0014198438,42.227116,0,0.0058285732,49.700956
17238,383,2445,349,1syf_THP_A_180,2,diffdock,0.034586735,0.0014153364,24.437111,0,0,15.85746
17239,383,10257,1465,4wxb_CIT_D_501,2,diffdock,0.052785515,0.0014143002,37.322708,0,3.0820226e-77,42.477254
17240,384,10194,1456,4wqq_MAN_B_204,2,diffdock,0.024961888,0.0018550988,13.455826,0,3.9754075e-56,12.998241
17241,384,6827,975,3wsg_CIT_D_302,2,diffdock,0.044669704,0.001822405,24.511402,0,0,33.585487
17242,384,10201,1457,4wqq_MAN_C_204,2,diffdock,0.022473046,0.0016791077,13.383921,0,0,15.872758
17243,384,9305,1329,4mr8_2BW_A_507,2,diffdock,0.020924821,0.001670581,12.525475,0,0,31.313979
17244,384,5556,793,2x6o_2TC_A_1209,5,autodock,0.015343851,0.0016447514,9.3289776,0,0,36.458069
17245,384,15220,2174,6fa1_D2Z_B_203,2,diffdock,0.031014781,0.0016137236,19.219387,0,6.2253603e-67,40.378572
17246,384,2641,377,1tvw_CB3_A_318,2,diffdock,0.044160247,0.001609026,27.445326,0,0,30.775514
17247,384,6575,939,3vnm_SDD_D_301,2,diffdock,0.055808288,0.0016050194,34.771099,0,0,34.43518
17248,384,9999,1428,4uch_OLW_A_800,3,diffdock_l,0.04820357,0.0015731446,30.641535,0,1.0780774e-36,15.996525
17249,384,1412,201,1ki2_GA2_A_1,5,autodock,0.019577564,0.0015592504,12.555753,0,0,21.871082
17250,384,2441,348,1sqk_LAR_A_378,5,autodock,0.018247433,0.0015582344,11.710325,0,0,10.198072
17251,384,14121,2017,5x5d_UMP_D_401,2,diffdock,0.051523652,0.0015177027,33.948448,0,1.1937061e-39,42.458145
17252,384,14800,2114,6bmm_OLB_B_404,2,diffdock,0.039990451,0.001514591,26.403463,0,0,27.015901
17253,384,3782,540,2d0e_NQ_A_409,2,diffdock,0.022015947,0.0014979554,14.69733,0,0.00018636517,19.981852
17254,384,8678,1239,4i9n_1E5_H_402,5,autodock,0.019291542,0.0014882807,12.9623,0,0,11.69914
17255,384,15230,2175,6fa1_D2Z_F_203,5,autodock,0.01835268,0.0014773519,12.422686,0,0,7.53157
17256,384,1419,202,1ki2_GA2_B_2,5,autodock,0.018158637,0.0013897643,13.065982,0,0,25.167582
17257,384,1132,161,1iwe_IMP_B_1443,5,autodock,0.01954467,0.0013876531,14.084693,0,0,12.407788
17258,384,9214,1316,4mgj_CPZ_A_502,2,diffdock,0.021841294,0.0013730978,15.906582,0,0,23.354974
17259,384,1139,162,1iwe_IMP_B_1452,5,autodock,0.018241209,0.0013654304,13.359309,0,0,16.87301
17260,384,5616,802,2xta_TPP_D_2001,2,diffdock,0.05739334,0.0013580136,42.262714,0,0,30.149476
17261,384,908,129,1h5r_THM_A_1292,5,autodock,0.019639216,0.0013375353,14.683138,0,0,17.501565
17262,384,1535,219,1ldo_SNR_A_150,2,diffdock,0.02080428,0.0013263809,15.684996,0,0,17.286415
17263,384,3320,474,1zpd_CIT_A_610,2,diffdock,0.054101381,0.0012801208,42.262714,0,0,52.03342
17264,384,2644,377,1tvw_CB3_A_318,5,autodock,0.01803966,0.001276808,14.128716,0,0,18.174326
17265,384,15468,2209,6gxk_FFW_B_402,5,autodock,0.019629166,0.0012657331,15.508139,0,0,14.021667
17266,384,901,128,1h5r_G1P_D_1294,5,autodock,0.018247433,0.001256909,14.517703,0,0,16.763481
17267,384,15461,2208,6gxk_FFW_A_402,5,autodock,0.019618388,0.0012557771,15.622507,0,0,15.493699
17268,385,10138,1448,4v3w_E2Z_B_800,2,diffdock,0.035612,0.0018988765,18.754246,0,0,46.059188
17269,385,3643,520,2bxh_IOS_A_1002,3,diffdock_l,0.028924049,0.0018798172,15.386628,0,0,26.730673
17270,385,7775,1110,4d06_X8W_D_303,5,autodock,0.018053315,0.0017939965,10.063182,0,2.2269946e-08,9.9044963
17271,385,11314,1616,5did_5CK_B_601,2,diffdock,0.036434608,0.0017934335,20.315559,0,0,29.02515
17272,385,10040,1434,4ugg_S5D_A_904,2,diffdock,0.027366007,0.0014649587,18.680393,0,0,28.305319
17273,385,16564,2366,6po9_OS7_A_803,2,diffdock,0.042349964,0.0014580858,29.044903,0,0,47.888014
17274,385,12084,1726,5gto_MYR_A_502,2,diffdock,0.01910092,0.0014515562,13.158924,0,0,20.388289
17275,385,5056,722,2qui_LTN_A_501,2,diffdock,0.040863987,0.001445428,28.2712,0,0,36.252834
17276,385,15801,2257,6jyg_FLC_E_401,2,diffdock,0.044387007,0.0014058473,31.573133,0,4.553525e-102,29.108127
17277,385,4601,657,2nu7_COA_E_1325,2,diffdock,0.029871737,0.0013887535,21.509745,0,2.3115459e-84,34.366929
17278,385,16840,2405,6r73_LMP_B_301,5,autodock,0.017382348,0.0013710818,12.677834,0,0,17.341614
17279,385,16833,2404,6r73_LMP_A_301,5,autodock,0.01713483,0.0013554379,12.641544,0,0,14.545346
17280,385,1878,268,1nsm_GLA_B_2400,2,diffdock,0.035464002,0.0013440355,26.386208,0,8.0492662e-58,23.873162
17281,385,9004,1286,4kux_FPS_D_704,2,diffdock,0.048493336,0.0013283268,36.507084,0,0,40.553935
17282,385,14667,2095,6abm_9VR_A_505,2,diffdock,0.051937303,0.0013022734,39.882027,0,0,26.917684
17283,385,14817,2116,6br1_E3Y_B_505,5,autodock,0.017000398,0.0012872478,13.206779,0,0,118.6337
17284,385,7306,1043,4bbx_LKF_A_1760,5,autodock,0.018263512,0.0012787406,14.28242,0,0,7.4335542
17285,385,8430,1204,4hrq_AZG_A_201,2,diffdock,0.027624652,0.0012504211,22.092278,0,6.3935451e-22,18.985024
17286,385,17446,2492,6vv9_RQ1_A_202,2,diffdock,0.020725657,0.0012451503,16.645103,0,0,24.3867
17287,385,5819,831,2z48_NGA_A_1004,2,diffdock,0.030659312,0.0012415097,24.695183,0,2.928e-38,28.894902
17288,385,8906,1272,4k5g_Q13_B_803,2,diffdock,0.039295139,0.0012239567,32.105007,0,0,48.1836
17289,385,4482,640,2jhp_GUN_A_1648,2,diffdock,0.020892759,0.0012206624,17.115917,0,0,22.41476
17290,385,10544,1506,4zb2_FRU_A_404,2,diffdock,0.019397976,0.0012075128,16.064404,0,0,22.104799
17291,385,12777,1825,5k5m_68T_A_1003,2,diffdock,0.050783268,0.0012011186,42.27998,0,0,46.832584
17292,385,7856,1122,4d96_5PA_C_402,2,diffdock,0.044044787,0.0011745223,37.500172,0,0,48.686288
17293,385,14261,2037,5xvv_AKG_A_508,2,diffdock,0.038818668,0.0011688677,33.210487,0,0.54863224,48.156394
17294,385,14250,2035,5xsm_8EO_A_705,5,autodock,0.020701411,0.0011683271,17.718847,0,0,10.451209
17295,385,17383,2483,6vlu_CIT_A_701,2,diffdock,0.021299233,0.0011622216,18.326307,0,0,18.657814
17296,385,16494,2356,6p9t_O5D_A_307,2,diffdock,0.019132685,0.0011616456,16.470327,0,0,21.257071
17297,385,5840,834,2z48_NGA_B_2004,2,diffdock,0.028568494,0.0011568447,24.695183,0,0,28.381205
17298,385,13508,1929,5tdt_MBN_D_502,5,autodock,0.016790446,0.001143885,14.678438,0,9.1398788e-06,18.772362
17299,385,10019,1431,4ug6_XFJ_A_904,2,diffdock,0.022394682,0.0011410843,19.62579,0,0,27.312166
17300,385,13186,1883,5o3b_9HZ_C_501,5,autodock,0.01713483,0.0011381927,15.054418,0,0,24.739733
17301,385,14740,2105,6b5k_TYD_B_304,5,autodock,0.018256095,0.0011374432,16.050114,0,0,11.052047
17302,385,4583,654,2nu7_COA_B_1025,5,autodock,0.017134831,0.0011371642,15.068034,0,3.9770803e-10,7.8431868
17303,385,13172,1881,5o3b_9HZ_A_501,5,autodock,0.01713483,0.0011370156,15.070004,0,0,30.161889
17304,385,15297,2185,6flu_DTK_B_401,2,diffdock,0.034354682,0.0011336403,30.304745,0,2.7086857e-44,28.885631
17305,385,4244,606,2gyv_HBP_B_545,2,diffdock,0.045201823,0.0011270286,40.107079,0,0,43.478018
17306,385,13179,1882,5o3b_9HZ_B_501,5,autodock,0.01713483,0.0011258114,15.219981,0,0,34.747646
17307,385,2669,381,1u1g_BBB_C_5300,2,diffdock,0.044416096,0.0011186526,39.704994,0,0,61.746216
17308,385,639,91,1gey_PPE_A_413,2,diffdock,0.045251915,0.0011143852,40.607067,0,0,28.622717
17309,385,13193,1884,5o3b_9HZ_D_501,5,autodock,0.017134913,0.0011127847,15.398228,0,0,25.197666
17310,385,7485,1069,4cdt_M48_A_801,2,diffdock,0.022594601,0.0011068769,20.41293,0,0,43.90366
17311,385,6669,952,3w7f_FPS_B_301,5,autodock,0.017006209,0.0010975395,15.494848,0,0,12.658953
17312,385,16641,2377,6qa7_HTW_A_901,2,diffdock,0.046136234,0.0010912076,42.27998,0,0.35674249,47.866949
17313,385,10075,1439,4ur9_BK9_B_1717,2,diffdock,0.021850147,0.0010904325,20.038054,0,0,32.246324
17314,385,4615,659,2nz5_226_A_432,2,diffdock,0.020748393,0.0010851768,19.119825,0,0,26.690726
17315,385,11412,1630,5dw3_TRP_C_402,2,diffdock,0.034280758,0.0010755588,31.872507,0,0,30.149476
17316,385,10131,1447,4v3w_E2Z_A_800,2,diffdock,0.021392179,0.0010690426,20.010593,0,7.5770798e-42,46.207743
17317,385,10866,1552,5a86_D7E_B_1432,2,diffdock,0.021651295,0.0010649565,20.330683,0,1.8398394e-46,33.931465
17318,386,3446,492,2ahc_VNL_A_166,2,diffdock,0.030330597,0.0016697865,18.164354,0,4.1954924e-39,20.244039
17319,386,12962,1851,5lwy_OLB_A_407,5,autodock,0.015959798,0.0015294374,10.435077,0,9.2031361e-09,15.20066
17320,386,14257,2036,5xvt_8FL_A_709,5,autodock,0.016455299,0.0014807838,11.112559,0,0,14.729478
17321,386,16196,2313,6n9r_OHN_A_303,5,autodock,0.015959783,0.0014273774,11.181192,0,0,9.3916308
17322,386,14884,2126,6c6w_TFX_A_502,2,diffdock,0.018444184,0.0013390019,13.774575,0,0,17.647871
17323,386,3152,450,1z6k_OAA_A_274,2,diffdock,0.019543229,0.0013061914,14.961994,0,0,17.768115
17324,386,1158,165,1ixo_G3P_D_1004,3,diffdock_l,0.024614554,0.0012552251,19.609671,0,2.6127101e-63,16.287182
17325,386,6687,955,3wat_BGC_A_403,2,diffdock,0.021023789,0.0012442483,16.896778,0,0,23.766029
17326,386,6694,956,3wat_BGC_B_403,2,diffdock,0.020981816,0.0012417642,16.896778,0,5.2810233e-86,23.574561
17327,386,4933,704,2qd1_CHD_D_802,5,autodock,0.015959783,0.0012387673,12.883599,0,0,11.301047
17328,386,12955,1850,5lwy_OLB_A_406,5,autodock,0.015959783,0.0012339534,12.933861,0,2.0659824e-08,15.957259
17329,386,240,34,1cq1_BGC_A_455,2,diffdock,0.026703248,0.0012330961,21.655445,0,0,28.721466
17330,386,13533,1933,5tix_OQR_A_302,2,diffdock,0.023938078,0.0011502079,20.811956,0,0,25.409981
17331,386,15041,2148,6e40_BBJ_D_502,5,autodock,0.015959783,0.0011462232,13.923799,0,0,11.142117
17332,386,14254,2036,5xvt_8FL_A_709,2,diffdock,0.041261272,0.0011453077,36.026363,0,0,34.488679
17333,386,16882,2411,6rgg_K3Q_A_402,5,autodock,0.017325738,0.0011364304,15.245753,0,0.0021249476,10.726129
17334,386,13540,1934,5tix_OQR_B_302,2,diffdock,0.024049341,0.0011337172,21.21282,0,0,22.847362
17335,386,12948,1849,5lwy_OLB_A_403,5,autodock,0.015959783,0.0011310065,14.111132,0,4.2320165e-13,13.849646
17336,386,16427,2346,6ofr_BOG_A_805,5,autodock,0.015102683,0.0011201837,13.482327,0,6.8052248e-09,11.738673
17337,386,14082,2011,5x23_LSN_A_504,5,autodock,0.016027487,0.0011157275,14.365054,0,0,22.043335
17338,386,8122,1160,4ekr_0R0_A_203,2,diffdock,0.020212671,0.0010751132,18.800503,0,5.5507573e-16,13.255113
17339,386,9600,1371,4p7q_NAG_A_706,3,diffdock_l,0.01567467,0.0010585185,14.808121,0,1.6424881e-05,21.359067
17340,386,6008,858,2zyv_NPO_X_1601,2,diffdock,0.017745574,0.0010543423,16.83094,0,0,15.234462
17341,386,16116,2302,6md2_GW9_B_501,2,diffdock,0.018943023,0.0010533633,17.983368,0,5.2230631e-08,23.097362
17342,386,3610,515,2brk_CMF_A_1534,5,autodock,0.015959783,0.0010435786,15.293321,0,0,16.667422
17343,386,6309,901,3tky_N7I_B_369,2,diffdock,0.02463532,0.0010373365,23.748627,0,0,35.948492
17344,386,15188,2169,6f77_PLP_C_600,5,autodock,0.015969414,0.0010060487,15.873401,0,1.503088e-05,16.196401
17345,386,15272,2181,6flu_DTK_A_403,5,autodock,0.016955719,0.00098158617,17.273794,0,0.047298208,20.266768
17346,386,15685,2240,6jc7_F0G_C_601,5,autodock,0.016998912,0.00097545008,17.426735,0,5.2539774e-09,15.618246
17347,386,14040,2005,5wgw_MB5_A_714,5,autodock,0.015959783,0.00095777237,16.663439,0,0,48.785196
17348,386,15363,2194,6fs7_E4Z_D_903,5,autodock,0.016593242,0.00095642704,17.349195,0,0,12.544217
17349,386,3397,485,2a1m_CAM_B_2422,2,diffdock,0.02279246,0.00095369771,23.899038,0,3.4411646e-71,25.226871
17350,386,12224,1746,5hfa_FP1_B_609,2,diffdock,0.02089907,0.00095234514,21.944847,0,0,28.104664
17351,386,11394,1627,5dr9_SKE_A_401,5,autodock,0.015959783,0.00093594588,17.052034,0,0,29.268322
17352,386,4993,713,2qgw_EES_B_1,2,diffdock,0.020615675,0.00093319847,22.091413,0,0,27.209285
17353,386,478,68,1fp2_HMO_A_2000,2,diffdock,0.018415234,0.00093162577,19.766769,0,0,23.192646
17354,386,9760,1394,4qxc_OGA_C_600,2,diffdock,0.020312669,0.00092789855,21.891043,0,0,30.149476
17355,386,13225,1889,5o4j_9KH_C_302,2,diffdock,0.01987366,0.00092602265,21.461309,0,0,31.582944
17356,386,4986,712,2qgw_EES_A_1,2,diffdock,0.020459579,0.00092093318,22.216137,0,0,27.613433
17357,386,2098,299,1pi3_TZD_A_530,5,autodock,0.016908303,0.000920708,18.364456,0,0,11.151362
17358,386,13218,1888,5o4j_9KH_B_302,2,diffdock,0.019758938,0.00092067709,21.461309,0,0,31.511435
17359,386,145,20,1aua_BOG_A_2,5,autodock,0.016173297,0.00091981781,17.583151,0,5.4067151e-06,10.384635
17360,386,6963,994,3zcm_PX3_B_1216,5,autodock,0.017550286,0.0009170106,19.138584,0,0,14.14689
17361,386,15370,2195,6fs7_E4Z_E_903,5,autodock,0.015959363,0.00091617442,17.419567,0,0,15.347921
17362,386,15678,2239,6jc7_F0G_B_601,5,autodock,0.015959764,0.00091582056,17.426735,0,5.1286256e-08,12.965281
17363,386,14691,2098,6ald_2FP_B_700,5,autodock,0.015970832,0.00091535083,17.447769,0,1.0420042e-05,13.225772
17364,386,14684,2097,6ald_2FP_A_700,5,autodock,0.015959758,0.00091471613,17.447769,0,5.33192e-06,14.232843
17365,386,590,84,1g79_PLP_A_260,2,diffdock,0.01806425,0.00091454462,19.752178,0,1.9076807e-08,17.18079
17366,386,3708,529,2c6q_IMP_C_1337,5,autodock,0.017037453,0.00090999902,18.722494,0,0,15.695225
17367,386,10572,1510,4zbc_FRU_A_410,2,diffdock,0.020584504,0.00090652363,22.707077,0,0,30.424869
17368,387,5995,856,2zvq_1NP_X_502,3,diffdock_l,0.013267426,0.0013422728,9.8842983,0,0,33.640545
17369,387,9432,1347,4ni1_2JX_A_203,3,diffdock_l,0.013266206,0.0012471831,10.636934,0,0,15.478662
17370,387,17432,2490,6vo2_R67_A_403,2,diffdock,0.018485819,0.0012018063,15.381695,0,0,24.6701
17371,387,7436,1062,4c2z_646_B_1498,2,diffdock,0.02788535,0.0012008003,23.222301,0,0,43.323675
17372,387,10216,1459,4ws1_URF_A_301,3,diffdock_l,0.012416008,0.0011273184,11.013753,0,0,12.116845
17373,387,15909,2272,6kxh_DY9_C_402,5,autodock,0.013915306,0.0010826164,12.853404,0,0,30.03938
17374,387,12196,1742,5ha7_WY1_B_402,2,diffdock,0.019505355,0.0010068738,19.372192,0,3.2198871e-15,35.055286
17375,387,5322,760,2vjb_CCD_B_1540,2,diffdock,0.02169649,0.0010001825,21.69253,0,0,30.665302
17376,387,4748,678,2pin_LEG_B_502,2,diffdock,0.012987735,0.00096795784,13.417665,0,9.6215585e-68,22.005543
17377,387,5308,758,2vjb_CCD_A_1540,2,diffdock,0.0193449,0.00095649489,20.224779,0,0,30.352441
17378,387,8179,1168,4fh7_TBP_A_202,3,diffdock_l,0.012993542,0.00095370375,13.624295,0,0,11.723446
17379,387,598,85,1g79_PLP_A_270,3,diffdock_l,0.013315062,0.0009450086,14.089884,0,3.6459078e-24,13.394818
17380,387,7810,1115,4d3s_BOG_H_1000,5,autodock,0.015270067,0.00093859444,16.269077,0,3.9566168e-10,16.418139
17381,387,14296,2042,5y7r_58K_B_403,2,diffdock,0.020023869,0.00092977268,21.536304,0,0,23.882645
17382,387,15500,2214,6hl9_SIN_A_402,2,diffdock,0.016723266,0.00091961073,18.185156,0,3.6445613e-80,20.719546
17383,387,5029,718,2qim_ZEA_A_162,3,diffdock_l,0.013267369,0.00090269701,14.697476,0,3.7872591e-21,18.644729
17384,387,13260,1894,5ocm_9RH_C_302,2,diffdock,0.019038389,0.0009008433,21.133961,0,0,40.069828
17385,387,236,33,1cgk_NAR_A_390,5,autodock,0.010851646,0.00089627306,12.107521,0,0,1009.4687
17386,387,10761,1537,4zvz_4TF_A_503,2,diffdock,0.023874094,0.0008605665,27.742298,0,0,37.395889
17387,387,14394,2056,5ybl_AKG_A_302,2,diffdock,0.017807414,0.00084741641,21.013769,0,2.1837612e-53,30.050242
17388,387,13099,1871,5n8c_8Q8_A_403,2,diffdock,0.027819396,0.00083598856,33.277245,0,0,33.562574
17389,387,9788,1398,4r2n_PHE_C_402,2,diffdock,0.0162659,0.00082458579,19.726145,0,0,37.827008
17390,387,9844,1406,4rje_PYR_C_402,2,diffdock,0.021295534,0.00082156525,25.920683,0,2.0324931e-79,31.184056
17391,387,17159,2451,6t9c_MX8_A_501,2,diffdock,0.019471291,0.00081047038,24.024677,0,0,30.286794
17392,387,9417,1345,4ndn_PPK_C_404,2,diffdock,0.01955477,0.00080453982,24.305532,0,0,36.112884
17393,387,5945,849,2ztl_3HL_D_301,2,diffdock,0.019282513,0.000788962,24.440355,0,0,27.645451
17394,387,16725,2389,6qol_JB5_B_301,2,diffdock,0.020073996,0.00078721647,25.499968,0,0,21.450651
17395,387,14761,2108,6b9p_D0J_A_1001,5,autodock,0.014287135,0.0007861619,18.173271,0,0,18.507637
17396,387,16578,2368,6ps7_ZMA_A_1201,2,diffdock,0.019020851,0.00078605221,24.197947,0,0,24.782267
17397,387,11499,1642,5edh_5MF_D_803,5,autodock,0.013906992,0.00078059596,17.815863,0,0,7.1282831
17398,387,14768,2109,6b9p_D0J_B_1001,5,autodock,0.014177321,0.00078011929,18.173271,0,0,17.328229
17399,387,13351,1907,5sga_TYR_P_1,2,diffdock,0.018345373,0.00077515992,23.666563,0,0,23.449528
17400,387,17173,2453,6tbx_N0Z_D_302,2,diffdock,0.0229053,0.00077239816,29.654781,0,0,30.149476
17401,387,10579,1511,4zbc_FRU_B_408,2,diffdock,0.019851992,0.00077216548,25.709503,0,0,25.699209
17402,387,4048,578,2fhk_MFN_B_602,2,diffdock,0.032668531,0.0007710758,42.36747,0,0,54.4102
17403,387,6137,876,3roe_THM_A_265,5,autodock,0.017888089,0.00076907245,23.2593,0,0,62.66809
17404,387,15255,2179,6fld_NAG_A_603,2,diffdock,0.018276076,0.00076903127,23.76506,0,0,30.149476
17405,387,15738,2248,6jme_ORO_A_402,2,diffdock,0.015408073,0.00076748225,20.076128,0,1.8319689e-05,22.600267
17406,387,10614,1516,4zhd_4OZ_C_202,2,diffdock,0.011189512,0.00076605111,14.606743,0,0,23.546133
17407,387,13358,1908,5syi_NIZ_A_805,2,diffdock,0.020361541,0.00076429109,26.641079,0,0,36.748595
17408,387,14544,2077,5zg2_ZK1_A_901,5,autodock,0.015212681,0.00075884406,20.047174,0,0,13.602705
17409,387,7464,1066,4can_M7K_B_800,2,diffdock,0.019592294,0.00075644015,25.900652,0,0,41.102918
17410,387,7255,1036,4aw0_MJF_A_600,3,diffdock_l,0.013267372,0.00075539759,17.563427,0,0,22.151108
17411,387,16903,2414,6rgg_K3Q_B_402,5,autodock,0.013921968,0.00075488292,18.442551,0,7.5317199e-06,16.939069
17412,387,14142,2020,5x6r_7ZR_B_402,2,diffdock,0.019191134,0.00075449608,25.435696,0,0,41.868495
17413,387,14450,2064,5ybq_AKG_B_302,2,diffdock,0.019703017,0.00075368245,26.14233,0,0,23.322017
17414,387,2886,412,1w55_C_A_1372,2,diffdock,0.018558965,0.00075072445,24.721405,0,0,24.73765
17415,387,15241,2177,6fld_DQ5_A_604,2,diffdock,0.019263325,0.00074886264,25.72344,0,0,30.149476
17416,387,16889,2412,6rgg_K3Q_A_403,5,autodock,0.013907157,0.00074837831,18.583055,0,1.725416e-06,18.372587
17417,387,10064,1437,4upd_7P9_B_1550,5,autodock,0.013898169,0.00074649143,18.617987,0,1.1148311e-05,26.039245
17418,388,12938,1848,5lqs_NTM_A_302,2,diffdock,0.019882705,0.0013081357,15.199267,0,0,17.60374
17419,388,7901,1128,4dd8_BAT_C_1000,5,autodock,0.021740372,0.0010570313,20.567387,0,0,21.708114
17420,388,16819,2402,6r5o_BGC_B_802,5,autodock,0.013210971,0.00095310114,13.861037,0,1.4236854e-06,15.822201
17421,388,16805,2400,6r5o_BGC_A_802,5,autodock,0.013108164,0.00093808672,13.973295,0,6.2537393e-07,18.885347
17422,388,17652,2521,6zi7_RAM_D_503,5,autodock,0.013216836,0.00093196971,14.181615,0,2.013822e-05,11.158807
17423,388,4832,690,2pye_7PE_A_504,2,diffdock,0.013788067,0.00090453327,15.243294,0,0,35.694136
17424,388,12518,1788,5iuy_BOG_C_503,2,diffdock,0.022931449,0.0008948466,25.626122,0,5.0376301e-27,29.693135
17425,388,15773,2253,6jx9_CQC_A_501,2,diffdock,0.020200071,0.00087487173,23.089178,0,0,33.567929
17426,388,7842,1120,4d6z_PK9_A_1600,2,diffdock,0.010858417,0.00085444825,12.708103,0,0,29.122094
17427,388,17775,2539,7kje_NRD_A_405,2,diffdock,0.012972754,0.00085399904,15.190595,0,0,24.300703
17428,388,16949,2421,6rq3_OUC_A_401,2,diffdock,0.019073133,0.00084442975,22.586996,0,0,21.764227
17429,388,4965,709,2qd4_CHD_B_927,2,diffdock,0.019069669,0.00082870929,23.011288,0,0,33.581957
17430,388,16697,2385,6qde_HWW_A_503,2,diffdock,0.015190662,0.00082036417,18.516972,0,0,31.664166
17431,388,877,125,1h48_GPP_E_904,2,diffdock,0.018090325,0.00081783233,22.119844,0,4.928302e-68,36.930209
17432,388,16690,2384,6qde_HWW_A_502,2,diffdock,0.016927139,0.000811583,20.856939,0,0,33.748643
17433,388,4951,707,2qd4_CHD_A_803,2,diffdock,0.019036504,0.00081139349,23.461493,0,0,35.555461
17434,388,8311,1187,4h4c_10D_B_402,2,diffdock,0.018616282,0.0007892459,23.587427,0,0,29.655794
17435,388,10645,1520,4zo7_BGC_A_802,5,autodock,0.014587864,0.00078765239,18.520685,0,6.3852831e-06,16.571471
17436,388,2858,408,1w1a_NDG_1_1261,2,diffdock,0.016771534,0.00078516417,21.360542,0,0.92485861,23.893833
17437,388,2921,417,1wc7_PP3_A_1214,2,diffdock,0.01680776,0.00078199569,21.493416,0,0,32.950833
17438,388,10652,1521,4zo7_BGC_A_805,5,autodock,0.014246405,0.00076604148,18.597431,0,5.0249144e-06,17.36667
17439,388,12780,1825,5k5m_68T_A_1003,5,autodock,0.014486905,0.00075990552,19.064085,0,0,19.888901
17440,388,7717,1102,4cw2_XDS_A_1303,3,diffdock_l,0.014065094,0.00074188352,18.958626,0,0,28.001163
17441,388,7275,1039,4b1f_KRH_B_1257,2,diffdock,0.017810613,0.00072979154,24.405067,0,1.4567064e-38,35.419916
17442,388,1549,221,1lfw_AEP_A_683,2,diffdock,0.018366333,0.00072909987,25.19042,0,0,27.542726
17443,388,709,101,1gz5_G6P_B_901,2,diffdock,0.018473953,0.0007277543,25.384874,0,0,44.610873
17444,388,14908,2129,6cgc_F0A_A_402,5,autodock,0.013988381,0.0007261017,19.265041,0,0,38.720418
17445,388,17166,2452,6tbx_N0Z_A_302,2,diffdock,0.019260149,0.00072001717,26.749567,0,0,30.149476
17446,389,8227,1175,4gcq_0JM_B_401,2,diffdock,0.018589832,0.00097162538,19.132713,0,0,35.138343
17447,389,14835,2119,6bvl_EBY_B_2001,2,diffdock,0.014140043,0.00091492467,15.45487,0,0,41.814507
17448,389,12045,1720,5gnx_BGC_A_502,5,autodock,0.015012921,0.00087043651,17.247576,0,0.00067797605,35.654962
17449,389,13396,1913,5t6b_TMP_D_503,5,autodock,0.012654003,0.00083323637,15.186569,0,0,7.1450822
17450,389,13736,1962,5unr_8EV_A_803,2,diffdock,0.01897678,0.0008219689,23.086979,0,0,47.154343
17451,389,82,11,1aiq_CB3_A_266,5,autodock,0.015322186,0.0008198887,18.688128,0,0,25.429966
17452,389,7796,1113,4d0z_BBK_E_1584,5,autodock,0.01409055,0.00080484255,17.507212,0,0.0001275217,14.778745
17453,389,7789,1112,4d0z_BBK_B_1580,5,autodock,0.014060272,0.00078587695,17.891186,0,9.9148557e-08,11.52269
17454,389,15122,2160,6f3s_PLP_A_901,2,diffdock,0.021642914,0.00077622766,27.882172,0,0,36.202498
17455,389,9942,1420,4tyv_BGC_B_701,2,diffdock,0.018749259,0.00074398271,25.2012,0,0,28.133431
17456,389,313,44,1dna_CB3_B_602,5,autodock,0.013843414,0.00074005456,18.705935,0,0,19.943453
17457,389,12052,1721,5gnx_BGC_B_503,5,autodock,0.012760897,0.00073860188,17.277096,0,0.00023204468,35.078308
17458,389,2544,363,1tkh_DPN_A_913,3,diffdock_l,0.013815733,0.0007220221,19.134777,0,0,16.786137
17459,389,7457,1065,4can_M7K_A_800,2,diffdock,0.01873185,0.00071693967,26.12751,0,0.00011190431,42.848549
17460,389,7492,1070,4cjs_L0Y_A_1217,2,diffdock,0.019006585,0.00071461401,26.596992,0,0.9865174,28.571546
17461,389,13890,1984,5vv5_9OJ_A_803,2,diffdock,0.021800741,0.00069484193,31.375107,0,7.3832661e-11,47.848439
17462,389,10586,1512,4zbc_GLC_A_407,2,diffdock,0.018346159,0.00069473968,26.40724,0,3.4862976e-46,28.285599
17463,389,306,43,1dna_CB3_A_601,5,autodock,0.012654009,0.00068806217,18.390791,0,0,20.960955
17464,389,3687,526,2c5b_5F1_C_500,5,autodock,0.012654009,0.00067986549,18.612516,0,0,246.38549
17465,389,5658,808,2xyj_WLM_A_1442,2,diffdock,0.018192707,0.00067889338,26.797588,0,0,36.799579
17466,389,4958,708,2qd4_CHD_B_926,2,diffdock,0.019176563,0.00067789618,28.288345,0,0,33.329439
17467,389,16705,2386,6qni_GLC_A_402,3,diffdock_l,0.013610128,0.00067335193,20.212502,0,0.078452361,16.413668
17468,389,10250,1464,4wxb_CIT_C_501,2,diffdock,0.022955896,0.00066721331,34.405632,0,0,42.410844
17469,389,3680,525,2c5b_5F1_A_500,5,autodock,0.012654009,0.00066462058,19.039446,0,0,513.76622
17470,389,17418,2488,6vmz_R3P_C_404,2,diffdock,0.018229329,0.00066421209,27.44504,0,1.6901577e-52,38.798098
17471,389,17425,2489,6vmz_R3P_E_403,2,diffdock,0.017882273,0.0006515666,27.44504,0,1.6695996e-10,41.507774
17472,389,6099,871,3qwi_CUE_D_272,2,diffdock,0.01948933,0.00064225341,30.345232,0,1.8793225e-47,42.716908
17473,389,15213,2173,6fa1_D2Z_A_203,2,diffdock,0.012070794,0.00064158392,18.814051,0,1.8328527e-74,36.792831
17474,389,2294,327,1r4f_AD3_B_330,5,autodock,0.011791943,0.00064105182,18.394678,0,0,102.36457
17475,389,16588,2369,6pvi_OZ7_A_501,5,autodock,0.012654009,0.0006382425,19.826332,0,0,506.04111
17476,389,15003,2143,6dl7_ONC_G_301,2,diffdock,0.01892153,0.00063789302,29.662542,0,0,55.811825
17477,389,16403,2343,6ofr_BOG_A_802,2,diffdock,0.020146467,0.00063745104,31.604727,0,0,30.666415
17478,389,16217,2316,6nba_P1T_B_501,5,autodock,0.012654009,0.0006249804,20.247047,0,0,35.374436
17479,389,13869,1981,5vuu_9OJ_A_805,2,diffdock,0.018811008,0.00061958792,30.360512,0,1.5209761e-36,46.577721
17480,389,16613,2373,6q4r_HJ5_A_1009,2,diffdock,0.021457581,0.0006163707,34.812786,0,0,59.085727
17481,389,9718,1388,4qbz_D80_A_917,2,diffdock,0.020199129,0.00061209467,33.000008,0,3.059617e-47,47.763134
17482,389,15850,2264,6krs_CIT_B_301,2,diffdock,0.018933718,0.00060131307,31.487286,0,1.4583977e-35,40.657417
17483,389,13862,1980,5vut_9OG_B_803,2,diffdock,0.018643501,0.00059734869,31.210413,0,0,44.607488
17484,389,4937,705,2qd4_CHD_A_801,2,diffdock,0.019048724,0.00059459385,32.03653,0,2.0751431e-18,35.769776
17485,389,716,102,1gz5_G6P_C_901,2,diffdock,0.018228538,0.00059343606,30.716934,0,0,49.992278
17486,389,5399,771,2w0b_CMW_A_1450,2,diffdock,0.015173483,0.00058985422,25.724121,0,0,23.046131
17487,389,7723,1103,4cx6_Q16_B_800,2,diffdock,0.018964881,0.00058658273,32.331127,0,0,46.960684
17488,389,5371,767,2vss_V55_D_1250,2,diffdock,0.021685009,0.00058644524,36.977039,0,0,42.146203
17489,389,11713,1673,5faj_DCS_C_401,2,diffdock,0.017818099,0.00058017103,30.711802,0,0,30.149476
17490,389,9028,1289,4l1x_STR_B_402,5,autodock,0.012629315,0.00057976239,21.783604,0,0,24.135207
17491,389,14646,2092,6a2n_9QR_A_701,2,diffdock,0.018549842,0.00057412019,32.310032,0,0,51.469767
17492,389,14436,2062,5ybq_8T0_B_303,2,diffdock,0.024087277,0.0005684216,42.375725,0,0,40.705863
17493,389,11699,1671,5faj_DCS_A_401,2,diffdock,0.017684834,0.00056562784,31.265846,0,0,30.149476
17494,389,13897,1985,5vv5_9OJ_B_803,2,diffdock,0.018154508,0.00056382189,32.199013,0,0,46.457802
17495,389,1108,158,1itw_ICT_B_744,2,diffdock,0.017758106,0.00055912493,31.76053,0,0,45.551597
17496,390,14828,2118,6btq_E8S_A_305,2,diffdock,0.019226799,0.0011209602,17.152079,0,0,34.698855
17497,390,10180,1454,4wmz_TPF_A_602,2,diffdock,0.019113079,0.00088060195,21.704559,0,0,36.193072
17498,390,10600,1514,4zdz_TPF_A_602,2,diffdock,0.019162393,0.00085788943,22.336668,0,0,33.160286
17499,390,8892,1270,4jzx_IPE_A_401,2,diffdock,0.018531092,0.00081848165,22.640814,0,0,30.149476
17500,390,16263,2323,6nga_KL7_A_803,2,diffdock,0.018792714,0.00081591155,23.032782,0,0,44.53002
17501,390,2189,312,1pvc_ILE_0_7,5,autodock,0.011709942,0.00080151597,14.609742,0,0,17.917316
17502,390,12966,1852,5lwy_OLB_A_409,2,diffdock,0.016496822,0.00078314289,21.064892,0,0,28.393884
17503,390,2791,398,1v5g_HTL_A_1602,5,autodock,0.011684487,0.00073038812,15.997641,0,0,14.264968
17504,390,14899,2128,6cdy_EY1_B_501,3,diffdock_l,0.016321234,0.00068446958,23.845081,0,6.5398746e-06,32.187321
17505,390,15977,2282,6l86_MLT_A_303,3,diffdock_l,0.014410877,0.00067399654,21.381231,0,6.467054e-53,25.45323
17506,390,16683,2383,6qdc_HXE_A_1004,2,diffdock,0.018561006,0.00064843658,28.624241,0,0,30.475196
17507,390,6351,907,3tyn_CXW_A_800,2,diffdock,0.019036188,0.00064112212,29.691982,0,0,48.629772
17508,390,8997,1285,4kux_FPS_C_705,2,diffdock,0.020955961,0.00064080318,32.702648,0,0,39.300982
17509,390,6358,908,3tyn_CXW_B_800,2,diffdock,0.018842206,0.00063458898,29.691982,0,0,48.245234
17510,390,4356,622,2ij7_TPF_C_2471,2,diffdock,0.018407771,0.00060081699,30.637897,0,4.5172066e-95,33.872212
17511,390,6722,960,3wca_FPS_B_401,2,diffdock,0.020221708,0.00059599875,33.929111,0,0,40.261482
17512,390,15178,2168,6f77_PLP_A_600,2,diffdock,0.018657283,0.00059136458,31.549541,0,0,30.149476
17513,390,17334,2476,6uqd_QF4_B_501,2,diffdock,0.017068268,0.00059103722,28.878498,0,0,46.585853
17514,390,4044,577,2fhk_MFN_A_600,5,autodock,0.011709942,0.00058233839,20.108482,0,0,18.127976
17515,390,7660,1094,4cmk_FQW_B_1270,2,diffdock,0.022045018,0.00058133073,37.921646,0,0,51.404451
17516,390,6680,954,3w8x_FTK_A_601,2,diffdock,0.018861253,0.00057969358,32.536591,0,0,38.195604
17517,390,5854,836,2z6j_TUI_A_501,2,diffdock,0.018368845,0.000566843,32.405525,0,0,48.641006
17518,390,17327,2475,6uqd_QF4_A_501,2,diffdock,0.016687296,0.00056500067,29.535,0,0,46.273604
17519,390,5217,745,2uyv_TLA_A_1275,2,diffdock,0.013477734,0.00056092001,24.027906,0,2.4678822e-42,31.565425
17520,390,6302,900,3tky_N7I_A_369,2,diffdock,0.01840738,0.00055287281,33.29406,0,0,37.416283
17521,390,943,134,1h7q_TYD_A_1258,5,autodock,0.0087718106,0.0005514319,15.907331,0,0,13.179942
17522,390,1325,189,1jyx_IPT_A_2002,2,diffdock,0.019424895,0.00055023858,35.302677,0,0,30.149476
17523,390,5350,764,2vmw_PLP_A_501,2,diffdock,0.019223433,0.00054811491,35.071903,0,0,29.626929
17524,390,4972,710,2qd4_CHD_B_928,2,diffdock,0.017599849,0.00054714645,32.166615,0,3.6231313e-45,34.319922
17525,390,16663,2380,6qdb_HWQ_A_1002,3,diffdock_l,0.014426687,0.00054351224,26.543442,0,0.0037985595,17.445307
17526,390,947,135,1h82_GZZ_A_590,2,diffdock,0.017745423,0.00053527421,33.152023,0,0,42.364642
17527,390,4587,655,2nu7_COA_B_1325,2,diffdock,0.017021083,0.00053507772,31.810486,0,5.5396378e-69,45.165099
17528,390,12539,1791,5ivg_FPS_D_704,2,diffdock,0.017670064,0.00053153184,33.24366,0,0,42.282753
17529,390,17505,2500,6xeb_V1P_A_411,5,autodock,0.011686189,0.00052695541,22.176805,0,0,19.90754
17530,390,16361,2337,6o04_DNA_B_601,2,diffdock,0.019361615,0.00052449652,36.914669,0,5.3698344e-55,57.051554
17531,390,16368,2338,6o04_DNA_C_603,2,diffdock,0.01923368,0.00052416727,36.693783,0,1.8695279e-52,54.897528
17532,390,16522,2360,6pn9_OU7_A_803,2,diffdock,0.01776394,0.00052356078,33.929089,0,0,49.205713
17533,390,12525,1789,5ivg_FPS_B_704,2,diffdock,0.016507442,0.00050703236,32.55698,0,0,41.059268
17534,390,2081,297,1p7l_PPK_D_884,2,diffdock,0.015023117,0.00049792399,30.171505,0,0,44.42839
17535,390,6736,962,3wca_FPS_C_402,2,diffdock,0.016700159,0.00049348203,33.841473,0,0,43.816813
17536,390,5140,734,2r5e_QLP_A_430,2,diffdock,0.01900318,0.00048911181,38.852425,0,0,52.249546
17537,390,8241,1177,4ghf_4NC_C_402,2,diffdock,0.017853923,0.00047637071,37.479053,0,0,37.755789
17538,390,11485,1640,5edh_5MF_A_803,5,autodock,0.010037081,0.00046855027,21.421566,0,0,115.89019
17539,390,11972,1710,5g0v_JDD_B_1271,2,diffdock,0.016787813,0.00046325087,36.23914,0,0,58.922738
17540,390,6743,963,3wca_FPS_D_401,2,diffdock,0.015663858,0.00046226159,33.885269,0,0,47.101383
17541,390,15598,2228,6hsg_GM5_A_504,2,diffdock,0.018189039,0.00045822942,39.694176,0,0,45.552304
17542,390,10922,1560,5aew_BNL_C_462,2,diffdock,0.019377315,0.00045606859,42.48772,0,0,30.149476
17543,390,4195,599,2g9z_VNP_B_601,2,diffdock,0.016685502,0.00045536312,36.642189,0,0,39.22491
17544,390,10607,1515,4zhd_4OZ_B_202,2,diffdock,0.0086364668,0.00045252215,19.085178,0,2.3601873e-84,20.890329
17545,390,12574,1796,5j5i_6GM_F_302,2,diffdock,0.019209931,0.00045108928,42.585651,0,7.5284127e-82,72.304176
17546,391,2900,414,1w55_GPP_A_1374,2,diffdock,0.010313874,0.00052745603,19.553995,0,0,20.728583
17547,391,15927,2275,6l59_CIT_B_403,2,diffdock,0.017939729,0.00049258486,36.419571,0,0,30.809663
17548,391,16245,2320,6ncx_ADA_D_601,5,autodock,0.012546405,0.00045386552,27.64344,0,0.001899638,24.346506
17549,391,9620,1374,4pb4_PLP_A_401,2,diffdock,0.017068603,0.00045028045,37.906605,0,0,43.921811
17550,391,15031,2147,6e40_BBJ_B_502,2,diffdock,0.015973201,0.0004386128,36.417545,0,3.1314563e-54,45.580702
17551,391,11846,1692,5fli_QUE_H_301,2,diffdock,0.01843481,0.00043045035,42.826797,0,0,56.462635
17552,391,16231,2318,6ncx_ADA_A_601,5,autodock,0.012168719,0.00042868358,28.386248,0,0.0013380013,21.924813
17553,391,16238,2319,6ncx_ADA_C_601,5,autodock,0.012113821,0.0004267496,28.386248,0,0.0012505815,22.381833
17554,391,275,39,1d7a_AIR_C_400,2,diffdock,0.016281468,0.00042655598,38.169594,0,0,45.963772
17555,391,11804,1686,5fli_QUE_A_301,2,diffdock,0.01825485,0.00042624832,42.826797,0,0,54.070712
17556,391,12602,1800,5j5i_6GM_I_303,2,diffdock,0.018159798,0.00042402885,42.826797,0,1.5610479e-81,63.674993
17557,391,16256,2322,6ng5_KMD_B_803,2,diffdock,0.018012594,0.00042059167,42.826797,0,0,48.047586
17558,391,14926,2132,6cqu_HI6_A_601,2,diffdock,0.017918752,0.00041840048,42.826797,0,0,41.602018
17559,391,15706,2243,6jk9_BU0_A_501,5,autodock,0.011309448,0.00041802831,27.054262,0,0,13.574069
17560,391,7849,1121,4d96_5PA_B_501,2,diffdock,0.017843778,0.00041664984,42.826797,0,0,52.106628
17561,391,9270,1324,4mop_2H5_A_802,2,diffdock,0.016507491,0.00041143564,40.121685,0,0,43.30022
17562,391,6652,950,3w7f_FPS_A_301,2,diffdock,0.012158538,0.00041058941,29.612398,0,0,37.653989
17563,391,12133,1733,5gzz_JAA_A_601,2,diffdock,0.012157299,0.00040680797,29.884611,0,0,40.995973
17564,391,14793,2113,6bmm_OLB_A_404,2,diffdock,0.0078118246,0.00040576372,19.25215,0,0,27.954615
17565,391,8234,1176,4ghf_4NC_A_402,2,diffdock,0.016865346,0.00039380359,42.826797,0,0,36.197419
17566,391,9963,1423,4u8y_MIY_B_1102,2,diffdock,0.016838882,0.00039318564,42.826797,0,0,30.149476
17567,391,15871,2267,6krs_CIT_F_301,2,diffdock,0.016774392,0.00039167982,42.826797,0,0.023449573,39.280806
17568,391,13554,1936,5tm5_7EV_B_601,2,diffdock,0.016665151,0.00038912904,42.826797,0,0,33.975187
17569,391,8248,1178,4ghf_4NC_D_402,2,diffdock,0.016488756,0.00038501026,42.826797,0,0,37.113025
17570,391,9613,1373,4p8c_Y22_B_502,2,diffdock,0.016175935,0.00037770592,42.826797,0,3.6973269e-63,42.95625
17571,391,17635,2519,6zi7_QR8_D_502,2,diffdock,0.015527722,0.00037753747,41.128956,0,0,35.397609
17572,391,7023,1003,3zwt_ORO_A_1398,2,diffdock,0.0078711003,0.00037361429,21.067448,0,1.5108151e-08,20.187791
17573,391,14618,2088,6a2m_9QR_A_701,2,diffdock,0.014302621,0.00037259254,38.386761,0,0,42.762847
17574,391,6715,959,3wca_FPS_A_501,2,diffdock,0.014054302,0.00036729928,38.263897,0,0,46.605662
17575,391,1713,244,1mmy_G6D_A_348,5,autodock,0.0071551887,0.00035416267,20.203112,0,0.0026147289,15.536424
17576,391,12420,1774,5ijz_AKG_A_502,2,diffdock,0.014124323,0.00034626889,40.790043,0,0,30.149476
17577,391,14411,2058,5ybp_8SX_B_303,5,autodock,0.011309574,0.00033537285,33.722389,0,0,1098.7925
17578,391,9627,1375,4pb4_PLP_B_401,2,diffdock,0.012522393,0.00033034857,37.906605,0,0,46.223922
17579,391,12434,1776,5ijz_AKG_C_502,2,diffdock,0.013533558,0.00032724529,41.356007,0,0,30.149476
17580,391,768,109,1h1i_QUE_B_1356,5,autodock,0.012947422,0.00030232057,42.826797,0,0,1116.4744
17581,391,782,111,1h1i_QUE_D_1357,5,autodock,0.012942239,0.00030219955,42.826797,0,0,934.57412
17582,391,2788,398,1v5g_HTL_A_1602,2,diffdock,0.012879189,0.00030072735,42.826797,0,0,40.930762
17583,391,10694,1527,4zsy_RW2_D_502,5,autodock,0.011318547,0.00028785092,39.320866,0,1.3777205e-05,52.16006
17584,391,8188,1169,4fm6_TYR_C_259,5,autodock,0.011309574,0.00028557242,39.603172,0,0,18.723262
17585,391,635,90,1gck_PLP_A_413,5,autodock,0.011309574,0.00026407704,42.826797,0,5.2048847e-11,22.231968
17586,391,11856,1693,5fli_QUE_J_301,5,autodock,0.011309574,0.00026407704,42.826797,0,0,1132.1107
17587,391,13634,1947,5u8z_83D_C_602,5,autodock,0.011252403,0.0002627421,42.826797,0,0,193.73301
17588,391,7534,1076,4cjw_CBJ_B_1218,2,diffdock,0.007735949,0.0002572154,30.07576,0,0,22.641938
17589,391,6666,952,3w7f_FPS_B_301,2,diffdock,0.007317626,0.00024826969,29.474503,0,0,38.33984
17590,391,12427,1775,5ijz_AKG_B_502,2,diffdock,0.010105236,0.00024547233,41.166496,0,0,30.149476
17591,391,4363,623,2ij7_TPF_D_2473,2,diffdock,0.010025544,0.00023409511,42.826797,0,4.920177e-181,32.895753
17592,391,8087,1155,4ejh_0QA_D_502,2,diffdock,0.0087306197,0.00023292725,37.482174,0,0,30.149476
17593,391,9256,1322,4mol_2FG_C_703,2,diffdock,0.009280566,0.00023017586,40.319458,0,0,49.182583
17594,391,15664,2237,6j4t_IMP_A_401,5,autodock,0.0056933556,0.00020403668,27.903587,0,0,70.219559
17595,391,4237,605,2gyv_HBP_A_1409,2,diffdock,0.0086559547,0.00020211539,42.826797,0,0,42.428017
17596,392,2109,301,1pke_2FD_B_447,2,diffdock,0.0028734398,0.00014936732,19.237404,0,1.6343054e-55,26.472326
17597,392,5231,747,2uyv_TLA_B_1275,2,diffdock,0.0030112739,0.00012061166,24.966688,0,0,30.042754
17598,392,5150,735,2r5e_QLP_B_430,5,autodock,0.0028229404,0.0001112459,25.375679,0,0,35.563253
17599,392,14821,2117,6btn_E8M_A_304,2,diffdock,0.0032899254,0.00010286603,31.98262,0,0,29.412595
17600,392,5021,717,2qim_ZEA_A_161,2,diffdock,0.0016281049,0.00010013036,16.25985,0,0,13.936593
17601,392,8839,1262,4jb0_FER_A_401,5,autodock,0.0029530335,9.8114394e-05,30.09786,0,0,1852.6535
17602,392,9137,1305,4luu_BTM_A_704,2,diffdock,0.0018322765,8.1553824e-05,22.467081,0,0.0063374426,24.460878
17603,392,14765,2109,6b9p_D0J_B_1001,2,diffdock,0.0030176545,7.0195293e-05,42.989414,0,0,71.030715
17604,392,16200,2314,6n9r_OHN_X_305,2,diffdock,0.0025196068,5.8609935e-05,42.989414,0,0,25.876457
17605,392,6190,884,3ryd_SRT_A_271,2,diffdock,0.00079168781,5.0847541e-05,15.569834,0,0,23.597008
17606,392,8738,1248,4iph_1FJ_A_202,2,diffdock,0.00051576519,3.2424605e-05,15.906598,0,0.0029057522,13.118747
17607,392,12924,1846,5la2_ARB_B_606,2,diffdock,0.00056862043,1.9525671e-05,29.121683,0,3.5440834e-61,24.620874
17608,392,1682,240,1m9j_CLW_A_906,2,diffdock,9.2376533e-05,5.3104201e-06,17.395332,0,0,29.629686
17609,392,135,19,1aua_BOG_A_1,2,diffdock,0,0,26.737238,0,0,22.196621
17610,392,142,20,1aua_BOG_A_2,2,diffdock,0,0,28.782896,0,0,20.336258
17611,392,303,43,1dna_CB3_A_601,2,diffdock,0,0,42.989414,0,0,30.149476
17612,392,506,72,1fs5_16G_B_2267,2,diffdock,0,0,23.856316,0,0,19.41155
17613,392,632,90,1gck_PLP_A_413,2,diffdock,0,0,42.989414,0,0,45.472257
17614,392,758,108,1h18_PYR_B_1001,2,diffdock,0,0,41.229427,0,0,30.740811
17615,392,898,128,1h5r_G1P_D_1294,2,diffdock,0,0,29.542768,0,0,40.143965
17616,392,926,132,1h69_ARH_C_1275,2,diffdock,0,0,35.380791,0,0,38.404537
17617,392,1010,144,1hsb_ALA_A_1001,2,diffdock,0,0,22.411432,0,0,16.642487
17618,392,1017,145,1hsb_ALA_C_1,2,diffdock,0,0,29.510948,0,0,20.81584
17619,392,1136,162,1iwe_IMP_B_1452,2,diffdock,0,0,39.431137,0,0,44.811797
17620,392,1402,200,1kep_TDX_A_3500,2,diffdock,0,0,23.923704,0,0,24.014789
17621,392,1717,245,1mmy_G6D_B_348,2,diffdock,0,0,24.485037,0,0,24.183762
17622,392,1801,257,1nf0_13P_B_1150,2,diffdock,0,0,28.513651,0,0,30.149476
17623,392,1871,267,1nsm_GAL_A_1400,2,diffdock,0,0,24.419754,0,9.9371282e-58,21.967666
