query_order,round,flat_index,row_index,row_label,algorithm_index,algorithm,utility,acquisition,predicted_runtime_mean,predicted_runtime_sd,score,runtime
1,0,12387,1769,5ihe_D5M_A_701,4,gnina,,,,,2.2519875e-05,4.4518273
2,0,17744,2534,7cwd_GLC_A_901,6,smina,,,,,0.00022970443,0.86632524
3,0,17417,2488,6vv9_RQ1_B_304,1,unimol,,,,,0.94839311,19.68
4,0,5390,770,2vag_V25_A_1482,0,surfdock,,,,,0.99211943,3.9469582
5,0,3832,547,2bs8_NAG_A_1177,3,diffdock_l,,,,,0.92809712,9.6714854
6,0,1288,184,1j54_TMP_A_2000,0,surfdock,,,,,0.98734221,3.4149292
7,0,11069,1581,5abz_Z47_A_201,2,diffdock,,,,,0,19.068003
8,0,11083,1583,5ack_SVQ_A_600,2,diffdock,,,,,0,24.149584
9,0,11882,1697,5fli_QUE_G_301,3,diffdock_l,,,,,0,39.959023
10,0,16795,2399,6rgg_K3Q_A_401,2,diffdock,,,,,0,25.926162
11,0,10858,1551,4zo7_BGC_A_805,1,unimol,,,,,0,22.24
12,0,9090,1298,4k5g_Q13_B_803,4,gnina,,,,,2.6709003e-13,6.9986632
13,0,12213,1744,5hgz_MLA_A_303,5,autodock,,,,,0.018121431,3.9230689
14,0,13671,1953,5ud3_P6F_A_404,0,surfdock,,,,,0,3.6362939
15,0,15619,2231,6jq8_CIT_A_302,2,diffdock,,,,,0,15.879326
16,0,15564,2223,6jc7_F0G_B_601,3,diffdock_l,,,,,0,49.606652
17,0,12243,1749,5htd_MYR_A_201,0,surfdock,,,,,0.98150334,3.4204385
18,0,8886,1269,4ioq_BAQ_A_201,3,diffdock_l,,,,,0.9878123,5.9908009
19,0,15860,2265,6lql_F0C_A_702,5,autodock,,,,,0,13.640428
20,0,1038,148,1hot_16G_A_269,2,diffdock,,,,,0,21.033967
21,0,4821,688,2o7b_HC4_E_701,5,autodock,,,,,0,40.03355
22,0,10453,1493,4wdx_WDX_A_402,2,diffdock,,,,,0,30.011794
23,0,2027,289,1o29_UFP_C_813,4,gnina,,,,,0.97169727,4.4268935
24,0,5890,841,2z48_A2G_A_1001,3,diffdock_l,,,,,1.4217954e-63,22.646073
25,0,17233,2461,6u6c_P1T_D_505,6,smina,,,,,0,3.7836783
26,0,5118,731,2qd4_CHD_B_928,1,unimol,,,,,0.94293071,25.18
27,0,10862,1551,4zo7_BGC_A_805,5,autodock,,,,,5.0249144e-06,17.36667
28,0,17170,2452,6toj_NQQ_A_201,6,smina,,,,,0,6.4022906
29,0,10782,1540,4zbc_GLC_A_407,2,diffdock,,,,,3.4862976e-46,28.285599
30,0,8633,1233,4i02_CMP_C_301,2,diffdock,,,,,1.6417015e-72,34.805376
31,0,5621,803,2wu4_HBP_B_1545,0,surfdock,,,,,0.98368864,4.3131564
32,0,16445,2349,6pk1_3PY_A_502,2,diffdock,,,,,2.2599847e-07,21.924734
33,0,6623,946,3vbn_TYD_A_301,1,unimol,,,,,0,18.59
34,0,11518,1645,5dw3_TRP_B_402,3,diffdock_l,,,,,0,28.001163
35,0,5123,731,2qd4_CHD_B_928,6,smina,,,,,0,4.4831818
36,0,561,80,1g72_PQQ_A_701,1,unimol,,,,,0,25.13
37,0,12421,1774,5ijz_AKG_E_502,3,diffdock_l,,,,,0,28.001163
38,0,3594,513,1zwp_NIM_A_401,3,diffdock_l,,,,,1.5143259e-05,11.940469
39,0,11313,1616,5cga_KP6_E_301,1,unimol,,,,,0.96607774,23.68
40,0,15040,2148,6f2v_AMP_A_1001,4,gnina,,,,,0.03862551,6.3586307
41,0,8832,1261,4i9n_1E5_G_402,5,autodock,,,,,0,14.763811
42,0,17042,2434,6t0a_M58_B_601,4,gnina,,,,,0,1.6681623
43,0,2871,410,1u6r_IOM_B_1601,1,unimol,,,,,0.97355557,19.72
44,0,15231,2175,6flu_DTK_B_401,6,smina,,,,,0.14078958,2.715437
45,0,4427,632,2hdk_COI_B_900,3,diffdock_l,,,,,0.0026944533,24.368525
46,0,2915,416,1v03_BGC_A_1498,3,diffdock_l,,,,,0,36.03066
47,0,12472,1781,5irw_D9P_A_202,5,autodock,,,,,0.93181556,39.620989
48,0,14095,2013,5x5d_UMP_E_401,4,gnina,,,,,0.99051924,5.7696244
49,0,1128,161,1iri_E4P_A_601,1,unimol,,,,,0.95515978,27.99
50,0,361,51,1e2s_CSN_P_701,4,gnina,,,,,0.029593188,2.6324167
51,0,4437,633,2hjp_PPR_A_291,6,smina,,,,,0,0.9635085
52,0,13761,1965,5unt_8J1_A_803,6,smina,,,,,8.8451123e-11,4.7389043
53,0,17662,2523,6zug_QPW_H_1001,1,unimol,,,,,0.98546177,20.1
54,0,8209,1172,4e7v_CRS_S_101,5,autodock,,,,,0.047936036,28.744547
55,0,8551,1221,4hez_1MZ_A_307,4,gnina,,,,,0.0004586778,1.2190649
56,0,13559,1937,5tlg_7EG_B_601,0,surfdock,,,,,0.9922672,4.2588869
57,0,13889,1984,5vv5_9OJ_B_803,1,unimol,,,,,0.95755597,28.25
58,0,6844,977,3w7f_FPS_A_302,5,autodock,,,,,0,12.095668
59,0,1911,273,1ngp_NPA_H_302,0,surfdock,,,,,0,2.8359082
60,0,15445,2206,6hmw_FUL_I_201,3,diffdock_l,,,,,4.4162256e-71,18.455493
61,0,13380,1911,5sga_TYR_P_1,3,diffdock_l,,,,,0,19.55101
62,0,9818,1402,4pgi_Y69_A_303,4,gnina,,,,,1.5890366e-09,7.2190085
63,0,2000,285,1o28_UFP_A_703,5,autodock,,,,,3.687095e-06,9.0857211
64,0,13503,1929,5tdt_MBN_A_503,0,surfdock,,,,,0.08580802,2.1556942
65,0,3039,434,1w55_C_A_1372,1,unimol,,,,,0.94860626,28.29
66,0,14511,2073,6a1f_9OF_A_807,0,surfdock,,,,,0.97926501,3.2909702
67,0,8993,1284,4j7u_YTZ_C_802,5,autodock,,,,,0,8.2162283
68,0,3630,518,2a5t_GLU_B_2002,4,gnina,,,,,0,2.4515288
69,0,9475,1353,4mr8_2BW_A_507,4,gnina,,,,,0.00041973873,3.3471246
70,0,4455,636,2huu_ALA_A_701,3,diffdock_l,,,,,0,28.001163
71,0,12038,1719,5g6k_M94_A_904,5,autodock,,,,,0,5.0366619
72,0,540,77,1g4s_TPS_B_2002,1,unimol,,,,,0.98254196,18.7
73,0,14157,2022,5xmq_PLG_A_501,3,diffdock_l,,,,,0,42.238659
74,0,12494,1784,5ita_6DC_B_801,6,smina,,,,,0,9.2058911
75,0,11887,1698,5fli_QUE_H_301,1,unimol,,,,,0.99093803,23.55
76,0,4913,701,2pin_LEG_B_502,6,smina,,,,,0,2.154753
77,0,6757,965,3vnm_SDD_D_301,2,diffdock,,,,,0,34.43518
78,0,12545,1792,5j5i_6GM_A_303,1,unimol,,,,,0.98802078,26.36
79,0,9321,1331,4lvb_20N_B_601,4,gnina,,,,,3.032122e-07,3.461842
80,0,17796,2542,8icd_ICT_A_418,2,diffdock,,,,,1.034521e-17,22.007711
81,0,14392,2056,5ysh_5AD_J_605,0,surfdock,,,,,0.21831849,2.4907739
82,0,6377,911,3ryd_SRT_C_268,0,surfdock,,,,,0.54297982,2.1861244
83,0,11888,1698,5fli_QUE_H_301,2,diffdock,,,,,0,56.462635
84,0,589,84,1g8z_GAL_F_104,1,unimol,,,,,0.97660964,18.35
85,0,1134,162,1iri_E4P_B_602,0,surfdock,,,,,0.98966565,2.8570735
86,0,1820,260,1mmx_FUC_B_348,0,surfdock,,,,,0.084803449,4.8287277
87,0,16097,2299,6ncx_ADA_A_601,4,gnina,,,,,0.00069010586,6.3786462
88,0,3567,509,1zpd_CIT_E_610,4,gnina,,,,,0.049744436,6.471239
89,0,5867,838,2z20_PLP_A_701,1,unimol,,,,,0.93983054,18.56
90,0,15391,2198,6gqk_F88_B_1001,5,autodock,,,,,0,22.547218
91,0,8639,1234,4i02_CMP_D_301,1,unimol,,,,,0.99265204,24.53
92,0,12313,1759,5i5t_67X_B_402,0,surfdock,,,,,0.99593959,3.0629267
93,0,8948,1278,4j0k_EGR_B_501,2,diffdock,,,,,0,27.314457
94,0,5985,855,2zce_PYL_A_601,0,surfdock,,,,,0.72339306,3.3358917
95,0,14898,2128,6dl7_ONC_D_301,2,diffdock,,,,,0,57.490262
96,0,4567,652,2iyq_SKM_A_201,3,diffdock_l,,,,,0.96645821,11.488626
97,0,1631,233,1ldo_SNR_B_350,0,surfdock,,,,,0.98395114,3.1708224
98,0,12582,1797,5j5i_6GM_G_302,3,diffdock_l,,,,,2.9874375e-94,60.304676
99,0,15976,2282,6mry_FLC_I_102,2,diffdock,,,,,0,23.727494
100,0,257,36,1d6u_HY1_A_2001,5,autodock,,,,,0.0056933056,19.130346
101,0,12254,1750,5hxi_5HN_A_403,4,gnina,,,,,0.6673586,1.6276649
102,0,3222,460,1xkw_188_A_1001,2,diffdock,,,,,0,35.334935
103,0,1306,186,1jf0_CZH_A_197,4,gnina,,,,,0.99456484,9.7362202
104,0,2994,427,1vzu_UDP_A_1371,5,autodock,,,,,0,20.066722
105,0,9599,1371,4ni1_2JX_A_203,2,diffdock,,,,,5.0670849e-21,16.691181
106,0,2487,355,1s2c_FLF_A_2001,2,diffdock,,,,,0,26.320517
107,0,6940,991,3wgc_PLG_B_401,3,diffdock_l,,,,,0,48.538615
108,0,15336,2190,6gck_EUB_A_302,6,smina,,,,,0,2.778861
109,0,16434,2347,6paf_O6A_A_509,5,autodock,,,,,0,11.889283
110,0,4612,658,2j5z_GAL_A_1278,6,smina,,,,,0.0012813208,0.79559974
111,0,7920,1131,4d2c_ALA_A_508,3,diffdock_l,,,,,2.2001334e-06,29.052382
112,0,16308,2329,6o2z_LJV_B_500,5,autodock,,,,,1.0328545e-06,23.987839
113,0,9819,1402,4pgi_Y69_A_303,5,autodock,,,,,1.2199504e-12,20.780377
114,0,15357,2193,6gck_EUB_D_302,6,smina,,,,,0,2.8182706
115,0,15182,2168,6fld_DQ5_A_604,6,smina,,,,,0,8.5732414
116,0,14132,2018,5xh2_NPO_A_305,6,smina,,,,,0,0.68365885
117,0,9870,1410,4pxd_1AL_A_502,0,surfdock,,,,,0,2.9034038
118,0,4376,625,2gyv_HBP_A_1409,1,unimol,,,,,0.084249576,33.19
119,0,11463,1637,5dky_NOJ_A_1000,4,gnina,,,,,0.99409784,2.2622694
120,0,9516,1359,4n4j_HG1_A_605,3,diffdock_l,,,,,1.44951e-14,16.584111
121,0,17237,2462,6u6c_P1T_F_805,3,diffdock_l,,,,,0,43.255929
122,0,17484,2497,6xim_XLS_A_397,5,autodock,,,,,0.18248869,23.449204
123,0,13576,1939,5tm5_7EV_B_601,3,diffdock_l,,,,,0,34.5137
124,0,2776,396,1tt6_DES_A_129,4,gnina,,,,,0,2.4205983
125,0,8834,1262,4i9n_1E5_H_402,0,surfdock,,,,,0.89727759,3.5331233
126,0,10317,1473,4ugg_S5D_A_904,6,smina,,,,,1.2449659e-08,6.0968416
127,0,15623,2231,6jq8_CIT_A_302,6,smina,,,,,8.0601932e-08,1.5524052
128,0,797,113,1h48_C5P_D_204,6,smina,,,,,0,3.334058
129,0,3819,545,2bs3_CIT_A_1657,4,gnina,,,,,0.10293461,12.581324
130,0,15055,2150,6f48_XQB_A_302,5,autodock,,,,,0,169.71792
131,0,16145,2306,6nga_KL7_B_804,3,diffdock_l,,,,,5.6365833e-40,23.067994
132,0,15054,2150,6f48_XQB_A_302,4,gnina,,,,,0,3.2325065
133,0,2603,371,1sz6_NAG_B_5001,6,smina,,,,,2.3483403e-07,1.2756838
134,0,10803,1543,4zbc_GLC_B_407,2,diffdock,,,,,0,23.945929
135,0,1558,222,1kwu_MMA_A_501,4,gnina,,,,,0.88014446,1.8474113
136,0,15948,2278,6mnh_JVD_A_301,2,diffdock,,,,,0.9784738,17.963542
137,0,8562,1223,4hgg_SYN_B_502,1,unimol,,,,,0.94275026,19.28
138,0,2784,397,1tt6_DES_B_128,5,autodock,,,,,0,10.892198
139,0,6504,929,3tye_XHP_B_901,1,unimol,,,,,0.99357731,19.36
140,0,4800,685,2o7b_HC4_A_701,5,autodock,,,,,0,37.860879
141,0,11613,1659,5eo7_SFU_A_405,0,surfdock,,,,,0.86463364,2.4734548
142,0,12378,1768,5iav_MLI_B_302,2,diffdock,,,,,1.6538092e-39,16.754105
143,0,466,66,1foi_14W_B_810,4,gnina,,,,,8.0473767e-08,2.7356111
144,0,5105,729,2qd4_CHD_A_803,2,diffdock,,,,,0,35.555461
145,0,6063,866,2ztl_3HL_D_301,1,unimol,,,,,0.96960408,21.19
146,0,7099,1014,3wzo_ZOE_D_201,1,unimol,,,,,0.95271276,25.14
147,0,16294,2327,6o1s_7SD_E_803,5,autodock,,,,,2.0442242e-11,15.245543
148,0,4662,666,2no7_LDC_A_401,0,surfdock,,,,,0.99018967,3.3346498
149,0,16079,2297,6nba_P1T_D_501,0,surfdock,,,,,0,3.9110403
150,0,8217,1173,4e7v_CRS_Y_101,6,smina,,,,,0.28516806,0.55514563
151,0,1408,201,1k5s_GRO_B_601,1,unimol,,,,,0.96654426,22.38
152,0,4050,578,2eb5_OXL_D_2004,4,gnina,,,,,1.2538635e-07,3.2905421
153,0,2521,360,1sep_BIO_A_801,1,unimol,,,,,0,14.61
154,0,16669,2381,6qor_JBK_A_301,2,diffdock,,,,,1.2538848e-19,20.962479
155,0,9943,1420,4qe1_RUU_A_403,3,diffdock_l,,,,,0.99666776,18.304765
156,0,5053,721,2qab_EI1_B_1,6,smina,,,,,0,2.7569515
157,0,13793,1970,5v7y_AKG_B_302,3,diffdock_l,,,,,0,30.870676
158,0,10388,1484,4uzi_IMD_B_1455,0,surfdock,,,,,0.86494796,1.9665179
159,0,12697,1813,5jeh_EVF_B_302,6,smina,,,,,0.00064346712,1.5875924
160,0,9901,1414,4q3a_2YC_C_904,3,diffdock_l,,,,,6.9069634e-22,30.011974
161,0,16662,2380,6qol_JB5_B_301,2,diffdock,,,,,0,21.450651
162,0,2554,364,1sff_IK2_D_450,6,smina,,,,,0,3.9778256
163,0,1274,182,1j3k_UMP_C_611,0,surfdock,,,,,0.98438715,3.6307775
164,0,580,82,1g79_PLP_A_270,6,smina,,,,,0.00058290428,2.4941618
165,0,3212,458,1xin_XYL_B_397,6,smina,,,,,0.0042073303,1.0778243
166,0,10627,1518,4y14_C0A_A_407,1,unimol,,,,,0.98888046,26.78
167,0,4100,585,2eus_ABN_A_400,5,autodock,,,,,0,12.574066
168,0,831,118,1h48_CDI_C_902,5,autodock,,,,,0.99423717,92.656674
169,0,17798,2542,8icd_ICT_A_418,4,gnina,,,,,0.03138311,3.9024302
170,0,16126,2303,6ng5_KMD_A_803,5,autodock,,,,,0,7.0217599
171,0,17416,2488,6vv9_RQ1_B_304,0,surfdock,,,,,0.49085464,3.7832155
172,0,5058,722,2qb4_DSM_A_801,4,gnina,,,,,0.85914879,3.0083285
173,0,1483,211,1kfc_IPL_A_674,6,smina,,,,,0.39167382,2.0496421
174,0,9822,1403,4pik_MAN_A_501,1,unimol,,,,,0.96623289,19.48
175,0,5124,732,2qg6_NMN_A_301,0,surfdock,,,,,0,3.6988981
176,0,9998,1428,4r2n_PHE_D_402,2,diffdock,,,,,0,36.768102
177,0,6328,904,3roe_THM_E_265,0,surfdock,,,,,0,3.3240162
178,0,5847,835,2yjd_YJD_B_1498,2,diffdock,,,,,7.1695638e-37,26.634485
179,0,15179,2168,6fld_DQ5_A_604,3,diffdock_l,,,,,0,28.001163
180,1,560,80,1g72_PQQ_A_701,0,surfdock,1.0000007,0.63128381,1.5840737,0,0,4.0796586
181,1,2520,360,1sep_BIO_A_801,0,surfdock,1.0000007,0.63128381,1.5840737,0,0,3.1102741
182,1,6622,946,3vbn_TYD_A_301,0,surfdock,1.0000007,0.63128381,1.5840737,0,0.86824118,3.8202578
183,1,10857,1551,4zo7_BGC_A_805,0,surfdock,1.0000006,0.63128377,1.5840737,0,0.76289475,2.5347766
184,1,4375,625,2gyv_HBP_A_1409,0,surfdock,1.0000005,0.6312837,1.5840737,0,0,3.9260173
185,1,1912,273,1ngp_NPA_H_302,1,unimol,1.0000004,0.63128364,1.5840737,0,0.95306656,20.68
186,1,5125,732,2qg6_NMN_A_301,1,unimol,1.0000004,0.63128364,1.5840737,0,0.96742342,19.48
187,1,6329,904,3roe_THM_E_265,1,unimol,1.0000004,0.63128364,1.5840737,0,0,23.04
188,1,9871,1410,4pxd_1AL_A_502,1,unimol,1.0000004,0.63128364,1.5840737,0,0.97824081,25.58
189,1,13672,1953,5ud3_P6F_A_404,1,unimol,1.0000004,0.63128364,1.5840737,0,0.85110463,23.45
190,1,16080,2297,6nba_P1T_D_501,1,unimol,1.0000004,0.63128364,1.5840737,0,0.98758176,20.46
191,1,1821,260,1mmx_FUC_B_348,1,unimol,1.0000003,0.63128357,1.5840737,0,0.92972479,18.7
192,1,13504,1929,5tdt_MBN_A_503,1,unimol,1.0000003,0.63128357,1.5840737,0,0.17139023,21.27
193,1,14393,2056,5ysh_5AD_J_605,1,unimol,1.0000001,0.63128348,1.5840737,0,0.98087692,24.5
194,1,827,118,1h48_CDI_C_902,1,unimol,0.9761544,0.61623006,1.5840737,0,0,25.38
195,1,12468,1781,5irw_D9P_A_202,1,unimol,0.97149853,0.61329089,1.5840737,0,0.96752547,21.67
196,1,1303,186,1jf0_CZH_A_197,1,unimol,0.9297803,0.58695486,1.5840737,0,0.99184997,25.99
197,1,11460,1637,5dky_NOJ_A_1000,1,unimol,0.92977952,0.58695437,1.5840737,0,0.99009643,19.67
198,1,14092,2013,5x5d_UMP_E_401,1,unimol,0.92977363,0.58695065,1.5840737,0,0,21.23
199,1,2024,289,1o29_UFP_C_813,1,unimol,0.92974492,0.58693253,1.5840737,0,0,18.97
200,1,1555,222,1kwu_MMA_A_501,1,unimol,0.92248745,0.58235101,1.5840737,0,0.95346127,23.22
201,1,5055,722,2qb4_DSM_A_801,1,unimol,0.91779937,0.5793915,1.5840737,0,0.98902921,22.86
202,1,12251,1750,5hxi_5HN_A_403,1,unimol,0.87497486,0.5523571,1.5840737,0,0.98846321,14.57
203,1,17480,2497,6xim_XLS_A_397,1,unimol,0.82935179,0.52355601,1.5840737,0,0.96216152,18.56
204,1,6378,911,3ryd_SRT_C_268,1,unimol,0.82354115,0.51988785,1.5840737,0,0.91538844,18.87
205,1,2773,396,1tt6_DES_A_129,1,unimol,0.81008627,0.51139401,1.5840737,0,0,22.15
206,1,3627,518,2a5t_GLU_B_2002,1,unimol,0.81008627,0.51139401,1.5840737,0,4.3225342e-05,21.07
207,1,17039,2434,6t0a_M58_B_601,1,unimol,0.81008627,0.51139401,1.5840737,0,0,14.14
208,1,9087,1298,4k5g_Q13_B_803,1,unimol,0.81008627,0.51139401,1.5840737,0,0.98911506,21.72
209,1,463,66,1foi_14W_B_810,1,unimol,0.81008626,0.511394,1.5840737,0,0.99301916,22.3
210,1,4047,578,2eb5_OXL_D_2004,1,unimol,0.81008626,0.511394,1.5840737,0,0.95054763,22.87
211,1,9318,1331,4lvb_20N_B_601,1,unimol,0.81008624,0.51139399,1.5840737,0,0.99418104,22.6
212,1,12384,1769,5ihe_D5M_A_701,1,unimol,0.81008413,0.51139266,1.5840737,0,0,22.01
213,1,9472,1353,4mr8_2BW_A_507,1,unimol,0.81004647,0.51136889,1.5840737,0,0.95022785,21.18
214,1,8548,1221,4hez_1MZ_A_307,1,unimol,0.81004278,0.51136656,1.5840737,0,0.78738104,21.07
215,1,16094,2299,6ncx_ADA_A_601,1,unimol,0.81002084,0.5113527,1.5840737,0,0,24.92
216,1,17795,2542,8icd_ICT_A_418,1,unimol,0.80881856,0.51059373,1.5840737,0,0.93969954,14.26
217,1,358,51,1e2s_CSN_P_701,1,unimol,0.80728053,0.50962279,1.5840737,0,0.29911644,24.01
218,1,15037,2148,6f2v_AMP_A_1001,1,unimol,0.80642418,0.50908219,1.5840737,0,0.8493365,23.5
219,1,3564,509,1zpd_CIT_E_610,1,unimol,0.80536999,0.5084167,1.5840737,0,0.96266732,22.62
220,1,3816,545,2bs3_CIT_A_1657,1,unimol,0.80032703,0.50523316,1.5840737,0,0.98364729,24.21
221,1,15051,2150,6f48_XQB_A_302,1,unimol,0.79296176,0.50058359,1.5840737,0,0,14.35
222,1,9815,1402,4pgi_Y69_A_303,1,unimol,0.79296176,0.50058359,1.5840737,0,0.91791807,31.64
223,1,2780,397,1tt6_DES_B_128,1,unimol,0.788595,0.49782693,1.5840737,0,0,26.42
224,1,2990,427,1vzu_UDP_A_1371,1,unimol,0.788595,0.49782693,1.5840737,0,0.94178014,21.04
225,1,4096,585,2eus_ABN_A_400,1,unimol,0.788595,0.49782693,1.5840737,0,0.99203182,16.45
226,1,4796,685,2o7b_HC4_A_701,1,unimol,0.788595,0.49782693,1.5840737,0,0.98904931,29.57
227,1,4817,688,2o7b_HC4_E_701,1,unimol,0.788595,0.49782693,1.5840737,0,0.9877603,33.49
228,1,6840,977,3w7f_FPS_A_302,1,unimol,0.788595,0.49782693,1.5840737,0,0.94500709,25.78
229,1,8828,1261,4i9n_1E5_G_402,1,unimol,0.788595,0.49782693,1.5840737,0,0.95200925,28.11
230,2,4663,666,2no7_LDC_A_401,1,unimol,0.91909474,0.52825698,1.739862,0,0.98859086,16.9
231,2,1135,162,1iri_E4P_B_602,1,unimol,0.91908482,0.52825128,1.739862,0,0.95990547,22.84
232,2,1275,182,1j3k_UMP_C_611,1,unimol,0.91898519,0.52819402,1.739862,0,0,17.7
233,2,12244,1749,5htd_MYR_A_201,1,unimol,0.91893097,0.52816286,1.739862,0,0.97166517,29.1
234,2,8835,1262,4i9n_1E5_H_402,1,unimol,0.91741447,0.52729124,1.739862,0,0.028893908,21.89
235,2,11614,1659,5eo7_SFU_A_405,1,unimol,0.91686121,0.52697325,1.739862,0,0.95290717,17.57
236,2,5986,855,2zce_PYL_A_601,1,unimol,0.82998244,0.47054127,1.7638878,0,0,23.56
237,2,15387,2198,6gqk_F88_B_1001,1,unimol,0.75518119,0.43404637,1.739862,0,0.99162408,23.43
238,2,16430,2347,6paf_O6A_A_509,1,unimol,0.75518119,0.43404637,1.739862,0,0.96035018,26.12
239,2,16290,2327,6o1s_7SD_E_803,1,unimol,0.75518119,0.43404637,1.739862,0,0.96773219,18.91
240,2,9317,1331,4lvb_20N_B_601,0,surfdock,0.75434598,0.43356633,1.739862,0,0.99380289,2.351584
241,2,11459,1637,5dky_NOJ_A_1000,0,surfdock,0.75410672,0.43342881,1.739862,0,0,2.6569822
242,2,253,36,1d6u_HY1_A_2001,1,unimol,0.75315961,0.43288445,1.739862,0,0.99667157,22.35
243,2,12209,1744,5hgz_MLA_A_303,1,unimol,0.74874666,0.43034808,1.739862,0,0.6770346,25.74
244,2,4046,578,2eb5_OXL_D_2004,0,surfdock,0.74279769,0.42692886,1.739862,0,0.99310695,2.2351063
245,2,9471,1353,4mr8_2BW_A_507,0,surfdock,0.7425128,0.42676511,1.739862,0,0,3.0156429
246,2,9814,1402,4pgi_Y69_A_303,0,surfdock,0.73724647,0.42373825,1.739862,0,0.96262219,4.4458797
247,2,15618,2231,6jq8_CIT_A_302,1,unimol,0.72528261,0.41686193,1.739862,0,0.74709195,17.64
248,2,1037,148,1hot_16G_A_269,1,unimol,0.72507283,0.41674136,1.739862,0,0.97630555,33.75
249,2,2486,355,1s2c_FLF_A_2001,1,unimol,0.72507283,0.41674136,1.739862,0,0.97556009,21.32
250,2,3221,460,1xkw_188_A_1001,1,unimol,0.72507283,0.41674136,1.739862,0,0,25.35
251,2,5104,729,2qd4_CHD_A_803,1,unimol,0.72507283,0.41674136,1.739862,0,0.9894045,27.41
252,2,6756,965,3vnm_SDD_D_301,1,unimol,0.72507283,0.41674136,1.739862,0,0,18.19
253,2,8632,1233,4i02_CMP_C_301,1,unimol,0.72507283,0.41674136,1.739862,0,0.99143817,19.27
254,2,8947,1278,4j0k_EGR_B_501,1,unimol,0.72507283,0.41674136,1.739862,0,0.77542336,16.87
255,2,9997,1428,4r2n_PHE_D_402,1,unimol,0.72507283,0.41674136,1.739862,0,0.96054985,23.91
256,2,12377,1768,5iav_MLI_B_302,1,unimol,0.72507283,0.41674136,1.739862,0,0.62897078,20.35
257,2,16444,2349,6pk1_3PY_A_502,1,unimol,0.72507283,0.41674135,1.739862,0,0.92494601,21.9
258,2,1554,222,1kwu_MMA_A_501,0,surfdock,0.72458131,0.41645885,1.739862,0,0,2.5232085
259,2,2549,364,1sff_IK2_D_450,1,unimol,0.72449396,0.41640865,1.739862,0,0.97445498,28.61
260,2,4432,633,2hjp_PPR_A_291,1,unimol,0.72449396,0.41640865,1.739862,0,0,23.59
261,2,14127,2018,5xh2_NPO_A_305,1,unimol,0.72449396,0.41640865,1.739862,0,0.96943591,16.24
262,2,15331,2190,6gck_EUB_A_302,1,unimol,0.72449396,0.41640865,1.739862,0,0.99210447,20.14
263,2,15352,2193,6gck_EUB_D_302,1,unimol,0.72449396,0.41640865,1.739862,0,0.99049962,26.89
264,2,17165,2452,6toj_NQQ_A_201,1,unimol,0.72449396,0.41640865,1.739862,0,0.98904011,26.06
265,2,17228,2461,6u6c_P1T_D_505,1,unimol,0.72449396,0.41640865,1.739862,0,0.92609289,23.07
266,2,2598,371,1sz6_NAG_B_5001,1,unimol,0.72449396,0.41640865,1.739862,0,0.9388798,15.94
267,2,17739,2534,7cwd_GLC_A_901,1,unimol,0.72449276,0.41640795,1.739862,0,0.99043121,25.07
268,2,575,82,1g79_PLP_A_270,1,unimol,0.72449091,0.41640689,1.739862,0,0.002583767,17.38
269,2,4607,658,2j5z_GAL_A_1278,1,unimol,0.72448725,0.41640479,1.739862,0,0.85290041,16.08
270,2,2913,416,1v03_BGC_A_1498,1,unimol,0.72432289,0.41631032,1.739862,0,0,17.14
271,2,4453,636,2huu_ALA_A_701,1,unimol,0.72432289,0.41631032,1.739862,0,0,23.67
272,2,9899,1414,4q3a_2YC_C_904,1,unimol,0.72432289,0.41631032,1.739862,0,0,18.25
273,2,12419,1774,5ijz_AKG_E_502,1,unimol,0.72432289,0.41631032,1.739862,0,0.90479394,35.01
274,2,12580,1797,5j5i_6GM_G_302,1,unimol,0.72432289,0.41631032,1.739862,0,0.98368478,20.5
275,2,13791,1970,5v7y_AKG_B_302,1,unimol,0.72432289,0.41631032,1.739862,0,0.89361154,20.14
276,2,14155,2022,5xmq_PLG_A_501,1,unimol,0.72432289,0.41631032,1.739862,0,0.9832718,24.13
277,2,15443,2206,6hmw_FUL_I_201,1,unimol,0.72432289,0.41631032,1.739862,0,0.96987268,21.82
278,2,15562,2223,6jc7_F0G_B_601,1,unimol,0.72432289,0.41631032,1.739862,0,0,21.22
279,2,17235,2462,6u6c_P1T_F_805,1,unimol,0.72432289,0.41631032,1.739862,0,0,26.51
280,3,4565,652,2iyq_SKM_A_201,1,unimol,0.93480888,0.45794096,2.0413296,0,0.96253333,18.67
281,3,8884,1269,4ioq_BAQ_A_201,1,unimol,0.94086699,0.42576565,2.2098227,0,0.98961076,14.19
282,3,5391,770,2vag_V25_A_1482,1,unimol,0.74721523,0.36604323,2.0413296,0,0.9788465,20.49
283,3,1289,184,1j54_TMP_A_2000,1,unimol,0.74675878,0.36581962,2.0413296,0,0,17.48
284,3,9086,1298,4k5g_Q13_B_803,0,surfdock,0.74455311,0.36473912,2.0413296,0,0.22522573,3.8466717
285,3,3830,547,2bs8_NAG_A_1177,1,unimol,0.92392694,0.36294832,2.5456147,0,0.87833032,19.5
286,3,12034,1719,5g6k_M94_A_904,1,unimol,0.72962051,0.35742398,2.0413296,0,0.98335847,20.88
287,3,15856,2265,6lql_F0C_A_702,1,unimol,0.72962051,0.35742398,2.0413296,0,0,17.24
288,3,16122,2303,6ng5_KMD_A_803,1,unimol,0.72962051,0.35742398,2.0413296,0,0.9844779,20.83
289,3,16304,2329,6o2z_LJV_B_500,1,unimol,0.72962023,0.35742385,2.0413296,0,0,19.29
290,3,1996,285,1o28_UFP_A_703,1,unimol,0.72961952,0.3574235,2.0413296,0,0,20.46
291,3,17794,2542,8icd_ICT_A_418,0,surfdock,0.72040144,0.35290778,2.0413296,0,0.86263823,2.6846625
292,3,8205,1172,4e7v_CRS_S_101,1,unimol,0.71687221,0.35117889,2.0413296,0,0.98539739,18.74
293,3,15036,2148,6f2v_AMP_A_1001,0,surfdock,0.71140894,0.34850256,2.0413296,0,0,3.873853
294,3,15050,2150,6f48_XQB_A_302,0,surfdock,0.71125395,0.34842664,2.0413296,0,0,3.2423775
295,3,3563,509,1zpd_CIT_E_610,0,surfdock,0.70843997,0.34704814,2.0413296,0,0.98209188,2.837468
296,3,11068,1581,5abz_Z47_A_201,1,unimol,0.70709663,0.34639007,2.0413296,0,0,19.9
297,3,11082,1583,5ack_SVQ_A_600,1,unimol,0.70709663,0.34639007,2.0413296,0,0.78258648,19.68
298,3,16661,2380,6qol_JB5_B_301,1,unimol,0.70709663,0.34639007,2.0413296,0,0.99321922,15.59
299,3,16668,2381,6qor_JBK_A_301,1,unimol,0.70709663,0.34639007,2.0413296,0,0.95783462,18.11
300,3,4908,701,2pin_LEG_B_502,1,unimol,0.70705233,0.34636836,2.0413296,0,0.77751899,25.51
301,3,12489,1784,5ita_6DC_B_801,1,unimol,0.70705233,0.34636836,2.0413296,0,0.98211419,20.33
302,3,13756,1965,5unt_8J1_A_803,1,unimol,0.70705233,0.34636836,2.0413296,0,0.98032046,25.26
303,3,10312,1473,4ugg_S5D_A_904,1,unimol,0.70705232,0.34636836,2.0413296,0,0.97986887,22.03
304,3,29,4,1a9r_HPA_A_290,1,unimol,0.70644477,0.34607073,2.0413296,0,0,23.95
305,3,36,5,1ac4_TMT_A_296,1,unimol,0.70644477,0.34607073,2.0413296,0,0.98176216,17.91
306,3,43,6,1aej_NVI_A_296,1,unimol,0.70644477,0.34607073,2.0413296,0,0.98628294,15.89
307,3,50,7,1aia_PMP_B_411,1,unimol,0.70644477,0.34607073,2.0413296,0,0,22.7
308,3,57,8,1aiq_CB3_A_266,1,unimol,0.70644477,0.34607073,2.0413296,0,0,23.16
309,3,64,9,1aiq_UMP_A_265,1,unimol,0.70644477,0.34607073,2.0413296,0,0.81022196,15.39
310,3,71,10,1aiq_UMP_B_266,1,unimol,0.70644477,0.34607073,2.0413296,0,0,24.56
311,3,78,11,1aj8_CIT_A_1000,1,unimol,0.70644477,0.34607073,2.0413296,0,0.93700491,18.15
312,3,85,12,1aj8_CIT_B_2000,1,unimol,0.70644477,0.34607073,2.0413296,0,0.94422312,21.36
313,3,92,13,1ajs_PLA_A_415,1,unimol,0.70644477,0.34607073,2.0413296,0,0.96056931,23.23
314,3,99,14,1amq_PMP_A_413,1,unimol,0.70644477,0.34607073,2.0413296,0,0,21.37
315,3,120,17,1aog_MAE_A_500,1,unimol,0.70644477,0.34607073,2.0413296,0,0,22.38
316,3,127,18,1aog_MAE_A_501,1,unimol,0.70644477,0.34607073,2.0413296,0,0.89660671,18.95
317,3,134,19,1aua_BOG_A_1,1,unimol,0.70644477,0.34607073,2.0413296,0,0,21.57
318,3,141,20,1axg_ETF_A_404,1,unimol,0.70644477,0.34607073,2.0413296,0,0.95193289,21.96
319,3,169,24,1bo8_U_A_318,1,unimol,0.70644477,0.34607073,2.0413296,0,0,22.23
320,3,183,26,1c3s_SHH_A_952,1,unimol,0.70644477,0.34607073,2.0413296,0,0.90306974,20.96
321,3,190,27,1c9c_PP3_A_413,1,unimol,0.70644477,0.34607073,2.0413296,0,0,21.24
322,3,218,31,1cib_HDA_A_437,1,unimol,0.70644477,0.34607073,2.0413296,0,0.93051469,21.74
323,3,225,32,1cib_IMP_A_440,1,unimol,0.70644477,0.34607073,2.0413296,0,0,15.34
324,3,232,33,1ck6_SHA_A_900,1,unimol,0.70644477,0.34607073,2.0413296,0,0.98775244,18.91
325,3,239,34,1cq1_BGC_A_455,1,unimol,0.70644477,0.34607073,2.0413296,0,0.96862762,23.23
326,3,246,35,1d3g_ORO_A_399,1,unimol,0.70644477,0.34607073,2.0413296,0,0,17.3
327,3,260,37,1d6u_HY1_B_3001,1,unimol,0.70644477,0.34607073,2.0413296,0,0.99613863,23.85
328,3,267,38,1d6u_PEA_A_2003,1,unimol,0.70644477,0.34607073,2.0413296,0,0.97472167,20.41
329,3,288,41,1daf_DSD_A_225,1,unimol,0.70644477,0.34607073,2.0413296,0,0.98706643,21.08
330,4,5769,824,2xya_7L4_A_1181,1,unimol,0.67922122,0.31331311,2.1678662,0,0.97457555,21
331,4,7148,1021,3zp7_PRE_A_1118,1,unimol,0.67922122,0.31331311,2.1678662,0,0,20.61
332,4,11341,1620,5ci9_549_A_402,1,unimol,0.67922122,0.31331311,2.1678662,0,0.98041395,18.55
333,4,11929,1704,5fuv_THM_A_1388,1,unimol,0.67922122,0.31331311,2.1678662,0,0,19.02
334,4,16528,2361,6q4b_HHN_A_301,1,unimol,0.67922122,0.31331311,2.1678662,0,0.98043184,12.95
335,4,17312,2473,6uzr_QM1_B_301,1,unimol,0.67922122,0.31331311,2.1678662,0,0.98665208,21.53
336,4,8086,1155,4dtb_GMP_B_401,1,unimol,0.67922122,0.31040664,2.1881649,0,0,18.84
337,4,8079,1154,4dtb_GMP_A_401,1,unimol,0.67922122,0.3084305,2.2021847,0,0,15.42
338,4,17753,2536,7jis_VBS_A_1101,1,unimol,0.67922122,0.30120406,2.2550192,0,0.99448006,21.78
339,4,15926,2275,6mae_JBA_A_301,1,unimol,0.67922122,0.29270638,2.3204856,0,0,20.91
340,4,7365,1052,4al9_GLA_B_1123,1,unimol,0.67922122,0.28713782,2.3654876,0,0.97171405,20.26
341,4,7372,1053,4al9_GLA_E_1123,1,unimol,0.67922122,0.28713782,2.3654876,0,0.98367711,21.05
342,4,7379,1054,4al9_GLA_G_1123,1,unimol,0.67922122,0.28713782,2.3654876,0,0.96471079,21.49
343,4,11334,1619,5ci9_549_A_401,1,unimol,0.67922122,0.27967696,2.428591,0,0.00047604393,22.62
344,4,15023,2146,6f2b_AKG_A_402,1,unimol,0.67922122,0.26125305,2.5998585,0,0.84809917,20.94
345,4,15030,2147,6f2b_AKG_B_402,1,unimol,0.67922122,0.2594581,2.6178446,0,0.84478557,25.19
346,4,14736,2105,6bqx_9AG_A_201,1,unimol,0.67922122,0.25509814,2.6625869,0,0.90934025,20.62
347,4,2815,402,1u18_HSM_B_402,1,unimol,0.67922122,0.25031089,2.7135096,0,0,21.72
348,4,4369,624,2gx5_PCG_C_514,1,unimol,0.67922122,0.24917785,2.7258482,0,0,20.92
349,4,2808,401,1u18_HSM_A_401,1,unimol,0.67922122,0.24905154,2.7272305,0,0,17.83
350,4,9255,1322,4l8q_XMM_A_303,1,unimol,0.67922122,0.24889242,2.7289741,0,0.82378864,15.78
351,4,13812,1973,5vjg_0BP_A_403,1,unimol,0.67922122,0.24661663,2.7541573,0,0.77175123,19.82
352,4,308,44,1dpm_EBP_A_900,0,surfdock,0.53068148,0.24479428,2.1678662,0,0,3.1996436
353,4,315,45,1dpm_EBP_B_902,0,surfdock,0.53068148,0.24479428,2.1678662,0,0.75421767,3.0546961
354,4,322,46,1dpm_EBP_B_903,0,surfdock,0.53068148,0.24479428,2.1678662,0,0,2.7031244
355,4,329,47,1duc_DUD_A_201,0,surfdock,0.53068148,0.24479428,2.1678662,0,0.49790609,2.388787
356,4,385,55,1e8m_P0H_A_724,0,surfdock,0.53068148,0.24479428,2.1678662,0,0.97430306,3.7572501
357,4,406,58,1eyw_PEL_A_404,0,surfdock,0.53068148,0.24479428,2.1678662,0,0.0035114931,2.2868052
358,5,323,46,1dpm_EBP_B_903,1,unimol,0.66518691,0.29891866,2.2253098,0,0.97920817,24.08
359,5,1030,147,1ho5_ADN_A_1604,1,unimol,0.6632441,0.2980456,2.2253098,0,0.94587035,23.07
360,5,1310,187,1jho_NIO_A_991,1,unimol,0.6632441,0.2980456,2.2253098,0,0.99493667,20.53
361,5,1597,228,1l4n_NIO_A_991,1,unimol,0.6632441,0.2980456,2.2253098,0,0.99500638,18.64
362,5,2493,356,1s2c_FLF_A_2002,1,unimol,0.6632441,0.2980456,2.2253098,0,0.93205554,18.34
363,5,3697,528,2aiq_BEN_A_401,1,unimol,0.6632441,0.2980456,2.2253098,0,0.98338686,18.68
364,5,4138,591,2f78_BEZ_A_1003,1,unimol,0.6632441,0.2980456,2.2253098,0,0.99297058,15.91
365,5,4145,592,2f78_BEZ_B_1004,1,unimol,0.6632441,0.2980456,2.2253098,0,0.99145624,23.28
366,5,4152,593,2f78_BEZ_B_1005,1,unimol,0.6632441,0.2980456,2.2253098,0,0.98672432,17.7
367,5,4348,621,2gn2_C5P_A_400,1,unimol,0.6632441,0.2980456,2.2253098,0,0.96464922,21.87
368,5,4446,635,2htu_BCZ_A_801,1,unimol,0.6632441,0.2980456,2.2253098,0,0,23.01
369,5,4719,674,2ntk_IMP_A_205,1,unimol,0.6632441,0.2980456,2.2253098,0,0,19.14
370,5,4726,675,2ntk_IMP_C_207,1,unimol,0.6632441,0.2980456,2.2253098,0,0,20.09
371,5,4733,676,2ntk_IMP_D_208,1,unimol,0.6632441,0.2980456,2.2253098,0,0,18.14
372,5,5223,746,2r0g_7CK_B_1357,1,unimol,0.6632441,0.2980456,2.2253098,0,0.98391776,23.7
373,5,5258,751,2rbu_273_X_4001,1,unimol,0.6632441,0.2980456,2.2253098,0,0.9861965,21.2
374,5,5517,788,2w5t_GP9_A_1644,1,unimol,0.6632441,0.2980456,2.2253098,0,0.22158762,17.62
375,5,6574,939,3ucl_CYH_A_543,1,unimol,0.6632441,0.2980456,2.2253098,0,0.98810365,22.21
376,5,6763,966,3vq4_0NX_A_304,1,unimol,0.6632441,0.2980456,2.2253098,0,0.98286377,16.24
377,5,6770,967,3vq4_0NX_A_305,1,unimol,0.6632441,0.2980456,2.2253098,0,0.9885928,13.8
378,5,6777,968,3vq4_0NX_B_303,1,unimol,0.6632441,0.2980456,2.2253098,0,0.97810158,17.71
379,5,6784,969,3vqe_FMQ_B_306,1,unimol,0.6632441,0.2980456,2.2253098,0,0.47430214,20.15
380,5,6994,999,3wqs_KBK_B_503,1,unimol,0.6632441,0.2980456,2.2253098,0,0.89480911,24.57
381,5,7113,1016,3zcm_PX3_B_1216,1,unimol,0.6632441,0.2980456,2.2253098,0,0,25.12
382,5,7225,1032,4a3u_NCA_A_1359,1,unimol,0.6632441,0.2980456,2.2253098,0,0.98028514,23.23
383,5,7232,1033,4a3u_NCA_B_1359,1,unimol,0.6632441,0.2980456,2.2253098,0,0.94658498,17.36
384,5,7610,1087,4cjs_L0Y_B_1217,1,unimol,0.6632441,0.2980456,2.2253098,0,0.96678194,23.5
385,5,7617,1088,4cju_JNS_A_1217,1,unimol,0.6632441,0.2980456,2.2253098,0,0.92148333,20.66
386,5,7624,1089,4cju_JNS_B_1214,1,unimol,0.6632441,0.2980456,2.2253098,0,0.98273282,19.28
387,5,7631,1090,4cjv_IV2_A_1212,1,unimol,0.6632441,0.2980456,2.2253098,0,0.99705003,18.04
388,5,7638,1091,4cjv_IV2_B_1215,1,unimol,0.6632441,0.2980456,2.2253098,0,0.99581782,17.96
389,5,7645,1092,4cjw_CBJ_A_1215,1,unimol,0.6632441,0.2980456,2.2253098,0,0.94785945,20.91
390,5,7652,1093,4cjw_CBJ_A_1216,1,unimol,0.6632441,0.2980456,2.2253098,0,0,19.23
391,5,7659,1094,4cjw_CBJ_B_1217,1,unimol,0.6632441,0.2980456,2.2253098,0,0.9296023,18.42
392,5,7666,1095,4cjw_CBJ_B_1218,1,unimol,0.6632441,0.2980456,2.2253098,0,0.66709005,21.04
393,5,8002,1143,4dch_4DC_A_502,1,unimol,0.6632441,0.2980456,2.2253098,0,0,24.92
394,5,8233,1176,4eip_K2C_A_601,1,unimol,0.6632441,0.2980456,2.2253098,0,0.98996642,21.65
395,5,8324,1189,4f8n_PC_A_202,1,unimol,0.6632441,0.2980456,2.2253098,0,0.92965042,16.7
396,5,8471,1210,4h0x_LAR_B_403,1,unimol,0.6632441,0.2980456,2.2253098,0,0.98401795,22.49
397,5,9017,1288,4jh6_FCN_A_202,1,unimol,0.6632441,0.2980456,2.2253098,0,0.92701857,21.96
398,5,9024,1289,4jh6_FCN_B_202,1,unimol,0.6632441,0.2980456,2.2253098,0,0,19.64
399,5,9136,1305,4kp7_1UQ_A_503,1,unimol,0.6632441,0.2980456,2.2253098,0,0,19.88
400,5,9290,1327,4lol_1YE_A_401,1,unimol,0.6632441,0.2980456,2.2253098,0,0.97465019,16.14
401,5,9297,1328,4lol_1YE_A_402,1,unimol,0.6632441,0.2980456,2.2253098,0,0.97010127,17.11
402,5,9381,1340,4mgj_CPZ_A_502,1,unimol,0.6632441,0.2980456,2.2253098,0,0.98116181,19.88
403,5,9717,1388,4ovl_1TD_A_308,1,unimol,0.6632441,0.2980456,2.2253098,0,0.94330338,19.99
404,5,9724,1389,4ovl_1TD_B_308,1,unimol,0.6632441,0.2980456,2.2253098,0,0.95866923,15.77
405,5,10123,1446,4s38_CDI_A_900,1,unimol,0.6632441,0.2980456,2.2253098,0,0,24.61
406,5,10326,1475,4uoc_NCN_A_400,1,unimol,0.6632441,0.2980456,2.2253098,0,0.93701261,21.07
407,5,10333,1476,4uoc_NCN_B_400,1,unimol,0.6632441,0.2980456,2.2253098,0,0,21.71
408,6,9941,1420,4qe1_RUU_A_403,1,unimol,0.90303392,0.32177427,2.8064196,0,0,21.11
409,6,162,23,1bit_BEN_A_247,1,unimol,0.67631882,0.29325606,2.3062389,0,0.83814091,18.28
410,6,379,54,1e7h_PLM_A_1007,1,unimol,0.67631882,0.29325606,2.3062389,0,0.96956467,21.49
411,6,953,136,1h70_CIR_A_500,1,unimol,0.67631882,0.29325606,2.3062389,0,0,19.18
412,6,1156,165,1isx_XYP_A_1461,1,unimol,0.67631882,0.29325606,2.3062389,0,0.96506034,15.52
413,6,1163,166,1isx_XYP_B_961,1,unimol,0.67631882,0.29325606,2.3062389,0,0.97208371,20.65
414,6,1198,171,1iwe_IMP_A_460,1,unimol,0.67631882,0.29325606,2.3062389,0,0,22.56
415,6,1205,172,1iwe_IMP_B_1443,1,unimol,0.67631882,0.29325606,2.3062389,0,0,23.26
416,6,1212,173,1iwe_IMP_B_1452,1,unimol,0.67631882,0.29325606,2.3062389,0,0,20.09
417,6,1345,192,1jla_TNK_A_999,1,unimol,0.67631882,0.29325606,2.3062389,0,0,22.97
418,6,1506,215,1klz_U_A_2001,1,unimol,0.67631882,0.29325606,2.3062389,0,0,24.37
419,6,1527,218,1kuj_MMA_A_501,1,unimol,0.67631882,0.29325606,2.3062389,0,0.94941724,21.37
420,6,1534,219,1kuj_MMA_C_502,1,unimol,0.67631882,0.29325606,2.3062389,0,0.94943352,21.97
421,6,1541,220,1kuj_MMA_E_503,1,unimol,0.67631882,0.29325606,2.3062389,0,0.96051019,24
422,6,1709,244,1luq_BTN_A_5100,1,unimol,0.67631882,0.29325606,2.3062389,0,0,22.33
423,6,1716,245,1luq_BTN_B_5200,1,unimol,0.67631882,0.29325606,2.3062389,0,0.96500406,22.61
424,6,1870,267,1n1i_HIS_C_501,1,unimol,0.67631882,0.29325606,2.3062389,0,0,17.5
425,6,2038,291,1o2i_655_A_246,1,unimol,0.67631882,0.29325606,2.3062389,0,0,21.47
426,6,2507,358,1s5s_PG3_A_1,1,unimol,0.67631882,0.29325606,2.3062389,0,0.94968726,21.18
427,6,2514,359,1s83_4HA_A_5,1,unimol,0.67631882,0.29325606,2.3062389,0,0.96651693,23.09
428,6,3249,464,1xuf_BAZ_A_246,1,unimol,0.67631882,0.29325606,2.3062389,0,0.64714897,17.98
429,6,3319,474,1yik_MM1_A_500,1,unimol,0.67631882,0.29325606,2.3062389,0,0,25.83
430,6,3599,514,227l_BNZ_A_169,1,unimol,0.67631882,0.29325606,2.3062389,0,0.99278316,16.26
431,6,3634,519,2a5t_GLY_A_1001,1,unimol,0.67631882,0.29325606,2.3062389,0,0,16.64
432,6,3690,527,2ai1_P1G_A_293,1,unimol,0.67631882,0.29325606,2.3062389,0,0,21.02
433,6,3851,550,2bxh_IOS_A_1001,1,unimol,0.67631882,0.29325606,2.3062389,0,0.98585939,18.25
434,6,3858,551,2bxh_IOS_A_1002,1,unimol,0.67631882,0.29325606,2.3062389,0,0,19.48
435,6,3865,552,2bxh_IOS_B_1002,1,unimol,0.67631882,0.29325606,2.3062389,0,0.92637842,28.22
436,6,4033,576,2e56_MYR_A_501,1,unimol,0.67631882,0.29325606,2.3062389,0,0.92168717,24.44
437,6,4124,589,2f64_12Q_A_472,1,unimol,0.67631882,0.29325606,2.3062389,0,1.3388283e-33,16.95
438,6,4131,590,2f64_12Q_B_471,1,unimol,0.67631882,0.29325606,2.3062389,0,1.1648884e-33,13.49
439,6,4222,603,2fpu_HSO_B_509,1,unimol,0.67631882,0.29325606,2.3062389,0,0,18.68
440,6,4313,616,2g8t_MI2_A_401,1,unimol,0.67631882,0.29325606,2.3062389,0,0,22.44
441,6,5069,724,2qca_DGP_A_300,1,unimol,0.67631882,0.29325606,2.3062389,0,0,15.56
442,6,5076,725,2qcx_PF1_A_300,1,unimol,0.67631882,0.29325606,2.3062389,0,0.97400987,19.95
443,6,5083,726,2qcx_PF1_B_300,1,unimol,0.67631882,0.29325606,2.3062389,0,0.98388824,23.3
444,6,5188,741,2qvr_FDP_A_333,1,unimol,0.67631882,0.29325606,2.3062389,0,0,21.82
445,6,5286,755,2tio_BEN_A_247,1,unimol,0.67631882,0.29325606,2.3062389,0,0.98993655,19.87
446,6,5314,759,2uyv_TLA_A_1275,1,unimol,0.67631882,0.29325606,2.3062389,0,0,24.19
447,6,5321,760,2uyv_TLA_A_1277,1,unimol,0.67631882,0.29325606,2.3062389,0,0,19.31
448,6,5328,761,2uyv_TLA_B_1275,1,unimol,0.67631882,0.29325606,2.3062389,0,0,23.32
449,6,5335,762,2uyv_TLA_C_1275,1,unimol,0.67631882,0.29325606,2.3062389,0,0,25.7
450,6,5342,763,2uyv_TLA_D_1275,1,unimol,0.67631882,0.29325606,2.3062389,0,0,17.06
451,6,5636,805,2wzv_FMN_A_801,1,unimol,0.67631882,0.29325606,2.3062389,0,0,21.65
452,6,5643,806,2wzv_FMN_B_801,1,unimol,0.67631882,0.29325606,2.3062389,0,0,20.24
453,6,5853,836,2ynf_WHU_A_1563,1,unimol,0.67631882,0.29325606,2.3062389,0,0,25.26
454,6,5965,852,2z6j_TUI_A_501,1,unimol,0.67631882,0.29325606,2.3062389,0,0.96635597,21.71
455,6,5972,853,2z6j_TUI_B_502,1,unimol,0.67631882,0.29325606,2.3062389,0,0.95188172,20.57
456,6,6028,861,2zka_AZA_A_302,1,unimol,0.67631882,0.29325606,2.3062389,0,0.97175762,17.7
457,6,7519,1074,4bz6_SHH_A_700,1,unimol,0.67631882,0.29325606,2.3062389,0,0.93972826,23.96
458,7,386,55,1e8m_P0H_A_724,1,unimol,0.63417483,0.26268126,2.4142361,0,0.88926204,22.99
459,7,407,58,1eyw_PEL_A_404,1,unimol,0.63347863,0.26239289,2.4142361,0,0.96758981,17.15
460,7,15975,2282,6mry_FLC_I_102,1,unimol,0.63044689,0.26113711,2.4142361,0,0.29354884,29.89
461,7,176,25,1bqp_MAN_C_402,1,unimol,0.62993999,0.26092715,2.4142361,0,0.97204432,20.81
462,7,344,49,1e2j_THM_A_500,1,unimol,0.62993999,0.26092715,2.4142361,0,0,20.92
463,7,351,50,1e2j_THM_B_500,1,unimol,0.62993999,0.26092715,2.4142361,0,0,17.99
464,7,365,52,1e5f_PLP_A_405,1,unimol,0.62993999,0.26092715,2.4142361,0,0,21.47
465,7,456,65,1fm8_DDC_A_501,1,unimol,0.62993999,0.26092715,2.4142361,0,0.99245385,21.24
466,7,736,105,1h1i_QUE_A_1358,1,unimol,0.62993999,0.26092715,2.4142361,0,0.99337223,23.91
467,7,743,106,1h1i_QUE_B_1356,1,unimol,0.62993999,0.26092715,2.4142361,0,0,18.14
468,7,750,107,1h1i_QUE_C_1358,1,unimol,0.62993999,0.26092715,2.4142361,0,0,23.43
469,7,757,108,1h1m_KMP_B_1358,1,unimol,0.62993999,0.26092715,2.4142361,0,0.99018301,23.67
470,7,764,109,1h1m_KMP_C_1358,1,unimol,0.62993999,0.26092715,2.4142361,0,0.98772055,21.3
471,7,1086,155,1ia1_TQ3_A_194,1,unimol,0.62993999,0.26092715,2.4142361,0,0,20.61
472,7,1219,174,1ixo_G3P_A_1001,1,unimol,0.62993999,0.26092715,2.4142361,0,0,24.24
473,7,1268,181,1j3i_WRA_A_609,1,unimol,0.62993999,0.26092715,2.4142361,0,0.99015522,23.9
474,7,1296,185,1ja9_PYQ_A_406,1,unimol,0.62993999,0.26092715,2.4142361,0,0.97089405,18.34
475,7,1331,190,1jl0_PUT_A_401,1,unimol,0.62993999,0.26092715,2.4142361,0,0.90215522,17.63
476,7,1338,191,1jl0_PUT_B_401,1,unimol,0.62993999,0.26092715,2.4142361,0,0.92266115,21.08
477,7,1485,212,1ki2_GA2_A_1,1,unimol,0.62993999,0.26092715,2.4142361,0,0,16.91
478,7,1492,213,1ki2_GA2_B_2,1,unimol,0.62993999,0.26092715,2.4142361,0,0,21.81
479,7,1499,214,1klk_PMD_A_653,1,unimol,0.62993999,0.26092715,2.4142361,0,0.98386265,23.55
480,7,1513,216,1km6_OMP_A_2001,1,unimol,0.62993999,0.26092715,2.4142361,0,0,15.8
481,7,1548,221,1kwc_BPY_B_401,1,unimol,0.62993999,0.26092715,2.4142361,0,0.99116452,15.83
482,7,1583,226,1l4f_150_A_990,1,unimol,0.62993999,0.26092715,2.4142361,0,0.98467331,15.58
483,7,1723,246,1lzz_IHG_A_830,1,unimol,0.62993999,0.26092715,2.4142361,0,0.92919724,17.55
484,7,1730,247,1lzz_IHG_B_1830,1,unimol,0.62993999,0.26092715,2.4142361,0,0.9348825,23.75
485,7,1800,257,1m9j_CLW_A_906,1,unimol,0.62993999,0.26092715,2.4142361,0,0,22.73
486,7,1807,258,1m9j_CLW_B_907,1,unimol,0.62993999,0.26092715,2.4142361,0,0,21.6
487,7,1856,265,1msv_PUT_A_355,1,unimol,0.62993999,0.26092715,2.4142361,0,0.91784837,21.86
488,7,1926,275,1nme_159_B_9002,1,unimol,0.62993999,0.26092715,2.4142361,0,0.96439468,19.69
489,7,2059,294,1o6g_SIN_A_724,1,unimol,0.62993999,0.26092715,2.4142361,0,0.91780026,21.2
490,7,2073,296,1om5_INE_A_790,1,unimol,0.62993999,0.26092715,2.4142361,0,0.98684058,23.15
491,7,2080,297,1om5_INE_B_791,1,unimol,0.62993999,0.26092715,2.4142361,0,0.98772575,18.72
492,7,2199,314,1pl6_572_A_405,1,unimol,0.62993999,0.26092715,2.4142361,0,0.95325612,19.46
493,7,2206,315,1pl6_572_B_407,1,unimol,0.62993999,0.26092715,2.4142361,0,0.94468091,29.62
494,7,2213,316,1pl6_572_C_409,1,unimol,0.62993999,0.26092715,2.4142361,0,0.958854,23.22
495,7,2220,317,1pl6_572_D_411,1,unimol,0.62993999,0.26092715,2.4142361,0,0.95630496,25.19
496,7,2262,323,1pt8_OXL_A_802,1,unimol,0.62993999,0.26092715,2.4142361,0,0.94714412,14.66
497,7,2269,324,1pt8_OXL_B_801,1,unimol,0.62993999,0.26092715,2.4142361,0,0.9804017,16.93
498,7,2283,326,1pwz_RSO_A_256,1,unimol,0.62993999,0.26092715,2.4142361,0,0.95304311,16.54
499,7,2290,327,1pwz_RSO_B_256,1,unimol,0.62993999,0.26092715,2.4142361,0,0.93489993,15.09
500,7,2332,333,1q3a_NGH_A_480,1,unimol,0.62993999,0.26092715,2.4142361,0,0.85950608,22.86
501,7,2339,334,1q3a_NGH_B_479,1,unimol,0.62993999,0.26092715,2.4142361,0,0.95346286,21.68
502,7,2346,335,1q3a_NGH_C_481,1,unimol,0.62993999,0.26092715,2.4142361,0,0,31.09
503,7,2367,338,1q6r_LX1_A_7301,1,unimol,0.62993999,0.26092715,2.4142361,0,0,18.31
504,7,2374,339,1q6r_LX1_B_9301,1,unimol,0.62993999,0.26092715,2.4142361,0,0,19.94
505,7,2451,350,1rqh_PYR_A_602,1,unimol,0.62993999,0.26092715,2.4142361,0,0.94853187,14.85
506,7,3144,449,1x7j_GEN_A_201,1,unimol,0.62993999,0.26092715,2.4142361,0,0.99433284,23.71
507,7,3284,469,1y42_TYR_X_701,1,unimol,0.62993999,0.26092715,2.4142361,0,0.84976395,21.18
508,8,1051,150,1hq2_PH2_A_181,1,unimol,0.63357739,0.25561374,2.4786506,0,0.96316756,18.5
509,8,2171,310,1pi3_TZD_A_530,1,unimol,0.63357739,0.25561374,2.4786506,0,0,25.82
510,8,2353,336,1q4g_BFL_A_701,1,unimol,0.63357739,0.25561374,2.4786506,0,0.9863461,23.75
511,8,2360,337,1q4g_BFL_B_1701,1,unimol,0.63357739,0.25561374,2.4786506,0,0.9888112,18.84
512,8,2619,374,1t87_CAM_A_1422,1,unimol,0.63357739,0.25561374,2.4786506,0,0.98911503,19.79
513,8,2920,417,1v3v_5OP_A_1360,1,unimol,0.63357739,0.25561374,2.4786506,0,0.98622764,20.61
514,8,2927,418,1v3v_5OP_B_2360,1,unimol,0.63357739,0.25561374,2.4786506,0,0.98491371,15.9
515,8,2948,421,1vje_MSE_A_301,1,unimol,0.63357739,0.25561374,2.4786506,0,0.96711162,18.29
516,8,2955,422,1vje_MSE_A_401,1,unimol,0.63357739,0.25561374,2.4786506,0,0.89802039,18.57
517,8,3158,451,1x8i_BMH_A_2,1,unimol,0.63357739,0.25561374,2.4786506,0,0,27.76
518,8,3389,484,1z8p_DEB_A_420,1,unimol,0.63357739,0.25561374,2.4786506,0,0,24.95
519,8,3620,517,2a1m_CAM_A_1422,1,unimol,0.63357739,0.25561374,2.4786506,0,0.9879787,16.74
520,8,3746,535,2bdg_PBZ_A_301,1,unimol,0.63357739,0.25561374,2.4786506,0,0.99621974,21.88
521,8,3753,536,2bdg_PBZ_B_302,1,unimol,0.63357739,0.25561374,2.4786506,0,0.99566928,18.75
522,8,3774,539,2bgc_DTT_F_1238,1,unimol,0.63357739,0.25561374,2.4786506,0,0,34.54
523,8,3781,540,2bgc_DTU_A_1238,1,unimol,0.63357739,0.25561374,2.4786506,0,0,26.62
524,8,3963,566,2cjz_PTR_A_1537,1,unimol,0.63357739,0.25561374,2.4786506,0,0.52913761,25.47
525,8,4019,574,2e1a_MSE_D_301,1,unimol,0.63357739,0.25561374,2.4786506,0,0.96764968,19.22
526,8,4159,594,2f7x_4EA_E_351,1,unimol,0.63357739,0.25561374,2.4786506,0,0.96053476,22.07
527,8,4859,694,2oci_TYC_A_401,1,unimol,0.63357739,0.25561374,2.4786506,0,0.85657699,18.5
528,8,5356,765,2v32_BEZ_A_1222,1,unimol,0.63357739,0.25561374,2.4786506,0,0.97463072,19.26
529,8,5363,766,2v32_BEZ_B_1220,1,unimol,0.63357739,0.25561374,2.4786506,0,0.96973012,22.2
530,8,5370,767,2v32_BEZ_C_1222,1,unimol,0.63357739,0.25561374,2.4786506,0,0.98394586,20.75
531,8,5377,768,2v32_BEZ_D_1221,1,unimol,0.63357739,0.25561374,2.4786506,0,0.9540522,21.42
532,8,5692,813,2xhk_AKG_A_519,1,unimol,0.63357739,0.25561374,2.4786506,0,0.85769051,17.79
533,8,5699,814,2xmi_FLC_A_1379,1,unimol,0.63357739,0.25561374,2.4786506,0,0.9611541,16.84
534,8,5797,828,2y00_Y00_A_601,1,unimol,0.63357739,0.25561374,2.4786506,0,0.98996936,20.55
535,8,5804,829,2y00_Y00_B_601,1,unimol,0.63357739,0.25561374,2.4786506,0,0.9853551,25.37
536,9,16093,2299,6ncx_ADA_A_601,0,surfdock,0.68137352,0.27329864,2.4931455,0,0,2.6376895
537,9,357,51,1e2s_CSN_P_701,0,surfdock,0.66561855,0.26697933,2.4931455,0,0.89353797,2.9647421
538,9,309,44,1dpm_EBP_A_900,1,unimol,0.64803026,0.25992467,2.4931455,0,0.74387868,20.91
539,9,316,45,1dpm_EBP_B_902,1,unimol,0.64647774,0.25930195,2.4931455,0,0.91797723,21.44
540,9,792,113,1h48_C5P_D_204,1,unimol,0.64513756,0.25876441,2.4931455,0,0.92967262,17.7
541,9,9598,1371,4ni1_2JX_A_203,1,unimol,0.64495167,0.25868985,2.4931455,0,0,17.55
542,9,10781,1540,4zbc_GLC_A_407,1,unimol,0.64495167,0.25868985,2.4931455,0,0.038054895,19.86
543,9,10802,1543,4zbc_GLC_B_407,1,unimol,0.64495167,0.25868985,2.4931455,0,0,20.03
544,9,16794,2399,6rgg_K3Q_A_401,1,unimol,0.64495167,0.25868985,2.4931455,0,0,25.52
545,9,8,1,19gs_BSP_B_210,1,unimol,0.64467152,0.25857748,2.4931455,0,0.98854669,17.23
546,9,302,43,1dna_CB3_A_601,1,unimol,0.64467152,0.25857748,2.4931455,0,0,28.43
547,9,400,57,1euu_GAL_A_2,1,unimol,0.64467152,0.25857748,2.4931455,0,0.74695083,22.85
548,9,414,59,1eyw_TEN_A_403,1,unimol,0.64467152,0.25857748,2.4931455,0,0,24.08
549,9,442,63,1fhv_OSB_A_789,1,unimol,0.64467152,0.25857748,2.4931455,0,0.94487042,18.03
550,9,470,67,1fqo_F6R_A_1268,1,unimol,0.64467152,0.25857748,2.4931455,0,0,21.68
551,9,477,68,1fqo_F6R_B_2268,1,unimol,0.64467152,0.25857748,2.4931455,0,0.94831394,20.11
552,9,484,69,1fs5_16G_B_2267,1,unimol,0.64467152,0.25857748,2.4931455,0,0,33.61
553,9,491,70,1fsa_F6P_A_338,1,unimol,0.64467152,0.25857748,2.4931455,0,0.91052122,21.28
554,9,498,71,1fsa_F6P_B_338,1,unimol,0.64467152,0.25857748,2.4931455,0,0.97265526,23.86
555,9,519,74,1fuy_FIP_A_269,1,unimol,0.64467152,0.25857748,2.4931455,0,0.97591356,24.79
556,9,547,78,1g6n_CMP_A_621,1,unimol,0.64467152,0.25857748,2.4931455,0,0.99572185,23.26
557,9,554,79,1g6n_CMP_B_622,1,unimol,0.64467152,0.25857748,2.4931455,0,0.99243928,17.44
558,9,624,89,1gij_2PU_A_501,1,unimol,0.64467152,0.25857748,2.4931455,0,0,21.62
559,9,652,93,1gsi_TMP_A_1210,1,unimol,0.64467152,0.25857748,2.4931455,0,0,17.44
560,9,666,95,1gz5_G6P_B_901,1,unimol,0.64467152,0.25857748,2.4931455,0,0.9722514,19.8
561,9,673,96,1gz5_G6P_C_901,1,unimol,0.64467152,0.25857748,2.4931455,0,0.95979779,22.32
562,9,680,97,1gz5_G6P_D_901,1,unimol,0.64467152,0.25857748,2.4931455,0,0.97549452,23.21
563,9,687,98,1gz5_UDP_C_900,1,unimol,0.64467152,0.25857748,2.4931455,0,0.95589697,22.34
564,9,694,99,1gz5_UDP_D_900,1,unimol,0.64467152,0.25857748,2.4931455,0,0.96637626,26.67
565,9,722,103,1h18_PYR_A_1001,1,unimol,0.64467152,0.25857748,2.4931455,0,0.98341294,21.49
566,9,729,104,1h18_PYR_B_1001,1,unimol,0.64467152,0.25857748,2.4931455,0,0,19.04
567,9,771,110,1h48_C5P_A_203,1,unimol,0.64467152,0.25857748,2.4931455,0,0.92561991,24.38
568,9,778,111,1h48_C5P_B_901,1,unimol,0.64467152,0.25857748,2.4931455,0,0.95327625,19.31
569,9,785,112,1h48_C5P_C_901,1,unimol,0.64467152,0.25857748,2.4931455,0,0.97198425,19.93
570,9,799,114,1h48_C5P_E_901,1,unimol,0.64467152,0.25857748,2.4931455,0,0.95238654,24.14
571,9,806,115,1h48_C5P_F_901,1,unimol,0.64467152,0.25857748,2.4931455,0,0.85419986,18.65
572,9,813,116,1h48_CDI_A_201,1,unimol,0.64467152,0.25857748,2.4931455,0,0,22.48
573,9,820,117,1h48_CDI_B_902,1,unimol,0.64467152,0.25857748,2.4931455,0,0.96987863,16.88
574,9,834,119,1h48_CDI_D_201,1,unimol,0.64467152,0.25857748,2.4931455,0,0.91815537,17.56
575,9,841,120,1h48_CDI_E_902,1,unimol,0.64467152,0.25857748,2.4931455,0,0.97437693,21.32
576,9,848,121,1h48_CDI_F_902,1,unimol,0.64467152,0.25857748,2.4931455,0,0,19.8
577,9,855,122,1h48_GPP_C_904,1,unimol,0.64467152,0.25857748,2.4931455,0,0.051061276,26.81
578,9,862,123,1h5r_G1P_B_1294,1,unimol,0.64467152,0.25857748,2.4931455,0,0.94365805,25.65
579,9,869,124,1h5r_G1P_D_1294,1,unimol,0.64467152,0.25857748,2.4931455,0,0,25.32
580,9,876,125,1h5r_THM_A_1292,1,unimol,0.64467152,0.25857748,2.4931455,0,0,17.44
581,9,883,126,1h5r_THM_A_1293,1,unimol,0.64467152,0.25857748,2.4931455,0,0,22.04
582,9,890,127,1h5r_THM_B_1292,1,unimol,0.64467152,0.25857748,2.4931455,0,0,19.7
583,9,897,128,1h5r_THM_B_1293,1,unimol,0.64467152,0.25857748,2.4931455,0,0,19.07
584,9,904,129,1h5r_THM_C_1292,1,unimol,0.64467152,0.25857748,2.4931455,0,0,21.46
585,9,911,130,1h5r_THM_C_1293,1,unimol,0.64467152,0.25857748,2.4931455,0,0,22.99
586,10,1072,153,1hsr_BHO_A_800,1,unimol,0.63116743,0.24709942,2.5543046,0,0.99188539,21.33
587,10,1835,262,1moo_4MZ_A_264,1,unimol,0.63116743,0.24709942,2.5543046,0,0,18.15
588,10,1842,263,1moo_4MZ_A_265,1,unimol,0.63116743,0.24709942,2.5543046,0,0,15.86
589,10,2892,413,1uqx_MMA_A_1116,1,unimol,0.63116743,0.24709942,2.5543046,0,0.92333776,22.96
590,10,4621,660,2jav_5Z5_A_1280,1,unimol,0.63116743,0.24709942,2.5543046,0,0,17.22
591,10,6518,931,3tye_YTZ_B_902,1,unimol,0.63116743,0.24709942,2.5543046,0,0.40113449,18.95
592,10,6812,973,3w4i_8LG_B_402,1,unimol,0.63116743,0.24709942,2.5543046,0,0,20.96
593,10,6819,974,3w4i_8LG_C_402,1,unimol,0.63116743,0.24709942,2.5543046,0,0,22.07
594,10,6826,975,3w4i_8LG_D_402,1,unimol,0.63116743,0.24709942,2.5543046,0,0,23.72
595,10,7120,1017,3zjq_NCA_A_300,1,unimol,0.63116743,0.24709942,2.5543046,0,0.98903597,21.59
596,10,7127,1018,3zjq_NCA_B_300,1,unimol,0.63116743,0.24709942,2.5543046,0,0.98803469,22.22
597,10,8121,1160,4dwv_PFB_A_378,1,unimol,0.63116743,0.24709942,2.5543046,0,0.98319331,18.1
598,10,8128,1161,4dwv_PFB_B_378,1,unimol,0.63116743,0.24709942,2.5543046,0,0.98198648,16.19
599,10,8380,1197,4gcq_0JM_A_401,1,unimol,0.63116743,0.24709942,2.5543046,0,0.91666671,24.53
600,10,8513,1216,4hey_4MZ_A_303,1,unimol,0.63116743,0.24709942,2.5543046,0,0,17.94
601,10,8520,1217,4hey_4MZ_A_308,1,unimol,0.63116743,0.24709942,2.5543046,0,0,18.85
602,10,8674,1239,4i0g_1B9_A_504,1,unimol,0.63116743,0.24709942,2.5543046,0,0.98539928,23.29
603,10,9157,1308,4kqx_HIO_B_401,1,unimol,0.63116743,0.24709942,2.5543046,0,0.92153853,23.55
604,10,9262,1323,4l91_X29_A_301,1,unimol,0.63116743,0.24709942,2.5543046,0,0.9896262,20.12
605,10,10186,1455,4u7g_K17_A_303,1,unimol,0.63116743,0.24709942,2.5543046,0,0.95633956,18.23
606,10,10193,1456,4u7g_K17_B_303,1,unimol,0.63116743,0.24709942,2.5543046,0,0.96404198,15.06
607,10,10214,1459,4u8y_MIY_B_1102,1,unimol,0.63116743,0.24709942,2.5543046,0,0.9426336,33.94
608,10,10340,1477,4upd_7P9_A_1550,1,unimol,0.63116743,0.24709942,2.5543046,0,0,31
609,10,10347,1478,4upd_7P9_B_1550,1,unimol,0.63116743,0.24709942,2.5543046,0,0,29.93
610,10,10571,1510,4xp2_TT4_A_401,1,unimol,0.63116743,0.24709942,2.5543046,0,0.98063021,19.14
611,10,10648,1521,4yjs_4DN_A_701,1,unimol,0.63116743,0.24709942,2.5543046,0,0,22.53
612,10,10655,1522,4ynu_LGC_A_602,1,unimol,0.63116743,0.24709942,2.5543046,0,0,14.55
613,10,10662,1523,4ynu_LGC_A_603,1,unimol,0.63116743,0.24709942,2.5543046,0,0,21.65
614,10,12797,1828,5kcp_PFB_A_379,1,unimol,0.63116743,0.24709942,2.5543046,0,0.044106051,21.61
615,10,12804,1829,5kcp_PFB_B_378,1,unimol,0.63116743,0.24709942,2.5543046,0,0.95406069,15.12
616,10,13161,1880,5o3b_9HZ_A_501,1,unimol,0.63116743,0.24709942,2.5543046,0,0,22.53
617,10,13168,1881,5o3b_9HZ_B_501,1,unimol,0.63116743,0.24709942,2.5543046,0,0,18.35
618,10,13175,1882,5o3b_9HZ_C_501,1,unimol,0.63116743,0.24709942,2.5543046,0,0,19.67
619,10,13182,1883,5o3d_9J5_A_501,1,unimol,0.63116743,0.24709942,2.5543046,0,0,19.79
620,10,13196,1885,5o3g_9J8_A_501,1,unimol,0.63116743,0.24709942,2.5543046,0,0,21.42
621,10,13203,1886,5o3g_9J8_B_501,1,unimol,0.63116743,0.24709942,2.5543046,0,0,24.4
622,10,13434,1919,5t85_44G_L_301,1,unimol,0.63116743,0.24709942,2.5543046,0,0,27.95
623,10,14120,2017,5xdt_MB3_A_404,1,unimol,0.63116743,0.24709942,2.5543046,0,0.99568175,18.64
624,10,15597,2228,6jmd_ORO_A_402,1,unimol,0.63116743,0.24709942,2.5543046,0,0.86529912,18.34
625,10,15611,2230,6jme_ORO_A_402,1,unimol,0.63116743,0.24709942,2.5543046,0,0.85171822,15.94
626,10,16367,2338,6oha_XAN_A_501,1,unimol,0.63116743,0.24709942,2.5543046,0,0.08738534,19.61
627,10,17508,2501,6xp1_T2C_A_401,1,unimol,0.63116743,0.24180671,2.6102138,0,0.98470695,23.2
628,10,5839,834,2yi6_6QM_A_1225,1,unimol,0.63116743,0.23762071,2.6561961,0,0.94474047,27.34
629,10,9353,1336,4m54_AE5_A_403,1,unimol,0.63116743,0.23378664,2.6997573,0,0,19.5
630,10,13189,1884,5o3f_9HT_A_501,1,unimol,0.63116743,0.23204365,2.7200365,0,0,25.62
631,10,9003,1286,4jb0_ENO_A_402,1,unimol,0.63116743,0.23149794,2.7264485,0,0,14.74
632,10,7673,1096,4cld_JUO_A_1270,1,unimol,0.63116743,0.2287614,2.7590635,0,0,19.74
633,10,7680,1097,4cld_JUO_B_1270,1,unimol,0.63116743,0.2287614,2.7590635,0,0,17.4
634,10,7687,1098,4cld_JUO_C_1270,1,unimol,0.63116743,0.2287614,2.7590635,0,0,17.94
635,10,10102,1443,4rql_SNE_A_505,1,unimol,0.63116743,0.22670683,2.7840679,0,0.89078395,27.53
636,11,2772,396,1tt6_DES_A_129,0,surfdock,0.67657928,0.25519783,2.6511943,0,0.33418096,3.0373336
637,11,17038,2434,6t0a_M58_B_601,0,surfdock,0.67657928,0.25519783,2.6511943,0,0.88004269,2.4306977
638,11,981,140,1h8p_PC_A_1110,1,unimol,0.60709644,0.22898971,2.6511943,0,0.87982616,21.77
639,11,988,141,1h8p_PC_A_1111,1,unimol,0.60709644,0.22898971,2.6511943,0,0.90533677,28.01
640,11,995,142,1h8p_PC_B_1110,1,unimol,0.60709644,0.22898971,2.6511943,0,0.91480008,23.86
641,11,1002,143,1h8p_PC_B_1111,1,unimol,0.60709644,0.22898971,2.6511943,0,0.9354496,17.32
642,11,1058,151,1hsb_ALA_A_1001,1,unimol,0.60709644,0.22898971,2.6511943,0,1.1247562e-05,22.46
643,11,1065,152,1hsb_ALA_C_1,1,unimol,0.60709644,0.22898971,2.6511943,0,0,18.11
644,11,1142,163,1iri_E4P_C_603,1,unimol,0.60709644,0.22898971,2.6511943,0,0.96082443,25.41
645,11,1149,164,1iri_E4P_D_604,1,unimol,0.60709644,0.22898971,2.6511943,0,0.97216147,28.89
646,11,1415,202,1k8z_IAG_A_501,1,unimol,0.60709644,0.22898971,2.6511943,0,0.96225639,21.73
647,11,1436,205,1kbq_936_A_703,1,unimol,0.60709644,0.22898971,2.6511943,0,0.98181182,22.38
648,11,1443,206,1kbq_936_B_704,1,unimol,0.60709644,0.22898971,2.6511943,0,0.98518428,20.74
649,11,1450,207,1kbq_936_C_701,1,unimol,0.60709644,0.22898971,2.6511943,0,0.9607106,20.61
650,11,1457,208,1kbq_936_D_702,1,unimol,0.60709644,0.22898971,2.6511943,0,0.98973226,27.19
651,11,1576,225,1kya_XYD_D_814,1,unimol,0.60709644,0.22898971,2.6511943,0,0.97004199,20.24
652,11,2157,308,1pbd_PAB_A_396,1,unimol,0.60709644,0.22898971,2.6511943,0,0.98465301,22.17
653,11,2227,318,1poc_GEL_A_420,1,unimol,0.60709644,0.22898971,2.6511943,0,0.95165088,30.1
654,11,2409,344,1qxa_GLY_B_245,1,unimol,0.60709644,0.22898971,2.6511943,0,0.01303997,26.37
655,11,2458,351,1ruk_BEZ_H_601,1,unimol,0.60709644,0.22898971,2.6511943,0,0.96930848,19.2
656,11,2465,352,1rum_BEZ_H_1601,1,unimol,0.60709644,0.22898971,2.6511943,0,0.9750919,15.75
657,11,2612,373,1t5z_DHT_A_931,1,unimol,0.60709644,0.22898971,2.6511943,0,0.99363905,16.78
658,11,2801,400,1tvw_UMP_A_317,1,unimol,0.60709644,0.22898971,2.6511943,0,0,16.25
659,11,3235,462,1xny_BTN_A_5602,1,unimol,0.60709644,0.22898971,2.6511943,0,0.88526479,29.52
660,11,3242,463,1xny_BTN_B_5602,1,unimol,0.60709644,0.22898971,2.6511943,0,0.96439152,20
661,11,3424,489,1zei_CRS_A_54,1,unimol,0.60709644,0.22898971,2.6511943,0,0.98369584,16.07
662,11,3431,490,1zei_CRS_B_56,1,unimol,0.60709644,0.22898971,2.6511943,0,0.98598671,17.97
663,11,3438,491,1zei_CRS_C_56,1,unimol,0.60709644,0.22898971,2.6511943,0,0.99193138,19.95
664,11,3445,492,1zei_CRS_D_54,1,unimol,0.60709644,0.22898971,2.6511943,0,0.96964612,21.94
665,11,3452,493,1zei_CRS_E_55,1,unimol,0.60709644,0.22898971,2.6511943,0,0.99499985,15.48
666,11,3459,494,1zei_CRS_F_54,1,unimol,0.60709644,0.22898971,2.6511943,0,0.99076024,23.48
667,11,3466,495,1zei_CRS_F_55,1,unimol,0.60709644,0.22898971,2.6511943,0,0.98633146,18.51
668,11,3480,497,1zg3_2HI_A_365,1,unimol,0.60709644,0.22898971,2.6511943,0,0.98039737,16.81
669,11,3487,498,1zgj_P1S_A_0,1,unimol,0.60709644,0.22898971,2.6511943,0,0.98577978,20.44
670,11,3501,500,1zjp_DR4_A_1,1,unimol,0.60709644,0.22898971,2.6511943,0,0.97041601,28.67
671,11,3844,549,2bx7_34D_B_1313,1,unimol,0.60709644,0.22898971,2.6511943,0,0.86320922,16.28
672,11,3977,568,2cxp_A5P_B_2601,1,unimol,0.60709644,0.22898971,2.6511943,0,0.95026194,22.9
673,11,4089,584,2eup_LG4_A_400,1,unimol,0.60709644,0.22898971,2.6511943,0,0.98113768,19.89
674,11,4299,614,2g21_L1B_A_885,1,unimol,0.60709644,0.22898971,2.6511943,0,0.99475628,25.29
675,11,4306,615,2g21_L1B_B_985,1,unimol,0.60709644,0.22898971,2.6511943,0,0.9871289,22.69
676,11,4698,671,2nry_STU_A_504,1,unimol,0.60709644,0.22898971,2.6511943,0,0.97284677,28.71
677,11,4705,672,2nry_STU_B_502,1,unimol,0.60709644,0.22898971,2.6511943,0,0.92595381,22.3
678,11,4712,673,2nry_STU_C_503,1,unimol,0.60709644,0.22898971,2.6511943,0,0.98307711,24.04
679,11,4866,695,2okk_ABU_A_585,1,unimol,0.60709644,0.22898971,2.6511943,0,0.14589691,19.71
680,11,4873,696,2ot7_OGA_A_500,1,unimol,0.60709644,0.22898971,2.6511943,0,0.91103574,20.53
681,11,4880,697,2ot7_OGA_B_500,1,unimol,0.60709644,0.22898971,2.6511943,0,0.86386315,23.32
682,11,4915,702,2pir_DHT_A_931,1,unimol,0.60709644,0.22898971,2.6511943,0,0.99759974,20.61
683,11,4943,706,2prl_ORO_A_399,1,unimol,0.60709644,0.22898971,2.6511943,0,0.86085771,23.27
684,11,5006,715,2pye_7PE_A_504,1,unimol,0.60709644,0.22898971,2.6511943,0,0.82942184,31.79
685,11,5447,778,2vlf_PLI_B_1459,1,unimol,0.60709644,0.22898971,2.6511943,0,0,20.39
686,12,1639,234,1lnf_VAL_E_1321,1,unimol,0.62907695,0.23400064,2.6883547,0,0,22.41
687,12,1968,281,1nrg_PLP_A_320,1,unimol,0.62907695,0.23400064,2.6883547,0,0.93683635,25.32
688,12,3991,570,2d20_NPO_B_953,1,unimol,0.62907695,0.23400064,2.6883547,0,0.99162815,20.71
689,12,5405,772,2vjb_CCD_A_1539,1,unimol,0.62907695,0.23400064,2.6883547,0,0,24.42
690,12,5419,774,2vjb_CCD_B_1539,1,unimol,0.62907695,0.23400064,2.6883547,0,0,24.2
691,12,7897,1128,4d0z_BBK_A_1581,1,unimol,0.62907695,0.23400064,2.6883547,0,0.9382103,27.14
692,12,7904,1129,4d0z_BBK_B_1580,1,unimol,0.62907695,0.23400064,2.6883547,0,0,25.61
693,12,7911,1130,4d0z_BBK_E_1584,1,unimol,0.62907695,0.23400064,2.6883547,0,0,28.06
694,12,8268,1181,4ekr_0R0_A_202,1,unimol,0.62907695,0.23400064,2.6883547,0,0.99177384,22.58
695,12,8275,1182,4ekr_0R0_B_203,1,unimol,0.62907695,0.23400064,2.6883547,0,0.99207739,21.16
696,12,8359,1194,4fxr_BMP_A_301,1,unimol,0.62907695,0.23400064,2.6883547,0,0.9526753,18.12
697,12,8366,1195,4fxr_BMP_B_301,1,unimol,0.62907695,0.23400064,2.6883547,0,0.96170767,20.69
698,12,9094,1299,4k5u_GAL_A_301,1,unimol,0.62907695,0.23400064,2.6883547,0,0.989861,16.84
699,12,9101,1300,4k5u_GAL_B_301,1,unimol,0.62907695,0.23400064,2.6883547,0,0.98416174,22.5
700,12,9108,1301,4k5u_GAL_C_301,1,unimol,0.62907695,0.23400064,2.6883547,0,0.98466455,21.3
701,12,9115,1302,4k5u_GAL_D_301,1,unimol,0.62907695,0.23400064,2.6883547,0,0.98754743,23.4
702,12,9164,1309,4kux_FPS_A_704,1,unimol,0.62907695,0.23400064,2.6883547,0,0.92710586,24.42
703,12,9171,1310,4kux_FPS_B_405,1,unimol,0.62907695,0.23400064,2.6883547,0,0.94015224,23.32
704,12,9178,1311,4kux_FPS_C_705,1,unimol,0.62907695,0.23400064,2.6883547,0,0.90848005,25.33
705,12,9185,1312,4kux_FPS_D_704,1,unimol,0.62907695,0.23400064,2.6883547,0,0.90060287,27.51
706,12,9675,1382,4o7g_ASC_A_303,1,unimol,0.62907695,0.23400064,2.6883547,0,0,18.72
707,12,9689,1384,4o7g_ASC_B_304,1,unimol,0.62907695,0.23400064,2.6883547,0,0,16.88
708,12,10739,1534,4za7_4LV_A_606,1,unimol,0.62907695,0.23400064,2.6883547,0,0.85111147,20.99
709,12,10830,1547,4zib_4OG_A_512,1,unimol,0.62907695,0.23400064,2.6883547,0,0.97114356,20.64
710,12,11950,1707,5fzn_FB2_A_1615,1,unimol,0.62907695,0.23400064,2.6883547,0,0.99330165,19.66
711,12,12041,1720,5gnx_BGC_A_502,1,unimol,0.62907695,0.23400064,2.6883547,0,0.012735073,20.85
712,12,12132,1733,5h24_LQG_A_501,1,unimol,0.62907695,0.23400064,2.6883547,0,0.9911564,23.01
713,12,12272,1753,5i0m_UMP_A_201,1,unimol,0.62907695,0.23400064,2.6883547,0,0,17.53
714,13,2899,414,1uux_PPI_A_1165,1,unimol,0.63018704,0.23249734,2.7105119,0,0.93079883,20.12
715,13,7302,1043,4a9j_TYL_A_1188,1,unimol,0.63018704,0.23249734,2.7105119,0,0.99128895,21.84
716,13,7309,1044,4a9j_TYL_B_1187,1,unimol,0.63018704,0.23249734,2.7105119,0,0.99386227,21.14
717,13,7316,1045,4a9j_TYL_C_1184,1,unimol,0.63018704,0.23249734,2.7105119,0,0.99584009,16.66
718,13,8443,1206,4gps_CIT_A_501,1,unimol,0.63018704,0.23249734,2.7105119,0,0.76290794,19.27
719,13,9521,1360,4n4j_HG1_A_606,1,unimol,0.63018704,0.23249734,2.7105119,0,0,21.02
720,13,9696,1385,4o95_245_A_602,1,unimol,0.63018704,0.23249734,2.7105119,0,0.98405158,19.81
721,13,12811,1830,5kjw_53C_A_800,1,unimol,0.63018704,0.23249734,2.7105119,0,0.98725683,20.24
722,13,13049,1864,5mot_HBD_A_401,1,unimol,0.63018704,0.23249734,2.7105119,0,0.92876472,21.09
723,13,13350,1907,5r0j_RBJ_B_401,1,unimol,0.63018704,0.23249734,2.7105119,0,0.94617903,17.29
724,13,14652,2093,6ayv_F6P_A_401,1,unimol,0.63018704,0.23249734,2.7105119,0,0.8748753,20.24
725,13,14659,2094,6ayv_F6P_B_401,1,unimol,0.63018704,0.23249734,2.7105119,0,0.89550451,20.25
726,13,14834,2119,6cgn_DA_A_801,1,unimol,0.63018704,0.23249734,2.7105119,0,0.9779484,23.54
727,13,15541,2220,6ix8_B3O_A_408,1,unimol,0.63018704,0.23249734,2.7105119,0,0,26.59
728,13,15548,2221,6ix8_B3O_B_408,1,unimol,0.63018704,0.23249734,2.7105119,0,0,21.58
729,13,16780,2397,6rbr_JXN_A_302,1,unimol,0.63018704,0.23249734,2.7105119,0,0.95237674,13.92
730,13,3046,435,1w55_C_A_1373,1,unimol,0.63018704,0.22984125,2.7418351,0,0.9810874,15.76
731,13,3815,545,2bs3_CIT_A_1657,0,surfdock,0.62313272,0.22654,2.7506511,0,0,3.0046197
732,13,9549,1364,4n6w_FLC_A_203,1,unimol,0.63018704,0.22410892,2.8119667,0,0.98522969,19.28
733,13,6637,948,3vbn_TYD_E_301,1,unimol,0.63018704,0.21441398,2.9391127,0,0,21.27
734,13,6630,947,3vbn_TYD_C_301,1,unimol,0.63018704,0.21342979,2.9526658,0,0,17.64
735,13,13483,1926,5tde_2HP_A_502,1,unimol,0.63018704,0.21297549,2.9589641,0,0.97430035,18.91
736,13,14645,2092,6axu_BTM_A_401,1,unimol,0.63018704,0.2080593,3.0288808,0,0.98805821,24.39
737,13,5741,820,2xul_AKG_B_201,1,unimol,0.63018704,0.20746664,3.0375333,0,0.90914845,24.05
738,13,5748,821,2xul_AKG_C_201,1,unimol,0.63018704,0.20746664,3.0375333,0,0.93619629,20.47
739,13,11523,1646,5dz2_212_A_404,1,unimol,0.63018704,0.20663148,3.0498104,0,0.9652972,17.93
740,13,6560,937,3ucc_2PG_A_601,1,unimol,0.63018704,0.20604268,3.0585258,0,0,22.98
741,13,6567,938,3ucc_2PG_B_601,1,unimol,0.63018704,0.2055781,3.0654376,0,0,18.85
742,13,2976,425,1vl1_CIT_A_300,1,unimol,0.63018704,0.2054301,3.067646,0,0.9080658,23.37
743,13,11530,1647,5dz2_212_B_404,1,unimol,0.63018704,0.20411117,3.0874686,0,0.94835662,20.12
744,13,3788,541,2bjf_DXC_A_330,1,unimol,0.63018704,0.2003105,3.14605,0,0.98847693,20.05
745,13,5755,822,2xul_AKG_D_201,1,unimol,0.63018704,0.19913939,3.1645515,0,1.7462243e-05,19.89
746,13,3998,571,2d3n_GLC_A_608,1,unimol,0.63018704,0.19826479,3.1785111,0,0.93914262,20.19
747,13,16787,2398,6rbx_JYT_A_301,1,unimol,0.63018704,0.19699033,3.199075,0,0.97331559,23.26
748,13,9325,1332,4lz3_BTM_A_409,1,unimol,0.63018704,0.19470126,3.236686,0,0.98622247,20.26
749,13,14015,2002,5wqp_NCA_A_302,1,unimol,0.63018704,0.19341859,3.2581503,0,0.98082532,14.27
750,13,17270,2467,6uqd_QF4_A_501,1,unimol,0.63018704,0.19260027,3.2719936,0,0.91513294,26.7
751,13,13573,1939,5tm5_7EV_B_601,0,surfdock,0.51981733,0.19177822,2.7105119,0,0,4.2876879
752,13,9513,1359,4n4j_HG1_A_605,0,surfdock,0.51981733,0.19177822,2.7105119,0,0.96596352,2.5352834
753,13,17781,2540,7kjg_BTM_A_406,1,unimol,0.63018704,0.19120693,3.2958369,0,0.97567133,25.93
754,13,3143,449,1x7j_GEN_A_201,0,surfdock,0.51342475,0.18941978,2.7105119,0,0.99605635,3.7463858
755,13,6503,929,3tye_XHP_B_901,0,surfdock,0.51342127,0.1894185,2.7105119,0,0.99356677,2.8008604
756,13,8274,1182,4ekr_0R0_B_203,0,surfdock,0.51341437,0.18941595,2.7105119,0,0,2.5570276
757,13,8267,1181,4ekr_0R0_A_202,0,surfdock,0.51341298,0.18941544,2.7105119,0,0.9971705,2.5520904
758,13,3990,570,2d20_NPO_B_953,0,surfdock,0.51341231,0.18941519,2.7105119,0,0.99645267,2.2700549
759,13,1547,221,1kwc_BPY_B_401,0,surfdock,0.51341017,0.1894144,2.7105119,0,0.99651389,2.9560349
760,13,42,6,1aej_NVI_A_296,0,surfdock,0.51338772,0.18940612,2.7105119,0,0.82686768,2.3146785
761,13,2156,308,1pbd_PAB_A_396,0,surfdock,0.51338023,0.18940335,2.7105119,0,0.99647336,2.5861419
762,13,11340,1620,5ci9_549_A_402,0,surfdock,0.51336073,0.18939616,2.7105119,0,0.91531654,2.3774403
763,13,1162,166,1isx_XYP_B_961,0,surfdock,0.51332242,0.18938202,2.7105119,0,0.94605276,1.989432
764,14,372,53,1e7h_PLM_A_1001,1,unimol,0.6376468,0.24612246,2.5907695,0,0.97538283,25.48
765,14,449,64,1fk1_DAO_A_201,1,unimol,0.6376468,0.24612246,2.5907695,0,0.97035544,26.96
766,14,617,88,1gey_PPE_A_413,1,unimol,0.6376468,0.24612246,2.5907695,0,0.94881201,24.77
767,14,1359,194,1jyw_147_A_2001,1,unimol,0.6376468,0.24612246,2.5907695,0,0.96233771,34.58
768,14,1366,195,1jyw_147_C_2001,1,unimol,0.6376468,0.24612246,2.5907695,0,0.96856532,28.06
769,14,1373,196,1jyx_IPT_A_2001,1,unimol,0.6376468,0.24612246,2.5907695,0,0.97448388,32.91
770,14,1380,197,1jyx_IPT_A_2002,1,unimol,0.6376468,0.24612246,2.5907695,0,0.97431897,33.04
771,14,1387,198,1jyx_IPT_B_2001,1,unimol,0.6376468,0.24612246,2.5907695,0,0.96488624,30.93
772,14,1394,199,1jyx_IPT_D_2001,1,unimol,0.6376468,0.24612246,2.5907695,0,0.9567982,29.89
773,14,1401,200,1jyx_IPT_D_2002,1,unimol,0.6376468,0.24612246,2.5907695,0,0.96610554,26.4
774,14,2787,398,1tuu_PIS_B_2854,1,unimol,0.6376468,0.24612246,2.5907695,0,0.89805393,21.12
775,14,3165,452,1x8x_TYR_A_952,1,unimol,0.6376468,0.24612246,2.5907695,0,0.95203449,14.29
776,14,3578,511,1zuw_DGL_A_1301,1,unimol,0.6376468,0.24612246,2.5907695,0,0.98705009,22.27
777,14,3585,512,1zuw_DGL_C_3301,1,unimol,0.6376468,0.24612246,2.5907695,0,0.98853667,24.92
778,14,3795,542,2bk3_FOF_A_1503,1,unimol,0.6376468,0.24612246,2.5907695,0,0.9905141,27.89
779,14,3802,543,2bk3_FOF_B_1498,1,unimol,0.6376468,0.24612246,2.5907695,0,0.98677395,24.21
780,14,4201,600,2fhk_MFN_C_601,1,unimol,0.6376468,0.24612246,2.5907695,0,0.97345808,32.26
781,14,4670,667,2no7_LDC_B_401,1,unimol,0.6376468,0.24612246,2.5907695,0,0.98496326,15.92
782,14,4754,679,2nu7_COA_E_1325,1,unimol,0.6376468,0.24612246,2.5907695,0,0.91821945,22.99
783,14,5272,753,2ri1_GLP_A_234,1,unimol,0.6376468,0.24612246,2.5907695,0,0.89474045,20.5
784,14,5279,754,2ri1_GLP_B_234,1,unimol,0.6376468,0.24612246,2.5907695,0,0,21.87
785,14,5762,823,2xum_OGA_A_601,1,unimol,0.6376468,0.24612246,2.5907695,0,0.97602299,17.25
786,14,6210,887,3qhd_MSR_A_166,1,unimol,0.6376468,0.24612246,2.5907695,0,0.99091825,18.27
787,14,6791,970,3vv5_SLZ_A_300,1,unimol,0.6376468,0.24612246,2.5907695,0,0,20.85
788,14,6798,971,3vv5_SLZ_B_301,1,unimol,0.6376468,0.24612246,2.5907695,0,0.88280155,18.76
789,14,6903,986,3wca_FPS_A_501,1,unimol,0.6376468,0.24612246,2.5907695,0,0.82798246,33.4
790,14,7386,1055,4b1f_DGL_A_1257,1,unimol,0.6376468,0.24612246,2.5907695,0,0.98003017,16.7
791,14,7393,1056,4b1f_DGL_B_1256,1,unimol,0.6376468,0.24612246,2.5907695,0,0.97911739,22.33
792,14,7421,1060,4b98_PXG_A_470,1,unimol,0.6376468,0.24612246,2.5907695,0,0.95105891,22.6
793,14,7428,1061,4b98_PXG_B_470,1,unimol,0.6376468,0.24612246,2.5907695,0,0.98621689,31.97
794,14,7435,1062,4b98_PXG_C_470,1,unimol,0.6376468,0.24612246,2.5907695,0,0,29.01
795,14,7442,1063,4b98_PXG_D_470,1,unimol,0.6376468,0.24612246,2.5907695,0,0,23.49
796,14,9738,1391,4oxy_1TN_A_302,1,unimol,0.6376468,0.24612246,2.5907695,0,0.97494096,18.3
797,14,9745,1392,4oxy_1TN_D_302,1,unimol,0.6376468,0.24612246,2.5907695,0,0.99031155,22.69
798,14,9794,1399,4pb4_PLP_A_401,1,unimol,0.6376468,0.24612246,2.5907695,0,0.94958664,21.11
799,14,9801,1400,4pb4_PLP_B_401,1,unimol,0.6376468,0.24612246,2.5907695,0,0.81198516,22.55
800,14,9808,1401,4pbr_2L7_A_401,1,unimol,0.6376468,0.24612246,2.5907695,0,0.98982832,19.23
801,14,9969,1424,4r08_URI_A_901,1,unimol,0.6376468,0.24612246,2.5907695,0,0,26.17
802,14,9976,1425,4r08_URI_B_901,1,unimol,0.6376468,0.24612246,2.5907695,0,0,27.43
803,14,9983,1426,4r08_URI_D_901,1,unimol,0.6376468,0.24612246,2.5907695,0,0,30.32
804,14,10270,1467,4ud9_FQI_H_1257,1,unimol,0.6376468,0.24612246,2.5907695,0,0.99824518,15.75
805,14,10676,1525,4yu7_DHC_A_204,1,unimol,0.6376468,0.24612246,2.5907695,0,0.88076034,18.71
806,14,10683,1526,4yu7_DHC_B_203,1,unimol,0.6376468,0.24612246,2.5907695,0,0.83104606,24.28
807,14,10690,1527,4yu7_DHC_B_204,1,unimol,0.6376468,0.24612246,2.5907695,0,0.87599011,24.88
808,14,10718,1531,4z2w_AKG_A_401,1,unimol,0.6376468,0.24612246,2.5907695,0,0.87459617,18.49
809,14,11054,1579,5a8k_TP7_A_558,1,unimol,0.6376468,0.24612246,2.5907695,0,0.98155333,33.24
810,14,11061,1580,5a8k_TP7_D_554,1,unimol,0.6376468,0.24612246,2.5907695,0,0.97442664,28.45
811,14,11159,1594,5av2_KMP_A_300,1,unimol,0.6376468,0.24612246,2.5907695,0,0,15.7
812,14,11166,1595,5av3_KMP_A_300,1,unimol,0.6376468,0.24612246,2.5907695,0,0.97086888,18.07
813,14,11173,1596,5av4_GEN_A_400,1,unimol,0.6376468,0.24612246,2.5907695,0,0.91708029,14.41
814,15,8989,1284,4j7u_YTZ_C_802,1,unimol,0.65317095,0.24654789,2.6492651,0,0.95107983,21.13
815,15,3669,524,2ahc_VNL_A_166,1,unimol,0.65044784,0.24552002,2.6492651,0,0.99258572,22.29
816,15,3676,525,2ahc_VNL_C_366,1,unimol,0.65044784,0.24552002,2.6492651,0,0.99022294,15.83
817,15,3683,526,2ahc_VNL_D_466,1,unimol,0.65044784,0.24552002,2.6492651,0,0,16.72
818,15,6294,899,3rgz_BLD_A_800,1,unimol,0.65044784,0.24552002,2.6492651,0,0,32.03
819,15,7078,1011,3wxo_NIZ_A_803,1,unimol,0.65044784,0.24552002,2.6492651,0,0.99258045,25.42
820,15,8975,1282,4j7u_YTZ_A_802,1,unimol,0.65044784,0.24552002,2.6492651,0,0.95988885,18.66
821,15,8982,1283,4j7u_YTZ_B_802,1,unimol,0.65044784,0.24552002,2.6492651,0,0.89629386,17
822,15,8996,1285,4j7u_YTZ_D_802,1,unimol,0.65044784,0.24552002,2.6492651,0,0.98712551,23.16
823,15,9122,1303,4k90_MLA_A_704,1,unimol,0.65044784,0.24552002,2.6492651,0,0.87380436,20.13
824,15,9374,1339,4ma8_Z80_C_301,1,unimol,0.65044784,0.24552002,2.6492651,0,0.73788609,26.63
825,15,10361,1480,4ur9_BK9_A_1717,1,unimol,0.65044784,0.24552002,2.6492651,0,0.99511855,24.41
826,15,12349,1764,5i9m_69K_A_302,1,unimol,0.65044784,0.24552002,2.6492651,0,0.98917837,17.37
827,15,12356,1765,5i9m_69K_B_302,1,unimol,0.65044784,0.24552002,2.6492651,0,0.9888055,19.09
828,15,12363,1766,5i9m_69K_C_302,1,unimol,0.65044784,0.24552002,2.6492651,0,0.9894816,15.74
829,15,12426,1775,5in3_G1P_A_416,1,unimol,0.65044784,0.24552002,2.6492651,0,0.98369825,19.81
830,15,12909,1844,5la1_XYP_A_602,1,unimol,0.65044784,0.24552002,2.6492651,0,0.96419172,20.08
831,15,13735,1962,5uj3_CE4_A_302,1,unimol,0.65044784,0.24552002,2.6492651,0,0.97415116,21.51
832,15,13805,1972,5ved_STU_A_601,1,unimol,0.65044784,0.24552002,2.6492651,0,0.89515545,19.72
833,15,14050,2007,5x2m_GLN_A_951,1,unimol,0.65044784,0.24552002,2.6492651,0,0,25.64
834,15,14057,2008,5x2m_GLN_B_951,1,unimol,0.65044784,0.24552002,2.6492651,0,0.76106608,28.3
835,15,14064,2009,5x2m_GLN_D_951,1,unimol,0.65044784,0.24552002,2.6492651,0,0,27.01
836,15,16878,2411,6rum_TOP_A_301,1,unimol,0.65044784,0.24552002,2.6492651,0,0.9743454,20.54
837,15,17200,2457,6tt4_BMA_C_3,1,unimol,0.65044784,0.24552002,2.6492651,0,0,19.99
838,15,17438,2491,6wdv_TWM_A_701,1,unimol,0.65044784,0.24552002,2.6492651,0,0.86864687,26.15
839,15,17445,2492,6wdw_TWV_A_701,1,unimol,0.65044784,0.24552002,2.6492651,0,0.91347871,22.94
840,15,12825,1832,5kmj_6UF_A_901,1,unimol,0.65044784,0.24533394,2.6512744,0,0.99438944,23.85
841,15,12902,1843,5la1_XYP_A_601,1,unimol,0.65044784,0.24441157,2.6612799,0,0,21.27
842,15,4887,698,2oxp_THP_A_300,1,unimol,0.65044784,0.24263424,2.6807742,0,0,20.12
843,15,12250,1750,5hxi_5HN_A_403,0,surfdock,0.6180062,0.2332745,2.6492651,0,0.99486855,2.2887044
844,15,13077,1868,5mzp_CFF_A_2401,1,unimol,0.65044784,0.23319487,2.7892878,0,0.98745026,23.6
845,15,6420,917,3sli_SKD_A_760,1,unimol,0.65044784,0.23127962,2.8123863,0,0.9374417,21.25
846,15,13728,1961,5uio_LG3_E_201,1,unimol,0.65044784,0.22863301,2.8449419,0,0.99514181,22.7
847,15,659,94,1gxu_2HP_A_1092,1,unimol,0.65044784,0.22794337,2.8535492,0,0.62895653,13.95
848,15,8296,1185,4evq_PHB_A_406,1,unimol,0.65044784,0.22711171,2.8639987,0,0.99270094,21.71
849,15,8303,1186,4evq_PHB_B_402,1,unimol,0.65044784,0.22711171,2.8639987,0,0.99211104,16.7
850,15,14043,2006,5x23_LSN_A_504,1,unimol,0.65044784,0.22585966,2.8798752,0,0,25.09
851,15,4564,652,2iyq_SKM_A_201,0,surfdock,0.58550983,0.22100832,2.6492651,0,0.94684248,2.6745464
852,15,5881,840,2z26_DOR_A_1410,1,unimol,0.65044784,0.21996635,2.9570324,0,0,18.97
853,15,4362,623,2gue_NAG_B_122,1,unimol,0.65044784,0.21747082,2.9909651,0,0.01964754,17.87
854,15,15674,2239,6jzh_ZMA_A_2002,1,unimol,0.65044784,0.21673604,3.0011051,0,0.99274981,21.35
855,15,13532,1933,5thu_B3N_A_404,1,unimol,0.65044784,0.21395472,3.0401182,0,0.9608277,24.04
856,15,6209,887,3qhd_MSR_A_166,0,surfdock,0.56677131,0.21393522,2.6492651,0,0,2.0303482
857,15,5082,726,2qcx_PF1_B_300,0,surfdock,0.56658323,0.21386423,2.6492651,0,0,2.6222676
858,15,5075,725,2qcx_PF1_A_300,0,surfdock,0.56631894,0.21376447,2.6492651,0,0,3.1470956
859,15,2898,414,1uux_PPI_A_1165,0,surfdock,0.56516288,0.2133281,2.6492651,0,0.99515914,1.9075096
860,15,2975,425,1vl1_CIT_A_300,0,surfdock,0.56455469,0.21309853,2.6492651,0,0.86706107,2.5008436
861,15,13539,1934,5thu_B3N_B_404,1,unimol,0.65044784,0.21212776,3.0663013,0,0.36454961,25.75
862,15,8988,1284,4j7u_YTZ_C_802,0,surfdock,0.55857571,0.21084169,2.6492651,0,0.95342618,3.0915658
863,15,2912,416,1v03_BGC_A_1498,0,surfdock,0.55788577,0.21058126,2.6492651,0,0.91451413,3.777401
864,16,1016,145,1hkn_N2M_C_4138,1,unimol,0.653279,0.24903104,2.6232824,0,0.98289347,17.54
865,16,1023,146,1hkn_N2M_D_5139,1,unimol,0.653279,0.24903104,2.6232824,0,0.25884882,22.77
866,16,2234,319,1pr0_NOS_C_1247,1,unimol,0.653279,0.24903104,2.6232824,0,0,21.66
867,16,2297,328,1pym_OXL_A_1001,1,unimol,0.653279,0.24903104,2.6232824,0,0.87602299,14.99
868,16,2304,329,1pym_OXL_B_1002,1,unimol,0.653279,0.24903104,2.6232824,0,0.92552503,22.29
869,16,2654,379,1thc_FL9_A_130,1,unimol,0.653279,0.24903104,2.6232824,0,0.92919813,21.72
870,16,2661,380,1thc_FL9_B_130,1,unimol,0.653279,0.24903104,2.6232824,0,0.94444694,15.81
871,16,2668,381,1thc_FL9_B_131,1,unimol,0.653279,0.24903104,2.6232824,0,0.98618795,22.27
872,16,2878,411,1ubs_SER_B_398,1,unimol,0.653279,0.24903104,2.6232824,0,0.94124263,22.03
873,16,4103,586,2evd_D10_A_304,1,unimol,0.653279,0.24903104,2.6232824,0,0.95994292,21.91
874,16,5398,771,2vez_G6P_A_202,1,unimol,0.653279,0.24903104,2.6232824,0,0,15.92
875,16,6154,879,3mk1_NPO_A_911,1,unimol,0.653279,0.24903104,2.6232824,0,0.77704057,17.27
876,16,6161,880,3mk1_NPO_A_912,1,unimol,0.653279,0.24903104,2.6232824,0,0.42969763,17.24
877,16,6168,881,3mk1_NPO_A_913,1,unimol,0.653279,0.24903104,2.6232824,0,0.99051552,35.56
878,16,6343,906,3rop_NCA_A_302,1,unimol,0.653279,0.24903104,2.6232824,0,0.0047277993,18.92
879,16,6350,907,3rop_NCA_B_302,1,unimol,0.653279,0.24903104,2.6232824,0,0.009204335,16.14
880,16,6546,935,3u3o_3QV_A_296,1,unimol,0.653279,0.24903104,2.6232824,0,0.99201587,22.9
881,16,6553,936,3u3o_3QV_A_297,1,unimol,0.653279,0.24903104,2.6232824,0,0.98927618,17.9
882,16,6644,949,3vc3_C6P_A_501,1,unimol,0.653279,0.24903104,2.6232824,0,0,23.1
883,16,6651,950,3vc3_C6P_C_501,1,unimol,0.653279,0.24903104,2.6232824,0,0.95290279,29.03
884,16,6658,951,3vc3_C6P_D_501,1,unimol,0.653279,0.24903104,2.6232824,0,0.95943501,25.68
885,16,6665,952,3vc3_C6P_E_501,1,unimol,0.653279,0.24903104,2.6232824,0,0.94213267,23.73
886,16,6672,953,3vc3_C6P_F_501,1,unimol,0.653279,0.24903104,2.6232824,0,0.95816048,28.7
887,16,7463,1066,4bdr_KAI_B_900,1,unimol,0.653279,0.24903104,2.6232824,0,0.96895492,18.94
888,16,8492,1213,4h9g_14J_A_512,1,unimol,0.653279,0.24903104,2.6232824,0,0.97718225,17.86
889,16,9346,1335,4m2c_DAR_C_402,1,unimol,0.653279,0.24903104,2.6232824,0,0,26.08
890,16,9591,1370,4nf4_2JK_A_301,1,unimol,0.653279,0.24903104,2.6232824,0,0,21.92
891,16,9731,1390,4ox5_DAL_A_307,1,unimol,0.653279,0.24903104,2.6232824,0,0,17.83
892,17,435,62,1fds_EST_A_350,1,unimol,0.65250181,0.24762368,2.6350532,0,0.83103234,21.76
893,17,7505,1072,4bvh_OCZ_A_1393,1,unimol,0.65250181,0.24762368,2.6350532,0,0,24.03
894,17,7512,1073,4bvh_OCZ_B_1392,1,unimol,0.65250181,0.24762368,2.6350532,0,0,24.93
895,17,8590,1227,4hxk_1AJ_A_201,1,unimol,0.65250181,0.24762368,2.6350532,0,0.94145401,20.02
896,17,11404,1629,5d9w_ASC_A_301,1,unimol,0.65250181,0.24762368,2.6350532,0,0,18.73
897,17,11474,1639,5dne_ASN_A_601,1,unimol,0.65250181,0.24762368,2.6350532,0,0.98411263,21.5
898,17,11481,1640,5dne_ASN_B_601,1,unimol,0.65250181,0.24762368,2.6350532,0,0.97875276,21.32
899,17,11488,1641,5dne_ASN_C_601,1,unimol,0.65250181,0.24762368,2.6350532,0,0.98503793,27.63
900,17,11495,1642,5dne_ASN_D_601,1,unimol,0.65250181,0.24762368,2.6350532,0,0.9763926,22.55
901,17,13595,1942,5tzr_MLI_A_2403,1,unimol,0.65250181,0.24762368,2.6350532,0,0.93019761,23.76
902,17,14981,2140,6e43_BEZ_A_502,1,unimol,0.65250181,0.24762368,2.6350532,0,0.96889248,17.64
903,17,14988,2141,6e43_BEZ_B_502,1,unimol,0.65250181,0.24762368,2.6350532,0,0.98789407,18.52
904,17,14995,2142,6e43_BEZ_C_502,1,unimol,0.65250181,0.24762368,2.6350532,0,0.9766264,20.59
905,17,15002,2143,6e43_BEZ_D_502,1,unimol,0.65250181,0.24762368,2.6350532,0,0.97326257,23.33
906,17,15163,2166,6fgv_D9T_A_1901,1,unimol,0.65250181,0.24762368,2.6350532,0,0.8918838,23.85
907,17,15373,2196,6gpn_OGA_B_402,1,unimol,0.65250181,0.24762368,2.6350532,0,0.92691014,22.52
908,17,3833,547,2bs8_NAG_A_1177,4,gnina,0.63837301,0.24226182,2.6350532,0,0.53439824,1.9764814
909,17,4568,652,2iyq_SKM_A_201,4,gnina,0.63426048,0.24070112,2.6350532,0,0.98451484,1.7128113
910,17,12293,1756,5i5s_NVU_A_402,1,unimol,0.65250181,0.23623404,2.7620981,0,0.99177429,16.41
911,17,12300,1757,5i5s_NVU_B_402,1,unimol,0.65250181,0.23623404,2.7620981,0,0.99177946,15.1
912,17,7106,1015,3zbs_OVE_A_1380,1,unimol,0.65250181,0.23512766,2.775095,0,0.99336901,16.59
913,17,10837,1548,4zjz_BEZ_A_1001,1,unimol,0.65250181,0.23088196,2.8261263,0,0.98938959,25.56
914,17,11558,1651,5e4r_40E_A_504,1,unimol,0.65250181,0.23084358,2.8265963,0,0.94907426,25.37
915,17,2115,302,1oxp_IK2_A_411,1,unimol,0.65250181,0.22096341,2.9529848,0,0.94966152,21.62
916,17,15520,2217,6i6r_H62_A_704,1,unimol,0.65250181,0.2182795,2.9892941,0,0.60889849,19.27
917,17,9548,1364,4n6w_FLC_A_203,0,surfdock,0.57261705,0.21730751,2.6350532,0,0,2.854984
918,17,1582,226,1l4f_150_A_990,0,surfdock,0.57260681,0.21730363,2.6350532,0,0.99368633,2.1151453
919,17,91,13,1ajs_PLA_A_415,0,surfdock,0.57216312,0.21713524,2.6350532,0,0.9487998,4.4036433
920,17,434,62,1fds_EST_A_350,0,surfdock,0.56654023,0.21500136,2.6350532,0,0.99721255,3.3758382
921,17,1603,229,1l5o_2MP_A_990,0,surfdock,0.56654023,0.21500136,2.6350532,0,0.99710042,2.0019325
922,17,2114,302,1oxp_IK2_A_411,0,surfdock,0.56654023,0.21500136,2.6350532,0,0.96819645,3.7955199
923,17,7049,1007,3wug_XYP_B_2,0,surfdock,0.56654023,0.21500136,2.6350532,0,0,2.0131156
924,17,7105,1015,3zbs_OVE_A_1380,0,surfdock,0.56654023,0.21500136,2.6350532,0,0,3.4471891
925,17,7406,1058,4b5v_E8U_A_1253,0,surfdock,0.56654023,0.21500136,2.6350532,0,0,2.79272
926,17,7413,1059,4b5v_E8U_B_1254,0,surfdock,0.56654023,0.21500136,2.6350532,0,0.88630508,2.8027713
927,17,7504,1072,4bvh_OCZ_A_1393,0,surfdock,0.56654023,0.21500136,2.6350532,0,2.4791712e-05,2.8906889
928,17,7511,1073,4bvh_OCZ_B_1392,0,surfdock,0.56654023,0.21500136,2.6350532,0,0.9877122,3.4313842
929,17,8589,1227,4hxk_1AJ_A_201,0,surfdock,0.56654023,0.21500136,2.6350532,0,1.5991157e-05,2.8803488
930,17,10080,1440,4rm3_FOA_A_1000,0,surfdock,0.56654023,0.21500136,2.6350532,0,0.97910876,2.3501219
931,17,10087,1441,4rm3_FOA_B_1000,0,surfdock,0.56654023,0.21500136,2.6350532,0,0.98819616,2.2897393
932,17,10395,1485,4uzi_IMD_B_1456,0,surfdock,0.56654023,0.21500136,2.6350532,0,0.8941696,3.9603235
933,17,10836,1548,4zjz_BEZ_A_1001,0,surfdock,0.56654023,0.21500136,2.6350532,0,0.99225216,2.4889091
934,17,11256,1608,5c7v_PYC_A_804,0,surfdock,0.56654023,0.21500136,2.6350532,0,0.0094924231,2.3438501
935,17,11403,1629,5d9w_ASC_A_301,0,surfdock,0.56654023,0.21500136,2.6350532,0,0.19998192,3.9290551
936,17,11473,1639,5dne_ASN_A_601,0,surfdock,0.56654023,0.21500136,2.6350532,0,0,2.5474067
937,17,11480,1640,5dne_ASN_B_601,0,surfdock,0.56654023,0.21500136,2.6350532,0,0,2.5483569
938,17,11487,1641,5dne_ASN_C_601,0,surfdock,0.56654023,0.21500136,2.6350532,0,0,2.5017056
939,17,11494,1642,5dne_ASN_D_601,0,surfdock,0.56654023,0.21500136,2.6350532,0,0,2.420873
940,17,11557,1651,5e4r_40E_A_504,0,surfdock,0.56654023,0.21500136,2.6350532,0,0.66599474,1.8454385
941,17,11788,1684,5fc5_PC_A_516,0,surfdock,0.56654023,0.21500136,2.6350532,0,0.98828868,2.5597863
942,18,9940,1420,4qe1_RUU_A_403,0,surfdock,0.68608434,0.27434104,2.5008438,0,0,2.480637
943,18,1786,255,1m7p_G3H_A_5401,1,unimol,0.6578564,0.26305368,2.5008438,0,0.97335821,19.27
944,18,1793,256,1m7p_G3H_B_6401,1,unimol,0.6578564,0.26305368,2.5008438,0,0.96292308,17.14
945,18,2864,409,1u2o_NEC_B_1002,1,unimol,0.6578564,0.26305368,2.5008438,0,0.98398553,21.81
946,18,4684,669,2npq_BOG_A_1000,1,unimol,0.6578564,0.26305368,2.5008438,0,0.96942837,22.97
947,18,4691,670,2npq_BOG_A_2000,1,unimol,0.6578564,0.26305368,2.5008438,0,0.94598589,20.79
948,18,6875,982,3wat_BGC_A_403,1,unimol,0.6578564,0.26305368,2.5008438,0,0.98657801,16.74
949,18,6882,983,3wat_BGC_B_403,1,unimol,0.6578564,0.26305368,2.5008438,0,0.98493243,21.46
950,18,6889,984,3wat_BMA_A_404,1,unimol,0.6578564,0.26305368,2.5008438,0,0,24.07
951,18,6896,985,3wat_BMA_B_404,1,unimol,0.6578564,0.26305368,2.5008438,0,0,22.58
952,18,12461,1780,5ip6_6C9_A_301,1,unimol,0.6578564,0.26305368,2.5008438,0,0,20.99
953,18,13441,1920,5tbo_78Z_A_1001,1,unimol,0.6578564,0.26305368,2.5008438,0,0.98144847,20.59
954,18,15464,2209,6ho7_GHQ_A_301,1,unimol,0.6578564,0.26305368,2.5008438,0,0.99041379,17.99
955,18,15555,2222,6j4t_IMP_A_401,1,unimol,0.6578564,0.26305368,2.5008438,0,0,15.86
956,18,3829,547,2bs8_NAG_A_1177,0,surfdock,0.66529043,0.25248869,2.6349306,0,0.91733601,2.698787
957,18,7253,1036,4a7x_UDP_B_1241,1,unimol,0.6578564,0.22449559,2.9303746,0,0.94395304,27.57
958,18,2618,374,1t87_CAM_A_1422,0,surfdock,0.55451446,0.22173086,2.5008438,0,0.082516203,2.4687088
959,18,3619,517,2a1m_CAM_A_1422,0,surfdock,0.55449779,0.2217242,2.5008438,0,0.50253516,2.4235004
960,18,17311,2473,6uzr_QM1_B_301,0,surfdock,0.55447833,0.22171642,2.5008438,0,0.017598742,2.9867938
961,18,4669,667,2no7_LDC_B_401,0,surfdock,0.55445355,0.22170651,2.5008438,0,0.98605472,6.1809314
962,18,13734,1962,5uj3_CE4_A_302,0,surfdock,0.55429492,0.22164308,2.5008438,0,0,3.4861398
963,18,1414,202,1k8z_IAG_A_501,0,surfdock,0.55412041,0.2215733,2.5008438,0,0.99442625,3.3719875
964,18,13594,1942,5tzr_MLI_A_2403,0,surfdock,0.55365006,0.22138522,2.5008438,0,0.97586197,2.1853968
965,18,2303,329,1pym_OXL_B_1002,0,surfdock,0.55358151,0.22135781,2.5008438,0,0.9971198,2.0648777
966,18,2296,328,1pym_OXL_A_1001,0,surfdock,0.55285524,0.2210674,2.5008438,0,0.99587261,2.1789846
967,18,1155,165,1isx_XYP_A_1461,0,surfdock,0.55416154,0.22105456,2.5068984,0,0.032025759,2.0609899
968,18,6755,965,3vnm_SDD_D_301,0,surfdock,0.55267614,0.22099579,2.5008438,0,0,2.8826509
969,18,4942,706,2prl_ORO_A_399,0,surfdock,0.55263275,0.22097843,2.5008438,0,0.0026259815,2.5062175
970,18,3283,469,1y42_TYR_X_701,0,surfdock,0.55246999,0.22091335,2.5008438,0,0.85924668,2.8970069
971,18,2170,310,1pi3_TZD_A_530,0,surfdock,0.55238329,0.22087869,2.5008438,0,0.88033853,4.1706101
972,18,4368,624,2gx5_PCG_C_514,0,surfdock,0.55238329,0.22087869,2.5008438,0,0.85691377,2.99121
973,18,5446,778,2vlf_PLI_B_1459,0,surfdock,0.55238329,0.22087869,2.5008438,0,0,4.03213
974,18,9674,1382,4o7g_ASC_A_303,0,surfdock,0.55238329,0.22087869,2.5008438,0,0.10506859,2.5716507
975,18,9688,1384,4o7g_ASC_B_304,0,surfdock,0.55238329,0.22087869,2.5008438,0,0.12732296,2.6571622
976,18,11928,1704,5fuv_THM_A_1388,0,surfdock,0.55238329,0.22087869,2.5008438,0,0,3.1884797
977,18,13433,1919,5t85_44G_L_301,0,surfdock,0.55238329,0.22087869,2.5008438,0,0.011390865,3.0655279
978,18,16381,2340,6ooi_PGA_C_302,1,unimol,0.6578564,0.22007596,2.9892232,0,0.96086329,23.12
979,18,16402,2343,6ooi_PGA_F_301,1,unimol,0.6578564,0.22007596,2.9892232,0,0.94178934,22.08
980,18,16409,2344,6ooi_PGA_G_301,1,unimol,0.6578564,0.22007596,2.9892232,0,0.96724684,24.33
981,18,644,92,1gkc_NFH_B_1449,0,surfdock,0.54970525,0.21980783,2.5008438,0,0.96347199,2.6122122
982,18,1785,255,1m7p_G3H_A_5401,0,surfdock,0.54970525,0.21980783,2.5008438,0,0.99232306,2.6294998
983,18,1792,256,1m7p_G3H_B_6401,0,surfdock,0.54970525,0.21980783,2.5008438,0,0.98070982,2.5173951
984,18,2275,325,1pvc_ILE_0_7,0,surfdock,0.54970525,0.21980783,2.5008438,0,0,3.8193067
985,18,2863,409,1u2o_NEC_B_1002,0,surfdock,0.54970525,0.21980783,2.5008438,0,0,3.6166458
986,18,2884,412,1uk7_BUA_A_1300,0,surfdock,0.54970525,0.21980783,2.5008438,0,0.99759868,2.2564102
987,18,2940,420,1v5y_4HC_A_1455,0,surfdock,0.54970525,0.21980783,2.5008438,0,0.99504592,2.2505401
988,18,2996,428,1w1a_NDG_1_1261,0,surfdock,0.54970525,0.21980783,2.5008438,0,0,2.9277173
989,18,3003,429,1w1a_NDG_2_1261,0,surfdock,0.54970525,0.21980783,2.5008438,0,0.89520071,2.9342111
990,18,3066,438,1wc7_PP3_A_1214,0,surfdock,0.54970525,0.21980783,2.5008438,0,0,3.5430115
991,18,3255,465,1xuz_PEP_A_2001,0,surfdock,0.54970525,0.21980783,2.5008438,0,0.9135682,2.6669754
992,19,10494,1499,4ws2_6UA_A_303,1,unimol,0.65980383,0.26807804,2.461237,0,0.9576682,13.4
993,19,10501,1500,4ws6_WBU_A_301,1,unimol,0.65980383,0.2587738,2.549731,0,0.96191823,19.65
994,19,5048,721,2qab_EI1_B_1,1,unimol,0.6600419,0.2586806,2.5515699,0,0.98596643,24.67
995,19,17172,2453,6tol_NQW_A_201,1,unimol,0.65980383,0.23462643,2.8121452,0,0,19.98
996,19,3326,475,1yik_MM1_A_501,1,unimol,0.65980383,0.23374686,2.8227272,0,0.66515264,17.22
997,19,17752,2536,7jis_VBS_A_1101,0,surfdock,0.56009758,0.22767086,2.4601188,0,0.99470933,4.8442531
998,19,8120,1160,4dwv_PFB_A_378,0,surfdock,0.55921488,0.22731206,2.4601188,0,0.99004499,2.7794535
999,19,8127,1161,4dwv_PFB_B_378,0,surfdock,0.55912049,0.22727369,2.4601188,0,0.99182577,2.6975983
1000,19,2513,359,1s83_4HA_A_5,0,surfdock,0.55791067,0.22678192,2.4601188,0,0.97650847,2.2047467
1001,19,12803,1829,5kcp_PFB_B_378,0,surfdock,0.55693651,0.22638594,2.4601188,0,0,2.6928737
1002,19,3318,474,1yik_MM1_A_500,0,surfdock,0.54799015,0.22274938,2.4601188,0,0.89632288,2.2840993
1003,19,4221,603,2fpu_HSO_B_509,0,surfdock,0.54799015,0.22274938,2.4601188,0,0.86161198,2.6344548
1004,19,8001,1143,4dch_4DC_A_502,0,surfdock,0.54799015,0.22274938,2.4601188,0,0.96829989,3.9644829
1005,19,12796,1828,5kcp_PFB_A_379,0,surfdock,0.54706524,0.22237342,2.4601188,0,0.98490993,2.3893051
1006,19,2100,300,1ovk_NYL_A_405,0,surfdock,0.53415437,0.21712535,2.4601188,0,0.95630158,2.0380096
1007,19,3150,450,1x82_PA5_A_301,0,surfdock,0.53415437,0.21712535,2.4601188,0,0.96973567,3.3216708
1008,19,3325,475,1yik_MM1_A_501,0,surfdock,0.53415437,0.21712535,2.4601188,0,0.34175622,2.3706307
1009,19,7476,1068,4buv_16I_A_2165,0,surfdock,0.53415437,0.21712535,2.4601188,0,0.99517154,3.9562545
1010,19,7483,1069,4buv_16I_C_2165,0,surfdock,0.53415437,0.21712535,2.4601188,0,0.9953134,4.0411038
1011,19,10493,1499,4ws2_6UA_A_303,0,surfdock,0.53415437,0.21712535,2.4601188,0,0.11268026,2.2646028
1012,19,10500,1500,4ws6_WBU_A_301,0,surfdock,0.53415437,0.21712535,2.4601188,0,0,2.2617208
1013,19,12215,1745,5hpu_IPH_C_101,0,surfdock,0.53415437,0.21712535,2.4601188,0,0.99534277,1.9071538
1014,19,12663,1809,5je1_TOF_A_302,0,surfdock,0.53415437,0.21712535,2.4601188,0,0.0032439393,2.8261425
1015,19,12670,1810,5je1_TOF_B_302,0,surfdock,0.53415437,0.21712535,2.4601188,0,0.0033249225,2.7542158
1016,19,13069,1867,5mzj_TEP_A_2401,0,surfdock,0.53415437,0.21712535,2.4601188,0,0.99759144,2.6419047
1017,19,14399,2057,5z54_0HZ_A_303,0,surfdock,0.53415437,0.21712535,2.4601188,0,0.19287987,3.440524
1018,19,14406,2058,5z54_0HZ_B_303,0,surfdock,0.53415437,0.21712535,2.4601188,0,0,3.407223
1019,19,14413,2059,5z54_0HZ_C_303,0,surfdock,0.53415437,0.21712535,2.4601188,0,0.9675157,3.3959918
1020,19,14420,2060,5z54_0HZ_D_303,0,surfdock,0.53415437,0.21712535,2.4601188,0,0.98743691,3.3965882
1021,19,14959,2137,6e40_BBJ_A_502,0,surfdock,0.53415437,0.21712535,2.4601188,0,0.96757395,4.0744624
1022,19,14966,2138,6e40_BBJ_B_502,0,surfdock,0.53415437,0.21712535,2.4601188,0,0,3.8960328
1023,19,14973,2139,6e40_BBJ_D_502,0,surfdock,0.53415437,0.21712535,2.4601188,0,0,3.9760494
1024,19,15757,2251,6l17_E2X_A_401,0,surfdock,0.53415437,0.21712535,2.4601188,0,0.99032057,3.9041635
1025,19,16548,2364,6q4r_MLT_A_1041,0,surfdock,0.53415437,0.21712535,2.4601188,0,0,2.4496826
1026,19,17143,2449,6to7_SUV_A_401,0,surfdock,0.53415437,0.21712535,2.4601188,0,0,4.7170606
1027,19,17150,2450,6to7_SUV_B_401,0,surfdock,0.53415437,0.21712535,2.4601188,0,0,4.8451533
1028,19,17157,2451,6tog_NQH_A_201,0,surfdock,0.53415437,0.21712535,2.4601188,0,0.97943118,2.6880132
1029,19,17171,2453,6tol_NQW_A_201,0,surfdock,0.53415437,0.21712535,2.4601188,0,0,4.0589076
1030,19,17206,2458,6tt4_FT8_A_709,0,surfdock,0.53415437,0.21712535,2.4601188,0,0.99238354,4.0421916
1031,19,17213,2459,6tt4_FT8_B_711,0,surfdock,0.53415437,0.21712535,2.4601188,0,0.43769216,3.9702784
1032,19,5047,721,2qab_EI1_B_1,0,surfdock,0.53412126,0.2171119,2.4601188,0,0.99581208,3.50237
1033,19,5159,737,2qse_1HP_A_1,0,surfdock,0.53415437,0.21660172,2.4660661,0,0.99307504,3.305021
1034,19,14945,2135,6dyt_PP3_B_1501,0,surfdock,0.53415437,0.21511428,2.4831181,0,0.97243767,3.745098
1035,19,15302,2186,6fw0_E92_A_602,0,surfdock,0.53415437,0.21369179,2.4996476,0,0.54614392,3.7660483
1036,19,5880,840,2z26_DOR_A_1410,0,surfdock,0.54799015,0.21120886,2.5945406,0,0,2.557549
1037,19,15603,2229,6jme_BVU_A_409,0,surfdock,0.53415437,0.20811225,2.5666637,0,0.99346171,4.5754759
1038,19,5705,815,2xoz_AMP_B_1664,0,surfdock,0.53415437,0.20699536,2.5805128,0,0.09174073,1.9653649
1039,19,16779,2397,6rbr_JXN_A_302,0,surfdock,0.55680481,0.20657509,2.6954103,0,0.98075432,2.6492096
1040,19,11452,1636,5die_5CJ_B_601,0,surfdock,0.53415437,0.20553848,2.5988038,0,0,3.6271002
1041,19,7469,1067,4buf_F36_A_2162,0,surfdock,0.53415437,0.20426484,2.6150079,0,0.97707337,3.5109731
1042,20,7470,1067,4buf_F36_A_2162,1,unimol,0.75599584,0.31647674,2.388787,0,0,22.89
1043,20,10081,1440,4rm3_FOA_A_1000,1,unimol,0.75645396,0.28705912,2.6351843,0,0.99066461,18.09
1044,20,10088,1441,4rm3_FOA_B_1000,1,unimol,0.75849933,0.28405604,2.6702445,0,0.99223581,23.17
1045,20,1653,236,1lqp_FCN_A_4002,1,unimol,0.66017912,0.27636572,2.388787,0,0,21.4
1046,20,1660,237,1lqp_FCN_A_4004,1,unimol,0.66017912,0.27636572,2.388787,0,0,20.6
1047,20,1667,238,1lqp_FCN_B_4001,1,unimol,0.66017912,0.27636572,2.388787,0,0,18.33
1048,20,1674,239,1lqp_FCN_B_4003,1,unimol,0.66017912,0.27636572,2.388787,0,0,22.04
1049,20,3228,461,1xl0_OX2_A_998,1,unimol,0.66017912,0.27636572,2.388787,0,0.99262944,21.79
1050,20,3606,515,2a0x_DIH_A_300,1,unimol,0.66017912,0.27636572,2.388787,0,0,14.8
1051,20,4117,588,2f3s_7GP_A_998,1,unimol,0.66017912,0.27636572,2.388787,0,0.9892257,22.61
1052,20,5167,738,2qui_LTN_A_501,1,unimol,0.66017912,0.27636572,2.388787,0,0,19.06
1053,20,5174,739,2qui_LTN_B_478,1,unimol,0.66017912,0.27636572,2.388787,0,0,25.14
1054,20,5475,782,2vp5_DCZ_A_1210,1,unimol,0.66017912,0.27636572,2.388787,0,0.98930056,19.09
1055,20,5482,783,2vp5_DCZ_B_1210,1,unimol,0.66017912,0.27636572,2.388787,0,0.9933593,22.27
1056,20,5545,792,2wdq_CBE_C_1130,1,unimol,0.66017912,0.27636572,2.388787,0,0.98605125,23.82
1057,20,5552,793,2wdq_CBE_G_1130,1,unimol,0.66017912,0.27636572,2.388787,0,0.98345321,28.97
1058,20,5559,794,2wdq_CBE_K_1130,1,unimol,0.66017912,0.27636572,2.388787,0,0.98989522,23.24
1059,20,7057,1008,3wur_O4B_A_201,1,unimol,0.66017912,0.27636572,2.388787,0,0.18494934,39.83
1060,20,7064,1009,3wur_O4B_B_204,1,unimol,0.66017912,0.27636572,2.388787,0,0.057226008,23.25
1061,20,7449,1064,4bbx_LKF_A_1760,1,unimol,0.66017912,0.27636572,2.388787,0,0,22.85
1062,20,7456,1065,4bbx_LKF_B_1760,1,unimol,0.66017912,0.27636572,2.388787,0,0,18.69
1063,20,8282,1183,4evi_C9M_A_402,1,unimol,0.66017912,0.27636572,2.388787,0,0.97820645,22.26
1064,20,8289,1184,4evi_N7I_B_401,1,unimol,0.66017912,0.27636572,2.388787,0,0.99259439,26.07
1065,20,8436,1205,4gnp_PEP_A_703,1,unimol,0.66017912,0.27636572,2.388787,0,0.95707198,20.8
1066,20,9955,1422,4qxc_OGA_A_600,1,unimol,0.66017912,0.27636572,2.388787,0,0.98663997,24.1
1067,20,9962,1423,4qxc_OGA_C_600,1,unimol,0.66017912,0.27636572,2.388787,0,0.97780523,18.29
1068,20,10641,1520,4y6n_3PG_A_402,1,unimol,0.66017912,0.27636572,2.388787,0,0,22.37
1069,20,10879,1554,4zsy_RW2_A_502,1,unimol,0.66017912,0.27636572,2.388787,0,0.93005886,29.75
1070,21,10396,1485,4uzi_IMD_B_1456,1,unimol,0.72610471,0.30231396,2.4018223,0,0.99299115,23.87
1071,21,10389,1484,4uzi_IMD_B_1455,1,unimol,0.72009227,0.29981068,2.4018223,0,0.64089495,22.48
1072,21,9944,1420,4qe1_RUU_A_403,4,gnina,0.77611231,0.28262954,2.7460401,0,0.66167179,2.1033612
1073,21,1121,160,1iki_REY_A_400,1,unimol,0.65557191,0.27294761,2.4018223,0,0,18.93
1074,21,2682,383,1tkh_DPN_A_911,1,unimol,0.65557191,0.27294761,2.4018223,0,0.96400167,24.25
1075,21,2689,384,1tkh_DPN_A_913,1,unimol,0.65557191,0.27294761,2.4018223,0,0,18.27
1076,21,8499,1214,4h9x_HL4_A_404,1,unimol,0.65557191,0.27294761,2.4018223,0,0.9850088,18.77
1077,21,8506,1215,4h9x_HL4_B_404,1,unimol,0.65557191,0.27294761,2.4018223,0,0.69167149,16.48
1078,21,17277,2468,6ur0_ETM_A_401,1,unimol,0.65557191,0.27294761,2.4018223,0,0.76054029,16.53
1079,21,17284,2469,6ur0_ETM_B_401,1,unimol,0.65557191,0.27294761,2.4018223,0,0.96809039,21.65
1080,21,7176,1025,3zwe_FUC_A_110,1,unimol,0.65557191,0.26405394,2.4827187,0,0.97461679,17.4
1081,21,7183,1026,3zwe_FUC_B_110,1,unimol,0.65557191,0.26405394,2.4827187,0,0.97349123,15.19
1082,21,7190,1027,3zwe_FUC_C_110,1,unimol,0.65557191,0.26405394,2.4827187,0,0.97849478,18.53
1083,21,17507,2501,6xp1_T2C_A_401,0,surfdock,0.58256468,0.24255102,2.4018223,0,0.9852694,2.4550054
1084,21,518,74,1fuy_FIP_A_269,0,surfdock,0.58172812,0.24220272,2.4018223,0,0,3.7793622
1085,21,10829,1547,4zib_4OG_A_512,0,surfdock,0.58127433,0.24201378,2.4018223,0,0.078209433,3.0679945
1086,21,3655,522,2agw_TSS_D_3001,1,unimol,0.65557191,0.23785162,2.7562213,0,0,16.65
1087,21,4606,658,2j5z_GAL_A_1278,0,surfdock,0.57006914,0.23734849,2.4018223,0,0.9763693,2.3354641
1088,21,3662,523,2agw_TSS_H_2001,1,unimol,0.65557191,0.23662068,2.7705595,0,0,20.21
1089,21,1114,159,1iki_DAL_A_500,1,unimol,0.65557191,0.2324018,2.8208547,0,0,15.01
1090,21,1120,160,1iki_REY_A_400,0,surfdock,0.55147336,0.22960614,2.4018223,0,0.85864645,3.9414769
1091,21,1589,227,1l4f_NCN_A_991,0,surfdock,0.55147336,0.22960614,2.4018223,0,0.9681295,3.9795237
1092,21,1610,230,1l5o_NCN_A_991,0,surfdock,0.55147336,0.22960614,2.4018223,0,0.96830921,4.0403109
1093,21,2681,383,1tkh_DPN_A_911,0,surfdock,0.55147336,0.22960614,2.4018223,0,0,2.2659169
1094,21,2688,384,1tkh_DPN_A_913,0,surfdock,0.55147336,0.22960614,2.4018223,0,0,2.7876434
1095,21,2695,385,1tkj_MED_A_913,0,surfdock,0.55147336,0.22960614,2.4018223,0,0.83885921,2.5725439
1096,21,3654,522,2agw_TSS_D_3001,0,surfdock,0.55147336,0.22960614,2.4018223,0,0,2.7655606
1097,21,3661,523,2agw_TSS_H_2001,0,surfdock,0.55147336,0.22960614,2.4018223,0,0,2.8338785
1098,21,6608,944,3v7u_MTA_A_301,0,surfdock,0.55147336,0.22960614,2.4018223,0,0.14848019,3.1576531
1099,21,6615,945,3v7u_MTA_A_302,0,surfdock,0.55147336,0.22960614,2.4018223,0,0.98556534,3.2286413
1100,21,6678,954,3vca_PRO_A_504,0,surfdock,0.55147336,0.22960614,2.4018223,0,0.90096218,2.069561
1101,21,6685,955,3vcp_PRO_A_502,0,surfdock,0.55147336,0.22960614,2.4018223,0,0,2.3970999
1102,21,7175,1025,3zwe_FUC_A_110,0,surfdock,0.55147336,0.22960614,2.4018223,0,0,2.2958933
1103,21,7182,1026,3zwe_FUC_B_110,0,surfdock,0.55147336,0.22960614,2.4018223,0,0.94357148,2.2897966
1104,21,7189,1027,3zwe_FUC_C_110,0,surfdock,0.55147336,0.22960614,2.4018223,0,0.99039133,2.1546953
1105,21,8498,1214,4h9x_HL4_A_404,0,surfdock,0.55147336,0.22960614,2.4018223,0,0.58616657,2.8190567
1106,21,8505,1215,4h9x_HL4_B_404,0,surfdock,0.55147336,0.22960614,2.4018223,0,0.54444563,2.9399289
1107,21,13314,1902,5oir_9W8_A_302,0,surfdock,0.55147336,0.22960614,2.4018223,0,0.45972074,3.4277414
1108,21,13797,1971,5ve5_GSH_B_402,0,surfdock,0.55147336,0.22960614,2.4018223,0,0,2.487357
1109,21,14448,2064,5z9p_AX7_B_301,0,surfdock,0.55147336,0.22960614,2.4018223,0,0.99588736,2.3088622
1110,21,14476,2068,5zge_ZZ7_A_301,0,surfdock,0.55147336,0.22960614,2.4018223,0,0.37748873,3.6955719
1111,21,14483,2069,5zgr_ZZ7_A_303,0,surfdock,0.55147336,0.22960614,2.4018223,0,0.53211402,3.9350395
1112,21,14490,2070,5zgr_ZZ7_B_303,0,surfdock,0.55147336,0.22960614,2.4018223,0,0.99201471,3.7600689
1113,21,14777,2111,6c17_DNX_A_202,0,surfdock,0.55147336,0.22960614,2.4018223,0,0.0062003955,2.9046743
1114,21,15820,2260,6l8a_BAL_C_504,0,surfdock,0.55147336,0.22960614,2.4018223,0,0.97370188,1.965551
1115,21,15827,2261,6l8a_BAL_D_507,0,surfdock,0.55147336,0.22960614,2.4018223,0,0.99811306,2.0140837
1116,21,15834,2262,6l8a_BAL_E_503,0,surfdock,0.55147336,0.22960614,2.4018223,0,0.07984342,2.0054214
1117,21,17003,2429,6szt_M4Q_A_601,0,surfdock,0.55147336,0.22960614,2.4018223,0,0,3.3181746
1118,21,17010,2430,6szt_M4Q_B_601,0,surfdock,0.55147336,0.22960614,2.4018223,0,0.037841621,3.2586268
1119,21,17276,2468,6ur0_ETM_A_401,0,surfdock,0.55147336,0.22960614,2.4018223,0,0.75018752,2.2895578
1120,22,7806,1115,4cpp_ADM_A_422,1,unimol,0.65444216,0.28360711,2.3075652,0,0.9350857,15.99
1121,22,8569,1224,4hmx_WUB_A_302,1,unimol,0.65444216,0.28360711,2.3075652,0,0,22.56
1122,22,11999,1714,5g44_SWX_A_1511,1,unimol,0.65444216,0.28360711,2.3075652,0,0.95621643,25.99
1123,22,13000,1857,5m62_BGC_A_409,1,unimol,0.65444216,0.28360711,2.3075652,0,0,15.22
1124,22,17641,2520,6zi7_RAM_D_503,1,unimol,0.65444216,0.26565011,2.4635484,0,0,26.98
1125,22,10613,1516,4xz9_G3P_C_302,1,unimol,0.65444216,0.26127451,2.5048058,0,0.95554234,20.6
1126,22,9807,1401,4pbr_2L7_A_401,0,surfdock,0.59007282,0.2557122,2.3075652,0,0.99532386,3.7151166
1127,22,12425,1775,5in3_G1P_A_416,0,surfdock,0.58920749,0.2553372,2.3075652,0,0.98500283,2.1236215
1128,22,16527,2361,6q4b_HHN_A_301,0,surfdock,0.58874639,0.25513738,2.3075652,0,0.99333107,2.1057988
1129,22,14833,2119,6cgn_DA_A_801,0,surfdock,0.58839582,0.25498546,2.3075652,0,0,3.3563771
1130,22,5768,824,2xya_7L4_A_1181,0,surfdock,0.5879197,0.25477913,2.3075652,0,0.99324319,3.3466791
1131,22,2947,421,1vje_MSE_A_301,0,surfdock,0.58686607,0.25432253,2.3075652,0,0.98028098,2.7929635
1132,22,10192,1456,4u7g_K17_B_303,0,surfdock,0.58643275,0.25413475,2.3075652,0,0,2.4507126
1133,22,10185,1455,4u7g_K17_A_303,0,surfdock,0.58534546,0.25366356,2.3075652,0,0,2.5175371
1134,22,2338,334,1q3a_NGH_B_479,0,surfdock,0.58493938,0.25348759,2.3075652,0,0.96675714,3.7231677
1135,22,3164,452,1x8x_TYR_A_952,0,surfdock,0.58473774,0.25340021,2.3075652,0,0.99166536,3.4008353
1136,22,2954,422,1vje_MSE_A_401,0,surfdock,0.57711297,0.25009596,2.3075652,0,0.93868149,2.8363636
1137,22,15596,2228,6jmd_ORO_A_402,0,surfdock,0.57249394,0.24809427,2.3075652,0,0.013339302,2.5116999
1138,22,2331,333,1q3a_NGH_A_480,0,surfdock,0.57167618,0.24773989,2.3075652,0,0.99064438,3.723508
1139,22,15610,2230,6jme_ORO_A_402,0,surfdock,0.57057682,0.24726347,2.3075652,0,0,2.6695735
1140,22,4431,633,2hjp_PPR_A_291,0,surfdock,0.56805891,0.24617232,2.3075652,0,0,2.503686
1141,22,364,52,1e5f_PLP_A_405,0,surfdock,0.56781721,0.24606758,2.3075652,0,0.4238894,3.2790116
1142,22,2345,335,1q3a_NGH_C_481,0,surfdock,0.56781721,0.24606758,2.3075652,0,0.94462054,3.9073967
1143,22,3633,519,2a5t_GLY_A_1001,0,surfdock,0.56781721,0.24606758,2.3075652,0,0,2.2861217
1144,22,6636,948,3vbn_TYD_E_301,0,surfdock,0.56781721,0.24606758,2.3075652,0,0.5859874,3.7462994
1145,22,6224,889,3qss_MTG_A_405,1,unimol,0.65444216,0.24598079,2.6605408,0,0.9762163,19.67
1146,22,2408,344,1qxa_GLY_B_245,0,surfdock,0.56732485,0.24585421,2.3075652,0,0.93014715,2.6404344
1147,22,4361,623,2gue_NAG_B_122,0,surfdock,0.56707536,0.24574609,2.3075652,0,0,2.604705
1148,22,6629,947,3vbn_TYD_C_301,0,surfdock,0.56781721,0.24517126,2.3160014,0,0.94415024,4.0591834
1149,22,1218,174,1ixo_G3P_A_1001,0,surfdock,0.56781721,0.2406984,2.3590393,0,0.86584543,2.5525683
1150,22,6517,931,3tye_YTZ_B_902,0,surfdock,0.55267118,0.23950394,2.3075652,0,0.00096460382,3.0208681
1151,22,245,35,1d3g_ORO_A_399,0,surfdock,0.56781721,0.23762012,2.3895998,0,0.20925065,2.5082207
1152,22,9996,1428,4r2n_PHE_D_402,0,surfdock,0.58590808,0.23741639,2.4678493,0,0.74142151,2.7501152
1153,22,12299,1757,5i5s_NVU_B_402,0,surfdock,0.59034825,0.23703847,2.4905157,0,0.99564549,5.8898586
1154,22,12292,1756,5i5s_NVU_A_402,0,surfdock,0.59034752,0.23703817,2.4905157,0,0.96649614,2.7234169
1155,22,1540,220,1kuj_MMA_E_503,0,surfdock,0.5859342,0.23596342,2.483156,0,0.97973905,2.6474568
1156,22,525,75,1fwn_PEP_A_1268,0,surfdock,0.54310797,0.23535965,2.3075652,0,0,2.3554295
1157,22,532,76,1fwn_PEP_B_2268,0,surfdock,0.54310797,0.23535965,2.3075652,0,0.9953144,2.6197872
1158,22,1225,175,1ixo_G3P_B_1002,0,surfdock,0.54310797,0.23535965,2.3075652,0,0.83841247,2.644568
1159,22,1680,240,1lro_PEP_B_2268,0,surfdock,0.54310797,0.23535965,2.3075652,0,0.0035607623,2.4424603
1160,22,2821,403,1u1g_BBB_A_3300,0,surfdock,0.54310797,0.23535965,2.3075652,0,0,4.4793731
1161,22,2828,404,1u1g_BBB_B_4300,0,surfdock,0.54310797,0.23535965,2.3075652,0,0,4.4001362
1162,22,2835,405,1u1g_BBB_C_5300,0,surfdock,0.54310797,0.23535965,2.3075652,0,0,4.4417145
1163,22,2842,406,1u1g_BBB_D_6300,0,surfdock,0.54310797,0.23535965,2.3075652,0,0,4.5223036
1164,22,2849,407,1u1g_BBB_E_7300,0,surfdock,0.54310797,0.23535965,2.3075652,0,0,4.4326533
1165,22,3409,487,1zdq_MSM_A_1507,0,surfdock,0.54310797,0.23535965,2.3075652,0,0.93784982,2.0186503
1166,22,3416,488,1zdq_MSM_C_1509,0,surfdock,0.54310797,0.23535965,2.3075652,0,0.99417647,1.8576223
1167,22,3493,499,1zha_PEP_B_2268,0,surfdock,0.54310797,0.23535965,2.3075652,0,0,2.7339441
1168,22,3969,567,2coj_GBN_B_420,0,surfdock,0.54310797,0.23535965,2.3075652,0,0.99002875,2.8197495
1169,22,4060,580,2ef9_A5P_A_1269,0,surfdock,0.54310797,0.23535965,2.3075652,0,0,4.6310723
1170,23,3256,465,1xuz_PEP_A_2001,1,unimol,0.81354486,0.2979,2.7309318,0,0.84420816,22.81
1171,23,7211,1030,4a01_2PN_A_1773,1,unimol,0.65349921,0.28540034,2.2897623,0,0,21.91
1172,23,7218,1031,4a01_2PN_B_1773,1,unimol,0.65349921,0.28540034,2.2897623,0,0,22.45
1173,23,11005,1572,5a66_3PO_B_1000,1,unimol,0.65349921,0.25554211,2.5573044,0,0.93241025,22.61
1174,23,10998,1571,5a66_3PO_A_1000,1,unimol,0.65349921,0.25439646,2.568821,0,0.80998541,24.78
1175,23,9590,1370,4nf4_2JK_A_301,0,surfdock,0.57686739,0.25193321,2.2897623,0,0,3.0677445
1176,23,7210,1030,4a01_2PN_A_1773,0,surfdock,0.53855635,0.23520177,2.2897623,0,0,2.6098961
1177,23,7217,1031,4a01_2PN_B_1773,0,surfdock,0.53855635,0.23520177,2.2897623,0,0.99262336,2.6188898
1178,23,10997,1571,5a66_3PO_A_1000,0,surfdock,0.53855635,0.23520177,2.2897623,0,0.98577299,2.8122869
1179,23,11004,1572,5a66_3PO_B_1000,0,surfdock,0.53855635,0.23520177,2.2897623,0,0.99077318,2.9398751
1180,23,11900,1700,5fp9_4SV_A_1342,0,surfdock,0.53855635,0.23520177,2.2897623,0,0.99651004,2.5668614
1181,23,3983,569,2d0e_NQ_A_409,0,surfdock,0.53855635,0.23015075,2.3400147,0,0.02018451,2.3615509
1182,23,12866,1838,5l1u_7PF_A_401,0,surfdock,0.53855635,0.22756871,2.366565,0,0,3.446205
1183,23,14946,2135,6dyt_PP3_B_1501,1,unimol,0.83865681,0.22577883,3.714505,0,0,22.66
1184,23,12873,1839,5l1v_7PF_A_401,0,surfdock,0.53855635,0.22463714,2.3974493,0,0,3.4761152
1185,23,210,30,1ca7_ENO_C_701,0,surfdock,0.53855635,0.2149941,2.504981,0,0.97770249,2.8566682
1186,23,196,28,1ca7_ENO_A_501,0,surfdock,0.53855635,0.2148623,2.5065176,0,0,2.8526239
1187,23,203,29,1ca7_ENO_B_601,0,surfdock,0.53855635,0.2148623,2.5065176,0,0.97789674,2.7820449
1188,23,13307,1901,5oip_9WE_A_302,0,surfdock,0.53855635,0.2088744,2.5783732,0,0.93587628,3.5959265
1189,23,10598,1514,4xti_IMP_B_601,0,surfdock,0.53855635,0.20695314,2.6023097,0,0.96915676,3.9686258
1190,23,14449,2064,5z9p_AX7_B_301,1,unimol,0.84865975,0.20543057,4.1311259,0,0,15.29
1191,23,17332,2476,6v9f_QTS_B_2001,0,surfdock,0.53855635,0.20324564,2.6497796,0,0.99519611,3.3556348
1192,23,4641,663,2ji6_TPW_A_1566,0,surfdock,0.53855635,0.20310981,2.6515517,0,0,4.530183
1193,23,4648,664,2ji6_TPW_B_1566,0,surfdock,0.53855635,0.20029151,2.6888616,0,0,4.8316653
1194,23,11901,1700,5fp9_4SV_A_1342,1,unimol,0.65349921,0.19253851,3.3941212,0,0.95046191,19.41
1195,23,13244,1892,5ocm_9RH_B_302,0,surfdock,0.53855635,0.19224318,2.8014319,0,0.0016603815,2.7029667
1196,23,9604,1372,4nir_6DH_B_306,0,surfdock,0.53855635,0.18996939,2.8349628,0,1.003211e-05,2.758865
1197,23,14434,2062,5z9b_HX3_A_303,0,surfdock,0.53855635,0.1898863,2.8362033,0,0.97892104,2.5779454
1198,23,14441,2063,5z9b_HX3_B_303,0,surfdock,0.53855635,0.1898863,2.8362033,0,0.97160376,2.4985707
1199,23,211,30,1ca7_ENO_C_701,1,unimol,0.65349921,0.18923265,3.4534159,0,0.90243739,16.62
1200,23,197,28,1ca7_ENO_A_501,1,unimol,0.65349921,0.18907008,3.4563851,0,0.90604403,19.14
1201,23,204,29,1ca7_ENO_B_601,1,unimol,0.65349921,0.18907008,3.4563851,0,0.95974611,21.01
1202,23,5348,764,2uza_HTL_B_1236,0,surfdock,0.53855635,0.18750122,2.8722808,0,0,5.1718785
1203,23,13237,1891,5ocm_9RH_A_302,0,surfdock,0.53855635,0.18726781,2.8758609,0,0.0016953332,2.777137
1204,23,13251,1893,5ocm_9RH_C_302,0,surfdock,0.53855635,0.18726781,2.8758609,0,0.0016974413,2.6404984
1205,23,13258,1894,5ocm_9RH_D_302,0,surfdock,0.53855635,0.18726781,2.8758609,0,0.001855516,5.7476908
1206,23,13265,1895,5ocm_9RH_E_302,0,surfdock,0.53855635,0.18726781,2.8758609,0,0.9950276,2.7158977
1207,23,13272,1896,5ocm_9RH_F_302,0,surfdock,0.53855635,0.18726781,2.8758609,0,0.76143858,2.688134
1208,23,12894,1842,5l9v_OGA_B_502,0,surfdock,0.53855635,0.18596797,2.895962,0,0.99753535,2.7653912
1209,23,12887,1841,5l9v_OGA_A_502,0,surfdock,0.53855635,0.18328884,2.9382923,0,0.99676817,2.7697512
1210,23,6860,980,3w8x_FTK_A_601,0,surfdock,0.53855635,0.18240893,2.952466,0,1.1143835e-07,3.3756407
1211,23,12867,1838,5l1u_7PF_A_401,1,unimol,0.65349921,0.17811839,3.6689026,0,0,19.6
1212,23,17255,2465,6ufd_Q6D_A_305,0,surfdock,0.53855635,0.17605707,3.0589864,0,0.99286006,3.8250929
1213,23,12874,1839,5l1v_7PF_A_401,1,unimol,0.65349921,0.17575715,3.7181933,0,0,22.28
1214,23,6041,863,2zm9_ACA_A_501,0,surfdock,0.53855635,0.17524521,3.0731578,0,0,3.3717546
1215,23,10612,1516,4xz9_G3P_C_302,0,surfdock,0.60436816,0.17315006,3.4904289,0,0.99723439,2.2923259
1216,23,16618,2374,6qhu_FAH_A_401,0,surfdock,0.53855635,0.1691453,3.1839855,0,0.95298176,2.2246767
1217,23,645,92,1gkc_NFH_B_1449,1,unimol,0.83483232,0.16575869,5.0364308,0,0.93849705,23.14
1218,23,15750,2250,6kxh_DY9_B_402,0,surfdock,0.53855635,0.16419925,3.2798944,0,0.024699116,3.6683992
1219,23,15743,2249,6kxh_DY9_A_401,0,surfdock,0.53855635,0.16238255,3.3165891,0,0,2.6099155
1220,24,14435,2062,5z9b_HX3_A_303,1,unimol,0.88799611,0.3363435,2.6401455,0,0.99146747,19.12
1221,24,14442,2063,5z9b_HX3_B_303,1,unimol,0.88411579,0.33487376,2.6401455,0,0.98667353,19.18
1222,24,2122,303,1p2s_ETF_A_400,1,unimol,0.65105078,0.2840444,2.292073,0,0.7009665,20.72
1223,24,3508,501,1zk0_SS2_A_1260,1,unimol,0.65105078,0.2840444,2.292073,0,0.96934391,13.76
1224,24,9269,1324,4lcq_URQ_A_603,1,unimol,0.65105078,0.2840444,2.292073,0,0.92246362,20.89
1225,24,10095,1442,4rp9_ASC_A_501,1,unimol,0.65105078,0.2840444,2.292073,0,0.93065976,21.65
1226,24,10445,1492,4wdd_CIT_A_401,1,unimol,0.65105078,0.2840444,2.292073,0,0.92971153,27.3
1227,24,10564,1509,4xp0_42A_A_404,1,unimol,0.65105078,0.2840444,2.292073,0,0.98992031,21.89
1228,24,12188,1741,5hc0_NPO_A_407,1,unimol,0.65105078,0.2840444,2.292073,0,0.94634404,19.63
1229,24,13714,1959,5uio_8DM_D_202,1,unimol,0.65105078,0.2840444,2.292073,0,0.97178992,17.03
1230,24,13826,1975,5vl0_BNF_A_404,1,unimol,0.65105078,0.2840444,2.292073,0,0.98251589,21.92
1231,24,13833,1976,5vl0_BNF_B_404,1,unimol,0.65105078,0.2840444,2.292073,0,0.98161095,24.15
1232,24,13840,1977,5vl0_BNF_C_404,1,unimol,0.65105078,0.2840444,2.292073,0,0.98575008,25.45
1233,24,13847,1978,5vl0_BNF_D_404,1,unimol,0.65105078,0.2840444,2.292073,0,0.98820202,25.95
1234,24,16584,2369,6qaw_HVE_A_402,1,unimol,0.65105078,0.2840444,2.292073,0,0.97889613,20.49
1235,24,16864,2409,6rlt_MLI_B_512,1,unimol,0.65105078,0.2840444,2.292073,0,0.81859592,18.47
1236,24,8821,1260,4i9n_1E5_F_402,1,unimol,0.65105078,0.28378986,2.2941289,0,0.96809782,26.44
1237,24,8814,1259,4i9n_1E5_D_402,1,unimol,0.65105078,0.28333245,2.2978325,0,0.96793648,28.93
1238,24,8800,1257,4i9n_1E5_B_402,1,unimol,0.65105078,0.28329221,2.2981589,0,0.96515591,27.82
1239,24,8793,1256,4i9n_1E5_A_402,1,unimol,0.65105078,0.28323979,2.2985842,0,0.95647777,23.88
1240,24,3956,565,2ci0_1CM_A_1450,1,unimol,0.65105078,0.28317206,2.299134,0,0,19.31
1241,24,8807,1258,4i9n_1E5_C_402,1,unimol,0.65105078,0.28174991,2.310739,0,0.97546465,27.32
1242,24,13727,1961,5uio_LG3_E_201,0,surfdock,0.63285407,0.27610543,2.292073,0,0.99610047,2.1445626
1243,24,3794,542,2bk3_FOF_A_1503,0,surfdock,0.63149905,0.27551426,2.292073,0,0.91868267,3.5393407
1244,24,9744,1392,4oxy_1TN_D_302,0,surfdock,0.63143975,0.27548838,2.292073,0,0,3.7402037
1245,24,12362,1766,5i9m_69K_C_302,0,surfdock,0.63119673,0.27538236,2.292073,0,0,3.2284362
1246,24,12348,1764,5i9m_69K_A_302,0,surfdock,0.63110795,0.27534362,2.292073,0,0,3.3454763
1247,24,12355,1765,5i9m_69K_B_302,0,surfdock,0.63099877,0.27529599,2.292073,0,0.99556728,3.2374378
1248,25,2101,300,1ovk_NYL_A_405,1,unimol,0.8850716,0.29859718,2.964098,0,0.98703406,18.5
1249,25,14197,2028,5y1g_AKB_A_401,1,unimol,0.65785004,0.28684526,2.293396,0,0,15.05
1250,25,6223,889,3qss_MTG_A_405,0,surfdock,0.6249749,0.27251056,2.293396,0,0.81927462,2.2464463
1251,25,8435,1205,4gnp_PEP_A_703,0,surfdock,0.61932634,0.2700476,2.293396,0,0.99025742,2.5087848
1252,25,140,20,1axg_ETF_A_404,0,surfdock,0.61781004,0.26938644,2.293396,0,0,2.7284513
1253,25,13349,1907,5r0j_RBJ_B_401,0,surfdock,0.61611236,0.26864619,2.293396,0,0,2.3622488
1254,25,2877,411,1ubs_SER_B_398,0,surfdock,0.61465586,0.26801111,2.293396,0,0.96313177,4.1698978
1255,25,8323,1189,4f8n_PC_A_202,0,surfdock,0.61123556,0.26651974,2.293396,0,0.9663152,2.5033255
1256,25,10626,1518,4y14_C0A_A_407,0,surfdock,0.62871147,0.26515324,2.371124,0,0.96805373,3.7273408
1257,25,2058,294,1o6g_SIN_A_724,0,surfdock,0.60773916,0.26499519,2.293396,0,0.96743382,3.4503638
1258,25,13076,1868,5mzp_CFF_A_2401,0,surfdock,0.62828949,0.26128831,2.4045823,0,0.045077042,2.7470474
1259,25,7,1,19gs_BSP_B_210,0,surfdock,0.62861299,0.26065805,2.4116375,0,0.0053721136,2.3537169
1260,25,5369,767,2v32_BEZ_C_1222,0,surfdock,0.62725551,0.2605377,2.4075413,0,0.99266246,2.3447701
1261,25,9156,1308,4kqx_HIO_B_401,0,surfdock,0.60884214,0.26027016,2.3392689,0,0.80305821,2.7135876
1262,25,5355,765,2v32_BEZ_A_1222,0,surfdock,0.62450707,0.25940424,2.4074657,0,0.98959182,2.496641
1263,25,5362,766,2v32_BEZ_B_1220,0,surfdock,0.62306114,0.25880364,2.4074657,0,0.99633597,2.4662198
1264,25,3843,549,2bx7_34D_B_1313,0,surfdock,0.59163199,0.25716106,2.3006272,0,0.98041028,2.6511915
1265,25,5376,768,2v32_BEZ_D_1221,0,surfdock,0.61843535,0.25688221,2.4074657,0,0.9705932,2.3934584
1266,25,1869,267,1n1i_HIS_C_501,0,surfdock,0.58307745,0.25424184,2.293396,0,0.8243796,2.2569443
1267,25,5404,772,2vjb_CCD_A_1539,0,surfdock,0.58307745,0.25424184,2.293396,0,0.87407036,2.8168837
1268,25,5418,774,2vjb_CCD_B_1539,0,surfdock,0.58307745,0.25424184,2.293396,0,0,2.8112015
1269,25,6559,937,3ucc_2PG_A_601,0,surfdock,0.58307745,0.25424184,2.293396,0,0,2.5801554
1270,25,6566,938,3ucc_2PG_B_601,0,surfdock,0.58307745,0.25424184,2.293396,0,0,2.8605478
1271,25,9345,1335,4m2c_DAR_C_402,0,surfdock,0.58307745,0.25424184,2.293396,0,0.97985841,2.9672316
1272,25,12937,1848,5lu8_5KN_A_306,1,unimol,0.65785004,0.24529249,2.6818995,0,1.5998133e-06,19.75
1273,25,13790,1970,5v7y_AKG_B_302,0,surfdock,0.59960734,0.24418836,2.4555106,0,0,2.7878618
1274,25,10360,1480,4ur9_BK9_A_1717,0,surfdock,0.63055203,0.23829473,2.6461005,0,0.99030694,2.3976254
1275,25,420,60,1f5f_DHT_A_253,0,surfdock,0.53110089,0.23157827,2.293396,0,0.98975694,3.4907207
1276,25,1428,204,1kar_HSM_B_503,0,surfdock,0.53110089,0.23157827,2.293396,0,0.0036272461,2.2950561
1277,25,1470,210,1kep_TDX_A_3500,0,surfdock,0.53110089,0.23157827,2.293396,0,0.14504393,2.2374464
1278,25,1862,266,1mvc_BM6_A_200,0,surfdock,0.53110089,0.23157827,2.293396,0,0.99246354,4.6687388
1279,25,1932,276,1nmm_NAG_B_403,0,surfdock,0.53110089,0.23157827,2.293396,0,0.98559406,3.058295
1280,25,1939,277,1nmm_NAG_D_527,0,surfdock,0.53110089,0.23157827,2.293396,0,0.97095362,3.1130686
1281,25,2086,298,1opr_ORO_A_220,0,surfdock,0.53110089,0.23157827,2.293396,0,0.99831537,2.5530725
1282,25,2128,304,1p5g_G6P_X_658,0,surfdock,0.53110089,0.23157827,2.293396,0,0.98534318,3.2452017
1283,25,2310,330,1pzy_NAG_B_405,0,surfdock,0.53110089,0.23157827,2.293396,0,0.96747266,3.0496527
1284,25,2317,331,1pzy_NAG_D_406,0,surfdock,0.53110089,0.23157827,2.293396,0,0.98454775,3.0459671
1285,25,3059,437,1w78_PD8_A_1421,0,surfdock,0.53110089,0.23157827,2.293396,0,0,5.7886982
1286,25,5019,717,2q28_TPP_A_4001,0,surfdock,0.53110089,0.23157827,2.293396,0,0.90482135,4.0171504
1287,25,5026,718,2q28_TPP_B_5001,0,surfdock,0.53110089,0.23157827,2.293396,0,0,3.9050466
1288,25,5411,773,2vjb_CCD_A_1540,0,surfdock,0.53110089,0.23157827,2.293396,0,0,2.4973902
1289,25,5425,775,2vjb_CCD_B_1540,0,surfdock,0.53110089,0.23157827,2.293396,0,0.00014870783,2.4682249
1290,25,6237,891,3qt8_FM0_B_328,0,surfdock,0.53110089,0.23157827,2.293396,0,0,3.6703055
1291,25,6258,894,3qxx_8AC_A_221,0,surfdock,0.53110089,0.23157827,2.293396,0,0.9584796,2.5159338
1292,25,6265,895,3r3z_GOA_A_305,0,surfdock,0.53110089,0.23157827,2.293396,0,0.99377237,2.0396516
1293,25,6272,896,3r3z_GOA_B_305,0,surfdock,0.53110089,0.23157827,2.293396,0,0.96315003,1.9670818
1294,25,6279,897,3r3z_GOA_C_305,0,surfdock,0.53110089,0.23157827,2.293396,0,0.99618025,2.0810081
1295,25,6286,898,3r3z_GOA_D_305,0,surfdock,0.53110089,0.23157827,2.293396,0,0.9932017,2.1340351
1296,25,6440,920,3t2e_F6R_A_3469,0,surfdock,0.53110089,0.23157827,2.293396,0,0,3.0554683
1297,25,6867,981,3w8x_FTK_B_601,0,surfdock,0.53110089,0.23157827,2.293396,0,0,3.9395112
1298,26,14491,2070,5zgr_ZZ7_B_303,1,unimol,0.89116492,0.33469914,2.6625841,0,0.93892784,23.09
1299,26,13798,1971,5ve5_GSH_B_402,1,unimol,0.7453791,0.32573123,2.2883246,0,0.48849352,20.17
1300,26,7077,1011,3wxo_NIZ_A_803,0,surfdock,0.66600325,0.29104393,2.2883246,0,0.0014440756,2.3828514
1301,26,2079,297,1om5_INE_B_791,0,surfdock,0.6642183,0.2902639,2.2883246,0,0.17961588,2.7140175
1302,26,2072,296,1om5_INE_A_790,0,surfdock,0.66389285,0.29012168,2.2883246,0,0.00020521086,2.6597037
1303,26,9695,1385,4o95_245_A_602,0,surfdock,0.66286741,0.28967356,2.2883246,0,0.93665459,3.1366686
1304,26,8470,1210,4h0x_LAR_B_403,0,surfdock,0.66285504,0.28966816,2.2883246,0,0,4.0764693
1305,26,13440,1920,5tbo_78Z_A_1001,0,surfdock,0.66191031,0.28925531,2.2883246,0,0.97538858,4.3741434
1306,26,14014,2002,5wqp_NCA_A_302,0,surfdock,0.6616812,0.28915518,2.2883246,0,0,2.3715302
1307,26,8491,1213,4h9g_14J_A_512,0,surfdock,0.66034174,0.28856984,2.2883246,0,0.0034863285,2.1677524
1308,26,5761,823,2xum_OGA_A_601,0,surfdock,0.65991551,0.28838358,2.2883246,0,0.99876942,2.6977197
1309,26,16877,2411,6rum_TOP_A_301,0,surfdock,0.6592987,0.28811403,2.2883246,0,0.99616858,3.8720112
1310,26,13482,1926,5tde_2HP_A_502,0,surfdock,0.65928214,0.28810679,2.2883246,0,0.99540916,1.8952525
1311,26,16786,2398,6rbx_JYT_A_301,0,surfdock,0.65892006,0.28794857,2.2883246,0,0.98338246,2.9368482
1312,26,175,25,1bqp_MAN_C_402,0,surfdock,0.65845265,0.28774431,2.2883246,0,0,2.2992994
1313,26,13713,1959,5uio_8DM_D_202,0,surfdock,0.65835912,0.28770343,2.2883246,0,0,3.1091516
1314,26,1877,268,1n3o_GYP_A_1001,1,unimol,0.65673476,0.28699359,2.2883246,0,0.94680066,21.48
1315,26,1884,269,1n3o_GYP_B_1101,1,unimol,0.65673476,0.28699359,2.2883246,0,0.96103598,22.24
1316,26,2094,299,1ov5_2LP_A_403,1,unimol,0.65673476,0.28699359,2.2883246,0,0.99478198,16.45
1317,26,4355,622,2gnm_MAN_A_253,1,unimol,0.65673476,0.28699359,2.2883246,0,0.95594477,19.4
1318,26,4950,707,2prl_R2C_A_400,1,unimol,0.65673476,0.28699359,2.2883246,0,0.98716578,24.36
1319,26,17557,2508,6y4z_TLA_D_301,1,unimol,0.65673476,0.28699359,2.2883246,0,0,29.42
1320,26,9821,1403,4pik_MAN_A_501,0,surfdock,0.65631594,0.28681056,2.2883246,0,0,2.4636457
1321,26,11998,1714,5g44_SWX_A_1511,0,surfdock,0.65263315,0.28520118,2.2883246,0,1.3399904e-05,2.8507837
1322,26,7098,1014,3wzo_ZOE_D_201,0,surfdock,0.65134495,0.28463824,2.2883246,0,0.94673785,4.1417433
1323,26,861,123,1h5r_G1P_B_1294,0,surfdock,0.64801577,0.28318338,2.2883246,0,0.9828736,3.1666865
1324,26,5866,838,2z20_PLP_A_701,0,surfdock,0.64660849,0.2825684,2.2883246,0,0,3.2609828
1325,26,9016,1288,4jh6_FCN_A_202,0,surfdock,0.64189787,0.28050985,2.2883246,0,0.99536604,4.3389776
1326,26,2891,413,1uqx_MMA_A_1116,0,surfdock,0.64054453,0.27991844,2.2883246,0,0.90406872,2.4706624
1327,26,4753,679,2nu7_COA_E_1325,0,surfdock,0.63866266,0.27909607,2.2883246,0,0.17455798,2.4740069
1328,26,8379,1197,4gcq_0JM_A_401,0,surfdock,0.63809176,0.27884658,2.2883246,0,0,5.0412717
1329,26,17269,2467,6uqd_QF4_A_501,0,surfdock,0.63752783,0.27860015,2.2883246,0,0,4.6175255
1330,26,17444,2492,6wdw_TWV_A_701,0,surfdock,0.63691961,0.27833435,2.2883246,0,0,3.930541
1331,26,217,31,1cib_HDA_A_437,0,surfdock,0.6431833,0.27787302,2.3146653,0,0,2.4593843
1332,26,182,26,1c3s_SHH_A_952,0,surfdock,0.63309251,0.27666191,2.2883246,0,0.96309139,3.370947
1333,26,2786,398,1tuu_PIS_B_2854,0,surfdock,0.63124832,0.275856,2.2883246,0,0.0094804323,2.3282406
1334,26,12187,1741,5hc0_NPO_A_407,0,surfdock,0.64900333,0.27191371,2.3867979,0,0.0024416399,5.0780509
1335,26,17437,2491,6wdv_TWM_A_701,0,surfdock,0.62043612,0.27113105,2.2883246,0,0.9648928,3.7267135
1336,26,2045,292,1o68_KIV_A_275,1,unimol,0.65673476,0.27011505,2.431314,0,0.96902026,18.94
1337,26,2052,293,1o68_KIV_B_275,1,unimol,0.65673476,0.27011505,2.431314,0,0.97842617,19.4
1338,26,12383,1769,5ihe_D5M_A_701,0,surfdock,0.61402762,0.26833054,2.2883246,0,0,3.4489489
1339,26,868,124,1h5r_G1P_D_1294,0,surfdock,0.607483,0.26547053,2.2883246,0,0,3.1967115
1340,26,952,136,1h70_CIR_A_500,0,surfdock,0.607483,0.26547053,2.2883246,0,0,3.0746832
1341,26,3157,451,1x8i_BMH_A_2,0,surfdock,0.607483,0.26547053,2.2883246,0,0.95697267,3.8202074
1342,26,5397,771,2vez_G6P_A_202,0,surfdock,0.607483,0.26547053,2.2883246,0,0.86239075,2.7268337
1343,26,5635,805,2wzv_FMN_A_801,0,surfdock,0.607483,0.26547053,2.2883246,0,0.00037572046,4.9633476
1344,26,5642,806,2wzv_FMN_B_801,0,surfdock,0.607483,0.26547053,2.2883246,0,0.98355615,4.6948491
1345,26,9023,1289,4jh6_FCN_B_202,0,surfdock,0.607483,0.26547053,2.2883246,0,0,2.8943924
1346,26,9730,1390,4ox5_DAL_A_307,0,surfdock,0.607483,0.26547053,2.2883246,0,0,2.1903917
1347,26,11333,1619,5ci9_549_A_401,0,surfdock,0.60743611,0.26545004,2.2883246,0,0,2.5298094
1348,27,13070,1867,5mzj_TEP_A_2401,1,unimol,0.89178879,0.29048981,3.0699477,0,0,18.34
1349,27,2093,299,1ov5_2LP_A_403,0,surfdock,0.66057831,0.28879307,2.287375,0,0.99352793,2.8286597
1350,27,2605,372,1sz6_NAG_B_5002,1,unimol,0.65903273,0.28811737,2.287375,0,0.96908857,25.62
1351,27,4936,705,2prg_BRL_B_2,1,unimol,0.65903273,0.28811737,2.287375,0,0.91630435,19.88
1352,27,12069,1724,5gto_MYR_A_502,1,unimol,0.65903273,0.28811737,2.287375,0,0.91446168,24.16
1353,27,16983,2426,6syz_M1E_A_601,1,unimol,0.65903273,0.28811737,2.287375,0,0.9932638,19.41
1354,27,16990,2427,6syz_M1E_B_601,1,unimol,0.65903273,0.28811737,2.287375,0,0.99006114,16.62
1355,27,7119,1017,3zjq_NCA_A_300,0,surfdock,0.65824183,0.2877716,2.287375,0,0.0025526084,2.3904477
1356,27,7126,1018,3zjq_NCA_B_300,0,surfdock,0.65783468,0.2875936,2.287375,0,0.62367951,2.3406943
1357,27,9954,1422,4qxc_OGA_A_600,0,surfdock,0.65726755,0.28734566,2.287375,0,0.99713744,2.8374349
1358,27,9961,1423,4qxc_OGA_C_600,0,surfdock,0.65367511,0.28577511,2.287375,0,0,2.7186117
1359,27,6027,861,2zka_AZA_A_302,0,surfdock,0.65121599,0.28470003,2.287375,0,0.1524748,2.1536613
1360,27,5698,814,2xmi_FLC_A_1379,0,surfdock,0.64690432,0.28281504,2.287375,0,0,2.8151755
1361,27,10213,1459,4u8y_MIY_B_1102,0,surfdock,0.6393734,0.27952266,2.287375,0,0,4.4687855
1362,27,2597,371,1sz6_NAG_B_5001,0,surfdock,0.63788949,0.27887392,2.287375,0,7.7799723e-05,2.6207427
1363,27,7820,1117,4cw2_XDS_A_1303,1,unimol,0.65903273,0.27525195,2.3942881,0,0,20.75
1364,27,9737,1391,4oxy_1TN_A_302,0,surfdock,0.65251042,0.27490778,2.3735602,0,0.98129797,3.6238136
1365,27,15534,2219,6ijp_IMP_A_402,1,unimol,0.65903273,0.27241321,2.4192383,0,0,15.62
1366,27,12279,1754,5i0m_UMP_B_201,1,unimol,0.65903273,0.27182111,2.4245081,0,0,20.6
1367,27,10444,1492,4wdd_CIT_A_401,0,surfdock,0.63411894,0.27024084,2.3464947,0,0.98767434,2.6589179
1368,27,4858,694,2oci_TYC_A_401,0,surfdock,0.6043805,0.26422439,2.287375,0,0.99565989,2.8094256
1369,27,9597,1371,4ni1_2JX_A_203,0,surfdock,0.5967713,0.26089778,2.287375,0,2.3874317e-06,2.8269122
1370,27,4620,660,2jav_5Z5_A_1280,0,surfdock,0.59674635,0.26088687,2.287375,0,0,3.6223369
1371,27,5166,738,2qui_LTN_A_501,0,surfdock,0.59674635,0.26088687,2.287375,0,0,3.1416823
1372,27,5173,739,2qui_LTN_B_478,0,surfdock,0.59674635,0.26088687,2.287375,0,0,3.0400293
1373,27,12271,1753,5i0m_UMP_A_201,0,surfdock,0.59674635,0.26088687,2.287375,0,0.98195797,3.4189059
1374,27,15554,2222,6j4t_IMP_A_401,0,surfdock,0.59674635,0.26088687,2.287375,0,0,3.9682666
1375,27,17556,2508,6y4z_TLA_D_301,0,surfdock,0.59674635,0.26088687,2.287375,0,0.99618235,3.0096055
1376,27,574,82,1g79_PLP_A_270,0,surfdock,0.59648568,0.26077291,2.287375,0,3.2833526e-06,2.466289
1377,27,16366,2338,6oha_XAN_A_501,0,surfdock,0.58722444,0.25672406,2.287375,0,0.0021679904,2.247587
1378,27,17396,2485,6vo2_R67_B_403,1,unimol,0.65903273,0.25473788,2.5871005,0,0.92688462,27.14
1379,27,1512,216,1km6_OMP_A_2001,0,surfdock,0.59674635,0.24568539,2.4289036,0,0.97817557,4.0283383
1380,27,2416,345,1r4s_MUA_A_800,1,unimol,0.65903273,0.24058498,2.7392919,0,0.97175427,19.24
1381,27,14196,2028,5y1g_AKB_A_401,0,surfdock,0.59674635,0.23597475,2.5288558,0,0.9331461,2.481586
1382,27,14799,2114,6c1i_KNA_A_502,1,unimol,0.65903273,0.23586805,2.7940729,0,0.98234471,17.03
1383,27,15519,2217,6i6r_H62_A_704,0,surfdock,0.53039794,0.23188053,2.287375,0,0.92511346,2.6941482
1384,27,10522,1503,4x36_CHT_A_410,1,unimol,0.65903273,0.23134508,2.8486991,0,0.94872947,19.83
1385,27,392,56,1ei6_PPF_C_413,0,surfdock,0.52495468,0.22950083,2.287375,0,0,2.0903972
1386,27,567,81,1g79_PLP_A_260,0,surfdock,0.52495468,0.22950083,2.287375,0,8.7059167e-05,2.799278
1387,27,1519,217,1knu_YPA_A_1001,0,surfdock,0.52495468,0.22950083,2.287375,0,0.98339956,4.53872
1388,27,2163,309,1pfw_MF3_A_553,0,surfdock,0.52495468,0.22950083,2.287375,0,0.98994574,2.8961607
1389,27,2415,345,1r4s_MUA_A_800,0,surfdock,0.52495468,0.22950083,2.287375,0,0.082806303,2.4548227
1390,27,2604,372,1sz6_NAG_B_5002,0,surfdock,0.52495468,0.22950083,2.287375,0,0,2.5897028
1391,27,2674,382,1tke_SER_A_500,0,surfdock,0.52495468,0.22950083,2.287375,0,0.69310183,2.2330215
1392,27,3885,555,2c5b_5F1_B_500,0,surfdock,0.52495468,0.22950083,2.287375,0,0,3.2738374
1393,27,3892,556,2c5b_5F1_C_500,0,surfdock,0.52495468,0.22950083,2.287375,0,0,3.4608595
1394,27,4592,656,2j51_DKI_A_1314,0,surfdock,0.52495468,0.22950083,2.287375,0,0,5.5936205
1395,27,4935,705,2prg_BRL_B_2,0,surfdock,0.52495468,0.22950083,2.287375,0,0.79932773,4.086803
1396,27,5180,740,2qvr_CIT_A_335,0,surfdock,0.52495468,0.22950083,2.287375,0,0.88736328,2.5612403
1397,27,5495,785,2vzu_PNJ_A_1901,0,surfdock,0.52495468,0.22950083,2.287375,0,0,3.4364823
1398,28,8887,1269,4ioq_BAQ_A_201,4,gnina,0.78338835,0.34273182,2.2857172,0,2.1962924e-05,1.3633349
1399,28,12216,1745,5hpu_IPH_C_101,1,unimol,0.89180828,0.30217925,2.9512548,0,0.97854959,15.88
1400,28,8883,1269,4ioq_BAQ_A_201,0,surfdock,0.6652668,0.29105373,2.2857172,0,0.99515791,1.9965713
1401,28,3598,514,227l_BNZ_A_169,0,surfdock,0.65889982,0.28826818,2.2857172,0,0.99736557,2.0535917
1402,28,9654,1379,4nr9_ALY_A_2005,1,unimol,0.65872827,0.28819312,2.2857172,0,0.98503991,33.47
1403,28,14722,2103,6bkk_308_B_101,1,unimol,0.65872827,0.28819312,2.2857172,0,0.99379357,18.23
1404,28,1071,153,1hsr_BHO_A_800,0,surfdock,0.65851065,0.28809792,2.2857172,0,0.99664928,2.4557929
1405,28,231,33,1ck6_SHA_A_900,0,surfdock,0.65671907,0.2873141,2.2857172,0,0.98848707,2.3814523
1406,28,8204,1172,4e7v_CRS_S_101,0,surfdock,0.65586278,0.28693947,2.2857172,0,0.18070844,2.1735846
1407,28,1575,225,1kya_XYD_D_814,0,surfdock,0.64904179,0.2839553,2.2857172,0,0.015163434,2.0970058
1408,28,14126,2018,5xh2_NPO_A_305,0,surfdock,0.64878114,0.28384126,2.2857172,0,0.99645798,2.3087063
1409,28,3997,571,2d3n_GLC_A_608,0,surfdock,0.63564727,0.27809521,2.2857172,0,0.013895512,2.24977
1410,28,4032,576,2e56_MYR_A_501,0,surfdock,0.62808054,0.27478477,2.2857172,0,0.65949861,3.0656147
1411,28,8184,1169,4e7v_CRS_K_101,1,unimol,0.65872827,0.27315068,2.411592,0,0.9820967,19.96
1412,28,9268,1324,4lcq_URQ_A_603,0,surfdock,0.62841712,0.27293965,2.3024023,0,0,2.5490812
1413,28,8156,1165,4e7v_CRS_C_101,1,unimol,0.65872827,0.26831528,2.4550521,0,0.99096455,20.88
1414,28,8163,1166,4e7v_CRS_E_101,1,unimol,0.65872827,0.26831528,2.4550521,0,0.9905427,21.31
1415,28,8170,1167,4e7v_CRS_G_101,1,unimol,0.65872827,0.26831528,2.4550521,0,0.99519348,15.9
1416,28,8177,1168,4e7v_CRS_I_101,1,unimol,0.65872827,0.26831528,2.4550521,0,0.98707028,18.44
1417,28,8191,1170,4e7v_CRS_M_101,1,unimol,0.65872827,0.26831528,2.4550521,0,0.98743952,18.92
1418,28,8198,1171,4e7v_CRS_O_101,1,unimol,0.65872827,0.26831528,2.4550521,0,0.98736929,20.43
1419,28,8149,1164,4e7v_CRS_A_101,1,unimol,0.65872827,0.25897043,2.5436418,0,0.98615407,18.41
1420,28,12040,1720,5gnx_BGC_A_502,0,surfdock,0.58927089,0.25724274,2.2907183,0,0,2.6222036
1421,28,12496,1785,5iuy_BOG_C_503,1,unimol,0.65872827,0.25667847,2.5663548,0,0.97060563,27.72
1422,28,16863,2409,6rlt_MLI_B_512,0,surfdock,0.58339168,0.25523342,2.2857172,0,0.98949235,1.9797115
1423,28,1344,192,1jla_TNK_A_999,0,surfdock,0.59075017,0.24082622,2.4530134,0,0.9910065,4.5223507
1424,28,16793,2399,6rgg_K3Q_A_401,0,surfdock,0.59068238,0.23234881,2.5422215,0,0,2.6329973
1425,28,8135,1162,4e7v_CRS_1_101,1,unimol,0.65872827,0.23232353,2.835391,0,0.98431918,19.38
