PDB_CCD_ID,surfdock,unimol,diffdock,diffdock_l,gnina,autodock,smina
19gs_BSP_A_210,0.007388756,0.98557239,0.11553388,0.14652576,0.47501118,0.25678212,0.3392615
19gs_BSP_B_210,0.0053721136,0.65478931,0.12247709,0.14478943,0.48666548,0.25379385,0.32521216
1a49_OXL_A_533,0.98958419,0.93781074,0.145258,0.16388815,0.48708539,0.2484433,0.32291082
1a49_OXL_F_4133,0.9892019,0.87115368,0.14665811,0.16353859,0.48943445,0.24784075,0.32007876
1a9r_HPA_A_290,0,0,0.13618474,0.14132621,0.50972547,0.24788696,0.29741283
1ac4_TMT_A_296,0,0.65478447,0.12232011,0.14469311,0.48660879,0.25383706,0.32529033
1aej_NVI_A_296,0.82686768,0.98628294,0.13947498,0.16122032,0.48365327,0.25019328,0.32734622
1aia_PMP_B_411,0.2344142,0,0.14303746,0.14552859,0.51220473,0.24600036,0.29399578
1aiq_CB3_A_266,0.93128278,0,0.16340929,0.15802144,0.51957512,0.24039185,0.28383754
1aiq_UMP_A_265,0.97899523,0.81022196,0.14764981,0.16304235,0.4914775,0.24736929,0.31763364
1aiq_UMP_B_266,0.96432939,0.65565475,0.15049804,0.16198314,0.49678433,0.24607985,0.31125745
1aj8_CIT_A_1000,0,0.65478447,0.12232011,0.14469311,0.48660879,0.25383706,0.32529033
1aj8_CIT_B_2000,0.060059918,0.65483867,0.12407508,0.14576996,0.48724254,0.25335393,0.32441635
1ajs_PLA_A_415,0.9487998,0.96056931,0.14358389,0.16327401,0.48585062,0.24897832,0.32447417
1amq_PMP_A_413,0,0,0.13618474,0.14132621,0.50972547,0.24788696,0.29741283
1anc_BEN_A_290,0,0.65478447,0.12232011,0.14469311,0.48660879,0.25383706,0.32529033
1anc_BEN_A_384,0.010602554,0.8829061,0.11780151,0.14605554,0.47866947,0.25582346,0.33484409
1aog_MAE_A_500,0,0,0.14321027,3.2482276e-40,0.42558294,0.18278497,0.22796205
1aog_MAE_A_501,0.99516562,0.65568258,0.15139908,0.16253602,0.49710971,0.2458318,0.31080872
1aua_BOG_A_1,0,0,0.13618474,0.14132621,0.50972547,0.24788696,0.29741283
1axg_ETF_A_404,0,0.95193289,0.1160301,0.14622035,0.47612057,0.25653594,0.33793715
1bcs_ARG_A_426,0,0,0.13618474,0.14132621,0.50972547,0.24788696,0.29741283
1bit_BEN_A_246,0.97175269,0.94326616,0.14462123,0.16359653,0.48670421,0.24863638,0.32340299
1bit_BEN_A_247,0.010075766,0.83814091,0.11873389,0.14581594,0.48024419,0.25542097,0.33294609
1bo8_U_A_318,0.95434796,0.65564574,0.15020638,0.16180417,0.49667901,0.24616014,0.3114027
1bqp_MAN_C_402,0,0.97204432,0.1156043,0.14632375,0.4754106,0.25671867,0.33879331
1c3s_SHH_A_952,0.96309139,0.90306974,0.14521908,0.1632346,0.48803161,0.24834088,0.32181806
1c9c_PP3_A_413,0,0,0.13618474,0.14132621,0.50972547,0.24788696,0.29741283
1ca7_ENO_A_501,0,0.90604403,0.11700168,0.14598442,0.47774053,0.25611901,0.33598364
1ca7_ENO_B_601,0.97789674,0.95974611,0.14445192,0.1637914,0.48618742,0.24873667,0.32401498
1ca7_ENO_C_701,0.97770249,0.90243739,0.1456596,0.16349328,0.48820846,0.24821754,0.32157815
1cib_HDA_A_437,0,0.65478447,0.12232011,0.14469311,0.48660879,0.25383706,0.32529033
1cib_IMP_A_440,0.53875606,0.65527067,0.13806342,0.1543532,0.49229389,0.24950296,0.31744995
1ck6_SHA_A_900,0.98848707,0.98775244,0.14416855,0.16412524,0.48531075,0.24890589,0.32505285
1cq1_BGC_A_455,0.11433033,0.96862762,0.1190189,0.14835579,0.47674043,0.25576748,0.33698127
1d3g_ORO_A_399,0.20925065,0,0.17093732,0.023681417,0.16362501,0,0
1d6u_HY1_A_2001,0.99426473,0.99667157,0.14414861,0.16427468,0.485057,0.24894043,0.32534833
1d6u_HY1_B_3001,0.99514332,0.99613863,0.14418558,0.16428769,0.48508511,0.24892851,0.32531283
1d6u_PEA_A_2003,0.99015159,0.97472167,0.1444931,0.16408809,0.48578837,0.2487741,0.32447386
1d7a_AIR_A_300,0.67609753,0.65539463,0.14207584,0.15681526,0.49374293,0.24839843,0.31545179
1d7a_AIR_B_350,0.95471767,0.65564607,0.15021718,0.1618108,0.49668291,0.24615717,0.31139732
1daf_DSD_A_225,0.87448279,0.65557366,0.1478727,0.16037222,0.49583627,0.24680259,0.3125649
1dai_DSD_A_225,0.89260721,0.65559002,0.1484023,0.16069719,0.49602752,0.24665679,0.31230115
1dna_CB3_A_601,0.53812682,0,0.1519223,0.15097686,0.51541852,0.24355379,0.28956489
1dpm_EBP_A_900,0,0.74387868,0.1204351,0.14515069,0.48346525,0.25464562,0.32908017
1dpm_EBP_B_902,0.75421767,0.91797723,0.13879736,0.15956673,0.4852962,0.25015737,0.32549743
1dpm_EBP_B_903,0,0.65478447,0.12232011,0.14469311,0.48660879,0.25383706,0.32529033
1duc_DUD_A_201,0.49790609,0,0.15074022,0.15025224,0.51499154,0.24387973,0.29015487
1dy3_87Y_A_201,0,0.97766173,0.11548536,0.14635263,0.4752123,0.25676971,0.33903244
1e2j_THM_A_500,0.98420793,0,0.16495648,0.15897024,0.52013488,0.2399659,0.28306605
1e2j_THM_B_500,0.98410595,0,0.16495349,0.15896841,0.5201338,0.23996672,0.28306754
1e2s_CSN_P_701,0.89353797,0.65559086,0.14842949,0.16071388,0.49603734,0.2466493,0.31228761
1e5f_PLP_A_405,0.4238894,0,0.14857646,0.14892533,0.51420871,0.24447543,0.29123381
1e7h_PLM_A_1001,0.96268238,0.65327886,0.17090747,0.07546955,0.25469161,4.0955763e-07,0.11121035
1e7h_PLM_A_1007,0.99092652,0.96956467,0.14462494,0.16407547,0.48597861,0.24872101,0.32424303
1e8m_P0H_A_724,0.97430306,0.88926204,0.14583917,0.1633646,0.48863762,0.24812519,0.32106682
1ei6_PPF_C_413,0,0.65478447,0.12232011,0.14469311,0.48660879,0.25383706,0.32529033
1euu_GAL_A_2,0.052775123,0.74695083,0.12191285,0.14611259,0.48391497,0.25424879,0.32844165
1eyw_PEL_A_404,0.0035114931,0.96758981,0.11580126,0.14636379,0.47560499,0.25664994,0.33855249
1eyw_TEN_A_403,0.98636349,0,0.16501949,0.15900888,0.52015768,0.23994855,0.28303463
1f5f_DHT_A_253,0.98975694,0.65567769,0.15124103,0.16243904,0.49705264,0.2458753,0.31088743
1fdk_GLE_A_150,0,0,0.13618474,0.14132621,0.50972547,0.24788696,0.29741283
1fds_EST_A_350,0.99721255,0.83103234,0.14774176,0.16347593,0.49093553,0.24741175,0.318254
1fhv_OSB_A_789,0.9865647,0.65567481,0.15114776,0.16238181,0.49701896,0.24590098,0.31093388
1fk1_DAO_A_201,0.94505784,0.64002824,0.65382583,0.0091946794,0.0027017322,0,0
1fm8_DDC_A_501,1.2272612e-05,0.99245385,0.11517254,0.1464289,0.47469024,0.25690401,0.33966197
1foi_14W_B_810,0,0.99301916,0.11516021,0.14643158,0.47467015,0.25690924,0.33968622
1fqo_F6R_A_1268,0.93841667,0.65563136,0.14974086,0.16151853,0.4965109,0.24628829,0.31163453
1fqo_F6R_B_2268,0.94851056,0.65564047,0.15003581,0.16169951,0.49661741,0.2462071,0.31148765
1fs5_16G_B_2267,0.017154785,0.65479995,0.12282138,0.14500069,0.48678981,0.25369906,0.3250407
1fsa_F6P_A_338,0.53875606,0.65527067,0.13806342,0.1543532,0.49229389,0.24950296,0.31744995
1fsa_F6P_B_338,0.53875606,0.65527067,0.13806342,0.1543532,0.49229389,0.24950296,0.31744995
1fuq_CIT_A_1001,0.7328087,0.65544581,0.14373295,0.15783207,0.49434134,0.24794223,0.31462653
1fuq_CIT_B_1002,0.42350044,0.65516666,0.13469489,0.1522863,0.49107754,0.25043036,0.31912757
1fuy_FIP_A_269,0,0.97591356,0.11552238,0.14634364,0.47527401,0.25675383,0.33895802
1fwn_PEP_A_1268,0,0.97246389,0.11559541,0.1463259,0.47539579,0.25672248,0.33881117
1fwn_PEP_B_2268,0.9953144,0.96362355,0.144879,0.16412358,0.48623476,0.24863171,0.32392615
1g4s_TPS_B_2002,0,0.65478447,0.12232011,0.14469311,0.48660879,0.25383706,0.32529033
1g6n_CMP_A_621,5.0567369e-07,0.99572185,0.115103,0.14644549,0.47457475,0.25693379,0.33980127
1g6n_CMP_B_622,0,0.99243928,0.11517249,0.1464286,0.47469062,0.25690397,0.33966153
1g72_PQQ_A_701,0,0,0.075996497,0.39465364,0.99211557,0.9908487,0.99066592
1g79_PLP_A_260,8.7059167e-05,0.65478455,0.12232266,0.14469467,0.48660971,0.25383636,0.32528907
1g79_PLP_A_270,3.2833526e-06,0.002583767,0.143156,3.6459078e-24,0.4254877,0.18280528,0.22806865
1g8z_GAL_D_104,0.53875606,0.65527067,0.13806342,0.1543532,0.49229389,0.24950296,0.31744995
1g8z_GAL_F_104,0.98978258,0.97660964,0.14444234,0.16409118,0.48571782,0.24879422,0.32455961
1g8z_GAL_H_104,0.53875606,0.65527067,0.13806342,0.1543532,0.49229389,0.24950296,0.31744995
1gck_PLP_A_413,0,0.65478447,0.12232011,0.14469311,0.48660879,0.25383706,0.32529033
1gck_PLP_B_913,0,0.65478447,0.12232011,0.14469311,0.48660879,0.25383706,0.32529033
1gey_PPE_A_413,0,0.65478447,0.12232011,0.14469311,0.48660879,0.25383706,0.32529033
1gij_2PU_A_501,0.89587387,0,0.16237417,0.15738666,0.51920062,0.24067683,0.2843537
1gim_HDA_A_438,0,0.65478447,0.12232011,0.14469311,0.48660879,0.25383706,0.32529033
1gim_IMP_A_440,0.53875606,0.65527067,0.13806342,0.1543532,0.49229389,0.24950296,0.31744995
1gkc_NFH_B_1449,0.96347199,0.93849705,0.14448013,0.16342356,0.48678498,0.24865969,0.32332067
1gsi_TMP_A_1210,0.97981491,0,0.16482805,0.15889148,0.52008842,0.24000126,0.28313009
1gxu_2HP_A_1092,0.98786244,0.62895653,0.15174684,0.16226938,0.49797027,0.245651,0.30978782
1gz5_G6P_B_901,0,0.65478447,0.12232011,0.14469311,0.48660879,0.25383706,0.32529033
1gz5_G6P_C_901,0,0.65478447,0.12232011,0.14469311,0.48660879,0.25383706,0.32529033
1gz5_G6P_D_901,0.82702458,0.65553083,0.14648596,0.15952132,0.4953355,0.24718435,0.31325551
1gz5_UDP_C_900,0.53875606,0.65527067,0.13806342,0.1543532,0.49229389,0.24950296,0.31744995
1gz5_UDP_D_900,0.53875606,0.65527067,0.13806342,0.1543532,0.49229389,0.24950296,0.31744995
1h18_DTL_A_9010,0.5293284,0.65371074,0.14523965,0,0.40415048,0.18137622,0.24477519
1h18_DTL_B_9009,0.99240068,0.65568008,0.15131829,0.16248644,0.49708054,0.24585404,0.31084896
1h18_DTL_B_9010,0.97209303,0.65566175,0.15072489,0.16212233,0.49686625,0.2460174,0.31114448
1h18_PYR_A_1001,0,0.98341294,0,0.14997281,0.4850783,0.26476145,0.34784928
1h18_PYR_B_1001,0,0,0.13618474,0.14132621,0.50972547,0.24788696,0.29741283
1h1i_QUE_A_1358,0.99344516,0.55254912,0.14186895,0.21285548,0.99450636,0.3547184,0
1h1i_QUE_B_1356,0.53875606,0.65527067,0.13806342,0.1543532,0.49229389,0.24950296,0.31744995
1h1i_QUE_C_1358,0.53875606,0.65527067,0.13806342,0.1543532,0.49229389,0.24950296,0.31744995
1h1m_KMP_B_1358,0.53875606,0.65527067,0.13806342,0.1543532,0.49229389,0.24950296,0.31744995
1h1m_KMP_C_1358,0.53875606,0.65527067,0.13806342,0.1543532,0.49229389,0.24950296,0.31744995
1h48_C5P_A_203,0.99086604,0.92561991,0.14555359,0.16384845,0.4875293,0.24832223,0.32237316
1h48_C5P_B_901,0,0.95327625,0.11600166,0.14622725,0.47607315,0.25654815,0.33799434
1h48_C5P_C_901,0.97232855,0.97198425,0.14403003,0.1637545,0.4856965,0.24889267,0.32461714
1h48_C5P_D_204,0.98369946,0.92967262,0.14525828,0.16374081,0.48731044,0.24841672,0.32265015
1h48_C5P_E_901,0.98758089,0.95238654,0.14489084,0.16392717,0.48654965,0.24859186,0.32356052
1h48_C5P_F_901,0.9961927,0.85419986,0.14722143,0.16357675,0.49010689,0.24763045,0.31925512
1h48_CDI_A_201,0,0.65478447,0.12232011,0.14469311,0.48660879,0.25383706,0.32529033
1h48_CDI_B_902,0.90556716,0.65560172,0.14878099,0.16092955,0.49616427,0.24655254,0.31211256
1h48_CDI_C_902,0.89463906,0.65559185,0.14846167,0.16073362,0.49604896,0.24664045,0.31227158
1h48_CDI_D_201,0,0.65478447,0.12232011,0.14469311,0.48660879,0.25383706,0.32529033
1h48_CDI_E_902,0.96100581,0.65565175,0.15040092,0.16192355,0.49674926,0.24610658,0.31130582
1h48_CDI_F_902,0,0.65478447,0.12232011,0.14469311,0.48660879,0.25383706,0.32529033
1h48_GPP_C_904,0.96648463,0.65328256,0.17101677,0.075545337,0.25475305,0,0.11117264
1h5r_G1P_B_1294,0.9828736,0.65567148,0.1510399,0.16231563,0.49698001,0.24593067,0.3109876
1h5r_G1P_D_1294,0,0.65478447,0.12232011,0.14469311,0.48660879,0.25383706,0.32529033
1h5r_THM_A_1292,0.99569826,0.65568306,0.15141464,0.16254557,0.49711533,0.24582751,0.31080097
1h5r_THM_A_1293,0.98071657,0.65566954,0.15097687,0.16227695,0.49695725,0.24594803,0.31101899
1h5r_THM_B_1292,0.95763577,0.65564871,0.15030245,0.16186312,0.4967137,0.24613369,0.31135486
1h5r_THM_B_1293,0.98383148,0.65567235,0.15106789,0.1623328,0.49699011,0.24592297,0.31097366
1h5r_THM_C_1292,0,0.65478447,0.12232011,0.14469311,0.48660879,0.25383706,0.32529033
1h5r_THM_C_1293,0,0.65478447,0.12232011,0.14469311,0.48660879,0.25383706,0.32529033
1h5r_THM_D_1292,0.98919434,0.65567719,0.1512246,0.16242895,0.4970467,0.24587983,0.31089562
1h5r_THM_D_1293,0.45179086,0.6551922,0.13552154,0.15279353,0.49137606,0.25020279,0.31871589
1h69_ARH_A_1275,0,0,0.13618474,0.14132621,0.50972547,0.24788696,0.29741283
1h69_ARH_B_1275,0,0,0.13618474,0.14132621,0.50972547,0.24788696,0.29741283
1h69_ARH_C_1275,0,0,0.13618474,0.14132621,0.50972547,0.24788696,0.29741283
1h70_CIR_A_500,0,0,0.13618474,0.14132621,0.50972547,0.24788696,0.29741283
1h82_GZZ_A_590,0.53875606,0.65527067,0.13806342,0.1543532,0.49229389,0.24950296,0.31744995
1h82_GZZ_B_590,0.53875606,0.65527067,0.13806342,0.1543532,0.49229389,0.24950296,0.31744995
1h82_GZZ_C_590,0.53875606,0.65527067,0.13806342,0.1543532,0.49229389,0.24950296,0.31744995
1h8p_PC_A_1110,0,0.87982616,0.11755677,0.14584963,0.47866606,0.2558808,0.33486753
1h8p_PC_A_1111,0.071628614,0.90533677,0.1191106,0.14726488,0.47852307,0.25553611,0.3349094
1h8p_PC_B_1110,0.98868054,0.91480008,0.14571878,0.16375364,0.48788815,0.24824151,0.32194441
1h8p_PC_B_1111,0,0.9354496,0.11637909,0.1461356,0.47670246,0.25638618,0.33723545
1hdi_3PG_A_419,0.99369566,0.95282995,0.14506021,0.16403907,0.48659867,0.24854667,0.32349026
1hkn_N2M_C_4138,0.9783261,0.98289347,0.14397439,0.1639181,0.48537482,0.24894352,0.32499412
1hkn_N2M_D_5139,0.99528217,0.25884882,0.15979978,0.16049958,0.51111419,0.2422286,0.29392397
1ho5_ADN_A_1604,0.98369689,0.94587035,0.17946833,0.016709994,1.1532432e-06,0,0
1hot_16G_A_269,0.00032804334,0.65478476,0.1223297,0.14469899,0.48661225,0.25383442,0.32528556
1hot_16G_B_271,0.27312227,0.65503095,0.13030081,0.14959008,0.48949076,0.25164002,0.32131587
1hq2_PH2_A_181,0.99671125,0.96316756,0.14492949,0.16414628,0.48626563,0.24861633,0.32388638
1hsb_ALA_A_1001,0,1.1247562e-05,0.17068985,0,4.5035936e-10,0,0
1hsb_ALA_C_1,0,0,0.13618474,0.14132621,0.50972547,0.24788696,0.29741283
1hsr_BHO_A_800,0.99664928,0.99188539,0.14431966,0.16429282,0.48525118,0.24887775,0.32510982
1i8a_BGC_A_189,0.068665263,0.89975852,0.11914208,0.14718308,0.47868865,0.25550927,0.33471513
1ia1_TQ3_A_194,0.99704587,0,0.10896019,2.1913477e-60,0.99667661,0.9968135,0.99649422
1ia1_TQ3_B_196,0,0.96735884,0.1157035,0.14629966,0.47557601,0.2566761,0.33859384
1if4_FBS_A_555,0.99666889,0.98795365,0.14440347,0.16427295,0.48539019,0.24884187,0.32494215
1ij8_BNI_B_502,0.53875606,0.65527067,0.13806342,0.1543532,0.49229389,0.24950296,0.31744995
1iki_DAL_A_500,0.63914911,0,0.15486924,0.15278432,0.51648539,0.24274299,0.28809597
1iki_REY_A_400,0.85864645,0,0.16128589,0.15671928,0.51880689,0.24097644,0.28489636
1iri_E4P_A_601,0.99636509,0.95515978,0.14508891,0.16409891,0.48654465,0.24854636,0.32355053
1iri_E4P_B_602,0.98966565,0.95990547,0.14479259,0.1640032,0.48630627,0.24864339,0.32385021
1iri_E4P_C_603,0.99298605,0.96082443,0.1448702,0.16406745,0.48630894,0.24862502,0.32384093
1iri_E4P_D_604,0.99168967,0.97216147,0.14459227,0.1641025,0.48589501,0.24873846,0.32434245
1isx_XYP_A_1461,0.032025759,0.96506034,0.11668839,0.14686197,0.47599587,0.25639747,0.33802916
1isx_XYP_B_961,0.94605276,0.97208371,0.14325979,0.16328396,0.48541508,0.24910505,0.32500439
1itw_ICT_A_743,0.98770296,0.65567584,0.15118102,0.16240221,0.49703097,0.24589183,0.31091732
1itw_ICT_B_744,0,0.65478447,0.12232011,0.14469311,0.48660879,0.25383706,0.32529033
1itw_ICT_C_743,0.99213665,0.83316803,0.14754815,0.16339591,0.49080645,0.24747201,0.31841891
1itw_ICT_D_743,0.98668586,0.65567492,0.1511513,0.16238398,0.49702023,0.24590001,0.31093212
1iwe_IMP_A_460,0,0,0.13618474,0.14132621,0.50972547,0.24788696,0.29741283
1iwe_IMP_B_1443,0.97852813,0,0.16479044,0.15886842,0.52007481,0.24001161,0.28314885
1iwe_IMP_B_1452,0,0,0.13618474,0.14132621,0.50972547,0.24788696,0.29741283
1ixo_G3P_A_1001,0.86584543,0.65556587,0.14762031,0.16021736,0.49574513,0.24687207,0.31269059
1ixo_G3P_B_1002,0.83841247,0,0.15692548,0.17524688,0.82159133,0.28178867,0.024492461
1j0y_BGC_A_1601,0.99715808,0.97425925,0.14470772,0.16421132,0.4858788,0.24871351,0.32435204
1j0y_BGC_B_2601,0.9543416,0.98244992,0.14328263,0.16348585,0.4851368,0.24913252,0.32532486
1j0y_BGC_C_3601,0.99731894,0.97767278,0.14464015,0.16423175,0.48575999,0.24874323,0.32449502
1j3i_UMP_C_611,0.53812682,0,0.1519223,0.15097686,0.51541852,0.24355379,0.28956489
1j3i_UMP_D_711,0.53812682,0,0.1519223,0.15097686,0.51541852,0.24355379,0.28956489
1j3i_WRA_A_609,0,0.99015522,0.11522085,0.14641686,0.47477126,0.25688322,0.3395643
1j3k_UMP_C_611,0.98438715,0,0.16496172,0.15897345,0.52013678,0.23996446,0.28306344
1j3k_UMP_D_711,0.53812682,0,0.1519223,0.15097686,0.51541852,0.24355379,0.28956489
1j54_TMP_A_2000,0.98734221,0.65567551,0.15117048,0.16239575,0.49702716,0.24589473,0.31092257
1ja9_PYQ_A_406,0,0.65478447,0.12232011,0.14469311,0.48660879,0.25383706,0.32529033
1jf0_CZH_A_197,2.1247351e-08,0.99184997,0.11518497,0.14642557,0.47471143,0.25689862,0.33963645
1jho_NIO_A_991,0.74250038,0.99493667,0.13682542,0.15975234,0.48245547,0.2509509,0.32894443
1jho_RMB_A_990,0.95681204,0.65564796,0.15027838,0.16184835,0.49670501,0.24614032,0.31136684
1jhv_PCR_A_990,0.99831,0.99501148,0.14430202,0.16433866,0.48515839,0.24889279,0.32521869
1jl0_PUT_A_401,0.045505925,0.90215522,0.11841431,0.14678022,0.4783591,0.25571744,0.33515475
1jl0_PUT_B_401,0.98213682,0.92266115,0.14536105,0.16367675,0.48754143,0.2483656,0.32237445
1jla_TNK_A_999,0.9910065,0,0.16515522,0.15909212,0.52020679,0.23991118,0.28296695
1jtk_THU_A_138,0,0.95567749,0.11595082,0.1462396,0.47598838,0.25656997,0.33809656
1jyw_147_A_2001,0.53875606,0.65527067,0.13806342,0.1543532,0.49229389,0.24950296,0.31744995
1jyw_147_C_2001,0.53875606,0.65527067,0.13806342,0.1543532,0.49229389,0.24950296,0.31744995
1jyx_IPT_A_2001,0.53875606,0.65527067,0.13806342,0.1543532,0.49229389,0.24950296,0.31744995
1jyx_IPT_A_2002,0.53875606,0.65527067,0.13806342,0.1543532,0.49229389,0.24950296,0.31744995
1jyx_IPT_B_2001,0.98629703,0.96488624,0.14458866,0.16396842,0.48609481,0.24871576,0.32411135
1jyx_IPT_D_2001,0.53875606,0.65527067,0.13806342,0.1543532,0.49229389,0.24950296,0.31744995
1jyx_IPT_D_2002,0.53875606,0.65527067,0.13806342,0.1543532,0.49229389,0.24950296,0.31744995
1k5s_GRO_B_601,0,0.96654426,0.061879126,0.37283404,0.89925485,0.94406847,0.94707091
1k8z_IAG_A_501,0.99442625,0.96225639,0.14488198,0.16410063,0.48627362,0.24862644,0.3238809
1kar_HSM_A_502,0.0014684532,0,0.13622767,0.14135254,0.509741,0.24787514,0.29739143
1kar_HSM_B_503,0.0036272461,0.97095689,0.11573336,0.14638318,0.47548735,0.2566796,0.33869414
1kbq_936_A_703,0.99387654,0.98181182,0.14445188,0.16419132,0.48557747,0.24880854,0.3247214
1kbq_936_B_704,0.99325856,0.98518428,0.14436241,0.16419758,0.48545188,0.24884415,0.32487397
1kbq_936_C_701,0.99192282,0.9607106,0.14484153,0.16404781,0.48630172,0.24863254,0.32385159
1kbq_936_D_702,0.98438844,0.98973226,0.14400682,0.16406195,0.48519751,0.24895686,0.32519688
1kdo_C_B_6407,0.96329766,0.65565382,0.15046789,0.16196464,0.49677344,0.24608815,0.31127247
1kep_TDX_A_3500,0.14504393,0,0.14042487,0.14392643,0.51125951,0.24671962,0.29529853
1kfc_IPL_A_674,0.99350644,0.94924874,0.1451305,0.16401727,0.48672309,0.24851566,0.32334056
1ki2_GA2_A_1,0.95137752,0.65564306,0.15011958,0.16175091,0.49664766,0.24618403,0.31144593
1ki2_GA2_B_2,0.98928761,0.65567727,0.15122732,0.16243063,0.49704769,0.24587908,0.31089426
1klk_PMD_A_653,0.99428941,0.65568178,0.15137347,0.16252031,0.49710047,0.24583884,0.31082147
1klz_U_A_2001,0.96733147,0,0.16446312,0.15866769,0.51995639,0.24010172,0.28331206
1km6_OMP_A_2001,0.97817557,0,0.16478013,0.1588621,0.52007108,0.24001445,0.28315399
1knu_YPA_A_1001,0.98339956,0.65567196,0.15105527,0.16232506,0.49698556,0.24592644,0.31097994
1kuj_MMA_A_501,0.97735509,0.94941724,0.14465477,0.16372859,0.48654632,0.24864718,0.32358317
1kuj_MMA_C_502,0.99014569,0.94943352,0.14502834,0.16395797,0.48668102,0.24854439,0.32339742
1kuj_MMA_E_503,0.97973905,0.96051019,0.1444896,0.16382836,0.48617993,0.24872878,0.32402066
1kwc_BPY_B_401,0.99651389,0.99116452,0.14433096,0.16428668,0.4852752,0.24887229,0.3250811
1kwu_MMA_A_501,0,0.95346127,0.11599774,0.14622821,0.47606662,0.25654983,0.33800222
1kwu_MMA_B_601,0.017913055,0.93323504,0.11694964,0.14644535,0.47697009,0.25622189,0.33688006
1kwu_MMA_C_701,0.01853816,0.93401632,0.11695137,0.14646057,0.47694912,0.25622396,0.3369042
1kya_XYD_D_814,0.015163434,0.97004199,0.11608997,0.14658529,0.47564166,0.25657844,0.33848703
1l4f_150_A_990,0.99368633,0.65568124,0.15135585,0.16250949,0.4970941,0.2458437,0.31083025
1l4f_NCN_A_991,0.9681295,0.99178363,0.14348808,0.16378102,0.48495314,0.24910636,0.32552122
1l4n_NIO_A_991,0.76503037,0.99500638,0.13748257,0.1601566,0.4826913,0.25077021,0.32861898
1l5o_2MP_A_990,0.99710042,0.99368906,0.14429466,0.16431018,0.48519228,0.24889051,0.32518002
1l5o_NCN_A_991,0.96830921,0.9930576,0.14346636,0.16379079,0.48491006,0.24911649,0.32557283
1lc8_33P_A_800,0.53875606,0.65527067,0.13806342,0.1543532,0.49229389,0.24950296,0.31744995
1ldo_SNR_A_150,0,0.94881019,0.11609622,0.14620429,0.47623081,0.25650757,0.33780422
1ldo_SNR_B_350,0.98395114,0.97356556,0.14433632,0.16397099,0.4857636,0.2488135,0.32451503
1lnf_VAL_E_1321,0.53875606,0.65527067,0.13806342,0.1543532,0.49229389,0.24950296,0.31744995
1lo3_AN1_Y_500,0.99192112,0.97975166,0.14443833,0.16414567,0.48562952,0.24880556,0.3246622
1lqp_FCN_A_4002,0.99596532,0,0.16530018,0.15918101,0.52025923,0.23987127,0.28289467
1lqp_FCN_A_4004,0,0,0.13618474,0.14132621,0.50972547,0.24788696,0.29741283
1lqp_FCN_B_4001,0,0,0.13618474,0.14132621,0.50972547,0.24788696,0.29741283
1lqp_FCN_B_4003,0,0,0.13618474,0.14132621,0.50972547,0.24788696,0.29741283
1lro_PEP_B_2268,0.0035607623,0.9731796,0.11568435,0.14639342,0.47540818,0.25670033,0.33878973
1lti_GAL_D_104,0.99229857,0.92993194,0.14550417,0.1638963,0.48739223,0.24834987,0.32253584
1lti_GAL_E_104,0.99412383,0.96631519,0.14478721,0.16411608,0.48612714,0.24866575,0.32405809
1lti_GAL_H_104,0.98568147,0.95699148,0.14473781,0.1639168,0.486367,0.24864898,0.32378424
1luq_BTN_A_5100,0.99249329,0,0.16519869,0.15911877,0.52022251,0.23989922,0.28294528
1luq_BTN_B_5200,0.98717775,0.96500406,0.14461191,0.16398482,0.48609996,0.24870974,0.32410353
1lzz_IHG_A_830,0.9916934,0.92919724,0.14550203,0.16388168,0.48741177,0.24834807,0.32251339
1lzz_IHG_B_1830,0.87990769,0.9348825,0.14211379,0.16190691,0.48602877,0.24929939,0.32438491
1m3u_KPL_A_265,0.42182256,0.65516515,0.13464586,0.15225621,0.49105983,0.25044386,0.31915199
1m3u_KPL_C_265,0.63416872,0.88688332,0.13594626,0.15725474,0.48512418,0.25084103,0.32592369
1m3u_KPL_D_265,0.77151058,0.65548073,0.14486383,0.15852597,0.49474972,0.24763091,0.31406334
1m3u_KPL_E_265,0.99436588,0.65568185,0.15137571,0.16252168,0.49710127,0.24583823,0.31082036
1m3u_KPL_F_265,0.27282851,0.65503069,0.13029222,0.14958481,0.48948766,0.25164239,0.32132015
1m3u_KPL_G_265,0.41429981,0.65515836,0.13442605,0.15212133,0.49098045,0.25050437,0.31926146
1m3u_KPL_H_265,0.2487361,0.65500894,0.12958824,0.14915285,0.48923344,0.25183619,0.32167074
1m7p_G3H_A_5401,0.99232306,0.65568001,0.15131602,0.16248505,0.49707972,0.24585466,0.31085009
1m7p_G3H_B_6401,0.98070982,0.65566953,0.15097668,0.16227683,0.49695718,0.24594808,0.31101908
1m9j_CLW_A_906,0.0010600658,0,0.13621573,0.14134522,0.50973668,0.24787843,0.29739738
1m9j_CLW_B_907,0.54462011,0,0.15210583,0.15108969,0.51548561,0.24350377,0.28947392
1mex_RAC_H_601,0.95570862,0.98557876,0.14325635,0.16352644,0.48504081,0.24914995,0.32543813
1mmx_FUC_B_348,0.084803449,0.92972479,0.11897939,0.14762645,0.47780147,0.25565166,0.33575556
1mmy_G6D_B_348,0,0,0.13618474,0.14132621,0.50972547,0.24788696,0.29741283
1moo_4MZ_A_264,0.055030513,0,0.13779347,0.14231275,0.51030749,0.24744407,0.29661065
1moo_4MZ_A_265,0.99139843,0,0.16516668,0.15909914,0.52021093,0.23990803,0.28296124
1mrq_STR_A_501,0.98824881,0.65567633,0.15119697,0.162412,0.49703673,0.24588744,0.31090938
1msv_PUT_A_355,0,0.91784837,0.11675175,0.14604511,0.47732381,0.25622626,0.33648616
1mvc_BM6_A_200,0.99246354,0.65568014,0.15132012,0.16248757,0.4970812,0.24585353,0.31084804
1n1i_HIS_C_501,0.8243796,0,0.19450614,0.010097658,0.0014285187,0,1.6626319e-07
1n3o_GYP_A_1001,0,0.94680066,0.11613877,0.14619396,0.47630175,0.25648931,0.33771867
1n3o_GYP_B_1101,0.042341654,0.96103598,0.11707516,0.14702621,0.47624704,0.25627788,0.33770746
1ne4_RP1_A_401,0.9695519,0.65565946,0.15065064,0.16207677,0.49683944,0.24603784,0.31118145
1ne4_RP1_A_601,0,0.65478447,0.12232011,0.14469311,0.48660879,0.25383706,0.32529033
1nf0_13P_A_5001,0.99053029,0.65567839,0.15126363,0.16245291,0.4970608,0.24586908,0.31087618
1ngp_NPA_H_302,0,0.95306656,0.1160061,0.14622618,0.47608055,0.25654624,0.33798541
1njr_XYL_A_285,0.9371685,0.67408293,0.18389202,0.01469756,6.1466915e-05,0,0
1nme_159_B_9002,0.97329797,0.96439468,0.14421906,0.16373286,0.48597468,0.24881591,0.32427991
1nmm_NAG_B_403,0.98559406,0.97401938,0.14437474,0.16400277,0.48576496,0.2488044,0.3245104
1nmm_NAG_D_527,0.97095362,0.97198781,0.14398976,0.16372987,0.48568183,0.24890377,0.32463733
1nmz_NYM_A_301,0.97243404,0,0.16461229,0.15875917,0.52001036,0.24006066,0.28323768
1now_IFG_A_557,0.93767286,0.98300879,0.14278351,0.1631899,0.48494078,0.24927175,0.32559163
1now_IFG_B_558,0.98726233,0.98739446,0.14414033,0.16410145,0.48531044,0.24891249,0.32505547
1nrg_PLP_A_320,8.6710282e-06,0.93683635,0.11634999,0.14614289,0.4766536,0.25639871,0.33729436
1ns4_BGC_B_2400,0.53875606,0.65527067,0.13806342,0.1543532,0.49229389,0.24950296,0.31744995
1nsm_GLA_B_2400,0.019248487,0.65480184,0.12288256,0.14503823,0.4868119,0.25368222,0.32501023
1nux_F6P_A_2339,0.9712401,0.96440473,0.14415869,0.16369602,0.48595256,0.24883257,0.32431034
1o28_UFP_A_703,0,0.65478447,0.12232011,0.14469311,0.48660879,0.25383706,0.32529033
1o28_UFP_C_713,0,0.65478447,0.12232011,0.14469311,0.48660879,0.25383706,0.32529033
1o29_UFP_A_803,0.00012005399,0.65478458,0.12232362,0.14469526,0.48661006,0.25383609,0.32528859
1o29_UFP_B_808,0,0.65478447,0.12232011,0.14469311,0.48660879,0.25383706,0.32529033
1o29_UFP_C_813,0.0001942159,0.65478464,0.12232579,0.14469659,0.48661084,0.2538355,0.32528751
1o29_UFP_D_818,0,0.65478447,0.12232011,0.14469311,0.48660879,0.25383706,0.32529033
1o2i_655_A_246,0.99334405,0,0.16522356,0.15913402,0.52023151,0.23989237,0.28293288
1o68_KIV_A_275,0.98739086,0.65567556,0.1511719,0.16239662,0.49702767,0.24589434,0.31092186
1o68_KIV_B_275,0.9921679,0.65567987,0.15131148,0.16248227,0.49707808,0.24585591,0.31085235
1o6g_SIN_A_724,0.96743382,0.91780026,0.14503414,0.16338818,0.48755752,0.24843976,0.32238184
1okm_SAB_A_555,0.99019112,0.65567809,0.15125372,0.16244683,0.49705722,0.24587181,0.31088111
1om5_INE_A_790,0.00020521086,0.65478465,0.12232611,0.14469679,0.48661096,0.25383541,0.32528735
1om5_INE_B_791,0.17961588,0.65494656,0.12756853,0.14791355,0.48850408,0.2523922,0.32267657
1opr_ORO_A_220,0.99831537,0.65568542,0.15149111,0.16259249,0.49714295,0.24580646,0.31076289
1ov5_2LP_A_403,0.99352793,0.99478198,0.14416708,0.16425175,0.48511591,0.24892919,0.32527863
1ovk_NYL_A_405,0.95630158,0.98703406,0.14324287,0.16354456,0.48499571,0.2491584,0.32549144
1owz_4FA_A_409,0.98487937,0.97461893,0.14434115,0.16399304,0.48573623,0.2488156,0.32454634
1oxp_IK2_A_411,0.96819645,0.65565824,0.15061103,0.16205247,0.49682513,0.24604874,0.31120118
1p2s_ETF_A_400,0,0.7009665,0.12134365,0.14493006,0.48498012,0.25425574,0.32725337
1p5g_G6P_X_658,0.98534318,0.89572445,0.14602509,0.16359574,0.48852625,0.24809505,0.321181
1p7l_MET_B_385,0.97969341,0,0.1648245,0.15888931,0.52008714,0.24000223,0.28313186
1p7l_PPK_C_684,0.53875606,0.65527067,0.13806342,0.1543532,0.49229389,0.24950296,0.31744995
1p7l_PPK_D_884,0.53875606,0.65527067,0.13806342,0.1543532,0.49229389,0.24950296,0.31744995
1pbd_PAB_A_396,0.99647336,0.98465301,0.14446764,0.16425248,0.48550464,0.24881345,0.32480449
1pfw_MF3_A_553,0.98994574,0.99201225,0.144121,0.16417329,0.4851758,0.24893285,0.32521293
1pi3_TZD_A_530,0.88033853,0.65557895,0.1480438,0.16047721,0.49589806,0.24675548,0.31247968
1pke_2FD_A_446,0,0,0.13618474,0.14132621,0.50972547,0.24788696,0.29741283
1pke_2FD_B_447,0,0,0.13618474,0.14132621,0.50972547,0.24788696,0.29741283
1pke_2FD_C_448,0.99291476,0,0.16521101,0.15912633,0.52022697,0.23989583,0.28293913
1pl6_572_A_405,0.53875606,0.65527067,0.13806342,0.1543532,0.49229389,0.24950296,0.31744995
1pl6_572_B_407,0.62174352,0.94468091,0.13435932,0.15732914,0.48295241,0.25146616,0.32856529
1pl6_572_C_409,0.53875606,0.65527067,0.13806342,0.1543532,0.49229389,0.24950296,0.31744995
1pl6_572_D_411,0.53875606,0.65527067,0.13806342,0.1543532,0.49229389,0.24950296,0.31744995
1poc_GEL_A_420,0.78301201,0.64319997,0.11593178,0.28397425,0.87646659,0.51898199,0.60307372
1pr0_NOS_C_1247,0.97562186,0,0.16470548,0.15881631,0.52004407,0.240035,0.28319121
1pr6_XYA_A_1245,0.98852205,0,0.16508259,0.15904758,0.52018051,0.23993118,0.28300317
1pr6_XYA_B_1246,0.98677071,0,0.16503139,0.15901618,0.52016199,0.23994527,0.2830287
1pr6_XYA_C_1247,0.95218787,0,0.16402042,0.15839621,0.51979623,0.2402236,0.28353281
1pt8_OXL_A_802,0.99584749,0.94714412,0.14524349,0.16404842,0.48682215,0.2484777,0.32321684
1pt8_OXL_B_801,0.99860125,0.9804017,0.14461985,0.16426877,0.48567722,0.2487577,0.3245925
1pvc_ILE_0_7,0.53875606,0.65527067,0.13806342,0.1543532,0.49229389,0.24950296,0.31744995
1pwz_RSO_A_256,0.99704689,0.65568427,0.15145405,0.16256975,0.49712956,0.24581666,0.31078135
1pwz_RSO_B_256,0.9951624,0.65568257,0.15139898,0.16253596,0.49710968,0.24583182,0.31080877
1pym_OXL_A_1001,0.99587261,0.65568321,0.15141974,0.16254869,0.49711717,0.24582611,0.31079844
1pym_OXL_B_1002,0.9971198,0.65568434,0.15145618,0.16257105,0.49713033,0.24581608,0.31078029
1pzy_NAG_B_405,0.96747266,0.65565758,0.15058988,0.16203949,0.4968175,0.24605456,0.31121171
1pzy_NAG_D_406,0.98454775,0.65567299,0.15108882,0.16234564,0.49699767,0.24591721,0.31096324
1q22_AND_A_401,0.97766242,0.65566678,0.15088763,0.16222219,0.49692502,0.24597259,0.31106343
1q3a_NGH_A_480,0.99064438,0.85950608,0.14694689,0.16350457,0.48986089,0.24772332,0.31956189
1q3a_NGH_B_479,0.96675714,0.65565694,0.15056898,0.16202666,0.49680995,0.24606032,0.31122212
1q3a_NGH_C_481,0.94462054,0.65563696,0.14992214,0.16162976,0.49657636,0.24623839,0.31154425
1q4g_BFL_A_701,0.98606175,0.9863461,0.14412743,0.16407453,0.48533475,0.24891263,0.32502834
1q4g_BFL_B_1701,0.9911122,0.9888112,0.14422288,0.16417775,0.48530114,0.24889438,0.32505966
1q6r_LX1_A_7301,0.99215021,0.65567985,0.15131097,0.16248195,0.49707789,0.24585605,0.3108526
1q6r_LX1_B_9301,0.98713275,0.65567533,0.15116436,0.16239199,0.49702495,0.24589641,0.31092562
1qit_MAE_A_411,0.53875606,0.65527067,0.13806342,0.1543532,0.49229389,0.24950296,0.31744995
1qjc_PNS_B_1163,0.57135051,0,0.1867292,0.007269106,0.01416753,1.6941437e-12,0
1qmh_CIT_A_401,0,0.65478447,0.12232011,0.14469311,0.48660879,0.25383706,0.32529033
1qmh_CIT_B_401,0.95803441,0.65564907,0.1503141,0.16187027,0.49671791,0.24613048,0.31134906
1qxa_GLY_B_245,0.93014715,0.01303997,0.16310001,0.15806813,0.51910278,0.24051947,0.28440922
1r4s_MUA_A_800,0.082806303,0.97175427,0.11803115,0.14780673,0.47629664,0.2560496,0.33757389
1rf2_BV4_D_104,0,0.9208132,0.11668898,0.14606035,0.47721915,0.2562532,0.33661237
1rf2_BV4_F_106,0,0.93492764,0.11639014,0.14613292,0.47672089,0.25638144,0.33721323
1rf2_BV4_G_107,0.028399354,0.93442121,0.11723108,0.14663943,0.47703913,0.25614828,0.33677769
1rf2_BV4_H_108,0.022685385,0.95181606,0.11669575,0.14662643,0.47636463,0.25635231,0.3376015
1rqh_PYR_A_602,0.47410252,0.65521233,0.1361735,0.15319357,0.49161149,0.25002331,0.31839121
1ruk_BEZ_H_601,0.99225605,0.96930848,0.14466923,0.16409798,0.48600172,0.24870798,0.32421274
1rum_BEZ_H_1601,0.98712959,0.9750919,0.14439692,0.16403582,0.48574334,0.24880179,0.32453368
1rvt_NDG_H_742,0,0,0.13618474,0.14132621,0.50972547,0.24788696,0.29741283
1rvz_NAG_F_3331,8.6951221e-05,0.65478455,0.12232265,0.14469467,0.48660971,0.25383636,0.32528907
1s2c_FLF_A_2001,0,0.97556009,0.11552986,0.14634182,0.47528649,0.25675061,0.33894298
1s2c_FLF_A_2002,0,0.93205554,0.11645095,0.14611815,0.47682228,0.25635534,0.33709096
1s3v_TQD_A_187,0.87342551,0.65557271,0.1478418,0.16035327,0.49582512,0.24681109,0.31258028
1s5s_PG3_A_1,0.97213715,0.94968726,0.14449652,0.16363643,0.4864816,0.24869163,0.32367073
1s83_4HA_A_5,0.97650847,0.96651693,0.14426798,0.16380132,0.48593371,0.24880936,0.32432346
1sep_BIO_A_801,0,0,0.13618474,0.14132621,0.50972547,0.24788696,0.29741283
1sff_IK2_A_450,0.53875606,0.65527067,0.13806342,0.1543532,0.49229389,0.24950296,0.31744995
1sff_IK2_B_450,0.53875606,0.65527067,0.13806342,0.1543532,0.49229389,0.24950296,0.31744995
1sff_IK2_C_450,0.53875606,0.65527067,0.13806342,0.1543532,0.49229389,0.24950296,0.31744995
1sff_IK2_D_450,0.53875606,0.65527067,0.13806342,0.1543532,0.49229389,0.24950296,0.31744995
1sjc_SMG_A_1000,0.93247286,0.655626,0.14956718,0.16141196,0.49644818,0.24633611,0.31172103
1sjc_SMG_B_1100,0.97844694,0.65566749,0.15091055,0.16223626,0.4969333,0.24596628,0.31105201
1sjc_SMG_C_1200,0,0.65478447,0.12232011,0.14469311,0.48660879,0.25383706,0.32529033
1sjc_SMG_D_1300,0,0.65478447,0.12232011,0.14469311,0.48660879,0.25383706,0.32529033
1sqk_LAR_A_378,0.53875606,0.65527067,0.13806342,0.1543532,0.49229389,0.24950296,0.31744995
1syf_THP_A_180,0,0.65478447,0.12232011,0.14469311,0.48660879,0.25383706,0.32529033
1sz6_NAG_B_5001,7.7799723e-05,0.9388798,0.11630874,0.14615463,0.47658219,0.25641672,0.33738034
1sz6_NAG_B_5002,0,0.96908857,0.13670322,0.057187444,0.22594379,3.7557058e-09,0.13256499
1t5z_DHT_A_931,0.98484995,0.99363905,0.14393759,0.1640903,0.48506448,0.24898865,0.32535647
1t87_CAM_A_1422,0.082516203,0.65485894,0.12473126,0.14617259,0.4874795,0.25317329,0.32408956
1t93_FLV_A_431,0.99121425,0.65567901,0.15128362,0.16246517,0.49706802,0.24586358,0.31086622
1tc2_7HP_A_800,0.99734029,0,0.16534038,0.15920566,0.52027378,0.23986021,0.28287462
1tf8_TRP_A_911,0,0,0.13618474,0.14132621,0.50972547,0.24788696,0.29741283
1tf8_TRP_A_913,0.53812682,0,0.1519223,0.15097686,0.51541852,0.24355379,0.28956489
1thc_FL9_A_130,0.53875606,0.65527067,0.13806342,0.1543532,0.49229389,0.24950296,0.31744995
1thc_FL9_B_130,0,0.94444694,0.1161886,0.14618186,0.47638484,0.25646793,0.33761847
1thc_FL9_B_131,0.030091695,0.98618795,0.11618453,0.14693592,0.47522957,0.25660499,0.33895676
1tke_SER_A_500,0.69310183,0,0.15644646,0.15375154,0.51705602,0.24230877,0.2873095
1tkh_DPN_A_911,0,0.96400167,0.11577458,0.1462824,0.47569452,0.2566456,0.33845093
1tkh_DPN_A_913,0,0,0.13618474,0.14132621,0.50972547,0.24788696,0.29741283
1tkj_MED_A_913,0.83885921,0.65554151,0.14683177,0.15973351,0.49546038,0.24708915,0.31308329
1tl2_NDG_A_237,0.98017459,0.65566905,0.15096104,0.16226723,0.49695153,0.24595239,0.31102687
1tl2_NDG_A_238,0.00028478674,0.65478472,0.12232843,0.14469822,0.4866118,0.25383477,0.32528619
1tl2_NDG_A_239,0.97786416,0.65566696,0.15089352,0.16222581,0.49692715,0.24597097,0.31106049
1tl2_NDG_A_240,0.90898353,0.6556048,0.14888082,0.16099081,0.49620032,0.24652506,0.31206284
1toq_AMG_A_501,0.99549451,0.65568287,0.15140869,0.16254191,0.49711318,0.24582915,0.31080394
1toq_AMG_C_502,0,0.65478447,0.12232011,0.14469311,0.48660879,0.25383706,0.32529033
1toq_AMG_E_503,0,0.65478447,0.12232011,0.14469311,0.48660879,0.25383706,0.32529033
1toq_AMG_G_504,0.9657646,0.65565604,0.15053997,0.16200887,0.49679947,0.2460683,0.31123657
1tsd_UMP_A_267,0.53875606,0.65527067,0.13806342,0.1543532,0.49229389,0.24950296,0.31744995
1tsd_UMP_B_265,0.53875606,0.65527067,0.13806342,0.1543532,0.49229389,0.24950296,0.31744995
1tt6_DES_A_129,0.33418096,0.65508606,0.13208496,0.15068484,0.49013505,0.25114886,0.32042735
1tt6_DES_B_128,0.3116108,0.65506569,0.13142545,0.15028016,0.48989689,0.25133042,0.32075579
1tuu_PIS_B_2854,0.0094804323,0.89805393,0.11744799,0.1461133,0.47812286,0.25597012,0.3355053
1tvw_CB3_A_318,0.18547571,0,0.14160682,0.14465126,0.51168714,0.24639422,0.29470916
1tvw_UMP_A_317,0.99132926,0.65567911,0.15128698,0.16246723,0.49706923,0.24586266,0.31086455
1u18_HSM_A_401,0.88445605,0,0.16204039,0.15718197,0.51907986,0.24076872,0.28452013
1u18_HSM_B_402,0.99603017,0,0.16530208,0.15918218,0.52025992,0.23987075,0.28289372
1u1g_BBB_A_3300,0,0.9690152,0.1507134,5.9787632e-61,3.6819806e-05,0,0
1u1g_BBB_B_4300,0.53875606,0.65527067,0.13806342,0.1543532,0.49229389,0.24950296,0.31744995
1u1g_BBB_C_5300,0.53875606,0.65527067,0.13806342,0.1543532,0.49229389,0.24950296,0.31744995
1u1g_BBB_D_6300,0.53875606,0.65527067,0.13806342,0.1543532,0.49229389,0.24950296,0.31744995
1u1g_BBB_E_7300,0.53875606,0.65527067,0.13806342,0.1543532,0.49229389,0.24950296,0.31744995
1u1g_BBB_F_8300,0.53875606,0.65527067,0.13806342,0.1543532,0.49229389,0.24950296,0.31744995
1u2o_NEC_B_1002,0,0.98398553,0.11535147,0.14638514,0.47498906,0.25682716,0.33930165
1u6r_IOM_B_1601,0.9270924,0.65562114,0.14940996,0.16131549,0.49639141,0.24637939,0.31179932
1ubs_SER_B_398,0.96313177,0.65565367,0.15046304,0.16196166,0.49677169,0.24608948,0.31127488
1uk7_BUA_A_1300,0.99759868,0.65568477,0.15147017,0.16257964,0.49713539,0.24581222,0.31077332
1uqx_MMA_A_1116,0.90406872,0.92333776,0.14306452,0.16228069,0.48669186,0.24900005,0.32354125
1uux_PPI_A_1165,0.99515914,0.93079883,0.14556944,0.16395204,0.48739188,0.24833473,0.32253105
1uxi_FUM_B_1311,0.78912487,0.65549663,0.14537852,0.15884179,0.49493558,0.24748922,0.31380702
1v03_BGC_A_1498,0.91451413,0,0.16291909,0.15772083,0.51939777,0.24052681,0.28408198
1v3v_5OP_A_1360,0.94873098,0.98622764,0.14303863,0.16340469,0.4849441,0.249212,0.32556747
1v3v_5OP_B_2360,0,0.98491371,0.11533182,0.14638991,0.47495629,0.2568356,0.33934116
1v5g_HTL_A_1602,0.53875606,0.65527067,0.13806342,0.1543532,0.49229389,0.24950296,0.31744995
1v5y_4HC_A_1455,0.99504592,0.98753036,2.0460578e-40,0.16841158,0.49708204,0.25807802,0.33491397
1vje_MSE_A_301,0.98028098,0.96711162,0,0.16804126,0.49764489,0.25800992,0.33425844
1vje_MSE_A_401,0.93868149,0.89802039,0.1446124,0.16277104,0.48795169,0.24849145,0.32195893
1vkf_CIT_A_501,0,0.86734174,0.1178211,0.14578544,0.47910679,0.25576737,0.33433606
1vkf_CIT_C_502,0.92989323,0.757633,0.14732782,0.16189172,0.49281466,0.24728666,0.31611066
1vl1_CIT_A_300,0.86706107,0.9080658,0.14230601,0.16153873,0.48683958,0.24915914,0.32343057
1vzd_CB3_A_318,0,0,0.13618474,0.14132621,0.50972547,0.24788696,0.29741283
1vzu_UDP_A_1371,0,0.94178014,0.11624506,0.14616815,0.47647898,0.2564437,0.33750494
1w1a_NDG_1_1261,0,0.65478447,0.12232011,0.14469311,0.48660879,0.25383706,0.32529033
1w1a_NDG_2_1261,0.89520071,0.65559236,0.14847808,0.16074369,0.49605489,0.24663593,0.31226341
1w3t_3GR_A_1297,0.97712517,0.98621475,0.14386896,0.16391365,0.48524487,0.24898336,0.32515302
1w3t_3GR_B_1297,0.97220018,0.79823146,0.14770503,0.16285889,0.49182892,0.24731504,0.31722225
1w3t_3GR_C_1297,0.57352286,0,0.15295076,0.15160783,0.5157913,0.24327116,0.2890526
1w3t_3GR_D_1297,0.98036883,0,0.16484425,0.15890141,0.52009428,0.2399968,0.28312202
1w55_C_A_1372,1.4510704e-05,0.94860626,0.11610096,0.1462035,0.47623816,0.2565056,0.33779532
1w55_C_A_1373,0.9813245,0.65567008,0.15099464,0.16228785,0.49696366,0.24594314,0.31101014
1w55_GPP_A_1374,0.53884236,0.74513912,0.13616057,0.15481705,0.48911977,0.25032039,0.32127914
1w78_PD8_A_1421,0.53875606,0.65527067,0.13806342,0.1543532,0.49229389,0.24950296,0.31744995
1wc7_PP3_A_1214,0,0.65478447,0.12232011,0.14469311,0.48660879,0.25383706,0.32529033
1wmz_A2G_B_502,0.95253956,0.65564411,0.15015353,0.16177175,0.49665992,0.24617469,0.31142902
1wmz_NGA_A_501,0.93263607,0.65562614,0.14957195,0.16141489,0.4964499,0.24633479,0.31171865
1wmz_NGA_C_503,0,0.65478447,0.12232011,0.14469311,0.48660879,0.25383706,0.32529033
1wmz_NGA_D_504,0.91030941,0.655606,0.14891956,0.16101458,0.49621431,0.24651439,0.31204355
1x09_IPE_A_901,0.98596716,0.85467088,0.14691253,0.16339586,0.48998211,0.24771703,0.31942423
1x09_IPE_A_902,0.90629933,0.65560238,0.14880238,0.16094268,0.496172,0.24654665,0.3121019
1x29_PMG_A_413,0.53875606,0.65527067,0.13806342,0.1543532,0.49229389,0.24950296,0.31744995
1x29_PMG_B_1413,0.53875606,0.65527067,0.13806342,0.1543532,0.49229389,0.24950296,0.31744995
1x2a_PDG_A_413,0.53875606,0.65527067,0.13806342,0.1543532,0.49229389,0.24950296,0.31744995
1x2a_PDG_B_1413,0.53875606,0.65527067,0.13806342,0.1543532,0.49229389,0.24950296,0.31744995
1x7j_GEN_A_201,0.99605635,0.65568338,0.1514251,0.16255199,0.49711911,0.24582463,0.31079576
1x82_PA5_A_301,0.96973567,0.95094844,0.14439961,0.16359987,0.48641168,0.24872241,0.32375943
1x8i_BMH_A_2,0.95697267,0.65564811,0.15028307,0.16185123,0.4967067,0.24613903,0.31136451
1x8x_TYR_A_952,0.99166536,0.95203449,0.17957028,0.016887839,7.4857321e-06,0,0
1xc7_GL6_A_998,0.95675401,0.65564791,0.15027668,0.16184731,0.4967044,0.24614078,0.31136769
1xdj_HCS_A_1049,0.99616954,0.98594286,0.14443145,0.16425366,0.48545589,0.24882762,0.32486383
1xdj_HCS_A_1050,0.97585257,0.91853185,0.14526476,0.16354286,0.48762073,0.24837866,0.32229027
1xid_ASC_A_389,0.9912334,0.89814863,0.14614596,0.1637138,0.48850297,0.24806967,0.32119834
1xin_XYL_A_397,0.77721827,0.65548588,0.14503061,0.15862831,0.49480995,0.247585,0.31398029
1xin_XYL_B_397,0.98988845,0.65567781,0.15124488,0.1624414,0.49705403,0.24587425,0.31088552
1xin_XYL_C_397,0.98328384,0.65567185,0.15105189,0.16232298,0.49698434,0.24592737,0.31098163
1xkw_188_A_1001,0,0,0.13618474,0.14132621,0.50972547,0.24788696,0.29741283
1xl0_OX2_A_998,0.99585109,0.99262944,0.14428057,0.16428233,0.48521647,0.24889093,0.32515313
1xny_BTN_A_5602,0.96277469,0.88526479,0.14558679,0.16313738,0.4886568,0.24818165,0.32106471
1xny_BTN_B_5602,0.96483152,0.96439152,0.14397162,0.16358106,0.48588524,0.24888402,0.32440319
1xuf_BAZ_A_246,0.53875606,0.65527067,0.13806342,0.1543532,0.49229389,0.24950296,0.31744995
1xuz_PEP_A_2001,0.9135682,0.84420816,0.14501758,0.16204416,0.48958574,0.24820465,0.32003418
1y2x_NAG_A_144,0,0.88494877,0.11744831,0.14587596,0.47848523,0.25592735,0.3350856
1y2x_NAG_B_1144,0,0.96207865,0.11581529,0.14627251,0.47576241,0.25662813,0.33836906
1y2x_NAG_C_2144,0.96157168,0.89133688,0.14542306,0.16314703,0.48842972,0.24824651,0.32134073
1y42_TYR_X_701,0.85924668,0.65555991,0.1474275,0.16009905,0.4956755,0.24692515,0.31278661
1y5v_NE8_A_500,0,0.65478447,0.12232011,0.14469311,0.48660879,0.25383706,0.32529033
1y5x_E89_A_500,0,0.65478447,0.12232011,0.14469311,0.48660879,0.25383706,0.32529033
1y5x_E89_D_1500,0,0.65478447,0.12232011,0.14469311,0.48660879,0.25383706,0.32529033
1yee_PNB_H_551,0.53875606,0.65527067,0.13806342,0.1543532,0.49229389,0.24950296,0.31744995
1yik_MM1_A_500,0.89632288,0,0.1623873,0.15739471,0.51920537,0.24067321,0.28434715
1yik_MM1_A_501,0.34175622,0.66515264,0.1320926,0.15087264,0.48985898,0.25117983,0.32074698
1yqc_GLV_A_1001,0.78960375,0.97675436,0.13858737,0.16050329,0.48359553,0.25040661,0.32748378
1yw9_A84_A_482,0,0.65478447,0.12232011,0.14469311,0.48660879,0.25383706,0.32529033
1z11_8MO_A_501,0.97855457,0.94629097,0.14475603,0.16373402,0.48666937,0.24860912,0.3234326
1z11_8MO_B_501,0.97544795,0.92397906,0.1451376,0.16356361,0.48742416,0.2484314,0.32252806
1z11_8MO_C_501,0.98998631,0.94893196,0.1450343,0.16395253,0.48669704,0.24854111,0.32337839
1z11_8MO_D_501,0.53875606,0.65527067,0.13806342,0.1543532,0.49229389,0.24950296,0.31744995
1z3n_3NA_A_320,0,0.65478447,0.12232011,0.14469311,0.48660879,0.25383706,0.32529033
1z6k_OAA_A_274,0,0.65478447,0.12232011,0.14469311,0.48660879,0.25383706,0.32529033
1z8p_DEB_A_420,0.53875606,0.65527067,0.13806342,0.1543532,0.49229389,0.24950296,0.31744995
1zb6_DIN_A_401,0.53875606,0.65527067,0.13806342,0.1543532,0.49229389,0.24950296,0.31744995
1zb6_GST_A_502,0,0.91291662,0.11685617,0.14601975,0.47749791,0.25618145,0.33627621
1zdq_MSM_A_1507,0.93784982,0.99225512,0.14259292,0.16324061,0.48461624,0.24935434,0.32598267
1zdq_MSM_C_1509,0.99417647,0.99510619,0.14417917,0.16426505,0.48511133,0.24892691,0.32528297
1zei_CRS_A_54,0.99802931,0.98369584,0.14453339,0.16427545,0.48555488,0.24879224,0.32474107
1zei_CRS_B_56,0.99702477,0.98598671,0.14445552,0.16426922,0.48546339,0.24882113,0.32485323
1zei_CRS_C_56,0.99600051,0.99193138,0.14429972,0.16428142,0.4852427,0.24888339,0.32512123
1zei_CRS_D_54,0.036488016,0.96964612,0.11672174,0.14696554,0.47588118,0.25640322,0.33815933
1zei_CRS_E_55,0.99500818,0.99499985,0.14420574,0.16427941,0.48512388,0.24891925,0.32526632
1zei_CRS_F_54,0.99545588,0.99076024,0.14430859,0.16426564,0.48527828,0.24887713,0.32507931
1zei_CRS_F_55,0.24575348,0.98633146,0.12248601,0.15080285,0.47750544,0.25487062,0.33581918
1zfj_IMP_A_500,0.98325547,0.65567183,0.15105106,0.16232247,0.49698404,0.2459276,0.31098204
1zg3_2HI_A_365,0.80538256,0.98039737,0.13897151,0.16080489,0.48363381,0.25031272,0.32740886
1zgj_P1S_A_0,0,0.98577978,0.11531349,0.14639436,0.47492572,0.25684347,0.33937803
1zha_PEP_B_2268,0,0.97050759,0.14908582,0.004060612,0.025008269,0,0.0099542429
1zjp_DR4_A_1,0.53875606,0.65527067,0.13806342,0.1543532,0.49229389,0.24950296,0.31744995
1zk0_SS2_A_1260,0.78316205,0.96934391,0.13855596,0.16034971,0.483789,0.25039112,0.32726221
1zmt_RNO_A_1002,0,0.65478447,0.12232011,0.14469311,0.48660879,0.25383706,0.32529033
1zmt_RNO_B_1001,0.98887301,0.6556769,0.15121521,0.16242319,0.49704331,0.24588241,0.31090029
1zmt_RNO_C_1003,0.00013013306,0.65478458,0.12232392,0.14469544,0.48661016,0.25383601,0.32528844
1zmt_RNO_D_1004,0,0.65478447,0.12232011,0.14469311,0.48660879,0.25383706,0.32529033
1zoy_UQ1_B_1201,0.99492405,0.65568236,0.15139202,0.16253169,0.49710716,0.24583374,0.31081224
1zpd_CIT_A_610,0.53875606,0.65527067,0.13806342,0.1543532,0.49229389,0.24950296,0.31744995
1zpd_CIT_B_610,0.53875606,0.65527067,0.13806342,0.1543532,0.49229389,0.24950296,0.31744995
1zpd_CIT_E_610,0.53875606,0.65527067,0.13806342,0.1543532,0.49229389,0.24950296,0.31744995
1zpd_CIT_F_610,0.53875606,0.65527067,0.13806342,0.1543532,0.49229389,0.24950296,0.31744995
1zuw_DGL_A_1301,0.0022358184,0.65478648,0.12238544,0.1447332,0.48663238,0.25381908,0.3252578
1zuw_DGL_C_3301,0,0.65478447,0.12232011,0.14469311,0.48660879,0.25383706,0.32529033
1zwp_NIM_A_401,0.9545907,0.94488591,0,0.16746013,0.49814007,0.25800072,0.33367159
227l_BNZ_A_169,0.99736557,0.99278316,0.14432159,0.16431027,0.48522706,0.24888014,0.32513759
2a0x_DIH_A_300,0.11576265,0,0.13956887,0.14340151,0.51094982,0.24695528,0.29572536
2a15_NCA_A_1001,0.94465878,0.98346168,0.14297815,0.16331747,0.48499868,0.24921964,0.32550908
2a1m_CAM_A_1422,0.50253516,0.9879787,0.12995774,0.15541468,0.48016312,0.25281896,0.3321462
2a5t_GLU_B_2002,0,0.65478447,0.12232011,0.14469311,0.48660879,0.25383706,0.32529033
2a5t_GLY_A_1001,0,0,0.13618474,0.14132621,0.50972547,0.24788696,0.29741283
2a9z_26A_A_1001,0.99335643,0,0.16522392,0.15913424,0.52023164,0.23989227,0.2829327
2a9z_26A_A_1002,0.9726906,0.98943181,0.14367121,0.16385069,0.4850844,0.24904828,0.32535461
2agw_TSS_D_3001,0,0.65478447,0.12232011,0.14469311,0.48660879,0.25383706,0.32529033
2agw_TSS_H_2001,0,0.65478447,0.12232011,0.14469311,0.48660879,0.25383706,0.32529033
2ahc_VNL_A_166,0.14034678,0.99258572,0.1192722,0.14894537,0.47616982,0.25577577,0.33762193
2ahc_VNL_C_366,0.99217359,0.99022294,0.14422401,0.16420403,0.48526253,0.24889867,0.32510429
2ahc_VNL_D_466,0.99549928,0,0.16528656,0.15917266,0.52025431,0.23987503,0.28290146
2ai1_P1G_A_293,0.89927666,0.65559604,0.14859718,0.16081677,0.4960979,0.24660314,0.3122041
2aiq_BEN_A_401,0.98927238,0.98338686,0.14428394,0.16411688,0.48547317,0.24885991,0.32485556
2ajv_COC_L_501,0.75708418,0.65546771,0.14444228,0.15826732,0.49459749,0.24774696,0.31427328
2ajx_TGN_L_501,0.53875606,0.65527067,0.13806342,0.1543532,0.49229389,0.24950296,0.31744995
2as1_TP5_A_500,0.84014149,0.99355835,0.13970898,0.16149568,0.48353683,0.25015255,0.32746245
2b3f_GAL_A_3310,0,0.65478447,0.12232011,0.14469311,0.48660879,0.25383706,0.32529033
2b3f_GAL_B_3311,0.98877692,0.65567681,0.1512124,0.16242147,0.4970423,0.24588319,0.31090169
2b3f_GAL_C_3312,0,0.65478447,0.12232011,0.14469311,0.48660879,0.25383706,0.32529033
2bdg_PBZ_A_301,0.99473734,0.99621974,0.14417199,0.16428082,0.48507795,0.24893252,0.3253222
2bdg_PBZ_B_302,0.99058278,0.99566928,0.1440622,0.16420352,0.48505344,0.24896095,0.32535933
2bf7_HBI_A_1290,0,0.65478447,0.12232011,0.14469311,0.48660879,0.25383706,0.32529033
2bf7_HBI_C_1290,0,0.65478447,0.12232011,0.14469311,0.48660879,0.25383706,0.32529033
2bgc_DTT_F_1238,0.36626258,0,0.14689184,0.14789225,0.51359922,0.24493922,0.29207383
2bgc_DTU_A_1238,0.58303984,0,0.15322897,0.15177845,0.51589195,0.24319456,0.28891387
2bjf_DXC_A_330,0,0.98847693,0.11525638,0.14640823,0.4748305,0.25686797,0.33949285
2bk3_FOF_A_1503,0.91868267,0.65561355,0.14916423,0.16116471,0.49630267,0.24644704,0.3119217
2bk3_FOF_B_1498,0,0.65478447,0.12232011,0.14469311,0.48660879,0.25383706,0.32529033
2brk_CMF_A_1534,0.53875606,0.65527067,0.13806342,0.1543532,0.49229389,0.24950296,0.31744995
2bs3_CIT_A_1657,0.53875606,0.65527067,0.13806342,0.1543532,0.49229389,0.24950296,0.31744995
2bs3_CIT_D_1657,0.99659677,0.65568387,0.1514409,0.16256168,0.49712481,0.24582028,0.3107879
2bs8_NAG_A_1177,0.91733601,0.87833032,0.14440528,0.16228714,0.48842102,0.24848435,0.32143186
2bsc_NAG_A_1176,0,0.65478447,0.12232011,0.14469311,0.48660879,0.25383706,0.32529033
2bx7_34D_B_1313,0.98041028,0.86320922,0.14656931,0.16334014,0.48962192,0.24783933,0.31986871
2bxh_IOS_A_1001,0.99680824,0.65568406,0.15144708,0.16256547,0.49712704,0.24581858,0.31078482
2bxh_IOS_A_1002,0.21960481,0.65498265,0.12873702,0.14863053,0.48892605,0.25207053,0.32209465
2bxh_IOS_B_1002,0.00019830868,0.65478465,0.12232591,0.14469667,0.48661088,0.25383547,0.32528745
2c3d_COM_B_1525,0.97631434,0.94499902,0.1786822,0.019156682,0.016208887,0,0
2c3d_COM_B_1526,0.98382622,0.9832389,0.14412786,0.16401848,0.48542079,0.24890239,0.32492865
2c5b_5F1_B_500,0,0.65478447,0.12232011,0.14469311,0.48660879,0.25383706,0.32529033
2c5b_5F1_C_500,0,0.65478447,0.12232011,0.14469311,0.48660879,0.25383706,0.32529033
2c6q_IMP_A_1337,0.95838321,0.65564938,0.15032429,0.16187652,0.49672159,0.24612768,0.31134398
2c6q_IMP_B_1339,0,0.65478447,0.12232011,0.14469311,0.48660879,0.25383706,0.32529033
2c6q_IMP_C_1337,0.99548347,0.65568286,0.15140837,0.16254172,0.49711307,0.24582924,0.3108041
2c6q_IMP_D_1337,0.95736072,0.65564846,0.15029441,0.16185819,0.4967108,0.2461359,0.31135886
2c6q_IMP_E_1337,0.52824311,0.65526119,0.1377555,0.15416429,0.49218278,0.24958779,0.31760336
2c6q_IMP_F_1337,0.9927371,0.65568038,0.15132812,0.16249247,0.49708409,0.24585133,0.31084406
2c6q_IMP_H_1337,0,0.65478447,0.12232011,0.14469311,0.48660879,0.25383706,0.32529033
2caq_GSH_A_1208,0,0,0.13618474,0.14132621,0.50972547,0.24788696,0.29741283
2ci0_1CM_A_1450,2.7426361e-05,0,0.13618554,0.1413267,0.50972576,0.24788674,0.29741243
2cjz_PTR_A_1537,0.80875484,0.52913761,0.14862431,0.1585453,0.49959973,0.24618556,0.30814932
2coj_GBN_B_420,0.99002875,0.98307273,0.1443127,0.16412882,0.48549226,0.24885096,0.32483116
2cxp_A5P_B_2601,0.99442931,0.95026194,0.14513602,0.16403902,0.48669708,0.24851744,0.32337024
2d0e_NQ_A_409,0.02018451,0.96322172,0.11638115,0.14664024,0.47593554,0.25647606,0.3381235
2d20_NPO_B_953,0.99645267,0.99162815,0.17884162,0.017325668,0.0015166757,0,0
2d3n_GLC_A_608,0.013895512,0.65479701,0.12272614,0.14494225,0.48675541,0.25372528,0.32508813
2dcf_ACA_A_501,9.6187547e-07,0.65478447,0.12232014,0.14469313,0.4866088,0.25383705,0.32529032
2dv0_ZST_A_600,0,0.97126264,0.14432255,0.024963062,0.13570438,0,0
2e1a_MSE_D_301,0.98007347,0.96764968,0.14434821,0.16387106,0.48593143,0.24879096,0.32431971
2e40_LGC_A_1001,0.5293284,0.65371074,0.14523965,0,0.40415048,0.18137622,0.24477519
2e56_MYR_A_501,0.65949861,0.92168717,0.13594986,0.15788776,0.48416345,0.25095339,0.32703608
2eb5_OXL_C_2003,0.98853298,0.65567659,0.15120527,0.1624171,0.49703972,0.24588515,0.31090524
2eb5_OXL_D_2004,0.99310695,0.65568072,0.15133892,0.16249911,0.49708799,0.24584836,0.31083868
2eb5_OXL_E_2005,0.99276216,0.65568041,0.15132885,0.16249292,0.49708435,0.24585113,0.3108437
2ef9_A5P_A_1269,0,0.65478447,0.12232011,0.14469311,0.48660879,0.25383706,0.32529033
2ef9_PEP_A_1268,0.99276944,0.97739451,0.14451304,0.16414876,0.4857217,0.24877732,0.32454949
2ef9_PEP_B_2268,0,0.96732874,0.11570414,0.1462995,0.47557707,0.25667583,0.33859256
2ei7_D93_A_700,0.53812682,0,0.1519223,0.15097686,0.51541852,0.24355379,0.28956489
2eup_LG4_A_400,0.99484732,0.98113768,0.14449453,0.16420526,0.48561154,0.2487946,0.32467855
2eus_ABN_A_400,0.9957896,0.99203182,0.14429142,0.16427816,0.48523692,0.248886,0.32512858
2evd_D10_A_304,0.97933701,0.95994292,0.14448986,0.16381823,0.4861957,0.24872686,0.32400237
2ex1_C5P_A_1427,0,0.98395765,0.11535207,0.146385,0.47499004,0.25682691,0.33930046
2f3s_7GP_A_998,0.98231946,0.9892257,0.096639707,0.99527021,0.95983706,0.68723218,0.65451171
2f64_12Q_A_472,0,1.3388283e-33,0.13618474,0.14132621,0.50972547,0.24788696,0.29741283
2f64_12Q_B_471,0.0054556519,1.1648884e-33,0.13634423,0.14142402,0.50978317,0.24784305,0.29733331
2f78_BEZ_A_1003,0.039227747,0.99297058,0.116308,0.14713457,0.47508676,0.25659309,0.33911233
2f78_BEZ_B_1004,0,0.99145624,0.1151933,0.14642355,0.47472533,0.25689504,0.33961968
2f78_BEZ_B_1005,0.99813612,0.98672432,0.14447239,0.16429294,0.4854491,0.24881889,0.32486843
2f7x_4EA_E_351,0.97317141,0.65566273,0.1507564,0.16214167,0.49687763,0.24600872,0.31112878
2fc0_DGP_A_239,0.0015877382,0,0.13623116,0.14135468,0.50974226,0.24787418,0.29738969
2fcu_AKG_A_897,0.9939544,0.65568148,0.15136369,0.1625143,0.49709693,0.24584154,0.31082635
2fcu_AKG_B_898,0.9951317,0.65568254,0.15139809,0.16253541,0.49710935,0.24583207,0.31080922
2fhk_MFN_A_600,0.53812682,0,0.1519223,0.15097686,0.51541852,0.24355379,0.28956489
2fhk_MFN_B_602,0.53812682,0,0.1519223,0.15097686,0.51541852,0.24355379,0.28956489
2fhk_MFN_C_601,0.80400458,0.97345808,0.13907815,0.16074451,0.4838642,0.25026076,0.32713353
2fhn_BNI_X_501,0.97362038,0.96658839,0.14418204,0.16374992,0.48590065,0.24883325,0.3243686
2fhn_BNI_Y_502,0,0.95546413,0.11595534,0.1462385,0.47599591,0.25656803,0.33808748
2fpu_HSO_B_509,0.86161198,0,0.16137258,0.15677244,0.51883825,0.24095257,0.28485313
2fr6_CTN_C_1003,0.53875606,0.65527067,0.13806342,0.1543532,0.49229389,0.24950296,0.31744995
2fr6_URI_B_1002,0.53875606,0.65527067,0.13806342,0.1543532,0.49229389,0.24950296,0.31744995
2fu9_MP2_A_1410,0.98379741,0.98259031,0.14414075,0.16401463,0.48544339,0.24889673,0.32490146
2fu9_MP2_B_2410,0.93812531,0.99086491,0.14263041,0.1632384,0.48466823,0.24933949,0.32591948
2fyd_BGC_B_403,0.98348,0.65567203,0.15105762,0.1623265,0.49698641,0.2459258,0.31097877
2fyd_BGC_D_530,0,0.65478447,0.12232011,0.14469311,0.48660879,0.25383706,0.32529033
2fyd_NGA_D_529,0.9574603,0.65564855,0.15029732,0.16185998,0.49671185,0.2461351,0.31135741
2fzb_TOL_A_600,0.53875606,0.65527067,0.13806342,0.1543532,0.49229389,0.24950296,0.31744995
2fzb_TOL_A_700,0.87667258,0.65319494,0.16843587,0.073751772,0.25329239,0,0.11205548
2fzb_TOL_A_800,0.97663223,0.96882965,0.17877945,0.016695006,0.00014165223,0,0
2g21_L1B_A_885,0.98834116,0.99475628,0.144016,0.16415864,0.48506196,0.2489707,0.32535314
2g21_L1B_B_985,0.98792541,0.9871289,0.14416533,0.16411197,0.48532683,0.24890474,0.3250345
2g8t_MI2_A_401,0.53875606,0.65527067,0.13806342,0.1543532,0.49229389,0.24950296,0.31744995
2g9z_VNP_A_602,0,0.91551193,0.11680122,0.1460331,0.47740629,0.25620503,0.33638669
2g9z_VNP_B_601,0,0.91507657,0.11681044,0.14603086,0.47742166,0.25620108,0.33636816
2giq_NN2_A_1001,0.99421199,0.97800861,0.14454221,0.16417778,0.48571528,0.24877129,0.3245546
2giq_NN2_B_2001,0.98879051,0.9778921,0.13430597,0.21089641,0.9765599,0.34987292,0
2gn2_C5P_A_400,0,0.96464922,0.11576087,0.14628573,0.47567166,0.25665148,0.33847849
2gnm_MAN_A_253,0.95037934,0.65564216,0.15009041,0.16173302,0.49663713,0.24619206,0.31146045
2gue_NAG_B_122,0,0.01964754,0.13576876,0.14142723,0.50903187,0.24806547,0.29824924
2gx5_PCG_C_514,0.85691377,0,0.16123524,0.15668822,0.51878856,0.24099038,0.28492162
2gyv_HBP_A_1409,0,0.65478447,0.12232011,0.14469311,0.48660879,0.25383706,0.32529033
2gyv_HBP_B_545,0,0.65478447,0.12232011,0.14469311,0.48660879,0.25383706,0.32529033
2gyw_OBI_A_952,0.53875606,0.65527067,0.13806342,0.1543532,0.49229389,0.24950296,0.31744995
2gyw_OBI_B_953,0.53875606,0.65527067,0.13806342,0.1543532,0.49229389,0.24950296,0.31744995
2gzm_DGL_A_501,0.9912032,0.98553003,0.14429501,0.16416251,0.48541794,0.24886384,0.32491865
2gzm_DGL_B_502,0,0.98339294,0.11536402,0.14638209,0.47500998,0.25682178,0.33927642
2gzm_DGL_D_504,0,0.98563287,0.1153166,0.14639361,0.4749309,0.25684213,0.33937178
2hdk_COI_B_900,0,0,0.13618474,0.14132621,0.50972547,0.24788696,0.29741283
2hjp_PPR_A_291,0,0.65478447,0.12232011,0.14469311,0.48660879,0.25383706,0.32529033
2hs3_FGR_A_2166,0.92818262,0.65562213,0.14944182,0.16133504,0.49640291,0.24637062,0.31178346
2htu_BCZ_A_801,0,0,0.13618474,0.14132621,0.50972547,0.24788696,0.29741283
2huu_ALA_A_701,0.96467164,0,0.16438536,0.15862001,0.51992826,0.24012313,0.28335083
2i1v_F6P_B_720,0.53875606,0.65527067,0.13806342,0.1543532,0.49229389,0.24950296,0.31744995
2i1v_FDP_B_710,0.53875606,0.65527067,0.13806342,0.1543532,0.49229389,0.24950296,0.31744995
2i6p_4NP_A_401,0.96173383,0.90016554,0.14524088,0.16319533,0.48811977,0.24832542,0.32171421
2iht_TPP_A_600,0,0.65478447,0.12232011,0.14469311,0.48660879,0.25383706,0.32529033
2iht_TPP_C_600,0.96034959,0.65565115,0.15038175,0.16191178,0.49674234,0.24611186,0.31131537
2iht_TPP_D_600,0.41478749,0.6551588,0.1344403,0.15213008,0.4909856,0.25050045,0.31925436
2ihu_TP9_A_600,0,0.65478447,0.12232011,0.14469311,0.48660879,0.25383706,0.32529033
2ihu_TP9_B_600,0,0.65478447,0.12232011,0.14469311,0.48660879,0.25383706,0.32529033
2ij7_TPF_A_2472,0.53875606,0.65527067,0.13806342,0.1543532,0.49229389,0.24950296,0.31744995
2ij7_TPF_B_2470,2.9298203e-05,0.96769021,0.15039967,0,0.0014848938,0,0
2ij7_TPF_C_2471,0.53875606,0.65527067,0.13806342,0.1543532,0.49229389,0.24950296,0.31744995
2ij7_TPF_F_2474,0.53875606,0.65527067,0.13806342,0.1543532,0.49229389,0.24950296,0.31744995
2ipf_FFA_A_3,0.97721847,0.65566638,0.15087466,0.16221423,0.49692033,0.24597617,0.31106989
2ipf_FFA_B_4,0.99172463,0.65567947,0.15129853,0.16247432,0.4970734,0.24585948,0.3108588
2ixi_TYD_A_1182,0,0,0.17064545,4.9632981e-45,0.0060292577,0,0
2iyq_SKM_A_201,0.94684248,0.96253333,0.14348509,0.16324902,0.48576058,0.24901192,0.32458632
2izf_BTN_D_301,0.99433626,0.96010645,0.14492487,0.16408797,0.48634857,0.24860763,0.32379069
2j1s_FUL_A_1153,0,0.95944846,0.11587098,0.14625899,0.47585526,0.25660423,0.33825709
2j1s_FUL_B_1153,0.9963517,0.94123959,0.14538325,0.1640271,0.48703592,0.24841999,0.32295813
2j51_DKI_A_1314,0,0.94976977,0.1160759,0.14620923,0.47619693,0.25651629,0.33784507
2j5b_TYE_B_1338,0.83428746,0.95071983,0.14044484,0.16117049,0.48498719,0.24981045,0.32572412
2j5z_GAL_A_1278,0.9763693,0.65566561,0.15084984,0.16219901,0.49691137,0.245983,0.31108225
2j9e_AKG_C_1119,0.66424052,0.96067827,0.13526295,0.15817324,0.48283714,0.25126949,0.32862683
2jav_5Z5_A_1280,0,0,0.13618474,0.14132621,0.50972547,0.24788696,0.29741283
2jhp_GUN_A_1647,0.003464884,0.98384697,0.1154557,0.14644654,0.47503059,0.25679802,0.33924525
2jhp_GUN_A_1648,0.0013521698,0.96686583,0.11575347,0.14632136,0.47560771,0.25666074,0.33855315
2ji6_TPW_A_1566,0,0.65478447,0.12232011,0.14469311,0.48660879,0.25383706,0.32529033
2ji6_TPW_B_1566,0,0.65478447,0.12232011,0.14469311,0.48660879,0.25383706,0.32529033
2jig_PD2_A_1254,0,0.99521059,0.11511381,0.14644285,0.47459279,0.25692915,0.33977951
2no7_LDC_A_401,0.99018967,0.65567808,0.15125368,0.1624468,0.49705721,0.24587182,0.31088113
2no7_LDC_B_401,0.98605472,0.65567435,0.15113285,0.16237266,0.49701357,0.24590509,0.31094131
2nos_AGU_A_903,0.15479364,0.65492416,0.12684322,0.1474685,0.48824216,0.25259188,0.32303778
2npq_BOG_A_1000,0,0.96942837,0.11565968,0.1463103,0.47550295,0.2566949,0.33868195
2npq_BOG_A_2000,0,0.94598589,0.11615602,0.14618977,0.47633051,0.25648191,0.33768399
2nry_STU_A_504,0.99421219,0.97284677,0.1446515,0.16415124,0.4858975,0.24872438,0.32433486
2nry_STU_B_502,0.93096274,0.92595381,0.14379534,0.16277627,0.48688395,0.24880737,0.32326058
2nry_STU_C_503,0.99268149,0.98307711,0.14439016,0.1641764,0.48552016,0.24882965,0.32479268
2ntk_IMP_A_205,0.53875606,0.65527067,0.13806342,0.1543532,0.49229389,0.24950296,0.31744995
2ntk_IMP_C_207,0.53875606,0.65527067,0.13806342,0.1543532,0.49229389,0.24950296,0.31744995
2ntk_IMP_D_208,0.53875606,0.65527067,0.13806342,0.1543532,0.49229389,0.24950296,0.31744995
2nu7_COA_B_1025,0,0.65478447,0.12232011,0.14469311,0.48660879,0.25383706,0.32529033
2nu7_COA_E_1025,0.52875291,0.65526165,0.13777039,0.15417343,0.49218816,0.24958369,0.31759594
2nu7_COA_E_1325,0.17455798,0.654942,0.12742074,0.14782286,0.48845071,0.25243289,0.32275017
2nz5_226_A_431,0.029638301,0.9844627,0.1162078,0.14691892,0.47528568,0.25659297,0.33888993
2nz5_226_A_432,0.0022024582,0.9632256,0.1158554,0.14631789,0.47574521,0.25662082,0.33838578
2nz5_226_B_432,0.99169374,0.97319403,0.14457053,0.16410788,0.48585861,0.24874781,0.32438635
2o1o_RIS_A_400,0,0.96428227,0.11576864,0.14628384,0.47568462,0.25664815,0.33846287
2o1o_RIS_B_400,0.92457638,0.97295504,0.14261352,0.16290343,0.48515718,0.24928581,0.32535455
2o7b_HC4_A_701,0.99474963,0.6556822,0.15138692,0.16252856,0.49710532,0.24583514,0.31081478
2o7b_HC4_C_701,0.99752334,0.98769799,0.17245209,0.045794922,0.15368694,0,0
2o7b_HC4_D_701,0.99309925,0.65568071,0.1513387,0.16249897,0.49708791,0.24584842,0.31083879
2o7b_HC4_E_701,0.99667241,0.65568394,0.15144311,0.16256303,0.49712561,0.24581967,0.3107868
2o7b_HC4_G_701,0.99643873,0.65568372,0.15143628,0.16255884,0.49712315,0.24582155,0.3107902
2o7d_DHC_A_701,0.98973217,0.65567767,0.15124031,0.1624386,0.49705238,0.2458755,0.31088779
2o7d_DHC_B_701,0.99689158,0.65568413,0.15144951,0.16256696,0.49712792,0.24581791,0.31078361
2o7d_DHC_E_701,0.99706755,0.65568429,0.15145465,0.16257012,0.49712978,0.2458165,0.31078105
2o7d_DHC_H_701,0.99861374,0.65568569,0.15149983,0.16259784,0.4971461,0.24580406,0.31075855
2oci_TYC_A_401,0.99565989,0.85657699,0.17883915,0.028841242,0.062857317,0,0.0079599897
2okk_ABU_A_585,0,0.14589691,0.13309576,0.14207631,0.50457505,0.24921254,0.30362375
2ot7_OGA_A_500,0.99467675,0.65568213,0.15138479,0.16252725,0.49710455,0.24583573,0.31081584
2ot7_OGA_B_500,0,0.65478447,0.12232011,0.14469311,0.48660879,0.25383706,0.32529033
2oxp_THP_A_300,0.53875606,0.65527067,0.13806342,0.1543532,0.49229389,0.24950296,0.31744995
2pd5_ZST_A_600,0.53875606,0.65527067,0.13806342,0.1543532,0.49229389,0.24950296,0.31744995
2pin_LEG_A_501,0.94474377,0.65563707,0.14992574,0.16163197,0.49657766,0.2462374,0.31154246
2pin_LEG_B_502,8.4718178e-08,0.65478447,0.12232012,0.14469311,0.48660879,0.25383706,0.32529033
2pir_DHT_A_931,0.99481516,0.99759974,0.14414505,0.16428931,0.48503006,0.24894443,0.32537982
2pir_NK_A_933,0.021549995,0.58580643,0.12441183,0.14472433,0.4892734,0.25303599,0.32203681
2pnz_UDP_A_250,0.53875606,0.65527067,0.13806342,0.1543532,0.49229389,0.24950296,0.31744995
2prg_BRL_B_2,0.79932773,0.65550584,0.14567665,0.15902472,0.49504324,0.24740715,0.31365855
2prl_ORO_A_399,0.0026259815,0.86085771,0.11803514,0.14579918,0.47936346,0.25568733,0.33402175
2prl_R2C_A_400,0.98308756,0.65567168,0.15104615,0.16231946,0.49698226,0.24592895,0.31098448
2pt6_S4M_A_501,0,0.96804149,0.11568905,0.14630317,0.47555191,0.2566823,0.3386229
2pt6_S4M_B_502,0,0.97815566,0.11547491,0.14635517,0.47519486,0.2567742,0.33905347
2pt6_S4M_C_503,0.93775205,0.95214038,0.14343938,0.16303262,0.48603133,0.24899065,0.32427639
2ptm_CMP_A_401,0,0,0.13618474,0.14132621,0.50972547,0.24788696,0.29741283
2pvy_ACP_A_802,0.98973713,0.98687089,0.14422376,0.16414312,0.4853551,0.24888782,0.3249971
2pvy_ACP_D_802,0.97872743,0.96954153,0.14426881,0.16385665,0.48585041,0.24881898,0.32441987
2pwf_BGC_D_9999,0.53875606,0.65527067,0.13806342,0.1543532,0.49229389,0.24950296,0.31744995
2pye_7PE_A_504,0,0.65478447,0.12232011,0.14469311,0.48660879,0.25383706,0.32529033
2q1a_2KT_X_295,0.99573964,0.98694753,0.14439761,0.16425112,0.48541588,0.24884021,0.32491287
2q28_TPP_A_4001,0.90482135,0.65560104,0.1487592,0.16091618,0.49615641,0.24655854,0.31212341
2q28_TPP_B_5001,0,0.65478447,0.12232011,0.14469311,0.48660879,0.25383706,0.32529033
2q6m_P34_A_1001,0.53875606,0.65527067,0.13806342,0.1543532,0.49229389,0.24950296,0.31744995
2q6m_P34_A_1002,0.53875606,0.65527067,0.13806342,0.1543532,0.49229389,0.24950296,0.31744995
2qab_EI1_B_1,0.53875606,0.65527067,0.13806342,0.1543532,0.49229389,0.24950296,0.31744995
2qb4_DSM_A_801,0.9771008,0.98902921,0.14380866,0.16392768,0.48514526,0.24900913,0.32527318
2qb4_DSM_A_802,0.97363166,0.97583341,0.14398663,0.16379765,0.4855744,0.24891716,0.324762
2qca_DGP_A_300,0.97119515,0,0.16457607,0.15873696,0.51999725,0.24007063,0.28325574
2qcx_PF1_A_300,0,0.97400987,0.11556268,0.14633385,0.47534121,0.25673653,0.33887698
2qcx_PF1_B_300,0,0.98388824,0.11535353,0.14638464,0.47499249,0.25682628,0.33929751
2qd4_CHD_A_801,3.7933756e-08,0.98483548,0.11533348,0.14638951,0.47495905,0.25683489,0.33933783
2qd4_CHD_A_802,0.83353854,0.97158938,0.13998109,0.16126436,0.48424253,0.25000609,0.32662347
2qd4_CHD_A_803,0,0.9894045,0.11523674,0.146413,0.47479776,0.2568764,0.33953234
2qd4_CHD_B_926,0,0.98872195,0.11525119,0.14640949,0.47482185,0.2568702,0.33950328
2qd4_CHD_B_928,0,0.94293071,0.1162207,0.14617407,0.47643836,0.25645415,0.33755393
2qg6_NMN_A_301,0.53875606,0.65527067,0.13806342,0.1543532,0.49229389,0.24950296,0.31744995
2qgw_EES_A_1,0,0.98420675,0.15011136,0,6.0958722e-07,0,0
2qim_ZEA_A_159,0.99028936,0.97675144,0.14445415,0.16410099,0.48571817,0.24879143,0.32455826
2qim_ZEA_A_162,0.53812682,0,0.1519223,0.15097686,0.51541852,0.24355379,0.28956489
2qs2_UBF_B_602,0.97744816,0.98449707,0.14391477,0.16391061,0.48530892,0.24896516,0.32507519
2qse_1HP_A_1,0.99307504,0.97611122,0.14454914,0.16414764,0.48577023,0.2487632,0.3244904
2qui_LTN_A_501,0,0,0.14321027,8.7531508e-43,0.42558294,0.18278497,0.22796205
2qui_LTN_B_478,0,0,0.13618474,0.14132621,0.50972547,0.24788696,0.29741283
2qvr_CIT_A_335,0.88736328,0.65558529,0.14824907,0.16060317,0.49597219,0.24669897,0.31237746
2qvr_FDP_A_333,0.53875606,0.65527067,0.13806342,0.1543532,0.49229389,0.24950296,0.31744995
2qx4_ML1_A_233,0.43266812,0.98553668,0.12796699,0.15414961,0.47951039,0.25335908,0.33306069
2qx4_ML1_B_233,0.98086065,0.95711943,0.14459418,0.16383103,0.48631149,0.24868895,0.32385996
2qx9_ML2_A_233,0.53875606,0.65527067,0.13806342,0.1543532,0.49229389,0.24950296,0.31744995
2qx9_ML2_A_234,0.53875606,0.65527067,0.13806342,0.1543532,0.49229389,0.24950296,0.31744995
2r0g_7CK_B_1357,0.99379043,0.98391776,0.14440477,0.1642006,0.48550222,0.24882837,0.3248123
2r4j_13P_B_816,0,0,0.13618474,0.14132621,0.50972547,0.24788696,0.29741283
2r4t_250_A_503,1.2679296e-07,0,0.13618474,0.14132622,0.50972547,0.24788696,0.29741283
2r4t_GLC_A_502,0,0.65478447,0.12232011,0.14469311,0.48660879,0.25383706,0.32529033
2r5e_QLP_B_430,0,0,0.17069188,0,0,0,0
2rbu_273_X_4001,0.9926902,0.9861965,0.14432437,0.16419259,0.48541014,0.24885793,0.32492535
2rhx_MLY_A_537,0.95165604,0.65564331,0.15012772,0.16175591,0.4966506,0.24618179,0.31144187
2ri1_GLP_A_234,0,0.65478447,0.12232011,0.14469311,0.48660879,0.25383706,0.32529033
2ri1_GLP_B_234,0.53875606,0.65527067,0.13806342,0.1543532,0.49229389,0.24950296,0.31744995
2tio_BEN_A_247,0,0.98993655,0.11522548,0.14641573,0.47477897,0.25688123,0.33955499
2tmk_ATM_A_217,0.53875606,0.65527067,0.13806342,0.1543532,0.49229389,0.24950296,0.31744995
2tmk_ATM_B_217,0.53875606,0.65527067,0.13806342,0.1543532,0.49229389,0.24950296,0.31744995
2uuj_896_B_1250,0,0.98661085,0.11529589,0.14639864,0.47489638,0.25685102,0.33941341
2uyv_TLA_A_1275,0,0.65478447,0.12232011,0.14469311,0.48660879,0.25383706,0.32529033
2uyv_TLA_A_1277,0,0.65478447,0.12232011,0.14469311,0.48660879,0.25383706,0.32529033
2uyv_TLA_B_1275,0,0.65478447,0.12232011,0.14469311,0.48660879,0.25383706,0.32529033
2uyv_TLA_C_1275,0.99323161,0.65568083,0.15134257,0.16250134,0.4970893,0.24584735,0.31083687
2uyv_TLA_D_1275,0,0.65478447,0.12232011,0.14469311,0.48660879,0.25383706,0.32529033
2uza_HTL_B_1236,0,0,0.15672557,0.054300628,0.26602244,0,0.096157897
2v32_BEZ_A_1222,0.98959182,0.97463072,0.14447866,0.16407759,0.48578566,0.24877778,0.32447815
2v32_BEZ_B_1220,0.99633597,0.96973012,0.14477957,0.16417329,0.48602999,0.24867897,0.32417122
2v32_BEZ_C_1222,0.99266246,0.98394586,0.14437121,0.16418053,0.48548929,0.2488377,0.32482994
2v32_BEZ_D_1221,0.9705932,0.9540522,0.14435896,0.1636312,0.48631118,0.24874371,0.32387906
2v7o_DRN_A_1303,0.94648488,0.90259409,0.14474368,0.16293444,0.48787276,0.24847021,0.32203988
2vag_V25_A_1482,0.99211943,0.65567983,0.15131007,0.1624814,0.49707757,0.2458563,0.31085305
2vez_G6P_A_202,0.86239075,0,0.16139535,0.15678641,0.51884649,0.2409463,0.28484178
2vjb_CCD_A_1539,0.87407036,0,0.16173678,0.15699579,0.51897002,0.2408523,0.28467153
2vjb_CCD_A_1540,0,0.65478447,0.12232011,0.14469311,0.48660879,0.25383706,0.32529033
2vjb_CCD_B_1539,0,0,0.13618474,0.14132621,0.50972547,0.24788696,0.29741283
2vjb_CCD_B_1540,0.00014870783,0.6547846,0.12232446,0.14469578,0.48661036,0.25383586,0.32528817
2vkg_CF4_A_1064,0.00012713225,0,0.13618846,0.14132849,0.50972681,0.24788594,0.29741098
2vlf_PLI_A_1457,0.88468094,0.65558287,0.14817069,0.16055507,0.49594388,0.24672055,0.31241649
2vlf_PLI_B_1459,0,0,0.12532831,0.19128489,0.99144917,0.35577157,2.3826586e-06
2vmg_MBG_A_1179,0.98019659,0,0.16483921,0.15889833,0.52009246,0.23999818,0.28312453
2vmp_PLP_A_501,0.5293284,0.65371074,0.14523965,0,0.40415048,0.18137622,0.24477519
2vmw_PLP_A_501,0,0.65478447,0.12232011,0.14469311,0.48660879,0.25383706,0.32529033
2vp5_DCZ_A_1210,0.99219234,0.98930056,0.14424409,0.16419963,0.48529529,0.24889013,0.32506475
2vp5_DCZ_B_1210,0.98266904,0.9933593,0.14387976,0.16404977,0.48505129,0.24900366,0.32537635
2vss_V55_D_1250,0.002850117,0.97471469,0.11563108,0.14638857,0.47534648,0.25671999,0.33886544
2vzu_PNJ_A_1901,0,0.65478447,0.12232011,0.14469311,0.48660879,0.25383706,0.32529033
2vzu_PNJ_B_1904,0.99140071,0.65567918,0.15128907,0.16246851,0.49706998,0.24586208,0.31086351
2w1a_TSA_C_1091,0.94764895,0.99316705,0.14286007,0.16342097,0.48468769,0.24928376,0.32587865
2w5t_GP9_A_1644,0,0.65478447,0.12232011,0.14469311,0.48660879,0.25383706,0.32529033
2w7k_PLP_A_501,0.79909884,0.65550563,0.14566996,0.15902062,0.49504083,0.24740899,0.31366188
2wch_B7M_A_1145,0,0.65478447,0.12232011,0.14469311,0.48660879,0.25383706,0.32529033
2wd2_MS5_A_1263,0.67091075,0.65538994,0.14192428,0.15672226,0.4936882,0.24844015,0.31552727
2wdq_CBE_C_1130,0.98982153,0.98605125,0.14424358,0.16414042,0.48538492,0.24887969,0.32496098
2wdq_CBE_G_1130,0.53875606,0.65527067,0.13806342,0.1543532,0.49229389,0.24950296,0.31744995
2wdq_CBE_K_1130,0.53875606,0.65527067,0.13806342,0.1543532,0.49229389,0.24950296,0.31744995
2wdq_TEO_E_1589,0,0.65478447,0.12232011,0.14469311,0.48660879,0.25383706,0.32529033
2wdq_TEO_I_1589,0,0.65478447,0.12232011,0.14469311,0.48660879,0.25383706,0.32529033
2whq_HI6_A_1543,0.0044690692,0,0.13631539,0.14140633,0.50977273,0.24785099,0.29734769
2whq_HI6_B_1545,0.5293284,0.65371074,0.14523965,0,0.40415048,0.18137622,0.24477519
2wj4_HQD_B_1278,0,0.9934234,0.11515165,0.14643366,0.47465588,0.25691291,0.33970343
2wj4_HQD_C_1277,0.026462154,0,0.13695832,0.1418006,0.51000534,0.24767399,0.2970271
2wj4_HQD_D_1278,0.0048803844,0.99555117,0.11524927,0.14653209,0.47463239,0.25689297,0.33972287
2wu4_HBP_A_1544,0.12293251,0.65489541,0.12591223,0.14689724,0.48790597,0.25284817,0.32350143
2wu4_HBP_B_1545,0.98368864,0.65567222,0.15106372,0.16233024,0.49698861,0.24592412,0.31097574
2wzh_NGO_A_1589,0.98786212,0.65567598,0.15118567,0.16240507,0.49703265,0.24589055,0.310915
2wzv_FMN_A_801,0.00037572046,0,0.10726425,2.1374885e-33,0.95121793,0.51390384,0.58105272
2wzv_FMN_B_801,0.53875606,0.65527067,0.13806342,0.1543532,0.49229389,0.24950296,0.31744995
2x05_X05_A_1900,0.98629595,0,0.16501752,0.15900767,0.52015697,0.2399491,0.28303562
2x05_X05_B_1900,0,0,0.13618474,0.14132621,0.50972547,0.24788696,0.29741283
2x6o_2TC_A_1209,0,0,0.13618474,0.14132621,0.50972547,0.24788696,0.29741283
2xh0_PEP_A_1440,0.53875606,0.65527067,0.13806342,0.1543532,0.49229389,0.24950296,0.31744995
2xh0_PEP_B_1440,0.99111711,0.65567892,0.15128078,0.16246343,0.49706699,0.24586436,0.31086764
2xh0_PEP_C_1440,0.53875606,0.65527067,0.13806342,0.1543532,0.49229389,0.24950296,0.31744995
2xhk_AKG_A_519,0.92365457,0.85769051,0.14502699,0.1622943,0.48921647,0.24824597,0.32046111
2xmi_FLC_A_1379,0,0.9611541,0.1291534,0.089845125,0.31779142,0.092617836,0.20784542
2xoz_AMP_B_1664,0.09174073,0,0.13886663,0.14297086,0.51069576,0.24714862,0.29607553
2xta_TPP_A_2001,0.9785827,0.65566761,0.15091452,0.16223869,0.49693473,0.24596519,0.31105004
2xta_TPP_B_2001,0.99476056,0.65568221,0.15138724,0.16252875,0.49710544,0.24583505,0.31081462
2xta_TPP_C_2001,0.95225006,0.65564385,0.15014508,0.16176656,0.49665687,0.24617701,0.31143323
2xta_TPP_D_2001,0,0.65478447,0.12232011,0.14469311,0.48660879,0.25383706,0.32529033
2xul_AKG_B_201,0.92692556,0.90914845,0.14403313,0.1626175,0.48743451,0.24868717,0.32260402
2xul_AKG_C_201,0.93368965,0.93619629,0.1436582,0.16287782,0.48655121,0.24887848,0.32365686
2xul_AKG_D_201,0,1.7462243e-05,0.13618437,0.1413263,0.50972485,0.24788712,0.29741358
2xum_OGA_A_601,0.99876942,0.97602299,0.14471748,0.16424927,0.48583357,0.24871657,0.32440364
2xya_7L4_A_1181,0.99324319,0.97457555,0.14458657,0.16414276,0.48582622,0.24874789,0.32442258
2xyj_WLM_A_1441,0.53875606,0.65527067,0.13806342,0.1543532,0.49229389,0.24950296,0.31744995
2xyj_WLM_B_1441,0.53875606,0.65527067,0.13806342,0.1543532,0.49229389,0.24950296,0.31744995
2xyj_WLM_B_1442,0.92627018,0.94354713,1.1643983e-29,0.16692953,0.49784289,0.2581809,0.3339889
2y00_Y00_A_601,0.98063099,0.98996936,0.14389195,0.1639958,0.4851494,0.24898926,0.32526175
2y00_Y00_B_601,0.99473563,0.9853551,0.14440197,0.16422494,0.48546147,0.24883382,0.32485971
2y4j_LAC_A_400,0.98384052,0.86898395,0.14654732,0.16343132,0.48945435,0.24786419,0.32006455
2y4j_LAC_B_400,0.9640357,0.94610881,0.14433545,0.1634728,0.48652224,0.24872432,0.32363649
2y5a_3AP_A_1295,0.15692001,0.99601294,0.11968413,0.1492601,0.47622412,0.25567353,0.33752625
2ye5_2A7_A_1224,0.99016123,0.8793011,0.14651366,0.16359768,0.48915698,0.24790706,0.32041162
2yi6_6QM_A_1225,0.97225952,0.94474047,0.14460483,0.16361319,0.48665752,0.2486457,0.32345836
2yjd_YJD_B_1498,0,0.99442516,0.11513044,0.14643881,0.47462052,0.25692202,0.33974607
2ynf_WHU_A_1563,0,0,0.13618474,0.14132621,0.50972547,0.24788696,0.29741283
2z1z_MLT_A_433,0.53875606,0.65527067,0.13806342,0.1543532,0.49229389,0.24950296,0.31744995
2z20_PLP_A_701,0,0.93983054,0.083218746,0.28672031,0.91180688,0.56104701,0.66230982
2z20_PLP_B_801,0,0.99387726,0.11514204,0.14643599,0.47463986,0.25691704,0.33972275
2z26_DOR_A_1410,0,0.65478447,0.12232011,0.14469311,0.48660879,0.25383706,0.32529033
2z48_A2G_A_1001,0.53875606,0.65527067,0.13806342,0.1543532,0.49229389,0.24950296,0.31744995
2z48_A2G_A_1005,0.53875606,0.65527067,0.13806342,0.1543532,0.49229389,0.24950296,0.31744995
2z48_A2G_B_2001,0.53875606,0.65527067,0.13806342,0.1543532,0.49229389,0.24950296,0.31744995
2z48_A2G_B_2005,0.53875606,0.65527067,0.13806342,0.1543532,0.49229389,0.24950296,0.31744995
2z48_NGA_A_1002,0.53875606,0.65527067,0.13806342,0.1543532,0.49229389,0.24950296,0.31744995
2z48_NGA_A_1003,0.53875606,0.65527067,0.13806342,0.1543532,0.49229389,0.24950296,0.31744995
2z48_NGA_A_1004,0.53875606,0.65527067,0.13806342,0.1543532,0.49229389,0.24950296,0.31744995
2z48_NGA_A_1006,0.53875606,0.65527067,0.13806342,0.1543532,0.49229389,0.24950296,0.31744995
2z48_NGA_B_2002,0.53875606,0.65527067,0.13806342,0.1543532,0.49229389,0.24950296,0.31744995
2z48_NGA_B_2004,0.53875606,0.65527067,0.13806342,0.1543532,0.49229389,0.24950296,0.31744995
2z48_NGA_B_2006,0.53875606,0.65527067,0.13806342,0.1543532,0.49229389,0.24950296,0.31744995
2z6j_TUI_A_501,3.3648333e-12,0.96635597,0.11572473,0.1462945,0.47561141,0.25666699,0.33855115
2z6j_TUI_B_502,0.86731063,0.95188172,0.14138562,0.16176848,0.48529544,0.24955523,0.3252922
2z7s_P01_A_1,0.73019444,0.65544345,0.14365656,0.15778519,0.49431375,0.24796326,0.31466457
2zce_PYL_A_601,0.72339306,0,0.15733197,0.15429458,0.51737639,0.24206498,0.28686795
2zgw_ADN_A_1301,0.9912198,0.65567901,0.15128378,0.16246527,0.49706808,0.24586354,0.31086614
2zgw_ADN_B_1302,0.36922621,0.65511768,0.13310899,0.15131318,0.49050484,0.25086695,0.31991737
2zgw_BTN_A_1401,0.95145951,0.65564313,0.15012198,0.16175238,0.49664853,0.24618337,0.31144473
2zgw_BTN_B_1402,0.96774481,0.65565783,0.15059784,0.16204437,0.49682037,0.24605237,0.31120775
2zi2_24U_H_801,0.94760229,0.98034485,0.14313019,0.16335421,0.48513984,0.24916763,0.32533349
2zka_AZA_A_302,0.1524748,0.97175762,0.12006772,0.14905571,0.47703336,0.25548892,0.33655848
2zm7_ACA_A_501,0,0.65478447,0.12232011,0.14469311,0.48660879,0.25383706,0.32529033
2zm9_ACA_A_501,0,0.65478447,0.12232011,0.14469311,0.48660879,0.25383706,0.32529033
2ztl_3HL_A_301,0.99795886,0.96113066,0.14500909,0.16415818,0.48635073,0.24858778,0.32378148
2ztl_3HL_C_301,0.99514346,0.65568256,0.15139843,0.16253562,0.49710948,0.24583197,0.31080905
2ztl_3HL_D_301,0,0.65478447,0.12232011,0.14469311,0.48660879,0.25383706,0.32529033
2zut_A2G_A_4001,0.53875606,0.65527067,0.13806342,0.1543532,0.49229389,0.24950296,0.31744995
2zut_A2G_B_4002,0.53875606,0.65527067,0.13806342,0.1543532,0.49229389,0.24950296,0.31744995
2zut_A2G_C_4003,0.9520775,0.65564369,0.15014003,0.16176346,0.49665505,0.2461784,0.31143574
2zut_A2G_D_4004,0.53875606,0.65527067,0.13806342,0.1543532,0.49229389,0.24950296,0.31744995
2zuw_NDG_C_4003,8.3746197e-05,0.65478454,0.12232256,0.14469461,0.48660967,0.25383639,0.32528912
2zuw_NDG_D_4004,0.53875606,0.65527067,0.13806342,0.1543532,0.49229389,0.24950296,0.31744995
2zvq_1NP_X_501,0.18870299,0.064714539,0.14033101,0.14504183,0.50943674,0.24695623,0.29741705
2zvq_1NP_X_502,0,2.6746594e-06,0.13618468,0.14132623,0.50972537,0.24788699,0.29741295
2zwt_CAM_A_422,0,0,0.13618474,0.14132621,0.50972547,0.24788696,0.29741283
2zyv_NPO_X_1601,0,0.90029235,0.11712345,0.14595485,0.47794357,0.25606675,0.33573879
2zyv_NPO_X_1602,0.99812404,0.9939377,0.14431932,0.16432981,0.48519433,0.24888453,0.32517569
3kt7_AKG_A_702,0,0.98618209,0.11530497,0.14639643,0.47491151,0.25684712,0.33939516
3mk1_NPO_A_911,0.99454875,0.65568202,0.15138105,0.16252496,0.4971032,0.24583676,0.3108177
3mk1_NPO_A_912,0,0.65478447,0.12232011,0.14469311,0.48660879,0.25383706,0.32529033
3mk1_NPO_A_913,0.9948701,0.65568231,0.15139044,0.16253072,0.49710659,0.24583417,0.31081302
3qfx_CP6_A_602,0.99170231,0.9942075,0.14412587,0.16421607,0.48511688,0.24893866,0.32528078
3qfx_CP6_B_702,0.98832834,0.99489177,0.14401275,0.1641591,0.48505704,0.24897203,0.32535909
3qgz_ADN_A_127,0.99129892,0.65567909,0.15128609,0.16246669,0.49706891,0.2458629,0.31086499
3qhd_CTN_A_165,0.98127813,0.65567004,0.15099328,0.16228702,0.49696317,0.24594351,0.31101081
3qhd_CTN_B_165,0.97247348,0.6556621,0.15073601,0.16212916,0.49687027,0.24601433,0.31113894
3qhd_MSR_A_166,0,0.99091825,0.11520469,0.14642078,0.47474432,0.25689015,0.33959678
3qk1_BEN_A_1010,0.99840518,0.99167222,0.1443755,0.1643232,0.48527728,0.24886168,0.32507515
3qss_MTG_A_405,0.81927462,0.9762163,0.13946614,0.16103244,0.48392833,0.25016292,0.32702836
3qt8_FM0_A_328,0.99100529,0.65567882,0.15127751,0.16246142,0.49706581,0.24586526,0.31086927
3qt8_FM0_B_328,0,0.65478447,0.12232011,0.14469311,0.48660879,0.25383706,0.32529033
3qwi_CUE_A_272,0.99717939,0.65568439,0.15145792,0.16257212,0.49713096,0.2458156,0.31077942
3qwi_CUE_D_272,3.9190748e-06,0.65478447,0.12232023,0.14469318,0.48660883,0.25383703,0.32529028
3qxx_8AC_A_221,0.9584796,0.97202613,0.14362429,0.16350644,0.48554855,0.24900451,0.3248208
3r3z_GOA_A_305,0.99377237,0.65568132,0.15135837,0.16251104,0.49709501,0.245843,0.310829
3r3z_GOA_B_305,0.96315003,0.65565368,0.15046357,0.16196199,0.49677189,0.24608933,0.31127461
3r3z_GOA_C_305,0.99618025,0.65568349,0.15142873,0.16255421,0.49712042,0.24582363,0.31079396
3r3z_GOA_D_305,0.9932017,0.6556808,0.15134169,0.1625008,0.49708899,0.24584759,0.3108373
3rgz_BLD_A_800,0.025871044,0.65480781,0.12307607,0.14515697,0.48688178,0.25362895,0.32491386
3roe_THM_A_265,0.53812682,0,0.1519223,0.15097686,0.51541852,0.24355379,0.28956489
3roe_THM_B_265,0.53812682,0,0.1519223,0.15097686,0.51541852,0.24355379,0.28956489
3roe_THM_C_265,0.53812682,0,0.1519223,0.15097686,0.51541852,0.24355379,0.28956489
3roe_THM_D_265,0.53812682,0,0.1519223,0.15097686,0.51541852,0.24355379,0.28956489
3roe_THM_E_265,0.53812682,0,0.1519223,0.15097686,0.51541852,0.24355379,0.28956489
3roe_THM_F_265,0.53812682,0,0.1519223,0.15097686,0.51541852,0.24355379,0.28956489
3rop_NCA_A_302,0.9264634,0.0047277993,0.16316831,0.15795935,0.51935725,0.24047359,0.28410906
3rop_NCA_B_302,0.0029048687,0.009204335,0.13607478,0.14142561,0.50943126,0.24794721,0.29776232
3rsc_TYD_A_397,0,0,0.13618474,0.14132621,0.50972547,0.24788696,0.29741283
3rsc_TYD_B_397,0.94311174,0,0.1637551,0.1582335,0.51970023,0.24029665,0.28366511
3ryd_SRT_A_267,0.977592,0.65566672,0.15088557,0.16222093,0.49692428,0.24597316,0.31106445
3ryd_SRT_C_268,0.54297982,0.65527449,0.13818611,0.15442851,0.49233828,0.24946925,0.31738891
3se2_3AB_C_4,0.9965687,0.97637724,0.14464564,0.16421164,0.48579779,0.2487375,0.3244508
3se2_3AB_D_3,0.99562959,0.98617436,0.14441076,0.16424517,0.48544201,0.24883407,0.32488156
3se2_LDR_A_1,0.99714113,0.65568436,0.1514568,0.16257144,0.49713056,0.2458159,0.31077998
3se2_LDR_B_2,0.99832843,0.65568543,0.1514915,0.16259272,0.49714309,0.24580635,0.3107627
3sjh_LAR_A_503,0.53875606,0.65527067,0.13806342,0.1543532,0.49229389,0.24950296,0.31744995
3sli_SKD_A_760,0.53875606,0.65527067,0.13806342,0.1543532,0.49229389,0.24950296,0.31744995
3sp6_IL2_A_901,0,0,0.13618474,0.14132621,0.50972547,0.24788696,0.29741283
3sru_Q26_X_169,0,0.95059734,0.11605838,0.14621348,0.47616772,0.25652381,0.3378803
3t2e_F6R_A_3469,0,0.89464447,0.11724303,0.14592581,0.47814295,0.25601544,0.33549835
3t3q_9PL_C_501,0.9875571,0.65567571,0.15117675,0.1623996,0.49702943,0.245893,0.31091944
3t3q_9PL_D_501,6.7448191e-05,0.65478453,0.12232208,0.14469432,0.4866095,0.25383652,0.32528935
3te7_TE7_A_1,0.97875617,0.65566777,0.15091959,0.1622418,0.49693656,0.2459638,0.31104751
3te7_TE7_B_1,0,0.65478447,0.12232011,0.14469311,0.48660879,0.25383706,0.32529033
3tky_N7I_A_369,0,0.96752933,0.11569989,0.14630053,0.47556999,0.25667765,0.3386011
3tky_N7I_B_369,0.53875606,0.65527067,0.13806342,0.1543532,0.49229389,0.24950296,0.31744995
3tky_N7I_C_369,0.98277996,0.98836349,0.14398877,0.16402607,0.48522882,0.24895737,0.32516206
3tky_N7I_D_369,0.53875606,0.65527067,0.13806342,0.1543532,0.49229389,0.24950296,0.31744995
3tye_XHP_B_901,0.99356677,0.99357731,0.14419372,0.16424625,0.48515885,0.24891793,0.32522678
3tye_XTZ_A_801,0.53812682,0,0.1519223,0.15097686,0.51541852,0.24355379,0.28956489
3tye_YTZ_B_902,0.00096460382,0.40113449,0.12771999,0.14340584,0.49557492,0.25152379,0.31447529
3tyn_CXW_A_800,0,0.98668384,0.11529435,0.14639901,0.4748938,0.25685168,0.33941652
3tyn_CXW_B_800,0.53875606,0.65527067,0.13806342,0.1543532,0.49229389,0.24950296,0.31744995
3u1t_MLI_A_351,0.99667549,0.65568394,0.1514432,0.16256309,0.49712564,0.24581965,0.31078675
3u3o_3QV_A_296,0,0.99201587,0.15004109,0,1.4329771e-06,0,0
3u3o_3QV_A_297,3.4594526e-05,0.98927618,0.11524047,0.14641296,0.47480265,0.25687496,0.33952637
3ucc_2PG_A_601,0,0.65478447,0.12232011,0.14469311,0.48660879,0.25383706,0.32529033
3ucc_2PG_B_601,0,0.65478447,0.12232011,0.14469311,0.48660879,0.25383706,0.32529033
3ucl_CYH_A_543,0.12866598,0.98810365,0.11902563,0.14871292,0.47620451,0.25582906,0.3376014
3uu7_2OH_A_1,0.99697205,0,0.16532961,0.15919906,0.52026988,0.23986317,0.28287999
3uu7_2OH_B_1,0.99680394,0,0.1653247,0.15919605,0.5202681,0.23986453,0.28288244
3uwb_BB2_A_154,0.53875606,0.65527067,0.13806342,0.1543532,0.49229389,0.24950296,0.31744995
3v1v_GST_A_511,0.89846807,0.65559531,0.14857355,0.16080227,0.49608937,0.24660965,0.31221586
3v7u_MTA_A_301,0.14848019,0.65491847,0.12665874,0.1473553,0.48817554,0.25264266,0.32312966
3v7u_MTA_A_302,0.98556534,0.65567391,0.15111856,0.16236389,0.49700841,0.24590902,0.31094843
3vbn_TYD_A_301,0.86824118,0,0.16156637,0.15689129,0.51890837,0.24089922,0.2847565
3vbn_TYD_C_301,0.94415024,0,0.16378545,0.15825212,0.51971122,0.24028829,0.28364997
3vbn_TYD_E_301,0.5859874,0,0.15331514,0.15183129,0.51592313,0.24317084,0.28887091
3vc3_C6P_A_501,0.53812682,0,0.1519223,0.15097686,0.51541852,0.24355379,0.28956489
3vc3_C6P_C_501,0,0.95290279,0.11600957,0.14622533,0.47608633,0.25654476,0.33797844
3vc3_C6P_D_501,0,0.95943501,0.11587127,0.14625892,0.47585573,0.25660411,0.33825652
3vc3_C6P_E_501,0.95757499,0.94213267,0.14423076,0.16333653,0.48659427,0.24874019,0.3235614
3vc3_C6P_F_501,0.64304037,0.95816048,0.1346965,0.15778023,0.4827018,0.25141724,0.32882868
3vca_PRO_A_504,0.90096218,0.65559756,0.14864643,0.16084699,0.49611568,0.24658958,0.31217957
3vcp_PRO_A_502,0,0.65478447,0.12232011,0.14469311,0.48660879,0.25383706,0.32529033
3vmg_9CA_B_2001,0.53875606,0.65527067,0.13806342,0.1543532,0.49229389,0.24950296,0.31744995
3vmg_9CA_C_2002,0.53875606,0.65527067,0.13806342,0.1543532,0.49229389,0.24950296,0.31744995
3vnj_PSJ_A_301,0.53875606,0.65527067,0.13806342,0.1543532,0.49229389,0.24950296,0.31744995
3vnj_PSJ_B_301,0.53875606,0.65527067,0.13806342,0.1543532,0.49229389,0.24950296,0.31744995
3vnj_PSJ_C_301,0.53875606,0.65527067,0.13806342,0.1543532,0.49229389,0.24950296,0.31744995
3vnj_PSJ_D_301,0.53875606,0.65527067,0.13806342,0.1543532,0.49229389,0.24950296,0.31744995
3vnm_SDD_A_301,0.53875606,0.65527067,0.13806342,0.1543532,0.49229389,0.24950296,0.31744995
3vnm_SDD_B_301,0.5488338,0.89647037,0,0.15971919,0.49494632,0.26034204,0.3370007
3vnm_SDD_C_301,0.53875606,0.65527067,0.13806342,0.1543532,0.49229389,0.24950296,0.31744995
3vnm_SDD_D_301,0.53875606,0.65527067,0.13806342,0.1543532,0.49229389,0.24950296,0.31744995
3vq4_0NX_A_304,0,0.98286377,0.11537523,0.14637937,0.47502866,0.25681697,0.3392539
3vq4_0NX_A_305,0.99491314,0.9885928,0.14433861,0.16424476,0.48534905,0.24886181,0.32499496
3vq4_0NX_B_303,0.99589108,0.97810158,0.14458933,0.16420836,0.48572975,0.24875862,0.32453408
3vqe_FMQ_B_306,0.9924809,0.65568015,0.15132063,0.16248788,0.49708138,0.24585339,0.31084779
3vv5_SLZ_A_300,0.97458734,0,0.16467523,0.15879777,0.52003313,0.24004333,0.28320629
3vv5_SLZ_B_301,0,0.88280155,0.11749378,0.14586493,0.47856103,0.25590784,0.33499419
3w4i_8LG_A_402,0.35536132,0.96877712,0.12606189,0.15267756,0.4792844,0.25382898,0.33347413
3w4i_8LG_B_402,0.34595657,0,0.14629822,0.14752822,0.51338445,0.24510265,0.29236983
3w4i_8LG_C_402,0.99651356,0,0.16531621,0.15919084,0.52026503,0.23986686,0.28288667
3w4i_8LG_D_402,0.98985977,0,0.1651217,0.15907156,0.52019466,0.23992041,0.28298367
3w7f_FPS_A_301,0.53875606,0.65527067,0.13806342,0.1543532,0.49229389,0.24950296,0.31744995
3w7f_FPS_A_302,0.53875606,0.65527067,0.13806342,0.1543532,0.49229389,0.24950296,0.31744995
3w7f_FPS_B_301,0.53875606,0.65527067,0.13806342,0.1543532,0.49229389,0.24950296,0.31744995
3w7f_FPS_B_302,0.53875606,0.65527067,0.13806342,0.1543532,0.49229389,0.24950296,0.31744995
3w8x_FTK_A_601,1.1143835e-07,0.9752265,0.11553693,0.14634011,0.47529827,0.25674758,0.33892877
3w8x_FTK_B_601,0,0,0.13618474,0.14132621,0.50972547,0.24788696,0.29741283
3wat_BGC_A_403,0.010465657,0.98657801,0.11560253,0.14658609,0.47500823,0.25676649,0.33925946
3wat_BGC_B_403,0.012086556,0.98493243,0.11568476,0.14660668,0.47508346,0.25673849,0.33916578
3wat_BMA_A_404,0.53812682,0,0.1519223,0.15097686,0.51541852,0.24355379,0.28956489
3wat_BMA_B_404,0.53812682,0,0.1519223,0.15097686,0.51541852,0.24355379,0.28956489
3wca_FPS_A_501,0,0.65478447,0.12232011,0.14469311,0.48660879,0.25383706,0.32529033
3wca_FPS_B_401,0,0.65478447,0.12232011,0.14469311,0.48660879,0.25383706,0.32529033
3wca_FPS_C_401,0.93488302,0.90343579,0,0.1668984,0.49940804,0.25779317,0.33220564
3wca_FPS_D_401,0,0.65478447,0.12232011,0.14469311,0.48660879,0.25383706,0.32529033
3wgc_PLG_A_401,0,0.65478447,0.12232011,0.14469311,0.48660879,0.25383706,0.32529033
3wgc_PLG_B_401,0.99242287,0.6556801,0.15131893,0.16248684,0.49708077,0.24585386,0.31084864
3wgc_PLG_C_401,0.98540505,0.65567377,0.15111387,0.16236101,0.49700672,0.24591031,0.31095076
3wgc_PLG_D_401,0.53875606,0.65527067,0.13806342,0.1543532,0.49229389,0.24950296,0.31744995
3wjz_NUP_A_301,0.53875606,0.65527067,0.13806342,0.1543532,0.49229389,0.24950296,0.31744995
3wk1_O7E_A_301,0.98620248,0,0.16501478,0.15900599,0.52015598,0.23994985,0.28303698
3wlf_FEH_B_401,0.99680978,0,0.14638875,0.24186154,0.95626562,0.41879459,0.23356925
3wlf_FEH_C_401,0.53875606,0.65527067,0.13806342,0.1543532,0.49229389,0.24950296,0.31744995
3wlf_FEH_D_401,0.99676535,0,0.15352746,0.212931,0.99247392,0.35595662,0.019366173
3wqs_KBK_B_503,0.53875606,0.65527067,0.13806342,0.1543532,0.49229389,0.24950296,0.31744995
3wr4_GDE_B_502,0.98247533,0.65567112,0.15102826,0.16230849,0.4969758,0.24593388,0.31099339
3wsg_CIT_A_302,0.98930535,0.65567729,0.15122784,0.16243094,0.49704787,0.24587894,0.310894
3wsg_CIT_B_302,0.98773373,0.65567587,0.15118192,0.16240277,0.49703129,0.24589158,0.31091687
3wsg_CIT_D_302,0,0.65478447,0.12232011,0.14469311,0.48660879,0.25383706,0.32529033
3wsg_CIT_E_302,0,0.65478447,0.12232011,0.14469311,0.48660879,0.25383706,0.32529033
3wsg_CIT_F_302,0.98695186,0.65567516,0.15115907,0.16238875,0.49702304,0.24589787,0.31092825
3wug_XYP_B_1,0.98385515,0,0.16494616,0.15896391,0.52013115,0.23996874,0.2830712
3wug_XYP_B_2,0,0,0.13618474,0.14132621,0.50972547,0.24788696,0.29741283
3wur_O4B_A_201,0,0.18494934,0.13226893,0.14227709,0.50319643,0.24956736,0.30528623
3wur_O4B_B_204,0.61499371,0.057226008,0.15295148,0.1526455,0.51420973,0.24345733,0.29088423
3wwc_BUA_A_403,0.97680429,0.98285024,0.14393081,0.1638906,0.48536025,0.24895537,0.32501446
3wxo_NIZ_A_803,0.0014440756,0.65478577,0.12236231,0.144719,0.48662403,0.25382544,0.32526932
3wzo_ZOE_A_201,0.53875606,0.65527067,0.13806342,0.1543532,0.49229389,0.24950296,0.31744995
3wzo_ZOE_C_201,0.53875606,0.65527067,0.13806342,0.1543532,0.49229389,0.24950296,0.31744995
3wzo_ZOE_D_201,0.94673785,0.95271276,0,0.16735195,0.49775928,0.25811804,0.33410086
3zbs_OVE_A_1380,0,0.99336901,0.1151528,0.14643338,0.4746578,0.25691242,0.33970111
3zcm_PX3_B_1216,0,0,0.13618474,0.14132621,0.50972547,0.24788696,0.29741283
3zjq_NCA_A_300,0.0025526084,0.98903597,0.11531917,0.14645687,0.47483776,0.25685251,0.33947944
3zjq_NCA_B_300,0.62367951,0.98803469,0.13349801,0.15758674,0.48144242,0.25184448,0.33038266
3zks_WZV_A_1398,0,0.96643685,0.11572302,0.14629492,0.47560856,0.25666772,0.33855459
3zog_A2Q_A_200,0,0,0.13618474,0.14132621,0.50972547,0.24788696,0.29741283
3zp7_PRE_A_1118,0,0.65478447,0.12232011,0.14469311,0.48660879,0.25383706,0.32529033
3zr0_8OG_A_1157,0.9732504,0.6556628,0.15075871,0.16214309,0.49687846,0.24600808,0.31112763
3zr0_8OG_B_1157,0.95974371,0.65565061,0.15036404,0.16190092,0.49673594,0.24611673,0.31132418
3zv6_4HB_A_1277,0,0.89869674,0,0.14957035,0.48816176,0.26406535,0.34432261
3zwe_FUC_A_110,0,0.65478447,0.12232011,0.14469311,0.48660879,0.25383706,0.32529033
3zwe_FUC_B_110,0.94357148,0.65563601,0.14989149,0.16161096,0.49656529,0.24624683,0.31155952
3zwe_FUC_C_110,0.99039133,0.65567827,0.15125957,0.16245042,0.49705933,0.2458702,0.3108782
3zwt_KFZ_A_1401,0.98430495,0,0.16495931,0.15897198,0.52013591,0.23996512,0.28306464
3zyx_MBT_B_601,0,0,0.13618474,0.14132621,0.50972547,0.24788696,0.29741283
4a01_2PN_A_1773,0,0,0.13618474,0.14132621,0.50972547,0.24788696,0.29741283
4a01_2PN_B_1773,0.99262336,0,0.16520249,0.1591211,0.52022389,0.23989817,0.28294338
4a3u_NCA_A_1359,0.99429191,0.65568179,0.15137355,0.16252035,0.49710049,0.24583882,0.31082144
4a3u_NCA_B_1359,0.77207458,0.65548124,0.14488031,0.15853609,0.49475567,0.24762637,0.31405514
4a78_JZ3_A_1296,0.24517586,0.98732924,0.14454772,0.056888464,0.19416268,0.051364949,0.11880183
4a7a_RGZ_A_601,0.99485876,0.99223694,0.14425987,0.16426253,0.48521983,0.24889535,0.32515088
4a7x_UDP_B_1241,0.94721058,0.94395304,0.14388923,0.16316009,0.48642039,0.24884014,0.32378998
4a8p_PAO_A_1340,0.98902869,0.65567704,0.15121976,0.16242598,0.49704496,0.24588116,0.31089803
4a8p_PAO_B_1340,0.98914774,0.65567714,0.15122323,0.16242812,0.49704621,0.2458802,0.3108963
4a8p_PAO_C_1340,0,0.65478447,0.12232011,0.14469311,0.48660879,0.25383706,0.32529033
4a8p_PAO_D_1340,0.88022415,0.65557884,0.14804046,0.16047516,0.49589686,0.2467564,0.31248135
4a8p_PAO_E_1338,0.96495038,0.65565531,0.15051618,0.16199427,0.49679088,0.24607485,0.31124842
4a8p_PAO_F_1340,0.53875606,0.65527067,0.13806342,0.1543532,0.49229389,0.24950296,0.31744995
4a9j_TYL_A_1188,0.99415303,0.99128895,0.14425931,0.164245,0.48524583,0.24889242,0.32512081
4a9j_TYL_B_1187,0.99918209,0.99386227,0.14435184,0.16434839,0.48520818,0.24887533,0.32515705
4a9j_TYL_C_1184,0.99701044,0.99584009,0.14424648,0.16431962,0.48511539,0.24891077,0.32527291
4adl_LMR_D_1468,0,0,0.13618474,0.14132621,0.50972547,0.24788696,0.29741283
4adm_SRT_C_1466,0,0,0.13618474,0.14132621,0.50972547,0.24788696,0.29741283
4ajj_88R_B_1333,0.99150414,0.65567927,0.15129209,0.16247037,0.49707108,0.24586125,0.31086201
4ajj_88S_A_1332,0.97726652,0.9830246,0.14394064,0.16389978,0.48535898,0.24895324,0.32501515
4ajj_MLI_A_1333,0.99369265,0.92703882,0.14560618,0.16390642,0.48750911,0.24831237,0.32239236
4ajj_MLI_D_1333,0,0.88498949,0.11744745,0.14587617,0.47848379,0.25592772,0.33508733
4al9_GLA_B_1123,0.997371,0.65568457,0.15146352,0.16257556,0.49713298,0.24581406,0.31077663
4al9_GLA_E_1123,0.98905997,0.65567707,0.15122067,0.16242654,0.49704529,0.24588091,0.31089757
4al9_GLA_G_1123,0.96910569,0.65565906,0.1506376,0.16206877,0.49683473,0.24604143,0.31118795
4b1f_DGL_A_1257,0.0014380996,0.98003017,0.11547726,0.14639058,0.4751439,0.25677965,0.33911231
4b1f_DGL_B_1256,0.0023638514,0.97911739,0.11552365,0.14640249,0.47518591,0.25676391,0.33905995
4b1y_LAB_B_1376,0.53875606,0.65527067,0.13806342,0.1543532,0.49229389,0.24950296,0.31744995
4b5v_E8U_A_1253,0,0.65478447,0.12232011,0.14469311,0.48660879,0.25383706,0.32529033
4b5v_E8U_B_1254,0.88630508,0.65558433,0.14821815,0.16058419,0.49596102,0.24670749,0.31239286
4b98_PXG_A_470,0,0.95105891,0.11604861,0.14621585,0.47615142,0.256528,0.33789995
4b98_PXG_B_470,0,0.98621689,0.11530423,0.14639661,0.47491029,0.25684744,0.33939664
4b98_PXG_C_470,0.53812682,0,0.1519223,0.15097686,0.51541852,0.24355379,0.28956489
4b98_PXG_D_470,0.53812682,0,0.1519223,0.15097686,0.51541852,0.24355379,0.28956489
4bbx_LKF_A_1760,0.97978534,0,0.16482719,0.15889095,0.52008811,0.24000149,0.28313052
4bbx_LKF_B_1760,0.89580478,0,0.16237215,0.15738542,0.51919989,0.24067738,0.2843547
4bdr_KAI_B_900,0.92350269,0.6556179,0.14930507,0.16125113,0.49635353,0.24640826,0.31185156
4buf_F36_A_2162,0.97707337,0,0.16474791,0.15884234,0.52005943,0.24002332,0.28317005
4buv_16I_A_2165,0.99517154,0,0.15688409,0.19832674,0.93846317,0.32439265,0
4buv_16I_C_2165,0.9953134,0,0.16528113,0.15916933,0.52025234,0.23987652,0.28290417
4bux_F35_A_2166,0.81415458,0,0.15998524,0.15592167,0.51833632,0.24133452,0.28554492
4bux_F35_C_2165,0.80383236,0,0.15968349,0.15573662,0.51822715,0.24141759,0.28569538
4bvh_OCZ_A_1393,2.4791712e-05,0,0.13618546,0.14132666,0.50972573,0.24788676,0.29741247
4bvh_OCZ_B_1392,0.9877122,0,0.16505892,0.15903306,0.52017195,0.2399377,0.28301497
4bz6_SHH_A_700,0.95973613,0.6556506,0.15036382,0.16190078,0.49673586,0.2461168,0.31132429
4bz6_SHH_B_700,0.97872213,0.65566774,0.1509186,0.16224119,0.4969362,0.24596407,0.31104801
4bz6_SHH_C_700,0.93851565,0.65563145,0.14974375,0.16152031,0.49651195,0.2462875,0.31163309
4bz6_SHH_D_700,0.98935604,0.65567733,0.15122932,0.16243185,0.49704841,0.24587853,0.31089326
4c2z_646_A_1498,0.95322667,0.65564473,0.15017361,0.16178407,0.49666717,0.24616916,0.31141902
4c2z_646_B_1498,0,0.65478447,0.12232011,0.14469311,0.48660879,0.25383706,0.32529033
4c67_L5S_A_1170,0,0.98503551,0.11532924,0.14639054,0.47495199,0.2568367,0.33934635
4c7g_NGO_A_1495,0.53875606,0.65527067,0.13806342,0.1543532,0.49229389,0.24950296,0.31744995
4can_M7K_A_800,0.53875606,0.65527067,0.13806342,0.1543532,0.49229389,0.24950296,0.31744995
4cb5_93G_A_1484,0,0.65478447,0.12232011,0.14469311,0.48660879,0.25383706,0.32529033
4ccu_AWF_A_1500,0.9827705,0.65567139,0.15103689,0.16231378,0.49697892,0.2459315,0.3109891
4cdt_M48_A_801,0.53875606,0.65527067,0.13806342,0.1543532,0.49229389,0.24950296,0.31744995
4cdt_M48_B_801,0,0.67203639,0.15677484,0,1.4228179e-13,0,0
4cjs_L0Y_B_1217,0.98314179,0.96678194,0.14445628,0.1639216,0.48599452,0.24875838,0.32423805
4cju_JNS_A_1217,0,0.92148333,0.11667479,0.1460638,0.47719549,0.25625929,0.3366409
4cju_JNS_B_1214,0,0.98273282,0.115378,0.1463787,0.47503328,0.25681578,0.33924832
4cjv_IV2_A_1212,0.99438721,0.65568187,0.15137633,0.16252206,0.4971015,0.24583806,0.31082005
4cjv_IV2_B_1215,0.9945621,0.99581782,0.14417538,0.16427562,0.48509028,0.24893028,0.32530765
4cjw_CBJ_A_1215,0.975414,0.94785945,0.14463101,0.16368578,0.48658078,0.24864865,0.32354515
4cjw_CBJ_A_1216,4.6666931e-07,0,0.13618475,0.14132622,0.50972547,0.24788696,0.29741283
4cjw_CBJ_B_1217,0.99189749,0.9296023,0.14549942,0.16388742,0.48739963,0.24835011,0.32252766
4cjw_CBJ_B_1218,0.53876741,0.66709005,0.13781152,0.15441481,0.49187442,0.24961163,0.31795725
4cld_JUO_A_1270,0.99589984,0.65568324,0.15142053,0.16254918,0.49711746,0.24582589,0.31079804
4cld_JUO_B_1270,0,0.65478447,0.12232011,0.14469311,0.48660879,0.25383706,0.32529033
4cld_JUO_C_1270,0,0.65478447,0.12232011,0.14469311,0.48660879,0.25383706,0.32529033
4cle_JR2_A_1271,0,0,0.13618474,0.14132621,0.50972547,0.24788696,0.29741283
4cle_JR2_B_1270,0.99593436,0,0.16529928,0.15918046,0.52025891,0.23987152,0.28289512
4cle_JR2_C_1270,0.99120331,0,0.16516097,0.15909565,0.52020887,0.2399096,0.28296408
4cle_JR2_D_1270,0.99116582,0,0.16515988,0.15909497,0.52020847,0.2399099,0.28296463
4cle_JR2_D_1271,0,0,0.13618474,0.14132621,0.50972547,0.24788696,0.29741283
4clo_XP0_B_1270,0,0.65478447,0.12232011,0.14469311,0.48660879,0.25383706,0.32529033
4clr_FDB_A_1270,0.53875606,0.65527067,0.13806342,0.1543532,0.49229389,0.24950296,0.31744995
4clr_FDB_B_1270,0.53875606,0.65527067,0.13806342,0.1543532,0.49229389,0.24950296,0.31744995
4cme_KTZ_A_1270,0.9896458,0.65567759,0.15123779,0.16243705,0.49705147,0.2458762,0.31088905
4cme_KTZ_B_1270,0.98976229,0.6556777,0.15124119,0.16243914,0.4970527,0.24587526,0.31088735
4cmk_FQW_A_1270,0.9571559,0.65564827,0.15028843,0.16185452,0.49670864,0.24613755,0.31136184
4cmk_FQW_B_1270,0,0.65478447,0.12232011,0.14469311,0.48660879,0.25383706,0.32529033
4cmk_FQW_C_1270,0.95793718,0.65564898,0.15031125,0.16186853,0.49671688,0.24613127,0.31135047
4cmk_FQW_D_1270,0.99061305,0.65567847,0.15126605,0.16245439,0.49706167,0.24586842,0.31087497
4cno_9PY_B_301,0,0.94810296,0.056094854,0.39911273,0.99307578,0.99288681,0.99297493
4cno_9PY_C_301,0.5293284,0.65371074,0.14523965,1.7816544e-130,0.40415048,0.18137622,0.24477519
4cpp_ADM_A_422,0.99500518,0.9350857,0.14547417,0.16397132,0.48723892,0.24837492,0.32271579
4cvb_PQQ_A_1608,0,0,0.13618474,0.14132621,0.50972547,0.24788696,0.29741283
4cw2_XDS_A_1303,0,0.65478447,0.12232011,0.14469311,0.48660879,0.25383706,0.32529033
4cx6_Q16_A_800,0.53875606,0.65527067,0.13806342,0.1543532,0.49229389,0.24950296,0.31744995
4cx6_Q16_B_800,0.53875606,0.65527067,0.13806342,0.1543532,0.49229389,0.24950296,0.31744995
4d06_NAR_A_301,0.53875606,0.65527067,0.13806342,0.1543532,0.49229389,0.24950296,0.31744995
4d06_NAR_C_301,0.53875606,0.65527067,0.13806342,0.1543532,0.49229389,0.24950296,0.31744995
4d06_NAR_D_302,0.53875606,0.65527067,0.13806342,0.1543532,0.49229389,0.24950296,0.31744995
4d06_NAR_E_301,0.53875606,0.65527067,0.13806342,0.1543532,0.49229389,0.24950296,0.31744995
4d06_NAR_F_301,0.53875606,0.65527067,0.13806342,0.1543532,0.49229389,0.24950296,0.31744995
4d06_NAR_F_302,0.9941494,0.22789637,0.160422,0.16032013,0.51219489,0.24195649,0.29262281
4d06_X8W_B_301,0.99502186,0.65568245,0.15139488,0.16253344,0.49710819,0.24583295,0.31081082
4d06_X8W_D_303,0.99223868,0.65567993,0.15131355,0.16248354,0.49707883,0.24585534,0.31085132
4d0z_BBK_A_1581,0.93187622,0.9382103,0.14356255,0.16285566,0.48646094,0.24891138,0.32376903
4d0z_BBK_B_1580,0.95713481,0,0.16416504,0.15848489,0.51984855,0.24018379,0.2834607
4d0z_BBK_E_1584,0.92336522,0,0.16317784,0.1578795,0.51949138,0.24045557,0.28395296
4d2c_ALA_A_508,0.99307788,0.97327179,0.14460934,0.16413309,0.4858705,0.24873738,0.32436948
4d3s_BOG_F_1000,0.96742037,0.65565754,0.15058836,0.16203856,0.49681695,0.24605498,0.31121247
4d3s_BOG_H_1000,0.95094108,0.65564266,0.15010683,0.16174309,0.49664306,0.24618754,0.31145228
4d4u_FUC_A_950,0.98504497,0.96898335,0.14446531,0.16396704,0.48593693,0.24876306,0.32430402
4d4u_FUC_B_950,0.99300574,0.99048334,0.14424283,0.16422029,0.48526214,0.24889433,0.32510324
4d5e_TPP_A_1589,0.53875606,0.65527067,0.13806342,0.1543532,0.49229389,0.24950296,0.31744995
4d5e_TPP_B_1590,0,0.65478447,0.12232011,0.14469311,0.48660879,0.25383706,0.32529033
4d6z_PK9_A_1600,8.3803221e-06,0.65478447,0.12232036,0.14469326,0.48660888,0.25383699,0.32529021
4d96_5PA_A_501,0.53875606,0.65527067,0.13806342,0.1543532,0.49229389,0.24950296,0.31744995
4d96_5PA_B_501,0.53875606,0.65527067,0.13806342,0.1543532,0.49229389,0.24950296,0.31744995
4d96_5PA_C_402,0.53875606,0.65527067,0.13806342,0.1543532,0.49229389,0.24950296,0.31744995
4dab_HPA_A_301,0.26485807,0.65502349,0.13005933,0.14944191,0.48940355,0.2517065,0.32143613
4dch_4DC_A_502,0.53875606,0.65527067,0.13806342,0.1543532,0.49229389,0.24950296,0.31744995
4dch_GLC_A_501,0,0.98351441,0.11536145,0.14638272,0.47500569,0.25682288,0.3392816
4dd8_BAT_B_1000,0.93643228,0.65562957,0.14968288,0.16148295,0.49648996,0.24630426,0.31166341
4dd8_BAT_D_1000,0,0.65478447,0.12232011,0.14469311,0.48660879,0.25383706,0.32529033
4do1_ANN_A_502,0.99576008,0.98213036,0.1445002,0.16422672,0.48558615,0.24879627,0.3247075
4do1_ANN_C_502,0.99806827,0.97909159,0.14463201,0.16425248,0.48571783,0.24875009,0.32454449
4do1_ANN_D_502,0.99500566,0.97936974,0.14453659,0.164199,0.48567562,0.24877726,0.32460098
4dt8_ADN_A_401,0,0.65478447,0.12232011,0.14469311,0.48660879,0.25383706,0.32529033
4dt8_ADN_B_401,0.9783334,0.65566738,0.15090724,0.16223422,0.4969321,0.2459672,0.31105367
4dta_ADN_A_401,0.53875606,0.65527067,0.13806342,0.1543532,0.49229389,0.24950296,0.31744995
4dta_ADN_B_401,0.98202126,0.65567071,0.151015,0.16230034,0.49697101,0.24593753,0.311
4dtb_GMP_A_401,0,0,0.13618474,0.14132621,0.50972547,0.24788696,0.29741283
4dtb_GMP_B_401,0.99279644,0,0.16520755,0.15912421,0.52022572,0.23989678,0.28294086
4du7_DP6_A_401,0.53875606,0.65527067,0.13806342,0.1543532,0.49229389,0.24950296,0.31744995
4du7_DP6_B_401,0.53875606,0.65527067,0.13806342,0.1543532,0.49229389,0.24950296,0.31744995
4dvw_0M4_A_512,0.74357877,0.65545553,0.14404765,0.15802517,0.49445498,0.2478556,0.31446981
4dvw_0M4_B_512,0.62514079,0.99097395,0.1334785,0.15762805,0.48135412,0.25185943,0.33048649
4dwv_PFB_A_378,0.99004499,0.98319331,0.14431062,0.16412973,0.48548818,0.24885193,0.32483606
4dwv_PFB_B_378,0.99182577,0.98198648,0.14438823,0.16415545,0.48554961,0.24882663,0.32475873
4e7v_CRS_1_101,0,0.98431918,0.11534441,0.14638685,0.47497728,0.2568302,0.33931586
4e7v_CRS_3_101,0.99789088,0.97780262,0.14465412,0.16424267,0.48576146,0.24873981,0.32449221
4e7v_CRS_A_101,0.99772182,0.98615407,0.14447235,0.16428258,0.48546485,0.24881704,0.3248502
4e7v_CRS_C_101,0.039583284,0.99096455,0.11636087,0.14713063,0.47516134,0.256572,0.33902175
4e7v_CRS_E_101,0.25271518,0.9905427,0.12260037,0.15094931,0.4774304,0.25485285,0.33589697
4e7v_CRS_G_101,0.99448582,0.99519348,0.14418637,0.16427104,0.48511152,0.24892522,0.32528218
4e7v_CRS_I_101,0.9978539,0.98707028,0.14445682,0.16428966,0.4854339,0.24882431,0.32488727
4e7v_CRS_K_101,0.99652202,0.9820967,0.14452318,0.16424021,0.48559539,0.24878984,0.32469496
4e7v_CRS_M_101,0.99555703,0.98743952,0.14438185,0.16425038,0.48539658,0.24884615,0.32493648
4e7v_CRS_O_101,0.9942327,0.98736929,0.14434463,0.16422628,0.48538505,0.24885617,0.32495279
4e7v_CRS_S_101,0.18070844,0.98539739,0.1206043,0.14963198,0.47685047,0.25538562,0.33672757
4e7v_CRS_Y_101,0.99746277,0.98949961,0.14439395,0.16429513,0.48534401,0.24884953,0.32499639
4e9z_651_A_301,0.99823689,0.65331354,0.17192923,0.076179436,0.25526945,0,0.11086052
4ea0_651_A_306,0.53875606,0.65527067,0.13806342,0.1543532,0.49229389,0.24950296,0.31744995
4eip_K2C_A_601,0.53875606,0.65527067,0.13806342,0.1543532,0.49229389,0.24950296,0.31744995
4ejh_0QA_A_502,0.99249055,0.59102642,0.1526852,0.16215734,0.49935822,0.24526913,0.30810565
4ejh_0QA_D_502,0.53875606,0.65527067,0.13806342,0.1543532,0.49229389,0.24950296,0.31744995
4ejh_0QA_E_502,0.72563523,9.265573e-05,0.15739556,0.15433525,0.51739683,0.24204778,0.28683921
4ek1_CAM_A_502,0.066424545,0.98567145,0.11725759,0.14758461,0.47563208,0.25630789,0.33840515
4ekr_0R0_A_202,0.9971705,0.99177384,0.14433725,0.16430159,0.48526063,0.24887254,0.32509747
4ekr_0R0_B_203,0,0.99207739,2.5371354e-36,0.15001397,0.48476293,0.26483265,0.34820997
4evi_C9M_A_402,0,0.97820645,0.11547383,0.14635543,0.47519307,0.25677466,0.33905563
4evi_N7I_B_401,0.99517936,0.99259439,0.14426167,0.16427011,0.48521061,0.24889602,0.32516143
4evq_PHB_A_406,0.99542033,0.99270094,0.14426646,0.16427498,0.48520939,0.24889505,0.32516245
4evq_PHB_B_402,0.98976449,0.99211104,0.14411361,0.16417055,0.4851704,0.24893521,0.32521978
4evs_PHB_A_408,0.53875606,0.65527067,0.13806342,0.1543532,0.49229389,0.24950296,0.31744995
4f06_PHB_A_401,0.53875606,0.65527067,0.13806342,0.1543532,0.49229389,0.24950296,0.31744995
4f8n_PC_A_202,0.9663152,0.92965042,0.14475055,0.16342905,0.48712736,0.24855643,0.32290262
4fa2_SB0_A_402,0.53875606,0.65527067,0.13806342,0.1543532,0.49229389,0.24950296,0.31744995
4fh7_TBP_A_202,0.02861531,0.020652629,0.136584,0.14194538,0.50929904,0.2478443,0.2978749
4fm6_TYR_C_259,0,0,0.13618474,0.14132621,0.50972547,0.24788696,0.29741283
4fra_GAL_A_402,0.9772443,0.98949227,0.14380305,0.16393264,0.48513043,0.24901218,0.32529081
4fxr_BMP_A_301,0.9869602,0.65567517,0.15115931,0.1623889,0.49702313,0.2458978,0.31092813
4fxr_BMP_B_301,0.99338946,0.65568097,0.15134718,0.16250417,0.49709097,0.24584608,0.31083457
4g1x_TQU_A_410,0.53875606,0.65527067,0.13806342,0.1543532,0.49229389,0.24950296,0.31744995
4gcq_0JM_A_401,0,0.91666671,0.11677677,0.14603903,0.47736553,0.25621553,0.33643585
4gh8_MTX_B_201,0.53875606,0.65527067,0.13806342,0.1543532,0.49229389,0.24950296,0.31744995
4ghf_4NC_A_402,0,0.65478447,0.12232011,0.14469311,0.48660879,0.25383706,0.32529033
4ghf_4NC_C_402,0,0.65478447,0.12232011,0.14469311,0.48660879,0.25383706,0.32529033
4ghf_4NC_D_402,0,0.65478447,0.12232011,0.14469311,0.48660879,0.25383706,0.32529033
4gim_PSU_A_400,0,0.86227518,0.11792837,0.14575939,0.47928564,0.25572134,0.33412037
4gim_PSU_C_400,0.94561269,0.79013062,0.1470993,0.1623406,0.49183369,0.24745542,0.31726496
4gmu_OXL_A_705,0,0.65478447,0.12232011,0.14469311,0.48660879,0.25383706,0.32529033
4gnp_PEP_A_703,0.99025742,0.65567815,0.15125566,0.16244801,0.49705792,0.24587128,0.31088015
4gps_CIT_A_501,0,0.65478447,0.12232011,0.14469311,0.48660879,0.25383706,0.32529033
4gt9_MEF_A_304,0.53875606,0.65527067,0.13806342,0.1543532,0.49229389,0.24950296,0.31744995
4gt9_UMP_A_302,0.49790126,0,0.15074008,0.15025215,0.51499149,0.24387977,0.29015494
4gy9_ZIP_A_201,0.99409346,0.98823186,0.14432229,0.16422821,0.48535313,0.24886512,0.32499154
4h0x_LAR_B_403,0,0.98401795,0.11535079,0.14638531,0.47498791,0.25682746,0.33930303
4h4c_10D_A_402,0,0.92458211,0.11660918,0.14607973,0.4770861,0.25628744,0.33677281
4h4c_10D_B_402,0,0.90521305,0.11701927,0.14598015,0.47776986,0.25611146,0.33594826
4h9g_14J_A_512,0.0034863285,0.97718225,0.11559743,0.14641266,0.4752661,0.25673729,0.33896121
4h9x_HL4_A_404,0.58616657,0.65531347,0.13944803,0.15520283,0.49279398,0.24912185,0.31676046
4h9x_HL4_B_404,0.54444563,0.69167149,0.1275958,0.19654741,0.61854745,0.34060495,0.41578163
4hey_4MZ_A_303,0.8082825,0,0.19141843,0.24828796,0,0,0
4hey_4MZ_A_308,0.8286018,0.65553226,0.14653205,0.1595496,0.49535214,0.24717166,0.31323255
4hez_1MZ_A_302,0,0.65478447,0.12232011,0.14469311,0.48660879,0.25383706,0.32529033
4hez_1MZ_A_304,0.22115159,0.65498405,0.12878221,0.14865827,0.48894237,0.25205808,0.32207215
4hez_1MZ_A_306,0.19139974,0.6549572,0.12791286,0.14812483,0.48862843,0.25229741,0.32250509
4hez_1MZ_A_307,0.076795885,0.65485377,0.12456411,0.14607003,0.48741914,0.2532193,0.3241728
4hgg_SYN_A_502,0.99810189,0.86131549,0.14712659,0.16364756,0.48987589,0.24767974,0.31953021
4hgg_SYN_B_502,0.99201502,0.94275026,0.14522449,0.16395712,0.48693672,0.24846862,0.32308566
4hmx_WUB_A_302,0.0001287914,0,0.13618851,0.14132852,0.50972683,0.24788592,0.29741096
4hoz_GLC_A_703,0.53875606,0.65527067,0.13806342,0.1543532,0.49229389,0.24950296,0.31744995
4hrq_AZG_B_201,0,0.65478447,0.12232011,0.14469311,0.48660879,0.25383706,0.32529033
4hxk_1AJ_A_201,0.53875606,0.65527067,0.13806342,0.1543532,0.49229389,0.24950296,0.31744995
4hzf_CMP_A_301,0.53875606,0.65527067,0.13806342,0.1543532,0.49229389,0.24950296,0.31744995
4hzf_CMP_B_301,0.53875606,0.65527067,0.13806342,0.1543532,0.49229389,0.24950296,0.31744995
4i02_CMP_A_301,0.53875606,0.65527067,0.13806342,0.1543532,0.49229389,0.24950296,0.31744995
4i02_CMP_A_302,0.5293284,0.65371074,0.14523965,6.9601278e-25,0.40415048,0.18137622,0.24477519
4i02_CMP_B_301,0.96012242,0.99292378,0.14322987,0.16364333,0.4848282,0.24918116,0.32568647
4i02_CMP_C_301,0.53875606,0.65527067,0.13806342,0.1543532,0.49229389,0.24950296,0.31744995
4i02_CMP_D_301,0.53875606,0.65527067,0.13806342,0.1543532,0.49229389,0.24950296,0.31744995
4i02_CMP_D_302,0.53875606,0.65527067,0.13806342,0.1543532,0.49229389,0.24950296,0.31744995
4i02_CMP_F_301,0.53875606,0.65527067,0.13806342,0.1543532,0.49229389,0.24950296,0.31744995
4i0b_CMP_A_301,0.53875606,0.65527067,0.13806342,0.1543532,0.49229389,0.24950296,0.31744995
4i0b_CMP_B_301,0.53875606,0.65527067,0.13806342,0.1543532,0.49229389,0.24950296,0.31744995
4i0g_1B9_A_504,0.80440916,0.65551042,0.14582513,0.15911583,0.49509686,0.24736627,0.3135846
4i2p_G73_A_601,0.53875606,0.65527067,0.13806342,0.1543532,0.49229389,0.24950296,0.31744995
4i4v_NGA_A_201,0,0.94789829,0.11611553,0.1461996,0.476263,0.25649929,0.3377654
4i4v_NGA_A_202,0.53875606,0.65527067,0.13806342,0.1543532,0.49229389,0.24950296,0.31744995
4i4v_NGA_B_201,0.53875606,0.65527067,0.13806342,0.1543532,0.49229389,0.24950296,0.31744995
4i4v_NGA_B_202,0,0.97947437,0.11544699,0.14636195,0.47514831,0.25678618,0.33910961
4i4v_NGA_D_202,0.53875606,0.65527067,0.13806342,0.1543532,0.49229389,0.24950296,0.31744995
4i6s_FUC_A_101,0.98624321,0.94468373,0.14501482,0.16386359,0.48680742,0.24853264,0.3232521
4i6s_FUC_A_102,0,0.92303043,0.11664204,0.14607175,0.47714088,0.25627334,0.33670676
4i6s_FUC_B_101,0.52744812,0.95106866,0.1314675,0.15567154,0.4817296,0.25228311,0.33021176
4i6s_FUC_B_102,0.97359678,0.96207217,0.14427697,0.16372627,0.48605983,0.24879241,0.32417669
4i6w_1CO_A_501,0.00035806334,0.65478479,0.12233058,0.14469953,0.48661257,0.25383418,0.32528512
4i6w_1CO_B_1001,0.98595935,0.65567427,0.15113007,0.16237095,0.49701257,0.24590585,0.31094269
4i6y_MEV_A_501,0,0.97424084,0.11555779,0.14633504,0.47533306,0.25673863,0.33888681
4i6y_MEV_B_1001,0.99439308,0.97619063,0.14458599,0.16417168,0.48578137,0.24875331,0.32447457
4i7n_1DJ_A_202,0.99716477,0.99635442,0.14424011,0.16432503,0.48509887,0.24891421,0.32529255
4i7n_1DJ_B_203,0.99866992,0.99500498,0.14431268,0.16434508,0.48516243,0.24888983,0.32521316
4i9n_1E5_A_402,0.53875606,0.65527067,0.13806342,0.1543532,0.49229389,0.24950296,0.31744995
4i9n_1E5_B_402,0.53875606,0.65527067,0.13806342,0.1543532,0.49229389,0.24950296,0.31744995
4i9n_1E5_C_402,0.53875606,0.65527067,0.13806342,0.1543532,0.49229389,0.24950296,0.31744995
4i9n_1E5_D_402,0.8644883,0.96793648,0.1409632,0.16180042,0.48469883,0.24972381,0.32601681
4i9n_1E5_F_402,0.53875606,0.65527067,0.13806342,0.1543532,0.49229389,0.24950296,0.31744995
4i9n_1E5_G_402,0.53875606,0.65527067,0.13806342,0.1543532,0.49229389,0.24950296,0.31744995
4i9n_1E5_H_402,0.53875606,0.65527067,0.13806342,0.1543532,0.49229389,0.24950296,0.31744995
4i9n_1E6_A_401,0.53875606,0.65527067,0.13806342,0.1543532,0.49229389,0.24950296,0.31744995
4i9n_1E6_B_401,0.53875606,0.65527067,0.13806342,0.1543532,0.49229389,0.24950296,0.31744995
4i9n_1E6_C_401,0.53875606,0.65527067,0.13806342,0.1543532,0.49229389,0.24950296,0.31744995
4i9n_1E6_D_401,0.53875606,0.65527067,0.13806342,0.1543532,0.49229389,0.24950296,0.31744995
4i9n_1E6_H_401,0.53875606,0.65527067,0.13806342,0.1543532,0.49229389,0.24950296,0.31744995
4ict_1ED_A_406,0.98235538,0.65567101,0.15102476,0.16230633,0.49697454,0.24593484,0.31099514
4ioq_BAQ_A_201,0.53875606,0.65527067,0.13806342,0.1543532,0.49229389,0.24950296,0.31744995
4iph_1FJ_A_201,0.98293708,0,0.16491932,0.15894746,0.52012144,0.23997613,0.28308458
4iph_1FJ_A_202,0.0023835989,0,0.13625442,0.14136894,0.50975068,0.24786778,0.29737809
4itu_1HS_A_302,7.9335427e-06,0.65478447,0.12232035,0.14469325,0.48660887,0.253837,0.32529022
4itu_1HS_C_302,7.119074e-06,0.65478447,0.12232032,0.14469324,0.48660887,0.253837,0.32529023
4itu_1HS_D_302,5.1528215e-06,0.65478447,0.12232026,0.1446932,0.48660884,0.25383702,0.32529026
4ixw_IXW_A_302,0.96004684,0,0.16425017,0.1585371,0.51987935,0.24016035,0.28341825
4ixw_IXW_B_302,0.00090207446,0.8743118,0.11769989,0.14583745,0.47887027,0.25582344,0.33461963
4j0k_EGR_A_501,0.9034004,0.7287984,0.14716384,0.16126853,0.49355237,0.2472379,0.31526934
4j0k_EGR_B_501,0.9409488,0.77542336,0.14727435,0.16218138,0.49230356,0.24735933,0.31670685
4j4b_0TF_A_904,0.97641548,0,0.16472868,0.15883054,0.52005247,0.24002861,0.28317964
4j4b_0TF_B_301,0.97586855,0,0.16471269,0.15882074,0.52004668,0.24003302,0.28318762
4j5h_1K4_A_303,0,0.94585595,0.11615877,0.1461891,0.4763351,0.25648073,0.33767845
4j7u_YTZ_A_802,0.53875606,0.65527067,0.13806342,0.1543532,0.49229389,0.24950296,0.31744995
4j7u_YTZ_B_802,0.53875606,0.65527067,0.13806342,0.1543532,0.49229389,0.24950296,0.31744995
4j7u_YTZ_C_802,0.53875606,0.65527067,0.13806342,0.1543532,0.49229389,0.24950296,0.31744995
4j7u_YTZ_D_802,0.53875606,0.65527067,0.13806342,0.1543532,0.49229389,0.24950296,0.31744995
4jb0_ENO_A_402,0.93883266,0,0.16363,0.15815679,0.51965497,0.24033109,0.28372749
4jb0_FER_A_401,0,0.65478447,0.12232011,0.14469311,0.48660879,0.25383706,0.32529033
4jh6_FCN_A_202,0.99536604,0.92701857,0.14565552,0.16393631,0.48752752,0.24829872,0.32236711
4jh6_FCN_B_202,0,0,0.13618474,0.14132621,0.50972547,0.24788696,0.29741283
4jm8_26D_A_302,0.99824273,0.99634861,0.14427174,0.16434433,0.48511047,0.24890548,0.32527659
4jmz_1M2_A_302,0.99655803,0.99511189,0.14424868,0.16430777,0.48513631,0.2489078,0.3252485
4jp3_CIT_A_301,0,0.95892052,0.11588216,0.14625627,0.4758739,0.25659943,0.33823462
4jwx_1N4_A_301,0.53875606,0.65527067,0.13806342,0.1543532,0.49229389,0.24950296,0.31744995
4jzx_476_B_402,0.53875606,0.65527067,0.13806342,0.1543532,0.49229389,0.24950296,0.31744995
4jzx_IPE_A_401,0.53875606,0.65527067,0.13806342,0.1543532,0.49229389,0.24950296,0.31744995
4jzx_IPE_B_401,0.98659831,0.97311959,0.17898376,0.016879175,2.6341609e-09,0,0
4k5g_Q13_A_803,0.5430271,0.65286993,0.15883482,0.067077498,0.24785321,7.7436588e-13,0.11533558
4k5g_Q13_B_803,0.53875606,0.65527067,0.13806342,0.1543532,0.49229389,0.24950296,0.31744995
4k5u_GAL_A_301,0.99269207,0.989861,0.10119294,0.34562151,0.89886766,0.64219652,0.88534041
4k5u_GAL_B_301,0.53875606,0.65527067,0.13806342,0.1543532,0.49229389,0.24950296,0.31744995
4k5u_GAL_C_301,0.53875606,0.65527067,0.13806342,0.1543532,0.49229389,0.24950296,0.31744995
4k5u_GAL_D_301,0.53875606,0.65527067,0.13806342,0.1543532,0.49229389,0.24950296,0.31744995
4k90_MLA_A_704,0.98196275,0.65567066,0.15101329,0.16229929,0.4969704,0.245938,0.31100085
4kcf_FMN_A_502,0,0,0.13618474,0.14132621,0.50972547,0.24788696,0.29741283
4kp7_1UQ_A_503,0,0,0.13618474,0.14132621,0.50972547,0.24788696,0.29741283
4kqk_PCR_A_403,0.53875606,0.65527067,0.13806342,0.1543532,0.49229389,0.24950296,0.31744995
4kqk_PCR_B_703,0.53875606,0.65527067,0.13806342,0.1543532,0.49229389,0.24950296,0.31744995
4kqx_HIO_B_401,0.80305821,0.6555092,0.14578566,0.15909161,0.49508261,0.24737714,0.31360426
4kux_FPS_A_704,0.53875606,0.65527067,0.13806342,0.1543532,0.49229389,0.24950296,0.31744995
4kux_FPS_B_405,0.53875606,0.65527067,0.13806342,0.1543532,0.49229389,0.24950296,0.31744995
4kux_FPS_C_705,0.53875606,0.65527067,0.13806342,0.1543532,0.49229389,0.24950296,0.31744995
4kux_FPS_D_704,0.53875606,0.65527067,0.13806342,0.1543532,0.49229389,0.24950296,0.31744995
4kwk_CSS_A_302,0.53875606,0.65527067,0.13806342,0.1543532,0.49229389,0.24950296,0.31744995
4l1x_STR_A_402,0.53875606,0.65527067,0.13806342,0.1543532,0.49229389,0.24950296,0.31744995
4l1x_STR_B_402,0.53875606,0.65527067,0.13806342,0.1543532,0.49229389,0.24950296,0.31744995
4l4d_CAM_A_503,0,0.97883744,0.11546047,0.14635867,0.47517079,0.25678039,0.33908249
4l80_OXL_A_402,0.53875606,0.65527067,0.13806342,0.1543532,0.49229389,0.24950296,0.31744995
4l80_OXL_B_402,0.53875606,0.65527067,0.13806342,0.1543532,0.49229389,0.24950296,0.31744995
4l80_OXL_C_402,0.53875606,0.65527067,0.13806342,0.1543532,0.49229389,0.24950296,0.31744995
4l80_OXL_D_402,0.53875606,0.65527067,0.13806342,0.1543532,0.49229389,0.24950296,0.31744995
4l80_OXL_E_402,0.53875606,0.65527067,0.13806342,0.1543532,0.49229389,0.24950296,0.31744995
4l8q_XMM_A_303,0.12899927,0.82378864,0.1225143,0.14787411,0.48200864,0.25433346,0.33060156
4l91_X29_A_301,0.53875606,0.65527067,0.13806342,0.1543532,0.49229389,0.24950296,0.31744995
4lcq_URQ_A_603,0,0.92246362,0.11665404,0.14606884,0.47716089,0.25626819,0.33668263
4lek_1DN_X_202,0,0.99418086,0.11513562,0.14643756,0.47462914,0.2569198,0.33973567
4lm7_U5P_A_201,0.53875606,0.65527067,0.13806342,0.1543532,0.49229389,0.24950296,0.31744995
4lol_1YE_A_401,0.53875606,0.65527067,0.13806342,0.1543532,0.49229389,0.24950296,0.31744995
4lol_1YE_A_402,0.53875606,0.65527067,0.13806342,0.1543532,0.49229389,0.24950296,0.31744995
4luu_BTM_A_704,0.00048386375,0,0.13619889,0.14133489,0.50973058,0.24788307,0.29740578
4lvb_20N_A_601,0.99175998,0.99096027,0.17876095,0.017051916,3.6617963e-07,0,0
4lvb_20N_B_601,0.99380289,0.99418104,0.14418784,0.16425359,0.48514004,0.24892152,0.32524904
4lz3_BTM_A_409,0.98642741,0.98622247,0.14414073,0.16408045,0.48534298,0.24890857,0.32501775
4lz7_1YW_C_804,0.53875606,0.65527067,0.13806342,0.1543532,0.49229389,0.24950296,0.31744995
4lz7_GLU_A_802,0.53875606,0.65527067,0.13806342,0.1543532,0.49229389,0.24950296,0.31744995
4m2c_DAR_C_402,0.97985841,0,0.16482932,0.15889226,0.52008888,0.24000091,0.28312946
4m54_AE5_A_403,0.53875606,0.65527067,0.13806342,0.1543532,0.49229389,0.24950296,0.31744995
4m72_M72_A_402,0,0.65478447,0.12232011,0.14469311,0.48660879,0.25383706,0.32529033
4m72_M72_B_402,0,0.65478447,0.12232011,0.14469311,0.48660879,0.25383706,0.32529033
4ma8_Z80_C_301,0,0.73788609,0.12056197,0.14511988,0.4836768,0.25459118,0.32882506
4mgj_CPZ_A_502,8.6485453e-05,0.65478454,0.12232264,0.14469466,0.4866097,0.25383636,0.32528908
4mig_G3F_A_802,0.53875606,0.65527067,0.13806342,0.1543532,0.49229389,0.24950296,0.31744995
4mig_G3F_B_802,0.53875606,0.65527067,0.13806342,0.1543532,0.49229389,0.24950296,0.31744995
4mig_G3F_C_802,0.53875606,0.65527067,0.13806342,0.1543532,0.49229389,0.24950296,0.31744995
4mig_G3F_D_802,0.53875606,0.65527067,0.13806342,0.1543532,0.49229389,0.24950296,0.31744995
4mol_2FG_A_802,0,0.97251366,4.6277335e-34,0.14992103,0.485475,0.26467189,0.34739555
4mol_2FG_B_802,0.53875606,0.65527067,0.13806342,0.1543532,0.49229389,0.24950296,0.31744995
4mol_2FG_C_703,0.53875606,0.65527067,0.13806342,0.1543532,0.49229389,0.24950296,0.31744995
4mop_2H5_A_802,0.53875606,0.65527067,0.13806342,0.1543532,0.49229389,0.24950296,0.31744995
4mop_2H5_B_802,0.53875606,0.65527067,0.13806342,0.1543532,0.49229389,0.24950296,0.31744995
4mop_2H5_C_703,0.53875606,0.65527067,0.13806342,0.1543532,0.49229389,0.24950296,0.31744995
4mpr_TPP_A_602,0.53875606,0.65527067,0.13806342,0.1543532,0.49229389,0.24950296,0.31744995
4mr7_2BV_A_501,0,0,0.13618474,0.14132621,0.50972547,0.24788696,0.29741283
4mr8_2BW_A_507,0,0.65478447,0.12232011,0.14469311,0.48660879,0.25383706,0.32529033
4mux_2E4_A_402,0,0.65478447,0.12232011,0.14469311,0.48660879,0.25383706,0.32529033
4n36_2F8_A_401,0,0.65478447,0.12232011,0.14469311,0.48660879,0.25383706,0.32529033
4n36_2F8_B_401,0,0.65478447,0.12232011,0.14469311,0.48660879,0.25383706,0.32529033
4n36_2F8_C_401,0,0.95707559,0.15071319,0,0,0,0
4n36_2F8_D_401,0.95954446,0.65565043,0.15035822,0.16189734,0.49673384,0.24611834,0.31132708
4n4j_HG1_A_605,0.96596352,0.94848261,0.14434154,0.16351956,0.48645883,0.24873037,0.32370944
4n4j_HG1_A_606,0.53875606,0.65527067,0.13806342,0.1543532,0.49229389,0.24950296,0.31744995
4n4j_HG1_A_607,0.53875606,0.65527067,0.13806342,0.1543532,0.49229389,0.24950296,0.31744995
4n4j_HG1_A_608,0.53895774,0.86529873,0.13361887,0.15543631,0.48487889,0.25141156,0.32639332
4n5p_2H0_E_412,0.99056021,0.98671827,0.14425105,0.16415709,0.48536919,0.24887981,0.32497861
4n6w_FLC_A_203,0,0.65478447,0.12232011,0.14469311,0.48660879,0.25383706,0.32529033
4n94_2HO_A_401,0.0019292408,0.99624085,0.1151484,0.14648273,0.47457683,0.25692299,0.33979525
4n9v_AZA_A_402,0,0.69008367,0.12157406,0.14487411,0.48536431,0.25415686,0.32679008
4n9v_AZA_A_403,0.53875606,0.65527067,0.13806342,0.1543532,0.49229389,0.24950296,0.31744995
4ndn_PPK_A_406,0.53875606,0.65527067,0.13806342,0.1543532,0.49229389,0.24950296,0.31744995
4ndn_PPK_C_404,0.53875606,0.65527067,0.13806342,0.1543532,0.49229389,0.24950296,0.31744995
4nf4_2JK_A_301,0,0,0.07348008,0.99584031,0.99571387,0.82343975,0.99543615
4ni1_2JX_A_203,2.3874317e-06,0,0.13618481,0.14132626,0.50972549,0.24788694,0.2974128
4nir_6DH_B_306,1.003211e-05,0,0.13618503,0.14132639,0.50972557,0.24788688,0.29741269
4nkw_PLO_A_601,0.98700299,0.99535151,0.14396428,0.16413771,0.4850268,0.24898688,0.32539798
4nkw_PLO_B_601,0.99066857,0.9938415,0.1441034,0.16419566,0.48511887,0.24894366,0.32528027
4nkw_PLO_C_601,7.6450406e-07,0.99336545,0.1151529,0.14643338,0.47465794,0.25691238,0.33970095
4nkw_PLO_D_601,0.98034375,0.99394282,0.14379943,0.16401108,0.4850061,0.24902767,0.32543509
4np7_DPJ_A_403,0,0,0.13618474,0.14132621,0.50972547,0.24788696,0.29741283
4npm_SIN_B_301,0.99470736,0.68122719,0.15084024,0.16266083,0.49619742,0.24607083,0.31191323
4nr9_ALY_A_2005,0.87533355,0.98503991,0.14091812,0.16208278,0.48420975,0.24979192,0.32658682
4nv0_MG7_A_403,0.97470418,0.65566411,0.15080119,0.16216915,0.4968938,0.24599639,0.31110648
4nv0_MG7_B_402,7.2887944e-06,0.65478447,0.12232033,0.14469324,0.48660887,0.253837,0.32529023
4o7g_ASC_A_303,0.10506859,0,0.13925625,0.14320979,0.51083672,0.24704135,0.29588125
4o7g_ASC_B_303,0.98358203,0.97739772,0.14424439,0.16398407,0.48562442,0.24885129,0.32468355
4o7g_ASC_B_304,0.12732296,0,0.13990682,0.14360875,0.51107209,0.24686225,0.29555685
4o95_245_A_602,0.93665459,0.65562977,0.14968937,0.16148694,0.49649231,0.24630247,0.31166017
4ocj_NDG_A_401,0,0,0.13618474,0.14132621,0.50972547,0.24788696,0.29741283
4ocu_NDG_A_401,0,0.94216536,0.11623691,0.14617013,0.47646538,0.2564472,0.33752134
4ovl_1TD_A_308,0.99390769,0.94330338,0.1452681,0.16399389,0.48693721,0.24845841,0.32308162
4ovl_1TD_B_308,0.9966803,0.95866923,0.14502383,0.1641226,0.4864241,0.24857571,0.32369533
4ox5_DAL_A_307,0,0,0.13618474,0.14132621,0.50972547,0.24788696,0.29741283
4oxy_1TN_A_302,0.98129797,0.97494096,0.14422964,0.1639305,0.48568699,0.24884735,0.32461226
4oxy_1TN_D_302,0,0.99031155,0.11521754,0.14641766,0.47476574,0.25688464,0.33957095
4p5y_NGA_A_201,0.53875606,0.65527067,0.13806342,0.1543532,0.49229389,0.24950296,0.31744995
4p7q_NAG_A_703,0.084504057,0.65486073,0.12478934,0.14620823,0.48750047,0.2531573,0.32406064
4p7q_NAG_A_706,0.11122306,0.65488484,0.12557008,0.14668729,0.48778241,0.25294237,0.32367182
4p8c_2J3_A_504,0.68942883,0,0.15633908,0.15368569,0.51701717,0.24233833,0.28736304
4p8c_Y22_A_502,0.99552788,0.97189381,0.14471014,0.16416993,0.48594506,0.24870514,0.32427511
4p8c_Y22_B_502,0,0.92256795,0.11665183,0.14606937,0.4771572,0.25626914,0.33668707
4pb4_PLP_A_401,0,0.94958664,0.11607978,0.14620828,0.4762034,0.25651463,0.33783727
4pb4_PLP_B_401,0,0.81198516,0.11899312,0.14550084,0.48106097,0.25526442,0.3319795
4pbr_2L7_A_401,0.99532386,0.98982832,0.14432446,0.16425848,0.48530978,0.24886973,0.32504157
4pgi_Y69_A_303,0.96262219,0.91791807,0.17944124,0.01619322,1.5890366e-09,0,0
4pik_MAN_A_501,0,0.65478447,0.12232011,0.14469311,0.48660879,0.25383706,0.32529033
4pik_MAN_A_502,0.9902741,0.97879827,0,0.16828176,0.49734158,0.25803848,0.33461332
4pik_MAN_B_503,0,0.65478447,0.12232011,0.14469311,0.48660879,0.25383706,0.32529033
4pik_MAN_C_503,0.76768728,0.65547728,0.14475211,0.15845742,0.49470938,0.24766167,0.31411898
4pik_MAN_D_503,0,0.65478447,0.12232011,0.14469311,0.48660879,0.25383706,0.32529033
4ptx_BGC_A_501,0.53875606,0.65527067,0.13806342,0.1543532,0.49229389,0.24950296,0.31744995
4ptx_BGC_B_501,0.53875606,0.65527067,0.13806342,0.1543532,0.49229389,0.24950296,0.31744995
4pxd_1AL_A_502,0,0.97824081,0.063134714,0.3670794,0.9971479,0.7352947,0.99719807
4pxd_1AL_B_502,0.53875606,0.65527067,0.13806342,0.1543532,0.49229389,0.24950296,0.31744995
4q3a_2YC_A_904,0.86737563,0.65556725,0.14766503,0.1602448,0.49576128,0.24685976,0.31266832
4q3a_2YC_B_904,0,0.65478447,0.12232011,0.14469311,0.48660879,0.25383706,0.32529033
4q3a_2YC_C_904,0.92837893,0.6556223,0.14944756,0.16133856,0.49640498,0.24636904,0.3117806
4q3a_2YC_D_904,0.95388296,0.65564532,0.15019279,0.16179584,0.4966741,0.24616388,0.31140947
4q40_VAL_B_403,0,0.65478447,0.12232011,0.14469311,0.48660879,0.25383706,0.32529033
4q40_VAL_C_404,0,0.65478447,0.12232011,0.14469311,0.48660879,0.25383706,0.32529033
4qbz_D80_A_917,6.5425734e-05,0.89518882,0.11723342,0.14592978,0.47812443,0.25601986,0.33552057
4qck_ASD_A_404,0.53875606,0.65527067,0.13806342,0.1543532,0.49229389,0.24950296,0.31744995
4qe1_RUU_A_403,0,0.65478447,0.12232011,0.14469311,0.48660879,0.25383706,0.32529033
4qpe_37E_A_901,0.53875606,0.65527067,0.13806342,0.1543532,0.49229389,0.24950296,0.31744995
4qxc_OGA_A_600,0.5293284,0.65371074,0.14523965,0,0.40415048,0.18137622,0.24477519
4qxc_OGA_C_600,0,0.65478447,0.12232011,0.14469311,0.48660879,0.25383706,0.32529033
4r08_URI_A_901,0.53812682,0,0.1519223,0.15097686,0.51541852,0.24355379,0.28956489
4r08_URI_B_901,0.53812682,0,0.1519223,0.15097686,0.51541852,0.24355379,0.28956489
4r08_URI_D_901,0.53812682,0,0.1519223,0.15097686,0.51541852,0.24355379,0.28956489
4r2n_PHE_C_402,0.00085510106,0.8765809,0.11765048,0.14584827,0.47878967,0.25584444,0.33471691
4r2n_PHE_D_402,0.74142151,0.96054985,0.13752193,0.15955621,0.48365798,0.25064716,0.32749629
4r2n_PLP_A_401,0.53875606,0.65527067,0.13806342,0.1543532,0.49229389,0.24950296,0.31744995
4r2n_PLP_B_401,0.53875606,0.65527067,0.13806342,0.1543532,0.49229389,0.24950296,0.31744995
4r3n_3GQ_B_404,0.53875606,0.65527067,0.13806342,0.1543532,0.49229389,0.24950296,0.31744995
4rcv_DE2_A_403,0,0.80684301,0.11910199,0.1454744,0.4812425,0.2552177,0.33176059
4rii_TYD_A_401,0,0,0.10426876,0.27693793,0.91691665,0.54178484,0.61087905
4rje_PYR_A_402,0.53875606,0.65527067,0.13806342,0.1543532,0.49229389,0.24950296,0.31744995
4rje_PYR_B_402,0.53875606,0.65527067,0.13806342,0.1543532,0.49229389,0.24950296,0.31744995
4rje_PYR_C_402,0.53875606,0.65527067,0.13806342,0.1543532,0.49229389,0.24950296,0.31744995
4rje_PYR_D_402,0.53875606,0.65527067,0.13806342,0.1543532,0.49229389,0.24950296,0.31744995
4rkz_3S4_A_402,0.98471835,0.65567315,0.15109381,0.1623487,0.49699947,0.24591584,0.31096075
4rkz_3S4_B_401,0,0.65478447,0.12232011,0.14469311,0.48660879,0.25383706,0.32529033
4rm3_FOA_A_1000,0.97910876,0.99066461,0.14383273,0.16397209,0.48510876,0.24900783,0.32531353
4rm3_FOA_B_1000,0.98819616,0.99223581,0.14406512,0.16414308,0.48514941,0.24894897,0.32524795
4rp9_ASC_A_501,0,0.93065976,0.11648051,0.14611098,0.47687155,0.25634266,0.33703154
4rql_SNE_A_505,0.53875606,0.65527067,0.13806342,0.1543532,0.49229389,0.24950296,0.31744995
4rql_SNE_B_502,0.53875606,0.65527067,0.13806342,0.1543532,0.49229389,0.24950296,0.31744995
4rvg_TYD_A_502,0.9743768,0.49298283,0.97062632,0.15221921,0.94773118,0,0
4s38_CDI_A_900,0.53875606,0.65527067,0.13806342,0.1543532,0.49229389,0.24950296,0.31744995
4tq4_DMA_A_403,0.53875606,0.65527067,0.13806342,0.1543532,0.49229389,0.24950296,0.31744995
4tq4_DMA_B_403,0.53875606,0.65527067,0.13806342,0.1543532,0.49229389,0.24950296,0.31744995
4tq4_DMA_D_403,0.53875606,0.65527067,0.13806342,0.1543532,0.49229389,0.24950296,0.31744995
4tqi_6BD_B_201,0.53875606,0.65527067,0.13806342,0.1543532,0.49229389,0.24950296,0.31744995
4trj_665_A_501,0.53875606,0.65527067,0.13806342,0.1543532,0.49229389,0.24950296,0.31744995
4tsk_TLA_A_404,0,0.65478447,0.12232011,0.14469311,0.48660879,0.25383706,0.32529033
4tyv_BGC_B_701,0.53875606,0.65527067,0.13806342,0.1543532,0.49229389,0.24950296,0.31744995
4u2a_A2G_A_303,0.53875606,0.65527067,0.13806342,0.1543532,0.49229389,0.24950296,0.31744995
4u7g_K17_A_303,0.53875606,0.65527067,0.13806342,0.1543532,0.49229389,0.24950296,0.31744995
4u7g_K17_B_303,0.53875606,0.65527067,0.13806342,0.1543532,0.49229389,0.24950296,0.31744995
4u8p_UDP_A_603,0.53875606,0.65527067,0.13806342,0.1543532,0.49229389,0.24950296,0.31744995
4u8p_UDP_C_603,0.97078699,0,0.16456414,0.15872964,0.51999294,0.24007391,0.28326169
4u8y_MIY_B_1102,0,0.9426336,0,0.14977908,0.48656257,0.26442637,0.34615167
4ubp_HAE_C_800,0,0.96412458,0.11577198,0.14628303,0.47569018,0.25664671,0.33845616
4uc9_ASP_A_1300,0.53875606,0.65527067,0.13806342,0.1543532,0.49229389,0.24950296,0.31744995
4uc9_ASP_B_1300,0.53812684,2.1667471e-05,0.15192185,0.15097697,0.51541775,0.24355399,0.28956582
4uc9_ASP_C_1300,0.53812682,0,0.1519223,0.15097686,0.51541852,0.24355379,0.28956489
4uc9_ASP_D_1300,0.53812682,2.9363854e-06,0.15192224,0.15097688,0.51541841,0.24355382,0.28956502
4uch_OLW_A_800,0.53875606,0.65527067,0.13806342,0.1543532,0.49229389,0.24950296,0.31744995
4uch_OLW_B_800,0.53875606,0.65527067,0.13806342,0.1543532,0.49229389,0.24950296,0.31744995
4ud9_FQI_H_1257,0.99553818,0.99824518,0.14415252,0.16430559,0.48501492,0.24894448,0.32539675
4udc_DEX_A_1778,0.53875606,0.65527067,0.13806342,0.1543532,0.49229389,0.24950296,0.31744995
4ug6_H4B_A_902,0.53875606,0.65527067,0.13806342,0.1543532,0.49229389,0.24950296,0.31744995
4ug6_XFJ_A_904,0.53875606,0.65527067,0.13806342,0.1543532,0.49229389,0.24950296,0.31744995
4ug7_1EV_A_904,0.53875606,0.65527067,0.13806342,0.1543532,0.49229389,0.24950296,0.31744995
4ugf_Q16_A_904,0.53875606,0.65527067,0.13806342,0.1543532,0.49229389,0.24950296,0.31744995
4ugg_S5D_A_904,0.53875606,0.65527067,0.13806342,0.1543532,0.49229389,0.24950296,0.31744995
4umd_CIT_A_1174,0.53875606,0.65527067,0.13806342,0.1543532,0.49229389,0.24950296,0.31744995
4uoc_NCN_A_400,0.53875606,0.65527067,0.13806342,0.1543532,0.49229389,0.24950296,0.31744995
4uoc_NCN_B_400,0.53875606,0.65527067,0.13806342,0.1543532,0.49229389,0.24950296,0.31744995
4upd_7P9_A_1550,0.53812682,0,0.1519223,0.15097686,0.51541852,0.24355379,0.28956489
4upd_7P9_B_1550,0.53812682,0,0.1519223,0.15097686,0.51541852,0.24355379,0.28956489
4uqs_INE_A_904,0.99602178,0.98460568,0.14445544,0.16424414,0.48550153,0.24881666,0.32480906
4ur9_BK9_A_1717,0.99030694,0.99511855,0.14406579,0.16419574,0.48506997,0.24895817,0.32533991
4ur9_OAN_A_1718,0.53875606,0.65527067,0.13806342,0.1543532,0.49229389,0.24950296,0.31744995
4ur9_OAN_B_1718,0.53875606,0.65527067,0.13806342,0.1543532,0.49229389,0.24950296,0.31744995
4uy7_HIS_A_800,0,0,0.13618474,0.14132621,0.50972547,0.24788696,0.29741283
4uzi_IMD_B_1455,0.86494796,0.64089495,0.14790086,0.16012726,0.49624883,0.24674871,0.31208776
4uzi_IMD_B_1456,0.8941696,0.99299115,0.14130042,0.16246133,0.48412828,0.24971257,0.32665073
4v2z_Y70_A_151,0.99272155,0.99119661,0.14421942,0.16421886,0.48523395,0.2489031,0.32513775
4v2z_Y70_B_151,0.99349922,0.99131937,0.14423955,0.16423343,0.48523785,0.24889796,0.32513164
4v2z_Y70_C_151,0.98637397,0.98745801,0.14411301,0.16408585,0.4852988,0.24892022,0.32507112
4v3w_E2Z_A_800,0.53875606,0.65527067,0.13806342,0.1543532,0.49229389,0.24950296,0.31744995
4w1v_3GS_B_502,0.53812682,0,0.1519223,0.15097686,0.51541852,0.24355379,0.28956489
4wca_CIT_A_401,0,0.85602974,0.1180606,0.14572728,0.47950612,0.2556646,0.3338545
4wdd_CIT_A_401,0.98767434,0.92971153,0.14537365,0.16381227,0.4873511,0.24838509,0.32259387
4wdx_WDX_A_402,0,0,0.13618474,0.14132621,0.50972547,0.24788696,0.29741283
4wdx_WDX_B_402,0,0,0.13618474,0.14132621,0.50972547,0.24788696,0.29741283
4wmz_TPF_A_602,0.53875606,0.65527067,0.13806342,0.1543532,0.49229389,0.24950296,0.31744995
4wqq_MAN_A_204,0.53875606,0.65527067,0.13806342,0.1543532,0.49229389,0.24950296,0.31744995
4wqq_MAN_C_204,0.53875606,0.65527067,0.13806342,0.1543532,0.49229389,0.24950296,0.31744995
4wqq_MAN_D_204,0.53875606,0.65527067,0.13806342,0.1543532,0.49229389,0.24950296,0.31744995
4ws2_6UA_A_303,0.11268026,0.9576682,0.1192027,0.14826987,0.47710986,0.25568118,0.33653877
4ws6_WBU_A_301,0,0.96191823,0.11581869,0.14627168,0.47576807,0.25662667,0.33836223
4wxb_CIT_B_501,0.53875606,0.65527067,0.13806342,0.1543532,0.49229389,0.24950296,0.31744995
4x2f_3WJ_A_601,0.99857514,0.98539369,0.12144687,0.99768804,0.99200375,0.47227545,0
4x36_CHT_A_410,0.95947472,0.94872947,0.15173223,3.2170558e-34,0.39549018,0.17846243,0.24879451
4x36_CHT_A_411,0.87202325,0.92654684,0.17461201,0.023271555,0.04488214,0,0.0041667793
4x36_CHT_A_412,0,0.91100396,0.11689666,0.14600992,0.47756543,0.25616408,0.33619479
4x3j_3WR_A_1201,0.53875606,0.65527067,0.13806342,0.1543532,0.49229389,0.24950296,0.31744995
4xf0_CYS_A_502,0.53875606,0.65527067,0.13806342,0.1543532,0.49229389,0.24950296,0.31744995
4xfh_CYS_A_502,0.53875606,0.65527067,0.13806342,0.1543532,0.49229389,0.24950296,0.31744995
4xp0_42A_A_404,0.5246657,0.66464474,0,0.15822211,0.50321988,0.25853019,0.32747349
4xp2_TT4_A_401,0.53875606,0.65527067,0.13806342,0.1543532,0.49229389,0.24950296,0.31744995
4xp3_DX4_A_401,0.53875606,0.65527067,0.13806342,0.1543532,0.49229389,0.24950296,0.31744995
4xpq_FUL_A_1002,0.53875606,0.65527067,0.13806342,0.1543532,0.49229389,0.24950296,0.31744995
4xpq_FUL_A_1004,0.53875606,0.65527067,0.13806342,0.1543532,0.49229389,0.24950296,0.31744995
4xti_IMP_B_601,0.53875606,0.65527067,0.13806342,0.1543532,0.49229389,0.24950296,0.31744995
4xv4_25T_A_302,0.99781225,0.99723952,0.14424029,0.16434119,0.48507447,0.24891704,0.32532079
4xz9_G3P_C_302,0.53875606,0.65527067,0.13806342,0.1543532,0.49229389,0.24950296,0.31744995
4xzh_48I_A_402,0.53875606,0.65527067,0.13806342,0.1543532,0.49229389,0.24950296,0.31744995
4y14_C0A_A_407,0.53875606,0.65527067,0.13806342,0.1543532,0.49229389,0.24950296,0.31744995
4y14_C0A_B_404,0.53875606,0.65527067,0.13806342,0.1543532,0.49229389,0.24950296,0.31744995
4y6n_3PG_A_402,0.98158737,0,0.16487987,0.15892326,0.52010717,0.23998699,0.28310425
4yjs_4DN_A_701,0.53875606,0.65527067,0.13806342,0.1543532,0.49229389,0.24950296,0.31744995
4ynu_LGC_A_602,0.53875606,0.65527067,0.13806342,0.1543532,0.49229389,0.24950296,0.31744995
4ynu_LGC_A_603,0.003144213,0,0.13627666,0.14138258,0.50975872,0.24786166,0.297367
4ysx_MLI_A_701,0.53875606,0.65527067,0.13806342,0.1543532,0.49229389,0.24950296,0.31744995
4yu7_DHC_A_204,0.57327386,0.88076034,0.13429573,0.15613159,0.48469628,0.25127549,0.3265507
4yu7_DHC_B_203,0,0.83104606,0.11858956,0.14559884,0.48038809,0.2554376,0.33279093
4yu7_DHC_B_204,0.065174607,0.87599011,0.11954326,0.1469983,0.4794908,0.25532141,0.33375418
4ywb_OXD_C_704,0.53875606,0.65527067,0.13806342,0.1543532,0.49229389,0.24950296,0.31744995
4z1d_PEP_A_300,0.82637592,0.97958178,0.13960248,0.16117705,0.48388463,0.25013635,0.32706812
4z1d_PEP_B_300,0.88488139,0.94770958,0.14198761,0.16206202,0.48562856,0.24937591,0.32485847
4z2w_AKG_A_401,0.99517206,0.87459617,0.14675976,0.16366332,0.48937607,0.24782398,0.32013828
4z69_DIF_A_1007,0.53875606,0.65527067,0.13806342,0.1543532,0.49229389,0.24950296,0.31744995
4z69_DIF_A_1008,0.53875606,0.65527067,0.13806342,0.1543532,0.49229389,0.24950296,0.31744995
4za7_4LV_A_606,0.53875606,0.65527067,0.13806342,0.1543532,0.49229389,0.24950296,0.31744995
4zb2_FRU_A_404,0.53875606,0.65527067,0.13806342,0.1543532,0.49229389,0.24950296,0.31744995
4zb2_GLC_A_403,0.53875606,0.65527067,0.13806342,0.1543532,0.49229389,0.24950296,0.31744995
4zbc_FRU_A_409,0.53875606,0.65527067,0.13806342,0.1543532,0.49229389,0.24950296,0.31744995
4zbc_FRU_A_410,0.53875606,0.65527067,0.13806342,0.1543532,0.49229389,0.24950296,0.31744995
4zbc_FRU_B_409,0.53875606,0.65527067,0.13806342,0.1543532,0.49229389,0.24950296,0.31744995
4zbc_GLC_A_407,0.53875606,0.65527067,0.13806342,0.1543532,0.49229389,0.24950296,0.31744995
4zbc_GLC_A_408,0.53875606,0.65527067,0.13806342,0.1543532,0.49229389,0.24950296,0.31744995
4zbc_GLC_B_406,0.53875606,0.65527067,0.13806342,0.1543532,0.49229389,0.24950296,0.31744995
4zbc_GLC_B_407,0.53875606,0.65527067,0.13806342,0.1543532,0.49229389,0.24950296,0.31744995
4zdz_TPF_A_602,0.53875606,0.65527067,0.13806342,0.1543532,0.49229389,0.24950296,0.31744995
4zhd_4OZ_A_202,0.53875606,0.65527067,0.13806342,0.1543532,0.49229389,0.24950296,0.31744995
4zhd_4OZ_B_202,0.53875606,0.65527067,0.13806342,0.1543532,0.49229389,0.24950296,0.31744995
4zib_4OG_A_512,0.078209433,0.97114356,0.1179097,0.14772119,0.47626958,0.25608104,0.3376149
4zjz_BEZ_A_1001,0.99225216,0.98938959,0.14424395,0.16420116,0.48529278,0.24889046,0.32506767
4zo7_BGC_A_801,0,0,0.14321027,1.8143341e-45,0.42558294,0.18278497,0.22796205
4zo7_BGC_A_802,0.53875606,0.65527067,0.13806342,0.1543532,0.49229389,0.24950296,0.31744995
4zo7_BGC_A_805,0.53875606,0.65527067,0.13806342,0.1543532,0.49229389,0.24950296,0.31744995
4zo7_GLC_A_806,0.53875606,0.65527067,0.13806342,0.1543532,0.49229389,0.24950296,0.31744995
4zqp_IMP_A_601,0.99112463,0,0.16515867,0.15909423,0.52020804,0.23991023,0.28296523
4zsy_RW2_A_502,0,0.93005886,0.11649323,0.14610789,0.47689276,0.2563372,0.33700596
4zsy_RW2_B_502,0.53812682,0,0.1519223,0.15097686,0.51541852,0.24355379,0.28956489
4zsy_RW2_D_502,0.53812682,0,0.1519223,0.15097686,0.51541852,0.24355379,0.28956489
4zu3_4SD_A_301,0.53875606,0.65527067,0.13806342,0.1543532,0.49229389,0.24950296,0.31744995
4zu3_4SD_B_301,0.53875606,0.65527067,0.13806342,0.1543532,0.49229389,0.24950296,0.31744995
4zu3_4SD_C_301,0.53875606,0.65527067,0.13806342,0.1543532,0.49229389,0.24950296,0.31744995
4zu3_4SD_F_301,0.98242217,0.90510997,0.14574099,0.16359163,0.48816403,0.24820384,0.32162313
4zvv_GN0_A_405,0.53887779,0.7820357,0.13538011,0.1550072,0.48781756,0.25065545,0.32284952
4zvv_GN0_B_404,0.53812682,0,0.1519223,0.15097686,0.51541852,0.24355379,0.28956489
4zvv_GN0_D_403,0.53812682,0,0.1519223,0.15097686,0.51541852,0.24355379,0.28956489
4zvz_4TF_A_503,0.53875606,0.65527067,0.13806342,0.1543532,0.49229389,0.24950296,0.31744995
5a02_GOL_A_1341,0.53895681,0.86432338,0.1336395,0.15543128,0.48491332,0.2514027,0.3263518
5a02_GOL_C_1341,0.53894184,0.84873149,0.13396931,0.15535093,0.48546361,0.25126111,0.32568819
5a02_GOL_D_1341,0.53869099,0.58751,0.13949486,0.15400468,0.49468309,0.24888896,0.31457021
5a02_GOL_E_1341,0.53812682,0,0.1519223,0.15097686,0.51541852,0.24355379,0.28956489
5a02_GOL_F_1342,0.53894072,0.84756922,0.1339939,0.15534494,0.48550463,0.25125056,0.32563872
5a2r_MLT_A_1615,0.53875606,0.65527067,0.13806342,0.1543532,0.49229389,0.24950296,0.31744995
5a66_3PO_A_1000,0.53890463,0.80998541,0.1347889,0.15515124,0.48683111,0.25090926,0.3240391
5a66_3PO_B_1000,0.99077318,0.93241025,0.1454071,0.1638817,0.48728861,0.24838467,0.32266358
5a7p_6Z1_A_1361,0.92192178,0.91689295,0.14372288,0.16256761,0.48710819,0.24879781,0.32300665
5a7p_6Z1_B_1361,0.9926639,0,0.16520367,0.15912183,0.52022432,0.23989785,0.28294279
5a86_D7E_A_1433,0.53875606,0.65527067,0.13806342,0.1543532,0.49229389,0.24950296,0.31744995
5a86_D7E_B_1432,0.53875606,0.65527067,0.13806342,0.1543532,0.49229389,0.24950296,0.31744995
5a8k_COM_A_556,0.53812682,0,0.1519223,0.15097686,0.51541852,0.24355379,0.28956489
5a8k_COM_D_555,0.53812682,0,0.1519223,0.15097686,0.51541852,0.24355379,0.28956489
5a8k_TP7_A_558,0.53875606,0.65527067,0.13806342,0.1543532,0.49229389,0.24950296,0.31744995
5a8k_TP7_D_554,0.53875606,0.65527067,0.13806342,0.1543532,0.49229389,0.24950296,0.31744995
5abz_Z47_A_201,0.53875606,0.65527067,0.13806342,0.1543532,0.49229389,0.24950296,0.31744995
5abz_Z47_B_201,0.53875606,0.65527067,0.13806342,0.1543532,0.49229389,0.24950296,0.31744995
5ack_SVQ_A_600,0.53875606,0.65527067,0.13806342,0.1543532,0.49229389,0.24950296,0.31744995
5adi_TUE_A_800,0.53875606,0.65527067,0.13806342,0.1543532,0.49229389,0.24950296,0.31744995
5adi_TUE_B_800,0.53875606,0.65527067,0.13806342,0.1543532,0.49229389,0.24950296,0.31744995
5aew_BNL_C_462,0,0.99458514,0.11512706,0.14643963,0.47461487,0.25692347,0.33975288
5af9_SJR_H_1250,2.8190952e-07,5.5768495e-07,0.10557663,0,0.97465303,0.52933763,0.59751414
5ag5_DLR_A_1422,1.8081241e-05,0,0.13618527,0.14132654,0.50972566,0.24788682,0.29741257
5agl_CCW_A_800,0.53875606,0.65527067,0.13806342,0.1543532,0.49229389,0.24950296,0.31744995
5agl_CCW_B_800,0.53875606,0.65527067,0.13806342,0.1543532,0.49229389,0.24950296,0.31744995
5agn_4JK_A_800,0.53875606,0.65527067,0.13806342,0.1543532,0.49229389,0.24950296,0.31744995
5aov_GLV_A_1336,0,0.92334261,0.11663543,0.14607336,0.47712986,0.25627618,0.33672005
5aov_GLV_A_1356,0.25342018,0.94675033,0.12354816,0.1507368,0.47898381,0.25444929,0.33402243
5av2_KMP_A_300,0.53812682,0,0.1519223,0.15097686,0.51541852,0.24355379,0.28956489
5av3_KMP_A_300,0.53905912,0.97086888,0.13138577,0.15598038,0.48115293,0.25237024,0.33088654
5av4_GEN_A_400,0.53875606,0.65527067,0.13806342,0.1543532,0.49229389,0.24950296,0.31744995
5awd_IDQ_A_901,5.1274426e-06,4.1607498e-09,0.13618489,0.14132631,0.50972552,0.24788692,0.29741276
5b4o_6DQ_A_201,0.53875606,0.65527067,0.13806342,0.1543532,0.49229389,0.24950296,0.31744995
5b4o_6DQ_C_201,0.53875606,0.65527067,0.13806342,0.1543532,0.49229389,0.24950296,0.31744995
5b4u_MLA_A_302,0.53875606,0.65527067,0.13806342,0.1543532,0.49229389,0.24950296,0.31744995
5bk9_SIN_A_301,0.99492289,0,0.15739256,0.19608547,0.9277497,0.31955162,0
5bkd_RCF_A_503,0,0,0.13618474,0.14132621,0.50972547,0.24788696,0.29741283
5bkd_RCF_B_503,0.53875606,0.65527067,0.13806342,0.1543532,0.49229389,0.24950296,0.31744995
5bwd_FUM_A_901,0.53875606,0.65527067,0.13806342,0.1543532,0.49229389,0.24950296,0.31744995
5bwr_4VT_B_402,2.370869e-05,0,0.13618543,0.14132664,0.50972572,0.24788677,0.29741249
5c38_DA8_A_403,0.8342698,0.96315662,0.14018101,0.16123412,0.48454796,0.24992358,0.32625382
5c4i_TPP_F_402,0.53875606,0.65527067,0.13806342,0.1543532,0.49229389,0.24950296,0.31744995
5c7v_PYC_A_804,0.0094924231,0,0.13635116,0.14627824,0.97596914,1.7462792e-05,1.7746324e-05
5c8w_PCG_C_302,0.98628668,0,0.16501725,0.1590075,0.52015687,0.23994917,0.28303575
5c8w_PCG_D_302,0,0,0.13618474,0.14132621,0.50972547,0.24788696,0.29741283
5c8w_PCG_E_302,0.90661575,0,0.16268819,0.15757923,0.51931423,0.24059037,0.28419711
5c8w_PCG_F_302,0,0,0.13618474,0.14132621,0.50972547,0.24788696,0.29741283
5cak_4Z9_A_802,0.97813324,0,0.12508712,0.32600925,0.88575084,0.60240883,0.81595932
5cga_KP6_A_301,0.99670158,0.98172379,0.14453633,0.16424151,0.48561046,0.248785,0.32467647
5cga_KP6_C_301,0.99698746,0.98213717,0.14453593,0.16424876,0.48559889,0.24878646,0.3246899
5cga_KP6_E_301,0.99686063,0.96607774,0.14487224,0.16416392,0.48616447,0.24864157,0.32400809
5cga_KP6_F_301,0.99586843,0.9762993,0.14462682,0.16419869,0.48579314,0.24874242,0.32445769
5cga_KP6_H_301,0.99648687,0.98654367,0.144428,0.16426244,0.48543804,0.24883052,0.32488478
5ci9_549_A_401,0,0.00047604393,0.13617466,0.14132866,0.50970866,0.24789129,0.2974331
5ci9_549_A_402,0.91531654,0.98041395,0.1421849,0.16277578,0.48479593,0.2494281,0.32580706
5cjn_52F_A_809,0.99020367,0,0.16513175,0.15907772,0.5201983,0.23991765,0.28297865
5cmb_GLY_A_301,0,0,0.13618474,0.14132621,0.50972547,0.24788696,0.29741283
5cpn_531_A_401,0.9526016,0.95912631,0.16429725,0.076179297,0.24187509,0,0.12280177
5cpn_531_B_401,0.53875606,0.65527067,0.13806342,0.1543532,0.49229389,0.24950296,0.31744995
5cr1_STL_B_201,0,0.99110272,0.11520079,0.14642173,0.47473781,0.25689183,0.33960463
5cyf_FLC_A_301,0.53875606,0.65527067,0.13806342,0.1543532,0.49229389,0.24950296,0.31744995
5cyf_FLC_C_301,0.53875606,0.65527067,0.13806342,0.1543532,0.49229389,0.24950296,0.31744995
5d41_57N_A_1103,0.53875606,0.65527067,0.13806342,0.1543532,0.49229389,0.24950296,0.31744995
5d9w_ASC_A_301,0.19998192,0,0.14203089,0.14491132,0.51184056,0.24627747,0.2944977
5dav_58J_A_402,0,0.99097036,0.11520359,0.14642105,0.47474248,0.25689063,0.339599
5ddu_PMP_D_601,0.53875606,0.65527067,0.13806342,0.1543532,0.49229389,0.24950296,0.31744995
5del_D59_A_603,0.54678837,0.97301067,0.12140146,0.20337225,0.97914902,0.35430074,3.7822159e-08
5del_ORO_A_602,0.53875606,0.65527067,0.13806342,0.1543532,0.49229389,0.24950296,0.31744995
5did_5CK_A_601,0.99497961,0.99718757,0.14415859,0.16429014,0.48504635,0.24893936,0.32535987
5did_5CK_B_601,0,0.99679055,0.11508036,0.14645097,0.47453702,0.25694351,0.33984677
5die_5CJ_B_601,0,0.98932259,0.11523848,0.14641258,0.47480065,0.25687566,0.33952885
5dky_NOJ_A_1000,0.53875606,0.65527067,0.13806342,0.1543532,0.49229389,0.24950296,0.31744995
5dmm_HCS_A_505,0.55866903,0.48373169,0.1422748,0.15382854,0.49855762,0.24778575,0.30986186
5dne_ASN_A_601,0,0.98411263,0.11534878,0.14638579,0.47498457,0.25682832,0.33930706
5dne_ASN_B_601,0,0.97875276,0.11546226,0.14635824,0.47517378,0.25677962,0.33907889
5dne_ASN_C_601,0,0.98503793,0.11532919,0.14639055,0.4749519,0.25683673,0.33934645
5dne_ASN_D_601,0,0.9763926,0.11551223,0.1463461,0.4752571,0.25675818,0.33897842
5dnx_5LD_A_203,0.93684412,0.97989056,0.14282531,0.16315901,0.48504209,0.24925009,0.32547097
5dnx_5LD_B_205,0,0.91687414,0.11677238,0.1460401,0.47735821,0.25621741,0.33644468
5dw3_TRP_B_402,0.53875606,0.65527067,0.13806342,0.1543532,0.49229389,0.24950296,0.31744995
5dz2_212_A_404,0.53875606,0.65527067,0.13806342,0.1543532,0.49229389,0.24950296,0.31744995
5dz2_212_B_404,0.53875606,0.65527067,0.13806342,0.1543532,0.49229389,0.24950296,0.31744995
5dzh_5KG_A_900,0.53875606,0.65527067,0.13806342,0.1543532,0.49229389,0.24950296,0.31744995
5dzh_5KG_B_901,0.53875606,0.65527067,0.13806342,0.1543532,0.49229389,0.24950296,0.31744995
5e4o_L57_B_201,0.53875606,0.65527067,0.13806342,0.1543532,0.49229389,0.24950296,0.31744995
5e4r_40E_A_504,0.66599474,0.94907426,0.13555991,0.15814503,0.48326534,0.25114994,0.32810727
5edh_5MF_A_803,0.53875606,0.65527067,0.13806342,0.1543532,0.49229389,0.24950296,0.31744995
5edh_5MF_B_803,0.53875606,0.65527067,0.13806342,0.1543532,0.49229389,0.24950296,0.31744995
5edh_5MF_C_803,0.53875606,0.65527067,0.13806342,0.1543532,0.49229389,0.24950296,0.31744995
5edh_5MF_D_803,0.53875606,0.65527067,0.13806342,0.1543532,0.49229389,0.24950296,0.31744995
5eo7_SFU_A_401,0.53875606,0.65527067,0.13806342,0.1543532,0.49229389,0.24950296,0.31744995
5eo7_SFU_A_402,0.53875606,0.65527067,0.13806342,0.1543532,0.49229389,0.24950296,0.31744995
5eo7_SFU_A_403,0.53875606,0.65527067,0.13806342,0.1543532,0.49229389,0.24950296,0.31744995
5eo7_SFU_A_405,0.53875606,0.65527067,0.13806342,0.1543532,0.49229389,0.24950296,0.31744995
5eo7_SFU_B_402,0.53875606,0.65527067,0.13806342,0.1543532,0.49229389,0.24950296,0.31744995
5eo7_SFU_B_403,0.53875606,0.65527067,0.13806342,0.1543532,0.49229389,0.24950296,0.31744995
5eo7_SFU_B_405,0.53875606,0.65527067,0.13806342,0.1543532,0.49229389,0.24950296,0.31744995
5eo7_SFU_C_401,0.84803217,0.8047914,0.092444042,0.37702563,0.86090734,0.92278691,0.92547719
5eo7_SFU_C_402,0.53875606,0.65527067,0.13806342,0.1543532,0.49229389,0.24950296,0.31744995
5eo7_SFU_C_404,0.53875606,0.65527067,0.13806342,0.1543532,0.49229389,0.24950296,0.31744995
5eo8_TFU_A_401,0.53875606,0.65527067,0.13806342,0.1543532,0.49229389,0.24950296,0.31744995
5eo8_TFU_A_403,0.53875606,0.65527067,0.13806342,0.1543532,0.49229389,0.24950296,0.31744995
5eo8_TFU_A_404,0.53875606,0.65527067,0.13806342,0.1543532,0.49229389,0.24950296,0.31744995
5eo8_TFU_A_405,0.53875606,0.65527067,0.13806342,0.1543532,0.49229389,0.24950296,0.31744995
5eo8_TFU_A_406,0.89876625,0,0.11863155,0.34098087,0.83137131,0.63869614,0.9789705
5eso_ISC_A_602,0.53875606,0.65527067,0.13806342,0.1543532,0.49229389,0.24950296,0.31744995
5ew8_5SF_A_803,0.53875606,0.65527067,0.13806342,0.1543532,0.49229389,0.24950296,0.31744995
5ew8_5SF_B_802,0.53875606,0.65527067,0.13806342,0.1543532,0.49229389,0.24950296,0.31744995
5ewc_5SJ_A_801,0.99223491,0,0.16519113,0.15911414,0.52021978,0.2399013,0.28294904
5ezp_IPJ_A_201,0.53875606,0.65527067,0.13806342,0.1543532,0.49229389,0.24950296,0.31744995
5ezp_IPJ_F_201,0.53875606,0.65527067,0.13806342,0.1543532,0.49229389,0.24950296,0.31744995
5ezp_IPJ_G_202,0.53875606,0.65527067,0.13806342,0.1543532,0.49229389,0.24950296,0.31744995
5f35_FLC_A_302,0.53875606,0.65527067,0.13806342,0.1543532,0.49229389,0.24950296,0.31744995
5faj_DCS_B_401,0,0.9597297,0.11586503,0.14626043,0.47584533,0.25660678,0.33826907
5faj_DCS_D_401,0,0.97271179,0.11559017,0.14632718,0.47538704,0.25672473,0.33882172
5fal_SKT_A_502,0.53875606,0.65527067,0.13806342,0.1543532,0.49229389,0.24950296,0.31744995
5fay_CHT_A_908,0.98010434,0.96037222,0.1445032,0.1638342,0.48618866,0.24872459,0.32400946
5fay_CHT_B_906,0.98960278,0.96335208,0.14471778,0.1640198,0.48618393,0.24867522,0.32399785
5fc5_PC_A_516,0.98828868,0.93064361,0.14537188,0.16382808,0.4873247,0.24838861,0.32262459
5fe1_12Q_A_901,0.53875606,0.65527067,0.13806342,0.1543532,0.49229389,0.24950296,0.31744995
5fe1_12Q_B_901,0.53875606,0.65527067,0.13806342,0.1543532,0.49229389,0.24950296,0.31744995
5fe4_5WY_A_903,0.53875606,0.65527067,0.13806342,0.1543532,0.49229389,0.24950296,0.31744995
5fe4_5WY_B_904,0.99617209,0.99050938,0.16490154,0.077142798,0.24128701,0,0.12355134
5fes_9SE_A_409,0.00058938415,0.97577998,0.11554244,0.14635352,0.47528496,0.25674787,0.33894375
5fh3_OXL_A_703,0.53875606,0.65527067,0.13806342,0.1543532,0.49229389,0.24950296,0.31744995
5fiu_Y3J_A_1299,0.53875606,0.65527067,0.13806342,0.1543532,0.49229389,0.24950296,0.31744995
5fiu_Y3J_B_1299,0.53875606,0.65527067,0.13806342,0.1543532,0.49229389,0.24950296,0.31744995
5fkl_TDC_A_222,0.53875606,0.65527067,0.13806342,0.1543532,0.49229389,0.24950296,0.31744995
5fli_QUE_C_301,0.53875606,0.65527067,0.13806342,0.1543532,0.49229389,0.24950296,0.31744995
5fli_QUE_D_301,0.53875606,0.65527067,0.13806342,0.1543532,0.49229389,0.24950296,0.31744995
5fli_QUE_E_301,0.53875606,0.65527067,0.13806342,0.1543532,0.49229389,0.24950296,0.31744995
5fli_QUE_G_301,0.82699134,0,0.1603605,0.1561518,0.51847209,0.2412312,0.2853578
5fli_QUE_H_301,0.53875606,0.65527067,0.13806342,0.1543532,0.49229389,0.24950296,0.31744995
5fli_QUE_K_301,0.53875606,0.65527067,0.13806342,0.1543532,0.49229389,0.24950296,0.31744995
5fp9_4SV_A_1342,0.99651004,0.95046191,0.14519262,0.16407735,0.48671203,0.24850251,0.32334843
5fqf_NGA_A_1589,0.53875606,0.65527067,0.13806342,0.1543532,0.49229389,0.24950296,0.31744995
5fqf_NGA_B_1585,0.53875606,0.65527067,0.13806342,0.1543532,0.49229389,0.24950296,0.31744995
5fqf_NGA_B_1586,0.53875606,0.65527067,0.13806342,0.1543532,0.49229389,0.24950296,0.31744995
5fuv_THM_A_1388,0.53875606,0.65527067,0.13806342,0.1543532,0.49229389,0.24950296,0.31744995
5fv3_OGA_A_1770,0.99799561,0.98032821,0.14460371,0.16425753,0.48567341,0.24876191,0.3245982
5fwd_GJV_A_1446,0.97693357,0.98077474,0.14397854,0.16388225,0.48543488,0.24893548,0.32492423
5fzn_FB2_A_1615,0.92541509,0.99330165,0.14220725,0.16302307,0.48444778,0.24946392,0.32620849
5g03_OE2_A_1263,0.53875606,0.65527067,0.13806342,0.1543532,0.49229389,0.24950296,0.31744995
5g09_6DF_A_1475,0.53875606,0.65527067,0.13806342,0.1543532,0.49229389,0.24950296,0.31744995
5g09_6DF_B_1474,0.53875606,0.65527067,0.13806342,0.1543532,0.49229389,0.24950296,0.31744995
5g09_6DF_D_1476,0.53875606,0.65527067,0.13806342,0.1543532,0.49229389,0.24950296,0.31744995
5g0v_JDD_B_1271,0.53875606,0.65527067,0.13806342,0.1543532,0.49229389,0.24950296,0.31744995
5g44_I6G_A_1510,0.53875606,0.65527067,0.13806342,0.1543532,0.49229389,0.24950296,0.31744995
5g44_SWX_A_1511,0.53875606,0.65527067,0.13806342,0.1543532,0.49229389,0.24950296,0.31744995
5g44_YTZ_A_1512,0.53875606,0.65527067,0.13806342,0.1543532,0.49229389,0.24950296,0.31744995
5g4r_LF1_A_1739,0.93962611,0.9900072,0.14269244,0.1632609,0.48471438,0.24931962,0.32586109
5g6g_H8B_A_1367,0.53875606,0.65527067,0.13806342,0.1543532,0.49229389,0.24950296,0.31744995
5g6i_M85_A_904,0.96293771,0.98884147,0.1433986,0.16367282,0.48500209,0.24912141,0.32547165
5g6k_M94_A_904,0,0.98335847,0.11536475,0.14638191,0.47501119,0.25682147,0.33927496
5gnx_BGC_A_502,0.53875606,0.65527067,0.13806342,0.1543532,0.49229389,0.24950296,0.31744995
5goo_FRU_B_501,0.53875606,0.65527067,0.13806342,0.1543532,0.49229389,0.24950296,0.31744995
5goo_FRU_C_501,0.53875606,0.65527067,0.13806342,0.1543532,0.49229389,0.24950296,0.31744995
5gri_CIT_B_401,0.53875606,0.65527067,0.13806342,0.1543532,0.49229389,0.24950296,0.31744995
5gto_MYR_A_502,0,0.91446168,0.11682346,0.1460277,0.47744337,0.25619549,0.33634198
5gwt_SIN_A_302,0.53875606,0.65527067,0.13806342,0.1543532,0.49229389,0.24950296,0.31744995
5gwt_SIN_B_302,0.53875606,0.65527067,0.13806342,0.1543532,0.49229389,0.24950296,0.31744995
5gwt_SIN_D_301,0.53875606,0.65527067,0.13806342,0.1543532,0.49229389,0.24950296,0.31744995
5gwx_SAR_A_302,0.53875606,0.65527067,0.13806342,0.1543532,0.49229389,0.24950296,0.31744995
5gzz_GSH_C_301,0.53875606,0.65527067,0.13806342,0.1543532,0.49229389,0.24950296,0.31744995
5gzz_GSH_D_301,0.53875606,0.65527067,0.13806342,0.1543532,0.49229389,0.24950296,0.31744995
5gzz_GSH_E_301,0.53875606,0.65527067,0.13806342,0.1543532,0.49229389,0.24950296,0.31744995
5gzz_JAA_A_601,0,0.80081838,0.11922955,0.14544343,0.48145518,0.25516296,0.33150412
5h24_LQG_A_501,0.99173182,0.9911564,0.14419134,0.16420091,0.48522491,0.2489107,0.32515046
5h5k_C5P_A_206,0.53875606,0.65527067,0.13806342,0.1543532,0.49229389,0.24950296,0.31744995
5h5k_C5P_B_203,0.98619093,0.65547611,0.1502713,0.16606011,0.50518412,0.25389192,0.3194547
5h8f_GLU_A_302,0.53875606,0.65527067,0.13806342,0.1543532,0.49229389,0.24950296,0.31744995
5h8q_5YE_B_302,0.53875606,0.65527067,0.13806342,0.1543532,0.49229389,0.24950296,0.31744995
5h8q_GLU_A_302,0.53875606,0.65527067,0.13806342,0.1543532,0.49229389,0.24950296,0.31744995
5ha7_WY1_A_402,0.59192995,0.97798684,0.15353792,0.069033596,0.2352192,0,0.12706515
5ha7_WY1_B_402,0.53875606,0.65527067,0.13806342,0.1543532,0.49229389,0.24950296,0.31744995
5hc0_NPO_A_407,0.0024416399,0.94634404,0.11621981,0.14623539,0.47634369,0.25646551,0.33766364
5hfa_FP1_A_607,0.00070349745,0.99142359,0.15002967,0,0.0012453548,0,0
5hgz_MLA_A_302,0.53875606,0.65527067,0.13806342,0.1543532,0.49229389,0.24950296,0.31744995
5hgz_MLA_A_303,0.53875606,0.65527067,0.13806342,0.1543532,0.49229389,0.24950296,0.31744995
5hpu_IPH_C_101,0.53875606,0.65527067,0.13806342,0.1543532,0.49229389,0.24950296,0.31744995
5hss_64Z_E_402,0.53875606,0.65527067,0.13806342,0.1543532,0.49229389,0.24950296,0.31744995
5hss_650_B_402,0.99662284,0.94607063,0.14528889,0.1640568,0.48686824,0.2484617,0.32315984
5hss_650_C_401,0.99721166,0.96225441,0.14496345,0.16415056,0.48630315,0.24860401,0.32384021
5htd_MYR_A_201,0.98150334,0.97166517,0.144305,0.16391734,0.4858048,0.24881593,0.32446981
5hxi_5HN_A_403,0.53875606,0.65527067,0.13806342,0.1543532,0.49229389,0.24950296,0.31744995
5hyv_TPP_A_701,0.53875606,0.65527067,0.13806342,0.1543532,0.49229389,0.24950296,0.31744995
5i0d_GLC_A_1124,0.53875606,0.65527067,0.13806342,0.1543532,0.49229389,0.24950296,0.31744995
5i0m_UMP_A_201,0.98195797,0,0.14884025,0.22709377,0.71679683,0.38771218,0.44067249
5i0m_UMP_B_201,0.53875606,0.65527067,0.13806342,0.1543532,0.49229389,0.24950296,0.31744995
5i3p_68T_A_1003,0.53875606,0.65527067,0.13806342,0.1543532,0.49229389,0.24950296,0.31744995
5i5s_NVU_A_402,0.96649614,0.99177429,0.14344053,0.16375169,0.48493619,0.24911942,0.32554463
5i5s_NVU_B_402,0.99564549,0.99177946,0.14429255,0.16427428,0.4852443,0.24888487,0.32511994
5i5t_67X_A_402,0.53875606,0.65527067,0.13806342,0.1543532,0.49229389,0.24950296,0.31744995
5i5t_67X_B_402,0.53875606,0.65527067,0.13806342,0.1543532,0.49229389,0.24950296,0.31744995
5i8s_LEA_A_202,0.99427968,0.98192232,0.14446133,0.16419911,0.48557783,0.2488063,0.32472022
5i8z_JA1_A_302,0.53875606,0.65527067,0.13806342,0.1543532,0.49229389,0.24950296,0.31744995
5i93_69O_A_202,0.53875606,0.65527067,0.13806342,0.1543532,0.49229389,0.24950296,0.31744995
5i95_AKG_A_508,0.8047017,0.92387108,0.1401484,0.16050207,0.48562208,0.24980462,0.32501242
5i9m_69K_A_302,0,0.98917837,0.14392072,0.02515178,0.13534278,0,0.00071310436
5i9m_69K_B_302,0.53875606,0.65527067,0.13806342,0.1543532,0.49229389,0.24950296,0.31744995
5i9m_69K_C_302,0,0.9894816,0.10469572,0.19533286,0.98740314,0.36247856,0.00061655009
5iav_MLI_A_302,0.98892606,0.64405971,0.15145816,0.1623661,0.49744835,0.24577967,0.31041526
5iav_MLI_B_302,0,0.62897078,0.12286796,0.14455992,0.4875217,0.2536016,0.32418847
5ihe_D5M_A_701,0,0,0.13618474,0.14132621,0.50972547,0.24788696,0.29741283
5ihe_D5M_B_701,0.56347226,0,0.15265695,0.15142765,0.515685,0.24335205,0.28919911
5ijz_AKG_A_502,0,0,0.17069008,0,0,0,0
5ijz_AKG_B_502,0.53875606,0.65527067,0.13806342,0.1543532,0.49229389,0.24950296,0.31744995
5ijz_AKG_D_502,0.53875606,0.65527067,0.13806342,0.1543532,0.49229389,0.24950296,0.31744995
5ijz_AKG_E_502,0.53875606,0.65527067,0.13806342,0.1543532,0.49229389,0.24950296,0.31744995
5in3_G1P_A_416,0.98500283,0.98369825,0.14415253,0.16404194,0.48541702,0.2488971,0.32493106
5ioq_DUR_B_302,0.00010326938,0,0.13618776,0.14132806,0.50972656,0.24788613,0.29741133
5ioq_DUR_B_303,0.94775038,0,0.1638907,0.15831666,0.51974929,0.24025932,0.28359749
5ioq_DUR_C_302,0.76390532,0,0.15851628,0.15502084,0.51780487,0.24173893,0.2862774
5ioq_DUR_D_302,0,0,0.13618474,0.14132621,0.50972547,0.24788696,0.29741283
5ip6_6C9_A_301,0.88842373,0,0.16215638,0.1572531,0.51912183,0.24073679,0.2844623
5irw_D9P_A_202,0.53875606,0.65527067,0.13806342,0.1543532,0.49229389,0.24950296,0.31744995
5irw_D9P_B_202,0.53875606,0.65527067,0.13806342,0.1543532,0.49229389,0.24950296,0.31744995
5ita_6DC_A_801,0.97928989,0.98794143,0.14389568,0.16396134,0.48520681,0.24898163,0.32519497
5ita_6DC_B_801,0.51378784,0.98211419,0.13041086,0.15558626,0.48048917,0.25267512,0.33173251
5iuy_BOG_C_503,0.084318658,0.97060563,0.11809968,0.14782794,0.47635318,0.25602699,0.33750295
5ivg_FPS_A_704,0.53875606,0.65527067,0.13806342,0.1543532,0.49229389,0.24950296,0.31744995
5ivg_FPS_B_704,0.53875606,0.65527067,0.13806342,0.1543532,0.49229389,0.24950296,0.31744995
5ivg_FPS_C_704,0.53875606,0.65527067,0.13806342,0.1543532,0.49229389,0.24950296,0.31744995
5ivg_FPS_D_704,0.53875606,0.65527067,0.13806342,0.1543532,0.49229389,0.24950296,0.31744995
5j4k_6FZ_A_404,0.98689663,0.96632288,0.14457577,0.16398656,0.48605043,0.24872399,0.32416377
5j5i_6GM_A_302,0.86870557,0.99500192,0.14051344,0.16201518,0.48378797,0.24993578,0.32710752
5j5i_6GM_A_303,0,0.98802078,0.11526604,0.14640588,0.4748466,0.25686383,0.33947343
5j5i_6GM_B_302,0.95485162,0.99110342,0.14311432,0.16353948,0.48483672,0.24920704,0.32568581
5j5i_6GM_C_302,0.94990699,0.99640057,0.14285762,0.16347808,0.48459742,0.24929496,0.32598339
5j5i_6GM_E_302,0,0.98878924,0.11524977,0.14640984,0.47481948,0.25687081,0.33950615
5j5i_6GM_F_302,0,0.99197501,0.11518232,0.14642621,0.47470701,0.25689975,0.33964177
5j5i_6GM_G_302,0.89147907,0.98368478,0.1414188,0.16236525,0.48442835,0.24964967,0.32629378
5j5i_6GM_I_302,0.96099703,0.9960377,0.1431895,0.16367502,0.48472752,0.24920241,0.32580628
5j5i_6GM_I_303,0,0.98261416,0.11538051,0.14637809,0.47503747,0.2568147,0.33924327
5j61_A3G_A_501,0.53875606,0.65527067,0.13806342,0.1543532,0.49229389,0.24950296,0.31744995
5j61_A3G_B_501,0.53875606,0.65527067,0.13806342,0.1543532,0.49229389,0.24950296,0.31744995
5j61_A3G_C_501,0.53875606,0.65527067,0.13806342,0.1543532,0.49229389,0.24950296,0.31744995
5j61_A3G_E_501,0.53875606,0.65527067,0.13806342,0.1543532,0.49229389,0.24950296,0.31744995
5j61_A3G_F_501,0.53875606,0.65527067,0.13806342,0.1543532,0.49229389,0.24950296,0.31744995
5j61_A3G_G_501,0.53875606,0.65527067,0.13806342,0.1543532,0.49229389,0.24950296,0.31744995
5j61_A3G_H_501,0.53875606,0.65527067,0.13806342,0.1543532,0.49229389,0.24950296,0.31744995
5j6y_GLC_A_309,0,0,0.13618474,0.14132621,0.50972547,0.24788696,0.29741283
5jdv_EVF_B_302,0.9943729,0.98593701,0.14437905,0.16422143,0.48543709,0.24884203,0.32488977
5je1_TOF_A_302,0.0032439393,0,0.13627957,0.14138437,0.50975977,0.24786085,0.29736555
5je1_TOF_B_302,0.0033249225,0,0.13628194,0.14138582,0.50976063,0.2478602,0.29736437
5je5_AZ9_A_302,0.00041595415,0,0.1361969,0.14133367,0.50972986,0.24788361,0.29740677
5je7_EVF_B_302,0.99305987,0.99127975,0.14422755,0.16422535,0.4852346,0.24890114,0.32513636
5jeh_EVF_B_302,0.99037332,0.9302559,0.14544103,0.16386345,0.48736043,0.24836831,0.3225777
5jep_EVF_B_302,0.99295943,0.99046955,0.14424177,0.16421939,0.48526214,0.24889458,0.32510333
5jep_EVF_B_303,0.45918749,0.96962177,0.1290792,0.15454321,0.48035269,0.25300105,0.33199661
5jg5_EVF_B_301,0.53875606,0.65527067,0.13806342,0.1543532,0.49229389,0.24950296,0.31744995
5jg5_EVF_B_302,0.53875606,0.65527067,0.13806342,0.1543532,0.49229389,0.24950296,0.31744995
5jj2_MLI_A_301,0.53875606,0.65527067,0.13806342,0.1543532,0.49229389,0.24950296,0.31744995
5jj2_MLI_A_302,0.53875606,0.65527067,0.13806342,0.1543532,0.49229389,0.24950296,0.31744995
5jj2_MLI_A_305,0.53875606,0.65527067,0.13806342,0.1543532,0.49229389,0.24950296,0.31744995
5joy_6LW_A_602,0.53875606,0.65527067,0.13806342,0.1543532,0.49229389,0.24950296,0.31744995
5joy_6LW_B_602,0.53875606,0.65527067,0.13806342,0.1543532,0.49229389,0.24950296,0.31744995
5jp9_DCM_B_401,0.53875606,0.65527067,0.13806342,0.1543532,0.49229389,0.24950296,0.31744995
5k2c_ZMA_A_1201,0,0.99248909,0.10644636,0.18748636,0.95025355,0.34548286,0
5k5m_68T_A_1003,0.53875606,0.65527067,0.13806342,0.1543532,0.49229389,0.24950296,0.31744995
5kas_PC_A_517,0.53875606,0.65527067,0.13806342,0.1543532,0.49229389,0.24950296,0.31744995
5kcj_GLU_A_302,0.53875606,0.65527067,0.13806342,0.1543532,0.49229389,0.24950296,0.31744995
5kcp_PFB_A_379,0.98490993,0.044106051,7.0490077e-68,0.16374207,0.5312966,0.25039444,0.29577342
5kcp_PFB_B_378,0,0.95406069,0.10690412,0.18881894,0.95752684,0.34844804,1.9108277e-07
5kjw_53C_A_800,0.94584594,0.98725683,0.1429325,0.16335826,0.48487726,0.24924457,0.32565334
5kjz_PCG_A_401,0.9532402,0,0.16405118,0.15841508,0.51980736,0.24021513,0.28351747
5kmj_6UF_A_901,0.00087032259,0.99438944,0.11515664,0.14645423,0.47463098,0.25691469,0.33973187
5kts_CIZ_A_402,0,0.023160639,0.13569438,0.14144529,0.50890785,0.24809739,0.29839879
5kxb_NGA_A_307,0.98461004,0.91079338,0.14568461,0.16366007,0.48798654,0.24823787,0.32183318
5kxb_NGA_B_305,0,0.91942647,0.11671834,0.14605322,0.4772681,0.2562406,0.33655334
5kxb_NGA_C_305,0,0.94395803,0.11619895,0.14617935,0.4764021,0.25646349,0.33759766
5kxb_NGA_D_301,0,0.95943679,0.11587123,0.14625893,0.47585567,0.25660412,0.3382566
5l1u_7PF_A_401,0,0,0.13618474,0.14132621,0.50972547,0.24788696,0.29741283
5l1v_7PF_A_401,0.53875606,0.65527067,0.13806342,0.1543532,0.49229389,0.24950296,0.31744995
5l7u_NGA_A_601,0.53875606,0.65527067,0.13806342,0.1543532,0.49229389,0.24950296,0.31744995
5l9v_OGA_A_502,0.99676817,0.50523116,0.99628737,0.18020956,0.89997525,0.28279799,0.00037146538
5l9v_OGA_B_502,0.53875606,0.65527067,0.13806342,0.1543532,0.49229389,0.24950296,0.31744995
5la1_XYP_A_601,0.99594295,0,0.16529953,0.15918061,0.520259,0.23987145,0.28289499
5la1_XYP_A_602,0.088004989,0.96419172,0.11834324,0.14786105,0.47661859,0.25593905,0.33717617
5la2_ARB_A_606,0.046580092,0,0.13754643,0.14216126,0.51021812,0.24751208,0.29673384
5lik_W8X_X_402,0.98541046,0.91823304,0.1455505,0.16371267,0.48773237,0.24829902,0.32213822
5lqs_NTM_A_302,0.53875606,0.65527067,0.13806342,0.1543532,0.49229389,0.24950296,0.31744995
5lu8_5KN_A_306,0,1.5998133e-06,0.13618471,0.14132622,0.50972541,0.24788698,0.2974129
5lwy_OLB_A_402,0.53812682,0,0.1519223,0.15097686,0.51541852,0.24355379,0.28956489
5lwy_OLB_A_403,0.53875606,0.65527067,0.13806342,0.1543532,0.49229389,0.24950296,0.31744995
5lwy_OLB_A_404,0,0,0.13618474,0.14132621,0.50972547,0.24788696,0.29741283
5lwy_OLB_A_407,0,0,0.13618474,0.14132621,0.50972547,0.24788696,0.29741283
5lwy_OLB_A_409,0,0.90933075,0.11693209,0.14600132,0.4776245,0.25614887,0.33612356
5m0e_7CR_A_922,0.5430271,0.65286993,0.15883482,0.067077498,0.24785321,0,0.11533558
5m0t_AKG_A_302,0.53875606,0.65527067,0.13806342,0.1543532,0.49229389,0.24950296,0.31744995
5m0t_AKG_B_302,0.53875606,0.65527067,0.13806342,0.1543532,0.49229389,0.24950296,0.31744995
5m62_BGC_A_409,0,0.65478447,0.12232011,0.14469311,0.48660879,0.25383706,0.32529033
5m66_ADN_A_502,0.53875606,0.65527067,0.13806342,0.1543532,0.49229389,0.24950296,0.31744995
5m66_ADN_B_502,0.53875606,0.65527067,0.13806342,0.1543532,0.49229389,0.24950296,0.31744995
5m66_ADN_C_502,0.53875606,0.65527067,0.13806342,0.1543532,0.49229389,0.24950296,0.31744995
5m66_ADN_D_502,0.53875606,0.65527067,0.13806342,0.1543532,0.49229389,0.24950296,0.31744995
5mdh_MAK_A_335,0.53875606,0.65527067,0.13806342,0.1543532,0.49229389,0.24950296,0.31744995
5mdh_MAK_B_335,0.48841866,0.50144035,0,0.1567242,0.50858653,0.25750397,0.32135168
5mot_HBD_A_401,0.001269066,0.92876472,0.11655773,0.14612398,0.47695187,0.25631523,0.33693237
5mxh_GAL_A_401,0.11528099,0.92612869,0.11994649,0.14815434,0.47825077,0.25537369,0.3351582
5mxh_GAL_A_402,0.11106635,0.94048845,0.11951926,0.14815261,0.47769927,0.25553808,0.33583094
5mzj_TEP_A_2401,0.99759144,0,0.16534772,0.15921017,0.52027643,0.23985819,0.28287096
5mzp_CFF_A_2401,0.045077042,0.98745026,0.11659587,0.14721105,0.4753435,0.25649586,0.33879206
5n5k_HAE_A_306,0.26727682,0.96926924,0,0.15485315,0.48885764,0.26284093,0.34373993
5n63_8OW_A_401,0.53875606,0.65527067,0.13806342,0.1543532,0.49229389,0.24950296,0.31744995
5n8c_8Q8_A_403,0.53875606,0.65527067,0.13806342,0.1543532,0.49229389,0.24950296,0.31744995
5n8c_8Q8_B_403,0.53875606,0.65527067,0.13806342,0.1543532,0.49229389,0.24950296,0.31744995
5nh9_XLS_A_503,0.53875606,0.65527067,0.13806342,0.1543532,0.49229389,0.24950296,0.31744995
5nh9_XLS_B_503,0.53875606,0.65527067,0.13806342,0.1543532,0.49229389,0.24950296,0.31744995
5nh9_XLS_C_504,0.53875606,0.65527067,0.13806342,0.1543532,0.49229389,0.24950296,0.31744995
5nh9_XLS_D_504,0.53875606,0.65527067,0.13806342,0.1543532,0.49229389,0.24950296,0.31744995
5nj0_8YW_A_301,0.53875606,0.65527067,0.13806342,0.1543532,0.49229389,0.24950296,0.31744995
5njb_BB2_A_502,0.95977064,0.96036736,0.14390888,0.16346965,0.48597378,0.24888819,0.32430566
5njb_BB2_C_502,0.96875337,0.95452207,0.14429523,0.16360063,0.48627513,0.24876279,0.32392588
5o3b_9HZ_A_501,0.53875606,0.65527067,0.13806342,0.1543532,0.49229389,0.24950296,0.31744995
5o3b_9HZ_B_501,0.53875606,0.65527067,0.13806342,0.1543532,0.49229389,0.24950296,0.31744995
5o3b_9HZ_C_501,0.53875606,0.65527067,0.13806342,0.1543532,0.49229389,0.24950296,0.31744995
5o3d_9J5_A_501,0.53875606,0.65527067,0.13806342,0.1543532,0.49229389,0.24950296,0.31744995
5o3f_9HT_A_501,0,0,0.16278503,0.028778753,0.19463188,0.0039255574,0
5o3g_9J8_A_501,0.53875606,0.65527067,0.13806342,0.1543532,0.49229389,0.24950296,0.31744995
5o3g_9J8_B_501,0.53875606,0.65527067,0.13806342,0.1543532,0.49229389,0.24950296,0.31744995
5o4j_9KH_B_302,0,0.96169539,0.11582341,0.14627054,0.47577594,0.25662464,0.33835275
5o4j_9KH_C_302,0.53875606,0.65527067,0.13806342,0.1543532,0.49229389,0.24950296,0.31744995
5o4k_9KE_A_405,0.53875606,0.65527067,0.13806342,0.1543532,0.49229389,0.24950296,0.31744995
5o72_9MH_A_303,0.96568365,0.97380036,0.14379733,0.16364471,0.48556211,0.24896265,0.32479131
5ocm_9RH_A_302,0.0016953332,0.98582706,0.11536205,0.146425,0.47494198,0.25683025,0.33935533
5ocm_9RH_B_302,0.0016603815,0.91880368,0.11678007,0.14607979,0.47730765,0.25622158,0.33650262
5ocm_9RH_C_302,0.0016974413,0.91761066,0.11680641,0.14607432,0.47735016,0.25621044,0.33645129
5ocm_9RH_D_302,0.001855516,0.9926915,0.11522139,0.14646316,0.47470135,0.25689133,0.33964522
5ocm_9RH_E_302,0.9950276,0.94805926,0.14520015,0.16403842,0.48678117,0.24849261,0.32326775
5ocm_9RH_F_302,0.76143858,0.99175557,0.1374464,0.1600755,0.48276807,0.25076958,0.32853295
5oew_9TE_B_901,0.53875606,0.65527067,0.13806342,0.1543532,0.49229389,0.24950296,0.31744995
5oew_9TE_C_301,0.53875606,0.65527067,0.13806342,0.1543532,0.49229389,0.24950296,0.31744995
5oew_GLU_A_301,0.53812682,0,0.1519223,0.15097686,0.51541852,0.24355379,0.28956489
5oew_GLU_C_302,0.53812682,0,0.1519223,0.15097686,0.51541852,0.24355379,0.28956489
5oip_9WE_A_302,0.53875606,0.65527067,0.13806342,0.1543532,0.49229389,0.24950296,0.31744995
5oir_9W8_A_302,0.53875606,0.65527067,0.13806342,0.1543532,0.49229389,0.24950296,0.31744995
5oo4_URI_A_201,0.97431333,0,0.16466722,0.15879286,0.52003023,0.24004553,0.28321029
5ooa_URI_A_201,0.98805986,0,0.16506908,0.15903929,0.52017562,0.2399349,0.2830099
5osf_A9E_A_404,0.94604718,0.98273034,0.14303422,0.1633386,0.48503918,0.24920182,0.32545771
5r0i_SYV_A_2501,0.99776035,0.99338809,0.14432032,0.16432046,0.48520988,0.24888246,0.32515759
5r0j_RBJ_B_401,0,0.94617903,0.11615193,0.14619077,0.47632369,0.25648367,0.33769221
5r28_RDJ_A_401,0.53875606,0.65527067,0.13806342,0.1543532,0.49229389,0.24950296,0.31744995
5r9o_54F_A_401,0.52836209,0.66264001,0,0.070319945,0.25702804,0,0.12395496
5r9u_JMM_A_401,0.53875606,0.65527067,0.13806342,0.1543532,0.49229389,0.24950296,0.31744995
5sga_TYR_P_1,0,0.94206676,0.11623899,0.14616962,0.47646886,0.2564463,0.33751715
5syi_NIZ_B_805,0.95171259,0.86008703,0.14579648,0.16280962,0.48942862,0.24804193,0.32015413
5t3h_BEN_A_302,0.99801722,0.99452993,0.14430365,0.16433094,0.48517229,0.24889077,0.32520246
5t63_ALA_C_1,0,0,0.13618474,0.14132621,0.50972547,0.24788696,0.29741283
5t6b_TMP_A_504,0.53875606,0.65527067,0.13806342,0.1543532,0.49229389,0.24950296,0.31744995
5t6b_TMP_B_504,0.53875606,0.65527067,0.13806342,0.1543532,0.49229389,0.24950296,0.31744995
5t6b_TMP_C_503,0.53875606,0.65527067,0.13806342,0.1543532,0.49229389,0.24950296,0.31744995
5t6b_TMP_D_503,0.53875606,0.65527067,0.13806342,0.1543532,0.49229389,0.24950296,0.31744995
5t85_44G_L_301,0.011390865,0,0.13651773,0.14153042,0.50984594,0.24779529,0.29724679
5tbo_78Z_A_1001,0.53875606,0.65527067,0.13806342,0.1543532,0.49229389,0.24950296,0.31744995
5tch_MLI_A_301,0.53875606,0.65527067,0.13806342,0.1543532,0.49229389,0.24950296,0.31744995
5tch_MLI_C_301,0.53875606,0.65527067,0.13806342,0.1543532,0.49229389,0.24950296,0.31744995
5tch_MLI_D_501,0.53875606,0.65527067,0.13806342,0.1543532,0.49229389,0.24950296,0.31744995
5tch_MLI_G_301,0.53875606,0.65527067,0.13806342,0.1543532,0.49229389,0.24950296,0.31744995
5tch_MLI_H_501,0.53875606,0.65527067,0.13806342,0.1543532,0.49229389,0.24950296,0.31744995
5tde_2HP_A_502,0.99540916,0.97430035,0.14465572,0.16418018,0.48585885,0.24872796,0.32437929
5tde_2HP_B_902,0,0.94934669,0.11608486,0.14620705,0.47621187,0.25651245,0.33782706
5tdt_MBN_A_502,0,0.18263659,0.1323179,0.1422652,0.50327807,0.24954634,0.30518778
5tdt_MBN_A_503,0.08580802,0.17139023,0.13506447,0.14374567,0.50458263,0.24875357,0.30345819
5tdt_MBN_A_504,0.99857112,0.098557181,0.16328968,0.15973444,0.51680755,0.24074576,0.28705232
5tdt_MBN_D_501,0.088836549,0.99120345,0.11779565,0.14801483,0.47567383,0.25617777,0.33831395
5tdt_MBN_D_502,0.97062039,0.23324648,0.15962089,0.15992583,0.51175717,0.24219446,0.29319355
5thu_B3N_A_404,0.83072565,0.9608277,0.14012671,0.16115861,0.48459269,0.24993095,0.32620634
5thu_B3N_B_404,0,0.36454961,0.12846638,0.14320046,0.49685623,0.25119915,0.31293192
5tix_OQR_A_302,0,0.65478447,0.12232011,0.14469311,0.48660879,0.25383706,0.32529033
5tlg_7EG_A_601,0.53875606,0.65527067,0.13806342,0.1543532,0.49229389,0.24950296,0.31744995
5tlg_7EG_B_601,0.53875606,0.65527067,0.13806342,0.1543532,0.49229389,0.24950296,0.31744995
5tm5_7EV_A_601,0.53875606,0.65527067,0.13806342,0.1543532,0.49229389,0.24950296,0.31744995
5tm5_7EV_B_601,0.53875606,0.65527067,0.13806342,0.1543532,0.49229389,0.24950296,0.31744995
5tvr_AKG_A_402,0.53875606,0.65527067,0.13806342,0.1543532,0.49229389,0.24950296,0.31744995
5tvr_AKG_B_402,0.53875606,0.65527067,0.13806342,0.1543532,0.49229389,0.24950296,0.31744995
5tzr_MLI_A_2403,0.97586197,0.93019761,0.17956459,0.016512707,0.00010712918,0,0
5u5g_7VD_A_302,0.53875606,0.65527067,0.13806342,0.1543532,0.49229389,0.24950296,0.31744995
5u5g_7VD_B_302,0.53875606,0.65527067,0.13806342,0.1543532,0.49229389,0.24950296,0.31744995
5u5g_7VD_C_302,0.53875606,0.65527067,0.13806342,0.1543532,0.49229389,0.24950296,0.31744995
5u5g_7VD_D_302,0.53875606,0.65527067,0.13806342,0.1543532,0.49229389,0.24950296,0.31744995
5u5x_TP5_A_302,0.99792246,0.98966674,0.14440385,0.16430423,0.48534297,0.24884734,0.32499681
5u8z_83D_A_602,0.53875606,0.65527067,0.13806342,0.1543532,0.49229389,0.24950296,0.31744995
5u8z_83D_C_602,0.53875606,0.65527067,0.13806342,0.1543532,0.49229389,0.24950296,0.31744995
5uap_82S_B_505,0.99603508,0.93715165,0.14546054,0.16400041,0.48717688,0.2483854,0.32278872
5ud0_13P_B_405,0.99341643,0.7669521,0.14898751,0.16307842,0.49315753,0.24686009,0.3155814
5ud0_G3H_B_406,0,0,0.13618474,0.14132621,0.50972547,0.24788696,0.29741283
5ud3_P6F_A_404,0.53875606,0.65527067,0.13806342,0.1543532,0.49229389,0.24950296,0.31744995
5uda_CAE_A_502,0.47926931,0.9961013,0.12910562,0.15503935,0.47963031,0.25308001,0.33283113
5uda_CAE_B_502,0.50867144,0.9871517,0.13015463,0.15552044,0.48025722,0.25276206,0.33202154
5uim_TYD_B_403,0,0,0.13618474,0.14132621,0.50972547,0.24788696,0.29741283
5uio_8DM_A_202,0.98649564,0.96228972,0.14464944,0.16395863,0.48618857,0.24869057,0.32399792
5uio_8DM_C_202,0,0.9648822,0.11575594,0.14628692,0.47566344,0.2566536,0.33848841
5uio_8DM_D_202,0,0.97178992,0.11560968,0.14632244,0.47541958,0.25671636,0.33878248
5uio_8DM_E_202,0.98849882,0.97354823,0.14446963,0.16405243,0.48581231,0.24877674,0.324448
5uio_LG3_E_201,0.99610047,0.99514181,0.14423467,0.16429972,0.48513042,0.24891175,0.32525644
5uj3_CE4_A_302,0,0.97415116,0.11555969,0.14633458,0.47533623,0.25673781,0.338883
5unr_8EV_A_803,0.53875606,0.65527067,0.13806342,0.1543532,0.49229389,0.24950296,0.31744995
5unr_8EV_B_803,0.53875606,0.65527067,0.13806342,0.1543532,0.49229389,0.24950296,0.31744995
5unt_8J1_A_803,0.53875606,0.65527067,0.13806342,0.1543532,0.49229389,0.24950296,0.31744995
5unt_8J1_B_803,0.53875606,0.65527067,0.13806342,0.1543532,0.49229389,0.24950296,0.31744995
5uo3_8EY_B_804,0.53875606,0.65527067,0.13806342,0.1543532,0.49229389,0.24950296,0.31744995
5uo5_M4R_A_803,0.53875606,0.65527067,0.13806342,0.1543532,0.49229389,0.24950296,0.31744995
5ut1_7DZ_A_905,0.53875606,0.65527067,0.13806342,0.1543532,0.49229389,0.24950296,0.31744995
5v7y_AKG_B_302,0,0.89361154,0.1172649,0.1459205,0.47817942,0.25600605,0.33545438
5ve5_GSH_B_402,0,0.48849352,0.12584219,0.14383769,0.49248079,0.25232527,0.31820828
5ved_STU_A_601,0,0.89515545,0.11723221,0.14592844,0.47812491,0.25602008,0.33552011
5vjg_0BP_A_403,0.99877021,0.77175123,0.14904241,0.16319907,0.49304473,0.24686061,0.31570766
5vka_AKG_A_402,0.53875606,0.65527067,0.13806342,0.1543532,0.49229389,0.24950296,0.31744995
5vl0_BNF_A_404,0,0.98251589,0.11538259,0.14637758,0.47504094,0.25681381,0.33923909
5vl0_BNF_B_404,0.9898405,0.98161095,0.14433815,0.16411793,0.48554187,0.2488392,0.32477168
5vl0_BNF_C_404,0.99308429,0.98575008,0.14434534,0.16419736,0.48543006,0.2488507,0.3249006
5vl0_BNF_D_404,0,0.98820202,0.1152622,0.14640682,0.47484021,0.25686547,0.33948115
5vut_9OG_B_803,0.53875606,0.65527067,0.13806342,0.1543532,0.49229389,0.24950296,0.31744995
5vuu_9OJ_A_805,0.53875606,0.65527067,0.13806342,0.1543532,0.49229389,0.24950296,0.31744995
5vv0_9OM_A_803,0.53875606,0.65527067,0.13806342,0.1543532,0.49229389,0.24950296,0.31744995
5vv0_9OM_B_803,0.53875606,0.65527067,0.13806342,0.1543532,0.49229389,0.24950296,0.31744995
5vv5_9OJ_A_803,0.53875606,0.65527067,0.13806342,0.1543532,0.49229389,0.24950296,0.31744995
5vv5_9OJ_B_803,0.53875606,0.65527067,0.13806342,0.1543532,0.49229389,0.24950296,0.31744995
5vyr_B62_A_301,0.98878633,0.98331507,0.17228629,0.045629116,0.15378662,0,0
5vyr_B62_B_301,0.53875606,0.65527067,0.13806342,0.1543532,0.49229389,0.24950296,0.31744995
5vyr_GMP_B_302,0.53875606,0.65527067,0.13806342,0.1543532,0.49229389,0.24950296,0.31744995
5w3k_9TY_A_401,0.99604281,0.9492589,0.14520443,0.16406279,0.48674956,0.24849534,0.32330402
5w3k_9TY_B_401,0.26141844,0.95938069,0.12351456,0.15094512,0.47862253,0.25449968,0.33444352
5w5t_9X7_A_506,0.5293284,0.65371074,0.14523965,0,0.40415048,0.18137622,0.24477519
5w5t_9X7_D_508,0.53875606,0.65527067,0.13806342,0.1543532,0.49229389,0.24950296,0.31744995
5w7b_MYR_B_208,0.53875606,0.65527067,0.13806342,0.1543532,0.49229389,0.24950296,0.31744995
5w8q_BU4_A_400,0.99492649,0.97220017,0.14468607,0.16416073,0.48592788,0.24871276,0.32429692
5w8q_BU4_B_400,0.025831113,0.995276,0.11586756,0.14690626,0.47486368,0.25672185,0.33940575
5wcz_NOJ_A_601,0.53875606,0.65527067,0.13806342,0.1543532,0.49229389,0.24950296,0.31744995
5wcz_NOJ_B_601,0.53875606,0.65527067,0.13806342,0.1543532,0.49229389,0.24950296,0.31744995
5wgk_AGJ_A_816,0.9639104,0.96967884,0.14383275,0.16359173,0.48568885,0.24893948,0.3246417
5wgr_PM7_A_712,0,0.98458436,0.1153388,0.14638822,0.47496792,0.25683261,0.33932714
5wgv_PM7_A_712,0,0,0.13618474,0.14132621,0.50972547,0.24788696,0.29741283
5wgw_MB5_A_714,0.53875606,0.65527067,0.13806342,0.1543532,0.49229389,0.24950296,0.31744995
5wgw_MB5_A_715,0.53875606,0.65527067,0.13806342,0.1543532,0.49229389,0.24950296,0.31744995
5wqp_NCA_A_302,0,0.65478447,0.12232011,0.14469311,0.48660879,0.25383706,0.32529033
5x0j_SEP_A_302,0.53875606,0.65527067,0.13806342,0.1543532,0.49229389,0.24950296,0.31744995
5x23_LSN_A_502,0.53875606,0.65527067,0.13806342,0.1543532,0.49229389,0.24950296,0.31744995
5x23_LSN_A_503,0.52932862,0.65371078,0.14523948,3.6352885e-06,0.40415257,0.18137783,0.24477691
5x23_LSN_A_504,0.53875606,0.65527067,0.13806342,0.1543532,0.49229389,0.24950296,0.31744995
5x2m_GLN_A_951,0.93053849,0,0.16338754,0.1580081,0.51956725,0.24039784,0.28384839
5x2m_GLN_B_951,0.99257231,0.76106608,0.14908745,0.16303303,0.49335639,0.24681341,0.31534314
5x2m_GLN_D_951,0,0,0.13618474,0.14132621,0.50972547,0.24788696,0.29741283
5x5d_UMP_A_401,0.53875606,0.65527067,0.13806342,0.1543532,0.49229389,0.24950296,0.31744995
5x5d_UMP_B_401,0.96184083,0,0.15336374,0.20877516,0.99141311,0.34857669,0
5x5d_UMP_D_401,0.53875606,0.65527067,0.13806342,0.1543532,0.49229389,0.24950296,0.31744995
5x5d_UMP_E_401,0.53875606,0.65527067,0.13806342,0.1543532,0.49229389,0.24950296,0.31744995
5x6r_7ZR_A_402,0.87822792,0.65557704,0.14798213,0.16043937,0.49587579,0.24677246,0.3125104
5x6r_7ZR_B_402,5.6017311e-10,0.65478447,0.12232011,0.14469311,0.48660879,0.25383706,0.32529033
5x86_TMP_B_207,0.99407495,0,0.16524492,0.15914713,0.52023924,0.23988649,0.28292222
5xdt_MB3_A_404,0.38395684,0.99568175,0.1263282,0.15332852,0.47863706,0.25384329,0.33420264
5xh2_NPO_A_305,0.99645798,0.96943591,0.14478937,0.16417397,0.48604166,0.24867532,0.32415692
5xin_XLS_B_397,0.53875606,0.65527067,0.13806342,0.1543532,0.49229389,0.24950296,0.31744995
5xin_XLS_C_397,0.53875606,0.65527067,0.13806342,0.1543532,0.49229389,0.24950296,0.31744995
5xin_XLS_D_397,0.53875606,0.65527067,0.13806342,0.1543532,0.49229389,0.24950296,0.31744995
5xmq_PLG_A_501,0,0.9832718,0,0.14997214,0.48508343,0.26476029,0.3478434
5xoi_SIN_A_401,0.99751015,0.92729051,0.14571245,0.16397615,0.4875406,0.24828393,0.32234743
5xrv_F6R_A_702,0.53875606,0.65527067,0.13806342,0.1543532,0.49229389,0.24950296,0.31744995
5xsm_8EO_A_705,0.96814297,0,0.19871582,0.012621618,7.8406877e-05,0,0
5xvv_AKG_B_506,0.53875606,0.65527067,0.13806342,0.1543532,0.49229389,0.24950296,0.31744995
5xz7_F6P_A_407,0,0.97935305,0.11544956,0.14636132,0.47515259,0.25678508,0.33910444
5y1g_AKB_A_401,0.9331461,0,0.16346377,0.15805485,0.51959483,0.24037685,0.28381038
5y7a_KYN_A_502,0.9182321,0,0.16302778,0.15778748,0.51943709,0.24049688,0.28402778
5y7r_AKG_B_402,0.53875606,0.65527067,0.13806342,0.1543532,0.49229389,0.24950296,0.31744995
5y8k_SER_A_301,0,0.0080345712,0.13601463,0.14136752,0.50944183,0.24795996,0.29775487
5y8k_SER_B_301,0,0.0027195521,0.13612716,0.1413402,0.50962946,0.24791167,0.29752861
5y8p_3OH_B_301,0.41505808,0.8388111,0.13055871,0.15307956,0.48450381,0.2521677,0.3270712
5yaq_ISE_B_402,0.53875606,0.65527067,0.13806342,0.1543532,0.49229389,0.24950296,0.31744995
5yaq_ISE_C_402,0.53875606,0.65527067,0.13806342,0.1543532,0.49229389,0.24950296,0.31744995
5yaq_ISE_D_402,0.53875606,0.65527067,0.13806342,0.1543532,0.49229389,0.24950296,0.31744995
5yb7_ORN_A_602,0.53875606,0.65527067,0.13806342,0.1543532,0.49229389,0.24950296,0.31744995
5yb7_ORN_B_602,0.53875606,0.65527067,0.13806342,0.1543532,0.49229389,0.24950296,0.31744995
5yb7_ORN_B_603,0.53875606,0.65527067,0.13806342,0.1543532,0.49229389,0.24950296,0.31744995
5yb7_ORN_C_602,0.53875606,0.65527067,0.13806342,0.1543532,0.49229389,0.24950296,0.31744995
5yb7_ORN_C_603,0.53875606,0.65527067,0.13806342,0.1543532,0.49229389,0.24950296,0.31744995
5yb7_ORN_D_602,0.53875606,0.65527067,0.13806342,0.1543532,0.49229389,0.24950296,0.31744995
5yb7_ORN_D_603,0.53875606,0.65527067,0.13806342,0.1543532,0.49229389,0.24950296,0.31744995
5ybl_AKG_A_302,0.53875606,0.65527067,0.13806342,0.1543532,0.49229389,0.24950296,0.31744995
5ybp_8SX_B_303,0.53875606,0.65527067,0.13806342,0.1543532,0.49229389,0.24950296,0.31744995
5ybq_8T0_A_303,0.53875606,0.65527067,0.13806342,0.1543532,0.49229389,0.24950296,0.31744995
5ybq_AKG_A_302,0.53875606,0.65527067,0.13806342,0.1543532,0.49229389,0.24950296,0.31744995
5ybq_AKG_B_302,0.53875606,0.65527067,0.13806342,0.1543532,0.49229389,0.24950296,0.31744995
5yfj_RUB_A_401,0.53875606,0.65527067,0.13806342,0.1543532,0.49229389,0.24950296,0.31744995
5yfj_RUB_B_401,0.53875606,0.65527067,0.13806342,0.1543532,0.49229389,0.24950296,0.31744995
5ykt_PMP_A_501,0.53875606,0.65527067,0.13806342,0.1543532,0.49229389,0.24950296,0.31744995
5ykt_PMP_B_501,0.53875606,0.65527067,0.13806342,0.1543532,0.49229389,0.24950296,0.31744995
5ylf_BGC_A_401,0,0.95010361,0.11606883,0.14621094,0.47618515,0.25651932,0.33785928
5ysh_5AD_D_605,0.21274926,0.98677077,0.12151189,0.15021344,0.47714086,0.25514023,0.33631898
5ysh_5AD_G_605,0.99857816,0.98270107,0.1445705,0.16428018,0.4855958,0.24877878,0.32469072
5ysh_5AD_J_605,0.21831849,0.98087692,0.12179948,0.15028298,0.47740783,0.25504186,0.33598689
5z54_0HZ_A_303,0.53875606,0.65527067,0.13806342,0.1543532,0.49229389,0.24950296,0.31744995
5z54_0HZ_B_303,0,0,0.12516,0.19201489,0.99494768,0.35735214,0
5z54_0HZ_C_303,0.53875606,0.65527067,0.13806342,0.1543532,0.49229389,0.24950296,0.31744995
5z54_0HZ_D_303,0.98743691,0,0.15494794,0.20560555,0.97400102,0.34051478,0
5z9b_AX7_A_304,0.99593375,0,0.16529926,0.15918045,0.5202589,0.23987153,0.28289513
5z9b_HX3_A_303,0.97892104,0.99146747,0.17834911,0.016939658,0.00080650781,0,0
5z9b_HX3_B_303,0.97160376,0.98667353,0.14369784,0.16381703,0.48517028,0.24903197,0.32525303
5z9p_AX7_B_301,0.99588736,0,0.16529791,0.15917962,0.52025841,0.2398719,0.2828958
5zg2_9C0_A_902,0.53875606,0.65527067,0.13806342,0.1543532,0.49229389,0.24950296,0.31744995
5zg2_ZK1_A_901,0.53875606,0.65527067,0.13806342,0.1543532,0.49229389,0.24950296,0.31744995
5zg2_ZK1_B_901,0.53875606,0.65527067,0.13806342,0.1543532,0.49229389,0.24950296,0.31744995
5zge_ZZ7_A_301,0.37748873,0.93609056,0.1274008,0.15290619,0.48067232,0.25335392,0.33176009
5zgr_ZZ7_A_303,0.53211402,0.94264671,0.13178221,0.15571188,0.48207626,0.25216903,0.32978522
5zgr_ZZ7_B_303,0.53875606,0.65527067,0.13806342,0.1543532,0.49229389,0.24950296,0.31744995
5zi4_OAA_A_401,0.53875606,0.65527067,0.13806342,0.1543532,0.49229389,0.24950296,0.31744995
5zi4_OAA_B_401,0.53875606,0.65527067,0.13806342,0.1543532,0.49229389,0.24950296,0.31744995
6a1f_9OF_A_807,0.97926501,0.99073044,0.14383591,0.16397523,0.48510809,0.24900717,0.32531406
6a2m_9QR_B_701,0.9312779,0.98566592,0.17711952,0.015883867,1.4774125e-08,0,0
6a2m_UMP_A_703,0.53812682,0,0.1519223,0.15097686,0.51541852,0.24355379,0.28956489
6a2n_9QR_A_701,0.53875606,0.65527067,0.13806342,0.1543532,0.49229389,0.24950296,0.31744995
6a2n_UMP_A_703,0.53875606,0.65527067,0.13806342,0.1543532,0.49229389,0.24950296,0.31744995
6a2n_UMP_B_703,0.53875606,0.65527067,0.13806342,0.1543532,0.49229389,0.24950296,0.31744995
6a3j_SOE_A_402,0.53875606,0.65527067,0.13806342,0.1543532,0.49229389,0.24950296,0.31744995
6a3j_SOE_B_401,0.53875606,0.65527067,0.13806342,0.1543532,0.49229389,0.24950296,0.31744995
6a3j_SOE_C_402,0.53875606,0.65527067,0.13806342,0.1543532,0.49229389,0.24950296,0.31744995
6a3j_SOE_D_401,0,0,0.076920496,0.39073816,0.98157698,0.98160167,0.98158381
6a6s_FSA_A_502,0,0.96672292,0.11571696,0.14629639,0.47559846,0.25667032,0.33856677
6a7e_9QR_A_201,0.53875606,0.65527067,0.13806342,0.1543532,0.49229389,0.24950296,0.31744995
6abm_9VR_A_505,0.53875606,0.65527067,0.13806342,0.1543532,0.49229389,0.24950296,0.31744995
6acn_TRC_A_899,0.93096665,0.21080806,0.15893676,0.15909959,0.51212989,0.24230973,0.29281637
6ald_2FP_A_700,0.53875606,0.65527067,0.13806342,0.1543532,0.49229389,0.24950296,0.31744995
6auq_BYJ_A_803,0.53875606,0.65527067,0.13806342,0.1543532,0.49229389,0.24950296,0.31744995
6auq_BYJ_B_803,0.53875606,0.65527067,0.13806342,0.1543532,0.49229389,0.24950296,0.31744995
6av2_BY7_A_803,0.53875606,0.65527067,0.13806342,0.1543532,0.49229389,0.24950296,0.31744995
6av2_BY7_B_803,0.53875606,0.65527067,0.13806342,0.1543532,0.49229389,0.24950296,0.31744995
6axu_BTM_A_401,0.98361336,0.98805821,0.1440196,0.16403944,0.48524841,0.24894789,0.32513692
6ayv_F6P_A_401,0.53875606,0.65527067,0.13806342,0.1543532,0.49229389,0.24950296,0.31744995
6ayv_F6P_B_401,0.53875606,0.65527067,0.13806342,0.1543532,0.49229389,0.24950296,0.31744995
6b5k_TYD_A_304,0.94791251,0.65563993,0.15001833,0.16168879,0.4966111,0.24621191,0.31149635
6b6r_BEN_A_302,0.99817632,0.99287871,0.14434326,0.1643253,0.48523227,0.24887448,0.32512984
6b83_6NA_B_201,0.99297664,0.89047247,0.14635944,0.16370559,0.48879239,0.2479859,0.32084615
6b9p_D0J_A_1001,0.53875606,0.65527067,0.13806342,0.1543532,0.49229389,0.24950296,0.31744995
6b9p_D0J_B_1001,0.53875606,0.65527067,0.13806342,0.1543532,0.49229389,0.24950296,0.31744995
6ba2_7KM_A_809,0.53875606,0.65527067,0.13806342,0.1543532,0.49229389,0.24950296,0.31744995
6bds_DJ4_A_302,0.53875606,0.65527067,0.13806342,0.1543532,0.49229389,0.24950296,0.31744995
6bds_DJ4_A_303,2.6134336e-05,0.65478449,0.12232088,0.14469358,0.48660907,0.25383685,0.32528995
6bkk_308_B_101,0.99665064,0.99379357,0.14427929,0.16430265,0.48518383,0.24889508,0.32519103
6bmm_OLB_B_404,0.5293284,0.65371074,0.14523965,0,0.40415048,0.18137622,0.24477519
6bqx_9AG_A_201,0.99148885,0.90934025,0.14591647,0.16377592,0.48811059,0.2481693,0.32167105
6br1_E3Y_B_505,0.53812682,0,0.1519223,0.15097686,0.51541852,0.24355379,0.28956489
6btn_E8M_A_304,0.53875606,0.65527067,0.13806342,0.1543532,0.49229389,0.24950296,0.31744995
6bvl_EBY_B_2001,0,0,0.13618474,0.14132621,0.50972547,0.24788696,0.29741283
6bxk_MTA_A_401,0.53875606,0.65527067,0.13806342,0.1543532,0.49229389,0.24950296,0.31744995
6bxk_MTA_B_401,0.53875606,0.65527067,0.13806342,0.1543532,0.49229389,0.24950296,0.31744995
6c17_DNX_A_202,0.0062003955,0.91605381,0.11697101,0.14614704,0.47745274,0.25616006,0.33631938
6c1i_EEY_A_501,0.53875606,0.65527067,0.13806342,0.1543532,0.49229389,0.24950296,0.31744995
6c1i_EEY_B_501,0.53875606,0.65527067,0.13806342,0.1543532,0.49229389,0.24950296,0.31744995
6c1i_KNA_A_502,0.00045524375,0.98234471,0.11539952,0.14638486,0.47505179,0.25680859,0.33922517
6c6w_TFX_A_502,0,0.92190229,0.11666592,0.14606595,0.4771807,0.25626309,0.33665873
6cdy_EY1_A_501,0.53812682,0,0.1519223,0.15097686,0.51541852,0.24355379,0.28956489
6cdy_EY1_B_501,0.53812682,0,0.1519223,0.15097686,0.51541852,0.24355379,0.28956489
6cgc_F0A_B_402,0.53875606,0.65527067,0.13806342,0.1543532,0.49229389,0.24950296,0.31744995
6cgn_DA_A_801,0,0.9779484,0.11547929,0.1463541,0.47520218,0.25677231,0.33904465
6cqu_HI6_A_601,0.53875606,0.65527067,0.13806342,0.1543532,0.49229389,0.24950296,0.31744995
6cut_FEJ_A_401,0,0.92714295,0.066820897,0.35579345,0.96912011,0.71093661,0.96674825
6cut_FEJ_B_401,0.53875606,0.65527067,0.13806342,0.1543532,0.49229389,0.24950296,0.31744995
6cut_FEJ_D_401,0.53875606,0.65527067,0.13806342,0.1543532,0.49229389,0.24950296,0.31744995
6cwr_6LA_A_201,0.97222635,0,0.16460621,0.15875544,0.52000816,0.24006233,0.28324071
6dl7_ONC_A_301,0.53875606,0.65527067,0.13806342,0.1543532,0.49229389,0.24950296,0.31744995
6dl7_ONC_B_301,0.53875606,0.65527067,0.13806342,0.1543532,0.49229389,0.24950296,0.31744995
6dl7_ONC_C_301,0.53875606,0.65527067,0.13806342,0.1543532,0.49229389,0.24950296,0.31744995
6dl7_ONC_D_301,0.53875606,0.65527067,0.13806342,0.1543532,0.49229389,0.24950296,0.31744995
6dl7_ONC_E_301,0.53875606,0.65527067,0.13806342,0.1543532,0.49229389,0.24950296,0.31744995
6dl7_ONC_F_301,0.53875606,0.65527067,0.13806342,0.1543532,0.49229389,0.24950296,0.31744995
6dl7_ONC_G_301,0.53875606,0.65527067,0.13806342,0.1543532,0.49229389,0.24950296,0.31744995
6dmi_5T5_A_504,0.53875606,0.65527067,0.13806342,0.1543532,0.49229389,0.24950296,0.31744995
6dqt_LEU_B_1,0.53875606,0.65527067,0.13806342,0.1543532,0.49229389,0.24950296,0.31744995
6dyt_F0G_A_503,0.53875606,0.65527067,0.13806342,0.1543532,0.49229389,0.24950296,0.31744995
6dyt_PP3_B_1501,0.53875606,0.65527067,0.13806342,0.1543532,0.49229389,0.24950296,0.31744995
6e2w_DP6_A_403,0.53875606,0.65527067,0.13806342,0.1543532,0.49229389,0.24950296,0.31744995
6e40_BBJ_A_502,0.53875606,0.65527067,0.13806342,0.1543532,0.49229389,0.24950296,0.31744995
6e40_BBJ_B_502,0.53875606,0.65527067,0.13806342,0.1543532,0.49229389,0.24950296,0.31744995
6e40_BBJ_D_502,0.53875606,0.65527067,0.13806342,0.1543532,0.49229389,0.24950296,0.31744995
6e43_BEZ_A_502,0.99782941,0.96889248,0.14484097,0.16419576,0.48607535,0.24865935,0.32411379
6e43_BEZ_B_502,0.99747155,0.98789407,0.1444282,0.16428704,0.48540078,0.24883487,0.32492792
6e43_BEZ_C_502,0.99858528,0.9766264,0.14469932,0.16424907,0.48581033,0.24872353,0.32443201
6e43_BEZ_D_502,0.99779232,0.97326257,0.14474736,0.16421756,0.48592069,0.24869935,0.32430037
6e8i_PTR_A_201,0.53875606,0.65527067,0.13806342,0.1543532,0.49229389,0.24950296,0.31744995
6ezf_C6Z_A_1003,0.99549646,0,0.16528648,0.15917261,0.52025428,0.23987505,0.2829015
6f2b_AKG_A_402,0.53875606,0.65527067,0.13806342,0.1543532,0.49229389,0.24950296,0.31744995
6f2b_AKG_B_402,0.53875606,0.65527067,0.13806342,0.1543532,0.49229389,0.24950296,0.31744995
6f2v_AMP_A_1001,0.53875606,0.65527067,0.13806342,0.1543532,0.49229389,0.24950296,0.31744995
6f3s_PLP_A_901,0,0.95540007,0.1159567,0.14623817,0.47599817,0.25656745,0.33808475
6f48_XQB_A_302,0,0,0.13618474,0.14132621,0.50972547,0.24788696,0.29741283
6f66_CUT_A_300,0.99597963,0.98986534,0.14434285,0.16427043,0.48531541,0.24886479,0.32503358
6f66_CUT_B_300,0.99767746,0.98783084,0.14443556,0.1642904,0.48540519,0.24883264,0.32492222
6f6a_CU5_A_301,0.01624386,0.99413742,0.1156114,0.14672854,0.47480248,0.25678867,0.33949704
6f6a_CU5_B_301,0.90033323,0.97649721,0.14182981,0.16248703,0.48477573,0.2495131,0.32585873
6f76_CVK_A_203,0.53875606,0.65527067,0.13806342,0.1543532,0.49229389,0.24950296,0.31744995
6f76_CVK_B_203,0.48931418,0.99226554,0.15787491,0.035130855,0.14374021,0,0
6f76_CVK_F_203,0.53875606,0.65527067,0.13806342,0.1543532,0.49229389,0.24950296,0.31744995
6f77_PLP_A_600,0.53875606,0.65527067,0.13806342,0.1543532,0.49229389,0.24950296,0.31744995
6f77_PLP_C_600,0.53875606,0.65527067,0.13806342,0.1543532,0.49229389,0.24950296,0.31744995
6f77_PLP_D_600,0.53875606,0.65527067,0.13806342,0.1543532,0.49229389,0.24950296,0.31744995
6f77_PLP_E_600,0.53875606,0.65527067,0.13806342,0.1543532,0.49229389,0.24950296,0.31744995
6f7r_CIT_A_1002,0.53875606,0.65527067,0.13806342,0.1543532,0.49229389,0.24950296,0.31744995
6f7r_CIT_A_1003,0.84794682,0.93129812,0.14125535,0.16131551,0.48581727,0.24952405,0.32469822
6fa1_D2Z_B_203,0.53875606,0.65527067,0.13806342,0.1543532,0.49229389,0.24950296,0.31744995
6fa1_D2Z_F_203,0.53875606,0.65527067,0.13806342,0.1543532,0.49229389,0.24950296,0.31744995
6fgv_D9T_A_1901,0.93222785,0.8918838,0.14455366,0.16262379,0.48810006,0.24848764,0.32179176
6fjj_LSA_A_302,0.99771514,0.97872173,0.14462952,0.16424425,0.48572715,0.24874957,0.32453389
6fld_DQ5_A_604,0.53875606,0.65527067,0.13806342,0.1543532,0.49229389,0.24950296,0.31744995
6fld_NAG_A_601,0.53875606,0.65527067,0.13806342,0.1543532,0.49229389,0.24950296,0.31744995
6fld_NAG_A_603,0,0.93993159,0.1162842,0.14615865,0.47654424,0.2564269,0.33742625
6flu_DTK_A_402,0.53875606,0.65527067,0.13806342,0.1543532,0.49229389,0.24950296,0.31744995
6flu_DTK_A_403,0.53875606,0.65527067,0.13806342,0.1543532,0.49229389,0.24950296,0.31744995
6flu_DTK_A_404,0.53875606,0.65527067,0.13806342,0.1543532,0.49229389,0.24950296,0.31744995
6flu_DTK_A_405,0.53875606,0.65527067,0.13806342,0.1543532,0.49229389,0.24950296,0.31744995
6flu_DTK_B_401,0.53875606,0.65527067,0.13806342,0.1543532,0.49229389,0.24950296,0.31744995
6flu_DTK_B_402,0.53875606,0.65527067,0.13806342,0.1543532,0.49229389,0.24950296,0.31744995
6flu_DTK_B_403,0.53875606,0.65527067,0.13806342,0.1543532,0.49229389,0.24950296,0.31744995
6flu_DTK_B_404,0.53875606,0.65527067,0.13806342,0.1543532,0.49229389,0.24950296,0.31744995
6flu_DTK_B_405,0.53875606,0.65527067,0.13806342,0.1543532,0.49229389,0.24950296,0.31744995
6flu_DTK_B_406,0.53875606,0.65527067,0.13806342,0.1543532,0.49229389,0.24950296,0.31744995
6fs7_E4Z_A_903,0.53812682,0,0.1519223,0.15097686,0.51541852,0.24355379,0.28956489
6fs7_E4Z_B_903,0,0,0.13618474,0.14132621,0.50972547,0.24788696,0.29741283
6fs7_E4Z_C_903,0.53812682,0,0.1519223,0.15097686,0.51541852,0.24355379,0.28956489
6fs7_E4Z_D_903,0.53875606,0.65527067,0.13806342,0.1543532,0.49229389,0.24950296,0.31744995
6fs7_E4Z_F_903,0.53875606,0.65527067,0.13806342,0.1543532,0.49229389,0.24950296,0.31744995
6fw0_E92_A_602,0.54614392,0.99212087,0.13114487,0.15621776,0.48047812,0.25250563,0.33168685
6g3f_FUM_A_601,0.97490132,0,0.16468441,0.1588034,0.52003645,0.2400408,0.28320172
6g5q_EMZ_A_401,0.53875606,0.65527067,0.13806342,0.1543532,0.49229389,0.24950296,0.31744995
6g5q_EMZ_B_402,0.53875606,0.65527067,0.13806342,0.1543532,0.49229389,0.24950296,0.31744995
6gck_EUB_A_302,0.82353599,0.99210447,0.14678369,1.8238526e-44,0.39319897,0.18047484,0.25318188
6gck_EUB_B_302,0.53875606,0.65527067,0.13806342,0.1543532,0.49229389,0.24950296,0.31744995
6gck_EUB_C_302,0.53875606,0.65527067,0.13806342,0.1543532,0.49229389,0.24950296,0.31744995
6gck_EUB_D_302,0.53875606,0.65527067,0.13806342,0.1543532,0.49229389,0.24950296,0.31744995
6gl4_GLU_A_301,0,0,0.13618474,0.14132621,0.50972547,0.24788696,0.29741283
6gnf_GLC_B_602,0.53875606,0.65527067,0.13806342,0.1543532,0.49229389,0.24950296,0.31744995
6gpn_OGA_B_402,0.53875606,0.65527067,0.13806342,0.1543532,0.49229389,0.24950296,0.31744995
6gqk_F88_A_1001,0.53875606,0.65527067,0.13806342,0.1543532,0.49229389,0.24950296,0.31744995
6gqk_F88_B_1001,0.53875606,0.65527067,0.13806342,0.1543532,0.49229389,0.24950296,0.31744995
6gxk_FFW_A_402,0.53875606,0.65527067,0.13806342,0.1543532,0.49229389,0.24950296,0.31744995
6gxk_FFW_B_402,0.53875606,0.65527067,0.13806342,0.1543532,0.49229389,0.24950296,0.31744995
6hmw_FUL_B_204,0.53875606,0.65527067,0.13806342,0.1543532,0.49229389,0.24950296,0.31744995
6hmw_FUL_C_203,0.53875606,0.65527067,0.13806342,0.1543532,0.49229389,0.24950296,0.31744995
6hmw_FUL_D_204,0.53875606,0.65527067,0.13806342,0.1543532,0.49229389,0.24950296,0.31744995
6hmw_FUL_E_204,0.53875606,0.65527067,0.13806342,0.1543532,0.49229389,0.24950296,0.31744995
6hmw_FUL_H_201,0.53875606,0.65527067,0.13806342,0.1543532,0.49229389,0.24950296,0.31744995
6hmw_FUL_I_201,0.53875606,0.65527067,0.13806342,0.1543532,0.49229389,0.24950296,0.31744995
6hmw_FUL_J_201,0.53875606,0.65527067,0.13806342,0.1543532,0.49229389,0.24950296,0.31744995
6ho2_GHN_A_301,0,0.98649849,0.11529827,0.14639806,0.47490034,0.25685,0.33940863
6ho7_GHQ_A_301,0,0.99041379,0.11521537,0.14641819,0.47476213,0.25688557,0.33957531
6hqr_3DM_A_502,0.99658488,0.9589593,0.14501489,0.16412238,0.48641285,0.24857911,0.32370907
6hsg_GM5_B_504,0.53875606,0.65527067,0.13806342,0.1543532,0.49229389,0.24950296,0.31744995
6hsg_GM5_C_504,0,0.87708232,0,0.14946767,0.48894847,0.26388775,0.34342281
6hsg_GM5_D_504,0.53875606,0.65527067,0.13806342,0.1543532,0.49229389,0.24950296,0.31744995
6i4b_E2N_A_603,0.53875606,0.65527067,0.13806342,0.1543532,0.49229389,0.24950296,0.31744995
6i4b_E2N_B_603,0.53875606,0.65527067,0.13806342,0.1543532,0.49229389,0.24950296,0.31744995
6i4b_ORO_A_602,0.2092047,0,0.1423005,0.14507665,0.51193811,0.24620325,0.29436326
6i6r_H62_A_704,0.92511346,0.60889849,0.15033715,0.16104135,0.49801469,0.24597377,0.30984862
6ijn_6MZ_A_401,0.95466967,0.98973567,0.14313796,0.16352919,0.48488307,0.24919608,0.32563024
6ijp_IMP_A_402,0.53875606,0.65527067,0.13806342,0.1543532,0.49229389,0.24950296,0.31744995
6ix8_B3O_A_408,0.53875606,0.65527067,0.13806342,0.1543532,0.49229389,0.24950296,0.31744995
6ix8_B3O_B_408,0.53875606,0.65527067,0.13806342,0.1543532,0.49229389,0.24950296,0.31744995
6j4t_IMP_A_401,0,0,0.13618474,0.14132621,0.50972547,0.24788696,0.29741283
6jc7_F0G_B_601,0.53875606,0.65527067,0.13806342,0.1543532,0.49229389,0.24950296,0.31744995
6jc7_F0G_C_601,0.53875606,0.65527067,0.13806342,0.1543532,0.49229389,0.24950296,0.31744995
6jea_NAG_A_501,0,0.80222474,0,0.14911205,0.49167311,0.26327265,0.34030655
6jk9_BU0_A_501,0.53875606,0.65527067,0.13806342,0.1543532,0.49229389,0.24950296,0.31744995
6jmd_BVO_A_408,0.99417619,0.99350664,0.14421303,0.16425682,0.48516779,0.24891238,0.32521488
6jmd_ORO_A_402,0.013339302,0.86529912,0.1182543,0.14601408,0.47931998,0.25564146,0.33405466
6jme_BVU_A_409,0.53875606,0.65527067,0.13806342,0.1543532,0.49229389,0.24950296,0.31744995
6jme_ORO_A_402,0,0.85171822,0.11815188,0.14570512,0.47965832,0.25562542,0.33367096
6jq8_CIT_A_302,0.99450081,0.65568198,0.15137965,0.1625241,0.4971027,0.24583714,0.3108184
6jws_PT1_A_801,0.53875606,0.65527067,0.13806342,0.1543532,0.49229389,0.24950296,0.31744995
6jws_PT1_B_801,0.53875606,0.65527067,0.13806342,0.1543532,0.49229389,0.24950296,0.31744995
6jwy_PH2_A_802,0.9927468,0,0.1652061,0.15912332,0.52022519,0.23989718,0.28294158
6jyg_FLC_A_401,0.53875606,0.65527067,0.13806342,0.1543532,0.49229389,0.24950296,0.31744995
6jyg_FLC_B_401,0.53875606,0.65527067,0.13806342,0.1543532,0.49229389,0.24950296,0.31744995
6jyg_FLC_D_401,0.88282996,0.76988306,0.17328534,0.044404175,0.16515697,0,0.00042984273
6jz6_CKX_B_701,0.85205996,0.96911284,0.089366866,0.37742058,0.98261223,0.71777191,0.98498229
6jzh_ZMA_A_2002,0.53875606,0.65527067,0.13806342,0.1543532,0.49229389,0.24950296,0.31744995
6k92_GT0_B_602,0.53875606,0.65527067,0.13806342,0.1543532,0.49229389,0.24950296,0.31744995
6krs_CIT_B_301,0.53875606,0.65527067,0.13806342,0.1543532,0.49229389,0.24950296,0.31744995
6krs_CIT_C_301,0.53875606,0.65527067,0.13806342,0.1543532,0.49229389,0.24950296,0.31744995
6krs_CIT_D_301,0.53875606,0.65527067,0.13806342,0.1543532,0.49229389,0.24950296,0.31744995
6krs_CIT_F_301,0.53875606,0.65527067,0.13806342,0.1543532,0.49229389,0.24950296,0.31744995
6krs_CIT_G_301,0.53875606,0.65527067,0.13806342,0.1543532,0.49229389,0.24950296,0.31744995
6krs_CIT_H_301,0.53875606,0.65527067,0.13806342,0.1543532,0.49229389,0.24950296,0.31744995
6krs_CIT_I_301,0.53875606,0.65527067,0.13806342,0.1543532,0.49229389,0.24950296,0.31744995
6krs_CIT_J_301,0.53875606,0.65527067,0.13806342,0.1543532,0.49229389,0.24950296,0.31744995
6kxh_DY9_A_401,0.53875606,0.65527067,0.13806342,0.1543532,0.49229389,0.24950296,0.31744995
6kxh_DY9_B_402,0.53875606,0.65527067,0.13806342,0.1543532,0.49229389,0.24950296,0.31744995
6l17_E2X_A_401,0.99032057,0,0.16803009,0.90590847,0.6151808,0,0
6l59_CIT_B_403,0.53875606,0.65527067,0.13806342,0.1543532,0.49229389,0.24950296,0.31744995
6l68_ALL_A_202,0.53875606,0.65527067,0.13806342,0.1543532,0.49229389,0.24950296,0.31744995
6l7v_3PO_A_302,0.53875606,0.65527067,0.13806342,0.1543532,0.49229389,0.24950296,0.31744995
6l86_LMR_A_302,0.53875606,0.65527067,0.13806342,0.1543532,0.49229389,0.24950296,0.31744995
6l86_LMR_B_302,0.53875606,0.65527067,0.13806342,0.1543532,0.49229389,0.24950296,0.31744995
6l86_LMR_B_303,0.53875606,0.65527067,0.13806342,0.1543532,0.49229389,0.24950296,0.31744995
6l86_LMR_C_302,0.53875606,0.65527067,0.13806342,0.1543532,0.49229389,0.24950296,0.31744995
6l86_LMR_D_302,0.53875606,0.65527067,0.13806342,0.1543532,0.49229389,0.24950296,0.31744995
6l8a_BAL_C_504,0.97370188,0.9793028,0.14391523,0.16381675,0.48545267,0.24894811,0.32490867
6l8a_BAL_D_507,0.99811306,0.9740703,0.14473963,0.16422747,0.48589557,0.24870411,0.32433008
6l8a_BAL_E_503,0.07984342,0.86044633,0.12030118,0.14718135,0.48019467,0.25506213,0.33287864
6lit_2OH_B_501,0.99754227,0,0.16534628,0.15920928,0.52027591,0.23985858,0.28287168
6lj7_EFR_A_301,0.53875606,0.65527067,0.13806342,0.1543532,0.49229389,0.24950296,0.31744995
6lql_F0C_A_702,0.53875606,0.65527067,0.13806342,0.1543532,0.49229389,0.24950296,0.31744995
6lx5_C5F_A_502,0.53812682,0,0.1519223,0.15097686,0.51541852,0.24355379,0.28956489
6lx5_C5F_A_503,0.53887497,0.77909612,0.13544229,0.15499205,0.4879213,0.25062876,0.3227244
6lx5_C5F_B_501,0.53812682,0,0.1519223,0.15097686,0.51541852,0.24355379,0.28956489
6lx5_C5F_B_502,5.4205958e-07,0.83880029,0.1184254,0.14563871,0.48011435,0.25550805,0.33312103
6m5m_NAG_A_202,0.00024894146,0.96336168,0.11579541,0.14628357,0.47571975,0.25663778,0.33842005
6m92_J8V_A_601,0,0.91713175,0.11676693,0.14604143,0.47734911,0.25621975,0.33645565
6m9b_BTN_A_201,0.53875606,0.65527067,0.13806342,0.1543532,0.49229389,0.24950296,0.31744995
6m9b_BTN_B_201,0.53875606,0.65527067,0.13806342,0.1543532,0.49229389,0.24950296,0.31744995
6m9b_BTN_C_201,0.53875606,0.65527067,0.13806342,0.1543532,0.49229389,0.24950296,0.31744995
6mae_JBA_A_301,0.96698926,0,0.16445312,0.15866156,0.51995277,0.24010448,0.28331705
6md2_GW9_A_501,0.53875606,0.65527067,0.13806342,0.1543532,0.49229389,0.24950296,0.31744995
6md2_GW9_B_501,0.53875606,0.65527067,0.13806342,0.1543532,0.49229389,0.24950296,0.31744995
6mnh_JVD_A_301,0.53875606,0.65527067,0.13806342,0.1543532,0.49229389,0.24950296,0.31744995
6mpa_NAG_B_502,0.53875606,0.65527067,0.13806342,0.1543532,0.49229389,0.24950296,0.31744995
6mry_FLC_A_101,0.98769566,0.96231771,0.14468393,0.16398029,0.48620027,0.24868117,0.32398162
6mry_FLC_C_102,0.76872413,0.76214548,0.14252076,0.15902562,0.49095076,0.24862478,0.31865212
6mry_FLC_I_102,0,0.29354884,0,0.1466955,0.51018768,0.25909292,0.31913074
6mry_FLC_K_101,0.53875606,0.65527067,0.13806342,0.1543532,0.49229389,0.24950296,0.31744995
6mwl_K5G_A_301,0,0.98274612,0.11537772,0.14637877,0.47503281,0.2568159,0.33924889
6mwl_K5G_B_301,0.98814662,0.97405846,0.14444853,0.16404874,0.48579057,0.24878421,0.32447486
6n0z_DP6_A_401,0,0.92336664,0.11663492,0.14607348,0.47712901,0.2562764,0.33672107
6n0z_DP6_B_401,0.98471677,0.87887475,0.099998683,0.35919146,0.96379025,0.67218588,0.88943597
6n0z_DP6_C_401,0.53875606,0.65527067,0.13806342,0.1543532,0.49229389,0.24950296,0.31744995
6n0z_DP6_E_401,0.53875606,0.65527067,0.13806342,0.1543532,0.49229389,0.24950296,0.31744995
6n0z_DP6_F_401,0.53875606,0.65527067,0.13806342,0.1543532,0.49229389,0.24950296,0.31744995
6n9r_OHN_A_303,0.53875606,0.65527067,0.13806342,0.1543532,0.49229389,0.24950296,0.31744995
6n9r_OHN_P_308,0.53875606,0.65527067,0.13806342,0.1543532,0.49229389,0.24950296,0.31744995
6n9r_OHN_X_305,0.53875606,0.65527067,0.13806342,0.1543532,0.49229389,0.24950296,0.31744995
6nba_P1T_A_501,0,0,0.13618474,0.14132621,0.50972547,0.24788696,0.29741283
6nba_P1T_B_501,0,0,0.13618474,0.14132621,0.50972547,0.24788696,0.29741283
6nba_P1T_C_501,0.98408643,0,0.16495292,0.15896806,0.5201336,0.23996688,0.28306782
6nba_P1T_D_501,0,0.98758176,0.11527533,0.14640363,0.4748621,0.25685984,0.33945475
6nbw_LAB_A_403,0,0.99437893,0.11513142,0.14643857,0.47462215,0.2569216,0.3397441
6ncx_ADA_A_601,0,0,0.17066557,0,0.00069010586,0,0
6ncx_ADA_B_601,0.53875606,0.65527067,0.13806342,0.1543532,0.49229389,0.24950296,0.31744995
6ncx_ADA_C_601,0.53875606,0.65527067,0.13806342,0.1543532,0.49229389,0.24950296,0.31744995
6ncx_ADA_D_601,0.53875606,0.65527067,0.13806342,0.1543532,0.49229389,0.24950296,0.31744995
6ng5_KMD_A_803,0.53875606,0.65527067,0.13806342,0.1543532,0.49229389,0.24950296,0.31744995
6ng5_KMD_B_803,0.53875606,0.65527067,0.13806342,0.1543532,0.49229389,0.24950296,0.31744995
6nga_KL7_A_803,0.53875606,0.65527067,0.13806342,0.1543532,0.49229389,0.24950296,0.31744995
6nga_KL7_B_804,0.53875606,0.65527067,0.13806342,0.1543532,0.49229389,0.24950296,0.31744995
6ngp_KKY_A_803,0.53875606,0.65527067,0.13806342,0.1543532,0.49229389,0.24950296,0.31744995
6ngp_KKY_B_803,0.53875606,0.65527067,0.13806342,0.1543532,0.49229389,0.24950296,0.31744995
6ngu_KMJ_A_803,0.53875606,0.65527067,0.13806342,0.1543532,0.49229389,0.24950296,0.31744995
6ngu_KMJ_B_803,0.53875606,0.65527067,0.13806342,0.1543532,0.49229389,0.24950296,0.31744995
6nh0_KND_A_803,0.53875606,0.65527067,0.13806342,0.1543532,0.49229389,0.24950296,0.31744995
6nh0_KND_B_803,0.53875606,0.65527067,0.13806342,0.1543532,0.49229389,0.24950296,0.31744995
6nhd_KNV_A_803,0.53875606,0.65527067,0.13806342,0.1543532,0.49229389,0.24950296,0.31744995
6nig_NAG_A_604,0.53812682,0,0.1519223,0.15097686,0.51541852,0.24355379,0.28956489
6nig_NAG_B_803,0.53875606,0.65527067,0.13806342,0.1543532,0.49229389,0.24950296,0.31744995
6nig_NAG_C_802,0.53875606,0.65527067,0.13806342,0.1543532,0.49229389,0.24950296,0.31744995
6nig_NAG_D_602,0.53812682,0,0.1519223,0.15097686,0.51541852,0.24355379,0.28956489
6nni_CP6_A_203,0.99389583,0.989564,0.14428831,0.16423152,0.48530401,0.24887882,0.32505113
6nni_CP6_B_203,0.99069624,0.99058239,0.16474259,0.077033674,0.24119478,0,0.12360805
6nnn_G1P_A_503,0.53875606,0.65527067,0.13806342,0.1543532,0.49229389,0.24950296,0.31744995
6nnp_G6P_A_502,0.94313773,0.88132966,0.12099106,0.2581785,0.00010054437,0.98049124,0.97290531
6ny7_L8J_A_303,0.53875606,0.65527067,0.13806342,0.1543532,0.49229389,0.24950296,0.31744995
6o04_DNA_A_601,0.53875606,0.65527067,0.13806342,0.1543532,0.49229389,0.24950296,0.31744995
6o04_DNA_B_601,0.0005838815,0.99467557,0.11514221,0.14645057,0.47461785,0.25691959,0.33974822
6o04_DNA_C_603,0.53875606,0.65527067,0.13806342,0.1543532,0.49229389,0.24950296,0.31744995
6o04_DNA_D_603,0.53875606,0.65527067,0.13806342,0.1543532,0.49229389,0.24950296,0.31744995
6o1s_7SD_E_803,0.93003853,0.96773219,0.14288378,0.1629745,0.48539933,0.24919439,0.32505258
6o2z_LJV_A_500,0.53875606,0.65527067,0.13806342,0.1543532,0.49229389,0.24950296,0.31744995
6o2z_LJV_B_500,0.53875606,0.65527067,0.13806342,0.1543532,0.49229389,0.24950296,0.31744995
6o5m_G8K_B_506,0.53812682,0,0.1519223,0.15097686,0.51541852,0.24355379,0.28956489
6ock_9KL_A_601,0.5390698,0.98199323,0.13115046,0.15603771,0.48076031,0.25247126,0.33136001
6ofr_BOG_A_801,0.53875606,0.65527067,0.13806342,0.1543532,0.49229389,0.24950296,0.31744995
6ofr_BOG_A_802,0,0.97883327,0.15021591,0,0.00027605543,0,0
6ofr_BOG_A_803,0.53875606,0.65527067,0.13806342,0.1543532,0.49229389,0.24950296,0.31744995
6ofr_BOG_A_804,0.53875606,0.65527067,0.13806342,0.1543532,0.49229389,0.24950296,0.31744995
6ofr_BOG_A_806,0.53875606,0.65527067,0.13806342,0.1543532,0.49229389,0.24950296,0.31744995
6ofr_BOG_A_807,0.53875606,0.65527067,0.13806342,0.1543532,0.49229389,0.24950296,0.31744995
6oha_XAN_A_501,0.0021679904,0.08738534,0.13439797,0.14181435,0.50666354,0.24866347,0.30110127
6ooi_PGA_A_301,0.53875606,0.65527067,0.13806342,0.1543532,0.49229389,0.24950296,0.31744995
6ooi_PGA_C_302,0.53875606,0.65527067,0.13806342,0.1543532,0.49229389,0.24950296,0.31744995
6ooi_PGA_D_301,0.53875606,0.65527067,0.13806342,0.1543532,0.49229389,0.24950296,0.31744995
6ooi_PGA_E_301,0.53875606,0.65527067,0.13806342,0.1543532,0.49229389,0.24950296,0.31744995
6ooi_PGA_F_301,0.53875606,0.65527067,0.13806342,0.1543532,0.49229389,0.24950296,0.31744995
6ooi_PGA_G_301,0.53875606,0.65527067,0.13806342,0.1543532,0.49229389,0.24950296,0.31744995
6oph_6QB_A_401,0.53875606,0.65527067,0.13806342,0.1543532,0.49229389,0.24950296,0.31744995
6p9t_O5D_A_307,1.7834601e-05,0.91543393,0.11680339,0.14603302,0.47740924,0.25620418,0.33638311
6paf_O6A_A_509,0.53875606,0.65527067,0.13806342,0.1543532,0.49229389,0.24950296,0.31744995
6pdd_O9S_A_803,0.53875606,0.65527067,0.13806342,0.1543532,0.49229389,0.24950296,0.31744995
6pk1_3PY_A_502,0.53875606,0.65527067,0.13806342,0.1543532,0.49229389,0.24950296,0.31744995
6pk1_PLP_A_501,0.53875606,0.65527067,0.13806342,0.1543532,0.49229389,0.24950296,0.31744995
6pmv_M16_A_803,0.53875606,0.65527067,0.13806342,0.1543532,0.49229389,0.24950296,0.31744995
6pmv_M16_B_803,0.53875606,0.65527067,0.13806342,0.1543532,0.49229389,0.24950296,0.31744995
6pn9_OU7_A_803,0.53875606,0.65527067,0.13806342,0.1543532,0.49229389,0.24950296,0.31744995
6pna_M16_A_803,0.53875606,0.65527067,0.13806342,0.1543532,0.49229389,0.24950296,0.31744995
6pna_M16_B_803,0.53875606,0.65527067,0.13806342,0.1543532,0.49229389,0.24950296,0.31744995
6png_OSG_A_802,0.53875606,0.65527067,0.13806342,0.1543532,0.49229389,0.24950296,0.31744995
6png_OSG_B_801,0.53875606,0.65527067,0.13806342,0.1543532,0.49229389,0.24950296,0.31744995
6png_OSG_B_804,0.53875606,0.65527067,0.13806342,0.1543532,0.49229389,0.24950296,0.31744995
6ps7_ZMA_A_1201,0,0.96276576,0.11580075,0.14627604,0.47573815,0.25663437,0.33839831
6pvi_OZ7_A_501,0.53875606,0.65527067,0.13806342,0.1543532,0.49229389,0.24950296,0.31744995
6q4b_HHN_A_301,0.53875606,0.65527067,0.13806342,0.1543532,0.49229389,0.24950296,0.31744995
6q4k_HHW_A_301,0.98913197,0.9802355,0.14434655,0.16409816,0.48558294,0.2488324,0.32472345
6q4k_HHW_A_302,0.96633229,0.97261115,0.14384147,0.16365023,0.48561095,0.24894663,0.32473123
6q4r_MLT_A_1041,0,0,0.13618474,0.14132621,0.50972547,0.24788696,0.29741283
6q4y_MAN_A_402,0.53875606,0.65527067,0.13806342,0.1543532,0.49229389,0.24950296,0.31744995
6q4y_MAN_B_402,0.53875606,0.65527067,0.13806342,0.1543532,0.49229389,0.24950296,0.31744995
6qa7_HTW_A_901,0,0.99036886,0.11521632,0.14641796,0.47476371,0.25688516,0.33957339
6qa7_PLP_A_902,0.53875606,0.65527067,0.13806342,0.1543532,0.49229389,0.24950296,0.31744995
6qaw_HVE_A_402,0.53875606,0.65527067,0.13806342,0.1543532,0.49229389,0.24950296,0.31744995
6qdb_HWQ_A_1002,0,0,0.13618474,0.14132621,0.50972547,0.24788696,0.29741283
6qdc_HXE_A_1003,0.53813662,0.010210932,0.15170632,0.15102948,0.51505814,0.24364651,0.28999949
6qdc_HXE_A_1004,0.53875606,0.65527067,0.13806342,0.1543532,0.49229389,0.24950296,0.31744995
6qde_HWW_A_502,0.53875606,0.65527067,0.13806342,0.1543532,0.49229389,0.24950296,0.31744995
6qhu_FAH_A_401,0.95298176,0.65564451,0.15016646,0.16177968,0.49666459,0.24617113,0.31142258
6qli_4LR_A_301,0.53875606,0.65527067,0.13806342,0.1543532,0.49229389,0.24950296,0.31744995
6qni_GLC_A_402,0.53875606,0.65527067,0.13806342,0.1543532,0.49229389,0.24950296,0.31744995
6qnj_GLC_A_402,0.53875606,0.65527067,0.13806342,0.1543532,0.49229389,0.24950296,0.31744995
6qo4_97T_A_301,0.33094554,0.99258974,0.12484396,0.15236228,0.47818554,0.25424184,0.33484375
6qo4_97T_B_301,0.9439596,0,0.16377988,0.1582487,0.5197092,0.24028982,0.28365275
6qol_JB5_B_301,0.53875606,0.65527067,0.13806342,0.1543532,0.49229389,0.24950296,0.31744995
6qor_JBK_A_301,0.99854079,0.95783462,0.14509588,0.16415166,0.48647324,0.24855315,0.32363268
6qor_JBK_B_301,0.99780293,0.981224,0.14457911,0.16425869,0.48563975,0.2487716,0.32463914
6qot_6SD_B_301,0,0.99433931,0.11513226,0.14643837,0.47462355,0.25692124,0.33974242
6qqs_JCZ_A_301,0.53484623,0,0.15182011,0.15091447,0.51538224,0.24358243,0.28961639
6qqs_JCZ_B_301,0.92756935,0,0.16330074,0.15795487,0.51953585,0.24042174,0.28389167
6qrn_RIP_A_500,0.026538018,0,0.13696054,0.14180196,0.51000614,0.24767338,0.29702599
6r0i_JNB_A_901,0.53875606,0.65527067,0.13806342,0.1543532,0.49229389,0.24950296,0.31744995
6r4j_GLU_A_704,0.53875606,0.65527067,0.13806342,0.1543532,0.49229389,0.24950296,0.31744995
6r5o_BGC_A_802,0.53875606,0.65527067,0.13806342,0.1543532,0.49229389,0.24950296,0.31744995
6r5o_BGC_B_801,0.53875606,0.65527067,0.13806342,0.1543532,0.49229389,0.24950296,0.31744995
6r5o_BGC_B_802,0.53875606,0.65527067,0.13806342,0.1543532,0.49229389,0.24950296,0.31744995
6r6i_H50_A_201,0.53887626,0.78044657,0.13541372,0.15499901,0.48787364,0.25064102,0.32278188
6r6i_H50_B_201,0.76088164,0.98586324,0.13755487,0.16003522,0.48297019,0.25072053,0.32829023
6r73_LMP_A_301,0,0,0.13618474,0.14132621,0.50972547,0.24788696,0.29741283
6r73_LMP_B_301,0.47154947,0,0.14996973,0.14977974,0.51471278,0.24409186,0.29053907
6r7w_CIT_A_406,0.53875606,0.65527067,0.13806342,0.1543532,0.49229389,0.24950296,0.31744995
6rbr_JXN_A_302,0.98075432,0.95237674,0.14469148,0.16380474,0.48647779,0.24864671,0.32365961
6rbx_JYT_A_301,0.53875606,0.65527067,0.13806342,0.1543532,0.49229389,0.24950296,0.31744995
6rgg_K3Q_A_401,0,0,0.17004715,0,0.018100136,0,0
6rgg_K3Q_A_402,0.53875606,0.65527067,0.13806342,0.1543532,0.49229389,0.24950296,0.31744995
6rgg_K3Q_A_403,0.53875606,0.65527067,0.13806342,0.1543532,0.49229389,0.24950296,0.31744995
6rgg_K3Q_B_401,0.53875606,0.65527067,0.13806342,0.1543532,0.49229389,0.24950296,0.31744995
6rgg_K3Q_B_402,0.53875606,0.65527067,0.13806342,0.1543532,0.49229389,0.24950296,0.31744995
6rgg_K3Q_B_405,0.53875606,0.65527067,0.13806342,0.1543532,0.49229389,0.24950296,0.31744995
6rgr_RM4_A_402,0.054839278,0.94657568,0.11774667,0.14717592,0.47688969,0.25604591,0.3369097
6rgr_RM4_A_403,0.22235516,0.96693027,0.12221277,0.15028364,0.47794286,0.25488266,0.33533433
6rhc_K48_A_305,0.9953123,0.96944913,0.15236021,1.444832e-25,0.39490874,0.17818509,0.24896516
6rhk_K4B_A_302,0.53875606,0.65527067,0.13806342,0.1543532,0.49229389,0.24950296,0.31744995
6rlt_MLI_B_512,0.98949235,0.81859592,0.14777938,0.16327359,0.49129291,0.24736089,0.31783711
6rq3_OUC_A_401,0.53875606,0.65527067,0.13806342,0.1543532,0.49229389,0.24950296,0.31744995
6rum_TOP_A_301,0.99616858,0.9743454,0.14467697,0.16419402,0.48586529,0.24872226,0.32437014
6s23_KSW_A_402,0.22710281,0.97221637,0.12223964,0.15039593,0.47780647,0.25489247,0.33549016
6s23_KSW_A_403,0.20075418,0.99324105,0.12102424,0.15003167,0.47678559,0.25529556,0.33676927
6s37_SAL_A_601,0.99590925,0.9883116,0.14437369,0.16426118,0.48536951,0.24885124,0.32496847
6s4h_KUQ_A_901,0.99250904,0,0.16519915,0.15911905,0.52022268,0.23989909,0.28294505
6s51_KVQ_A_901,0.92601743,0.99396802,0.14221075,0.1630373,0.48443063,0.24946513,0.32622807
6s7u_KZK_A_501,0,0.65478447,0.12232011,0.14469311,0.48660879,0.25383706,0.32529033
6s7u_KZK_C_501,0,0.65478447,0.12232011,0.14469311,0.48660879,0.25383706,0.32529033
6s9g_L1Q_A_305,0.53875606,0.65527067,0.13806342,0.1543532,0.49229389,0.24950296,0.31744995
6s9g_L1Q_A_306,0.94764216,0.86333119,0.1456088,0.16275333,0.48927105,0.24810416,0.32035157
6sds_L8N_A_302,0.53875606,0.65527067,0.13806342,0.1543532,0.49229389,0.24950296,0.31744995
6si4_LEK_A_402,0.53875606,0.65527067,0.13806342,0.1543532,0.49229389,0.24950296,0.31744995
6sux_BEN_A_302,0.99755928,0.99561953,0.1442672,0.16432833,0.48512898,0.24890435,0.32525552
6svu_BEN_A_302,0.99585252,0.99658208,0.14419692,0.16430268,0.48507695,0.24892683,0.32532137
6sxr_KHP_A_506,0.53875606,0.65527067,0.13806342,0.1543532,0.49229389,0.24950296,0.31744995
6syz_M1E_A_601,0.99781947,0.9932638,0.14432468,0.16432088,0.4852149,0.24888086,0.32515144
6syz_M1E_B_601,0,0.99006114,0.11522284,0.14641637,0.47477458,0.25688237,0.33956029
6sz3_M1H_B_601,0.00048584639,0.9731615,0.11559485,0.1463382,0.4753763,0.25672491,0.33883378
6szt_M4Q_A_601,0,0.30764856,0.15036924,0.055217082,0.253299,0,0.10771576
6szt_M4Q_B_601,0.037841621,0.98712058,0.11639134,0.14707965,0.47527861,0.25655109,0.3388835
6t02_M5E_A_601,0.53875606,0.65527067,0.13806342,0.1543532,0.49229389,0.24950296,0.31744995
6t02_M5E_A_602,0.53875606,0.65527067,0.13806342,0.1543532,0.49229389,0.24950296,0.31744995
6t02_M5E_B_601,0,0.65234043,0.14323669,0.056271953,0.23911163,7.7953203e-05,0.12073671
6t0a_M58_B_601,0.53875606,0.65527067,0.13806342,0.1543532,0.49229389,0.24950296,0.31744995
6t0m_GOZ_A_305,0.53875606,0.65527067,0.13806342,0.1543532,0.49229389,0.24950296,0.31744995
6t10_M6Z_A_601,0.99516666,0,0.16527684,0.1591667,0.52025079,0.2398777,0.28290631
6t10_M6Z_B_601,0.53875606,0.65527067,0.13806342,0.1543532,0.49229389,0.24950296,0.31744995
6t5p_VD8_A_302,0.99121313,0.88937562,0.14633111,0.16366833,0.48881246,0.24799013,0.32082516
6t5p_VD8_C_302,0,0.88272155,0.11749547,0.14586451,0.47856385,0.25590711,0.33499079
6t5p_VD8_D_302,0.99554728,0.96797953,0.14479358,0.16415015,0.48608344,0.24866942,0.32410819
6t9c_MX8_A_501,0,0.9766465,0.11550686,0.14634741,0.47524814,0.25676048,0.33898923
6tbx_N0Z_A_302,0.53875606,0.65527067,0.13806342,0.1543532,0.49229389,0.24950296,0.31744995
6tbx_N0Z_B_302,0.53875606,0.65527067,0.13806342,0.1543532,0.49229389,0.24950296,0.31744995
6tbx_N0Z_C_303,0.99274841,0,0.19345694,0.038995778,0.13931925,0,0.005300254
6tbx_N0Z_D_302,0.53875606,0.65527067,0.13806342,0.1543532,0.49229389,0.24950296,0.31744995
6tgi_N8Z_A_508,0.99346529,0,0.1652271,0.1591362,0.52023279,0.2398914,0.28293111
6tgi_N8Z_B_508,0.99641959,0,0.16531346,0.15918916,0.52026404,0.23986762,0.28288804
6tgl_LVP_B_201,0.53875606,0.65527067,0.13806342,0.1543532,0.49229389,0.24950296,0.31744995
6to7_SUV_A_401,0,0.9844912,0.11534077,0.14638774,0.47497121,0.25683176,0.33932318
6to7_SUV_B_401,0,0.98395451,0.11535213,0.14638498,0.47499015,0.25682688,0.33930033
6tog_NQH_A_201,0.97943118,0.99100723,0.1438349,0.16397963,0.48510008,0.24900834,0.32532342
6toj_NQQ_A_201,0.97418721,0.98904011,0.14641034,0.15246079,0.45164225,0.22429441,0.29892998
6tol_NQW_A_201,0.53875606,0.65527067,0.13806342,0.1543532,0.49229389,0.24950296,0.31744995
6tor_PMP_A_504,0.98598829,0.98341715,0.14418729,0.16405816,0.48543737,0.24888661,0.32490472
6tot_NRK_A_401,0,0.97666494,0.11550647,0.1463475,0.47524749,0.25676065,0.33899001
6tot_NRK_B_401,8.9394841e-07,0.97663485,0.11550713,0.14634736,0.47524856,0.25676037,0.33898872
6tt4_BMA_C_3,0,0,0.13618474,0.14132621,0.50972547,0.24788696,0.29741283
6tt4_FT8_A_709,0.53875606,0.65527067,0.13806342,0.1543532,0.49229389,0.24950296,0.31744995
6tt4_FT8_B_711,0.53875606,0.65527067,0.13806342,0.1543532,0.49229389,0.24950296,0.31744995
6u30_PQM_A_501,0.53875606,0.65527067,0.13806342,0.1543532,0.49229389,0.24950296,0.31744995
6u6c_P1T_D_505,0.53875606,0.65527067,0.13806342,0.1543532,0.49229389,0.24950296,0.31744995
6u6c_P1T_F_805,0.53875606,0.65527067,0.13806342,0.1543532,0.49229389,0.24950296,0.31744995
6u6c_P1T_H_504,0.53875606,0.65527067,0.13806342,0.1543532,0.49229389,0.24950296,0.31744995
6u6c_PZV_F_802,0.82493413,0.9741068,0.13967625,0.16112305,0.48406266,0.25009821,0.32685606
6ufd_Q6D_A_305,0.99286006,0.97896061,0.14448253,0.16415844,0.48566737,0.24879082,0.32461484
6uo7_QCP_A_504,0.9840092,0.95007497,0.14483537,0.16385126,0.48659347,0.2485996,0.32351418
6uqd_QF4_A_501,0.53875606,0.65527067,0.13806342,0.1543532,0.49229389,0.24950296,0.31744995
6ur0_ETM_A_401,0.75018752,0.76054029,0.14201286,0.15868506,0.49081138,0.24875938,0.31885399
6ur0_ETM_B_401,0.98154439,0.96809039,0.14438188,0.16389969,0.48593143,0.24878312,0.32431703
6urx_JMG_A_316,0.99728875,0.98789856,0.17529117,0.033048656,0.075619508,0,0.021609233
6uvj_QJ1_A_205,0.53875606,0.65527067,0.13806342,0.1543532,0.49229389,0.24950296,0.31744995
6uxr_K6G_B_202,0,0.89948728,0.1171405,0.14595071,0.47797199,0.25605944,0.33570451
6uzr_QM1_B_301,0.53875606,0.65527067,0.13806342,0.1543532,0.49229389,0.24950296,0.31744995
6v1e_5SW_A_301,0.53875606,0.65527067,0.13806342,0.1543532,0.49229389,0.24950296,0.31744995
6v8n_QS1_A_1704,0,0.99183913,0.1151852,0.14642552,0.47471181,0.25689852,0.33963598
6v9f_QTS_B_2001,0.99519611,0.60486753,0.9756022,0.076177748,0.2794519,0.057657986,0.10824477
6vei_9UO_B_502,0.53875606,0.65527067,0.13806342,0.1543532,0.49229389,0.24950296,0.31744995
6vlu_CIT_A_701,0.32936247,0.5216739,0.13476807,0.1499128,0.49479295,0.24997598,0.31481968
6vmz_NAG_A_402,0.53875606,0.65527067,0.13806342,0.1543532,0.49229389,0.24950296,0.31744995
6vmz_NAG_E_402,0.53875606,0.65527067,0.13806342,0.1543532,0.49229389,0.24950296,0.31744995
6vmz_R3P_A_404,0,0.88964592,0.11734886,0.14590011,0.47831941,0.25597002,0.33528556
6vmz_R3P_C_404,1.4709773e-07,0.95983833,0.11586273,0.14626099,0.4758415,0.25660777,0.33827369
6vmz_R3P_E_403,2.4401517e-07,0.94925063,0.1160869,0.14620656,0.47621526,0.25651157,0.33782296
6vo2_R67_A_403,0.53875606,0.65527067,0.13806342,0.1543532,0.49229389,0.24950296,0.31744995
6vo2_R67_B_403,0,0.92688462,0.11656043,0.14609157,0.47700482,0.25630836,0.33687083
6vv1_RMJ_A_501,0.53875606,0.65527067,0.13806342,0.1543532,0.49229389,0.24950296,0.31744995
6vv9_RQ1_A_202,0.53875606,0.65527067,0.13806342,0.1543532,0.49229389,0.24950296,0.31744995
6vv9_RQ1_B_304,0.53875606,0.65527067,0.13806342,0.1543532,0.49229389,0.24950296,0.31744995
6w0x_S6J_A_301,0.53875606,0.65527067,0.13806342,0.1543532,0.49229389,0.24950296,0.31744995
6w0x_S6J_B_301,0.53875606,0.65527067,0.13806342,0.1543532,0.49229389,0.24950296,0.31744995
6wdv_TWM_A_701,0.53875606,0.65527067,0.13806342,0.1543532,0.49229389,0.24950296,0.31744995
6wdw_TWV_A_701,0.53875606,0.65527067,0.13806342,0.1543532,0.49229389,0.24950296,0.31744995
6wiw_I14_A_601,0.97131085,0.89293307,0.14567398,0.16332983,0.48847638,0.24818263,0.32126672
6wiw_I14_B_601,0.53894174,0.84863349,0.13397138,0.15535042,0.48546707,0.25126022,0.32568402
6x9d_HYP_B_2002,0.96682013,0,0.11170268,0.38068071,0.99912904,0.72148284,0.99915038
6xeb_V1P_A_411,0.53875606,0.65527067,0.13806342,0.1543532,0.49229389,0.24950296,0.31744995
6xim_XLS_A_397,0.53875606,0.65527067,0.13806342,0.1543532,0.49229389,0.24950296,0.31744995
6xim_XLS_B_397,0.53875606,0.65527067,0.13806342,0.1543532,0.49229389,0.24950296,0.31744995
6xim_XLS_C_397,0.53875606,0.65527067,0.13806342,0.1543532,0.49229389,0.24950296,0.31744995
6xim_XLS_D_397,0.53875606,0.65527067,0.13806342,0.1543532,0.49229389,0.24950296,0.31744995
6xp1_T2C_A_401,0.53875606,0.65527067,0.13806342,0.1543532,0.49229389,0.24950296,0.31744995
6xu3_GAB_B_402,0.0051727137,0.99025138,0.11537003,0.14651008,0.47482257,0.25684246,0.33949299
6xu3_PLG_C_401,0.53875606,0.65527067,0.13806342,0.1543532,0.49229389,0.24950296,0.31744995
6xu3_PLP_D_401,0.53875606,0.65527067,0.13806342,0.1543532,0.49229389,0.24950296,0.31744995
6xzx_O5H_A_302,0.53875606,0.65527067,0.13806342,0.1543532,0.49229389,0.24950296,0.31744995
6xzx_O5H_B_302,0.53875606,0.65527067,0.13806342,0.1543532,0.49229389,0.24950296,0.31744995
6y4f_GLU_A_202,0.95041491,0,0.16396859,0.15836443,0.51977747,0.24023787,0.28355865
6y4z_TLA_D_301,0.99618235,0,0.16530653,0.15918491,0.52026153,0.23986953,0.2828915
6yaw_P9H_A_301,0,0.95287341,0.11601019,0.14622518,0.47608737,0.25654449,0.33797719
6yaw_P9H_B_502,0,0.96220098,0.1158127,0.14627314,0.47575809,0.25662924,0.33837427
6yk5_PVK_A_312,0.99633508,0,0.16531099,0.15918764,0.52026315,0.2398683,0.28288928
6yk6_OUB_A_311,0.99551536,0,0.16528703,0.15917295,0.52025448,0.2398749,0.28290123
6ypv_AKG_A_302,0.53875606,0.65527067,0.13806342,0.1543532,0.49229389,0.24950296,0.31744995
6yta_IYZ_A_702,0.53875606,0.65527067,0.13806342,0.1543532,0.49229389,0.24950296,0.31744995
6zi7_QR8_A_502,0.53875606,0.65527067,0.13806342,0.1543532,0.49229389,0.24950296,0.31744995
6zi7_QR8_B_502,0.53875606,0.65527067,0.13806342,0.1543532,0.49229389,0.24950296,0.31744995
6zi7_QR8_C_502,0.53875606,0.65527067,0.13806342,0.1543532,0.49229389,0.24950296,0.31744995
6zi7_QR8_D_502,2.0707183e-06,0.90169411,0.15187079,0,0.00070660118,0,0
6zi7_QR8_F_503,0.53875606,0.65527067,0.13806342,0.1543532,0.49229389,0.24950296,0.31744995
6zi7_RAM_D_503,0.53875606,0.65527067,0.13806342,0.1543532,0.49229389,0.24950296,0.31744995
6zjw_GAL_A_1101,0.53875606,0.65527067,0.13806342,0.1543532,0.49229389,0.24950296,0.31744995
6zjw_GAL_A_1102,0.53875606,0.65527067,0.13806342,0.1543532,0.49229389,0.24950296,0.31744995
6zug_QPW_H_1001,0.53875606,0.65527067,0.13806342,0.1543532,0.49229389,0.24950296,0.31744995
7a2h_QX2_A_401,0.53875606,0.65527067,0.13806342,0.1543532,0.49229389,0.24950296,0.31744995
7ak3_RH8_A_501,0.53875606,0.65527067,0.13806342,0.1543532,0.49229389,0.24950296,0.31744995
7bp1_CAQ_A_401,0.99365204,0.99648061,0.14413474,0.16426271,0.48505726,0.24894362,0.32534913
7bp1_CAQ_D_401,0.98569628,0.99593816,0.14391366,0.1641173,0.48499227,0.24900272,0.32544201
7bqu_EF2_A_501,0.78958698,0.99578968,0.13818386,0.16060086,0.48292337,0.25057969,0.32829437
7bzm_GIM_A_501,0.99316825,0.84724148,0.14728034,0.16348676,0.49032055,0.24759157,0.31900299
7bzm_GIM_B_501,0,0.8692706,0.11778026,0.14579536,0.47903869,0.2557849,0.33441817
7c7g_FJR_B_402,0.99153711,0.99128371,0.14418295,0.16419808,0.48521835,0.24891343,0.32515872
7cne_SIN_A_402,0.53875606,0.65527067,0.13806342,0.1543532,0.49229389,0.24950296,0.31744995
7cwd_GAL_A_902,0.53875606,0.65527067,0.13806342,0.1543532,0.49229389,0.24950296,0.31744995
7cwd_GLC_A_901,0,0.99043121,0.115215,0.14641828,0.47476151,0.25688573,0.33957605
7est_0Z2_E_1,0.97246926,0.94813664,0.14453905,0.16363441,0.48653985,0.24867487,0.32359988
7jis_VBS_A_1101,0.53875606,0.65527067,0.13806342,0.1543532,0.49229389,0.24950296,0.31744995
7jo3_VGS_A_302,0.98560844,0.97441824,0.14436671,0.16400508,0.48575103,0.24880791,0.32452717
7joc_ARZ_A_302,0.98923768,0.98719574,0.14420228,0.16413584,0.48533835,0.24889479,0.32501821
7kje_NRD_A_405,0.53875606,0.65527067,0.13806342,0.1543532,0.49229389,0.24950296,0.31744995
7kjg_BTM_A_406,0.53875606,0.65527067,0.13806342,0.1543532,0.49229389,0.24950296,0.31744995
8cpp_TCM_A_422,0.078946401,0.99610981,0.11740265,0.14786276,0.47539602,0.25630195,0.33866699
8icd_ICT_A_418,0.53875606,0.65527067,0.13806342,0.1543532,0.49229389,0.24950296,0.31744995
