query_order,round,flat_index,row_index,row_label,algorithm_index,algorithm,utility,acquisition,predicted_runtime_mean,predicted_runtime_sd,score,runtime
1,0,8948,1278,4kp7_1UQ_B_502,2,diffdock,,,,,0,32.79075
2,0,2243,320,1q4g_BFL_A_701,3,diffdock_l,,,,,0.99524403,39.68095
3,0,9855,1407,4rkz_3S4_B_401,6,smina,,,,,0.2163614,1.9472618
4,0,15402,2200,6g5q_EMZ_B_402,2,diffdock,,,,,0,24.584827
5,0,1179,168,1j0y_BGC_B_2601,3,diffdock_l,,,,,0,30.085219
6,0,8699,1242,4i9n_1E6_C_401,5,autodock,,,,,0.92466044,13.269369
7,0,646,92,1gij_2PU_A_501,2,diffdock,,,,,0.55704148,26.836594
8,0,17286,2469,6tt4_FT8_B_711,3,diffdock_l,,,,,0.81792636,52.543422
9,0,12083,1726,5gto_MYR_A_502,1,unimol,,,,,0.91446168,24.16
10,0,4373,624,2ij7_TPF_F_2474,5,autodock,,,,,0,8.5207395
11,0,1680,240,1m9j_CLW_A_906,0,surfdock,,,,,0.0010600658,2.3760469
12,0,10136,1448,4v3w_E2Z_B_800,0,surfdock,,,,,0.19068595,3.4885331
13,0,17662,2523,6zjw_GAL_A_1102,1,unimol,,,,,0.99699921,17.72
14,0,4528,646,2npq_BOG_A_2000,6,smina,,,,,0,5.0141041
15,0,8330,1190,4h9x_HL4_B_404,0,surfdock,,,,,0.54444563,2.9399289
16,0,3046,435,1xuz_PEP_A_2001,1,unimol,,,,,0.84420816,22.81
17,0,14416,2059,5ybp_AKG_A_302,3,diffdock_l,,,,,4.2929832e-48,39.667867
18,0,2190,312,1pvc_ILE_0_7,6,smina,,,,,0,12.443189
19,0,7879,1125,4dch_GLC_A_501,4,gnina,,,,,0.96669289,1.7665904
20,0,7632,1090,4cme_KTZ_B_1270,2,diffdock,,,,,0,30.149476
21,0,1710,244,1mmy_G6D_A_348,2,diffdock,,,,,0.8109582,25.171521
22,0,551,78,1fwn_PEP_B_2268,5,autodock,,,,,0.0020669718,7.4859012
23,0,17735,2533,7c7g_FJR_B_402,4,gnina,,,,,0.0037554411,3.4803722
24,0,5812,830,2z48_NGA_A_1003,2,diffdock,,,,,0,27.871725
25,0,5479,782,2whq_HI6_A_1543,5,autodock,,,,,0,15.628732
26,0,17627,2518,6zi7_QR8_C_502,1,unimol,,,,,0.92444065,25.15
27,0,640,91,1gey_PPE_A_413,3,diffdock_l,,,,,0,29.092622
28,0,13704,1957,5uio_8DM_E_202,5,autodock,,,,,0,20.320578
29,0,6906,986,3wwc_BUA_A_403,4,gnina,,,,,3.367669e-05,1.4521994
30,0,17457,2493,6vv9_RQ1_B_304,6,smina,,,,,7.5524823e-10,6.8858042
31,0,9823,1403,4rii_TYD_A_401,2,diffdock,,,,,0,42.858259
32,0,5549,792,2x0u_X0U_B_1291,5,autodock,,,,,0,11.576235
33,0,7373,1053,4bux_F35_A_2166,2,diffdock,,,,,0.99025789,34.586309
34,0,15792,2256,6jyg_FLC_D_401,0,surfdock,,,,,0.88282996,2.860752
35,0,13678,1954,5uda_CAE_B_502,0,surfdock,,,,,0.50867144,2.2577718
36,0,13736,1962,5unr_8EV_A_803,2,diffdock,,,,,0,47.154343
37,0,17718,2531,7bzm_GIM_B_501,1,unimol,,,,,0.8692706,23.77
38,0,15250,2178,6fld_NAG_A_602,4,gnina,,,,,2.2550837e-08,2.0782875
39,0,16515,2359,6pmv_M16_B_803,2,diffdock,,,,,0,39.348782
40,0,2901,414,1w55_GPP_A_1374,3,diffdock_l,,,,,0,20.587781
41,0,9851,1407,4rkz_3S4_B_401,2,diffdock,,,,,0,25.308765
42,0,7381,1054,4bux_F35_C_2165,3,diffdock_l,,,,,5.1245637e-46,27.671953
43,0,13734,1962,5unr_8EV_A_803,0,surfdock,,,,,0,3.6286556
44,0,10544,1506,4zb2_FRU_A_404,2,diffdock,,,,,0,22.104799
45,0,6319,902,3tky_N7I_C_369,5,autodock,,,,,0,77.364646
46,0,3427,489,2a9z_26A_A_1002,4,gnina,,,,,0.97359999,4.0752722
47,0,5585,797,2xhk_AKG_B_519,6,smina,,,,,0.00042350863,1.1945872
48,0,6329,904,3tye_XHP_B_901,1,unimol,,,,,0.99357731,19.36
49,0,8978,1282,4kqx_HIO_B_401,4,gnina,,,,,0.44556243,2.278171
50,0,2936,419,1wq4_TYR_A_501,3,diffdock_l,,,,,0.99658159,18.537147
51,0,174,24,1bqp_MAN_B_401,6,smina,,,,,0.99227775,0.76984829
52,0,7727,1103,4cx6_Q16_B_800,6,smina,,,,,7.5478345e-09,8.1845856
53,0,17784,2540,7kjg_BTM_A_406,4,gnina,,,,,0,2.6408739
54,0,7729,1104,4cxr_2BG_A_502,1,unimol,,,,,0.9942728,21.35
55,0,1158,165,1ixo_G3P_D_1004,3,diffdock_l,,,,,2.6127101e-63,16.287182
56,0,5618,802,2xta_TPP_D_2001,4,gnina,,,,,0,17.64348
57,0,9228,1318,4mig_G3F_B_802,2,diffdock,,,,,0.99259036,45.647319
58,0,11428,1632,5dz2_212_A_404,4,gnina,,,,,0.0098241803,2.7116954
59,0,5118,731,2r3d_ACM_A_303,1,unimol,,,,,0.99277008,19.43
60,0,1695,242,1mmx_FUC_A_348,1,unimol,,,,,0.95600972,18.56
61,0,353,50,1e26_GPB_A_208,3,diffdock_l,,,,,0.66423868,29.655373
62,0,7212,1030,4al9_GLA_A_1123,2,diffdock,,,,,0,18.66469
63,0,14774,2110,6ba2_7KM_A_809,4,gnina,,,,,4.6528061e-10,5.1770765
64,0,10073,1439,4ur9_BK9_B_1717,0,surfdock,,,,,0.0012290962,2.4876347
65,0,16259,2322,6ng5_KMD_B_803,5,autodock,,,,,0,5.9982502
66,0,12817,1831,5kf2_COA_A_401,0,surfdock,,,,,0.91137968,3.6807374
67,0,2332,333,1rvt_NDG_H_742,1,unimol,,,,,0,22.22
68,0,5005,715,2qim_ZEA_A_159,0,surfdock,,,,,0.99028936,3.3746808
69,0,8211,1173,4g1x_TQU_A_410,0,surfdock,,,,,0.9971105,2.9202168
70,0,10713,1530,4zu3_4SD_B_302,3,diffdock_l,,,,,0,25.925771
71,0,6099,871,3qwi_CUE_D_272,2,diffdock,,,,,1.8793225e-47,42.716908
72,0,9326,1332,4n36_2F8_B_401,2,diffdock,,,,,0,22.753912
73,0,8431,1204,4hrq_AZG_A_201,3,diffdock_l,,,,,1.6833281e-28,17.853835
74,0,11784,1683,5fiu_Y3J_B_1299,3,diffdock_l,,,,,0,37.408917
75,0,9881,1411,4rql_SNE_B_502,4,gnina,,,,,0.40531124,3.1921436
76,0,12841,1834,5kjz_PCG_A_401,3,diffdock_l,,,,,0.91549517,52.628603
77,0,16296,2328,6nhd_KNV_A_803,0,surfdock,,,,,0.97458954,2.6762011
78,0,8675,1239,4i9n_1E5_H_402,2,diffdock,,,,,1.9234088e-49,52.438082
79,0,1932,276,1o2i_655_A_246,0,surfdock,,,,,0.99334405,2.6354764
80,0,1107,158,1itw_ICT_B_744,1,unimol,,,,,0.92113103,27.39
81,0,7775,1110,4d06_X8W_D_303,5,autodock,,,,,2.2269946e-08,9.9044963
82,0,8316,1188,4h9g_14J_A_512,0,surfdock,,,,,0.0034863285,2.1677524
83,0,8517,1216,4i02_CMP_F_301,5,autodock,,,,,0,13.741276
84,0,1377,196,1kbq_936_B_704,5,autodock,,,,,0,9.533976
85,0,16157,2308,6mwl_K5G_B_301,1,unimol,,,,,0.97405846,20.55
86,0,5423,774,2w7k_PLP_A_501,5,autodock,,,,,1.9439347e-06,9.5577265
87,0,8217,1173,4g1x_TQU_A_410,6,smina,,,,,0,1.3254339
88,0,16402,2343,6ofr_BOG_A_802,1,unimol,,,,,0.97883327,22.32
89,0,7647,1092,4cme_KTZ_D_1270,3,diffdock_l,,,,,0,28.001163
90,0,11184,1597,5cjn_52F_A_809,5,autodock,,,,,0,17.28675
91,0,13042,1863,5mdh_MAK_B_335,1,unimol,,,,,0.50144035,18.72
92,0,13482,1926,5tdt_MBN_A_502,0,surfdock,,,,,0,2.2099794
93,0,1197,171,1j3i_UMP_D_711,0,surfdock,,,,,0.98312368,3.5666614
94,0,2542,363,1tkh_DPN_A_913,1,unimol,,,,,0,18.27
95,0,9303,1329,4mr8_2BW_A_507,0,surfdock,,,,,0,3.0156429
96,0,15967,2281,6l86_LMR_D_302,0,surfdock,,,,,0.95079546,2.5796829
97,0,9863,1409,4rm3_FOA_B_1000,0,surfdock,,,,,0.98819616,2.2897393
98,0,215,30,1ca7_ENO_C_701,5,autodock,,,,,0.96444004,21.631828
99,0,1444,206,1knu_YPA_A_1001,2,diffdock,,,,,0,32.756806
100,0,11485,1640,5edh_5MF_A_803,5,autodock,,,,,0,115.89019
101,0,6959,994,3zcm_PX3_B_1216,1,unimol,,,,,0,25.12
102,0,17590,2512,6yaw_P9H_B_502,6,smina,,,,,0.69172576,18.197718
103,0,13365,1909,5syi_NIZ_B_805,2,diffdock,,,,,0,37.172345
104,0,8874,1267,4jwx_1N4_A_301,5,autodock,,,,,0,90.984802
105,0,16477,2353,6ooi_PGA_F_301,6,smina,,,,,0.58604062,1.142049
106,0,3146,449,1z4k_T3P_A_4341,3,diffdock_l,,,,,1.5070803e-06,15.901341
107,0,14342,2048,5yaq_ISE_D_402,6,smina,,,,,0.08979739,1.0030998
108,0,2225,317,1q20_PLO_A_401,6,smina,,,,,0,1.5976871
109,0,2324,332,1rum_BEZ_H_1601,0,surfdock,,,,,0.98712959,2.4060336
110,0,12832,1833,5kjw_53C_B_800,1,unimol,,,,,0.99665836,18.33
111,0,5890,841,2zgw_BTN_A_1401,3,diffdock_l,,,,,0,21.755217
112,0,11135,1590,5cfw_53W_A_201,5,autodock,,,,,0,11.761526
113,0,6184,883,3ryd_SRT_A_267,3,diffdock_l,,,,,8.2704008e-35,20.657717
114,0,11848,1692,5fli_QUE_H_301,4,gnina,,,,,0,9.601525
115,0,7857,1122,4d96_5PA_C_402,3,diffdock_l,,,,,0,44.107631
116,0,7245,1035,4aql_TXC_A_1452,0,surfdock,,,,,0,3.8844085
117,0,9954,1422,4u8p_UDP_C_603,0,surfdock,,,,,0.97078699,2.6824547
118,0,10625,1517,4zjz_BEZ_A_1001,6,smina,,,,,7.4747403e-08,0.69587525
119,0,13528,1932,5thu_GGG_B_405,4,gnina,,,,,5.5683206e-07,3.6328798
120,0,14998,2142,6dl7_ONC_F_301,4,gnina,,,,,0,6.3816275
121,0,11660,1665,5ezp_IPJ_A_201,5,autodock,,,,,0,8.8042411
122,0,10293,1470,4x36_CHT_A_412,3,diffdock_l,,,,,2.0650617e-26,9.0773542
123,0,8105,1157,4ek1_CAM_A_502,6,smina,,,,,0,0.78740985
124,0,13900,1985,5vv5_9OJ_B_803,5,autodock,,,,,2.9443168e-10,6.0266488
125,0,6517,931,3vc3_C6P_E_501,0,surfdock,,,,,0.95757499,4.2312206
126,0,2446,349,1syf_THP_A_180,3,diffdock_l,,,,,1.1521938e-10,12.606806
127,0,4887,698,2qb4_DSM_A_802,1,unimol,,,,,0.97583341,18.78
128,0,1707,243,1mmx_FUC_B_348,6,smina,,,,,0.99457609,0.66029852
129,0,7676,1096,4cmk_FQW_D_1270,4,gnina,,,,,0.004571419,4.5179852
130,0,651,93,1gim_HDA_A_438,0,surfdock,,,,,0,2.3985263
131,0,16588,2369,6pvi_OZ7_A_501,5,autodock,,,,,0,506.04111
132,0,4129,589,2fyd_NGA_B_404,6,smina,,,,,1.8509693e-05,1.3145725
133,0,15166,2166,6f76_CVK_B_203,4,gnina,,,,,2.4457992e-09,5.821548
134,0,6780,968,3wk1_O7E_A_301,4,gnina,,,,,0.98950946,3.1590527
135,0,20,2,1a49_OXL_D_2333,6,smina,,,,,2.9561683e-05,0.70891272
136,0,6304,900,3tky_N7I_A_369,4,gnina,,,,,0,4.0179039
137,0,1492,213,1kya_XYD_B_612,1,unimol,,,,,0.9752551,22.22
138,0,14022,2003,5wgr_PM7_A_712,1,unimol,,,,,0.98458436,24.32
139,0,10058,1436,4uoc_NCN_B_400,6,smina,,,,,0,3.7096357
140,0,4962,708,2qd4_CHD_B_926,6,smina,,,,,0,3.6842691
141,0,4817,688,2pvy_ACP_D_802,1,unimol,,,,,0.96954153,22.74
142,0,256,36,1d6u_HY1_A_2001,4,gnina,,,,,0.99548726,3.365729
143,0,4156,593,2fzb_TOL_A_800,5,autodock,,,,,0,8.0010472
144,0,16571,2367,6po9_OS7_B_804,2,diffdock,,,,,0.0058285732,49.700956
145,0,6751,964,3wgc_PLG_A_401,3,diffdock_l,,,,,0,43.990095
146,0,1682,240,1m9j_CLW_A_906,2,diffdock,,,,,0,29.629686
147,0,16435,2347,6oha_XAN_A_501,6,smina,,,,,0.98474906,0.83852701
148,0,4589,655,2nu7_COA_B_1325,4,gnina,,,,,2.279036e-08,6.5098415
149,0,14543,2077,5zg2_ZK1_A_901,4,gnina,,,,,0,4.851127
150,0,13931,1990,5vys_1YJ_A_301,1,unimol,,,,,0.98434714,17.53
151,0,9891,1413,4tq4_DMA_B_403,0,surfdock,,,,,0,3.0358262
152,0,10459,1494,4yu7_DHC_A_203,1,unimol,,,,,0.12943757,19.83
153,0,723,103,1gz5_UDP_D_900,2,diffdock,,,,,1.0493254e-69,55.642443
154,0,921,131,1h5r_THM_B_1293,4,gnina,,,,,0.50497134,3.9880436
155,0,1155,165,1ixo_G3P_D_1004,0,surfdock,,,,,0,2.6241529
156,0,12784,1826,5kcj_6RM_B_302,2,diffdock,,,,,0.99295956,39.183266
157,0,13488,1926,5tdt_MBN_A_502,6,smina,,,,,0.12084137,0.7317734
158,0,15452,2207,6gqk_F88_A_1001,3,diffdock_l,,,,,4.133851e-35,41.173369
159,0,5004,714,2qhv_OC9_A_1001,6,smina,,,,,0.80130958,1.3481386
160,0,10076,1439,4ur9_BK9_B_1717,3,diffdock_l,,,,,5.2175772e-09,28.757393
161,0,1868,266,1ns4_BGC_B_2400,6,smina,,,,,0.95397826,0.82664297
162,0,981,140,1hkn_N2M_C_4138,1,unimol,,,,,0.98289347,17.54
163,0,15566,2223,6hnz_GH5_A_301,5,autodock,,,,,0.97775031,13.811827
164,0,17362,2480,6uzr_QM1_B_301,2,diffdock,,,,,0.99589361,27.28182
165,0,2988,426,1xc7_GL6_A_998,6,smina,,,,,0.81519252,2.3580226
166,0,2525,360,1thc_FL9_B_130,5,autodock,,,,,0.00018364857,11.707767
167,0,807,115,1h48_C5P_C_901,2,diffdock,,,,,1.2344469e-28,37.059903
168,0,2378,339,1s5s_PG3_A_1,5,autodock,,,,,0.56609449,6.709912
169,0,13163,1880,5nuk_Z80_A_201,3,diffdock_l,,,,,0.00026436506,15.051347
170,0,8158,1165,4f06_PHB_A_401,3,diffdock_l,,,,,0.99671067,18.594916
171,0,10157,1451,4wca_CIT_A_401,0,surfdock,,,,,0,2.6219429
172,0,5041,720,2qs2_UBF_B_602,1,unimol,,,,,0.98449707,21.65
173,0,1875,267,1nsm_GAL_A_1400,6,smina,,,,,0.0082771604,0.79821843
174,0,970,138,1h8p_PC_B_1110,4,gnina,,,,,0.36779961,1.7376522
175,0,15584,2226,6hpx_GKQ_A_205,2,diffdock,,,,,0,16.309546
176,0,10168,1452,4wdd_CIT_A_401,4,gnina,,,,,0.15536286,2.1186957
177,0,6273,896,3t3q_9PL_B_501,1,unimol,,,,,0,23.38
178,0,15740,2248,6jme_ORO_A_402,4,gnina,,,,,6.2110735e-05,2.1174152
179,0,719,102,1gz5_G6P_C_901,5,autodock,,,,,3.0069225e-08,13.194912
180,1,17781,2540,7kjg_BTM_A_406,1,unimol,0.76325082,0.93635744,2.248317,0.33878368,0.97567133,25.93
181,1,4999,714,2qhv_OC9_A_1001,1,unimol,0.76325082,0.92743401,1.8547992,0.94256574,0.98433836,20.85
182,1,2752,393,1uux_PPI_A_1165,1,unimol,0.76325082,0.92736352,0.98664254,0,0.93079883,20.12
183,1,15653,2236,6ix8_B3O_B_408,1,unimol,0.76325082,0.92087102,1.0546666,0.096200548,0,21.58
184,1,15646,2235,6ix8_B3O_A_408,1,unimol,0.76325082,0.92052614,1.0583198,0.10136691,0,26.59
185,1,2472,353,1t87_CAM_B_2422,1,unimol,0.76325082,0.91519088,1.11537,0.18204811,0.97759823,16.62
186,1,6000,857,2zwt_CAM_A_422,1,unimol,0.76325082,0.91516978,1.1488016,0.14916803,0,23.09
187,1,13525,1932,5thu_GGG_B_405,1,unimol,0.76325082,0.91488475,1.9328742,1.2814009,0.97810953,22.32
188,1,3396,485,2a1m_CAM_B_2422,1,unimol,0.76325082,0.91431155,1.124869,0.19548167,0.99117567,20.04
189,1,3389,484,2a1m_CAM_A_1422,1,unimol,0.76325082,0.91319468,1.1369739,0.21260059,0.9879787,16.74
190,1,9031,1290,4l4d_CAM_A_503,1,unimol,0.76325082,0.91303595,1.1776634,0.17607254,0.97883744,20.54
191,1,8107,1158,4ek1_CAM_B_502,1,unimol,0.76325082,0.91266821,1.1934546,0.16992949,0,17.54
192,1,14589,2084,5zpt_HY1_B_703,1,unimol,0.76325082,0.91156497,1.2280384,0.16436744,0.99297244,16.34
193,1,14582,2083,5zpt_HY1_A_702,1,unimol,0.76325082,0.91145101,1.2280108,0.16740102,0.98585529,22.24
194,1,16472,2353,6ooi_PGA_F_301,1,unimol,0.76325082,0.91088523,2.2089801,1.075555,0.94178934,22.08
195,1,13833,1976,5vl0_BNF_B_404,1,unimol,0.76325082,0.90974069,1.2444381,0.19618817,0.98161095,24.15
196,1,8800,1257,4j5h_1K4_A_303,1,unimol,0.76325082,0.90829663,1.3935226,0.08548101,0.94585595,25.69
197,1,428,61,1eyw_PEL_A_404,1,unimol,0.76325082,0.90803296,1.2158568,0.27017522,0.96758981,17.15
198,1,13826,1975,5vl0_BNF_A_404,1,unimol,0.76325082,0.90802395,1.2644923,0.22177993,0.98251589,21.92
199,1,13840,1977,5vl0_BNF_C_404,1,unimol,0.76325082,0.90703807,1.2756938,0.23690647,0.98575008,25.45
200,1,13812,1973,5vjg_0BP_A_403,1,unimol,0.76325082,0.9063839,1.3032914,0.22682761,0.77175123,19.82
201,1,12090,1727,5gwt_SIN_A_302,1,unimol,0.76325082,0.90520867,1.3061774,0.25550783,0.21048408,23.43
202,1,12097,1728,5gwt_SIN_C_301,1,unimol,0.76325082,0.90520867,1.3061774,0.25550783,0.22806921,27.04
203,1,15247,2178,6fld_NAG_A_602,1,unimol,0.76325082,0.90471448,2.3075488,1.2194865,0.71453914,19.94
204,1,169,24,1bqp_MAN_B_401,1,unimol,0.76325082,0.90344002,2.253453,1.2804958,0.96333196,23.29
205,1,13672,1953,5uda_CAE_A_502,1,unimol,0.76325082,0.90197208,1.3720819,0.27717665,0.9961013,24.2
206,1,9857,1408,4rm3_FOA_A_1000,1,unimol,0.76325082,0.90146473,1.3774019,0.28566819,0.99066461,18.09
207,1,8765,1252,4ixw_IXW_B_302,1,unimol,0.76325082,0.90111095,1.2708235,0.40189248,0.8743118,20.83
208,1,6791,970,3wlf_FEH_C_401,1,unimol,0.76325082,0.89779764,1.3084733,0.45513743,0,19.77
209,1,15142,2163,6f66_CUT_B_300,1,unimol,0.76325082,0.89699225,1.3176873,0.46816793,0.98783084,22.45
210,1,8807,1258,4j7u_YTZ_A_802,1,unimol,0.76325082,0.89692906,1.3184111,0.46919161,0.95988885,18.66
211,1,8814,1259,4j7u_YTZ_B_802,1,unimol,0.76325082,0.89692906,1.3184111,0.46919161,0.89629386,17
212,1,8821,1260,4j7u_YTZ_D_802,1,unimol,0.76325082,0.89692906,1.3184111,0.46919161,0.98712551,23.16
213,1,939,134,1h7q_TYD_A_1258,1,unimol,0.76325082,0.8963844,1.3246589,0.47802722,0,19.81
214,1,15233,2176,6fjj_LSA_A_302,1,unimol,0.76325082,0.89495182,1.4831977,0.3592861,0.97872173,15.3
215,1,6784,969,3wlf_FEH_A_401,1,unimol,0.76325082,0.89483961,1.3424383,0.50317127,0,16.81
216,1,8317,1188,4h9g_14J_A_512,1,unimol,0.76325082,0.89350174,2.3970711,1.4205686,0.97718225,17.86
217,1,3270,467,1zk0_SS2_A_1260,1,unimol,0.76325082,0.89231842,1.3716549,0.54448962,0.96934391,13.76
218,1,15135,2162,6f66_CUT_A_300,1,unimol,0.76325082,0.89200993,1.3752464,0.54956871,0.98986534,21.18
219,1,9570,1367,4oxy_1TN_B_302,1,unimol,0.76325082,0.89083993,1.4392046,0.51858097,0.98767604,21.32
220,1,7246,1035,4aql_TXC_A_1452,1,unimol,0.76325082,0.89071471,2.3788097,1.5342782,0,23.03
221,1,13644,1949,5uap_82S_A_505,1,unimol,0.76325082,0.88687928,1.4355372,0.63483286,0.95570769,16.21
222,1,13651,1950,5uap_82S_B_505,1,unimol,0.76325082,0.88687928,1.4355372,0.63483286,0.93715165,20.53
223,1,4383,626,2isf_PAC_A_317,1,unimol,0.76325082,0.886629,1.4385041,0.63902873,0.97666544,24.89
224,1,9878,1411,4rql_SNE_B_502,1,unimol,0.76325082,0.88624514,2.7595463,1.3339372,0,26.61
225,1,9927,1418,4trj_665_A_501,1,unimol,0.76325082,0.88519518,1.6481732,0.47052598,0.97642702,18.98
226,1,9045,1292,4l80_OXL_A_402,1,unimol,0.76325082,0.88483201,1.646041,0.48311484,0.92323582,20.01
227,1,9052,1293,4l80_OXL_B_402,1,unimol,0.76325082,0.88483201,1.646041,0.48311484,0.95583577,24.06
228,1,9059,1294,4l80_OXL_C_402,1,unimol,0.76325082,0.88483201,1.646041,0.48311484,0.9239691,28.99
229,1,9066,1295,4l80_OXL_D_402,1,unimol,0.76325082,0.88483201,1.646041,0.48311484,0.80685954,25.68
230,2,11740,1677,5fc5_PC_A_516,1,unimol,0.75489318,0.9071028,1.4564856,0.30250624,0.93064361,22.49
231,2,14757,2108,6b9p_D0J_A_1001,1,unimol,0.75489318,0.90610047,1.4667505,0.31702286,0.20965552,37.57
232,2,14764,2109,6b9p_D0J_B_1001,1,unimol,0.75489318,0.90610047,1.4667505,0.31702286,0,37.57
233,2,12482,1783,5irw_D9P_A_202,1,unimol,0.75489318,0.90401264,1.5870949,0.24856238,0.96752547,21.67
234,2,1708,244,1mmy_G6D_A_348,0,surfdock,0.84099149,0.90163005,2.4468186,1.2188475,0.060535724,2.3685495
235,2,14512,2073,5z54_0HZ_A_303,1,unimol,0.75489318,0.90078799,1.5993905,0.31710917,0.9839039,21.72
236,2,14519,2074,5z54_0HZ_D_303,1,unimol,0.75489318,0.89858085,1.60668,0.36565641,0,25.18
237,2,15737,2248,6jme_ORO_A_402,1,unimol,0.86832624,0.89643234,2.3118753,1.51221,0.85171822,15.94
238,2,10424,1489,4y6n_3PG_A_402,1,unimol,0.75489318,0.88953009,1.7421728,0.46349263,0,22.37
239,2,4292,613,2hjp_PPR_A_291,1,unimol,0.75489318,0.88873684,1.6501154,0.57634008,0,23.59
240,2,1198,171,1j3i_UMP_D_711,1,unimol,0.93083871,0.88823472,2.9032524,1.2006226,0,27.58
241,2,6448,921,3v1s_0LH_B_401,1,unimol,0.75489318,0.88552284,1.7039785,0.607288,0.99579135,24.28
242,2,435,62,1eyw_TEN_A_403,1,unimol,0.75489318,0.88340452,1.7086083,0.65906173,0,24.08
243,2,13399,1914,5t85_44G_L_301,1,unimol,0.75489318,0.88274648,1.8790827,0.50619072,0,27.95
244,2,1275,182,1jl0_PUT_A_401,1,unimol,0.75489318,0.87565643,1.9062252,0.67124975,0.90215522,17.63
245,2,1282,183,1jl0_PUT_B_401,1,unimol,0.75489318,0.87565643,1.9062252,0.67124975,0.92266115,21.08
246,2,1702,243,1mmx_FUC_B_348,1,unimol,1.0003802,0.87497906,3.656451,0.88303506,0.92972479,18.7
247,2,2983,426,1xc7_GL6_A_998,1,unimol,1.0001918,0.87468726,2.6100895,1.9339485,0.97966028,26.49
248,2,2933,419,1wq4_TYR_A_501,0,surfdock,1.0000764,0.87235657,2.6397471,1.9758909,0.98465747,2.8815535
249,2,17487,2498,6x9d_HYP_A_2002,1,unimol,0.75489318,0.87189822,1.8385018,0.84275872,0,22.86
250,2,5412,773,2w1a_TSA_D_1091,1,unimol,0.75489318,0.87143025,1.843894,0.85038447,0.99394766,17.24
251,2,5405,772,2w1a_TSA_C_1091,1,unimol,0.75489318,0.870798,1.851193,0.86070675,0.99316705,23.75
252,2,12734,1819,5joy_6LW_B_602,1,unimol,0.75489318,0.86974157,1.8634237,0.87800354,0.93147422,19.96
253,2,3816,545,2dcf_ACA_A_501,1,unimol,0.75489318,0.86971912,2.0110064,0.73104799,0.97065714,28.67
254,2,1758,251,1n1i_HIS_C_501,1,unimol,0.75489318,0.86859028,2.0315449,0.74218595,0,17.5
255,2,10123,1446,4v36_LYN_A_1851,1,unimol,0.75489318,0.86796099,2.0068252,0.78461492,1.1230582e-09,21.27
256,2,4782,683,2prl_R2C_A_400,1,unimol,0.75489318,0.86740703,1.8906103,0.91645139,0.98716578,24.36
257,2,1709,244,1mmy_G6D_A_348,1,unimol,0.79402696,0.86642992,3.6926193,1.0317031,0,20.08
258,2,1968,281,1o8a_NXA_A_702,1,unimol,0.75489318,0.86570097,2.1506341,0.70472914,0,22.33
259,2,12489,1784,5irw_D9P_B_202,1,unimol,0.75489318,0.86509883,2.3082602,0.56422031,0.97439807,27.1
260,2,16850,2407,6rbo_JXQ_A_302,1,unimol,0.75489318,0.86506297,2.1931577,0.68034238,0.94318625,26.96
261,2,10116,1445,4v2z_Y70_A_151,1,unimol,0.75489318,0.86250392,2.1094279,0.83722383,0.99119661,17.1
262,2,12853,1836,5kxb_NGA_B_305,1,unimol,0.75489318,0.8622108,1.9568154,0.99825853,0.91942647,20.88
263,2,12860,1837,5kxb_NGA_C_305,1,unimol,0.75489318,0.8622108,1.9568154,0.99825853,0.94395803,12.36
264,2,6112,873,3r51_MMA_A_200,1,unimol,0.75489318,0.86219685,2.0486605,0.90681261,0.96556947,16.72
265,2,2416,345,1sjc_SMG_A_1000,1,unimol,0.75489318,0.8618754,2.2183914,0.74632818,0.93730527,21.23
266,2,2430,347,1sjc_SMG_D_1300,1,unimol,0.75489318,0.8618754,2.2183914,0.74632818,0.95002002,25.49
267,2,17312,2473,6u6c_PZV_F_802,1,unimol,0.75489318,0.86127228,2.1343811,0.84771055,0.9741068,25.67
268,2,13098,1871,5n8c_8Q8_A_403,1,unimol,0.75489318,0.85988871,2.2848058,0.73728025,0.5425519,28.23
269,2,10655,1522,4zo7_GLC_A_806,1,unimol,0.75489318,0.85948431,2.0767725,0.95703912,0.8277337,23.72
270,2,2423,346,1sjc_SMG_B_1100,1,unimol,0.75489318,0.85936351,2.2538545,0.78346139,0.93954584,22.88
271,2,393,56,1e8m_P0H_A_724,1,unimol,0.75489318,0.85901004,2.2584088,0.78917682,0.88926204,22.99
272,2,13469,1924,5tde_2HP_B_902,1,unimol,0.75489318,0.85875642,2.1990864,0.85587174,0.94934669,20.75
273,2,13462,1923,5tde_2HP_B_901,1,unimol,0.75489318,0.85771292,2.1864729,0.89889783,0.94388161,19.98
274,2,12314,1759,5i0m_UMP_B_201,1,unimol,0.75489318,0.85719226,2.213691,0.88689399,0,20.6
275,2,50,7,1aej_NVI_A_296,1,unimol,0.75489318,0.85687047,2.0471575,1.0628462,0.98628294,15.89
276,2,1744,249,1msv_PUT_B_355,1,unimol,0.75489318,0.85550833,2.1615171,0.98846781,0.91313909,20.3
277,2,1863,266,1ns4_BGC_B_2400,1,unimol,1.0003301,0.85548405,3.5627718,1.6175864,0.77234344,21.85
278,2,3039,434,1xny_BTN_A_5602,1,unimol,0.75489318,0.85541121,2.033838,1.119006,0.88526479,29.52
279,2,1737,248,1msv_PUT_A_355,1,unimol,0.75489318,0.85538771,2.161186,0.99235004,0.91784837,21.86
280,3,16955,2422,6s23_KSW_A_403,1,unimol,0.71846402,0.89581619,1.8388427,0.41669542,0.99324105,24.23
281,3,13952,1993,5w3k_9TY_B_401,1,unimol,0.71846402,0.86367421,2.6735868,0.42281619,0.95938069,19.46
282,3,14001,2000,5wcz_NOJ_B_601,1,unimol,0.71846402,0.86058528,2.37765,0.80456126,0.75339008,20.3
283,3,14085,2012,5x2m_GLN_A_951,1,unimol,0.71846402,0.85425669,2.4156353,0.9452951,0,25.64
284,3,14092,2013,5x2m_GLN_D_951,1,unimol,0.71846402,0.84245443,2.5854611,1.1195879,0,27.01
285,3,17366,2480,6uzr_QM1_B_301,6,smina,0.80640209,0.84022581,3.7539971,2.0057688,0,2.3342855
286,3,6637,948,3w4i_8LG_B_402,1,unimol,0.71846402,0.83884626,3.570446,0.24271755,0,20.96
287,3,6644,949,3w4i_8LG_C_402,1,unimol,0.71846402,0.83659805,3.6284237,0.25281379,0,22.07
288,3,4278,611,2hdk_COI_B_900,1,unimol,0.71846402,0.83329649,2.8299649,1.1522378,0,23.42
289,3,6630,947,3w4i_8LG_A_402,1,unimol,0.71846402,0.82775715,3.2070158,0.94731319,0.96877712,20.25
290,3,9864,1409,4rm3_FOA_B_1000,1,unimol,0.79801473,0.82692592,4.314178,1.9085252,0.99223581,23.17
291,3,17795,2542,8icd_ICT_A_418,1,unimol,0.71846402,0.82594872,2.8931026,1.3181691,0.93969954,14.26
292,3,10158,1451,4wca_CIT_A_401,1,unimol,0.73048356,0.82489171,4.9799418,1.2333966,0.85602974,24.42
293,3,13398,1914,5t85_44G_L_301,0,surfdock,0.50403656,0.82334222,1.7057266,0.5089168,0.011390865,3.0655279
294,3,16843,2406,6r7w_CIT_A_406,1,unimol,0.71846402,0.82055807,3.6920483,0.69120604,0.72064174,20
295,3,15793,2256,6jyg_FLC_D_401,1,unimol,0.78098347,0.81958209,4.3212171,2.1305521,0.76988306,23.13
296,3,10886,1555,5a8k_TP7_A_558,1,unimol,0.71846402,0.81815459,3.1705036,1.2905298,0.98155333,33.24
297,3,10893,1556,5a8k_TP7_D_554,1,unimol,0.71846402,0.81738482,3.1853161,1.3007725,0.97442664,28.45
298,3,652,93,1gim_HDA_A_438,1,unimol,0.73048356,0.81490353,4.0983882,2.486114,0.95115893,13.94
299,3,9955,1422,4u8p_UDP_C_603,1,unimol,0.79520073,0.81403003,4.4155173,2.2827408,0,26.53
300,3,6259,894,3t2e_F6R_A_3469,1,unimol,0.71846402,0.81159806,2.7610157,1.9157166,0.89464447,26.13
301,3,13147,1878,5nnw_GCS_D_302,1,unimol,0.71846402,0.80825462,3.6091373,1.1796144,0,18.42
302,3,10452,1493,4ysx_MLI_E_701,1,unimol,0.71846402,0.80474843,3.3260243,1.5817038,0.93643956,23.92
303,3,8275,1182,4gnp_PEP_A_703,1,unimol,0.71846402,0.80459097,3.2491367,1.6639729,0.95707198,20.8
304,3,10445,1492,4ysx_MLI_A_701,1,unimol,0.71846402,0.80451945,3.3231032,1.5924488,0.83010616,29.75
305,3,16626,2375,6q4y_MAN_A_402,1,unimol,0.71846402,0.80330342,3.1089809,1.848236,0,22.03
306,3,16633,2376,6q4y_MAN_B_402,1,unimol,0.71846402,0.80168154,3.1457207,1.8673584,0,23.44
307,3,15030,2147,6e40_BBJ_B_502,1,unimol,0.71846402,0.8012226,3.4529526,1.5759969,0.91643021,21.52
308,3,15037,2148,6e40_BBJ_D_502,1,unimol,0.71846402,0.8009068,3.4583721,1.5815119,0,25.72
309,3,15023,2146,6e40_BBJ_A_502,1,unimol,0.71846402,0.79963675,3.480176,1.603819,0.86917614,22.8
310,3,9934,1419,4tsk_TLA_A_404,1,unimol,0.71846402,0.79762195,3.5207331,1.6336721,0,24.19
311,3,7029,1004,3zyx_MBT_A_601,1,unimol,0.71846402,0.79029498,3.8357446,1.5792663,0,19.41
312,3,4915,702,2qcx_PF1_A_300,1,unimol,0.71846402,0.78925948,3.6843033,1.7681237,0.97400987,19.95
313,3,11775,1682,5fh3_OXL_A_703,1,unimol,0.71846402,0.78922966,3.7862775,1.6672306,0.68061426,14.7
314,3,3774,539,2cxp_A5P_B_2601,1,unimol,0.71846402,0.7875679,4.6144972,0.89937234,0.95026194,22.9
315,3,4922,703,2qcx_PF1_B_300,1,unimol,0.71846402,0.78514915,3.7612278,1.8411883,0.98388824,23.3
316,3,3767,538,2cxp_A5P_A_1601,1,unimol,0.71846402,0.7848082,4.6686234,0.94633913,0.96801873,20.2
317,3,12174,1739,5h8q_GLY_B_301,1,unimol,0.71846402,0.78467314,3.5264645,2.0934737,0,18.62
318,3,22,3,1a49_OXL_F_4133,1,unimol,0.71846402,0.78445008,5.7178617,2.0385494,0.87115368,33.36
319,3,365,52,1e48_13P_P_302,1,unimol,0.71846402,0.78422076,3.805352,1.831267,0,19.05
320,3,3410,487,2a5t_GLY_A_1001,1,unimol,0.71846402,0.78336077,3.5989716,2.0694404,0,16.64
321,3,8268,1181,4gmu_OXL_A_705,1,unimol,0.71846402,0.78306314,3.9381325,1.7413074,0.48852067,21.38
322,3,2934,419,1wq4_TYR_A_501,1,unimol,0.80940879,0.78284029,4.5048151,3.4750695,0,14.01
323,3,17571,2510,6y4z_TLA_D_301,1,unimol,0.71846402,0.78235506,3.6219132,2.083813,0,29.42
324,3,15121,2160,6f3s_PLP_A_901,1,unimol,0.71846402,0.78174046,4.0331106,1.6954888,0.95540007,20.74
325,3,16430,2347,6oha_XAN_A_501,1,unimol,1.0005028,0.78106227,5.2081447,2.8618908,0.08738534,19.61
326,3,10480,1497,4ywb_OXD_C_704,1,unimol,0.71846402,0.78067015,4.0576634,1.7108958,0.84385435,17.05
327,3,16647,2378,6qa7_PLP_A_902,1,unimol,0.71846402,0.77948884,4.0859766,1.726882,0.95106431,20.89
328,3,484,69,1fqo_F6R_A_1268,1,unimol,0.71846402,0.77849342,4.0434408,1.8069013,0,21.68
329,3,3809,544,2d3n_GLC_A_608,1,unimol,0.71846402,0.77830215,3.9058495,1.9517112,0.93914262,20.19
330,4,3634,519,2bx7_34D_B_1313,1,unimol,0.66891636,0.93086081,1.6536732,0,0.86320922,16.28
331,4,4467,638,2jfv_FLC_A_1271,1,unimol,0.66891636,0.93086081,1.6536732,0,0.75624317,20.34
332,4,5678,811,2y00_Y00_A_601,1,unimol,0.66891636,0.93086081,1.6536732,0,0.98996936,20.55
333,4,5685,812,2y00_Y00_B_601,1,unimol,0.66891636,0.93086081,1.6536732,0,0.9853551,25.37
334,4,6609,944,3vqe_FMQ_A_1006,1,unimol,0.66891636,0.93086081,1.6536732,0,0.44565346,15.78
335,4,7505,1072,4cjv_IV2_B_1215,1,unimol,0.66891636,0.93086081,1.6536732,0,0.99581782,17.96
336,4,7680,1097,4cno_9PY_B_301,1,unimol,0.66891636,0.93086081,1.6536732,0,0.94810296,20.75
337,4,7687,1098,4cno_9PY_C_301,1,unimol,0.66891636,0.93086081,1.6536732,0,0.92928702,22.19
338,4,7694,1099,4cno_9PY_D_301,1,unimol,0.66891636,0.93086081,1.6536732,0,0.97488296,24.93
339,4,7715,1102,4cw2_XDS_A_1303,1,unimol,0.66891636,0.93086081,1.6536732,0,0,20.75
340,4,8772,1253,4j0k_EGR_A_501,1,unimol,0.66891636,0.93086081,1.6536732,0,0.7287984,19.19
341,4,8779,1254,4j0k_EGR_B_501,1,unimol,0.66891636,0.93086081,1.6536732,0,0.77542336,16.87
342,4,9549,1364,4ovl_1TD_A_308,1,unimol,0.66891636,0.93086081,1.6536732,0,0.94330338,19.99
343,4,16360,2337,6o04_DNA_B_601,1,unimol,0.66891636,0.93086081,1.6536732,0,0.99467557,25.76
344,4,16367,2338,6o04_DNA_C_603,1,unimol,0.66891636,0.93086081,1.6536732,0,0.99207757,21.05
345,4,7519,1074,4cjw_CBJ_A_1216,1,unimol,0.66891636,0.9298552,1.6621943,0.012050514,0,19.23
346,4,8842,1263,4jh6_FCN_A_202,1,unimol,0.66891636,0.92960159,1.6643471,0.01509509,0.92701857,21.96
347,4,8849,1264,4jh6_FCN_B_202,1,unimol,0.66891636,0.92960159,1.6643471,0.01509509,0,19.64
348,4,7533,1076,4cjw_CBJ_B_1218,1,unimol,0.66891636,0.92939137,1.6661328,0.017620586,0.66709005,21.04
349,4,11621,1660,5eso_ISC_A_602,1,unimol,0.66891636,0.92813039,1.6768732,0.032809861,0.83818863,26.74
350,4,7512,1073,4cjw_CBJ_A_1215,1,unimol,0.66891636,0.92775778,1.6800553,0.037309963,0.94785945,20.91
351,4,7526,1075,4cjw_CBJ_B_1217,1,unimol,0.66891636,0.92775778,1.6800553,0.037309963,0.9296023,18.42
352,4,10837,1548,5a66_3PO_B_1000,1,unimol,0.66891636,0.92163567,1.7328893,0.11202852,0.93241025,22.61
353,4,10830,1547,5a66_3PO_A_1000,1,unimol,0.66891636,0.91784138,1.7661657,0.15908863,0.80998541,24.78
354,4,9654,1379,4pxd_1AL_A_502,1,unimol,0.66891636,0.9163482,1.8891234,0.068020381,0.97824081,25.58
355,4,9661,1380,4pxd_1AL_B_502,1,unimol,0.66891636,0.9163482,1.8891234,0.068020381,0.98657202,23.58
356,4,3585,512,2bgc_DTT_F_1238,1,unimol,0.66891636,0.91315026,1.8078829,0.21808554,0,34.54
357,4,3592,513,2bgc_DTU_A_1238,1,unimol,0.66891636,0.91315026,1.8078829,0.21808554,0,26.62
358,5,1443,206,1knu_YPA_A_1001,1,unimol,0.71416528,0.99888214,1.7608027,0,0.72652695,27.32
359,5,7855,1122,4d96_5PA_C_402,1,unimol,0.71225762,0.99793625,1.7608027,0,0.98107244,21.48
360,5,10074,1439,4ur9_BK9_B_1717,1,unimol,0.74994528,0.99633232,1.7868599,0.036850281,0.99591362,23.65
361,5,13483,1926,5tdt_MBN_A_502,1,unimol,0.6980572,0.99482059,1.7713021,0.014848222,0.18263659,23.95
362,5,7673,1096,4cmk_FQW_D_1270,1,unimol,0.70760173,0.98628324,1.8438553,0.11745405,0.94127894,21.41
363,5,6749,964,3wgc_PLG_A_401,1,unimol,0.71225762,0.98019333,1.9032341,0.20142844,0.95990179,23.33
364,5,638,91,1gey_PPE_A_413,1,unimol,0.71225762,0.97928026,1.9107746,0.21209228,0.94881201,24.77
365,5,350,50,1e26_GPB_A_208,0,surfdock,0.92024407,0.9666099,2.0329101,0.38481793,0.61697191,4.7087464
366,5,7379,1054,4bux_F35_C_2165,1,unimol,0.71225762,0.95721566,2.2165706,0.36213264,0,18.63
367,5,6903,986,3wwc_BUA_A_403,1,unimol,0.70821085,0.95423558,2.1167951,0.5034492,0.98285024,14.45
368,5,2240,320,1q4g_BFL_A_701,0,surfdock,1.0029819,0.95290909,2.1551912,0.55774957,0.98606175,3.4801705
369,5,2444,349,1syf_THP_A_180,1,unimol,0.71225762,0.94967352,2.1632104,0.56909049,0,22.87
370,5,1681,240,1m9j_CLW_A_906,1,unimol,0.74883668,0.93519832,2.3157694,0.78484136,0,22.73
371,5,8331,1190,4h9x_HL4_B_404,1,unimol,0.6800752,0.93424913,2.2926304,0.75211805,0.69167149,16.48
372,5,15968,2281,6l86_LMR_D_302,1,unimol,0.69936737,0.93252417,2.3115983,0.77894264,0.030345472,17.82
373,5,43,6,1ac4_TMT_A_296,1,unimol,0.67697038,0.93152373,1.7608027,0,0.98176216,17.91
374,5,57,8,1aer_TIA_B_700,1,unimol,0.67697038,0.93152373,1.7608027,0,0,21.82
375,5,141,20,1aua_BOG_A_2,1,unimol,0.67697038,0.93152373,1.7608027,0,0,22.08
376,5,260,37,1d6u_HY1_B_3001,1,unimol,0.67697038,0.93152373,1.7608027,0,0.99613863,23.85
377,5,337,48,1duc_DUD_A_201,1,unimol,0.67697038,0.93152373,1.7608027,0,0,25.95
378,5,358,51,1e2s_CSN_P_701,1,unimol,0.67697038,0.93152373,1.7608027,0,0.29911644,24.01
379,5,442,63,1f5f_DHT_A_253,1,unimol,0.67697038,0.93152373,1.7608027,0,0.99476085,18.92
380,5,582,83,1g72_PQQ_C_703,1,unimol,0.67697038,0.93152373,1.7608027,0,0,22.33
381,5,687,98,1gsq_GDN_A_203,1,unimol,0.67697038,0.93152373,1.7608027,0,0.95409597,27.67
382,5,1044,149,1ia1_TQ3_B_196,1,unimol,0.67697038,0.93152373,1.7608027,0,0.96735884,20.41
383,5,1065,152,1iki_DAL_A_500,1,unimol,0.67697038,0.93152373,1.7608027,0,0,15.01
384,5,1163,166,1j0n_CEG_A_780,1,unimol,0.67697038,0.93152373,1.7608027,0,0,22.72
385,5,1254,179,1jho_RMB_A_990,1,unimol,0.67697038,0.93152373,1.7608027,0,0,19.71
386,5,1261,180,1jhv_NIO_A_991,1,unimol,0.67697038,0.93152373,1.7608027,0,0.99598565,21.14
387,5,1268,181,1jhv_PCR_A_990,1,unimol,0.67697038,0.93152373,1.7608027,0,0.99501148,20.84
388,5,1303,186,1jw0_GUA_B_999,1,unimol,0.67697038,0.93152373,1.7608027,0,0.88972707,19.41
389,5,1338,191,1k5s_GRO_B_601,1,unimol,0.67697038,0.93152373,1.7608027,0,0.96654426,22.38
390,5,1408,201,1ki2_GA2_A_1,1,unimol,0.67697038,0.93152373,1.7608027,0,0,16.91
391,5,1415,202,1ki2_GA2_B_2,1,unimol,0.67697038,0.93152373,1.7608027,0,0,21.81
392,5,1429,204,1klz_U_A_2001,1,unimol,0.67697038,0.93152373,1.7608027,0,0,24.37
393,5,1436,205,1km6_OMP_A_2001,1,unimol,0.67697038,0.93152373,1.7608027,0,0,15.8
394,5,1506,215,1l4f_150_A_990,1,unimol,0.67697038,0.93152373,1.7608027,0,0.98467331,15.58
395,5,1513,216,1l4f_NCN_A_991,1,unimol,0.67697038,0.93152373,1.7608027,0,0.99178363,16.02
396,5,1520,217,1l5o_2MP_A_990,1,unimol,0.67697038,0.93152373,1.7608027,0,0.99368906,22.36
397,5,1982,283,1om5_INE_A_790,1,unimol,0.67697038,0.93152373,1.7608027,0,0.98684058,23.15
398,5,1989,284,1om5_INE_B_791,1,unimol,0.67697038,0.93152373,1.7608027,0,0.98772575,18.72
399,5,2052,293,1p7c_THM_B_501,1,unimol,0.67697038,0.93152373,1.7608027,0,0,22.36
400,5,2255,322,1q6r_LX1_A_7301,1,unimol,0.67697038,0.93152373,1.7608027,0,0,18.31
401,5,2262,323,1q6r_LX1_B_9301,1,unimol,0.67697038,0.93152373,1.7608027,0,0,19.94
402,5,2304,329,1rf2_BV4_E_105,1,unimol,0.67697038,0.93152373,1.7608027,0,0.92698486,22.41
403,5,2311,330,1rf2_BV4_H_108,1,unimol,0.67697038,0.93152373,1.7608027,0,0.95181606,22.84
404,5,2451,350,1sz6_NAG_A_5003,1,unimol,0.67697038,0.93152373,1.7608027,0,0,19.96
405,5,2458,351,1sz6_NAG_B_5002,1,unimol,0.67697038,0.93152373,1.7608027,0,0.96908857,25.62
406,5,2465,352,1sz6_NAG_B_5004,1,unimol,0.67697038,0.93152373,1.7608027,0,0,20.44
407,5,2640,377,1tvw_CB3_A_318,1,unimol,0.67697038,0.93152373,1.7608027,0,0,26.67
408,6,7253,1036,4aw0_MJF_A_600,1,unimol,0.64382531,0.93279292,2.0900259,0,0,19.76
409,6,13973,1996,5w7b_MYR_B_208,1,unimol,0.64382531,0.89698477,2.5039363,0.30841491,0.7064787,30.36
410,6,12825,1832,5kjw_53C_A_800,1,unimol,0.64382531,0.8862253,2.4862859,0.56039619,0.98725683,20.24
411,6,2731,390,1uk7_BUA_A_1300,1,unimol,0.64382531,0.86410066,3.2007639,0.35556793,0.97235082,16.91
412,6,8408,1201,4hon_AKG_A_401,1,unimol,0.64382531,0.86208887,2.8042357,0.80039471,0,22.82
413,6,8415,1202,4hon_AKG_B_401,1,unimol,0.64382531,0.86208745,2.8057795,0.79888451,0,14.91
414,6,2017,288,1owz_4FA_A_409,1,unimol,0.64382531,0.85904248,2.9603941,0.71802074,0.97461893,15.04
415,6,5713,816,2ye5_2A7_A_1224,1,unimol,0.64382531,0.85324954,2.8069801,1.0139264,0.8793011,20.28
416,6,12831,1833,5kjw_53C_B_800,0,surfdock,0.50665673,0.83679633,2.2992866,0.29593921,0.99900078,2.4320079
417,6,2633,376,1tuu_PIS_B_2854,1,unimol,0.64382531,0.83463108,3.1371219,1.1620154,0.89805393,21.12
418,6,12370,1767,5iav_MLI_A_302,1,unimol,0.64382531,0.83095951,3.237282,1.159976,0.64405971,20.28
419,6,13049,1864,5mot_HBD_A_402,1,unimol,0.64382531,0.83063393,3.0493431,1.3566796,0.90821287,22.11
420,6,8793,1256,4j4b_0TF_B_301,1,unimol,0.64382531,0.82940905,3.4656937,0.97339225,0,24.55
421,6,7904,1129,4do1_ANN_B_502,1,unimol,0.64382531,0.82855996,3.0725677,1.3895241,0.98563776,18.17
422,6,7911,1130,4do1_ANN_C_502,1,unimol,0.64382531,0.82855996,3.0725677,1.3895241,0.97909159,19.87
423,6,7918,1131,4do1_ANN_D_502,1,unimol,0.64382531,0.82855996,3.0725677,1.3895241,0.97936974,21.45
424,6,12377,1768,5iav_MLI_B_302,1,unimol,0.64382531,0.82817665,3.2857158,1.1867855,0.62897078,20.35
425,6,11859,1694,5fp9_4SV_A_1342,1,unimol,0.64382531,0.82809015,3.242425,1.2324269,0.95046191,19.41
426,6,8786,1255,4j4b_0TF_A_904,1,unimol,0.64382531,0.82702395,3.5040314,0.99985713,0,26.41
427,6,3409,487,2a5t_GLY_A_1001,0,surfdock,0.50671916,0.8267684,2.5435522,0.3209542,0,2.2861217
428,6,12173,1739,5h8q_GLY_B_301,0,surfdock,0.50671916,0.82491979,2.5682504,0.33953017,0,2.152815
429,6,14526,2075,5z9b_HX3_B_303,1,unimol,0.64382531,0.82243518,3.3652229,1.2649342,0.98667353,19.18
430,6,2157,308,1pr0_NOS_B_1246,1,unimol,0.64382531,0.82067698,3.5830963,1.096004,0,26.39
431,6,11649,1664,5ewc_5SJ_A_801,1,unimol,0.64382531,0.82060666,3.7907295,0.89033389,0,15.9
432,6,2164,309,1pr0_NOS_C_1247,1,unimol,0.64382531,0.82056071,3.5845921,1.0977565,0,21.66
433,6,8233,1176,4ghf_4NC_A_402,1,unimol,0.64382531,0.82025991,3.4105847,1.2801714,0.93823821,24.95
434,6,8247,1178,4ghf_4NC_D_402,1,unimol,0.64382531,0.82025991,3.4105847,1.2801714,0.93203626,19.96
435,6,2150,307,1pr0_NOS_A_1245,1,unimol,0.64382531,0.81830196,3.6133718,1.1323415,0,22.42
436,6,17375,2482,6v8n_QS1_A_1704,1,unimol,0.64382531,0.81672775,3.5181599,1.2720274,0.99183913,26.53
437,6,12356,1765,5i8z_JA1_A_302,1,unimol,0.64382531,0.81219927,3.7340574,1.1855098,0.97862476,23.61
438,6,10627,1518,4zjz_BEZ_B_601,1,unimol,0.64382531,0.81013964,3.2867317,1.6923978,0.98838298,16.17
439,6,9374,1339,4n6w_FLC_A_203,1,unimol,0.64382531,0.80984667,3.5934258,1.3942125,0.98522969,19.28
440,6,6371,910,3u3o_3QV_A_296,1,unimol,0.64382531,0.8053231,3.9650023,1.1552069,0.99201587,22.9
441,6,6378,911,3u3o_3QV_A_297,1,unimol,0.64382531,0.80493829,3.8509414,1.2806489,0.98927618,17.9
442,6,10619,1517,4zjz_BEZ_A_1001,0,surfdock,0.55178539,0.80457452,2.67854,0.83228469,0.99225216,2.4889091
443,6,7875,1125,4dch_GLC_A_501,0,surfdock,0.69423693,0.80415831,4.8323507,2.0930455,0,2.5463556
444,6,10165,1452,4wdd_CIT_A_401,1,unimol,0.65515193,0.80141077,4.8273005,2.1129797,0.92971153,27.3
445,6,2780,397,1v03_BGC_A_1498,1,unimol,0.64382531,0.79931972,3.90804,1.3915966,0,17.14
446,6,14414,2059,5ybp_AKG_A_302,1,unimol,0.66598845,0.7983842,5.0430236,2.052556,0.39162652,21.12
447,6,4691,670,2oci_TYC_A_401,1,unimol,0.64382531,0.79766993,3.5170937,1.8325635,0.85657699,18.5
448,6,3984,569,2f78_BEZ_A_1001,1,unimol,0.64382531,0.79545061,3.6037505,1.8136846,0.98845297,22.09
449,6,3998,571,2f78_BEZ_B_1002,1,unimol,0.64382531,0.7952182,3.5903969,1.83417,0.9960496,23.36
450,6,13567,1938,5tzr_MLI_A_2403,1,unimol,0.64382531,0.79511331,4.7639942,0.66379279,0.93019761,23.76
451,6,3991,570,2f78_BEZ_A_1003,1,unimol,0.64382531,0.79492486,3.5752544,1.8583199,0.99297058,15.91
452,6,4005,572,2f78_BEZ_B_1005,1,unimol,0.64382531,0.79412327,3.5403843,1.9178587,0.98672432,17.7
453,6,2178,311,1pr6_XYA_C_1247,1,unimol,0.64382531,0.7936962,3.9993265,1.4720904,0,24.27
454,6,2171,310,1pr6_XYA_A_1245,1,unimol,0.64382531,0.79367019,4.008059,1.4641604,0,18.09
455,6,4586,655,2nu7_COA_B_1325,1,unimol,0.67788202,0.791673,5.1343184,2.2137647,0.9252946,29.51
456,6,736,105,1h18_DTL_A_9009,1,unimol,0.64382531,0.7908594,4.228117,1.3313493,0,28.84
457,6,743,106,1h18_DTL_B_9009,1,unimol,0.64382531,0.79026587,4.2369189,1.3410888,0,19.24
458,7,9822,1403,4rii_TYD_A_401,1,unimol,0.65458117,0.94002616,2.7909269,0.46389139,0,20.96
459,7,9829,1404,4rii_TYD_B_401,1,unimol,0.64143105,0.88223468,2.7872288,0.42181543,0,20.19
460,7,4775,682,2prl_ORO_A_399,1,unimol,0.64143105,0.88043685,2.7235842,0.52565366,0.86085771,23.27
461,7,400,57,1ei6_PPF_A_410,1,unimol,0.64143105,0.8609407,2.7902584,0.91113156,0.83340009,24.62
462,7,407,58,1ei6_PPF_D_412,1,unimol,0.64143105,0.85719765,2.8276854,0.96406132,0.88534888,20.28
463,7,12384,1769,5ice_2H4_A_402,1,unimol,0.64143105,0.85072214,2.893605,1.0572857,0.97953153,18.2
464,7,9821,1403,4rii_TYD_A_401,0,surfdock,0.49788678,0.85011104,2.2146327,0.097073741,0,4.1710492
465,7,6476,925,3vbn_TYD_A_301,1,unimol,0.64143105,0.84607989,3.27121,0.79602677,0,18.59
466,7,13238,1891,5o4k_9KE_A_405,1,unimol,0.64143105,0.84541767,3.931947,0.15204105,0.92683115,17.72
467,7,6483,926,3vbn_TYD_E_301,1,unimol,0.64143105,0.84503633,3.2861416,0.80751306,0,21.27
468,7,5615,802,2xta_TPP_D_2001,1,unimol,0.6722141,0.84425367,3.6025951,2.0599492,0.97076316,29.21
469,7,4956,708,2qd4_CHD_B_926,0,surfdock,0.58580876,0.84191378,2.3837383,0.3362253,0,3.6507416
470,7,6679,954,3w8x_FTK_A_601,1,unimol,0.64143105,0.83779308,3.197381,1.0823681,0.9752265,19.77
471,7,12748,1821,5jp9_DCM_B_401,1,unimol,0.64143105,0.83622938,3.0467279,1.273834,0.92004257,17.78
472,7,12741,1820,5jp9_DCM_A_401,1,unimol,0.64143105,0.83600314,3.0491807,1.2773027,0.93097189,18.04
473,7,10151,1450,4wbd_CIT_A_602,1,unimol,0.64143105,0.83594517,3.4363155,0.89168787,0.97166556,17.38
474,7,5398,771,2w0b_CMW_A_1450,1,unimol,0.64143105,0.83345657,3.4623897,0.93110484,0.86660758,22.89
475,7,13468,1924,5tde_2HP_B_902,0,surfdock,0.50092685,0.83243012,2.3994811,0.3584891,0,1.8370169
476,7,8947,1278,4kp7_1UQ_B_502,1,unimol,0.65458117,0.83230909,4.3868036,1.5900689,0.94583919,23.84
477,7,2073,296,1p7l_PPK_C_684,1,unimol,0.64143105,0.83217482,3.4541013,0.97335374,0,23.33
478,7,2080,297,1p7l_PPK_D_884,1,unimol,0.64143105,0.83217482,3.4541013,0.97335374,0.8086712,20.71
479,7,15016,2145,6e2w_DP6_A_403,1,unimol,0.64143105,0.83152695,3.0981388,1.3465405,0.9524336,18.31
480,7,4781,683,2prl_R2C_A_400,0,surfdock,0.5027958,0.83078488,2.4504938,0.43063188,0.98308756,4.1368645
481,7,10620,1517,4zjz_BEZ_A_1001,1,unimol,0.66601547,0.83062979,3.766037,2.291091,0.98938959,25.56
482,7,477,68,1fp2_HMO_A_2000,1,unimol,0.64143105,0.83025869,3.2855911,1.1929268,0.92100725,20.05
483,7,14050,2007,5wqp_NCA_A_302,1,unimol,0.64143105,0.82551314,3.3278458,1.2786683,0.98082532,14.27
484,7,4117,588,2fyd_BGC_D_530,1,unimol,0.64143105,0.82525868,3.5899277,1.023512,0.98317917,23.21
485,7,4110,587,2fyd_BGC_B_403,1,unimol,0.64143105,0.82352219,3.6191523,1.04172,0,18.62
486,7,6063,866,3qhd_MSR_A_166,1,unimol,0.64143105,0.82347485,3.4706676,1.1915036,0.99091825,18.27
487,7,2836,405,1vzd_UFP_A_317,1,unimol,0.64143105,0.82165539,3.9480293,0.76417536,0,16.65
488,7,15618,2231,6i4b_E2N_A_603,1,unimol,0.64143105,0.8190468,3.6194344,1.1650842,0,31.24
489,7,8212,1173,4g1x_TQU_A_410,1,unimol,0.66650232,0.81821812,6.2529712,0.19325809,0.99486641,17.68
490,7,4355,622,2ij7_TPF_C_2471,1,unimol,0.64143105,0.81727095,4.0943751,0.73976845,0.96741354,28.41
491,7,13364,1909,5syi_NIZ_B_805,1,unimol,0.65458117,0.81623174,6.0999265,0.37817305,0.86008703,24.91
492,7,6581,940,3vq4_0NX_A_304,1,unimol,0.64143105,0.81614138,3.6999371,1.1659398,0.98286377,16.24
493,7,7015,1002,3zwt_KFZ_A_1401,1,unimol,0.64143105,0.81540121,3.5824192,1.3043244,0,16.34
494,7,2941,420,1x09_IPE_A_901,1,unimol,0.64143105,0.81398449,3.297857,1.6289841,0.85467088,23.59
495,7,14862,2123,6c1i_EEY_B_501,1,unimol,0.64143105,0.81347962,3.7061183,1.2350634,0.82094813,19.06
496,7,15107,2158,6f2v_AMP_B_1001,1,unimol,0.64143105,0.81327549,3.7307091,1.2162778,0.9689573,20.09
497,7,4362,623,2ij7_TPF_D_2473,1,unimol,0.64143105,0.81272438,4.0917268,0.87095553,0.73624655,27.09
498,7,13461,1923,5tde_2HP_B_901,0,surfdock,0.50065679,0.81267243,2.5879767,0.62506199,0.9961562,2.1390357
499,7,4964,709,2qd4_CHD_B_927,1,unimol,0.64143105,0.81229541,3.5756457,1.3992757,0.99041594,23.96
500,7,694,99,1gxu_2HP_A_1092,1,unimol,0.64143105,0.81190315,3.3224156,1.6637157,0.62895653,13.95
501,7,1757,251,1n1i_HIS_C_501,0,surfdock,0.48622355,0.81153024,2.6723928,0.41107088,0.8243796,2.2569443
502,7,4950,707,2qd4_CHD_A_803,1,unimol,0.64143105,0.81142237,3.5765097,1.423384,0.9894045,27.41
503,7,14855,2122,6c1i_EEY_A_501,1,unimol,0.64143105,0.81128049,3.7289946,1.2749619,0.96816012,19.88
504,7,4369,624,2ij7_TPF_F_2474,1,unimol,0.64143105,0.81018676,4.1055317,0.92983776,0.12362351,27.72
505,7,9493,1356,4np7_DPJ_A_403,1,unimol,0.64143105,0.80877022,3.8412616,1.2349794,0,21.13
506,7,2948,421,1x09_IPE_A_902,1,unimol,0.64143105,0.80638927,3.836695,1.3087317,0.88982967,22.46
507,7,6588,941,3vq4_0NX_A_305,1,unimol,0.64143105,0.80544153,3.7601254,1.4130119,0.9885928,13.8
508,8,9885,1412,4s38_CDI_A_900,1,unimol,0.64807446,0.93590263,2.1572962,0,0,24.61
509,8,11327,1618,5dky_NOJ_A_1000,1,unimol,0.64807446,0.9324728,2.1820347,0.034985818,0.99009643,19.67
510,8,6770,967,3wjz_NUP_A_301,1,unimol,0.64807446,0.92994093,2.2004721,0.06106022,0,17.77
511,8,11418,1631,5dw3_TRP_D_402,1,unimol,0.64807446,0.92923286,2.215045,0.05900285,0,25.06
512,8,11404,1629,5dw3_TRP_A_402,1,unimol,0.64807446,0.9286033,2.2287271,0.056470543,0,17.82
513,8,11411,1630,5dw3_TRP_C_402,1,unimol,0.64807446,0.92823967,2.2342508,0.057396125,0,24.02
514,8,16311,2330,6nig_NAG_A_604,1,unimol,0.64807446,0.92730248,2.2198474,0.088460959,0,32.49
515,8,16325,2332,6nig_NAG_C_802,1,unimol,0.64807446,0.92650942,2.2257035,0.096742526,0,29.44
516,8,16318,2331,6nig_NAG_A_605,1,unimol,0.64807446,0.92603251,2.2292318,0.10173226,0,27.29
517,8,2710,387,1uay_ADN_A_1001,1,unimol,0.64807446,0.92042377,2.2711456,0.16100726,0.97851728,18.72
518,8,2717,388,1uay_ADN_B_1002,1,unimol,0.64807446,0.92038342,2.2714493,0.16143703,0.95467063,20.09
519,8,6119,874,3rgz_BLD_A_800,1,unimol,0.64807446,0.91962196,2.2796974,0.16707103,0,32.03
520,8,13728,1961,5uio_LG3_E_201,1,unimol,0.64807446,0.91421438,2.31845,0.22790577,0.99514181,22.7
521,8,13707,1958,5uio_LG3_A_201,1,unimol,0.64807446,0.91369825,2.3224251,0.23352772,0,20.24
522,8,13714,1959,5uio_LG3_B_201,1,unimol,0.64807446,0.91369825,2.3224251,0.23352772,0.32725675,20.81
523,8,13721,1960,5uio_LG3_C_201,1,unimol,0.64807446,0.91369825,2.3224251,0.23352772,0.99352153,15.71
524,8,15191,2170,6f77_PLP_D_600,1,unimol,0.64807446,0.91245134,2.3320572,0.24714935,0.97230485,22.75
525,8,995,142,1ho5_ADN_B_2604,1,unimol,0.64807446,0.91142713,2.4094861,0.18889333,0.97888497,21.86
526,8,15177,2168,6f77_PLP_A_600,1,unimol,0.64807446,0.91095271,2.3436863,0.26359537,0.9751423,27.22
527,8,15198,2171,6f77_PLP_E_600,1,unimol,0.64807446,0.91095271,2.3436863,0.26359537,0.96682991,29.91
528,8,15184,2169,6f77_PLP_C_600,1,unimol,0.64807446,0.91009324,2.3503811,0.27306324,0,25.21
529,8,10970,1567,5ahn_IMP_A_1468,1,unimol,0.64807446,0.91007351,2.4299629,0.19385351,0,20.38
530,8,4376,625,2ipf_FFA_A_3,1,unimol,0.64807446,0.90915842,2.3576844,0.28339192,0,23
531,8,3228,461,1zfj_IMP_A_500,1,unimol,0.64807446,0.90830537,2.3643694,0.29284573,0,23.65
532,8,9514,1359,4o7g_ASC_B_303,1,unimol,0.64807446,0.90323602,2.4044845,0.34957686,0.97739772,23.43
533,8,9521,1360,4o7g_ASC_B_304,1,unimol,0.64807446,0.90077247,2.4242241,0.37749302,0,16.88
534,8,7022,1003,3zwt_ORO_A_1398,1,unimol,0.64807446,0.90064671,2.4252365,0.37892467,0,21.65
535,8,7064,1009,4a3u_NCA_B_1359,1,unimol,0.64807446,0.89746886,2.4509506,0.41529021,0.94658498,17.36
536,9,2906,415,1w62_PYC_A_700,1,unimol,0.62864805,0.91811763,2.3284228,0.1854195,0,17.88
537,9,17753,2536,7est_0Z2_E_1,1,unimol,0.62864805,0.88227213,3.0373919,0.1559376,0.94813664,25.5
538,9,4446,635,2j5b_TYE_A_1336,1,unimol,0.62864805,0.8738718,2.6808929,0.68388736,0,20
539,9,4453,636,2j5b_TYE_B_1338,1,unimol,0.62864805,0.8738718,2.6808929,0.68388736,0.95071983,18.52
540,9,15723,2246,6jmd_ORO_A_402,1,unimol,0.62864805,0.86892686,2.9219952,0.54604489,0.86529912,18.34
541,9,16598,2371,6q4k_HHW_A_301,1,unimol,0.62864805,0.85940858,2.8080814,0.8637591,0.9802355,19.6
542,9,16605,2372,6q4k_HHW_A_302,1,unimol,0.62864805,0.85511285,2.8471057,0.91894764,0.97261115,17.04
543,9,357,51,1e2s_CSN_P_701,0,surfdock,0.48579341,0.85219507,2.1973114,0,0.89353797,2.9647421
544,9,1162,166,1j0n_CEG_A_780,0,surfdock,0.48857137,0.84849222,2.2511904,0.076196447,0,2.8505759
545,9,372,53,1e5f_PLP_B_405,1,unimol,0.62864805,0.84649677,3.2119322,0.74743271,0,22.52
546,9,10669,1524,4zsy_RW2_A_502,1,unimol,0.62864805,0.84451465,2.9459457,1.0587288,0.93005886,29.75
547,9,10683,1526,4zsy_RW2_C_502,1,unimol,0.62864805,0.84350872,2.9555213,1.0722709,0,24.04
548,9,10676,1525,4zsy_RW2_B_502,1,unimol,0.62864805,0.84107487,2.9788315,1.1052362,0,27.72
549,9,10690,1527,4zsy_RW2_D_502,1,unimol,0.62864805,0.84066755,2.9827526,1.1107814,0,26.24
550,9,6518,931,3vc3_C6P_E_501,1,unimol,0.70302064,0.84048349,4.1541324,1.3087494,0.94213267,23.73
551,9,2997,428,1xid_ASC_A_389,1,unimol,0.62864805,0.84037165,3.4128416,0.68757653,0.89814863,15.76
552,9,9185,1312,4m2c_DAR_D_402,1,unimol,0.62864805,0.83449834,3.3863142,0.85228777,0,25.73
553,9,2668,381,1u1g_BBB_C_5300,1,unimol,0.62864805,0.83194419,3.3927801,0.90682977,0.98152727,22.03
554,9,9178,1311,4m2c_DAR_C_402,1,unimol,0.62864805,0.83141927,3.4245617,0.8876552,0,26.08
555,9,2661,380,1u1g_BBB_B_4300,1,unimol,0.62864805,0.82974215,3.4120114,0.94064605,0.95564832,27
556,9,2675,382,1u1g_BBB_D_6300,1,unimol,0.62864805,0.82974215,3.4120114,0.94064605,0.95308125,26.28
557,9,2682,383,1u1g_BBB_F_8300,1,unimol,0.62864805,0.82881035,3.4207754,0.95445859,0,25.68
558,9,15736,2248,6jme_ORO_A_402,0,surfdock,0.61381435,0.82255919,2.6136477,0.58878845,0,2.6695735
559,9,15632,2233,6i6r_H62_A_704,1,unimol,0.62864805,0.82143305,3.30528,1.2514099,0.60889849,19.27
560,9,9325,1332,4n36_2F8_B_401,1,unimol,0.6380844,0.82129338,5.1971927,0.74191886,0.96049557,20.74
561,9,6343,906,3tye_YTZ_B_902,1,unimol,0.62864805,0.82064883,3.7387421,0.83752561,0.40113449,18.95
562,9,11117,1588,5c8w_PCG_F_302,1,unimol,0.62864805,0.81915312,4.2052011,0.40856284,0,22.29
563,9,11110,1587,5c8w_PCG_D_302,1,unimol,0.62864805,0.81714933,4.2474332,0.4168852,0,18.59
564,9,11103,1586,5c8w_PCG_B_303,1,unimol,0.62864805,0.81561662,4.2801886,0.42305171,0,18.66
565,9,11075,1582,5c4i_TPP_C_402,1,unimol,0.62864805,0.81546353,3.8774021,0.82973886,0.96004788,28.05
566,9,11082,1583,5c4i_TPP_F_402,1,unimol,0.62864805,0.81532353,3.8635008,0.84720743,0.93954369,28.42
567,9,9150,1307,4lxi_22J_A_301,1,unimol,0.62864805,0.81183807,3.7347395,1.0653971,0,20.68
568,9,11096,1585,5c8w_PCG_A_302,1,unimol,0.62864805,0.81155456,4.3634734,0.44398814,0,21.81
569,9,5440,777,2wdq_CBE_C_1130,1,unimol,0.62864805,0.81127402,3.4799917,1.3347249,0.98605125,23.82
570,9,5447,778,2wdq_CBE_G_1130,1,unimol,0.62864805,0.81055356,3.4923277,1.3410574,0.98345321,28.97
571,9,5454,779,2wdq_CBE_K_1130,1,unimol,0.62864805,0.81055356,3.4923277,1.3410574,0.98989522,23.24
572,9,925,132,1h69_ARH_C_1275,1,unimol,0.62864805,0.8088028,3.7276275,1.151329,0,22.05
573,9,4774,682,2prl_ORO_A_399,0,surfdock,0.49930201,0.8058424,2.7834165,0.4979561,0.0026259815,2.5062175
574,9,1380,197,1kbq_936_C_701,1,unimol,0.62864805,0.80163316,3.8770611,1.1916484,0.9607106,20.61
575,9,10935,1562,5af9_SJR_H_1250,1,unimol,0.62864805,0.79855276,3.4211051,1.7307057,5.5768495e-07,21.26
576,9,8401,1200,4hmx_WUB_A_302,1,unimol,0.62864805,0.79840812,4.4018059,0.75392884,0,22.56
577,9,5474,782,2whq_HI6_A_1543,0,surfdock,0.48351066,0.7965948,2.8705227,0.43016663,0.0044690692,2.6967645
578,9,4291,613,2hjp_PPR_A_291,0,surfdock,0.48857137,0.79386103,2.9131806,0.55448365,0,2.503686
579,9,10067,1438,4ur9_BK9_A_1717,1,unimol,0.62864805,0.79326483,4.2486782,1.0480471,0.99511855,24.41
580,9,1372,196,1kbq_936_B_704,0,surfdock,0.48351066,0.79206925,2.6969836,0.70664328,0.99325856,3.9343684
581,9,6497,928,3vc3_C6P_B_501,1,unimol,0.62864805,0.79197736,4.1160555,1.2163932,0.93850982,24.87
582,9,6504,929,3vc3_C6P_C_501,1,unimol,0.62864805,0.79197736,4.1160555,1.2163932,0.95290279,29.03
583,9,6490,927,3vc3_C6P_A_501,1,unimol,0.62864805,0.78980602,4.1335983,1.2594959,0,23.1
584,9,6511,930,3vc3_C6P_D_501,1,unimol,0.62864805,0.78980602,4.1335983,1.2594959,0.95943501,25.68
585,9,6525,932,3vc3_C6P_F_501,1,unimol,0.62864805,0.78980602,4.1335983,1.2594959,0.95816048,28.7
586,10,6070,867,3qss_MTG_A_405,1,unimol,0.61869063,0.91727928,2.4029415,0.19953093,0.9762163,19.67
587,10,6077,868,3qss_MTG_B_405,1,unimol,0.61869063,0.91727928,2.4029415,0.19953093,0.97090356,20.07
588,10,2808,401,1vje_MSE_A_401,1,unimol,0.61869063,0.90721095,2.4766347,0.30374908,0.89802039,18.57
589,10,3473,496,2aiq_BEN_A_401,1,unimol,0.61869063,0.88916758,2.6150169,0.4994508,0.98338686,18.68
590,10,4061,580,2fib_GLY_B_2,1,unimol,0.61869063,0.87980794,2.784024,0.51189548,0,20.67
591,10,15240,2177,6fld_DQ5_A_604,1,unimol,0.61869063,0.86259277,2.8348606,0.81035644,0.97025935,27.82
592,10,5874,839,2zce_PYL_A_601,1,unimol,0.61869063,0.86241125,2.9964311,0.6525811,0,23.56
593,10,15072,2153,6e8i_PTR_A_201,1,unimol,0.61869063,0.8543865,2.9069278,0.91227496,0,22.39
594,10,14533,2076,5z9p_AX7_A_301,1,unimol,0.61869063,0.85048707,3.0935218,0.81012583,0,21.64
595,10,9206,1315,4ma8_Z80_C_301,1,unimol,0.61869063,0.850181,2.9446726,0.96565443,0.73788609,26.63
596,10,6224,889,3sj1_DXC_X_75,1,unimol,0.61869063,0.84873263,3.1347561,0.80726612,0.98290361,20.61
597,10,5062,723,2qui_LTN_B_478,1,unimol,0.61869063,0.84280071,3.118365,0.95518285,0,25.14
598,10,16864,2409,6rbx_JYT_A_301,1,unimol,0.61869063,0.84195609,3.0201309,1.0723686,0.97331559,23.26
599,10,13805,1972,5v31_ARG_A_401,1,unimol,0.61869063,0.84048959,3.5605307,0.56501478,0,17.13
600,10,14525,2075,5z9b_HX3_B_303,0,surfdock,0.47973377,0.84005369,2.5793645,0.22537477,0.97160376,2.4985707
601,10,9297,1328,4mr7_2BV_A_501,1,unimol,0.61869063,0.83897538,3.367379,0.79246795,0,25.05
602,10,8219,1174,4gcq_0JM_A_401,1,unimol,0.61869063,0.83870402,3.3769999,0.78901374,0.91666671,24.53
603,10,8226,1175,4gcq_0JM_B_401,1,unimol,0.61869063,0.83870402,3.3769999,0.78901374,0.97055429,21.85
604,10,5055,722,2qui_LTN_A_501,1,unimol,0.61869063,0.83521975,3.179713,1.0660195,0,19.06
605,10,5006,715,2qim_ZEA_A_159,1,unimol,0.70790184,0.83226123,5.3024802,0.34001169,0.97675144,14.74
606,10,13847,1978,5vrj_R07_A_204,1,unimol,0.61869063,0.8317045,3.4712307,0.8559435,0.81204554,25.75
607,10,2549,364,1tkj_MED_A_913,1,unimol,0.61869063,0.83129333,3.4756434,0.8611244,0,18
608,10,5251,750,2uza_HTL_B_1236,1,unimol,0.61869063,0.83025944,3.375411,0.98554355,0,26.43
609,10,11089,1584,5c7v_PYC_A_804,1,unimol,0.61869063,0.83005921,3.1332734,1.2323766,0,21.31
610,10,13378,1911,5t63_ALA_C_1,1,unimol,0.61869063,0.82852994,3.4540653,0.94755203,0,19.25
611,10,8926,1275,4k5u_GAL_D_301,1,unimol,0.61869063,0.82566843,3.5507584,0.91869777,0.98754743,23.4
612,10,8912,1273,4k5u_GAL_B_301,1,unimol,0.61869063,0.82366536,3.5721741,0.94519252,0.98416174,22.5
613,10,11474,1639,5e9m_BAE_A_2001,1,unimol,0.61869063,0.82204843,3.5976124,0.95868129,0.98347443,19.43
614,10,8919,1274,4k5u_GAL_C_301,1,unimol,0.61869063,0.82083396,3.6081898,0.97749567,0.98466455,21.3
615,10,994,142,1ho5_ADN_B_2604,0,surfdock,0.47916489,0.81461934,2.6870148,0.60127157,0.97807602,3.3294322
616,10,8856,1265,4jhh_H35_A_201,1,unimol,0.61869063,0.81263197,4.276227,0.51141244,0,18.35
617,10,14918,2131,6cgn_DA_A_801,1,unimol,0.61869063,0.81186204,3.4269695,1.3799428,0.9779484,23.54
618,10,9660,1380,4pxd_1AL_B_502,0,surfdock,0.47972635,0.80935424,2.9947212,0.44064867,0,2.8896503
619,10,9290,1327,4mpr_TPP_A_602,1,unimol,0.61869063,0.80920181,4.7980094,0.075916581,0.95581788,17.75
620,10,9653,1379,4pxd_1AL_A_502,0,surfdock,0.47911783,0.80746158,2.9947212,0.44064867,0,2.9034038
621,10,11187,1598,5clo_NS8_M_101,1,unimol,0.61869063,0.80663324,3.3708713,1.5683901,0.98830412,18.69
622,10,6056,865,3qhd_795_A_167,1,unimol,0.61869063,0.80617153,3.3757637,1.5753089,5.4053409e-05,22.95
623,10,7869,1124,4dch_4DC_A_502,1,unimol,0.61869063,0.80589685,4.3451252,0.61298329,0,24.92
624,10,2905,415,1w62_PYC_A_700,0,surfdock,0.45910752,0.8050604,2.6706555,0.57813585,0,2.2743319
625,10,6469,924,3v8n_5NB_A_301,1,unimol,0.61869063,0.80008062,3.9249096,1.1838876,0.96570269,17
626,10,9269,1324,4mop_2H5_A_802,1,unimol,0.61869063,0.79611483,4.6405559,0.57288569,0.91595387,22.32
627,10,16108,2301,6mae_JBA_A_301,1,unimol,0.61869063,0.79440542,4.5613327,0.69770056,0,20.91
628,10,6455,922,3v7u_MTA_A_301,1,unimol,0.61869063,0.79333449,3.8995297,1.3882142,0.71963435,25.8
629,10,6678,954,3w8x_FTK_A_601,0,surfdock,0.47889767,0.79257082,3.2959316,0.46479976,1.1143835e-07,3.3756407
630,10,6462,923,3v7u_MTA_A_302,1,unimol,0.61869063,0.7907662,3.9341691,1.422909,0.94818033,23.24
631,10,3472,496,2aiq_BEN_A_401,0,surfdock,0.45289913,0.79034038,2.2618518,0,0.98927238,2.3602387
632,10,4060,580,2fib_GLY_B_2,0,surfdock,0.45289913,0.79034038,2.2618518,0,0,4.2895743
633,10,5873,839,2zce_PYL_A_601,0,surfdock,0.45289913,0.79034038,2.2618518,0,0.72339306,3.3358917
634,10,8218,1174,4gcq_0JM_A_401,0,surfdock,0.45289913,0.79034038,2.2618518,0,0,5.0412717
635,10,8225,1175,4gcq_0JM_B_401,0,surfdock,0.45289913,0.79034038,2.2618518,0,0.00023758942,3.5591604
636,11,3256,465,1zha_R5P_A_1269,1,unimol,0.61298218,0.78951454,5.0209479,0.63377303,0,22.74
637,11,2745,392,1uqx_MMA_A_1116,1,unimol,0.61298218,0.78901013,4.4262385,1.2418363,0.92333776,22.96
638,11,2591,370,1toq_AMG_A_501,1,unimol,0.61298218,0.77115224,4.3336635,1.8242159,0.95893793,24.01
639,11,2598,371,1toq_AMG_E_503,1,unimol,0.61298218,0.77115224,4.3336635,1.8242159,0.9581768,20.3
640,11,2605,372,1toq_AMG_G_504,1,unimol,0.61298218,0.77115224,4.3336635,1.8242159,0.94595247,17.56
641,11,8121,1160,4ekr_0R0_A_203,1,unimol,0.61298218,0.76439667,4.5135155,1.8386649,0.94166089,20.78
642,11,3900,557,2ef9_A5P_A_1269,1,unimol,0.61298218,0.76221884,5.4883075,0.92761594,0,20.71
643,11,9856,1408,4rm3_FOA_A_1000,0,surfdock,0.46037498,0.75875286,4.4054008,0.57940423,0.97910876,2.3501219
644,11,3907,558,2ef9_A5P_B_2269,1,unimol,0.61298218,0.7565128,5.558887,1.0266622,0,18.42
645,11,4019,574,2fc0_DGP_A_239,1,unimol,0.61298218,0.75435596,6.022222,0.62844896,0,18.09
646,11,10389,1484,4xz9_G3P_C_302,1,unimol,0.61298218,0.75133526,5.4111047,1.331717,0.95554234,20.6
647,11,10382,1483,4xz9_G3P_B_302,1,unimol,0.61298218,0.75016995,5.3877759,1.390891,0.94481558,20.26
648,11,1464,209,1kuj_MMA_G_504,1,unimol,0.61298218,0.74259945,5.2931848,1.7224879,0.96582449,15.3
649,11,1450,207,1kuj_MMA_A_501,1,unimol,0.61298218,0.74257773,5.2943983,1.721965,0.94941724,21.37
650,11,1457,208,1kuj_MMA_C_502,1,unimol,0.61298218,0.74255553,5.2956176,1.7214499,0.94943352,21.97
651,11,3305,472,1zng_HE4_A_202,1,unimol,0.61298218,0.74105629,5.0716133,1.9932636,0.96792676,21.29
652,11,4914,702,2qcx_PF1_A_300,0,surfdock,0.45907491,0.73988715,4.8192692,0.57161438,0,3.1470956
653,11,4921,703,2qcx_PF1_B_300,0,surfdock,0.45984602,0.73813739,4.8749185,0.61510849,0,2.6222676
654,11,2937,419,1wq4_TYR_A_501,4,gnina,0.5923781,0.73549057,4.1728005,1.5638402,0.89852906,2.2489205
655,11,10291,1470,4x36_CHT_A_412,1,unimol,0.62697276,0.7310593,6.9288344,2.0630486,0.91100396,17.38
656,11,13504,1929,5tdt_MBN_D_502,1,unimol,0.61298218,0.72755638,5.9061227,1.6026403,0.23324648,24.1
657,11,13490,1927,5tdt_MBN_A_503,1,unimol,0.61298218,0.72699761,5.9143987,1.6132712,0.17139023,21.27
658,11,5397,771,2w0b_CMW_A_1450,0,surfdock,0.4506911,0.72442143,4.8826556,0.779975,5.77721e-06,5.762002
659,11,13217,1888,5o4j_9KH_B_302,1,unimol,0.61298218,0.72307879,5.5475974,2.1139081,0.96169539,18.58
660,11,13224,1889,5o4j_9KH_C_302,1,unimol,0.61298218,0.72307879,5.5475974,2.1139081,0.96566868,21.62
661,11,10654,1522,4zo7_GLC_A_806,0,surfdock,0.44765663,0.72243816,5.2560925,0.4483614,0.99400109,2.7212385
662,11,13497,1928,5tdt_MBN_D_501,1,unimol,0.61298218,0.72050124,5.9083924,1.8423376,0.99120345,26.39
663,11,12958,1851,5lwy_OLB_A_407,1,unimol,0.61298218,0.71728382,6.7041144,1.1593382,0,37.46
664,11,15722,2246,6jmd_ORO_A_402,0,surfdock,0.45058897,0.7150875,5.1558819,0.77985972,0.013339302,2.5116999
665,11,8114,1159,4ekr_0R0_A_202,1,unimol,0.61298218,0.71394455,5.4865594,2.4955041,0.99177384,22.58
666,11,8128,1161,4ekr_0R0_B_203,1,unimol,0.61298218,0.71394455,5.4865594,2.4955041,0.99207739,21.16
667,11,8120,1160,4ekr_0R0_A_203,0,surfdock,0.43090574,0.71251348,3.2145634,1.111469,0.0064548937,1.9321276
668,11,10934,1562,5af9_SJR_H_1250,0,surfdock,0.43874106,0.71189277,4.8741088,0.9353317,2.8190952e-07,3.0890524
669,11,6902,986,3wwc_BUA_A_403,0,surfdock,0.49059995,0.71122947,4.8010798,1.6075326,0.97680429,2.1917833
670,11,9766,1395,4qya_LU2_A_201,1,unimol,0.61298218,0.70861316,6.6895599,1.4853579,0,21.11
671,11,16619,2374,6q4r_MLT_A_1041,1,unimol,0.61298218,0.70784993,7.1054902,1.0973948,0,21.35
672,11,12944,1849,5lwy_OLB_A_403,1,unimol,0.61298218,0.70753862,7.0484643,1.165853,0,30.35
673,11,10626,1518,4zjz_BEZ_B_601,0,surfdock,0.46019688,0.70500599,5.5908852,0.9254396,0.99635403,2.3874813
674,11,9773,1396,4qya_LU2_B_201,1,unimol,0.61298218,0.70493031,6.7750916,1.5356109,0,20.97
675,11,2590,370,1toq_AMG_A_501,0,surfdock,0.43090574,0.70369876,3.4422686,1.113484,0.99549451,2.4576737
676,11,2597,371,1toq_AMG_E_503,0,surfdock,0.43090574,0.70369876,3.4422686,1.113484,0,2.6936172
677,11,2604,372,1toq_AMG_G_504,0,surfdock,0.43090574,0.70369876,3.4422686,1.113484,0.9657646,2.5033382
678,11,12951,1850,5lwy_OLB_A_406,1,unimol,0.61298218,0.70298625,6.8545327,1.528708,0,28.83
679,11,3480,497,2ajv_COC_L_501,1,unimol,0.61298218,0.70296077,7.0035439,1.3806524,0.96674051,23.66
680,11,1471,210,1kwc_BPY_B_401,1,unimol,0.61298218,0.70217426,7.4272518,0.98646748,0.99116452,15.83
681,11,9647,1378,4pik_MAN_C_503,1,unimol,0.61298218,0.70060833,5.8305988,2.6421916,0.98020728,20.28
682,11,9205,1315,4ma8_Z80_C_301,0,surfdock,0.44064322,0.70030651,4.6254277,1.7329482,0,3.0304372
683,11,953,136,1h8p_PC_A_1110,1,unimol,0.61298218,0.69943664,6.0964108,2.4208403,0.87982616,21.77
684,11,2976,425,1x8x_TYR_A_952,1,unimol,0.61298218,0.69900324,5.9596043,2.5741513,0.95203449,14.29
685,11,10095,1442,4uy7_HIS_B_800,1,unimol,0.61298218,0.69889675,7.795845,0.74196953,0,22.69
686,12,9360,1337,4n4j_HG1_A_608,1,unimol,0.61297638,0.88488738,2.691045,0.48976123,0.86529873,18.12
687,12,7881,1125,4dch_GLC_A_501,6,smina,0.64547338,0.87100433,3.829752,0.71162713,0.0049831128,0.84851139
688,12,2939,419,1wq4_TYR_A_501,6,smina,0.6418532,0.85823611,3.6082962,1.213167,2.2285523e-06,1.4709873
689,12,8799,1257,4j5h_1K4_A_303,0,surfdock,0.4611346,0.84786352,2.4676015,0.1339962,0,3.7697567
690,12,5272,753,2v60_C17_A_1503,1,unimol,0.61297638,0.82153344,3.3657219,1.1120807,0.99078766,23.68
691,12,5279,754,2v60_C17_B_1498,1,unimol,0.61297638,0.82116683,3.3698511,1.1163415,0.99522476,24.16
692,12,15387,2198,6fw0_E92_B_602,1,unimol,0.61297638,0.82030664,3.6896429,0.81627893,0.99334864,18.44
693,12,4690,670,2oci_TYC_A_401,0,surfdock,0.4526136,0.80838237,2.7684367,0.49535918,0.99565989,2.8094256
694,12,10984,1569,5av4_GEN_A_400,1,unimol,0.61297638,0.80805049,4.1493092,0.64460367,0.91708029,14.41
695,12,1548,221,1lfw_AEP_A_683,1,unimol,0.61297638,0.80417406,4.0759249,0.81182867,0.96861445,19.43
696,12,15380,2197,6fw0_E92_A_602,1,unimol,0.61297638,0.78974241,3.9059114,1.3434322,0.99212087,22.96
697,12,1547,221,1lfw_AEP_A_683,0,surfdock,0.42937686,0.78766498,2.3078287,0.039693564,0,3.3151864
698,12,6013,859,3mk1_NPO_A_911,0,surfdock,0.42937686,0.78333222,2.3412054,0.086895116,0.99454875,2.1105427
699,12,6027,861,3mk1_NPO_A_913,0,surfdock,0.42937686,0.78121616,2.357708,0.11023357,0.9948701,2.0599082
700,12,9359,1337,4n4j_HG1_A_608,0,surfdock,0.42937686,0.78066476,2.3620298,0.11634531,0.0016010646,2.0092326
701,12,5482,783,2wj4_HQD_A_1281,1,unimol,0.61297638,0.77744639,3.9941847,1.5792593,0,21.82
702,12,6020,860,3mk1_NPO_A_912,0,surfdock,0.42937686,0.77722839,2.3891752,0.15473481,0,2.2563475
703,12,2244,320,1q4g_BFL_A_701,4,gnina,0.84515765,0.77501218,5.8962388,1.1638389,0.98892805,4.5664956
704,12,13658,1951,5ud0_13P_B_405,1,unimol,0.61297638,0.76952399,4.1363173,1.6542267,0.7669521,23.47
705,12,7078,1011,4a7a_RGZ_A_601,1,unimol,0.61297638,0.75957219,4.9493985,1.1235422,0.99223694,24.41
706,12,7085,1012,4a7a_RGZ_B_601,1,unimol,0.61297638,0.75957219,4.9493985,1.1235422,0.99237717,18.6
707,12,1779,254,1n5i_TMP_A_217,1,unimol,0.61297638,0.75863341,4.6204758,1.4796788,0,23.9
708,12,7868,1124,4dch_4DC_A_502,0,surfdock,0.44112844,0.75852346,3.4455054,0.81912738,0.96829989,3.9644829
709,12,2807,401,1vje_MSE_A_401,0,surfdock,0.45656906,0.75734923,3.3898737,1.0463576,0.93868149,2.8363636
710,12,354,50,1e26_GPB_A_208,4,gnina,0.6207992,0.75664943,6.5714517,0.98756301,0.90321794,8.0515796
711,12,10983,1569,5av4_GEN_A_400,0,surfdock,0.42937686,0.75643213,2.6073911,0.35235724,1.1952507e-06,3.3302101
712,12,680,97,1gsi_TMP_A_1210,1,unimol,0.61297638,0.75547603,4.6571956,1.535235,0,17.44
713,12,5271,753,2v60_C17_A_1503,0,surfdock,0.42937686,0.75359875,2.5859985,0.43308517,0.98825756,4.0576315
714,13,10508,1501,4z69_DIF_A_1006,1,unimol,0.61601789,0.83796992,2.9961462,1.0504347,0.43761168,24.33
715,13,10522,1503,4z69_DIF_I_1006,1,unimol,0.61601789,0.83152436,3.0529931,1.1308281,0.4758969,21.73
716,13,10515,1502,4z69_DIF_A_1008,1,unimol,0.61601789,0.82945171,3.0715549,1.1570786,0,19.19
717,13,12202,1743,5hc0_NPO_A_402,1,unimol,0.61601789,0.82786033,3.6924191,0.57085145,0.96444565,17.96
718,13,252,36,1d6u_HY1_A_2001,0,surfdock,0.67154261,0.79328919,5.501061,0.86826724,0.99426473,2.5733155
719,13,2975,425,1x8x_TYR_A_952,0,surfdock,0.47120142,0.77769925,3.4348013,0.54189599,0.99166536,3.4008353
720,13,10623,1517,4zjz_BEZ_A_1001,4,gnina,0.47688309,0.77734499,3.1177378,1.0688409,0.99169519,2.3652483
721,13,5258,751,2v32_BEZ_B_1220,1,unimol,0.61601789,0.7771717,4.6043777,0.87589204,0.96973012,22.2
722,13,5265,752,2v32_BEZ_D_1221,1,unimol,0.61601789,0.7771717,4.6043777,0.87589204,0.9540522,21.42
723,13,2654,379,1u18_HSM_A_401,1,unimol,0.61601789,0.77469183,5.3868294,0.15918198,0,17.83
724,13,3647,521,2bxh_IOS_B_1002,0,surfdock,0.44298008,0.77459684,2.4449551,0.13557184,0.00019830868,2.7457917
725,13,12201,1743,5hc0_NPO_A_402,0,surfdock,0.44298008,0.77278072,2.443177,0.17194645,0.9968218,2.1918515
726,13,2219,317,1q20_PLO_A_401,0,surfdock,0.47199379,0.76888593,3.5183327,0.69269186,4.5957738e-07,3.7948015
727,13,3640,520,2bxh_IOS_A_1002,0,surfdock,0.44298008,0.76886856,2.5081797,0.18230762,0.21960481,2.7667199
728,13,7878,1125,4dch_GLC_A_501,3,diffdock_l,0.68096842,0.76608105,4.7428546,2.4333017,0.9651267,18.34266
729,13,16394,2342,6ock_9KL_A_602,0,surfdock,0.44298008,0.76071313,2.5010645,0.35028347,0.99487708,3.0826585
730,13,6973,996,3zks_WZV_A_1398,1,unimol,0.61601789,0.75303445,5.2781577,0.86986953,0.96643685,28.01
731,13,16395,2342,6ock_9KL_A_602,1,unimol,0.61601789,0.75281729,3.900913,2.2534158,0.98425859,16.77
732,13,3423,489,2a9z_26A_A_1002,0,surfdock,0.66420587,0.75121415,5.6972637,1.9521152,0.9726906,5.0583303
733,13,16387,2341,6ock_9KL_A_601,0,surfdock,0.44298008,0.75084146,2.5846395,0.46847615,0.86336569,3.6795148
734,13,5594,799,2xoz_AMP_B_1664,1,unimol,0.61601789,0.75052379,5.0189629,1.2022461,0,16.81
735,13,127,18,1aog_MAE_A_500,1,unimol,0.61601789,0.74556152,5.0582986,1.3097285,0,22.38
736,13,11194,1599,5cmb_GLY_A_301,1,unimol,0.61601789,0.74073243,5.0982051,1.4155456,0,21.52
737,13,16604,2372,6q4k_HHW_A_302,0,surfdock,0.472932,0.73800228,3.7768869,1.2397884,0.96633229,2.9677423
738,13,16388,2341,6ock_9KL_A_601,1,unimol,0.61601789,0.73560728,4.2666163,2.4049401,0.98199323,24.7
739,13,13524,1932,5thu_GGG_B_405,0,surfdock,0.50234757,0.7351039,4.0155988,1.259511,0,2.5972632
740,13,16597,2371,6q4k_HHW_A_301,0,surfdock,0.47357323,0.73476003,3.7910225,1.3480847,0.98913197,3.0744412
741,13,2045,292,1p2s_ETF_A_400,1,unimol,0.61601789,0.73429147,5.9762626,0.73634249,0.7009665,20.72
742,13,6447,921,3v1s_0LH_B_401,0,surfdock,0.47488154,0.73015397,4.4404683,0.92933732,0.99373495,2.6767541
743,13,5579,797,2xhk_AKG_B_519,0,surfdock,0.47194637,0.72840915,3.6655376,1.5621221,0.95040386,2.6028196
744,13,3158,451,1zb6_DIN_A_401,1,unimol,0.61601789,0.72647527,5.2620182,1.6990395,0.98006294,25.57
745,13,10507,1501,4z69_DIF_A_1006,0,surfdock,0.44298008,0.72467774,2.8229024,0.80543101,0,3.3421721
746,13,17074,2439,6syz_M1E_A_601,1,unimol,0.61601789,0.72374069,6.1509376,0.8989498,0.9932638,19.41
747,13,17529,2504,6xu3_GAB_B_402,1,unimol,0.61601789,0.72318942,6.5253358,0.54258049,0.99025138,26.88
748,13,10521,1503,4z69_DIF_I_1006,0,surfdock,0.44298008,0.72073825,2.8610437,0.85937053,0.97985257,3.5106864
749,13,10514,1502,4z69_DIF_A_1008,0,surfdock,0.44298008,0.71947225,2.8734334,0.87689263,0,3.4110982
750,13,17732,2533,7c7g_FJR_B_402,1,unimol,0.65775561,0.71938008,7.7537799,1.008142,0.99128371,19.32
751,13,126,18,1aog_MAE_A_500,0,surfdock,0.44298008,0.71225093,3.2158775,0.70813173,0,2.3488039
752,13,17731,2533,7c7g_FJR_B_402,0,surfdock,0.48754259,0.70984977,4.4592023,1.5191207,0.99153711,3.8066775
753,13,3157,451,1zb6_DIN_A_401,0,surfdock,0.44298008,0.70983694,3.1360171,0.84723705,0.99759157,2.5586143
754,13,1288,184,1jtk_THU_A_138,0,surfdock,0.44298008,0.70889206,3.5780547,0.42855328,0,3.2125064
755,13,1295,185,1jtk_THU_B_1138,0,surfdock,0.44298008,0.70889206,3.5780547,0.42855328,0.98802818,3.0898941
756,13,6587,941,3vq4_0NX_A_305,0,surfdock,0.47427612,0.70887835,5.213789,0.71800208,0.99491314,2.6939806
757,13,7021,1003,3zwt_ORO_A_1398,0,surfdock,0.45233769,0.70871088,4.3950992,1.1114298,0.20988912,2.5106986
758,13,3388,484,2a1m_CAM_A_1422,0,surfdock,0.47422447,0.70838181,5.8055401,0.1369594,0.50253516,2.4235004
759,13,3648,521,2bxh_IOS_B_1002,1,unimol,0.61601789,0.70635562,4.9555373,2.6834285,0.92637842,28.22
760,13,12355,1765,5i8z_JA1_A_302,0,surfdock,0.47343777,0.70599047,4.8114591,1.1403409,0.98746334,3.8467733
761,13,255,36,1d6u_HY1_A_2001,3,diffdock_l,0.7573059,0.70588055,6.9444566,2.3730345,0,28.001163
762,13,5573,796,2xhk_AKG_A_519,1,unimol,0.61601789,0.70385291,6.1572003,1.5701805,0.85769051,17.79
763,13,6972,996,3zks_WZV_A_1398,0,surfdock,0.44298008,0.70337525,3.617379,0.52747291,0,4.6789556
764,14,344,49,1dxy_COI_A_404,1,unimol,0.61776043,0.8800784,2.7932701,0.42719421,0.94556853,21.86
765,14,16920,2417,6rhc_K48_A_305,1,unimol,0.61776043,0.83564686,3.5811148,0.50353092,0.96944913,16.87
766,14,952,136,1h8p_PC_A_1110,0,surfdock,0.53308658,0.83563169,2.5612252,0.21649586,0,2.6176915
767,14,6532,933,3vca_PRO_A_504,1,unimol,0.61776043,0.83440139,3.311331,0.79954565,0.044626171,18.1
768,14,966,138,1h8p_PC_B_1110,0,surfdock,0.50230689,0.82670443,2.5270534,0.20130926,0.98868054,2.554675
769,14,960,137,1h8p_PC_A_1111,1,unimol,0.61776043,0.82207518,3.6701343,0.70681137,0.90533677,28.01
770,14,5650,807,2xya_7L4_A_1181,1,unimol,0.61776043,0.81270691,3.704442,0.88287276,0.97457555,21
771,14,12286,1755,5hxi_5HN_A_403,1,unimol,0.61776043,0.79883899,3.6606171,1.2518023,0.98846321,14.57
772,14,13329,1904,5r0i_SYV_A_2501,1,unimol,0.61776043,0.79778041,3.4408159,1.4971181,0.99338809,16.11
773,14,343,49,1dxy_COI_A_404,0,surfdock,0.4843818,0.79440075,2.2570271,0,0.96684591,2.4330091
774,14,14497,2071,5ysh_5AD_D_605,0,surfdock,0.4843818,0.79440075,2.2570271,0,0.21274926,2.5045246
775,14,14504,2072,5ysh_5AD_J_605,0,surfdock,0.4843818,0.79440075,2.2570271,0,0.21831849,2.4907739
776,14,16919,2417,6rhc_K48_A_305,0,surfdock,0.4843818,0.79440075,2.2570271,0,0.9953123,2.7247411
777,14,967,138,1h8p_PC_B_1110,1,unimol,0.61756745,0.78007892,3.8131607,0.39057419,0.91480008,23.86
778,14,8974,1282,4kqx_HIO_B_401,0,surfdock,0.54065679,0.77506435,3.01807,0.99567646,0.80305821,2.7135876
779,14,5649,807,2xya_7L4_A_1181,0,surfdock,0.4843818,0.77044022,2.4389403,0.25726414,0.99324319,3.3466791
780,14,9800,1400,4r3n_3GQ_B_404,0,surfdock,0.4843818,0.76633182,2.6308031,0.1448708,0.86026705,2.7528801
781,14,13328,1904,5r0i_SYV_A_2501,0,surfdock,0.4843818,0.76576321,2.4764555,0.31031859,0.99776035,2.1647542
782,14,17200,2457,6tgl_LVP_B_201,1,unimol,0.61776043,0.76488074,4.3240733,1.4604198,0.98655078,14.29
783,14,13951,1993,5w3k_9TY_B_401,0,surfdock,0.54802187,0.76165266,3.1473043,1.2590419,0.26141844,2.5562171
784,14,959,137,1h8p_PC_A_1111,0,surfdock,0.4843818,0.76028095,2.5213137,0.37375754,0.071628614,2.3089451
785,14,12285,1755,5hxi_5HN_A_403,0,surfdock,0.4843818,0.75448408,2.5698142,0.44234759,0.99486855,2.2887044
786,14,14498,2071,5ysh_5AD_D_605,1,unimol,0.61776043,0.75248012,3.9650471,2.1677084,0.98677077,27.34
787,14,4886,698,2qb4_DSM_A_802,0,surfdock,0.55111065,0.75231495,4.0113964,0.67515415,0.97363166,3.1255423
788,14,6580,940,3vq4_0NX_A_304,0,surfdock,0.5524305,0.7522525,3.4230282,1.2953544,0,2.7978799
789,14,14505,2072,5ysh_5AD_J_605,1,unimol,0.61776043,0.75204062,3.9726975,2.1727183,0.98087692,24.5
790,14,10535,1505,4za7_4LV_A_606,0,surfdock,0.4843818,0.7479729,2.6256416,0.52129954,0.98510271,1.947083
791,14,155,22,1axg_ETF_C_404,1,unimol,0.61776043,0.74698766,4.7604194,1.5321606,0.96246439,19.85
792,14,3641,520,2bxh_IOS_A_1002,1,unimol,0.64326539,0.74651176,6.0207405,1.7011876,0,19.48
793,14,10969,1567,5ahn_IMP_A_1468,0,surfdock,0.51012851,0.74640014,3.588239,0.95352328,0.94831195,3.4584502
794,14,148,21,1axg_ETF_B_404,1,unimol,0.61776043,0.74579687,4.7723718,1.5553238,0.98447323,24.92
795,14,17396,2485,6vmz_NAG_C_402,1,unimol,0.61776043,0.74484933,4.3488235,2.0069375,0,22.05
796,14,17403,2486,6vmz_NAG_E_402,1,unimol,0.61776043,0.74484933,4.3488235,2.0069375,0,19.49
797,14,14007,2001,5wgk_AGJ_A_816,0,surfdock,0.4843818,0.74325251,2.8311484,0.41572577,0.9639104,3.5570316
798,14,162,23,1axg_ETF_D_404,1,unimol,0.61776043,0.7425206,4.8058438,1.6193458,0.97108532,22.04
799,14,17389,2484,6vmz_NAG_A_402,1,unimol,0.61776043,0.74173358,4.3993735,2.0494266,0,29.87
800,14,14890,2127,6cdy_EY1_A_501,1,unimol,0.61776043,0.74148803,4.5238395,1.932345,0,23.05
801,14,14897,2128,6cdy_EY1_B_501,1,unimol,0.61776043,0.74148803,4.5238395,1.932345,0,24.27
802,14,6531,933,3vca_PRO_A_504,0,surfdock,0.4843818,0.73928828,2.7024117,0.62986857,0.90096218,2.069561
803,14,14008,2001,5wgk_AGJ_A_816,1,unimol,0.61776043,0.73877236,4.9746289,1.5636928,0.96967884,18.35
804,14,10622,1517,4zjz_BEZ_A_1001,3,diffdock_l,0.75869562,0.73843641,6.5391946,1.4916712,6.1296659e-54,15.494345
805,14,12272,1753,5hss_650_B_402,1,unimol,0.61776043,0.73758585,5.3493137,1.2251788,0.94607063,21.47
806,14,12205,1743,5hc0_NPO_A_402,4,gnina,0.44599288,0.73623665,2.2570271,0,0.015055082,1.4447605
807,14,3476,496,2aiq_BEN_A_401,4,gnina,0.44317537,0.73547365,2.2570271,0,0.96948563,1.5044654
808,14,6286,898,3te7_TE7_A_1,0,surfdock,0.4843818,0.73392468,2.8998051,0.5502426,0.97875617,5.9432168
809,14,6441,920,3v1m_HPK_A_288,1,unimol,0.61776043,0.73021389,6.1320062,0.67119265,0.44562483,18.3
810,14,17255,2465,6tot_NRK_A_401,0,surfdock,0.4843818,0.72987173,2.9198849,0.62088007,0,4.6962485
811,14,5369,767,2vss_V55_D_1250,0,surfdock,0.4843818,0.72966299,2.9769113,0.56856573,0.002850117,2.6354159
812,14,9030,1290,4l4d_CAM_A_503,0,surfdock,0.55167462,0.72944654,5.1186948,0.17875543,0,2.4387107
813,14,5376,768,2vsu_V55_D_1251,0,surfdock,0.4843818,0.72921378,2.9221318,0.63350284,0.0038107567,2.7008038
814,15,16577,2368,6ps7_ZMA_A_1201,1,unimol,0.61925586,0.870901,2.8618641,0.4960953,0.96276576,22.82
815,15,12769,1824,5k2c_ZMA_A_1201,1,unimol,0.61925586,0.8685077,2.8985205,0.50367707,0.99248909,25.71
816,15,4432,633,2j1s_FUL_B_1153,1,unimol,0.61925586,0.8301087,3.0335128,1.1316097,0.94123959,20.88
817,15,4425,632,2j1s_FUL_A_1153,1,unimol,0.61925586,0.82918708,3.0416412,1.1431047,0.95944846,18.52
818,15,13077,1868,5mzp_CFF_A_2401,1,unimol,0.61925586,0.8209654,3.6061974,0.75654483,0.98745026,23.6
819,15,13070,1867,5mzj_TEP_A_2401,1,unimol,0.61925586,0.81588396,4.0488172,0.4266386,0,18.34
820,15,364,52,1e48_13P_P_302,0,surfdock,0.53213035,0.8122045,2.7033193,0.39756355,0.85673679,2.3157916
821,15,6776,968,3wk1_O7E_A_301,0,surfdock,0.79455977,0.80867073,4.347857,1.5172216,0.98620248,3.5634024
822,15,4424,632,2j1s_FUL_A_1153,0,surfdock,0.50286046,0.7957676,2.2333441,0,0,2.2353107
823,15,4431,633,2j1s_FUL_B_1153,0,surfdock,0.50286046,0.7957676,2.2333441,0,0.9963517,2.1625788
824,15,8155,1165,4f06_PHB_A_401,0,surfdock,0.63863251,0.79481384,5.2930646,0.89853656,0.98213379,2.5080761
825,15,5583,797,2xhk_AKG_B_519,4,gnina,0.54021964,0.79148537,3.0318117,0.56620026,0.00043138965,2.1338581
826,15,16576,2368,6ps7_ZMA_A_1201,0,surfdock,0.50286046,0.78752593,2.293401,0.084933542,0,3.7921448
827,15,3438,491,2agw_TSS_H_2001,1,unimol,0.61925586,0.78178,3.9938686,1.2958189,0,20.21
828,15,3431,490,2agw_TSS_D_3001,1,unimol,0.61925586,0.78158768,3.9938717,1.300712,0,16.65
829,15,12768,1824,5k2c_ZMA_A_1201,0,surfdock,0.50286046,0.7810569,2.3418787,0.15349106,0,3.7117504
830,15,3969,567,2f64_12Q_A_472,0,surfdock,0.50286046,0.78096826,2.374135,0.12285829,0,2.4722166
831,15,8159,1165,4f06_PHB_A_401,4,gnina,0.97881478,0.78052382,5.0979304,1.5557498,0.99503577,1.8325139
832,15,17780,2540,7kjg_BTM_A_406,0,surfdock,0.57926949,0.78013966,3.3220346,0.81136185,0.98037926,3.1350962
833,15,3976,568,2f64_12Q_B_471,0,surfdock,0.50286046,0.777571,2.4038022,0.15584825,0.0054556519,2.5532196
834,15,8967,1281,4kqx_HIO_A_402,0,surfdock,0.50286046,0.76929187,2.6259356,0.089899518,0.81156222,2.644021
835,15,12656,1808,5j6y_GLC_A_309,0,surfdock,0.50286046,0.76734576,2.4487104,0.30457416,0,2.4469272
836,15,13069,1867,5mzj_TEP_A_2401,0,surfdock,0.50286046,0.76669754,2.6162512,0.14956929,0.99759144,2.6419047
837,15,17437,2491,6vo2_R67_B_403,0,surfdock,0.50286046,0.7535337,2.5622778,0.46518251,0,2.6291521
838,15,3970,567,2f64_12Q_A_472,1,unimol,0.61925586,0.75072284,5.6894417,0.44032043,1.3388283e-33,16.95
839,15,3977,568,2f64_12Q_B_471,1,unimol,0.61925586,0.75055693,5.7015414,0.43299055,1.1648884e-33,13.49
840,15,3437,491,2agw_TSS_H_2001,0,surfdock,0.50286046,0.74660674,2.6376095,0.53311992,0,2.8338785
841,15,3430,490,2agw_TSS_D_3001,0,surfdock,0.50286046,0.74646948,2.6419237,0.53168386,0,2.7655606
842,15,10347,1478,4xpq_FUL_A_1004,1,unimol,0.61925586,0.74256531,5.7201977,0.6478821,0,19.61
843,15,8512,1216,4i02_CMP_F_301,0,surfdock,0.50305742,0.73422754,3.7258899,0.90667677,0.52976567,3.8033067
844,15,6854,979,3wug_XYP_C_2,1,unimol,0.61925586,0.73136972,4.8032956,1.9049309,0,20.01
845,15,8975,1282,4kqx_HIO_B_401,1,unimol,0.73716805,0.73123739,7.5762405,0.62483978,0.92153853,23.55
846,15,1036,148,1ia1_TQ3_A_194,0,surfdock,0.50286046,0.72875513,3.2645857,0.2943773,0.99704587,3.3102819
847,15,17438,2491,6vo2_R67_B_403,1,unimol,0.61925586,0.72788282,5.1856589,1.6317242,0.92688462,27.14
848,15,6847,978,3wug_XYP_B_2,1,unimol,0.61925586,0.72512498,4.855968,2.0488682,0,23.14
849,15,13402,1914,5t85_44G_L_301,4,gnina,0.35550704,0.72339298,2.2333441,0,1.3983781e-05,5.1771925
850,15,10340,1477,4xpq_FUL_A_1003,1,unimol,0.61925586,0.72303932,5.9027505,1.0688883,0,21.16
851,15,368,52,1e48_13P_P_302,4,gnina,0.37072675,0.72164018,2.2990413,0.092909865,0.83234214,1.6788285
852,15,6853,979,3wug_XYP_C_2,0,surfdock,0.50286046,0.72133155,2.8528483,0.87611139,0.24022558,2.1871986
853,15,9577,1368,4p5y_NGA_A_201,1,unimol,0.61925586,0.72130981,5.8257775,1.2016984,0.99005169,18.21
854,15,10346,1478,4xpq_FUL_A_1004,0,surfdock,0.50286046,0.72130551,3.1025879,0.62697774,0.0056294515,2.0062277
855,15,10633,1519,4zo7_BGC_A_801,0,surfdock,0.50286046,0.71929141,3.191437,0.58516538,0,2.3312382
856,15,14714,2102,6axu_BTM_A_401,0,surfdock,0.50286046,0.71759155,3.1810598,0.63555014,0.98361336,3.1384913
857,15,13076,1868,5mzp_CFF_A_2401,0,surfdock,0.50286046,0.71499144,2.9834316,0.89492542,0.045077042,2.7470474
858,15,10640,1520,4zo7_BGC_A_802,0,surfdock,0.50286046,0.71428919,3.2153327,0.67981714,0.9834413,2.4563068
859,15,10339,1477,4xpq_FUL_A_1003,0,surfdock,0.50286046,0.71399673,3.1789722,0.72318476,0.017863074,2.3307931
860,15,10647,1521,4zo7_BGC_A_805,0,surfdock,0.50286046,0.71380723,3.2183096,0.68839264,0.76289475,2.5347766
861,15,168,24,1bqp_MAN_B_401,0,surfdock,0.58703966,0.71289302,4.152699,1.7230864,0.97770897,2.4420043
862,15,15141,2163,6f66_CUT_B_300,0,surfdock,0.57551511,0.71248679,4.5821109,1.2269541,0.99767746,3.1833365
863,15,15134,2162,6f66_CUT_A_300,0,surfdock,0.57592105,0.71210589,4.6621318,1.1651577,0.99597963,3.1862527
864,16,1499,214,1kya_XYD_D_814,1,unimol,0.61427575,0.87907449,2.7558391,0.40598616,0.97004199,20.24
865,16,10438,1491,4ynu_LGC_A_602,1,unimol,0.61427575,0.87896712,2.6332629,0.53047943,0,14.55
866,16,1491,213,1kya_XYD_B_612,0,surfdock,0.59622162,0.87619554,2.1876571,0,0.9916317,2.0882567
867,16,3475,496,2aiq_BEN_A_401,3,diffdock_l,0.64183114,0.86837086,3.5703087,0.80196995,0.98382002,19.204919
868,16,6168,881,3rsc_TYD_A_397,1,unimol,0.61427575,0.86620437,2.6883953,0.70815027,0,24.26
869,16,6175,882,3rsc_TYD_B_397,1,unimol,0.61427575,0.86620437,2.6883953,0.70815027,0,23.33
870,16,12313,1759,5i0m_UMP_B_201,0,surfdock,0.54005956,0.86252804,2.1876571,0,0,3.4771147
871,16,12930,1847,5lik_W8X_X_402,1,unimol,0.61427575,0.85228508,2.8712101,0.79125148,0.91823304,22.41
872,16,11390,1627,5dr9_SKE_A_401,1,unimol,0.61427575,0.84955853,3.0804577,0.63562918,0,19.91
873,16,11397,1628,5dt0_SKE_A_401,1,unimol,0.61427575,0.84772988,3.1042216,0.64812183,0,16.49
874,16,6938,991,3wzo_ZOE_C_201,1,unimol,0.61427575,0.83820629,3.0990353,0.84597832,0,27.75
875,16,6924,989,3wzo_ZOE_A_201,1,unimol,0.61427575,0.83691793,3.0982697,0.87331474,0.97706116,23.31
876,16,6931,990,3wzo_ZOE_B_201,1,unimol,0.61427575,0.83691793,3.0982697,0.87331474,0.96949058,24.6
877,16,6945,992,3wzo_ZOE_D_201,1,unimol,0.61427575,0.83691793,3.0982697,0.87331474,0.95271276,25.14
878,16,6777,968,3wk1_O7E_A_301,1,unimol,0.84051522,0.83289313,3.8785534,1.3220344,0,23.09
879,16,11467,1638,5e4r_40E_A_504,1,unimol,0.61427575,0.82692143,3.3481624,0.83382893,0.94907426,25.37
880,16,5293,756,2vez_G6P_A_202,1,unimol,0.61427575,0.82614915,3.2094376,0.98912704,0,15.92
881,16,3837,548,2e40_LGC_A_1001,1,unimol,0.61427575,0.82523724,3.873168,0.34502569,0.00092158409,18.73
882,16,3844,549,2e40_LGC_B_2001,1,unimol,0.61427575,0.82523724,3.873168,0.34502569,0,22.06
883,16,1618,231,1luq_BTN_B_5200,1,unimol,0.61427575,0.81988991,3.1241429,1.2104799,0.96500406,22.61
884,16,1611,230,1luq_BTN_A_5100,1,unimol,0.61427575,0.81954337,3.1228371,1.2194101,0,22.33
885,16,10942,1563,5afy_WCE_H_1248,1,unimol,0.61427575,0.81501653,3.9928868,0.44984785,0.99125566,18.77
886,16,5181,740,2rtn_IMI_B_300,1,unimol,0.61427575,0.80294269,3.2362201,1.482892,0.98033077,19.19
887,16,5188,741,2rtn_IMI_D_300,1,unimol,0.61427575,0.80175075,3.2478034,1.4992732,0.97334573,19.76
888,16,2653,379,1u18_HSM_A_401,0,surfdock,0.54005956,0.79986213,2.6507626,0.65493,0.88445605,2.3947556
889,16,9143,1306,4lvb_20N_B_601,1,unimol,0.61427575,0.79784444,3.7393034,1.1002966,0.99418104,22.6
890,16,1498,214,1kya_XYD_D_814,0,surfdock,0.50040325,0.79773291,2.1876571,0,0.015163434,2.0970058
891,16,1610,230,1luq_BTN_A_5100,0,surfdock,0.50040325,0.79773291,2.1876571,0,0.99249329,3.2579777
