PDB_CCD_ID,surfdock,unimol,diffdock,diffdock_l,gnina,autodock,smina
19gs_BSP_B_210,0.0053721136,0.98854669,0.10442086,0.097101027,2.4252396e-05,0.12258446,0.1893847
1a49_OXL_A_533,0.98958419,0.93781074,0.10722261,0.093480735,0.00010669079,0.10542104,0.18529073
1a49_OXL_D_2333,0.99569192,0.65388307,0.12558816,0.090355982,0.48268953,0.10398292,0.19516595
1a49_OXL_F_4133,0.9892019,0.65388144,0.12556851,0.090374571,0.48268903,0.10408975,0.19518208
1a59_CIT_A_379,0,0.65363387,0.12257406,0.093207869,0.48261345,0.12037234,0.19763952
1a9r_HPA_A_290,0,0,0.12029579,0.082919875,0.48323573,0.10800871,0.17647006
1ac4_TMT_A_296,0,0.65363387,0.12257406,0.093207869,0.48261345,0.12037234,0.19763952
1aej_NVI_A_296,0.82686768,0.65384081,0.1250771,0.090839533,0.48267663,0.10676182,0.19558536
1aer_TIA_B_700,0,0,0.12029579,0.082919875,0.48323573,0.10800871,0.17647006
1aia_PMP_A_411,0.21621794,0.65368798,0.12322858,0.092588572,0.48262997,0.11681332,0.19710237
1aia_PMP_B_411,0.2344142,0.65369254,0.12328367,0.092536453,0.48263136,0.1165138,0.19705717
1aiq_CB3_A_266,0.52494055,0,0.12188467,0.081414724,0.48327596,0.099365484,0.17516282
1aiq_UMP_A_265,0.97899523,0.65387889,0.12553761,0.090403805,0.48268825,0.10425775,0.19520743
1aj8_CIT_A_1000,0,0.65363387,0.12257406,0.093207869,0.48261345,0.12037234,0.19763952
1aj8_CIT_B_2000,0.060059918,0.6536489,0.12275587,0.093035844,0.48261804,0.11938373,0.19749031
1amq_PMP_A_413,0,0.65363387,0.12257406,0.093207869,0.48261345,0.12037234,0.19763952
1anc_BEN_A_290,0,0.65363387,0.12257406,0.093207869,0.48261345,0.12037234,0.19763952
1anc_BEN_A_384,0.010602554,0.8829061,0.10404965,1.1252651e-17,4.0040124e-06,0.12046454,0.18588718
1aog_MAE_A_500,0,0.65363387,0.12257406,0.093207869,0.48261345,0.12037234,0.19763952
1aua_BOG_A_1,0,0.65363387,0.12257406,0.093207869,0.48261345,0.12037234,0.19763952
1aua_BOG_A_2,0.15718129,0,0.1207715,0.082469232,0.48324778,0.10542092,0.17607867
1axg_ETF_B_404,0.99135464,0.98447323,0.14669528,0.096978419,0.9805795,0.11447272,0.22559374
1axg_ETF_C_404,0.99069673,0.96246439,0.14429378,0.096470312,0.92264914,0.11358278,0.22258986
1axg_ETF_D_404,0.41097855,0.97108532,0.14413169,0.098378105,0.96158857,0.12361603,0.22585475
1bqp_MAN_B_401,0.97770897,0.96333196,0.14723387,0.096730838,0.99689744,0.11443383,0.22558818
1bqp_MAN_C_402,0,0.97204432,0.14358823,0.099620578,0.97895466,0.13054578,0.22759717
1c3s_SHH_A_952,0.96309139,0.90306974,0.12635811,0.09437186,0.4824498,0.10923342,0.20331822
1c9c_PP3_A_413,0,0.65363387,0.12257406,0.093207869,0.48261345,0.12037234,0.19763952
1ca7_ENO_A_501,0,0.90604403,0.14311689,0.09856482,0.97297985,0.12924711,0.22522154
1ca7_ENO_B_601,0.97789674,0.95974611,0.14684362,0.096647216,0.98746204,0.11428401,0.22509815
1ca7_ENO_C_701,0.97770249,0.90243739,0.14546953,0.095663134,0.95822014,0.11295844,0.22208409
1cdk_MYR_A_403,0.97867701,0,0.14186012,0.081424207,0.94718211,0.095776188,0.19239484
1cdk_MYR_B_403,0.9745238,0.88011681,0.14043527,0.094972528,0.83482987,0.11155678,0.21648629
1cgk_NAR_A_390,0,0,0.12029579,0.082919875,0.48323573,0.10800871,0.17647006
1cq1_BGC_A_455,0.11433033,0.96862762,0.10470147,0.096476567,0.0005490441,0.12041808,0.1884883
1cq1_BGC_B_455,0.66765475,0.94477314,0.10596769,0.094396204,0.00039786642,0.11067074,6.5070003e-05
1d6u_HY1_A_2001,0.99426473,0.99667157,0.14734452,0.097204176,0.99548726,0.11478025,0.22657173
1d6u_HY1_B_3001,0.99514332,0.99613863,0.14638355,0.097125529,0.97149502,0.11455509,0.22560295
1d7a_AIR_B_350,0.52510227,0.65376529,0.12416362,0.091703858,0.48265357,0.11172898,0.19633502
1d7a_AIR_C_400,0,0.65363387,0.12257406,0.093207869,0.48261345,0.12037234,0.19763952
1d7a_AIR_D_450,0.97994517,0.65387913,0.12554049,0.090401085,0.48268832,0.10424212,0.19520507
1dai_DSD_A_225,0.89260721,0.65385727,0.1252761,0.09065124,0.48268165,0.10567973,0.19542204
1diw_GAL_A_1400,0,0.97379023,0.10438836,0.096886659,0.0009117094,0.12240114,0.18895491
1dna_CB3_A_601,0,0,0.12029579,0.082919875,0.48323573,0.10800871,0.17647006
1dna_CB3_B_602,0.52494055,0,0.12188467,0.081414724,0.48327596,0.099365484,0.17516282
1dpm_EBP_A_900,0,0.74387868,0.12288846,0.094627598,0.48252753,0.1220785,0.20056087
1dpm_EBP_A_901,0.00036292408,0.9780366,0.10436803,0.096949899,5.190402e-06,0.12246793,0.18905577
1dpm_EBP_B_903,0,0.97920817,0.10437084,0.096969367,7.1840838e-10,0.12249603,0.18909444
1duc_DUD_A_201,0.49790609,0.65375848,0.12408129,0.091781753,0.48265149,0.11217664,0.19640259
1dxy_COI_A_404,0.96684591,0.94556853,0.10740931,0.093684117,0.0057999504,0.10598979,0.18582411
1e26_GPB_A_208,0.61697191,0.65378828,0.12444172,0.091440722,0.48266059,0.11021678,0.19610679
1e2s_CSN_P_701,0.89353797,0.65428485,0.10711769,0.089374165,0.029593188,0.10188187,0.17750229
1e48_13P_P_302,0.85673679,0,0.13688782,0.081449593,0.83234214,0.096823622,0.18815478
1e5f_PLP_B_405,0.39337695,0,0.14200393,0.083338057,0.99235377,0.40030985,0.19592985
1e7h_PLM_A_1001,0.96268238,0.65372964,0.13165806,0.090883478,0.63660115,0.10581129,0.20133496
1e8g_FCR_B_601,0.99606219,0.97599423,0.11004465,0.094251134,0.066671352,0.10659337,0.189146
1e8m_P0H_A_724,0.97430306,0.65412466,0.11502916,0.089680843,0.22087112,0.10214929,0.18486571
1ei6_PPF_A_410,0.97993212,0.83340009,0.12407499,0.093079769,0.43038769,0.10720222,0.19895579
1ei6_PPF_D_412,0.99636031,0.6534201,0.14527299,0.09173525,0.97372118,0.10807137,0.21458289
1eow_U2G_A_130,0,0,0.12029579,0.082919875,0.48323573,0.10800871,0.17647006
1euu_GAL_A_2,0.052775123,0.74695083,0.12305889,0.094524642,0.48252865,0.12126774,0.20052896
1eyw_PEL_A_404,0.0035114931,0.96758981,0.11044694,0.097206502,0.15232892,0.12349206,0.19473641
1eyw_TEN_A_403,0.98636349,0,0.11737555,0.079676007,0.33580396,0.090537747,0.16818489
1f5f_DHT_A_253,0.98975694,0.65339585,0.14621313,0.091821538,0.99767391,0.10838003,0.21554654
1fhv_OSB_A_789,0.9865647,0.94487042,0,0.093582644,0,0.10556474,0.18533679
1fk1_DAO_A_201,0.94505784,0.65387039,0.12543488,0.09050101,0.48268566,0.10481638,0.19529174
1fm8_DDC_A_501,1.2272612e-05,0.99245385,0.10441741,0.097177827,6.0014969e-08,0.12274643,0.18952374
1foi_14W_A_810,0,0.99540042,0.10442781,0.09722425,2.4001213e-06,0.1228024,0.18961937
1fp2_HMO_A_2000,0,0.65363387,0.12257406,0.093207869,0.48261345,0.12037234,0.19763952
1fqo_F6R_A_1268,0.93841667,0.65386873,0.12541478,0.090520031,0.48268515,0.10492569,0.19530824
1fqo_F6R_B_2268,0.94851056,0.65387126,0.12544533,0.09049112,0.48268592,0.10475954,0.19528316
1fs5_16G_A_1267,0.22979798,0.97451995,0.12438781,0.097598768,0.48232557,0.12265755,0.20745808
1fs5_16G_B_2267,0.017154785,0,0.12034771,0.082870692,0.48323704,0.10772628,0.17642734
1fsa_F6P_A_338,0.98133986,0.65387948,0.12554471,0.09039709,0.48268843,0.10421916,0.19520161
1fsa_F6P_B_338,0.96123392,0.65387444,0.12548385,0.090454678,0.48268689,0.10455011,0.19525156
1fuq_CIT_A_1001,0.7328087,0.65381727,0.12479237,0.091108939,0.48266944,0.10831007,0.19581903
1fuy_FIP_A_269,0,0.97591356,0.13733813,0.099240311,0.82269911,0.12931249,0.22153992
1fwn_PEP_A_1268,0,0.97246389,0.14112766,0.099453773,0.91753597,0.13004018,0.22518058
1fwn_PEP_B_2268,0.9953144,0.96362355,0.14270375,0.096362057,0.882534,0.11319327,0.22102866
1g4s_TPS_A_2001,0.52510227,0.65376529,0.12416362,0.091703858,0.48265357,0.11172898,0.19633502
1g4s_TPS_B_2002,0,0.98254196,0.10468787,0.09734169,0,0.98878813,0.19005729
1g6n_CMP_B_622,0,0.99243928,0.12375477,0.098539632,0.48229089,0.1267798,0.20861061
1g6t_S3P_A_601,0.99198286,0.96177999,0.12425484,0.98003328,0.41918545,0.10966547,0.20320063
1g72_PQQ_C_703,7.0264733e-06,0.65363387,0.12257408,0.093207849,0.48261345,0.12037222,0.1976395
1g79_PLP_A_260,8.7059167e-05,0.90095242,0.12343618,0.097099494,0.482378,0.12504798,0.20564756
1g79_PLP_A_270,3.2833526e-06,0.65363387,0.12257407,0.093207859,0.48261345,0.12037229,0.19763951
1g8z_GAL_D_104,0.94144543,0.97509055,0.10721323,0.094205937,0.00023796911,0.10692003,0.18662421
1g8z_GAL_F_104,0.98978258,0.97660964,0.14617872,0.096825046,0.9685009,0.11424883,0.22486486
1g8z_GAL_G_104,0.99236488,0.95916607,0.13008605,0.095413377,0.56838283,0.1105308,0.20846132
1g8z_GAL_H_104,0.96352562,0.96128231,0.10724925,0.093926528,0.00068052065,0.10629895,0.18613914
1gck_PLP_A_413,0,0.65363387,0.12257406,0.093207869,0.48261345,0.12037234,0.19763952
1gey_PPE_A_413,0,0.65363387,0.12257406,0.093207869,0.48261345,0.12037234,0.19763952
1gij_2PU_A_501,0.89587387,0.65385809,0.12528599,0.090641884,0.4826819,0.10562596,0.19541393
1gim_HDA_A_438,0,0.65363387,0.12257406,0.093207869,0.48261345,0.12037234,0.19763952
1giu_ADE_A_300,0.98646955,0,0.11013973,0.079166039,0.1552893,0.089026672,0.16104209
1gkc_NFH_A_1448,0.99085417,0.97566059,0.14674978,0.096847262,0.98274896,0.11433237,0.22539519
1gkc_NFH_B_1449,0.96347199,0.93849705,0.14470869,0.09621206,0.93715389,0.11369883,0.22245479
1gsi_TMP_A_1210,0.97981491,0,0.11693072,0.079664847,0.32520119,0.090556912,0.16778169
1gsq_GDN_A_203,0.73101184,0.65381682,0.12478693,0.091114086,0.4826693,0.10833964,0.19582349
1gxu_2HP_A_1092,0.98786244,0.62895653,0.1254777,0.08998664,0.48271266,0.10364099,0.19437927
1gz5_G6P_A_901,0.70041485,0.64879478,0.12464174,3.2465722e-59,0.48177707,0.10873662,0.19570098
1gz5_G6P_B_901,0,0.65363387,0.12257406,0.093207869,0.48261345,0.12037234,0.19763952
1gz5_G6P_C_901,0,0.65363387,0.12257406,0.093207869,0.48261345,0.12037234,0.19763952
1gz5_UDP_D_900,0,0.652084,1.0493254e-69,0.093135673,0.46534484,0.12020456,0.19690638
1h0v_UN4_A_1299,0,0.65363387,0.12257406,0.093207869,0.48261345,0.12037234,0.19763952
1h18_DTL_A_9009,0.99448401,0,0.10558198,0.078820337,0.040986001,0.087939001,0.15649941
1h18_DTL_B_9009,0.99240068,0.65388224,0.12557819,0.090365409,0.48268927,0.1040371,0.19517413
1h18_PYR_A_1001,0,0.65363387,0.12257406,0.093207869,0.48261345,0.12037234,0.19763952
1h18_PYR_B_1001,0,0.65363387,0.12257406,0.093207869,0.48261345,0.12037234,0.19763952
1h1i_QUE_B_1356,0.99406393,0.65388266,0.12558323,0.090360645,0.4826894,0.10400972,0.19517
1h1i_QUE_C_1358,0,0.65363387,0.12257406,0.093207869,0.48261345,0.12037234,0.19763952
1h1i_QUE_D_1357,0.99102434,0.6538819,0.12557403,0.090369351,0.48268917,0.10405975,0.19517755
1h1m_KMP_A_1360,0,0.65363387,0.12257406,0.093207869,0.48261345,0.12037234,0.19763952
1h1m_KMP_C_1358,0,0.65363387,0.12257406,0.093207869,0.48261345,0.12037234,0.19763952
1h48_C5P_A_203,0.99086604,0.65388186,0.12557355,0.090369805,0.48268916,0.10406236,0.19517794
1h48_C5P_C_901,0.97232855,0.65387722,0.12551743,0.0904229,0.48268774,0.10436749,0.19522399
1h48_C5P_D_204,0.98369946,0.65388007,0.12555185,0.090390331,0.48268861,0.10418032,0.19519575
1h48_C5P_E_901,0.98758089,0.65388104,0.1255636,0.090379214,0.48268891,0.10411643,0.1951861
1h48_C5P_F_901,0.9961927,0.65388319,0.12558967,0.090354548,0.48268956,0.10397468,0.19516471
1h48_CDI_A_201,0,0.65363387,0.12257406,0.093207869,0.48261345,0.12037234,0.19763952
1h48_CDI_B_902,0.90556716,0.65386051,0.12531534,0.09061412,0.48268264,0.1054664,0.19538985
1h48_CDI_C_902,0.89463906,0.65385778,0.12528226,0.09064542,0.48268181,0.10564628,0.195417
1h48_CDI_D_201,0,0.91815537,0.14390393,0.099099986,0.98409532,0.97648273,0.22689078
1h48_CDI_E_902,0.96100581,0.65387439,0.12548316,0.090455331,0.48268688,0.10455387,0.19525212
1h48_GPP_C_904,0.96648463,0.65387576,0.12549974,0.090439639,0.48268729,0.10446368,0.19523851
1h48_GPP_E_904,0,0.65363387,0.12257406,0.093207869,0.48261345,0.12037234,0.19763952
1h5r_G1P_A_1294,0.84403737,0.65384511,0.12512908,0.090790355,0.48267794,0.10647921,0.1955427
1h5r_G1P_C_1294,0,0.65363387,0.12257406,0.093207869,0.48261345,0.12037234,0.19763952
1h5r_G1P_D_1294,0,0.65363387,0.12257406,0.093207869,0.48261345,0.12037234,0.19763952
1h5r_THM_A_1292,0.99569826,0.65388307,0.12558818,0.090355964,0.48268953,0.10398282,0.19516594
1h5r_THM_B_1292,0.95763577,0.65387354,0.12547295,0.090464984,0.48268662,0.10460934,0.19526049
1h5r_THM_B_1293,0.98383148,0.6538801,0.12555225,0.090389953,0.48268862,0.10417815,0.19519542
1h69_ARH_C_1275,0,0.65363387,0.12257406,0.093207869,0.48261345,0.12037234,0.19763952
1h70_CIR_A_500,0,0,0.14046767,0.084340646,0.98628454,0.1122162,0.196381
1h7q_TYD_A_1258,0.55942237,0,0.12198889,0.081315997,0.48327861,0.09879855,0.17507708
1h82_GZZ_A_590,0,0.65363387,0.12257406,0.093207869,0.48261345,0.12037234,0.19763952
1h8p_PC_A_1110,0,0.65363387,0.12257406,0.093207869,0.48261345,0.12037234,0.19763952
1h8p_PC_A_1111,0.071628614,0.6536518,0.12279089,0.093002708,0.48261892,0.11919331,0.19746157
1h8p_PC_B_1110,0.98868054,0.91480008,0.12187845,0.094159265,0.36779961,0.10807494,0.19909589
1hdi_3PG_A_419,0.99369566,0.65430192,0.10776094,0.089111153,0.038082066,0.10030407,0.17758896
1hkn_N2M_C_4138,0.9783261,0.98289347,0.10734264,0.094222345,0,0.10645846,0.1867758
1hkn_N2M_D_5139,0.99528217,0.25884882,0.10485065,0.082776782,0,0.092480528,0.16326558
1ho5_ADN_B_2604,0.97807602,0.97888497,0.1073278,0.094159966,6.0170552e-09,0.10638674,0.18664649
1hot_16G_B_271,0.27312227,0.968443,0.12449775,0.097378912,0.48233467,0.12182933,0.2071534
1hsb_ALA_A_1001,0,0.65363387,0.12257406,0.093207869,0.48261345,0.12037234,0.19763952
1hsb_ALA_C_1,0,0,0.10093129,0.081555975,0,0.10396962,0.15735605
1hsr_BHO_A_800,0.99664928,0.99188539,0.10742975,0.094311356,2.819143e-06,0.10632693,0.18702169
1i8a_BGC_A_189,0.068665263,0.89975852,0.10489756,0.095564028,0.014920795,0.1199871,0.18693856
1ia1_TQ3_A_194,0.99704587,0,0.14389972,0.081511283,0.99667661,0.095887597,0.19430744
1ia1_TQ3_B_196,0,0.96735884,0.14431082,0.099598879,0.99739114,0.13061128,0.22817479
1ij8_BNI_A_501,0.74154892,0.65381946,0.12481883,0.091083905,0.48267011,0.1081662,0.19579731
1ij8_BNI_B_502,0.83194396,0.65384209,0.12509247,0.090824993,0.48267701,0.10667827,0.19557275
1iki_DAL_A_500,0.63914911,0,0.10286459,0.079723442,6.2995826e-06,0.093446641,0.15576347
1iki_REY_A_400,0.85864645,0,0.1228945,0.080458114,0.48330154,0.093872216,0.174332
1iri_E4P_B_602,0.98966565,0.65388156,0.12556991,0.090373243,0.48268907,0.10408212,0.19518092
1iri_E4P_C_603,0.99298605,0.96082443,0.12111267,0.095056029,0.323562,0.10898971,0.69132489
1isx_XYP_A_1461,0.032025759,0.96506034,0.14355192,0.099411171,0.97624465,0.12986371,0.22718376
1isx_XYP_B_961,0.94605276,0.97208371,0.14630258,0.096898345,0.97528673,0.11493992,0.22509565
1itw_ICT_B_744,0,0.65363387,0.12257406,0.093207869,0.48261345,0.12037234,0.19763952
1itw_ICT_C_743,0.99213665,0.65429246,0.10814158,0.08914266,0.047695722,0.10040999,0.17797302
1itw_ICT_D_743,0.98668586,0.65433507,0.10625639,0.089027142,0.0010759672,0.10011051,0.17614296
1iwe_IMP_B_1443,0.97852813,0.65387877,0.1255362,0.090405143,0.48268821,0.10426544,0.19520859
1iwe_IMP_B_1452,0,0.65363387,0.12257406,0.093207869,0.48261345,0.12037234,0.19763952
1ixo_G3P_A_1001,0.86584543,0.65385057,0.12519509,0.090727892,0.48267961,0.10612024,0.19548853
1ixo_G3P_B_1002,0.83841247,0,0.13640145,0.081471778,0.82159133,0.097035425,0.18777506
1ixo_G3P_D_1004,0,0,0.12029579,0.082919875,0.48323573,0.10800871,0.17647006
1j0n_CEG_A_780,0,0,0.10093161,0.081555998,8.1131681e-06,0.10396969,0.15735637
1j0y_BGC_A_1601,0.99715808,0.97425925,0.14706521,0.096828351,0.99026507,0.11426491,0.22563146
1j0y_BGC_B_2601,0.9543416,0.98244992,0.14398865,0.096870443,0.91602912,0.1145041,0.2230663
1j0y_BGC_C_3601,0.99731894,0.97767278,0.14725604,0.096894183,0.99471414,0.11436404,0.22591774
1j0y_BGC_D_4601,0.99550916,0.9816682,0.14729395,0.096964329,0.99544638,0.11447555,0.22608072
1j3i_UMP_D_711,0.98312368,0,0.14303968,0.081493591,0.97627229,0.095946208,0.19353479
1j3i_WRA_A_609,0.52510227,0.65376529,0.12416362,0.091703858,0.48265357,0.11172898,0.19633502
1j3i_WRA_B_709,0.52510227,0.65376529,0.12416362,0.091703858,0.48265357,0.11172898,0.19633502
1j3k_UMP_D_711,0.9814067,0,0.1437164,0.081546543,0.99328345,0.096116711,0.19421216
1j3k_WRA_A_609,0.97624103,0.9934278,0.14656602,0.097142924,0.97867757,0.1148525,0.19799587
1j3k_WRA_B_709,0.98990463,0.65388162,0.12557064,0.090372558,0.48268908,0.10407818,0.19518033
1j54_TMP_A_2000,0.98734221,0.65343947,0.14432636,0.091696568,0.95078537,0.10802833,0.2136983
1ja9_PYQ_A_406,0,0.65363387,0.12257406,0.093207869,0.48261345,0.12037234,0.19763952
1jho_RMB_A_990,0.95681204,0.65387334,0.12547046,0.090467343,0.48268656,0.1046229,0.19526254
1jhv_NIO_A_991,0.74166281,0.99598565,0.14631007,0.097898752,0.98879985,0.11887022,0.22691441
1jhv_PCR_A_990,0.99831,0.99501148,0.107664,0.094371173,0.0054470704,0.10640426,0.18733429
1jl0_PUT_A_401,0.045505925,0.90215522,0.14138032,0.09824209,0.92656634,0.12803624,0.22314562
1jl0_PUT_B_401,0.98213682,0.92266115,0.14637302,0.096026443,0.97865221,0.1134389,0.22353699
1jtk_THU_A_138,0,0.65363387,0.12257406,0.093207869,0.48261345,0.12037234,0.19763952
1jtk_THU_B_1138,0.98802818,0.65388115,0.12556496,0.090377933,0.48268894,0.10410907,0.19518499
1jw0_GUA_B_999,0,0.65363387,0.12257406,0.093207869,0.48261345,0.12037234,0.19763952
1jyw_147_A_2001,0.98575778,0.65420895,0.11160342,0.08940521,0.13454226,0.10124003,0.18142329
1jyx_IPT_A_2001,0,0.65363387,0.12257406,0.093207869,0.48261345,0.12037234,0.19763952
1jyx_IPT_A_2002,0.00063031565,0.65363403,0.12257597,0.093206063,0.4826135,0.12036196,0.19763795
1jyx_IPT_C_2001,0,0.65363387,0.12257406,0.093207869,0.48261345,0.12037234,0.19763952
1k5s_GRO_B_601,0,0.96654426,0.14037405,0.099308979,0.89925485,0.12977533,0.22426537
1k8z_IAG_A_501,0.99442625,0.96225639,0.10754557,0.093867311,0.0056558862,0.10585022,0.18629057
1kae_HSO_A_1001,0.97038463,0.65387673,0.12551155,0.090428468,0.48268759,0.10439949,0.19522882
1kar_HSM_A_502,0.0014684532,0,0.12030024,0.082915665,0.48323584,0.10798453,0.1764664
1kar_HSM_B_503,0.0036272461,0.97095689,0.10435298,0.096829097,3.8082026e-06,0.12228023,0.18881811
1kbq_936_B_704,0.99325856,0.98518428,0.10739589,0.094215593,1.1322975e-06,0.10625596,0.18681288
1kbq_936_C_701,0.99192282,0.9607106,0.12664626,0.095196395,0.48239713,0.10984897,0.20511315
1kdo_C_A_5407,0.96351685,0.97707829,0.14693888,0.096966751,0.98940465,0.11486492,0.22577262
1kdo_C_B_6407,0.96329766,0.65387496,0.12549009,0.090448767,0.48268705,0.10451614,0.19524643
1kep_TDX_A_3500,0.14504393,0.65367017,0.12301313,0.09279243,0.48262453,0.11798487,0.19727919
1ki2_GA2_A_1,0.95137752,0.64672427,0.12530655,0.090356375,0.47950667,0,0.19491398
1ki2_GA2_B_2,0.98928761,0.65388146,0.12556877,0.090374326,0.48268904,0.10408834,0.19518186
1klk_PMD_A_653,0.99428941,0.65388272,0.12558391,0.090359999,0.48268942,0.10400601,0.19516944
1klz_U_A_2001,0.96733147,0,0.14266364,0.081515749,0.96808301,0.09613774,0.19325011
1km6_OMP_A_2001,0.97817557,0,0.12325626,0.080115421,0.48331071,0.091904326,0.17403437
1knu_YPA_A_1001,0.98339956,0.72652695,0.12580426,0.091535072,0.48261943,0.10555992,0.19755024
1kuj_MMA_A_501,0.97735509,0.94941724,0.14714534,0.096510108,0.99593486,0.11416835,0.22509996
1kuj_MMA_C_502,0.99014569,0.94943352,0.14655677,0.096429508,0.98028587,0.11382723,0.22444942
1kuj_MMA_G_504,0,0.96582449,0.14422779,0.099569258,0.99545417,0.13056606,0.22804842
1kwc_BPY_B_401,0.99651389,0.99116452,0.10754845,0.094308965,0.0030372542,0.10634089,0.18711873
1kwu_MMA_B_601,0.017913055,0.93323504,0.14180351,0.098838416,0.93648164,0.12916146,0.22461407
1kwu_MMA_C_701,0.01853816,0.93401632,0.13988067,0.098713164,0.88839844,0.12876392,0.2227353
1kya_XYD_B_612,0.9916317,0.9752551,0.1469743,0.096854399,0.98832672,0.11435853,0.22560081
1kya_XYD_D_814,0.015163434,0.97004199,0.14419984,0.099585926,0.99324334,0.13037771,0.22805985
1l4f_150_A_990,0.99368633,0.98467331,0.10831594,0.094271161,0.022965378,0.10643126,0.18770389
1l4f_NCN_A_991,0.9681295,0.65387617,0.12550472,0.090434927,0.48268742,0.10443661,0.19523443
1l5o_2MP_A_990,0.99710042,0.99368906,0.10800594,0.094378494,0.014184438,0.10647221,0.18764016
1lc8_33P_A_800,0.52494055,0,0.12188467,0.081414724,0.48327596,0.099365484,0.17516282
1ldo_SNR_A_150,0,0.94881019,0.12360271,0.097852965,0.48233243,0.1259546,0.20719767
1ldo_SNR_B_350,0.98395114,0.97356556,0.10732689,0.09405939,0,0.10618937,0.18645944
1lfw_AEP_A_683,0,0.65363387,0.12257406,0.093207869,0.48261345,0.12037234,0.19763952
1lo3_AN1_Y_500,0.99192112,0.97975166,0.10737272,0.094133912,0,0.10617519,0.18664008
1lqp_FCN_B_4001,0,0,0.12029579,0.082919875,0.48323573,0.10800871,0.17647006
1lqp_FCN_B_4003,0,0,0.12029579,0.082919875,0.48323573,0.10800871,0.17647006
1lro_PEP_A_1268,0,0.97226163,0.1229016,0.098166921,0.46288175,0.12623487,0.20718443
1lro_PEP_B_2268,0.0035607623,0.9731796,0.11349015,0.097507298,0.22775219,0.12422764,0.19790179
1lti_GAL_D_104,0.99229857,0.6534064,0.14579979,0.091784713,0.98717018,0.10825051,0.21512484
1lti_GAL_E_104,0.99412383,0.65371094,0.13288227,0.090872649,0.66476972,0.10552891,0.20237073
1lti_GAL_H_104,0.98568147,0.95699148,0.14692049,0.096585974,0.98903389,0.11411686,0.22505166
1luq_BTN_A_5100,0.99249329,0,0.12329959,0.080074372,0.4833118,0.091668603,0.17399872
1luq_BTN_B_5200,0.98717775,0.96500406,0.12664687,0.095277573,0.48239268,0.1100083,0.20526401
1lzz_IHG_B_1830,0.87990769,0.9348825,0.12673966,0.095147838,0.4955154,0.11131361,0.20507129
1m3u_KPL_A_265,0.42182256,0.65373944,0.12385098,0.091999674,0.48264568,0.113429,0.1965916
1m3u_KPL_B_265,0.5774203,0.65377838,0.12432199,0.091554007,0.48265757,0.11086781,0.19620505
1m3u_KPL_E_265,0.99436588,0.65388274,0.12558414,0.09035978,0.48268942,0.10400475,0.19516925
1m3u_KPL_F_265,0.27282851,0.65370215,0.12339995,0.092426426,0.48263429,0.11588149,0.19696174
1m3u_KPL_G_265,0.41429981,0.65373756,0.1238282,0.09202122,0.4826451,0.11355283,0.19661029
1m3u_KPL_I_265,0.23320502,0.65369224,0.12328,0.092539917,0.48263127,0.11653371,0.19706017
1m3u_KPL_J_265,0.99584105,0.6538831,0.12558861,0.090355555,0.48268954,0.10398047,0.19516558
1m9j_CLW_A_906,0.0010600658,0,0.10093464,0.081552946,3.6529426e-06,0.1039522,0.15735355
1ml4_PAL_A_385,0.98836746,0.65339958,0.14603561,0.091813356,0.99335002,0.10836681,0.215379
1mmx_FUC_A_348,0.12276465,0.6536646,0.12294569,0.092856243,0.48262283,0.11835159,0.19733454
1mmx_FUC_B_348,0.084803449,0.65365509,0.12283077,0.092964972,0.48261993,0.11897645,0.19742884
1mmy_G6D_A_348,0.060535724,0.65364902,0.12275731,0.093034481,0.48261807,0.1193759,0.19748913
1mmy_G6D_B_348,0,0.65363387,0.12257406,0.093207869,0.48261345,0.12037234,0.19763952
1mrj_ADN_A_300,0.99255623,0.98721051,0.10740084,0.094249498,0,0.10630585,0.18688026
1mrq_STR_A_501,0.98824881,0.6538812,0.12556562,0.090377301,0.48268896,0.10410544,0.19518444
1msv_PUT_A_355,0,0.65363387,0.12257406,0.093207869,0.48261345,0.12037234,0.19763952
1msv_PUT_B_355,0.93965909,0.91313909,0.14386059,0.095832796,0.92001553,0.11346783,0.2210141
1mvc_BM6_A_200,0.99246354,0.99215841,0.14734778,0.09714003,0.99609982,0.11472963,0.22645418
1n1i_HIS_C_501,0.8243796,0,0.10348181,0.079196369,0.0014285187,0.090408873,0.15535813
1n3o_GYP_A_1001,0,0.65363387,0.12257406,0.093207869,0.48261345,0.12037234,0.19763952
1n3o_GYP_B_1101,0.042341654,0.65364447,0.12270224,0.093086593,0.48261668,0.11967538,0.19753433
1n5i_TMP_A_217,0.98863951,0,0.14357358,0.081514205,0.98917489,0.095963276,0.19403157
1ne4_RP1_A_401,0.9695519,0.97117567,0.14712434,0.096869773,0.99409321,0.11469309,0.22575178
1nf0_13P_A_5001,0.99053029,0.65388178,0.12557253,0.090370766,0.48268913,0.10406788,0.19517878
1nf0_13P_B_1150,0,0.65363387,0.12257406,0.093207869,0.48261345,0.12037234,0.19763952
1njr_XYL_A_285,0.9371685,0.83104973,0.10668726,0.091950403,6.1466915e-05,0.10426375,0.18195919
1nme_159_B_9002,0.97329797,0.96439468,0.10726249,0.093945581,8.3719521e-07,0.10619126,0.18618877
1nmm_NAG_B_403,0.98559406,0.65388054,0.12555759,0.090384905,0.48268875,0.10414914,0.19519104
1nmm_NAG_D_527,0.97095362,0.65387688,0.12551327,0.090426838,0.48268764,0.10439012,0.19522741
1nmz_NYM_A_301,0.97243404,0,0.12323888,0.080131882,0.48331027,0.091998853,0.17404867
1now_IFG_A_557,0.93767286,0.98300879,0.14671041,0.097122146,0.98513541,0.11536693,0.22586033
1now_IFG_B_558,0.98726233,0.98739446,0.14716907,0.097069654,0.99245148,0.11469463,0.22616837
1ns4_BGC_A_1400,0.071644719,0.6536518,0.12279094,0.093002662,0.48261892,0.11919304,0.19746153
1ns4_BGC_B_2400,0,0.65363387,0.12257406,0.093207869,0.48261345,0.12037234,0.19763952
1nsm_GAL_A_1400,0.018743792,0.63402304,0.10354168,0.091502389,0.014965331,0.11571565,0.0082771604
1nsm_GLA_B_2400,0.019248487,0.65363869,0.12263233,0.093152737,0.48261492,0.1200555,0.1975917
1nuw_F6P_A_2336,0,0.65363387,0.12257406,0.093207869,0.48261345,0.12037234,0.19763952
1nux_F6P_A_2339,0.9712401,0.65387695,0.12551414,0.090426018,0.48268766,0.10438541,0.1952267
1o28_UFP_B_708,0.52510227,0.65376529,0.12416362,0.091703858,0.48265357,0.11172898,0.19633502
1o28_UFP_C_713,0.52510227,0.65376529,0.12416362,0.091703858,0.48265357,0.11172898,0.19633502
1o28_UFP_D_718,0.52510227,0.65376529,0.12416362,0.091703858,0.48265357,0.11172898,0.19633502
1o29_UFP_A_803,0.00012005399,0,0.12029616,0.08291953,0.48323574,0.10800673,0.17646976
1o29_UFP_C_813,0.0001942159,0,0.12029638,0.082919318,0.48323574,0.10800551,0.17646957
1o2i_655_A_246,0.99334405,0,0.13926133,0.08119599,0.88124563,0.094983396,0.18974933
1o68_KIV_B_275,0.9921679,0.97842617,0.13767962,0.096247225,0.75614116,0.11246834,0.21651522
1o68_KIV_D_275,0.92939119,0.99160496,0.14659523,0.097272725,0.9821337,0.11564082,0.22604082
1o68_KIV_E_275,0.9968964,0.9215331,0.14507428,0.095872029,0.9452387,0.11289517,0.22214155
1o6g_SIN_A_724,0.96743382,0.91780026,0.13684272,0.095325172,0.74244214,0.11161399,0.2140698
1o8a_NXA_A_702,0.98983562,0,0.14364677,0.081515676,0.99091045,0.095958095,0.19409726
1okm_SAB_A_555,0.99019112,0.65388169,0.1255715,0.090371738,0.48268911,0.10407347,0.19517962
1om5_INE_A_790,0.00020521086,0.65363392,0.12257468,0.093207281,0.48261346,0.12036896,0.19763901
1om5_INE_B_791,0.17961588,0.65367882,0.12311778,0.092693408,0.48262717,0.1174158,0.1971933
1opr_ORO_A_220,0.99831537,0,0.11297235,0.079329063,0.22505904,0.089415003,0.16377319
1ov5_2LP_A_403,0.99352793,0.99478198,0.14730752,0.097174563,0.99478527,0.11475076,0.22648455
1ovk_NYL_A_405,0.95630158,0.65387321,0.12546892,0.090468805,0.48268652,0.1046313,0.19526381
1owz_4FA_A_409,0.98487937,0.97461893,0.14701479,0.096868193,0.98990214,0.11447084,0.22565936
1oxp_IK2_A_411,0.96819645,0.65433144,0.10615766,0.0890771,8.2486259e-06,0.10040595,0.17614671
1p1w_AMQ_A_428,0.99363753,0,0.12330305,0.080071091,0.48331189,0.091649765,0.17399587
1p1w_AMQ_B_427,0.99633263,0,0.12331121,0.080063364,0.4833121,0.091605393,0.17398916
1p2s_ETF_A_400,0,0.7009665,0.12273889,0.093952214,0.48256838,0.12126686,0.19917115
1p7c_THM_B_501,0.98834238,0.65340559,0.1457802,0.09179551,0.98697997,0.10831404,0.21512716
1p7l_MET_A_485,0.98409624,0.65433539,0.10620723,0.08903166,4.4855776e-05,0.10014453,0.17610862
1p7l_MET_B_385,0.97969341,0.65433433,0.10619213,0.089044147,6.4489877e-07,0.10021663,0.17611782
1p7l_PPK_C_684,0.98636298,0,0.12328104,0.080091947,0.48331133,0.091769531,0.17401399
1p7l_PPK_D_884,0.0071423959,0.8086712,0.1231359,0.095626874,0.48246639,0.12318641,0.20264142
1pfw_MF3_A_553,0.98994574,0.99201225,0.14498039,0.096978778,0.93724513,0.11427622,0.22412697
1pi3_TZD_A_530,0.88033853,0.6538542,0.12523897,0.09068638,0.48268071,0.10588168,0.19545252
1pke_2FD_A_446,0,0,0.12029579,0.082919875,0.48323573,0.10800871,0.17647006
1pke_2FD_B_447,0,0,0.12029579,0.082919875,0.48323573,0.10800871,0.17647006
1pke_2FD_C_448,0.99291476,0,0.12330087,0.080073163,0.48331183,0.091661664,0.17399767
1pl6_572_A_405,0.66601137,0.95325612,0.1256339,0.096013467,0.48237925,0.11507368,0.20568326
1pl6_572_B_407,0.62174352,0.94468091,0.12547004,0.096005421,0.48238402,0.1156403,0.20551578
1pl6_572_C_409,0,0.958854,0.12363772,0.098011042,0.48232287,0.12614457,0.20752294
1poc_GEL_A_420,0.78301201,0.65382984,0.12494434,0.090965146,0.48267328,0.1074837,0.19569431
1pr0_NOS_A_1245,0,0,0.12029579,0.082919875,0.48323573,0.10800871,0.17647006
1pr0_NOS_B_1246,0,0,0.12029579,0.082919875,0.48323573,0.10800871,0.17647006
1pr0_NOS_C_1247,0.97562186,0,0.14344509,0.081545252,0.98695175,0.096159012,0.19397604
1pr6_XYA_A_1245,0.98852205,0,0.12328757,0.080085757,0.4833115,0.091733984,0.17400861
1pr6_XYA_C_1247,0.95218787,0,0.12317761,0.080189928,0.48330871,0.092332179,0.17409908
1pvc_ILE_0_7,0,0.65363387,0.12257406,0.093207869,0.48261345,0.12037234,0.19763952
1pwz_RSO_A_256,0.99704689,0.65433786,0.10627926,0.08899687,0.00086467767,0.099938195,0.17610884
1pym_OXL_A_1001,0.99587261,0.87602299,0.10702032,0.092489823,1.8353189e-09,0.1041476,0.18326815
1pzy_NAG_B_405,0.96747266,0.96923682,0.14689813,0.096830206,0.98877682,0.11464619,0.22548376
1pzy_NAG_D_406,0.98454775,0.65343506,0.14447598,0.091715665,0.95472897,0.10810726,0.2138612
1q20_PLO_A_401,4.5957738e-07,0.65363387,0.12257406,0.093207867,0.48261345,0.12037233,0.19763952
1q3a_NGH_A_480,0.99064438,0.85950608,0.13804905,0.094435477,0.7758924,0.11040862,0.21344606
1q3a_NGH_B_479,0.96675714,0.65387583,0.12550057,0.090438858,0.48268732,0.1044592,0.19523783
1q4g_BFL_A_701,0.98606175,0.9863461,0.14702051,0.097046646,0.98892805,0.1146651,0.22599797
1q4g_BFL_B_1701,0.9911122,0.9888112,0.14708321,0.097073698,0.98989504,0.11463667,0.22610355
1q6r_LX1_A_7301,0.99215021,0,0.10634291,0.07888112,0.060144459,0.088137614,0.15726328
1q6r_LX1_B_9301,0.98713275,0,0.10505105,0.078805585,0.028295898,0.087953928,0.15601561
1q92_DRM_A_1001,0.98807652,0.65388116,0.1255651,0.090377794,0.48268894,0.10410827,0.19518487
1qit_MAE_A_411,0,0.85142394,0.10392283,0.094958017,2.0989431e-05,0.12007855,0.18495349
1qmh_CIT_A_401,0,0.65363387,0.12257406,0.093207869,0.48261345,0.12037234,0.19763952
1r4f_AD3_B_330,0,0.65363387,0.12257406,0.093207869,0.48261345,0.12037234,0.19763952
1r4s_MUA_A_800,0.082806303,0.97175427,0.14421397,0.099405098,0.98834243,0.12925545,0.22775286
1rf2_BV4_E_105,0,0.92698486,0.12121088,0.097346353,0.42467202,0.12505876,0.20420503
1rf2_BV4_H_108,0.022685385,0.95181606,0.1357341,0.09868411,0.78308449,0.12815185,0.21913487
1rnd_DGP_A_126,0,0,0.12029579,0.082919875,0.48323573,0.10800871,0.17647006
1rum_BEZ_H_1601,0.98712959,0.65433016,0.1064709,0.08904083,0.0063939891,0.1001476,0.17635216
1rvt_NDG_H_742,0,0,0.10093131,0.081555977,4.6338268e-07,0.10396963,0.15735607
1rvz_NAG_A_3321,2.3336708e-05,0.65363388,0.12257413,0.093207802,0.48261345,0.12037195,0.19763946
1rvz_NAG_F_3331,8.6951221e-05,0.65363389,0.12257432,0.09320762,0.48261346,0.12037091,0.1976393
1s1f_PIM_A_431,0,0.65363387,0.12257406,0.093207869,0.48261345,0.12037234,0.19763952
1s3u_TQD_A_187,0.5475266,0.98836486,0.12539767,0.096905734,0.48233674,0.11768843,0.20711531
1s3v_TQD_A_187,0.87342551,0.65385247,0.12521804,0.090706181,0.48268018,0.10599547,0.1954697
1s5s_PG3_A_1,0.97213715,0.65355686,0.13912995,0.091378707,0.82229427,0.10720592,0.20865483
1s6h_4BZ_A_1,0.99692146,0.65342344,0.14513886,0.091724111,0.97033242,0.10803384,0.21444749
1s83_4HA_A_5,0.97650847,0.96651693,0.14659659,0.096702723,0.9817371,0.0084111264,0.22499062
1sep_BIO_A_801,0,0.65363387,0.12257406,0.093207869,0.48261345,0.12037234,0.19763952
1sff_IK2_B_450,0,0.65363387,0.12257406,0.093207869,0.48261345,0.12037234,0.19763952
1sff_IK2_C_450,0.98606622,0.65388066,0.12555902,0.090383552,0.48268879,0.10414136,0.19518987
1sjc_SMG_A_1000,0.93247286,0.93730527,0.12638476,0.094998469,0.48241486,0.11038505,0.20450319
1sjc_SMG_B_1100,0.97844694,0.93954584,0.12653171,0.094901924,0.48241625,0.10967052,0.20446128
1sjc_SMG_D_1300,0,0.95002002,0.12360693,0.097872006,0.48233128,0.12597748,0.20723685
1sqk_LAR_A_378,0,0,0.12029579,0.082919875,0.48323573,0.10800871,0.17647006
1syf_THP_A_180,0,0,0.12029579,0.082919875,0.48323573,0.10800871,0.17647006
1sz6_NAG_A_5003,0,0.65363387,0.12257406,0.093207869,0.48261345,0.12037234,0.19763952
1sz6_NAG_B_5002,0,0.65363387,0.12257406,0.093207869,0.48261345,0.12037234,0.19763952
1sz6_NAG_B_5004,6.220312e-05,0,0.10093149,0.081555798,2.4218257e-07,0.1039686,0.15735591
1t87_CAM_B_2422,0.081808415,0.97759823,0.10592017,0.096801562,0.032618709,0.12139139,0.19012903
1t93_FLV_A_431,0.99121425,0.65433721,0.10622719,0.089011161,5.7515578e-06,0.10002703,0.17608938
1t93_FLV_A_432,0.99533845,0.6543375,0.10627136,0.089001572,0.00079637273,0.099965747,0.17611039
1tc2_7HP_A_800,0.99734029,0.65340337,0.14599719,0.091783054,0.99171433,0.10820545,0.21529201
1tc2_7HP_B_810,0.99836053,0.65340955,0.14574872,0.091762479,0.98543863,0.10813627,0.21504129
1thc_FL9_A_130,3.6158123e-07,0.65363387,0.12257406,0.093207868,0.48261345,0.12037233,0.19763952
1thc_FL9_A_131,0.0034077821,0.9819991,0.10440592,0.097004581,0.00037338405,0.12249584,0.18919119
1thc_FL9_B_130,0,0.65363387,0.12257406,0.093207869,0.48261345,0.12037234,0.19763952
1thc_FL9_B_131,0.030091695,0.98618795,0.10448665,0.096992975,7.0184595e-06,0.12213271,0.18924596
1tiw_TFB_A_2002,0.62811862,0.97161368,0.12501704,0.096371153,0.46832062,0.11592666,0.20581329
1tkh_DPN_A_913,0,0.65363387,0.12257406,0.093207869,0.48261345,0.12037234,0.19763952
1tkj_MED_A_913,0.83885921,0,0.10346834,0.079150821,0,0.090158535,0.15526552
1tl2_NDG_A_237,0.98017459,0.65387918,0.12554118,0.090400427,0.48268834,0.10423834,0.1952045
1tl2_NDG_A_238,0.00028478674,0.65363394,0.12257492,0.093207053,0.48261347,0.12036765,0.19763881
1tl2_NDG_A_239,0.97786416,0.65387861,0.12553419,0.090407045,0.48268816,0.10427637,0.19521024
1tl2_NDG_A_240,0.90898353,0.65431655,0.10598162,0.089246924,8.5012011e-05,0.10138128,0.17629697
1tl2_NDG_A_241,0.98446654,0.65388026,0.12555418,0.090388134,0.48268867,0.10416769,0.19519384
1toq_AMG_A_501,0.99549451,0.95893793,0.14728345,0.096611469,0.99717729,0.11406022,0.2254125
1toq_AMG_E_503,0,0.9581768,0.1441503,0.099445313,0.9941913,0.1304108,0.22775057
1toq_AMG_G_504,0.9657646,0.6461098,0.14534383,0.091715712,0.97921127,0,0.21459901
1tsd_UMP_A_267,0.52510227,0.65376529,0.12416362,0.091703858,0.48265357,0.11172898,0.19633502
1tsd_UMP_B_265,0.52510227,0.65376529,0.12416362,0.091703858,0.48265357,0.11172898,0.19633502
1tt6_DES_A_129,0.33418096,0.65371751,0.12358567,0.092250699,0.48263898,0.11487161,0.19680932
1tuu_PIS_B_2854,0.0094804323,0.65363624,0.12260276,0.093180715,0.48261417,0.12021629,0.19761597
1tvw_CB3_A_318,0.18547571,0,0.12085714,0.082388111,0.48324994,0.10495509,0.17600822
1tvw_UMP_A_317,0.99132926,0.65425507,0.10971967,0.089255882,0.087126514,0.10075247,0.17953435
1u18_HSM_A_401,0.88445605,0,0.10674121,0.079240892,0.078205628,0.090061719,0.1582463
1u1g_BBB_B_4300,0,0.65363387,0.12257406,0.093207869,0.48261345,0.12037234,0.19763952
1u1g_BBB_C_5300,0,0.65363387,0.12257406,0.093207869,0.48261345,0.12037234,0.19763952
1u1g_BBB_D_6300,0,0.65363387,0.12257406,0.093207869,0.48261345,0.12037234,0.19763952
1u1g_BBB_F_8300,0,0.65363387,0.12257406,0.093207869,0.48261345,0.12037234,0.19763952
1u2o_NEC_A_1001,0.98248375,0.9842777,0.14223916,0.096688855,0.87010244,0.11369135,0.2212382
1u2o_NEC_B_1002,0,0.98398553,0.14316358,0.099775677,0.96731487,0.13067438,0.22752365
1u6r_IOM_B_1601,0.9270924,0.6538659,0.1253805,0.090552467,0.48268428,0.10511209,0.19533637
1uay_ADN_A_1001,0.96927504,0.97851728,0.14677859,0.096960019,0.98484557,0.11475923,0.22562452
1uay_ADN_B_1002,0.99461596,0.95467063,0.14728685,0.096548301,0.99770245,0.11399834,0.22529716
1ubs_SER_B_398,0.96313177,0.94124263,0.14113687,0.096004071,0.84783539,0.11300956,0.2190105
1uk7_BUA_A_1300,0.99759868,0.97235082,0.14354481,0.096549473,0.90257817,0.11348837,0.22209894
1um4_SH4_H_1001,0.95339115,0.98374385,0.13823786,0.096488371,0.77252682,0.11334437,0.21743256
1uqx_MMA_A_1116,0.90406872,0.92333776,0.14535628,0.096205779,0.95911907,0.1145737,0.22298059
1uux_PPI_A_1165,0.99515914,0.93079883,0.10722721,0.09335525,0.00041528366,0.10519917,0.18506177
1uxi_FUM_A_1311,0,0.91529939,0.12348592,0.097325546,0.48236433,0.12532077,0.2061124
1uxi_FUM_B_1311,0.78912487,0.91581464,0.11254363,0.094132173,0.14989793,0.10955771,0.19100423
1uxq_G1P_A_1503,0.95994683,0.65387412,0.12547995,0.090458364,0.4826868,0.1045713,0.19525475
1v03_BGC_A_1498,0.91451413,0,0.13891669,0.081414527,0.87859552,0.096259104,0.18984093
1v5g_HTL_A_1602,0.17612155,0.65367795,0.12310721,0.092703417,0.48262691,0.11747332,0.19720199
1v5y_4HC_A_1455,0.99504592,0.65433817,0.10623856,0.08900017,1.7080079e-07,0.099963915,0.17607963
1v5y_4HC_B_1201,0.0021852445,0.65363442,0.12258068,0.09320161,0.48261362,0.12033637,0.19763409
1vje_MSE_A_401,0.93868149,0.89802039,0.10692474,0.093000063,3.1162682e-06,0.10550542,0.18412379
1vkf_CIT_A_501,0,0.65363387,0.12257406,0.093207869,0.48261345,0.12037234,0.19763952
1vkf_CIT_D_503,0.7903452,0.90373428,0.10648147,0,7.6385723e-06,0.10802144,0.18462021
1vl1_CIT_A_300,0.86706107,0.9080658,0.10870748,0.093501868,0.048999102,0.10728431,0.18656652
1vzd_UFP_A_317,0.98543516,0.65433577,0.10620955,0.089027704,1.882708e-06,0.10012213,0.17610359
1vzu_UDP_A_1371,0,0.94178014,0.12357821,0.09774232,0.48233912,0.12582163,0.20696999
1vzu_UDP_B_2371,0.97566077,0.95794339,0.14264449,0.096330415,0.88303613,0.11341358,0.2209134
1w1a_NDG_1_1261,0,0.91813182,0.10420658,0.096011525,0.0012541785,0.12135096,0.18716444
1w1a_NDG_2_1261,0.89520071,0.90850903,0.10945446,0.093474671,0.065471508,0.10696713,0.18716253
1w3t_3GR_B_1297,0.97220018,0.79823146,0.1174722,0.092093653,0.26933799,0.10531756,0.19146281
1w3t_3GR_C_1297,0.57352286,0,0.12203157,0.08127557,0.48327969,0.098566404,0.17504197
1w55_C_A_1372,1.4510704e-05,0.65363387,0.12257411,0.093207827,0.48261345,0.1203721,0.19763948
1w55_C_A_1373,0.9813245,0.65387947,0.12554466,0.090397134,0.48268843,0.10421941,0.19520165
1w55_GPP_A_1374,0,0.74513912,0.12289285,0.094647436,0.48252633,0.12210234,0.20060169
1w62_PYC_A_700,0,0,0.14079906,0.084363987,0.99455149,0.11228532,0.1967081
1w78_PD8_A_1421,0,0,0.12029579,0.082919875,0.48323573,0.10800871,0.17647006
1wc7_PP3_A_1214,0,0.65363387,0.12257406,0.093207869,0.48261345,0.12037234,0.19763952
1wmz_NGA_C_503,0,0.65363387,0.12257406,0.093207869,0.48261345,0.12037234,0.19763952
1wq4_TYR_A_501,0.98465747,0,0.13992789,0.081269694,0.89852906,0.095270924,0.19045485
1x09_IPE_A_901,0.98596716,0.85467088,0.95660742,0.094386122,0.73411853,0.11033391,0.21303835
1x09_IPE_A_902,0.90629933,0.88982967,9.5928046e-07,0.092946499,1.4298886e-05,0.10584514,0.18375401
1x29_PMG_B_1413,0,0.65363387,0.12257406,0.093207869,0.48261345,0.12037234,0.19763952
1x2a_PDG_A_413,0.8805022,0.65385424,0.12523946,0.090685912,0.48268073,0.10587898,0.19545211
1x7j_GEN_B_202,0,0.65363387,0.12257406,0.093207869,0.48261345,0.12037234,0.19763952
1x8x_TYR_A_952,0.99166536,0.65433732,0.10622862,0.089009874,7.4857321e-06,0.10001962,0.17608832
1xc7_GL6_A_998,0.95675401,0.65387332,0.12547029,0.090467509,0.48268655,0.10462385,0.19526268
1xdj_HCS_A_1049,0.99616954,0.65360838,0.13726884,0.09117417,0.7740503,0.10640756,0.20668723
1xid_ASC_A_389,0.9912334,0.65433619,0.10627077,0.08901416,0.0010913964,0.10003578,0.17613226
1xin_XYL_A_397,0.77721827,0.65382839,0.12492681,0.09098174,0.48267283,0.10757907,0.1957087
1xin_XYL_B_397,0.98988845,0.65388161,0.12557059,0.090372605,0.48268908,0.10407845,0.19518037
1xin_XYL_C_397,0.98328384,0.65387996,0.12555059,0.090391522,0.48268858,0.10418716,0.19519678
1xin_XYL_D_397,0.98686733,0.65388086,0.12556144,0.090381258,0.48268885,0.10412818,0.19518788
1xl0_OX2_A_998,0.99585109,0.99262944,0.14663492,0.097086684,0.97801986,0.1145316,0.22574562
1xny_BTN_A_5602,0.96277469,0.88526479,0.10817628,0.092816375,0.03052433,0.10512261,0.18485796
1xuz_PEP_A_2001,0.9135682,0.84420816,0.14432409,0.094877842,0.93958689,0.11275687,0.2196193
1y2x_NAG_A_144,0,0.88494877,0.14375264,0.098282763,0.99068784,0.12899605,0.22523846
1y2x_NAG_B_1144,0,0.96207865,0.14413691,0.099504822,0.99351531,0.13047897,0.22785029
1y2x_NAG_C_2144,0.96157168,0.89133688,0.10697335,0.092829431,7.4309069e-05,0.1050027,0.18385293
1y2x_NAG_D_3144,0.96231023,0.96230572,0.14693332,0.0967412,0.99065152,0.11461572,0.22534615
1y42_TYR_X_701,0.85924668,0.84976395,0.13081985,0.094180094,0.60631816,0.1109698,0.2067481
1y5v_NE8_A_500,0,0,0.12029579,0.082919875,0.48323573,0.10800871,0.17647006
1y5x_E89_A_500,0,0,0.12029579,0.082919875,0.48323573,0.10800871,0.17647006
1y5x_E89_D_1500,0,0,0.12029579,0.082919875,0.48323573,0.10800871,0.17647006
1y8j_STS_A_900,0.87107372,0,0.12293211,0.080422485,0.4833025,0.093667618,0.17430106
1yee_PNB_H_551,0.98948095,0.98016125,0.11384996,0.094603986,0.16173101,0.10757538,0.19305875
1yik_MM1_A_501,0.34175622,0.66515264,0.1236484,0.092408725,0.48262868,0.1149629,0.19716032
1yw9_A84_A_482,0,0.65363387,0.12257406,0.093207869,0.48261345,0.12037234,0.19763952
1z11_8MO_C_501,0.98998631,0.65388164,0.12557088,0.090372324,0.48268909,0.10407684,0.19518013
1z4k_T3P_A_4341,0.99006705,0.65388166,0.12557113,0.090372093,0.4826891,0.10407551,0.19517993
1z6k_OAA_A_274,0,0.95013558,0.10427526,0.096512205,0.00016303905,0.12194734,0.18815859
1zb6_DIN_A_401,0.99759157,0.6543387,0.10625102,0.088993213,0.00011901319,0.099923004,0.176078
1zb6_GST_A_502,0,0.91291662,0.12011244,0.097051024,0.3985028,0.12457379,0.2027136
1zdq_MSM_A_1507,0.93784982,0.99225512,0.14560368,0.097186907,0.95670318,0.11530123,0.22503458
1zdq_MSM_B_1508,0.95106816,0.98801844,0.14717508,0.09719123,0.99527764,0.11532597,0.22639062
1zei_CRS_C_56,0.99600051,0.99193138,0.14288333,0.096811173,0.88448169,0.11373384,0.22202154
1zei_CRS_D_54,0.036488016,0.96964612,0.14428093,0.099519821,0.99369211,0.13002288,0.22801163
1zei_CRS_E_54,0.99604346,0.98713007,0.14700325,0.097026831,0.98767554,0.11450512,0.22594895
1zei_CRS_E_55,0.99500818,0.99499985,0.10743601,0.094365105,9.8062974e-06,0.10641293,0.18712701
1zei_CRS_F_54,0.99545588,0.99076024,0.14084569,0.096651188,0.83379369,0.11329683,0.21997933
1zei_CRS_F_55,0.24575348,0.98633146,0.11369711,0.09697964,0.21348986,0.12036972,0.19716017
1zfj_IMP_A_500,0.98325547,0,0.14025565,0.081297097,0.90681112,0.095363255,0.19078604
1zg3_2HI_A_365,0.80538256,0.98039737,0.10681189,0.094678989,2.6605662e-05,0.10925882,0.18712694
1zha_PEP_A_1268,0.99620821,0.65431873,0.10708067,0.089055687,0.020921135,0.10011944,0.17690407
1zha_PEP_B_2268,0,0.65363387,0.12257406,0.093207869,0.48261345,0.12037234,0.19763952
1zha_R5P_A_1269,0.51672359,0.65376319,0.12413825,0.091727856,0.48265293,0.1118669,0.19635584
1zjp_DR4_A_1,0.52510227,0.65376529,0.12416362,0.091703858,0.48265357,0.11172898,0.19633502
1zk0_SS2_A_1260,0.78316205,0.96934391,0.12722761,0.096014121,0.5119674,0.113696,0.20708033
1zmt_RNO_A_1002,0,0.65363387,0.12257406,0.093207869,0.48261345,0.12037234,0.19763952
1zmt_RNO_B_1001,0.98887301,0.65433663,0.10621988,0.089017851,0,0.10006552,0.17609497
1zmt_RNO_C_1003,0.00013013306,0.6536339,0.12257446,0.093207496,0.48261346,0.1203702,0.19763919
1zmt_RNO_D_1004,0,0.65363387,0.12257406,0.093207869,0.48261345,0.12037234,0.19763952
1zng_HE4_A_202,0.98427394,0.96792676,0.10731443,0.093970154,0.0001590073,0.1060787,0.18628216
1zoy_UQ1_B_1201,0.99492405,0.65433813,0.1062389,0.089000569,1.7945595e-05,0.099966069,0.17608064
1zpd_CIT_A_610,0,0.65363387,0.12257406,0.093207869,0.48261345,0.12037234,0.19763952
1zpd_CIT_B_610,0,0.65363387,0.12257406,0.093207869,0.48261345,0.12037234,0.19763952
1zpd_CIT_E_610,0.98209188,0.65387966,0.12554699,0.090394936,0.48268849,0.10420678,0.19519974
1zpd_CIT_F_610,0.89851557,0.65385875,0.12529399,0.090634317,0.4826821,0.10558248,0.19540736
1zuw_DGL_A_1301,0.0022358184,0.65363443,0.12258083,0.093201465,0.48261362,0.12033554,0.19763396
1zuw_DGL_B_2301,0.0010481364,0.65363413,0.12257723,0.093204867,0.48261353,0.12035509,0.19763691
1zuw_DGL_C_3301,0,0.65363387,0.12257406,0.093207869,0.48261345,0.12037234,0.19763952
1zwp_NIM_A_401,0.9545907,0.65432782,0.1061259,0.089116731,0.00024279211,0.10063186,0.17618981
227l_BNZ_A_169,0.99736557,0.99278316,0.10743591,0.094323493,2.3666409e-05,0.1063323,0.18704983
2a15_NCA_A_1001,0.94465878,0.98346168,0.14694099,0.097123885,0.99032072,0.11530384,0.22606277
2a1m_CAM_A_1422,0.50253516,0.9879787,0.11085691,0.09601418,0.12311961,0.11541759,0.1929979
2a1m_CAM_B_2422,0,0.99117567,0.10589163,0.097261896,0.036889306,0.12303089,0.19094196
2a5t_GLU_B_2002,0,0.65363387,0.12257406,0.093207869,0.48261345,0.12037234,0.19763952
2a5t_GLY_A_1001,0,0.65363387,0.12257406,0.093207869,0.48261345,0.12037234,0.19763952
2a9z_26A_A_1001,0.99335643,0.65388248,0.12558109,0.090362672,0.48268935,0.10402136,0.19517175
2a9z_26A_A_1002,0.9726906,0.65387731,0.12551853,0.090421863,0.48268777,0.10436153,0.19522309
2agw_TSS_D_3001,0,0,0.10382171,0.081759556,0.072105097,0.10457251,0.16020908
2agw_TSS_H_2001,0,0,0.10297399,0.081699849,0.050957705,0.1043957,0.15937233
2ahc_VNL_A_166,0.14034678,0.99258572,0.10485687,0.096778566,0.00036360511,0.12044148,0.18919267
2ahc_VNL_B_266,0.99686779,0.96299562,0.10734942,0.093857428,0.00051382353,0.10578102,0.18610498
2ahc_VNL_D_466,0.99549928,0,0.10395685,0.078702747,0.00036857131,0.087582673,0.15488974
2ai1_P1G_A_293,0.89927666,0.65385894,0.12529629,0.090632137,0.48268216,0.10556995,0.19540547
2aiq_BEN_A_401,0.98927238,0.98338686,0.14624046,0.096935967,0.96948563,0.11439369,0.22512476
2ajv_COC_L_501,0.75708418,0.96674051,0.13888079,0.096874881,0.80486634,0.1165251,0.21865026
2ajx_TGN_L_501,0.02223558,0,0.12036309,0.082856125,0.48323743,0.10764263,0.17641469
2as1_TP5_A_500,0.84014149,0.99355835,0.10700274,0.094789274,0.0010120522,0.10894379,0.18750588
2b04_CHO_A_200,0,0,0.12029579,0.082919875,0.48323573,0.10800871,0.17647006
2b3f_GAL_A_3310,0,0.9895783,0.1237448,0.098494604,0.48229362,0.12672569,0.20851796
2b3f_GAL_B_3311,0.98877692,0.98933276,0.14742082,0.097112751,0.99844754,0.1147565,0.22646467
2b3f_GAL_C_3312,0,0.98916431,0.12374336,0.098488088,0.48229401,0.12671786,0.20850455
2b3f_GAL_D_3313,0,0.98832846,0.12374045,0.098474933,0.48229481,0.12670205,0.20847748
2b3f_GAL_E_3314,0,0.99032772,0.12374742,0.098506399,0.4822929,0.12673986,0.20854223
2b3f_GAL_F_3315,0.94250889,0.98768118,0.14723137,0.097216334,0.99735715,0.1154779,0.2264833
2bdg_PBZ_A_301,0.99473734,0.99621974,0.14708337,0.097177326,0.98897645,0.11470948,0.22629829
2bdg_PBZ_B_302,0.99058278,0.99566928,0.1473759,0.097202198,0.99663567,0.1148315,0.22659386
2bf7_HBI_B_1290,0,0.65363387,0.12257406,0.093207869,0.48261345,0.12037234,0.19763952
2bf7_HBI_C_1290,0,0.65363387,0.12257406,0.093207869,0.48261345,0.12037234,0.19763952
2bf7_HBI_D_1290,0,0.65363387,0.12257406,0.093207869,0.48261345,0.12037234,0.19763952
2bgc_DTT_F_1238,0.36626258,0.65372554,0.12368279,0.09215881,0.48264143,0.11434354,0.19672962
2bgc_DTU_A_1238,0.58303984,0,0,0.081509128,0.5825949,0.099197427,0.17874247
2bk3_FOF_A_1503,0.91868267,0.9905141,0.12652848,0.095875446,0.48236314,0.11161848,0.20626072
2brk_CMF_A_1534,0,0.65363387,0.12257406,0.093207869,0.48261345,0.12037234,0.19763952
2bs3_CIT_D_1657,0.99659677,0.65432984,0.10661374,0.089021726,0.0092431437,0.10001555,0.17644129
2bs8_NAG_A_1177,0.91733601,0.87833032,0.12821288,0.094260137,0.53439824,0.10995254,0.20468353
2bsc_NAG_A_1176,0,0.65363387,0.12257406,0.093207869,0.48261345,0.12037234,0.19763952
2bx7_34D_B_1313,0.98041028,0.86320922,0.10745965,0.092369867,0.0132491,0.10427052,0.18341559
2bxh_IOS_A_1002,0.21960481,0,0.12096043,0.082290262,0.48325256,0.1043932,0.17592323
2bxh_IOS_B_1002,0.00019830868,0.92637842,0.12352513,0.097499348,0.4823538,0.12552706,0.20647071
2c3d_COM_A_1525,0.99153815,0.96119892,0.14640115,0.096596543,0.97526773,0.11398494,0.22462874
2c3d_COM_A_1526,0.97782818,0.97824818,0.10732587,0.094150727,2.6327133e-05,0.10637899,0.18662751
2c3d_COM_B_1525,0.97631434,0.94499902,0.1078532,0.093677393,0.016208887,0.10591015,0.18619391
2c5b_5F1_A_500,0,0.65363387,0.12257406,0.093207869,0.48261345,0.12037234,0.19763952
2c5b_5F1_C_500,0,0.65363387,0.12257406,0.093207869,0.48261345,0.12037234,0.19763952
2c6q_IMP_A_1337,0.95838321,0.65387373,0.12547522,0.090462843,0.48268668,0.10459704,0.19525864
2c6q_IMP_B_1339,0,0.65363387,0.12257406,0.093207869,0.48261345,0.12037234,0.19763952
2c6q_IMP_C_1337,0.99548347,0.65388302,0.12558752,0.090356579,0.48268951,0.10398635,0.19516647
2c6q_IMP_D_1337,0.95736072,0.65387347,0.12547212,0.090465771,0.4826866,0.10461387,0.19526118
2c6q_IMP_E_1337,0.52824311,0.65376608,0.12417313,0.091694861,0.48265381,0.11167728,0.19632722
2c6q_IMP_G_1338,0.99621839,0.6538832,0.12558975,0.090354474,0.48268957,0.10397426,0.19516464
2c6q_IMP_H_1337,0,0.65363387,0.12257406,0.093207869,0.48261345,0.12037234,0.19763952
2caq_GSH_A_1208,0,0,0.12029579,0.082919875,0.48323573,0.10800871,0.17647006
2ci0_1CM_A_1450,2.7426361e-05,0,0.12029587,0.082919796,0.48323573,0.10800826,0.17646999
2coj_GBN_A_420,0.99037458,0.99189584,0.11626835,0.094953375,0.2209652,0.10827796,0.19578063
2coj_GBN_B_420,0.99002875,0.98307273,0.14541366,0.096870536,0.94883069,0.11420259,0.22429543
2cxp_A5P_A_1601,0.99396606,0.65388264,0.12558293,0.090360925,0.48268939,0.10401133,0.19517024
2cxp_A5P_B_2601,0.99442931,0.65388275,0.12558433,0.090359599,0.48268943,0.1040037,0.19516909
2d0e_NQ_A_409,0.02018451,0.96322172,0.10437828,0.096660036,6.3525041e-05,0.12186178,0.1885285
2d0e_NQ_A_410,0.99111416,0.98804439,0.10740087,0.094266862,3.6539229e-05,0.10634567,0.18691232
2d1j_D01_A_700,0,0.6042025,0.12240164,0.092429269,0.48266051,0.11943665,0.1960374
2d20_NPO_B_953,0.99645267,0.99162815,0.10748894,0.094312145,0.0015166757,0.10633796,0.18707374
2d3n_GLC_A_608,0.013895512,0.65363735,0.12261613,0.093168069,0.48261451,0.12014361,0.197605
2dcf_ACA_A_501,9.6187547e-07,0.65363387,0.12257406,0.093207866,0.48261345,0.12037232,0.19763952
2dm5_ODI_A_312,0,0.96308835,0.1375275,0.099054945,0.82854696,0.12911874,0.22135561
2dv0_ZST_A_600,0,0.97126264,0.12368097,0.098206338,0.48231105,0.12637927,0.2079248
2e40_LGC_A_1001,0.9583643,0.65387373,0.12547516,0.090462897,0.48268667,0.10459735,0.19525868
2e40_LGC_B_2001,0,0.65363387,0.12257406,0.093207869,0.48261345,0.12037234,0.19763952
2e56_MYR_A_501,0.65949861,0.65379893,0.12457045,0.091318916,0.48266384,0.10951677,0.19600115
2e56_MYR_A_601,0,0.65363387,0.12257406,0.093207869,0.48261345,0.12037234,0.19763952
2e56_MYR_A_701,0.9766597,0.6538783,0.12553054,0.090410495,0.48268807,0.1042962,0.19521323
2eb5_OXL_A_2001,0.98917454,0.839325,0.10947472,0.092114754,0.06494912,0.10410662,0.18466526
2eb5_OXL_B_2002,0.98365441,0.65431008,0.10727681,0.089108074,0.026761768,0.10037485,0.17716626
2eb5_OXL_C_2003,0.98853298,0.65371905,0.13246104,0.090860292,0.65468291,0.10553673,0.20198574
2eb5_OXL_E_2005,0.99276216,0.6543376,0.10623164,0.089006711,0,0.10000151,0.1760853
2ef9_A5P_A_1269,0,0.65363387,0.12257406,0.093207869,0.48261345,0.12037234,0.19763952
2ef9_A5P_B_2269,0.96285241,0.65387485,0.12548875,0.090450042,0.48268702,0.10452347,0.19524753
2ef9_PEP_A_1268,0.99276944,0.97739451,0.1394927,0.096357088,0.80141553,0.11281746,0.21827169
2ef9_PEP_B_2268,0,0.96732874,0.13613847,0.099022809,0.79352428,0.12890613,0.22010729
2ei7_D93_A_700,0,0,0.12029579,0.082919875,0.48323573,0.10800871,0.17647006
2euq_BVC_A_401,0.73427898,0.70256923,0.12496679,0.091872243,0.48262314,0.10920823,0.19739468
2evd_D10_A_304,0.97933701,0.95994292,0.10752626,0.093876585,0.0065154614,0.10606207,0.1862872
2ex1_C5P_A_1427,0,0.98395765,0.14412388,0.099842881,0.99127305,0.13087417,0.22847072
2exs_TRP_B_2100,0,0,0.12029579,0.082919875,0.48323573,0.10800871,0.17647006
2f3s_7GP_A_998,0.98231946,0.65342968,0.14467399,0.091736416,0.95983706,0.10818658,0.21406874
2f64_12Q_A_472,0,1.3388283e-33,0.10507199,0.081847618,0.10329489,0.1048333,0.16144319
2f64_12Q_B_471,0.0054556519,1.1648884e-33,0.10094806,0.081540352,6.7573112e-06,0.10387986,0.15734272
2f78_BEZ_A_1001,0.99520585,0.98845297,0.1472508,0.097067343,0.99379844,0.11459514,0.22623618
2f78_BEZ_A_1003,0.039227747,0.99297058,0.12226999,0.098699762,0.41110663,0.12627694,0.94535438
2f78_BEZ_B_1002,0.99407507,0.9960496,0.14709478,0.097177534,0.98932595,0.11472008,0.22630826
2f78_BEZ_B_1005,0.99813612,0.98672432,0.10814505,0.094277195,0.018186831,0.10635685,0.1875702
2f7x_4EA_E_351,0.97317141,0.63103587,0.13479959,0.090719505,0.72414433,0.10586617,0
2fc0_DGP_A_239,0.0015877382,0.65363427,0.12257887,0.093203321,0.48261357,0.1203462,0.19763557
2fcu_AKG_A_897,0.9939544,0.64938945,0.10621702,4.3385945e-39,0.00021050051,0.099883679,0.17591966
2fcu_AKG_B_898,0.9951317,0.65433798,0.10624799,0.089000568,0.00022896457,0.099964413,0.17608846
2fhk_MFN_A_600,0.52510227,0.65376529,0.12416362,0.091703858,0.48265357,0.11172898,0.19633502
2fhk_MFN_B_602,0,0,0.12029579,0.082919875,0.48323573,0.10800871,0.17647006
2fhk_MFN_C_601,0.52510227,0.65376529,0.12416362,0.091703858,0.48265357,0.11172898,0.19633502
2fib_GLY_B_2,0,0,0.12029579,0.082919875,0.48323573,0.10800871,0.17647006
2fkm_G16_X_464,5.105696e-06,0.32133086,0.12141575,0.087977207,0.48292981,0.11408631,0.18687648
2fr6_CTN_A_1001,0.97399279,0.65387764,0.12552247,0.090418133,0.48268787,0.1043401,0.19521986
2fr6_CTN_C_1003,0.99263193,0.6538823,0.12557889,0.090364747,0.48268929,0.10403329,0.19517355
2fr6_CTN_D_1004,0.99356225,0.65388253,0.12558171,0.090362082,0.48268936,0.10401798,0.19517124
2fr6_URI_B_1002,0,0.65363387,0.12257406,0.093207869,0.48261345,0.12037234,0.19763952
2fu9_MP2_B_2410,0.93812531,0.99086491,0.12787645,0.095915935,0.51457615,0.11157365,0.20749492
2fyd_BGC_B_403,0.98348,0.65388001,0.12555119,0.09039096,0.48268859,0.10418393,0.19519629
2fyd_BGC_D_530,0,0.98317917,0.11225043,1.1270297e-54,0.19660342,0.1241794,0.19694153
2fyd_NGA_B_404,0.97698155,0.65433353,0.10618911,0.089052278,0.00012987687,0.10026235,0.17612967
2fyd_NGA_D_529,0.9574603,0.6543287,0.10612766,0.089108025,6.9903463e-05,0.10058319,0.17617584
2fz8_ZST_A_600,0,0.97630949,0.12369856,0.098285769,0.48230625,0.12647472,0.20808824
2fzb_TOL_A_600,0.52510227,0.65376529,0.12416362,0.091703858,0.48265357,0.11172898,0.19633502
2fzb_TOL_A_800,0.97663223,0.96882965,0.10729379,0.094006228,0.00014165223,0.10622145,0.18632978
2fzb_TOL_A_900,0,0.96631681,0.12366373,0.098128497,0.48231576,0.12628572,0.20776463
2g21_L1B_A_885,0.98834116,0.99475628,0.14710831,0.09717611,0.99020939,0.11479741,0.22631558
2g5v_22M_A_301,0,0.98495266,0.14096779,0.099636004,0.91245337,0.13023397,0.22538426
2g8t_MI2_A_401,0,0.65363387,0.12257406,0.093207869,0.48261345,0.12037234,0.19763952
2g9z_VNP_A_602,0,0.65363387,0.12257406,0.093207869,0.48261345,0.12037234,0.19763952
2g9z_VNP_B_601,0,0.65363387,0.12257406,0.093207869,0.48261345,0.12037234,0.19763952
2giq_NN2_A_1001,0.99421199,0.6538827,0.12558368,0.090360221,0.48268941,0.10400728,0.19516963
2giq_NN2_B_2001,0.98879051,0.65388134,0.12556726,0.090375749,0.482689,0.10409652,0.1951831
2gn2_C5P_A_400,0,0.96464922,0.10431972,0.0967402,3.6028831e-07,0.12222058,0.18862257
2gnm_MAN_A_253,0.95037934,0.95594477,0.1449928,0.096542721,0.94370028,0.11429923,0.22331196
2gx5_PCG_C_514,0.85691377,0,0.10354356,0.079100507,0.00051424062,0.089865582,0.15524087
2gyv_HBP_A_1409,0.52496139,0.084249576,0.12217836,0.082740665,0.48319576,0.10095874,0.17789124
2gyv_HBP_B_545,0,0.95798112,0.12363468,0.097997304,0.4823237,0.12612806,0.20749467
2gyw_OBI_A_952,0.98696586,0.65388088,0.12556174,0.090380976,0.48268886,0.10412656,0.19518763
2gzm_DGL_A_501,0.9912032,0.98553003,0.14719831,0.097030689,0.99304708,0.11459945,0.22612169
2gzm_DGL_B_502,0,0.98339294,0.12372325,0.098397254,0.4822995,0.1266087,0.20831764
2gzm_DGL_C_503,0,0.98808556,0.1237396,0.09847111,0.48229504,0.12669746,0.20846962
2hdk_COI_B_900,0,0,0.12033836,0.082922876,0.48413384,0.10801759,0.17651208
2hi4_BHF_A_800,0.99774251,0.64611498,0.14615478,0.091674466,0.99702579,0,0.21522456
2hjp_PPR_A_291,0,0,0.10093129,0.081555975,0,0.10396962,0.15735605
2hs3_FGR_A_2166,0.92818262,0.65386617,0.1253838,0.090549344,0.48268437,0.10509415,0.19533366
2ht8_G39_A_800,0.96659385,0.65387578,0.12550007,0.090439326,0.4826873,0.10446189,0.19523824
2htu_BCZ_A_801,0,0,0.12029579,0.082919875,0.48323573,0.10800871,0.17647006
2i1v_F6P_B_720,0,0.65363387,0.12257406,0.093207869,0.48261345,0.12037234,0.19763952
2i1v_FDP_B_710,0,0.65363387,0.12257406,0.093207869,0.48261345,0.12037234,0.19763952
2i6p_4NP_A_401,0.96173383,0.90016554,0.1070083,0.092968178,0.00016037917,0.10516778,0.18414209
2iht_TPP_B_600,0.8056644,0.97450066,0.14031276,0.096946332,0.83624315,0.11613444,0.22002222
2iht_TPP_D_600,0.52510227,0.65376529,0.12416362,0.091703858,0.48265357,0.11172898,0.19633502
2ij7_TPF_C_2471,8.3067248e-05,0.65363389,0.12257431,0.093207631,0.48261346,0.12037097,0.19763931
2ij7_TPF_D_2473,0,0.65363387,0.12257406,0.093207869,0.48261345,0.12037234,0.19763952
2ij7_TPF_F_2474,0.91679073,0.65386332,0.12534931,0.090581973,0.4826835,0.10528166,0.19536196
2ipf_FFA_A_3,0.97721847,0.6543215,0.10670366,0.089087656,0.012948833,0.10036547,0.17663602
2isf_PAC_A_317,0.99146936,0.97666544,0.10740966,0.094090089,0.0012259024,0.10613448,0.18658968
2ixi_TYD_A_1182,0,0.65363387,0.12257406,0.093207869,0.48261345,0.12037234,0.19763952
2ixi_TYD_B_1182,0.97950715,0.65387902,0.12553916,0.090402339,0.48268829,0.10424933,0.19520616
2iyq_SKM_A_201,0.94684248,0.96253333,0.14664134,0.096771806,0.98451484,0.11482338,0.22514926
2izf_BTN_B_300,0.99576395,0.28789159,0.12431289,0.08459605,0.48303797,0.097059966,0.18331407
2izf_BTN_D_301,0.99433626,0.96010645,0.12665146,0.095179967,0.48239789,0.10979781,0.20508758
2j1s_FUL_A_1153,0,0.65363387,0.12257406,0.093207869,0.48261345,0.12037234,0.19763952
2j1s_FUL_B_1153,0.9963517,0.65343868,0.14448311,0.091679849,0.954016,0.107907,0.21380366
2j51_DKI_A_1314,0,0.65363387,0.12257406,0.093207869,0.48261345,0.12037234,0.19763952
2j5b_TYE_A_1336,0,0,0.12029579,0.082919875,0.48323573,0.10800871,0.17647006
2j5b_TYE_B_1338,0.83428746,0.95071983,0.12823468,0.095639028,0.53486462,0.11269335,0.20725526
2j9e_AKG_C_1119,0.66424052,0.96067827,0.14106404,0.097220706,0.86686622,0.11845739,0.22113833
2jfv_FLC_A_1271,0.89292768,0.75624317,0.11169887,0.091280658,0.13497512,0.10470486,0.18498301
2jhp_GUN_A_1647,0.003464884,0.98384697,0.10486317,0.09706524,0.011613809,0.12262385,0.18969569
2jhp_GUN_A_1648,0.0013521698,0.96686583,0.10437398,0.0967742,0.001057896,0.12224909,0.18873289
2ji6_TPW_A_1566,0,0.65363387,0.12257406,0.093207869,0.48261345,0.12037234,0.19763952
2ji6_TPW_B_1566,0,0.65363387,0.12257406,0.093207869,0.48261345,0.12037234,0.19763952
2jig_PD2_A_1254,0,0.99521059,0.12376443,0.098583249,0.48228825,0.12683222,0.20870036
2nos_AGU_A_903,0.15479364,0.91290436,0.10461787,0.095482709,0.00029350186,0.11869548,0.18657123
2npq_BOG_A_1000,0,0.96942837,0.12367457,0.098177469,0.4823128,0.12634457,0.20786539
2npq_BOG_A_2000,0,0.94598589,0.10425414,0.096446426,0,0.12186747,0.18801763
2nry_STU_A_504,0.99421219,0.97284677,0.12669549,0.095380839,0.48238575,0.11004082,0.20550049
2nry_STU_C_503,0.99268149,0.98307711,0.12672651,0.095546241,0.48237589,0.11025952,0.20583561
2nry_STU_D_501,0.99343246,0.974346,0.12669836,0.095406671,0.48238426,0.11008202,0.20555098
2ntk_IMP_A_205,0.52510227,0.65376529,0.12416362,0.091703858,0.48265357,0.11172898,0.19633502
2ntk_IMP_B_206,0.98439979,0,0.12323778,0,0.48247654,0.09176657,0.17394339
2ntk_IMP_C_207,0.52510227,0.65376529,0.12416362,0.091703858,0.48265357,0.11172898,0.19633502
2ntk_IMP_D_208,0.52510227,0.65376529,0.12416362,0.091703858,0.48265357,0.11172898,0.19633502
2nu7_COA_B_1025,0,0.65363387,0.12257406,0.093207869,0.48261345,0.12037234,0.19763952
2nu7_COA_B_1325,0,0.65363387,0.12257406,0.093207869,0.48261345,0.12037234,0.19763952
2nu7_COA_E_1025,0.52875291,0.6537662,0.12417467,0.091693401,0.48265385,0.11166889,0.19632595
2nu7_COA_E_1325,0.17455798,0.91821945,0.10468456,0.095508876,3.6358971e-07,0.11846819,0.18668266
2nz5_226_A_431,0.029638301,0.65364129,0.12266378,0.093122978,0.48261571,0.11988448,0.19756589
2nz5_226_A_432,0.0022024582,0.65363442,0.12258073,0.09320156,0.48261362,0.12033609,0.19763405
2o1o_RIS_A_400,0,0.96428227,0.12365664,0.098096476,0.4823177,0.12624724,0.20769874
2o1o_RIS_B_400,0.92457638,0.97295504,0.12648511,0.095582191,0.48238031,0.11118933,0.20567739
2o7b_HC4_A_701,0.99474963,0.6534154,0.14545078,0.091752682,0.97827822,0.10813592,0.21476711
2o7b_HC4_C_701,0.99752334,0.65341467,0.14551978,0.09174899,0.97979032,0.10810289,0.21482001
2o7b_HC4_D_701,0.99309925,0.65341424,0.14547736,0.091759624,0.97906581,0.10816967,0.21480236
2o7b_HC4_E_701,0.99667241,0.65341356,0.14555516,0.091754091,0.98073718,0.1081248,0.21485957
2o7b_HC4_G_701,0.99643873,0.6533979,0.14621771,0.091801301,0.99728374,0.10826679,0.2155145
2o7d_DHC_A_701,0.98973217,0.65388158,0.12557011,0.090373052,0.48268907,0.10408102,0.19518076
2o7d_DHC_B_701,0.99689158,0.65388337,0.12559179,0.090352546,0.48268962,0.10396317,0.19516297
2o7d_DHC_G_701,0.98389492,0.65388011,0.12555244,0.090389772,0.48268862,0.1041771,0.19519526
2oci_TYC_A_401,0.99565989,0.85657699,0.10947108,0.092361811,0.062857317,0.10430876,0.1851255
2okk_ABU_A_585,0,0.14589691,0.12080429,0.08521611,0.48309683,0.11076822,0.18119499
2ot7_OGA_A_500,0.99467675,0.65433758,0.10625897,0.089002738,0.00053726649,0.099974476,0.17610179
2ot7_OGA_B_500,0,0.65363387,0.12257406,0.093207869,0.48261345,0.12037234,0.19763952
2oxp_THP_A_300,0.96268291,0.65387481,0.12548823,0.090450527,0.482687,0.10452626,0.19524796
2p1e_LAC_A_303,0,0,0.10168016,0.081608721,0.018681664,0.10412583,0.15809524
2pd5_ZST_A_600,0.99154006,0.97849725,0.1267071,0.095477432,0.48238017,0.11019169,0.20569013
2pin_LEG_A_501,0.94474377,0.94859176,0.10712059,0.0937787,6.7850976e-08,0.10636238,0.18574769
2pin_LEG_B_502,8.4718178e-08,0.77751899,0.12300571,0.095157055,0.4824955,0.12271478,0.20165033
2pir_NK_A_933,0.021549995,0.58580643,0.12240274,0.092077954,0.48267967,0.11873392,0.19538798
2prg_BRL_A_1,0.94496135,0.65387037,0.12543459,0.090501286,0.48268565,0.10481796,0.19529198
2prg_BRL_B_2,0.79932773,0.65383392,0.12499373,0.090918414,0.48267452,0.10721514,0.19565377
2prl_ORO_A_399,0.0026259815,0.86085771,0.14295833,0.09784548,0.9727857,0.12834734,0.22374272
2prl_R2C_A_400,0.98308756,0.65387991,0.12555,0.090392084,0.48268856,0.10419039,0.19519727
2pt6_S4M_A_501,0,0.65363387,0.12257406,0.093207869,0.48261345,0.12037234,0.19763952
2pt6_S4M_B_502,0,0.65363387,0.12257406,0.093207869,0.48261345,0.12037234,0.19763952
2pt6_S4M_C_503,0.93775205,0.95214038,0.14455531,0.096881152,0.90183548,0.11483729,0.98222283
2pvy_ACP_A_802,0.98973713,0.98687089,0.14160139,0.096661771,0.85341808,0.11348149,0.22064401
2pvy_ACP_D_802,0.97872743,0.96954153,0.10735497,0.094015112,0.0014472393,0.10621134,0.18639929
2pwf_BGC_D_9999,0.95640016,0.65387323,0.12546921,0.090468523,0.48268652,0.10462968,0.19526356
2pye_7PE_A_504,0,0.65363387,0.12257406,0.093207869,0.48261345,0.12037234,0.19763952
2q1a_2KT_X_295,0.99573964,0.98694753,0.11422387,0.094716185,0.16999174,0.10766981,0.19358997
2q28_TPP_A_4001,0.90482135,0.65386032,0.12531308,0.090616256,0.48268258,0.10547868,0.1953917
2q28_TPP_B_5001,0,0.65363387,0.12257406,0.093207869,0.48261345,0.12037234,0.19763952
2q6m_P34_A_1002,0.95753292,0.65387352,0.12547264,0.090465278,0.48268661,0.10461103,0.19526075
2qab_EI1_A_1,0.99637467,0.98420168,0.14646575,0.096942583,0.97449855,0.11433409,0.22533182
2qb3_PMP_A_700,0,0.98104076,0.11438765,0.097703274,0.24972116,0.12461868,0.19903472
2qb4_DSM_A_801,0.9771008,0.98902921,0.14180048,0.096748155,0.85914879,0.11377828,0.22097221
2qb4_DSM_A_802,0.97363166,0.97583341,0.1077863,0.09415867,0.012040554,0.10650285,0.18703508
2qb4_LEU_A_601,0.99191571,0.99314671,0.1459663,0.097059727,0.96159178,0.11446882,0.22512217
2qca_DGP_A_200,0.52510227,0.65376529,0.12416362,0.091703858,0.48265357,0.11172898,0.19633502
2qca_DGP_A_300,0.97119515,0.65387694,0.125514,0.090426147,0.48268765,0.10438615,0.19522681
2qcx_PF1_A_300,0,0.97400987,0.11868776,0.097897213,0.35760892,0.12538773,0.20307569
2qcx_PF1_B_300,0,0.98388824,0.12743919,0.098666652,0.57505882,0.12739279,0.21199985
2qd1_CHD_D_802,6.2332991e-11,0.65363387,0.12257406,0.093207869,0.48261345,0.12037234,0.19763952
2qd4_CHD_A_801,3.7933756e-08,0.98483548,0.12372827,0.098419958,0.48229813,0.12663598,0.20836436
2qd4_CHD_A_802,0.83353854,0.97158938,0.12620483,0.095821705,0.48237463,0.11266232,0.20585985
2qd4_CHD_A_803,0,0.9894045,0.1237442,0.098491869,0.48229378,0.1267224,0.20851233
2qd4_CHD_B_926,0,0.98872195,0.12374182,0.098481126,0.48229443,0.12670949,0.20849022
2qd4_CHD_B_927,2.0706733e-09,0.99041594,0.12374772,0.098507787,0.48229282,0.12674153,0.20854509
2qd4_CHD_B_928,0,0.94293071,0.12358222,0.097760429,0.48233803,0.12584339,0.20700726
2qg6_NMN_A_301,0,0.65363387,0.12257406,0.093207869,0.48261345,0.12037234,0.19763952
2qgw_EES_A_1,0,0.65363387,0.12257406,0.093207869,0.48261345,0.12037234,0.19763952
2qgw_EES_B_1,0,0.65363387,0.12257406,0.093207869,0.48261345,0.12037234,0.19763952
2qhv_OC9_A_1001,0.9896149,0.98433836,0.10738199,0.094212731,3.1956239e-06,0.10629996,0.18679462
2qim_ZEA_A_159,0.99028936,0.65388172,0.1255718,0.090371456,0.48268911,0.10407185,0.19517937
2qim_ZEA_A_160,0,0.65363387,0.12257406,0.093207869,0.48261345,0.12037234,0.19763952
2qim_ZEA_A_161,0,0.65363387,0.12257406,0.093207869,0.48261345,0.12037234,0.19763952
2qim_ZEA_A_162,0,0.65363387,0.12257406,0.093207869,0.48261345,0.12037234,0.19763952
2qs2_UBF_A_603,0,0.65363387,0.12257406,0.093207869,0.48261345,0.12037234,0.19763952
2qs2_UBF_B_602,0.97744816,0.6538785,0.12553293,0.090408236,0.48268813,0.10428322,0.19521128
2qse_1HP_A_1,0.99307504,0.65388241,0.12558023,0.090363478,0.48268933,0.104026,0.19517245
2qui_LTN_A_501,0,0.65363387,0.12257406,0.093207869,0.48261345,0.12037234,0.19763952
2qui_LTN_B_478,0,0.65363387,0.12257406,0.093207869,0.48261345,0.12037234,0.19763952
2qvr_FDP_A_333,0.97305232,0.6538774,0.12551962,0.090420827,0.4826878,0.10435558,0.1952222
2qx4_ML1_A_233,0.43266812,0.65374216,0.12388381,0.09196861,0.48264651,0.11325048,0.19656465
2qx4_ML1_B_233,0.98086065,0.65433462,0.10619565,0.089040802,3.1383347e-07,0.10019742,0.1761149
2qx9_ML2_A_233,0,0.65363387,0.12257406,0.093207869,0.48261345,0.12037234,0.19763952
2qx9_ML2_A_234,0,0.65363387,0.12257406,0.093207869,0.48261345,0.12037234,0.19763952
2qxf_TMP_A_3000,0.97848271,0.65432749,0.1064663,0.08906711,0.0069316859,0.10029443,0.17639492
2r0g_7CK_A_1355,0.99235832,0.98968096,0.14663753,0.097051945,0.97860672,0.11453823,0.22568198
2r3d_ACM_A_303,0.72149965,0.99277008,0.14643612,0.097919916,0.9937472,0.11918272,0.22705619
2r4j_13P_A_1968,0,0.95327715,0.10428698,0.096561704,0.00018027954,0.12200692,0.18826109
2r4t_250_A_503,1.2679296e-07,0,0.1009313,0.081555976,1.9627898e-07,0.10396962,0.15735606
2r5e_QLP_A_430,0,0.65363387,0.12257406,0.093207869,0.48261345,0.12037234,0.19763952
2r5e_QLP_B_430,0,0.65363387,0.12257406,0.093207869,0.48261345,0.12037234,0.19763952
2rbx_3AY_X_2001,0,0.65363387,0.12257406,0.093207869,0.48261345,0.12037234,0.19763952
2rhx_MLY_A_537,0.95165604,0,0.123176,0.080191453,0.48330867,0.092340935,0.17410041
2ri1_GLP_A_234,0,0.89474045,0.1174097,0.93365872,0.32933184,0.12396038,0.19991458
2ri1_GLP_B_234,0.52510227,0.65376529,0.12416362,0.091703858,0.48265357,0.11172898,0.19633502
2rtn_IMI_B_300,0.9909278,0.6534064,0.14578089,0.091787604,0.98680205,0.10827,0.21511369
2rtn_IMI_D_300,0.99444179,0.65340798,0.14576176,0.091775451,0.9860596,0.10820595,0.21507559
2tmk_ATM_A_217,0.9804427,0.65387925,0.12554199,0.090399659,0.48268836,0.10423393,0.19520384
2tmk_ATM_B_217,0.99067127,0.65388181,0.12557296,0.090370363,0.48268914,0.10406556,0.19517843
2uuj_896_B_1250,0,0.98661085,0.12373446,0.0984479,0.48229644,0.12666956,0.20842186
2uyv_TLA_A_1275,0,0.65363387,0.12257406,0.093207869,0.48261345,0.12037234,0.19763952
2uyv_TLA_A_1277,0,0.65363387,0.12257406,0.093207869,0.48261345,0.12037234,0.19763952
2uyv_TLA_B_1275,0,0.65363387,0.12257406,0.093207869,0.48261345,0.12037234,0.19763952
2uyv_TLA_C_1275,0.99323161,0.65374201,0.13154984,0.090781895,0.63159596,0.10526664,0.20106107
2uyv_TLA_D_1275,0,0.65363387,0.12257406,0.093207869,0.48261345,0.12037234,0.19763952
2uza_HTL_B_1236,0,0,0.12016392,0.08287327,0.47999337,0,0.17627067
2v32_BEZ_B_1220,0.99633597,0.96973012,0.14177836,0.096388343,0.85883692,0.11309385,0.22028641
2v32_BEZ_D_1221,0.9705932,0.9540522,0.13342261,0.095636212,0.65370823,0.11150593,0.21172594
2v60_C17_A_1503,0.98825756,0.99078766,0.14733608,0.097130923,0.99624544,0.11477417,0.22642599
2v60_C17_B_1498,0.9941897,0.99522476,0.14726178,0.097176163,0.99355552,0.11473796,0.22644859
2v7o_DRN_A_1303,0.94648488,0.65387075,0.1254392,0.090496922,0.48268577,0.10479289,0.1952882
2vez_G6P_A_202,0.86239075,0,0.10356903,0.079085431,0.00073660641,0.089777267,0.15523602
2vjb_CCD_A_1539,0.87407036,0,0.10624352,0.079237828,0.066573815,0.090135454,0.15781194
2vjb_CCD_A_1540,0,0.65363387,0.12257406,0.093207869,0.48261345,0.12037234,0.19763952
2vjb_CCD_B_1539,0,0,0.12029579,0.082919875,0.48323573,0.10800871,0.17647006
2vjb_CCD_B_1540,0.00014870783,0.9911866,0.10562961,0.097243153,0.030340774,0.12297389,0.19068283
2vkg_CF4_A_1064,0.00012713225,0.6536339,0.12257445,0.093207505,0.48261346,0.12037025,0.1976392
2vlf_PLI_B_1459,0,0.65363387,0.12257406,0.093207869,0.48261345,0.12037234,0.19763952
2vmp_PLP_A_501,0.99157569,0.65388204,0.1255757,0.090367772,0.48268921,0.10405068,0.19517618
2vmw_PLP_A_501,0,0.64590518,0.12241489,0.093070841,0.4791766,8.5169984e-07,0.19724789
2vp5_DCZ_A_1210,0.99219234,0.98930056,0.14719877,0.097086092,0.99265351,0.11465121,0.22622586
2vp5_DCZ_B_1210,0.98266904,0.9933593,0.14704135,0.097167221,0.98908917,0.11485499,0.22624012
2vss_V55_D_1250,0.002850117,0.97471469,0.10634052,0.0970297,0.049314917,0.12277642,0.19089297
2vsu_V55_D_1251,0.0038107567,0.98219135,0.12616374,0.098538789,0.54310222,0.12703074,0.21067091
2vzu_PNJ_A_1901,0,0.65363387,0.12257406,0.093207869,0.48261345,0.12037234,0.19763952
2vzu_PNJ_B_1904,0.99140071,0.65388199,0.12557517,0.090368273,0.4826892,0.10405356,0.19517661
2w0b_CMW_A_1450,5.77721e-06,0.86660758,0.12331623,0.096559181,0.48241069,0.12439971,0.20453549
2w1a_TSA_C_1091,0.94764895,0.99316705,0.1470624,0.097273594,0.99227351,0.11545456,0.22644716
2w1a_TSA_D_1091,0.97137595,0.99394766,0.10736045,0.094416273,0,0.10678203,0.18715141
2w7k_PLP_A_501,0.79909884,0.65383387,0.12499304,0.090919069,0.48267451,0.10721891,0.19565434
2wch_B7M_A_1145,0,0.65363387,0.12257406,0.093207869,0.48261345,0.12037234,0.19763952
2wd2_MS5_A_1263,0.67091075,0.65380178,0.124605,0.091286229,0.48266471,0.10932893,0.1959728
2wdq_CBE_C_1130,0.98982153,0.6538816,0.12557039,0.090372796,0.48268908,0.10407955,0.19518054
2wdq_CBE_G_1130,0.99426637,0.98345321,0.10707467,0.094067203,7.6884478e-08,0.10602143,0
2wdq_CBE_K_1130,0.991867,0.65388211,0.12557658,0.090366938,0.48268923,0.10404588,0.19517545
2wdq_TEO_A_1589,0.98038844,0.6876402,0.12561952,0,0.48176279,0.10483511,0.1962159
2wdq_TEO_E_1589,0,0.65363387,0.12257406,0.093207869,0.48261345,0.12037234,0.19763952
2whq_HI6_A_1543,0.0044690692,0.65363499,0.12258759,0.093195068,0.48261379,0.12029878,0.19762842
2wj4_HQD_A_1281,0,0.65363387,0.12257406,0.093207869,0.48261345,0.12037234,0.19763952
2wj4_HQD_C_1277,0.026462154,0,0.14077803,0.084280997,0.99203035,0.11182857,0.1965424
2wj4_HQD_D_1278,0.0048803844,0.99555117,0.14429348,0.10001942,0.99412005,0.13103697,0.22894698
2wu4_HBP_B_1545,0.98368864,0.98260099,0.10743326,0.094207679,0.0018817005,0.10638037,0.18682741
2wzh_NGO_A_1589,0.98786212,0.98723503,0.14723458,0.097069951,0.99405449,0.11469514,0.22622514
2wzv_FMN_A_801,0.00037572046,0.65363396,0.1225752,0.093206793,0.48261348,0.12036615,0.19763858
2wzv_FMN_B_801,0.98355615,0.65388003,0.12555142,0.090390742,0.4826886,0.10418268,0.1951961
2x05_X05_A_1900,0.98629595,0.65388072,0.12555971,0.090382894,0.48268881,0.10413758,0.19518929
2x05_X05_B_1900,0,0.65363387,0.12257406,0.093207869,0.48261345,0.12037234,0.19763952
2x0u_X0U_B_1291,7.3080386e-05,0.99578285,0.1443105,0.10003901,0.99488689,0.13112692,0.22899681
2x6o_2TC_A_1209,0,0,0.12029579,0.082919875,0.48323573,0.10800871,0.17647006
2xh0_PEP_A_1440,0,0.65363387,0.12257406,0.093207869,0.48261345,0.12037234,0.19763952
2xh0_PEP_B_1440,0.99111711,0.65388192,0.12557431,0.090369086,0.48268918,0.10405822,0.19517732
2xhk_AKG_A_519,0.92365457,0.85769051,0.10674984,0.092409188,0.00030766263,0.10499234,0.1828661
2xhk_AKG_B_519,0.95040386,0,0.10382299,0.078832221,0.00043138965,0.088325656,0.15500461
2xmi_FLC_A_1379,0,0.64855782,0.12252084,0,0.4817126,0.12026434,0.19743856
2xoz_AMP_B_1664,0.09174073,0,0.11003667,0.081914717,0.22022367,0.10430054,0.16584115
2xta_TPP_B_2001,0.52494055,0,0.12188467,0.081414724,0.48327596,0.099365484,0.17516282
2xta_TPP_C_2001,0.95225006,0.97577661,0.1265787,0.095547258,0.48237975,0.11078709,0.20569986
2xta_TPP_D_2001,0,0.97076316,0.12367923,0.098198477,0.48231153,0.12636982,0.20790862
2xul_AKG_A_201,0,0.65363387,0.12257406,0.093207869,0.48261345,0.12037234,0.19763952
2xul_AKG_C_201,0.93368965,0.65386755,0.12540047,0.090533571,0.48268479,0.1050035,0.19531998
2xul_AKG_E_201,0.99308964,0.9127243,0.10712599,1.0144204e-70,1.5467365e-07,0.10485359,0.18440627
2xul_AKG_F_201,0.99389446,0.65433623,0.10630563,0.089008419,0.0017602733,0.099997563,0.1761521
2xya_7L4_A_1181,0.99324319,0.97457555,0.14718485,0.096853737,0.99351733,0.11436254,0.22578015
2xyj_WLM_A_1442,0,0.65363387,0.12257406,0.093207869,0.48261345,0.12037234,0.19763952
2xyj_WLM_B_1441,0.85546994,0.65384797,0.12516368,0.09075761,0.48267881,0.10629102,0.1955143
2xyj_WLM_B_1442,0.92627018,0.65386569,0.12537801,0.090554822,0.48268422,0.10512563,0.19533841
2y00_Y00_A_601,0.98063099,0.98996936,0.1457164,0.097027658,0.95648764,0.11455182,0.22484535
2y00_Y00_B_601,0.99473563,0.9853551,0.14698325,0.097001951,0.98743094,0.11449103,0.225885
2y2f_YI1_A_1469,0.83272339,0,0.12281604,0.080532436,0.48329956,0.094299006,0.17439655
2y4j_LAC_B_400,0.9640357,0.64718396,0.11110432,0.089322851,0.12507775,4.9272776e-05,0.18083691
2y5a_3AP_A_1295,0.15692001,0.65367314,0.12304908,0.092758414,0.48262544,0.11778938,0.19724969
2ye5_2A7_A_1224,0.99016123,0.8793011,0.13447522,0.094491939,0.68504063,0.11003146,0.21049407
2yi6_6QM_A_1225,0.97225952,0.94474047,0.12653109,0.09500142,0.48241083,0.10987064,0.20464492
2yjd_YJD_A_1498,0.99391657,0.65388262,0.12558278,0.090361067,0.48268939,0.10401214,0.19517036
2yjd_YJD_B_1498,0,0.65363387,0.12257406,0.093207869,0.48261345,0.12037234,0.19763952
2ynf_WHU_A_1563,0,0,0.12029579,0.082919875,0.48323573,0.10800871,0.17647006
2yp6_C6W_B_1186,1.2670129e-07,0.93108995,0.10420182,0.096211953,0,0.12158564,0.18753482
2z1z_MLT_A_433,0.97083013,0,0.11053143,0.0792418,0.16624079,0.08937573,0.16151439
2z20_PLP_A_701,0,0.93983054,0.12357142,0.097711636,0.48234098,0.12578476,0.20690686
2z20_PLP_B_801,0,0.99387726,0.14202509,0.099848745,0.93804712,0.13061681,0.22668621
2z48_A2G_A_1001,0,0.65363387,0.12257406,0.093207869,0.48261345,0.12037234,0.19763952
2z48_A2G_A_1005,0.98852892,0.65346472,0.14326954,0.091618758,0.92433055,0.10778794,0.21264917
2z48_A2G_B_2001,0,0.652084,4.3745577e-63,0.093135673,0.46534484,0.12020456,0.19690638
2z48_A2G_B_2005,0,0.65363387,0.12257406,0.093207869,0.48261345,0.12037234,0.19763952
2z48_NGA_A_1002,0,0.65363387,0.12257406,0.093207869,0.48261345,0.12037234,0.19763952
2z48_NGA_A_1003,0,0.65363387,0.12257406,0.093207869,0.48261345,0.12037234,0.19763952
2z48_NGA_A_1004,0,0.65363387,0.12257406,0.093207869,0.48261345,0.12037234,0.19763952
2z48_NGA_B_2002,0.97904807,0.6538789,0.12553777,0.090403654,0.48268825,0.10425688,0.1952073
2z48_NGA_B_2003,0.98433886,0.65367175,0.13441415,0.091010249,0.70372509,0.10601519,0.20393558
2z48_NGA_B_2004,0,0.65363387,0.12257406,0.093207869,0.48261345,0.12037234,0.19763952
2z48_NGA_B_2006,0.13471393,0.65366759,0.12298186,0.092822018,0.48262374,0.1181549,0.19730485
2z6j_TUI_A_501,3.3648333e-12,0.96635597,0.12366387,0.098129114,0.48231572,0.12628646,0.20776589
2z6j_TUI_B_502,0.86731063,0.95188172,0.12623835,0.095414706,0.48239598,0.11173356,0.20513751
2z7s_P01_A_1,0.73019444,0.95488661,0.11055953,0.094779296,0.10142447,0.11086188,0.19049953
2zce_PYL_A_601,0.72339306,0.65381492,0.12476387,0.091135908,0.48266872,0.10846505,0.19584242
2zgw_ADN_A_1301,0.9912198,0.96445073,0.147099,0.096697056,0.99241541,0.11419508,0.22541342
2zgw_BTN_A_1401,0.95145951,0.653872,0.12545426,0.090482674,0.48268615,0.104711,0.19527584
2zi2_24U_H_801,0.94760229,0.65387103,0.12544258,0.090493722,0.48268585,0.10477449,0.19528542
2zka_AZA_A_302,0.1524748,0.65367203,0.12303562,0.092771146,0.4826251,0.11786255,0.19726073
2zm7_ACA_A_501,0,0.65363387,0.12257406,0.093207869,0.48261345,0.12037234,0.19763952
2zm9_ACA_A_501,0,0.65363387,0.12257406,0.093207869,0.48261345,0.12037234,0.19763952
2ztl_3HL_A_301,0.99795886,0.96113066,0.14709183,0.096624354,0.99201901,0.114018,0.22527333
2ztl_3HL_B_301,0.987304,0.9548612,0.14619833,0.096497107,0.97108292,0.11389975,0.22426829
2ztl_3HL_C_301,0.99514346,0.96795015,0.14724034,0.096749142,0.99533857,0.11422113,0.22563273
2ztl_3HL_D_301,0,0.96960408,0.10433711,0.096818192,0,0.12231432,0.18878315
2zut_A2G_A_4001,0,0.65363387,0.12257406,0.093207869,0.48261345,0.12037234,0.19763952
2zut_A2G_B_4002,0.00016298939,0.65363391,0.12257455,0.093207402,0.48261346,0.12036966,0.19763911
2zut_A2G_D_4004,0.98132327,0.65387947,0.12554466,0.090397137,0.48268843,0.10421943,0.19520165
2zuw_NDG_B_4002,0,0.65363387,0.12257406,0.093207869,0.48261345,0.12037234,0.19763952
2zuw_NDG_C_4003,8.3746197e-05,0.65363389,0.12257432,0.093207629,0.48261346,0.12037096,0.19763931
2zuw_NDG_D_4004,0.99186384,0.65388211,0.12557657,0.090366947,0.48268923,0.10404593,0.19517546
2zvq_1NP_X_502,0,2.6746594e-06,0.1009313,0.081556017,0,0.10396968,0.15735614
2zwt_CAM_A_422,0,0,0.12029579,0.082919875,0.48323573,0.10800871,0.17647006
2zyv_NPO_X_1601,0,0.90029235,0.10409393,0.095727199,7.123906e-06,0.12100302,0.18653688
3mk1_NPO_A_911,0.99454875,0.65431344,0.10728297,0.089074988,0.026093389,0.10018994,0.17711274
3mk1_NPO_A_912,0,0.65363387,0.12257406,0.093207869,0.48261345,0.12037234,0.19763952
3mk1_NPO_A_913,0.9948701,0.65433775,0.10625399,0.089001794,0.00039834249,0.099970133,0.17609581
3qfx_CP6_A_602,0.99170231,0.65388207,0.12557608,0.090367409,0.48268922,0.10404859,0.19517586
3qfx_CP6_B_702,0.98832834,0.65388122,0.12556587,0.090377073,0.48268896,0.10410413,0.19518425
3qgz_ADN_A_127,0.99129892,0.65388197,0.12557486,0.090368565,0.48268919,0.10405523,0.19517687
3qhd_795_A_167,0.82748813,5.4053409e-05,0.14314965,0.081981561,0.99075318,0.098630713,0.19449737
3qhd_MSR_A_166,0,0.99091825,0.10441901,0.097154187,0.0001756332,0.12271905,0.18948094
3qss_MTG_A_405,0.81927462,0.9762163,0.14316291,0.097131736,0.90616657,0.11652746,0.22281062
3qss_MTG_B_405,0,0.97090356,0.14053407,0.09938779,0.90286485,0.12988799,0.2245495
3qt8_FM0_B_328,0,0.65363387,0.12257406,0.093207869,0.48261345,0.12037234,0.19763952
3qwi_CUE_B_272,0.99810223,0.65433355,0.10647673,0.08900748,0.0057113971,0.099961286,0.17629789
3qwi_CUE_D_272,3.9190748e-06,0.65363387,0.12257407,0.093207857,0.48261345,0.12037227,0.19763951
3r3z_GOA_B_305,0.96315003,0.6538832,0.12513824,0.090424531,0.47391131,0.10444538,0.19490011
3r51_MMA_A_200,0.97276311,0.96556947,0.14689677,0.096756995,0.98866503,0.11448876,0.22534729
3rgz_BLD_A_800,0.025871044,0,0.12037409,0.082845702,0.48323771,0.10758278,0.17640564
3ro7_TDR_A_300,0,0.65363387,0.12257406,0.093207869,0.48261345,0.12037234,0.19763952
3roe_THM_A_265,0,0.65363387,0.12257406,0.093207869,0.48261345,0.12037234,0.19763952
3roe_THM_B_265,0,0.65363387,0.12257406,0.093207869,0.48261345,0.12037234,0.19763952
3roe_THM_D_265,0,0.65363387,0.12257406,0.093207869,0.48261345,0.12037234,0.19763952
3roe_THM_E_265,0,0.65363387,0.12257406,0.093207869,0.48261345,0.12037234,0.19763952
3roe_THM_F_265,0.39800016,0.65373348,0.12377886,0.092067906,0.48264386,0.11382113,0.19665078
3rsc_TYD_A_397,0,0.65363387,0.12257406,0.093207869,0.48261345,0.12037234,0.19763952
3rsc_TYD_B_397,0.94311174,0.65386991,0.12542899,0.090506584,0.48268551,0.10484841,0.19529658
3ryd_SRT_A_267,0.977592,0.11164381,0.1080335,0.080774763,0.093633642,0.09076959,0.16224328
3ryd_SRT_A_271,0,0.4721969,0.12194156,0.090351665,0.48278618,0.11693989,0.19176235
3se2_3AB_C_4,0.9965687,0.97637724,0.14704496,0.096861554,0.98961868,0.11430928,0.225676
3se2_3AB_D_3,0.99562959,0.98617436,0.14427701,0.096821281,0.91978108,0.11392617,0.22323258
3se2_LDR_A_1,0.99714113,0.65388343,0.12559254,0.090351831,0.48268964,0.10395907,0.19516235
3se2_LDR_B_2,0.99832843,0.65388373,0.12559614,0.090348431,0.48268973,0.10393952,0.1951594
3sj1_DXC_X_75,0.9831885,0.98290361,0.10735738,0.094208563,0,0.1063786,0.18676401
3sjh_LAR_A_503,0,0.65363387,0.12257406,0.093207869,0.48261345,0.12037234,0.19763952
3sli_SKD_A_760,0,0.65363387,0.12257406,0.093207869,0.48261345,0.12037234,0.19763952
3sp6_IL2_A_901,0,0.65363387,0.12257406,0.093207869,0.48261345,0.12037234,0.19763952
3sru_Q26_X_169,0,0.95059734,0.12360894,0.097881092,0.48233073,0.1259884,0.20725554
3t2e_F6R_A_3469,0,0.65363387,0.12257406,0.093207869,0.48261345,0.12037234,0.19763952
3t3q_9PL_A_501,0.76479508,0.65382528,0.1248892,0.091017323,0.48267188,0.10778356,0.19573956
3t3q_9PL_B_501,0.00011128351,0.6536339,0.1225744,0.09320755,0.48261346,0.12037051,0.19763924
3t3q_9PL_D_501,6.7448191e-05,0.65363389,0.12257427,0.093207676,0.48261345,0.12037123,0.19763935
3te7_TE7_A_1,0.97875617,0.65387883,0.12553689,0.09040449,0.48268823,0.10426169,0.19520803
3te7_TE7_B_1,0,0.65363387,0.12257406,0.093207869,0.48261345,0.12037234,0.19763952
3tky_N7I_A_369,0,0.65363387,0.12257406,0.093207869,0.48261345,0.12037234,0.19763952
3tky_N7I_B_369,0.08238235,0.65365449,0.12282344,0.092971907,0.48261974,0.1190163,0.19743486
3tky_N7I_C_369,0.98277996,0.65387984,0.12554907,0.090392965,0.48268854,0.10419546,0.19519803
3tky_N7I_D_369,0.91531158,0.65386295,0.12534483,0.09058621,0.48268338,0.10530601,0.19536564
3tye_XHP_B_901,0.99356677,0.99357731,0.14737483,0.09716052,0.99656712,0.11474222,0.22651591
3tye_XTZ_A_801,0.92288041,0.65356948,0.1379206,0.09144539,0.79584104,0.10779587,0.20773118
3tye_YTZ_B_902,0.00096460382,0.40113449,0.1216968,0.089230466,0.48285391,0.11557992,0.18945856
3tyn_CXW_A_800,0,0.65363387,0.12257406,0.093207869,0.48261345,0.12037234,0.19763952
3tyn_CXW_B_800,0,0.65363387,0.12257406,0.093207869,0.48261345,0.12037234,0.19763952
3u1t_MLI_B_350,0.99701817,0.65433849,0.10625206,0.088995049,0.00018807884,0.099933019,0.17608216
3u3o_3QV_A_296,0,0.99201587,0.10441589,0.097170972,1.4329771e-06,0.12273836,0.18950963
3u3o_3QV_A_297,3.4594526e-05,0.98927618,0.10440689,0.097127785,1.4433102e-05,0.12268606,0.18942126
3ucc_2PG_A_601,0,0.65363387,0.12257406,0.093207869,0.48261345,0.12037234,0.19763952
3ucc_2PG_B_601,0,0.65363387,0.12257406,0.093207869,0.48261345,0.12037234,0.19763952
3ucl_CYH_A_543,0.12866598,0.65366607,0.12296355,0.09283934,0.48262328,0.11825445,0.19731988
3uu7_2OH_A_1,0.99697205,0,0.12331315,0.080061531,0.48331215,0.091594866,0.17398757
3uu7_2OH_B_1,0.99680394,0,0.12331264,0.080062013,0.48331213,0.091597634,0.17398799
3uud_EST_A_600,0.98777222,0.97890557,0.14622552,0.096870106,0.96961901,0.11433472,0.22498853
3uud_EST_B_600,0.98162337,0.99303972,0.14730587,0.097184122,0.99579504,0.11492223,0.2264977
3uwb_BB2_A_154,0.98515746,0.65346823,0.14307464,0.091615455,0.91972278,0.10780497,0.21247534
3v1m_HPK_A_288,0,0.44562483,0.12184894,0.089933454,0.48281148,0.1164373,0.1909018
3v1s_0LH_B_401,0.99373495,0.99579135,0.1079712,0.094418985,0.013387532,0.10656073,0.18768516
3v7u_MTA_A_301,0.14848019,0.65367103,0.12302353,0.092782588,0.48262479,0.11792831,0.19727065
3v7u_MTA_A_302,0.98556534,0.65388053,0.1255575,0.090384987,0.48268875,0.10414961,0.19519111
3v8n_5NB_A_301,0.25908289,0.65369871,0.12335834,0.092465797,0.48263324,0.11610775,0.19699589
3vbn_TYD_A_301,0.86824118,0,0.12750658,0.080753406,0.59744717,0.094670195,0.17883187
3vbn_TYD_E_301,0.5859874,0,0.13660062,0.082263324,0.84560493,0.10139217,0.18935429
3vc3_C6P_A_501,0,0.65363387,0.12257406,0.093207869,0.48261345,0.12037234,0.19763952
3vc3_C6P_B_501,3.2435431e-05,0.65363388,0.12257416,0.093207776,0.48261345,0.12037181,0.19763944
3vc3_C6P_C_501,0.52510227,0.65376529,0.12416362,0.091703858,0.48265357,0.11172898,0.19633502
3vc3_C6P_D_501,0.52510227,0.65376529,0.12416362,0.091703858,0.48265357,0.11172898,0.19633502
3vc3_C6P_E_501,0.52510227,0.65376529,0.12416362,0.091703858,0.48265357,0.11172898,0.19633502
3vc3_C6P_F_501,0.64304037,0.95816048,0.14388339,0.097445574,0.93901863,0.11936208,0.22396446
3vca_PRO_A_504,0.90096218,0.044626171,0.10381292,0.079675206,4.7754138e-08,0.089980381,0.15655719
3vmg_9CA_C_2002,0,0.65363387,0.12257406,0.093207869,0.48261345,0.12037234,0.19763952
3vnj_PSJ_A_301,0,0,0.10076523,0.081494255,0,0.10387297,0.065552202
3vnj_PSJ_B_301,0.73477122,0.65381777,0.12479831,0.091103318,0.48266959,0.10827776,0.19581415
3vnj_PSJ_D_301,0.91312897,0.6538624,0.12533823,0.090592461,0.48268322,0.10534193,0.19537106
3vnm_SDD_A_301,0.5634226,0,0.10263531,0.079940545,0,0.09469336,0.15595194
3vnm_SDD_D_301,0,0,0.12029579,0.082919875,0.48323573,0.10800871,0.17647006
3vq4_0NX_A_304,0,0.65363387,0.12257406,0.093207869,0.48261345,0.12037234,0.19763952
3vq4_0NX_A_305,0.99491314,0.65341868,0.14531363,0.091742554,0.97484415,0.10810456,0.2146309
3vq5_MMJ_A_1007,0.99438716,0.65350572,0.14160741,0.0914841,0.88242219,0.10734164,0.21097731
3vq5_MMJ_B_307,0.9934769,0.6542069,0.1117962,0.089394988,0.13876908,0.10114825,0.18157125
3vqe_FMQ_A_1006,0.98665076,0.65344355,0.14414356,0.091685868,0.94627712,0.10800208,0.21352174
3vv5_SLZ_A_300,0.97458734,0,0.142236,0.081463279,0.95686754,0.095924503,0.19278826
3vv5_SLZ_B_301,0,0.88280155,0.14062674,0.098029329,0.91289648,0.12830499,0.22209084
3w4i_8LG_A_402,0.35536132,0.96877712,0.10601733,0.095829142,0.015176675,0.11657485,0.18847125
3w4i_8LG_B_402,0.34595657,0,0.10240702,0.080594303,0.010712321,0.098363318,0.15691775
3w4i_8LG_C_402,0.99651356,0.65432812,0.10668591,0.089027046,0.011049899,0.100032,0.17651295
3w7f_FPS_A_301,0,0.65363387,0.12257406,0.093207869,0.48261345,0.12037234,0.19763952
3w7f_FPS_A_302,0.96497093,0.65433064,0.10614757,0.089086316,0,0.10045897,0.1761544
3w7f_FPS_B_301,0,0.65363387,0.12257406,0.093207869,0.48261345,0.12037234,0.19763952
3w7f_FPS_B_302,0,0.65363387,0.12257406,0.093207869,0.48261345,0.12037234,0.19763952
3w8x_FTK_A_601,1.1143835e-07,0.65363387,0.12257406,0.093207868,0.48261345,0.12037234,0.19763952
3wat_BGC_A_403,0.52510227,0.65376529,0.12416362,0.091703858,0.48265357,0.11172898,0.19633502
3wat_BGC_B_403,0.52510227,0.65376529,0.12416362,0.091703858,0.48265357,0.11172898,0.19633502
3wat_BMA_A_404,0.99386302,0,0.10459655,0.078752842,0.016449917,0.087744073,0.15553012
3wat_BMA_B_404,0.99042,0,0.10448526,0.078755609,0.013933567,0.087779719,0.15543913
3wca_FPS_A_501,0,0.65363387,0.12257406,0.093207869,0.48261345,0.12037234,0.19763952
3wca_FPS_B_401,0,0.65363387,0.12257406,0.093207869,0.48261345,0.12037234,0.19763952
3wca_FPS_C_401,0.93488302,0.65386785,0.12540408,0.090530153,0.48268488,0.10498386,0.19531702
3wca_FPS_C_402,0,0.65363387,0.12257406,0.093207869,0.48261345,0.12037234,0.19763952
3wca_FPS_D_401,0,0.772551,0,0.093876884,0.062996951,0.11907449,0.18470434
3wgc_PLG_A_401,0,0.65363387,0.12257406,0.093207869,0.48261345,0.12037234,0.19763952
3wgc_PLG_B_401,0.99242287,0.65388225,0.12557826,0.090365346,0.48268928,0.10403673,0.19517407
3wgc_PLG_D_401,0.97951194,0.65387902,0.12553918,0.090402325,0.48268829,0.10424925,0.19520615
3wjz_NUP_A_301,0,0,0.12029579,0.082919875,0.48323573,0.10800871,0.17647006
3wk1_O7E_A_301,0.98620248,0,0.12328055,0.080092408,0.48331132,0.091772173,0.17401439
3wlf_FEH_A_401,0.99626471,0.6534335,0.14470228,0.091695497,0.95949053,0.10795414,0.21402037
3wlf_FEH_C_401,0.9948248,0.65433811,0.10623841,0.08900084,1.32047e-05,0.099967663,0.17608069
3wqs_KBK_B_503,0.99157589,0.89480911,0.14394107,0.09539456,0.91971244,0.11226373,0.22027861
3wsg_CIT_A_302,0.98930535,0.7378061,0.12586144,0.09169566,0.48260914,0.10567603,0.19790082
3wsg_CIT_B_302,0.98773373,0.98369108,0.11688673,0.094877945,0.23730957,0.10830287,0.19616798
3wsg_CIT_C_302,0.91616998,0.4838645,0.12475503,0.087908617,0.4828453,0.10207703,0.18985892
3wsg_CIT_D_302,0,0.73575232,0.12286013,0.094499699,0.48253527,0.1219248,0.2002977
3wsg_CIT_E_302,0,0.63532418,0.12251011,0.092919086,0.48263088,0.12002529,0.19704529
3wsg_CIT_F_302,0.98695186,0.82511065,0.12615861,0.093076473,0.48252584,0.10736606,0.20073407
3wug_XYP_B_2,0,0,0.12029579,0.082919875,0.48323573,0.10800871,0.17647006
3wug_XYP_C_2,0.24022558,0,0.12102284,0.082231142,0.48325414,0.10405371,0.17587189
3wur_O4B_A_201,0,0.18494934,0.1209404,0.085830747,0.48305965,0.11150686,0.18245972
3wur_O4B_A_202,0.97220594,0.38204476,0.12456974,0.086145445,0.48294653,0.09922864,0.18642192
3wur_O4B_B_201,0.83349925,0.10187215,0.12317345,0.082133552,0.48320263,0.096213052,0.17769379
3wur_O4B_B_202,0.63647398,0.86049093,0.12522119,0.094638143,0.4824653,0.11380541,0.20275257
3wur_O4B_B_204,0.61499371,0.057226008,0.12235653,0.082057338,0.48322839,0.098966019,0.17679199
3wwc_BUA_A_402,0,0,0.10093129,0.081555976,6.7551523e-08,0.10396963,0.15735605
3wwc_BUA_A_403,0.97680429,0.98285024,0.10733924,0.094226123,3.367669e-05,0.10648298,0.18677952
3wxo_NIZ_A_802,0,0.65363387,0.12257406,0.093207869,0.48261345,0.12037234,0.19763952
3wxo_NIZ_A_804,0.0010568972,0.0018437698,1.8252423e-22,0.081565252,2.4608157e-06,0.10395031,0.15723622
3wzo_ZOE_A_201,0,0.65363387,0.12257406,0.093207869,0.48261345,0.12037234,0.19763952
3wzo_ZOE_B_201,0,0.65363387,0.12257406,0.093207869,0.48261345,0.12037234,0.19763952
3wzo_ZOE_C_201,0,0.65363387,0.12257406,0.093207869,0.48261345,0.12037234,0.19763952
3wzo_ZOE_D_201,0.94673785,0.65387082,0.12543997,0.090496198,0.48268579,0.10478872,0.19528757
3zcm_PX3_A_1214,0.52510227,0.65376529,0.12416362,0.091703858,0.48265357,0.11172898,0.19633502
3zcm_PX3_B_1216,0.52510227,0.65376529,0.12416362,0.091703858,0.48265357,0.11172898,0.19633502
3zjq_NCA_B_300,0.62367951,0.98803469,0.10628834,0.095320121,5.9838391e-06,0.11239473,0.18782649
3zks_WZV_A_1398,0,0.96643685,0.10437891,0.096772066,0.0013204761,0.12226544,0.18873274
3zog_A2Q_A_200,0,0,0.12029579,0.082919875,0.48323573,0.10800871,0.17647006
3zp7_PRE_A_1118,0,0,0.11924808,0.082754911,0.4575888,0.10767714,0
3zr0_8OG_A_1157,0.9732504,0.65360108,0.13726584,0.091244473,0.77570494,0.10679864,0.20680965
3zwe_FUC_B_110,0.94357148,0.97349123,0.14716737,0.096988704,0.99692369,0.11518831,0.22600357
3zwe_FUC_C_110,0.99039133,0.97849478,0.14736124,0.096935666,0.99778929,0.11451936,0.22608332
3zwt_KFZ_A_1401,0.98430495,0,0.10390825,0.078733804,5.3647083e-07,0.087763901,0.15490307
3zwt_ORO_A_1398,0.20988912,0.6536864,0.12320942,0.092606699,0.48262949,0.11691749,0.1971181
3zyx_MBT_A_601,0.99571843,0,0.12330935,0.080065125,0.48331205,0.091615505,0.17399069
3zzm_JLN_A_1526,0.96898039,0.65387638,0.1255073,0.09043249,0.48268749,0.1044226,0.19523231
3zzv_FUC_B_401,0,0.97359332,0.1443418,0.099697653,0.99761764,0.13073113,0.22838583
4a01_2PN_A_1773,0,0,0.12029579,0.082919875,0.48323573,0.10800871,0.17647006
4a01_2PN_B_1773,0.99262336,0,0.12329998,0.080073999,0.48331181,0.091666462,0.1739984
4a3u_NCA_B_1359,0.77207458,0.6538271,0.12491124,0.090996473,0.48267244,0.10766374,0.19572148
4a78_JZ3_A_1296,0.24517586,0.98732924,0.11292412,0.096942434,0.19416268,0.12023651,0.19642922
4a7a_RGZ_A_601,0.99485876,0.65388286,0.12558563,0.090358369,0.48268946,0.10399664,0.19516802
4a7a_RGZ_B_601,0.98458192,0.65388029,0.12555452,0.090387804,0.48268868,0.1041658,0.19519355
4a8p_PAO_B_1340,0.52510227,0.65376529,0.12416362,0.091703858,0.48265357,0.11172898,0.19633502
4a8p_PAO_C_1340,0.5237709,0.65220398,1.9050358e-41,0.091633881,0.46525933,0.11157574,0.19559894
4a8p_PAO_D_1340,0.52510227,0.65376529,0.12416362,0.091703858,0.48265357,0.11172898,0.19633502
4a8p_PAO_E_1338,0.52510227,0.65376529,0.12416362,0.091703858,0.48265357,0.11172898,0.19633502
4a8p_PAO_F_1340,0.52510227,0.65376529,0.12416362,0.091703858,0.48265357,0.11172898,0.19633502
4a9j_TYL_A_1188,0.99415303,0.99128895,0.10743148,0.094309926,0.00028638637,0.10635912,0.1870198
4a9j_TYL_B_1187,0.99918209,0.99386227,0.14585124,0.097040327,0.95811048,0.11433362,0.22498951
4a9j_TYL_C_1184,0.99701044,0.99584009,0.13141674,0.096060993,0.5980144,0.11139594,0.21081088
4adl_LMR_D_1468,0,0.65363387,0.12257406,0.093207869,0.48261345,0.12037234,0.19763952
4ajj_88R_B_1333,0.99150414,0.65340457,0.14586658,0.091791844,0.98889625,0.10827799,0.21519508
4ajj_88R_C_1335,0.9930883,0.65340322,0.14594566,0.09179252,0.99074973,0.10826739,0.21526443
4ajj_88S_A_1332,0.97726652,0.9830246,5.6091438e-80,0.096799564,0.91896708,0.11411259,0.22290587
4ajj_88S_B_1332,0.99295854,0.98505575,0.10882584,0.094315242,0.035706876,0.10655701,0.18822225
4ajj_88S_C_1334,0.99264221,0.98744677,0.10740193,0.09425297,0,0.1063089,0.1868877
4ajj_88S_D_1332,0.96835044,0.97852735,0.12663702,0.095544391,0.48237836,0.11057405,0.20574885
4ajj_MLI_A_1333,0.99369265,0.65380407,0.12891861,0.090595838,0.56591784,0.10471074,0.19846263
4ajj_MLI_D_1333,0,0.65363387,0.12257406,0.093207869,0.48261345,0.12037234,0.19763952
4al9_GLA_A_1123,0.94428736,0.65338481,0.14606125,0.091950774,0.99731625,0.10912551,0.21564545
4al9_GLA_C_1123,0.94486765,0.65338724,0.14596593,0.0919423,0.99489451,0.10909574,0.21554824
4al9_GLA_D_1123,0.91528956,0.65337987,0.14587504,0.092026923,0.9948591,0.10958232,0.21562038
4al9_GLA_E_1123,0.98905997,0.6533961,0.14619333,0.091822292,0.99723239,0.10838782,0.21553081
4al9_GLA_G_1123,0.96910569,0.96471079,0.14716226,0.096773657,0.99563934,0.11459105,0.22560453
4aql_TXC_A_1452,0,0,0.12029579,0.082919875,0.48323573,0.10800871,0.17647006
4aw0_MJF_A_600,0,0,0.10093129,0.081555975,1.715285e-10,0.10396962,0.15735605
4b1f_DGL_A_1257,0.0014380996,0.98003017,0.14330745,0.099720099,0.97114198,0.13060787,0.2275433
4b1f_KRH_A_1256,0.9184049,0.97506368,0.12647378,0.095633072,0.48237783,0.11133082,0.20576104
4b1f_KRH_B_1257,0,0.95203713,0.12361396,0.097903753,0.48232936,0.12601563,0.20730217
4b98_PXG_B_470,0.52510227,0.65376529,0.12416362,0.091703858,0.48265357,0.11172898,0.19633502
4b98_PXG_C_470,0.52510227,0.65376529,0.12416362,0.091703858,0.48265357,0.11172898,0.19633502
4b98_PXG_D_470,0.52510227,0.65376529,0.12416362,0.091703858,0.48265357,0.11172898,0.19633502
4bbx_LKF_A_1760,0.97978534,0,0.10389456,0.078746761,6.3422381e-09,0.087838308,0.15491432
4bbx_LKF_B_1760,0.89580478,0,0.11616841,0.079869923,0.31252281,0.091834058,0.1674894
4bdr_CYS_B_804,0,0.64059435,0.12252848,0.093002032,0.48262586,0.12012497,0.19721597
4bdr_KAI_B_900,0.92350269,0.96895492,0.14522429,0.09684338,0.95036284,0.11504359,0.22406425
4bq5_GAL_C_1,0,0.6310171,0.1224951,0.092851298,0.48263498,0.11994383,0.19690581
4bu7_25F_A_2165,0.99542246,0,0.143717,0.081503414,0.992241,0.095877237,0.19413598
4bu7_25F_C_2165,0.99673568,0.65388333,0.12559132,0.090352993,0.48268961,0.10396574,0.19516336
4buf_F36_A_2162,0.97707337,0,0.14368777,0.081557874,0.99289624,0.096184818,0.19420763
4buf_F36_B_2162,0.97541797,0,0.14346241,0.0815471,0.98739917,0.09616611,0.19399425
4buv_16I_C_2165,0.9953134,0,0.14293643,0.081448772,0.97277691,0.095716289,0.1933661
4bux_F35_A_2166,0.81415458,0.65383763,0.12503862,0.090875946,0.48267566,0.10697109,0.19561694
4bux_F35_C_2165,0.80383236,0.65383505,0.12500737,0.090905511,0.48267487,0.10714099,0.19564258
4bvh_OCZ_B_1392,0.9877122,0,0.14388816,0.081539219,0.99709252,0.096044745,0.19434716
4bvh_OCZ_C_1394,0.98447356,0,0.14393166,0.081552258,0.9984219,0.096109182,0.19440783
4bz6_SHH_A_700,0.95973613,0.93972826,0.12647572,0.094958439,0.48241464,0.10998202,0.20451378
4bz6_SHH_C_700,0.93851565,0.94664435,0.1264356,0.095128129,0.48240643,0.1104622,0.2047906
4bz6_SHH_D_700,0.98935604,0.92309055,0.12650738,0.094611661,0.48243275,0.10917968,0.2039012
4c2p_X8Z_A_709,0.98923888,0.94641592,0.14653518,0.096384028,0.9800801,0.11378334,0.22434573
4c2z_646_A_1498,0.95322667,0.65387244,0.12545961,0.090477612,0.48268628,0.10468191,0.19527145
4c2z_646_B_1498,0,0.65363387,0.12257406,0.093207869,0.48261345,0.12037234,0.19763952
4c67_L5S_A_1170,0,0.98503551,0.1443764,0.099877367,0.99747818,0.13094645,0.22875118
4c7g_NGO_A_1495,0,0,0.12029579,0.082919875,0.48323573,0.10800871,0.17647006
4can_M7K_A_800,0,0.65363387,0.12257406,0.093207869,0.48261345,0.12037234,0.19763952
4can_M7K_B_800,0,0.65363387,0.12257406,0.093207869,0.48261345,0.12037234,0.19763952
4cb5_93G_A_1484,0,0.65363387,0.12257406,0.093207869,0.48261345,0.12037234,0.19763952
4ccu_AWF_A_1500,0.9827705,0.98554819,0.14648848,0.097006949,0.9759741,0.11459588,0.22546775
4cdt_M48_A_801,0.035791247,0.65364283,0.12268241,0.093105354,0.48261618,0.1197832,0.1975506
4cjs_L0Y_A_1217,0,0.98316231,0.10439352,0.097032227,0.000219282,0.12257267,0.18923128
4cjs_L0Y_B_1217,0.98314179,0.96678194,0.10732703,0.093956792,0.00065909587,0.10607986,0.18626766
4cjv_IV2_B_1215,0.9945621,0.99581782,0.14658815,0.097136759,0.97667082,0.11460187,0.2257988
4cjw_CBJ_A_1215,0.975414,0.65387799,0.12552677,0.090414063,0.48268798,0.1043167,0.19521633
4cjw_CBJ_A_1216,4.6666931e-07,0.65363387,0.12257406,0.093207867,0.48261345,0.12037233,0.19763952
4cjw_CBJ_B_1217,0.99189749,0.65388212,0.12557667,0.09036685,0.48268924,0.10404538,0.19517538
4cjw_CBJ_B_1218,3.6857397e-07,0.65363387,0.12257406,0.093207868,0.48261345,0.12037233,0.19763952
4cld_JUO_A_1270,0.99589984,0,0.1039674,0.078702256,0.00060131922,0.087578024,0.15489795
4cld_JUO_B_1270,0,0,0.12029579,0.082919875,0.48323573,0.10800871,0.17647006
4cld_JUO_C_1270,0,0,0.12029579,0.082919875,0.48323573,0.10800871,0.17647006
4cld_JUO_D_1270,0,0,0.12029579,0.082919875,0.48323573,0.10800871,0.17647006
4cle_JR2_A_1270,0.99282038,0,0.10395547,0.078710901,0.00053617997,0.08762818,0.15490305
4cle_JR2_A_1271,0,0.65363387,0.12257406,0.093207869,0.48261345,0.12037234,0.19763952
4cle_JR2_B_1270,0.99593436,0,0.14227939,0.081400582,0.95633931,0.095568626,0.19271416
4clo_XP0_B_1270,0,0,0.10128521,0.081580903,0.0088290075,0.10404345,0.15770539
4clo_XP0_D_1270,0.9637722,0,0.14346451,0.08158312,0.98833029,0.096365633,0.19406012
4clr_FDB_A_1270,0.14254979,0.99387604,0.1437317,0.099529847,0.96986567,0.12853587,0.22758991
4clr_FDB_C_1270,0.15304424,0.65367217,0.12303735,0.092769515,0.48262514,0.11785318,0.19725932
4clr_FDB_D_1270,0.99889934,0.65388387,0.12559787,0.090346795,0.48268977,0.10393013,0.19515798
4cme_KTZ_A_1270,0.9896458,0.65340117,0.14598556,0.09180591,0.99200478,0.10833453,0.21532262
4cme_KTZ_B_1270,0.98976229,0.65340329,0.14589709,0.091799344,0.98978889,0.10831412,0.21523471
4cme_KTZ_C_1270,0.99550674,0,0.14353243,0.081490155,0.98763019,0.095837298,0.19395333
4cme_KTZ_D_1270,0.95432119,0.65387271,0.12546292,0.090474477,0.48268637,0.1046639,0.19526873
4cmk_FQW_A_1270,0.9571559,0.65387342,0.1254715,0.090466358,0.48268658,0.10461724,0.19526169
4cmk_FQW_B_1270,0,0.65363387,0.12257406,0.093207869,0.48261345,0.12037234,0.19763952
4cmk_FQW_C_1270,0.95793718,0.65387362,0.12547387,0.09046412,0.48268664,0.10460438,0.19525975
4cmk_FQW_D_1270,0.99061305,0.6538818,0.12557278,0.090370529,0.48268914,0.10406652,0.19517857
4cno_9PY_B_301,0,0.94810296,0.12360025,0.097841834,0.4823331,0.12594122,0.20717476
4cno_9PY_C_301,0,0.92928702,0.12353467,0.097545694,0.48235102,0.12558533,0.2065654
4cno_9PY_D_301,0.99007119,0.97488296,0.14434441,0.096668209,0.92287123,0.11382989,0.22300272
4crg_J4X_A_1493,0,0.65363387,0.12257406,0.093207869,0.48261345,0.12037234,0.19763952
4cvb_PQQ_A_1608,0,0.65363387,0.12257406,0.093207869,0.48261345,0.12037234,0.19763952
4cw2_XDS_A_1303,0,0.65363387,0.12257406,0.093207869,0.48261345,0.12037234,0.19763952
4cx6_Q16_B_800,0.52510227,0.65376529,0.12416362,0.091703858,0.48265357,0.11172898,0.19633502
4cxr_2BG_A_502,0.99651084,0.9942728,0.14680068,0.097121788,0.98196121,0.11458479,0.22595319
4d06_NAR_C_301,0,0.65363387,0.12257406,0.093207869,0.48261345,0.12037234,0.19763952
4d06_NAR_E_301,0.99419914,0.65388269,0.12558364,0.090360258,0.48268941,0.10400749,0.19516966
4d06_NAR_F_301,0.97458134,0.65387778,0.12552425,0.090416448,0.48268791,0.10433041,0.1952184
4d06_NAR_F_302,0.9941494,0.65433375,0.10641432,0.089015262,0.0044526342,0.10001584,0.17625793
4d06_X8W_B_301,0.99502186,0.6543371,0.10628375,0.089003415,0.0011293498,0.099973738,0.17612434
4d06_X8W_D_303,0.99223868,0.65433723,0.10624034,0.089008932,0.0002565592,0.10001226,0.17609675
4d0z_BBK_A_1581,0.93187622,0.6538671,0.12539498,0.090538765,0.48268465,0.10503335,0.19532449
4d0z_BBK_B_1580,0.95713481,0.65387342,0.12547144,0.090466419,0.48268658,0.10461758,0.19526174
4d0z_BBK_E_1584,0.92336522,0,0.10369607,0.078874809,0.00011604205,0.0001275217,0.15496852
4d3s_BOG_F_1000,0.96742037,0.64888512,0.12545024,7.1374856e-109,0.48180164,0.10434213,0.1950386
4d3s_BOG_H_1000,0.95094108,0.65387187,0.12545269,0.090484159,0.48268611,0.10471954,0.19527713
4d4u_FUC_A_950,0.98504497,0.96898335,0.14709291,0.096785872,0.99233232,0.11438181,0.22557244
4d4u_FUC_B_950,0.99300574,0.99048334,0.14741257,0.097116971,0.99782195,0.11470341,0.22646667
4d5e_TPP_A_1589,0.36990274,0.65372645,0.12369381,0.092148384,0.48264171,0.11428362,0.19672058
4d5e_TPP_B_1590,0,0.65363387,0.12257406,0.093207869,0.48261345,0.12037234,0.19763952
4d6z_PK9_A_1600,8.3803221e-06,0.65363387,0.12257409,0.093207845,0.48261345,0.1203722,0.1976395
4d96_5PA_B_501,0,0.65363387,0.12257406,0.093207869,0.48261345,0.12037234,0.19763952
4d96_5PA_C_402,0,0.65363387,0.12257406,0.093207869,0.48261345,0.12037234,0.19763952
4d96_5PA_D_501,0,0.65363387,0.12257406,0.093207869,0.48261345,0.12037234,0.19763952
4dch_4DC_A_502,0.96829989,0,0.12322637,0.080143735,0.48330995,0.092066916,0.17405896
4dch_GLC_A_501,0,0.98351441,0.14313699,0.099766505,0.96669289,0.13066027,0.22748377
4dd8_BAT_A_1000,0,0.65363387,0.12257406,0.093207869,0.48261345,0.12037234,0.19763952
4dd8_BAT_B_1000,0.93643228,0.65386824,0.12540877,0.090525715,0.482685,0.10495835,0.19531317
4dd8_BAT_C_1000,0.59027314,0.6537816,0.1243609,0.091517193,0.48265855,0.11065625,0.19617312
4do1_ANN_B_502,0.99638973,0.98563776,0.10740691,0.094213751,1.6661633e-08,0.10621298,0.18681973
4do1_ANN_C_502,0.99806827,0.97909159,0.107389,0.094105897,8.3470383e-08,0.10606149,0.18660337
4do1_ANN_D_502,0.99500566,0.97936974,0.10738071,0.094119056,4.11256e-08,0.10611718,0.18662002
4dt8_ADN_B_401,0.9783334,0.98551584,0.14602656,0.096987581,0.96478848,0.1145748,0.22503518
4dta_ADN_A_401,0.99050774,0.97481296,0.10982391,0.094234393,0.061687314,0.1066208,0.18892435
4dta_ADN_B_401,0.98202126,0.95390452,0.11215382,0.094100696,0.12228223,0.10687159,0.19066541
4dtb_GMP_A_401,0,0.65363387,0.12257406,0.093207869,0.48261345,0.12037234,0.19763952
4du7_DP6_A_401,0.98583086,0.6538806,0.12555831,0.090384227,0.48268877,0.10414524,0.19519045
4du7_DP6_B_401,0.98082006,0.65387935,0.12554314,0.090398579,0.48268839,0.10422772,0.1952029
4dvw_0M4_B_512,0.62514079,0.99097395,0.13264029,0.097217209,0.65702038,0.11791975,0.21391462
4dwv_PFB_B_378,0.99182577,0.65342558,0.14497831,0.091728523,0.96671165,0.10808749,0.21431697
4e7v_CRS_1_101,0,0.98431918,0.11558838,0.097838639,0.27938768,0.12492876,0.20031481
4e7v_CRS_3_101,0.99789088,0.97780262,0.13535752,0.096056383,0.69783633,0.11187481,0.21417377
4e7v_CRS_E_101,0.25271518,0.9905427,0.11698719,0.097255173,0.29467062,0.12101355,0.20049145
4e7v_CRS_G_101,0.99448582,0.99519348,0.14729009,0.09717676,0.99424206,0.11473823,0.226474
4e7v_CRS_I_101,0.9978539,0.98707028,0.12551537,0.09550687,0.4515021,0.1099911,0.20472738
4e7v_CRS_M_101,0.99555703,0.98743952,0.14713121,0.097042137,0.99087744,0.11454576,0.22608688
4e7v_CRS_O_101,0.9942327,0.65340057,0.14607397,0.091798002,0.99386439,0.10827455,0.21538476
4e7v_CRS_Q_101,0.99832261,0.65352233,0.1409553,0.091426232,0.86585662,0.10713856,0.21031243
4e7v_CRS_S_101,0.18070844,0.6536791,0.12312109,0.092690279,0.48262726,0.11739782,0.19719059
4e7v_CRS_U_101,0.99700699,0.65341798,0.14537169,0.091740187,0.97613473,0.10808087,0.21467673
4e7v_CRS_Y_101,0.99746277,0.65407059,0.11764346,0.089793039,0.28434399,0.10229797,0.18731821
4e9z_651_A_301,0.99823689,0.6538837,0.12559586,0.090348693,0.48268972,0.10394103,0.19515963
4ea0_651_A_306,0.82475567,0.65384029,0.12507071,0.090845582,0.48267647,0.10679659,0.1955906
4ea0_651_B_305,0.88660388,0.65385577,0.12525793,0.090668435,0.48268119,0.10577855,0.19543696
4ejh_0QA_A_502,0.99249055,0.65354952,0.13971977,0.091357475,0.83547295,0.1069809,0.20912538
4ejh_0QA_D_502,0,0.68886984,0.12269673,0.093761828,0.4825799,0.12103806,0.19877939
4ejh_0QA_F_502,0,0,0.12029579,0.082919875,0.48323573,0.10800871,0.17647006
4ek1_CAM_A_502,0.066424545,0.6536505,0.12277514,0.093017614,0.48261852,0.11927897,0.1974745
4ek1_CAM_B_502,0.072793645,0.65365209,0.12279442,0.092999371,0.48261901,0.11917413,0.19745868
4ekr_0R0_A_202,0.9971705,0.99177384,0.11302168,0.094701879,0.13947097,0.10748237,0.1925352
4ekr_0R0_A_203,0.0064548937,0.94166089,0.10425848,0.09635984,0,0.12167936,0.18786136
4ekr_0R0_B_203,0,0.99207739,0.10946345,0.097527441,0.12591395,0.12379231,0.19449368
4evi_N7I_B_401,0.99517936,0.99259439,0.14741912,0.097143444,0.99763647,0.11470602,0.22652234
4evq_PHB_B_402,0.98976449,0.99211104,0.14730315,0.097144466,0.99519428,0.1147656,0.22642354
4evs_PHB_A_408,0.9955027,0.65339876,0.14616809,0.0918007,0.99611657,0.10827245,0.21547067
4f06_PHB_A_401,0.98213379,0.65339643,0.14608433,0.091835953,0.99503577,0.10848349,0.21546117
4f8n_GAL_A_204,0.98184816,0.65357698,0.1384074,0.091298126,0.80353539,0.10688946,0.20788885
4f8n_PC_A_202,0.9663152,0.65433098,0.10615165,0.089082466,2.5810723e-07,0.10043685,0.17615107
4fh7_TBP_A_202,0.02861531,0.020652629,0.12045438,0.083162881,0.48321826,0.10792822,0.17706765
4fm6_TYR_C_259,0.52494055,0,0.12188467,0.081414724,0.48327596,0.099365484,0.17516282
4fra_GAL_A_402,0.9772443,0.98949227,0.14564951,0.097025987,0.95511636,0.11458709,0.22478407
4g1q_T27_A_601,0,0,0.12029579,0.082919875,0.48323573,0.10800871,0.17647006
4g1x_TQU_A_409,0,0.65363387,0.12257406,0.093207869,0.48261345,0.12037234,0.19763952
4g1x_TQU_A_410,0.9971105,0.65418471,0.11278886,0.089453466,0.1632594,0.1012929,0.18253071
4gcq_0JM_A_401,0,0.64590513,0.12241489,0.09307084,0.47917658,8.6339573e-09,0.19724789
4gcq_0JM_B_401,0.00023758942,0.65363393,0.12257478,0.093207188,0.48261347,0.12036843,0.19763893
4ghf_4NC_A_402,0,0.65363387,0.12257406,0.093207869,0.48261345,0.12037234,0.19763952
4ghf_4NC_C_402,0,0.65363387,0.12257406,0.093207869,0.48261345,0.12037234,0.19763952
4ghf_4NC_D_402,0,0.65363387,0.12257406,0.093207869,0.48261345,0.12037234,0.19763952
4gim_PSU_B_400,0.97830455,0.65387872,0.12553552,0.090405784,0.4826882,0.10426912,0.19520915
4gim_PSU_C_400,0.94561269,0.65387053,0.12543656,0.09049942,0.4826857,0.10480724,0.19529036
4gmu_OXL_A_705,0,0.65363387,0.12257406,0.093207869,0.48261345,0.12037234,0.19763952
4gnp_PEP_A_703,0.99025742,0.95707198,0.27708654,0.096169717,0.83794124,0.11282858,0.21929944
4gt9_MEF_A_304,0,0,0.12029579,0.082919875,0.48323573,0.10800871,0.17647006
4gt9_UMP_A_302,0.49790126,0.65375848,0.12408128,0.091781767,0.48265149,0.11217672,0.1964026
4gy9_ZIP_A_201,0.99409346,0.65369875,0.13339983,0.090909061,0.67768399,0.10563722,0.20288151
4h4c_10D_A_402,0,0.65363387,0.12257406,0.093207869,0.48261345,0.12037234,0.19763952
4h4c_10D_B_402,0,0.65363387,0.12257406,0.093207869,0.48261345,0.12037234,0.19763952
4h9g_14J_A_512,0.0034863285,0.97718225,0.13156577,0.098842664,0.67832617,0.12807195,0.21585985
4h9x_HL4_A_404,0.58616657,0.9850088,0.12855516,0.096957109,0.55857501,0.11762544,0.20992316
4h9x_HL4_B_404,0.54444563,0.69167149,0.12435427,0.092244983,0.48261897,0.11212747,0.19751444
4hey_4MZ_A_303,0.8082825,0,0.10337586,0.079238489,0,0.090661954,0.15534172
4hey_4MZ_A_307,0.071537657,0,0.10114831,0.081350911,1.6473936e-05,0.10279196,0.15717842
4hey_4MZ_A_308,0.8286018,0,0.10344958,0.079181094,0.00030598116,0.090329972,0.15530319
4hez_1MZ_A_302,0,0.65363387,0.12257406,0.093207869,0.48261345,0.12037234,0.19763952
4hez_1MZ_A_304,0.22115159,0.65368922,0.12324352,0.092574441,0.48263035,0.11673211,0.19709012
4hez_1MZ_A_306,0.19139974,0.65368177,0.12315345,0.092659657,0.48262807,0.11722184,0.19716403
4hez_1MZ_A_307,0.076795885,0.65365309,0.12280653,0.092987908,0.48261932,0.11910825,0.19744874
4hgg_SYN_A_502,0.99810189,0.86131549,0.10697614,0.092251978,1.8623296e-05,0.10383279,0.18278663
4hgg_SYN_B_502,0.99201502,0.94275026,0.10725,0.093551706,0.00017374498,0.10547503,0.18544742
4hmx_WUB_A_302,0.0001287914,0.6536339,0.12257445,0.0932075,0.48261346,0.12037022,0.1976392
4hon_AKG_A_401,0.99662671,0.65340007,0.14612771,0.091794408,0.99502428,0.10824483,0.21542468
4hon_AKG_B_401,0.99329821,0.65339926,0.14611672,0.091803877,0.99500132,0.10829943,0.21543204
4hoz_GLC_A_703,0.99290205,0.65341691,0.14536138,0.091752093,0.97618737,0.10814888,0.21468902
4hrq_AZG_A_201,0.012747853,0.97877727,0.10590313,0.097031349,0.037300879,0.12258987,0.19052462
4hrq_AZG_B_201,0,0,0.10093129,0.081555975,0,0.10396962,0.15735605
4hxk_1AJ_A_201,1.5991157e-05,0.94145401,0.10423891,0.09637509,1.5934067e-05,0.12178159,0.18787134
4hzf_CMP_A_301,0.48825785,0.99347446,0.1252361,0.097156077,0.48232733,0.11876086,0.20742836
4hzf_CMP_A_302,0.8709495,0.98035391,0.14700318,0.097307155,0.99770562,0.11652035,0.22643793
4hzf_CMP_B_301,0,0.99239072,0.12375461,0.098538868,0.48229094,0.12677888,0.20860904
4i02_CMP_A_301,0,0.99317321,0.12375733,0.098551183,0.48229019,0.12679368,0.20863438
4i02_CMP_A_302,0.87754944,0.9840467,0.11661775,0.095203898,0.23888144,0.11013683,0.1965163
4i02_CMP_B_301,0.96012242,0.99292378,0.14716157,0.097238389,0.99382756,0.11525758,0.22646967
4i02_CMP_B_302,0.18131332,0.99049252,0.12429674,0.097989163,0.48230664,0.12375789,0.20809609
4i02_CMP_D_301,0.95881996,0.99265204,0.14714645,0.097237126,0.99357243,0.11527175,0.22645402
4i02_CMP_D_302,0.92813279,0.98902808,0.14692726,0.097260063,0.99073737,0.11568472,0.22630086
4i02_CMP_F_301,0.52976567,0.64873705,0.124125,0,0.48176136,0.11154524,0.19612433
4i0b_CMP_A_301,0.53440727,0.99449971,0.12537935,0.097039902,0.48232989,0.11802046,0.20734665
4i0b_CMP_A_302,0.97462773,0.97654145,0.14722701,0.096944503,0.99580115,0.11472532,0.22598063
4i0b_CMP_B_301,0.89837496,0.99509246,0.14704566,0.097454019,0.99540471,0.11632842,0.22675625
4i2p_G73_A_601,0.9862799,0.65388071,0.12555966,0.09038294,0.48268881,0.10413785,0.19518933
4i4v_NGA_A_201,0,0.65363387,0.12257406,0.093207869,0.48261345,0.12037234,0.19763952
4i4v_NGA_A_202,0.96863382,0.65355176,0.13929877,0.091401332,0.8267704,0.10730095,0.20884055
4i4v_NGA_B_201,0,0.65363387,0.12257406,0.093207869,0.48261345,0.12037234,0.19763952
4i4v_NGA_B_202,0,0.65363387,0.12257406,0.093207869,0.48261345,0.12037234,0.19763952
4i4v_NGA_D_201,0.98665319,0.65347221,0.14292572,0.091600403,0.91589457,0.10774839,0.21232023
4i4v_NGA_D_202,0,0.65363387,0.12257406,0.093207869,0.48261345,0.12037234,0.19763952
4i6s_FUC_A_101,0.98624321,0.94468373,0.14719749,0.096413067,0.99698009,0.1139412,0.22496575
4i6s_FUC_B_101,0.52744812,0.95106866,0.14586833,0.09783155,0.99787803,0.12162317,0.22635159
4i6s_FUC_B_102,0.97359678,0.96207217,0.1471949,0.096721241,0.99634592,0.11447309,0.22553577
4i6s_FUC_C_101,0.74154165,0.96938942,0.14635085,0.097489934,0.99215671,0.11839709,0.22618549
4i6w_1CO_B_1001,0.98595935,0.64937573,0.10662203,0,0.010918322,0.10010464,0.17636293
4i6y_MEV_A_501,0,0.97424084,0.1043933,0.096893988,0.00099556579,0.12241037,0.18897283
4i6y_MEV_B_1001,0.99439308,0.65351794,0.141088,0.091447633,0.86946354,0.10723336,0.21046484
4i7n_1DJ_A_202,0.99716477,0.99635442,0.14733006,0.097189311,0.99493549,0.11472188,0.22653239
4i7n_1DJ_B_203,0.99866992,0.99500498,0.14734575,0.097164873,0.99533162,0.11467489,0.22650058
4i9n_1E5_B_402,0.52510227,0.65376529,0.12416362,0.091703858,0.48265357,0.11172898,0.19633502
4i9n_1E5_C_402,0.52510227,0.65376529,0.12416362,0.091703858,0.48265357,0.11172898,0.19633502
4i9n_1E5_F_402,0.52510227,0.65376529,0.12416362,0.091703858,0.48265357,0.11172898,0.19633502
4i9n_1E5_H_402,0.52510227,0.65376529,0.12416362,0.091703858,0.48265357,0.11172898,0.19633502
4i9n_1E6_A_401,0.52510227,0.65376529,0.12416362,0.091703858,0.48265357,0.11172898,0.19633502
4i9n_1E6_B_401,0.89919613,0.9803116,0.12643394,0.09577074,0.48237136,0.11174633,0.20597883
4i9n_1E6_C_401,0.52510227,0.65376529,0.12416362,0.091703858,0.48265357,0.11172898,0.19633502
4i9n_1E6_D_401,0.52510227,0.65376529,0.12416362,0.091703858,0.48265357,0.11172898,0.19633502
4i9n_1E6_F_401,0,0.98514814,0.12372936,0.098424879,0.48229783,0.1266419,0.20837449
4i9n_1E6_G_401,0.52510227,0.65376529,0.12416362,0.091703858,0.48265357,0.11172898,0.19633502
4ioq_BAQ_A_201,0.99515791,0.65433818,0.10623977,0.088999911,2.1962924e-05,0.099962253,0.17608021
4iph_1FJ_A_201,0.98293708,0,0.11706259,0.079664519,0.32825542,0.090531045,0.16789475
4iph_1FJ_A_202,0.0023835989,0,0.12030301,0.082913041,0.48323591,0.10796947,0.17646412
4itu_1HS_A_302,7.9335427e-06,0.65363387,0.12257409,0.093207846,0.48261345,0.12037221,0.1976395
4itu_1HS_B_302,7.3478855e-06,0.65363387,0.12257408,0.093207848,0.48261345,0.12037222,0.1976395
4itu_1HS_D_302,5.1528215e-06,0.65363387,0.12257408,0.093207854,0.48261345,0.12037225,0.19763951
4ixw_IXW_B_302,0.00090207446,0.6536341,0.12257679,0.093205285,0.48261352,0.12035749,0.19763728
4j0k_EGR_A_501,0.9034004,0.7287984,0.12557006,0.091800182,0.48261113,0.10691997,0.197823
4j0k_EGR_B_501,0.9409488,0.77542336,0.10652215,0.091065295,0.00053170677,0.103153,0.1801654
4j4b_0TF_A_904,0.97641548,0.65387824,0.1255298,0.090411194,0.48268805,0.10430022,0.19521384
4j4b_0TF_B_301,0.97586855,0.65387811,0.12552815,0.090412761,0.48268801,0.10430922,0.1952152
4j5h_1K4_A_303,0,0.94585595,0.12359242,0.097806469,0.48233524,0.12589872,0.20710199
4j7u_YTZ_A_802,0.95283946,0.95988885,0.10722995,0.093936495,0.0011275768,0.10645226,0.18613829
4j7u_YTZ_B_802,0.94858893,0.89629386,0.1262906,0.094306795,0.48245514,0.10934402,0.20313489
4j7u_YTZ_D_802,0.99379934,0.98712551,0.10744121,0.094247195,0.00092071355,0.10629147,0.18691083
4jb0_ENO_A_402,0.93883266,0,0.14363766,0.081672134,0.99453131,0.096828089,0.19436763
4jb0_FER_A_401,0,0.65363387,0.12257406,0.093207869,0.48261345,0.12037234,0.19763952
4jh6_FCN_A_202,0.99536604,0.92701857,0.13315433,0.095122172,0.64751537,0.11053481,0.21054295
4jh6_FCN_B_202,0,0,0.13916132,0.084248636,0.95369612,0.11194372,0.19509155
4jhh_H35_A_201,0.96983172,0,0.10390083,0.078777862,0.00090745135,0.088009773,0.15497503
4jp3_CIT_A_301,0,0.65363387,0.12257406,0.093207869,0.48261345,0.12037234,0.19763952
4jwx_1N4_A_301,0.99003527,0.65388165,0.12557103,0.090372184,0.48268909,0.10407603,0.19518001
4jxh_HRC_A_301,0.98481105,0,0.12327634,0.080096397,0.48331121,0.091795081,0.17401785
4jzx_476_A_402,0.98889299,0.65388137,0.12556757,0.090375456,0.48268901,0.10409483,0.19518284
4jzx_IPE_A_401,0,0.65363387,0.12257406,0.093207869,0.48261345,0.12037234,0.19763952
4k5g_Q13_A_803,0.021061927,0.65363914,0.12263782,0.093147543,0.48261506,0.12002565,0.19758719
4k5g_Q13_B_803,0.22522573,0.65369024,0.12325585,0.092562771,0.48263066,0.11666505,0.19708
4k5u_GAL_B_301,0,0.98416174,0.14397909,0.099835846,0.98764343,0.13084769,0.22833372
4k5u_GAL_C_301,0.92530297,0.98466455,0.14689034,0.097198574,0.99041217,0.11564604,0.22615361
4k5u_GAL_D_301,0,0.98754743,0.14343195,0.099849764,0.97369752,0.13079514,0.22789165
4k90_MLA_A_704,0.98196275,0.65433486,0.10620078,0.089037772,4.518149e-05,0.10017965,0.17611394
4kfj_1R0_A_202,0,0.65363387,0.12257406,0.093207869,0.48261345,0.12037234,0.19763952
4kp7_1UQ_B_502,0.99343385,0.65343718,0.14450702,0.091690504,0.95483281,0.10796185,0.21384321
4kqk_PCR_A_403,0.99598812,0.65340035,0.14610719,0.091794933,0.99456061,0.10825147,0.21540793
4kqk_PCR_B_703,0.99704905,0.65340149,0.14607342,0.091789299,0.99363817,0.10822631,0.21536881
4kqx_HIO_A_402,0.81156222,0.65383698,0.12503077,0.090883371,0.48267546,0.10701376,0.19562338
4kqx_HIO_B_401,0.80305821,0.65383486,0.12500503,0.090907729,0.48267481,0.10715374,0.19564451
4kux_FPS_A_704,0.86740178,0.65385096,0.1251998,0.090723434,0.48267972,0.10609462,0.19548466
4kux_FPS_B_405,0,0.65363387,0.12257406,0.093207869,0.48261345,0.12037234,0.19763952
4kux_FPS_C_705,0,0.65363387,0.12257406,0.093207869,0.48261345,0.12037234,0.19763952
4kux_FPS_D_704,0,0.65363387,0.12257406,0.093207869,0.48261345,0.12037234,0.19763952
4kwl_3SS_A_302,0.98946674,0.99136081,0.14350406,0.096866178,0.90050951,0.11396463,0.22265351
4l1x_STR_A_402,0.52510227,0.65376529,0.12416362,0.091703858,0.48265357,0.11172898,0.19633502
4l1x_STR_B_402,0.52510227,0.65376529,0.12416362,0.091703858,0.48265357,0.11172898,0.19633502
4l4d_CAM_A_503,0,0.65363387,0.12257406,0.093207869,0.48261345,0.12037234,0.19763952
4l7p_M95_A_601,0.97495861,0.65433272,0.10619584,0.089058974,0.00045034415,0.10029833,0.17614738
4l80_OXL_A_402,0.99550802,0.65388302,0.1255876,0.090356509,0.48268951,0.10398595,0.19516641
4l80_OXL_B_402,0.98072824,0.65387932,0.12554286,0.090398842,0.48268838,0.10422923,0.19520313
4l80_OXL_C_402,0.99606764,0.65388316,0.12558929,0.090354906,0.48268955,0.10397674,0.19516502
4l80_OXL_D_402,0.99482162,0.65388285,0.12558552,0.090358475,0.48268946,0.10399725,0.19516811
4l80_OXL_E_402,0.99179727,0.96785202,0.10733055,0.093946958,0,0.10595209,0.1862547
4l80_OXL_F_402,0.99232612,0.65168028,0.12553245,0.090326713,0.48170943,0.074205979,0.19506283
4l8q_XMM_A_303,0.12899927,0.82378864,0.10590973,0.094272457,0.042275572,0.11778514,0.1854082
4l91_X29_A_301,0.99558306,0.63017934,0.14496241,0.091353955,0.97637226,0.10758809,0
4lek_1DN_X_202,0,0.65363387,0.12257406,0.093207869,0.48261345,0.12037234,0.19763952
4lm7_U5P_A_201,0.7553354,0.65382291,0.12486056,0.091044418,0.48267116,0.10793927,0.19576306
4lo1_GAL_A_301,0.97194241,0.65387712,0.12551626,0.090424006,0.48268771,0.10437385,0.19522495
4lo1_GAL_B_301,0,0.65363387,0.12257406,0.093207869,0.48261345,0.12037234,0.19763952
4lol_1YE_A_402,0.99567078,0.97010127,0.10735016,0.093971257,3.5719712e-09,0.10593087,0.18631795
4luu_BTM_A_704,0.00048386375,0,0.12029726,0.082918487,0.48323576,0.10800074,0.17646885
4lvb_20N_B_601,0.99380289,0.99418104,0.10742911,0.094355645,3.032122e-07,0.10641721,0.18710309
4lxi_22J_A_301,0.90201603,0,0.13400698,0.081107217,0.75705965,0.095448682,0.18506319
4lz3_BTM_A_409,0.98642741,0.98622247,0.14363669,0.096805271,0.90449749,0.1139508,0.22265234
4lz7_1YW_B_804,0.19717189,0.65368322,0.12317093,0.092643124,0.48262851,0.11712682,0.19714969
4lz7_1YW_C_804,0,0.65363387,0.12257406,0.093207869,0.48261345,0.12037234,0.19763952
4m2c_DAR_C_402,0.97985841,0.6538791,0.12554023,0.090401333,0.48268832,0.10424355,0.19520529
4m2c_DAR_D_402,0,0,0.12029579,0.082919875,0.48323573,0.10800871,0.17647006
4m54_AE5_A_403,5.927046e-05,0.65363389,0.12257424,0.093207699,0.48261345,0.12037136,0.19763937
4m72_M72_B_402,0,0.65363387,0.12257406,0.093207869,0.48261345,0.12037234,0.19763952
4ma8_Z80_C_301,0,0.73788609,0.12286757,0.094533282,0.48253324,0.12196516,0.2003668
4mgj_CPZ_A_502,8.6485453e-05,0.98116181,0.10437895,0.096999939,2.4505765e-05,0.12253177,0.18915852
4mig_G3F_A_802,0.95445049,0.98144063,0.10757018,0.094289403,0.0076048913,0.10688765,0.18708911
4mig_G3F_B_802,0.98360732,0.97552988,0.12645063,0.095437827,0.47691941,0.11021984,0.20539454
4mig_G3F_D_802,0.96683168,0.98279634,0.12839141,0.095738776,0.52596377,0.11104358,0.20761244
4mju_27S_A_501,0.67541437,0.65380291,0.12461863,0.091273329,0.48266505,0.1092548,0.19596161
4mog_G3F_A_802,0.94564143,0.654325,0.10612323,0.089144078,0.0008515307,0.10078426,0.17623613
4mol_2FG_C_703,0.0074979064,0.65363575,0.12259676,0.093186393,0.48261402,0.12024892,0.19762089
4mol_2FG_D_802,0.0070901202,0.65363565,0.12259552,0.093187561,0.48261399,0.12025563,0.1976219
4mop_2H5_A_802,0.011034262,0.65363663,0.12260746,0.093176264,0.48261429,0.12019071,0.19761211
4mop_2H5_B_802,0.99591975,0.65388312,0.12558885,0.09035533,0.48268954,0.10397917,0.19516539
4mop_2H5_C_703,0.95564687,0.91563809,0.13092099,0.094910892,0.59579586,0.110541,0.20822665
4mpr_TPP_A_602,0,0.65363387,0.12257406,0.093207869,0.48261345,0.12037234,0.19763952
4mr7_2BV_A_501,0,0.65363387,0.12257406,0.093207869,0.48261345,0.12037234,0.19763952
4mr8_2BW_A_507,0,0.95022785,0.10428587,0.096514382,0.00041973873,0.12195123,0.18817173
4mux_2E4_A_402,0,0,0.12893388,0.083528285,0.69855967,0.10981046,0.18499641
4n36_2F8_A_401,0,0.65363387,0.12257406,0.093207869,0.48261345,0.12037234,0.19763952
4n36_2F8_B_401,0,0.65363387,0.12257406,0.093207869,0.48261345,0.12037234,0.19763952
4n36_2F8_C_401,0,0.65363387,0.12257406,0.093207869,0.48261345,0.12037234,0.19763952
4n4j_HG1_A_605,0.96596352,0.94848261,0.12084986,0.094678643,0.34090253,0.10886133,0.19917998
4n4j_HG1_A_606,0.5819457,0.65377952,0.12433569,0.091541045,0.48265791,0.11079332,0.19619381
4n4j_HG1_A_607,3.3184418e-08,0.65363387,0.12257406,0.093207869,0.48261345,0.12037234,0.19763952
4n4j_HG1_A_608,0.0016010646,0.86529873,0.10397557,0.095171765,0,0.12031452,0.18539839
4n5p_2H0_E_412,0.99056021,0.65388178,0.12557262,0.090370681,0.48268913,0.10406739,0.1951787
4n6w_FLC_A_203,0,0.65363387,0.12257406,0.093207869,0.48261345,0.12037234,0.19763952
4n94_2HO_A_401,0.0019292408,0.99624085,0.10463748,0.097246096,0.005013606,0.12282844,0.18984008
4n9v_AZA_A_401,0.017437472,0.65363823,0.12262685,0.093157924,0.48261478,0.12008531,0.1975962
4n9v_AZA_A_402,0,0.69008367,0.12270096,0.093780932,0.48257874,0.12106102,0.1988187
4n9v_AZA_A_403,0,0.027836011,0.12039281,0.083357979,0.48320923,0.1085352,0.17737154
4ndn_PPK_A_406,0.90226474,0.65385968,0.12530534,0.090623579,0.48268239,0.10552076,0.19539805
4ndn_PPK_C_404,0,0.652084,0,0.093135673,0.46534484,0.12020456,0.19690638
4nf4_2JK_A_301,0,0,0.14084565,0.084367268,0.99571387,0.11229504,0.1967541
4ni1_2JX_A_203,2.3874317e-06,0,0.1202958,0.082919868,0.48323573,0.10800867,0.17647005
4ni1_2JX_A_204,0,0,0.12029579,0.082919875,0.48323573,0.10800871,0.17647006
4nir_6DH_A_307,0.99514521,0.6543382,0.10623885,0.088999885,1.4013414e-09,0.099962279,0.17607938
4nir_6DH_A_308,0,0.65363387,0.12257406,0.093207869,0.48261345,0.12037234,0.19763952
4nir_6DH_B_306,1.003211e-05,0.65363387,0.12257409,0.09320784,0.48261345,0.12037217,0.19763949
4nkw_PLO_A_601,0.98700299,0.99535151,0.12675211,0.095755705,0.48236377,0.11058517,0.20624726
4nkw_PLO_B_601,0.99066857,0.9938415,0.10741843,0.094359287,2.0627168e-07,0.10646239,0.1870999
4nkw_PLO_C_601,7.6450406e-07,0.99336545,0.12375801,0.098554207,0.48229001,0.12679731,0.2086406
4nkw_PLO_D_601,0.98034375,0.99394282,0.12672704,0.095752626,0.4823646,0.11066816,0.20621822
4np7_DPJ_A_403,0,0.65363387,0.12257406,0.093207869,0.48261345,0.12037234,0.19763952
4npm_SIN_A_301,0.99523311,0.40064671,0.14400825,0.087731838,0.96441396,0.10322783,0.20602128
4nv0_MG7_B_402,7.2887944e-06,0.65363387,0.12257408,0.093207848,0.48261345,0.12037222,0.1976395
4o7g_ASC_B_303,0.98358203,0.97739772,0.10783627,0.094155776,0.012399145,0.10637162,0.18707517
4o7g_ASC_B_304,0.12732296,0,0.1013868,0.081195879,0.0017570331,0.10188805,0.15710827
4o95_245_A_602,0.93665459,0.98405158,0.10722071,0.094360056,8.0319187e-07,0.10716646,0.18691721
4ocu_NDG_A_401,0,0.65363387,0.12257406,0.093207869,0.48261345,0.12037234,0.19763952
4ofu_DHT_A_1001,0.99281794,0.99453362,0.14711471,0.097159322,0.99005079,0.11471816,0.22629094
4ovl_1TD_A_308,0.99390769,0.94330338,0.14694317,0.09635016,0.99017838,0.11373202,0.22463278
4ox5_DAL_A_307,0,0,0.12029579,0.082919875,0.48323573,0.10800871,0.17647006
4oxy_1TN_A_302,0.98129797,0.65433468,0.10619915,0.089039702,5.4457692e-05,0.10019067,0.17611596
4oxy_1TN_B_302,0.98677158,0.65340641,0.14572361,0.091796372,0.98568679,0.1083291,0.21507992
4p5y_NGA_A_201,0.9865421,0.65388078,0.12556046,0.090382189,0.48268883,0.10413353,0.19518868
4p7q_NAG_A_703,0.084504057,0.65365502,0.12282987,0.09296583,0.48261991,0.11898137,0.19742959
4p7q_NAG_A_704,0,0.64855782,0.12252084,3.5244778e-24,0.4817126,0.12026434,0.19743856
4p7q_NAG_A_706,0.11122306,0.65366171,0.12291075,0.092889301,0.48262195,0.11854157,0.19736321
4p8c_2J3_A_504,0.68942883,0,0.1034966,0.079613085,0.011979095,0.092718937,0.1561119
4p8c_Y22_B_502,0,0.65363387,0.12257406,0.093207869,0.48261345,0.12037234,0.19763952
4pb4_PLP_A_401,0,0.65363387,0.12257406,0.093207869,0.48261345,0.12037234,0.19763952
4pb4_PLP_B_401,0,0.65363387,0.12257406,0.093207869,0.48261345,0.12037234,0.19763952
4pbr_2L7_A_401,0.99532386,0.98982832,0.14612846,0.097009238,0.96567063,0.11438403,0.22516751
4pgi_Y69_A_303,0.96262219,0.65387479,0.12548805,0.090450701,0.482687,0.10452726,0.19524811
4pik_MAN_C_503,0.76768728,0.98020728,0.14655887,0.097591656,0.99442552,0.11819027,0.22656073
4pxd_1AL_A_502,0,0.97824081,0.14433929,0.099769481,0.9971479,0.13081513,0.22851788
4pxd_1AL_B_502,0,0.98657202,0.10439671,0.097085278,0,0.12263535,0.18933312
4q3a_2YC_A_904,0.86737563,0.65385095,0.12519973,0.090723509,0.48267972,0.10609505,0.19548472
4q3a_2YC_B_904,0,0.65363387,0.12257406,0.093207869,0.48261345,0.12037234,0.19763952
4q3a_2YC_C_904,0.92837893,0.65386622,0.12538439,0.090548782,0.48268438,0.10509092,0.19533318
4q40_VAL_A_403,0,0.65363387,0.12257406,0.093207869,0.48261345,0.12037234,0.19763952
4q40_VAL_B_403,0,0.65363387,0.12257406,0.093207869,0.48261345,0.12037234,0.19763952
4q40_VAL_C_404,0,0,0.1009313,0.081555977,4.1151926e-07,0.10396963,0.15735607
4q40_VAL_D_403,0.99675676,0.65399602,0.12080303,0.090016924,0.36322147,0.1029681,0.19043924
4qbz_D80_A_917,6.5425734e-05,0.89518882,0.10450827,0.09567711,0.010785658,0.1209955,0.18679778
4qbz_D80_B_901,0.99623849,0.9781326,0.14714865,0.096897071,0.99207644,0.11436848,0.22583097
4qck_ASD_A_404,0.97764501,0.65387855,0.12553353,0.090407673,0.48268815,0.10427998,0.19521079
4qe1_RUU_A_403,0,0.65363387,0.12257406,0.093207869,0.48261345,0.12037234,0.19763952
4qpe_37E_A_901,0.99374267,0.65373562,0.13182807,0.090799847,0.63849856,0.10531586,0.20133277
4qxc_OGA_A_600,0.99713744,0.98663997,0.10741566,0.094227591,7.3929275e-05,0.10622025,0.18685327
4qxc_OGA_C_600,0,0.97780523,0.10436591,0.096947283,0,0.12246948,0.18904897
4qya_LU2_A_201,0.98717476,0,0.1039169,0.078725574,2.03726e-11,0.087716647,0.1548959
4qya_LU2_B_201,0,0,0.12029579,0.082919875,0.48323573,0.10800871,0.17647006
4r08_URI_D_901,0,0,0.12029579,0.082919875,0.48323573,0.10800871,0.17647006
4r2n_PHE_C_402,0.00085510106,0.8765809,0.10402636,0.095352438,0.00033469632,0.12054306,0.18577917
4r2n_PLP_A_401,0,0.65363387,0.12257406,0.093207869,0.48261345,0.12037234,0.19763952
4r3n_3GQ_B_404,0.86026705,0.65384917,0.12517821,0.09074387,0.48267918,0.10621206,0.19550238
4rcv_DE2_A_403,0,0.80684301,0.10378005,0.094257256,0.00036552727,0.11923797,0.18352215
4rg3_ECE_A_603,0.39722291,0.98836796,0.14463541,0.098723718,0.97367801,0.12427057,0.22692755
4rii_TYD_A_401,0.52510227,0.65376529,0.12416362,0.091703858,0.48265357,0.11172898,0.19633502
4rii_TYD_B_401,0.94001228,0,0,0.080170298,0.46599886,0.092385891,0.17343127
4rje_PYR_A_402,0.74839893,0.65382118,0.12483957,0.091064285,0.48267063,0.10805345,0.19578029
4rje_PYR_C_402,0,0.65363387,0.12257406,0.093207869,0.48261345,0.12037234,0.19763952
4rkz_3S4_B_401,0,0.65363387,0.12257406,0.093207869,0.48261345,0.12037234,0.19763952
4rm3_FOA_A_1000,0.97910876,0.99066461,0.1089978,0.094456912,0.040549919,0.10693165,0.18863019
4rm3_FOA_B_1000,0.98819616,0.99223581,0.10835384,0.094407909,0.023662431,0.10667056,0.18799027
4rql_SNE_A_505,0.99305665,0.89078395,0.10701705,0.092632277,0.0066785632,0.10434613,0
4rql_SNE_B_502,0.98532899,0,0.1201587,0.07987522,0.40531124,0.091135948,0.17093771
4s38_CDI_A_900,0,0.65363387,0.12257406,0.093207869,0.48261345,0.12037234,0.19763952
4tq4_DMA_B_403,0,0.65363387,0.12257406,0.093207869,0.48261345,0.12037234,0.19763952
4tq4_DMA_C_403,0.95790485,0.65387361,0.12547377,0.090464213,0.48268664,0.10460491,0.19525983
4tq4_DMA_D_403,0.9842704,0.65388021,0.12555358,0.090388696,0.48268865,0.10417092,0.19519433
4tqi_6BD_A_201,0.92487826,0.65386534,0.12537379,0.090558809,0.48268412,0.10514854,0.19534187
4tqi_6BD_B_201,0.95377808,0.65387258,0.12546128,0.090476033,0.48268632,0.10467284,0.19527008
4trj_665_A_501,0.87354375,0.6538525,0.1252184,0.090705842,0.48268019,0.10599352,0.1954694
4tsk_TLA_A_404,0,0,0.12029579,0.082919875,0.48323573,0.10800871,0.17647006
4tyv_BGC_B_701,0.0043567237,0.94268702,0.10457549,0.096404529,0.0079766368,0.12180002,0.18821547
4u7g_K17_B_303,0,0.65363387,0.12257406,0.093207869,0.48261345,0.12037234,0.19763952
4u8p_UDP_C_603,0.97078699,0,0.10385519,0,1.9734331e-05,0.087956788,0.15488661
4u8y_MIY_B_1102,0,0.9426336,0.12358119,0.097755753,0.48233831,0.12583777,0.20699763
4ubp_HAE_C_800,0,0.96412458,0.14353658,0.099494238,0.97836021,0.13039097,0.22731695
4uc9_ASP_A_1300,0,0.65363387,0.12257406,0.093207869,0.48261345,0.12037234,0.19763952
4uc9_ASP_B_1300,0,0.65363387,0.12257406,0.093207869,0.48261345,0.12037234,0.19763952
4uc9_ASP_C_1300,0.70422773,0.65381012,0.12470585,0.091190801,0.48266726,0.10878052,0.19589003
4uch_OLW_A_800,0.52510227,0.65376529,0.12416362,0.091703858,0.48265357,0.11172898,0.19633502
4ud9_FQI_H_1257,0.99553818,0.99824518,0.14740841,0.097229133,0.99684691,0.11480042,0.22667336
4udc_DEX_A_1778,0.99319767,0.65388244,0.12558061,0.090363126,0.48268934,0.10402398,0.19517215
4ug6_XFJ_A_904,0.52510227,0.65376529,0.12416362,0.091703858,0.48265357,0.11172898,0.19633502
4ug7_1EV_A_904,0.96100584,0.65387439,0.12548316,0.090455331,0.48268688,0.10455387,0.19525212
4ugf_Q16_A_904,0,0.97343389,0.12368853,0.098240511,0.48230899,0.12642033,0.20799511
4ugg_S5D_A_904,0.10672969,0.65366058,0.12289715,0.092902171,0.4826216,0.11861553,0.19737437
4umd_CIT_A_1174,0.75898469,0.65382383,0.12487161,0.091033965,0.48267144,0.1078792,0.195754
4uoc_NCN_B_400,0,0.65363387,0.12257406,0.093207869,0.48261345,0.12037234,0.19763952
4upd_7P9_B_1550,7.8624181e-05,0.65363389,0.1225743,0.093207643,0.48261345,0.12037104,0.19763932
4ur9_BK9_A_1717,0.99030694,0.99511855,0.11032871,0.094585166,0.072516129,0.10709883,0.19001147
4ur9_BK9_B_1717,0.0012290962,0.99591362,0.10449729,0.097233309,0.0015978673,0.12280521,0.18969607
4ur9_OAN_B_1718,0.89753483,0.6538585,0.12529102,0.090637126,0.48268203,0.10559862,0.1954098
4uy7_HIS_A_800,0,0,0.12029579,0.082919875,0.48323573,0.10800871,0.17647006
4uy7_HIS_B_800,0,0,0.12029579,0.082919875,0.48323573,0.10800871,0.17647006
4uzi_IMD_B_1455,0.86494796,0.64089495,0.12514731,0.090526935,0.48269187,0.10589042,0.19507196
4uzi_IMD_B_1456,0.8941696,0.65385766,0.12528083,0.090646765,0.48268177,0.10565401,0.19541816
4v2z_Y70_A_151,0.99272155,0.99119661,0,0.097103477,0.99689397,0.11466338,0.2262111
4v36_LYN_A_1851,0,1.1230582e-09,0.10093129,0.081555975,2.1146423e-09,0.10396962,0.15735605
4v3w_E2Z_A_800,0.0007964011,0.65363407,0.12257647,0.093205588,0.48261351,0.12035923,0.19763754
4v3w_E2Z_B_800,0.19068595,0.65368159,0.12315129,0.092661701,0.48262802,0.11723359,0.1971658
4w1v_3GS_B_502,0,0.65363387,0.12257406,0.093207869,0.48261345,0.12037234,0.19763952
4wbd_CIT_A_602,0.89966864,0.97166556,0.13520003,0.096252751,0.7018558,0.11340945,0.21437867
4wca_CIT_A_401,0,0.85602974,0.10689896,0.095238993,0.073860612,0.12078308,0.18802444
4wdd_CIT_A_401,0.98767434,0.92971153,0.11341201,0.093797073,0.15536286,0.10659739,0.19117609
4wdx_WDX_A_402,0,0.65363387,0.12257406,0.093207869,0.48261345,0.12037234,0.19763952
4wmz_TPF_A_602,0,0.65363387,0.12257406,0.093207869,0.48261345,0.12037234,0.19763952
4wqq_MAN_A_204,0.91004476,0.65386163,0.12532889,0.090601295,0.48268298,0.1053927,0.19537872
4wqq_MAN_B_204,0.017094036,0.65363815,0.12262581,0.093158908,0.48261475,0.12009097,0.19759705
4wqq_MAN_C_204,0,0.65363387,0.12257406,0.093207869,0.48261345,0.12037234,0.19763952
4wqq_MAN_D_204,0.81890647,0.65383882,0.125053,0.090862336,0.48267602,0.10689287,0.19560514
4ws1_URF_A_301,0.035058805,0,0,0.081438722,3.8771334e-07,0.10335557,0.1570915
4ws6_WBU_A_301,0,0.96191823,0.10431013,0.096697213,5.1519438e-07,0.12216891,0.18853406
4wua_3UL_A_701,0.98708508,0.65433618,0.10621447,0.089022972,0,0.10009496,0.17609942
4wxb_CIT_A_501,0.79853253,0.65383372,0.12499133,0.090920691,0.48267446,0.10722823,0.19565575
4wxb_CIT_B_501,0.90996692,0.65386161,0.12532865,0.090601518,0.48268298,0.10539398,0.19537892
4wxb_CIT_C_501,0.31199923,0.65371196,0.12351853,0.092314232,0.48263729,0.11523673,0.19686443
4wxb_CIT_D_501,0,0.65363387,0.12257406,0.093207869,0.48261345,0.12037234,0.19763952
4x2f_3WJ_A_601,0.99857514,0.65340341,0.14601253,0.091780331,0.99200375,0.10818754,0.21530038
4x36_CHT_A_408,0.99463491,0.97509629,0.10980969,0.094225069,0.060996447,0.10655243,0.18889591
4x36_CHT_A_409,0.99646917,0.97188093,0.14699008,0.096788333,0.98865111,0.11421776,0.22549223
4x36_CHT_A_411,0.87202325,0.92654684,0.10862237,0.09376692,0.04488214,0.10751785,0.18699027
4x36_CHT_A_412,0,0.91100396,0.10661526,0.096070742,0.061966186,0.12172373,0.18933564
4x3j_3WR_A_1201,0.98624027,0.6538807,0.12555954,0.090383054,0.4826888,0.1041385,0.19518943
4xf0_CYS_A_502,0.99501274,0.94212112,0.14610285,0.096269253,0.96923581,0.11351635,0.22376306
4xfh_CYS_A_502,0,0.65363387,0.12257406,0.093207869,0.48261345,0.12037234,0.19763952
4xh4_PPI_A_504,0.99779281,0.98414873,0.14196483,0.09662038,0.86211515,0.11337007,0.22087983
4xp0_42A_A_404,0.99687933,0.65432551,0.10680189,0.089034059,0.013915543,0.10004991,0.17662536
4xp3_DX4_A_401,0,0,0.10168473,0.081609042,0.018795449,0.10412678,0.15809974
4xpq_FUL_A_1003,0.017863074,0.65363834,0.12262814,0.093156705,0.48261481,0.12007831,0.19759514
4xpq_FUL_A_1004,0.0056294515,0.65363528,0.1225911,0.093191745,0.48261388,0.12027968,0.19762553
4xti_IMP_A_601,0.96372754,0,0.14120868,0.081424372,0.93205912,0.095895871,0.19183371
4xti_IMP_B_601,0.96915676,0,0.14099208,0.081392393,0.926246,0.095757878,0.19159017
4xv4_25T_A_302,0.99781225,0.99723952,0.10785859,0.094420931,0.010143747,0.10649387,0.18759359
4xv4_25T_A_303,0.77106562,0.99754875,0.14677189,0.09786493,0.99796524,0.11849234,0.22725445
4xz9_G3P_B_302,0.9904519,0.94481558,0.12292416,0.094692499,0.39112219,0.10880867,0.20098717
4xz9_G3P_C_302,0.99723439,0.95554234,0.11153544,0.094035657,0.10556462,0.10651233,0.1900191
4xzh_48I_A_402,0.99561665,0.65433832,0.10624028,0.088998535,0,0.099954519,0.1760782
4xzh_48I_B_402,0.99490213,0.65433814,0.10623814,0.089000583,6.5610199e-07,0.099966286,0.17608001
4y14_C0A_A_407,0.96805373,0.65387615,0.12550449,0.090435144,0.48268741,0.10443786,0.19523461
4y14_C0A_B_404,0.97211292,0.65387717,0.12551678,0.090423518,0.48268772,0.10437104,0.19522453
4y6n_3PG_A_402,0.98158737,0,0.1415223,0.08139145,0.93853534,0.095655974,0.19204545
4yjs_4DN_A_701,0,0.65363387,0.12257406,0.093207869,0.48261345,0.12037234,0.19763952
4ynu_LGC_A_602,0,0,0.10116955,0.081572757,0.0059438459,0.10401932,0.15759123
4ysx_MLI_A_701,0.99129179,0.65343001,0.14478272,0.091716441,0.96187262,0.10805588,0.21412693
4ysx_MLI_E_701,0.98895814,0.65340728,0.14571658,0.091789151,0.98534629,0.10829027,0.21506102
4yu7_DHC_A_203,0.43601167,0.12943757,0.10287561,0.082355331,0.0042653599,0.099275664,0.1606336
4yu7_DHC_A_204,0.57327386,0.88076034,0.10575885,0.093776056,1.507307e-08,0.11119496,0.18447486
4yu7_DHC_B_203,0,0.83104606,0.10385042,0.094637196,1.9919171e-07,0.11969283,0.18429218
4ywb_OXD_C_704,0.9971287,0.65433864,0.10624718,0.088994367,5.8043281e-05,0.099930114,0.17607674
4ywd_NTM_A_704,0.044634742,0.65364504,0.12270918,0.093080025,0.48261686,0.11963764,0.19752863
4z1d_PEP_A_300,0.82637592,0.65384069,0.12507561,0.090840941,0.48267659,0.10676992,0.19558658
4z1d_PEP_B_300,0.88488139,0.65385533,0.12525272,0.090673369,0.48268106,0.1058069,0.19544124
4z69_DIF_A_1006,0.52510227,0.65376529,0.12416362,0.091703858,0.48265357,0.11172898,0.19633502
4z69_DIF_A_1008,0,0.64855782,0.12252084,4.4944661e-76,0.4817126,0.12026434,0.19743856
4z69_DIF_I_1006,0.97985257,0.64888932,0.12548789,9.8633028e-50,0.48180279,0.10413752,0.19500776
4z6p_DHY_C_403,0.98436267,0.98302604,0.14733184,0.097022369,0.99711357,0.1146987,0.22621848
4za7_4LV_A_606,0.98510271,0.65343498,0.14448692,0.091714726,0.95496015,0.10810005,0.21386896
4zb2_FRU_A_404,0,0.65363387,0.12257406,0.093207869,0.48261345,0.12037234,0.19763952
4zb2_GLC_A_403,0,0.65363387,0.12257406,0.093207869,0.48261345,0.12037234,0.19763952
4zb5_GLC_A_403,0.98060384,0.65433451,0.10619683,0.089041675,4.8949895e-05,0.10020205,0.17611747
4zbc_FRU_A_409,0.99597874,0.94106988,0,0.093496479,0.00023153372,0.10533977,0.18519927
4zbc_FRU_A_410,0.007092705,0.65363565,0.12259553,0.093187554,0.48261399,0.12025559,0.1976219
4zbc_FRU_B_408,0.0056344966,0.65363528,0.12259112,0.09319173,0.48261388,0.12027959,0.19762552
4zbc_GLC_A_407,0,0.65363387,0.12257406,0.093207869,0.48261345,0.12037234,0.19763952
4zbc_GLC_A_408,0.087158684,0.65365568,0.1228379,0.092958227,0.48262011,0.11893768,0.19742299
4zdz_TPF_A_602,3.7063607e-05,0.65363388,0.12257417,0.093207763,0.48261345,0.12037173,0.19763943
4zhd_4OZ_B_202,0.017621969,0.61909143,0.12250687,0.09261308,0.48264768,0.11942814,0.19647571
4zhd_4OZ_C_202,0.015308782,0.70443927,0.12279733,0.09396298,0.48256625,0.1210805,0.19924549
4zjz_BEZ_A_1001,0.99225216,0.65340212,0.14598103,0.091797574,0.99169519,0.10828905,0.2153039
4zjz_BEZ_B_601,0.99635403,0.65340086,0.14609058,0.091792641,0.99411853,0.10824176,0.21538954
4zo7_BGC_A_801,0,0.65363387,0.12257406,0.093207869,0.48261345,0.12037234,0.19763952
4zo7_BGC_A_802,0.9834413,0.65388,0.12555107,0.090391071,0.48268859,0.10418457,0.19519639
4zo7_BGC_A_805,0.76289475,0.6538248,0.12488345,0.091022766,0.48267174,0.10781484,0.19574428
4zo7_GLC_A_806,0.99400109,0.8277337,0.14673216,0.094544458,0.99503436,0.11158453,0.2210788
4zqp_IMP_A_601,0.99112463,0.65347465,0.14288311,0.091583656,0.91449427,0.1076631,0.21225374
4zsy_RW2_A_502,0,0.93005886,0.12353736,0.097557842,0.48235028,0.12559993,0.2065904
4zsy_RW2_B_502,0,0,0.12029579,0.082919875,0.48323573,0.10800871,0.17647006
4zsy_RW2_C_502,0,0,0.12029579,0.082919875,0.48323573,0.10800871,0.17647006
4zsy_RW2_D_502,0,0,0.12029579,0.082919875,0.48323573,0.10800871,0.17647006
4zu3_4SD_A_301,0.9567195,0.65387331,0.12547018,0.090467608,0.48268655,0.10462442,0.19526277
4zu3_4SD_B_301,0.93852138,0.65386876,0.12541509,0.090519732,0.48268516,0.10492397,0.19530798
4zu3_4SD_B_302,0.95106907,0.6538719,0.12545308,0.090483792,0.48268612,0.10471743,0.19527681
4zu3_4SD_C_301,0.030118337,0.65364141,0.12266523,0.093121603,0.48261575,0.11987658,0.1975647
4zu3_4SD_D_301,0.098106271,0.65365842,0.12287104,0.09292687,0.48262094,0.11875748,0.1973958
4zu3_4SD_E_301,0.98420085,0.65348509,0.14234498,0.091567196,0.90159167,0.10766935,0.21176071
4zvv_GN0_A_405,0.40960682,0.7820357,0.12426113,0.094053789,0.4825226,0.11605657,0.20077667
4zvv_GN0_B_404,0.81865592,0,0.12277347,0.080572768,0.48329848,0.094530608,0.17443158
4zvv_GN0_C_403,0,0,0.12029579,0.082919875,0.48323573,0.10800871,0.17647006
4zvz_4TF_A_503,0,0.95377214,0.12362001,0.09793106,0.4823277,0.12604845,0.20735836
4zvz_4TF_B_503,0.87903441,0.81991149,0.12581387,0.093304046,0.48252252,0.10904444,0.20083441
4zvz_4TF_C_503,0.97449052,0.82818961,0.12613162,0.093160659,0.48252196,0.10762946,0.20086481
4zvz_4TF_D_503,0.7568858,0.85398393,0.12556294,0.094190507,0.48248072,0.11169991,0.20224201
5a02_GOL_A_1341,0.9922155,0.86432338,0.10696874,0.09231619,1.4487754e-05,0.10398658,0.18289862
5a02_GOL_B_1342,0.99563457,0.75620879,0.10661276,0.090605538,0.00034967447,0.10188759,0.17939912
5a02_GOL_C_1341,0.99558525,0.84873149,0.10695021,0.092062936,0.00066432178,0.10364154,0.18241057
5a02_GOL_D_1341,0.99496701,0.58751,0.10600444,0.087951053,7.2261559e-06,0.098703974,0.17391932
5a02_GOL_E_1341,0.99371558,0,0.10403325,0.078713622,0.0024088277,0.087629099,0.15497491
5a02_GOL_F_1342,0.99547269,0.84756922,0.10691968,0.092043126,1.3083337e-05,0.10361596,0.18234741
5a66_3PO_A_1000,0.98577299,0.80998541,0.10676213,0.09147961,0.00010782283,0.10306537,0.18115715
5a66_3PO_B_1000,0.99077318,0.93241025,0.13170644,0.095117874,0.61127011,0.11040938,0.20929501
5a7p_6Z1_A_1361,0.52128864,0.6745284,0.12437305,0.47022646,0.48633829,0.11221564,0.19716384
5a7p_6Z1_B_1361,0.9926639,0.65388231,0.12557899,0.090364655,0.48268929,0.10403276,0.19517348
5a86_D7E_A_1433,0.98957987,0.65388154,0.12556965,0.090373489,0.48268906,0.10408353,0.19518114
5a86_D7E_B_1432,0,0.65363387,0.12257406,0.093207869,0.48261345,0.12037234,0.19763952
5a8k_COM_A_556,0,0,0.12029579,0.082919875,0.48323573,0.10800871,0.17647006
5a8k_COM_D_555,0,0,0.12029579,0.082919875,0.48323573,0.10800871,0.17647006
5a8k_TP7_A_558,0.52510227,0.65376529,0.12416362,0.091703858,0.48265357,0.11172898,0.19633502
5a8k_TP7_D_554,0.52510227,0.65376529,0.12416362,0.091703858,0.48265357,0.11172898,0.19633502
5abz_Z47_A_201,0.98239623,0,0.14071741,0.081332267,0.91839536,0.095474261,0.19124655
5abz_Z47_B_201,0.18177379,0.65367936,0.12312432,0.092687228,0.48262734,0.11738028,0.19718794
5adi_TUE_A_800,0.99028658,0.65388171,0.12557179,0.090371464,0.48268911,0.1040719,0.19517938
5aew_BNL_C_462,0,0.99458514,0.10444617,0.097212912,0.00053173872,0.1227914,0.18961389
5aew_BNL_I_462,0.52510227,0.65376529,0.12416362,0.091703858,0.48265357,0.11172898,0.19633502
5af9_SJR_H_1250,2.8190952e-07,5.5768495e-07,0.12029579,0.082919883,0.48323573,0.10800871,0.17647007
5afy_WCE_H_1248,0.99677034,0.99125566,0.107457,0.094303146,0.00072854404,0.10631909,0.18702969
5agl_CCW_B_800,0.82902421,0.95835841,0.11191057,0.094623829,0.12736723,0.10951734,0.19139225
5agn_4JK_A_800,0,0.95312571,0.10427945,0.096558827,5.6689466e-06,0.1220026,0.18824928
5agn_4JK_B_800,2.7294901e-06,0.93870554,0.10422864,0.096331824,1.4849271e-06,0.12172969,0.18778171
5ahn_IMP_A_1468,0.94831195,0.65429483,0.10744213,0.089228411,0.033553405,0.10101331,0.17752271
5av3_KMP_A_300,0.99742038,0.97086888,0.10735818,0.093978326,7.4367066e-07,0.10591659,0.1863385
5av4_GEN_A_400,1.1952507e-06,0.65363387,0.12257407,0.093207865,0.48261345,0.12037232,0.19763952
5awd_IDQ_A_901,5.1274426e-06,4.1607498e-09,0.12029581,0.08291986,0.48323573,0.10800862,0.17647004
5b4o_6DQ_A_201,3.9933693e-06,0.65363387,0.12257407,0.093207857,0.48261345,0.12037227,0.19763951
5b4o_6DQ_B_201,0.91413971,0.65386266,0.12534129,0.090589566,0.4826833,0.1053253,0.19536855
5b4o_6DQ_B_202,0.25459049,0.65369759,0.12334474,0.092478664,0.4826329,0.1161817,0.19700705
5b4o_6DQ_C_201,1.2912694e-06,0.65363387,0.12257407,0.093207865,0.48261345,0.12037232,0.19763952
5b4u_MLA_A_302,0,0.93913408,0.10423008,0.096338574,0,0.12173783,0.18779555
5bk9_SIN_A_301,0.99492289,0.65388287,0.12558583,0.090358185,0.48268947,0.10399558,0.19516786
5bkd_AKG_A_502,0.9889843,0.65388139,0.12556785,0.090375194,0.48268901,0.10409333,0.19518262
5bkd_AKG_B_502,0.97236046,0.65387723,0.12551753,0.090422809,0.48268774,0.10436697,0.19522391
5bkd_RCF_B_503,0.78975612,0.65383153,0.12496476,0.090945829,0.48267379,0.10737269,0.19567755
5bwr_4VT_A_402,0,0,0.10093129,0.081555975,1.7144744e-08,0.10396962,0.15735605
5c38_DA8_A_403,0.8342698,0.65384267,0.12509951,0.090818332,0.48267719,0.10663998,0.19556697
5c4i_TPP_C_402,0.10518923,0.6536602,0.12289248,0.092906583,0.48262149,0.11864089,0.1973782
5c4i_TPP_F_402,0.12796442,0.6536659,0.12296143,0.09284135,0.48262323,0.118266,0.19732162
5c7v_PYC_A_804,0.0094924231,0,0.12032452,0.08289266,0.48323645,0.10785243,0.17644642
5c8w_PCG_A_302,0.99197156,0,0.12329801,0.080075868,0.48331176,0.091677193,0.17400002
5c8w_PCG_B_303,0,0,0.12029579,0.082919875,0.48323573,0.10800871,0.17647006
5c8w_PCG_D_302,0,0.64855782,0.12252084,0,0.4817126,0.12026434,0.19743856
5c8w_PCG_F_302,0,0,0.12029579,0.082919875,0.48323573,0.10800871,0.17647006
5cak_4Z9_A_802,0.97813324,0.65349851,0.14169167,0.09154002,0.88575084,0.10763698,0.21114936
5cfw_53W_A_201,0.52510227,0.65376529,0.12416362,0.091703858,0.48265357,0.11172898,0.19633502
5cga_KP6_B_301,0.99601473,0.98382462,0.1318278,0.095906854,0.60939695,0.11128017,0.21087429
5cga_KP6_C_301,0.99698746,0.98213717,0.14700518,0.096946703,0.98809012,0.11439858,0.22580117
5cga_KP6_E_301,0.99686063,0.96607774,0.14388813,0.096478737,0.91174818,0.11345851,0.22226029
5cga_KP6_H_301,0.99648687,0.98654367,0.14715411,0.097027005,0.99145683,0.11451834,0.22607845
5ci9_549_A_401,0,0.00047604393,0.12029745,0.082927367,0.48323527,0.10801771,0.17648547
5ci9_549_A_402,0.91531654,0.98041395,0.10714344,0.094363981,2.0183795e-06,0.10744896,0.18685254
5cjn_52F_A_809,0.99020367,0,0.11499788,0.079496712,0.27620025,0.08997616,0.16581694
5clo_NS8_M_101,0,0.98830412,0.10465381,0.097130223,0.0062618977,0.12272048,0.18963703
5cmb_GLY_A_301,0,0,0.14097043,0.084376057,0.99882663,0.11232107,0.19687726
5cpn_531_A_401,0.9526016,0.65387228,0.12545772,0.090479403,0.48268623,0.1046922,0.195273
5cpn_531_B_401,0.99198861,0.63352261,0.10593437,0.088664182,0.0015063447,0.099566431,0
5cpp_ADO_A_422,0.99587133,0.96500324,0.1165016,0.094536218,0.22872553,0.10774355,0.19520234
5cr1_STL_B_201,0,0.99110272,0.10441263,0.097156595,2.3943964e-07,0.12272107,0.18947998
5cyf_FLC_A_301,0.98374886,0.65419463,0.11218443,0.089452161,0.14918866,0.10139537,0.18200749
5cyf_FLC_C_301,0.99120391,0.65366503,0.13479361,0.091015755,0.71267358,0.1059769,0.20427239
5d8u_0N8_A_203,0.96603555,0.98452081,0.10731119,0.0942832,2.3288307e-08,0.1066916,0.18685917
5d9w_ASC_A_301,0.19998192,0,0.12068502,0.082331309,0.47769333,0.10467121,0.17575887
5dav_58J_A_402,0,0.99097036,0.14423316,0.099915278,0.99450685,0,0.22870005
5ddu_PMP_A_601,0.52510227,0.65376529,0.12416362,0.091703858,0.48265357,0.11172898,0.19633502
5ddu_PMP_B_601,0.52510227,0.65376529,0.12416362,0.091703858,0.48265357,0.11172898,0.19633502
5ddu_PMP_C_601,0.52510227,0.65376529,0.12416362,0.091703858,0.48265357,0.11172898,0.19633502
5ddu_PMP_D_601,0.52510227,0.65376529,0.12416362,0.091703858,0.48265357,0.11172898,0.19633502
5di7_5CQ_A_601,0.99054191,0.63145655,0.13002474,0.090335724,0.60352761,0.10458049,0
5di7_5CQ_B_601,0.98966724,0.65347815,0.1427144,0.091576301,0.91039536,0.10765287,0.21209527
5did_5CK_A_601,0.99497961,0.99718757,0.13330972,0.096221453,0.64527221,0.11185,0.21272949
5did_5CK_B_601,0,0.99679055,0.11307165,0.0978546,0.21551187,0.12463063,0.19819162
5die_5CJ_A_601,0.9934629,0.65388251,0.12558141,0.090362367,0.48268936,0.10401961,0.19517149
5dky_NOJ_A_1000,0,0.65363387,0.12257406,0.093207869,0.48261345,0.12037234,0.19763952
5dmm_HCS_A_505,0.55866903,0.65377369,0.12426523,0.091607714,0.48265613,0.11117646,0.19625163
5dne_ASN_A_601,0,0.98411263,0.12372575,0.098408581,0.48229882,0.12662231,0.20834095
5dne_ASN_B_601,0,0.97875276,0.12370707,0.098324223,0.48230392,0.12652093,0.20816737
5dne_ASN_C_601,0,0.98503793,0.12372898,0.098423144,0.48229794,0.12663981,0.20837092
5dne_ASN_D_601,0,0.9763926,0.14428736,0.09981123,0.99412384,0.34306394,0.22855046
5dnx_5LD_A_203,0.93684412,0.97989056,0.1073023,0.094300752,0.0023865991,0.10710456,0.18687627
5dnx_5LD_B_201,0.98986377,0.98562376,0.1073885,0.094232338,3.4394565e-05,0.10632044,0.1868369
5dnx_5LD_B_205,0,0.91687414,0.12349141,0.097350331,0.48236283,0.12535056,0.2061634
5dr9_SKE_A_401,0,0,0.12029579,0.082919875,0.48323573,0.10800871,0.17647006
5dt0_SKE_A_401,0.96918022,0,0.10386248,0.078777168,0,0.088012912,0.15494075
5dw3_TRP_A_402,0,0.65363387,0.12257406,0.093207869,0.48261345,0.12037234,0.19763952
5dw3_TRP_C_402,0,0.65363387,0.12257406,0.093207869,0.48261345,0.12037234,0.19763952
5dw3_TRP_D_402,0,0.65363387,0.12257406,0.093207869,0.48261345,0.12037234,0.19763952
5dz2_212_A_404,0.98873409,0.9652972,0.10770612,0.093943264,0.0098241803,0.10603633,0.18656824
5dz2_212_B_404,0.99036767,0.65388173,0.12557204,0.090371232,0.48268912,0.10407056,0.19517918
5dzh_5KG_A_900,0.98964519,0.65388155,0.12556985,0.090373301,0.48268906,0.10408245,0.19518097
5dzh_5KG_B_901,0,0.65363387,0.12257406,0.093207869,0.48261345,0.12037234,0.19763952
5e4o_L57_A_201,0.0010655202,0.96973711,0.13928816,0.099278683,0.87180585,0.12958868,0.22328011
5e4o_L57_B_201,0.98319123,0.97697248,0.13466971,0.096040355,0.68185981,0.11196754,0.21355134
5e4r_40E_A_504,0.66599474,0.94907426,0.11051536,0.09488388,0.10567557,0.11184445,0.19063933
5e9m_BAE_A_2001,0.99808118,0.98347443,0.10796583,0.09421439,0.014004822,0.1062613,0.18729953
5edh_5MF_A_803,0,0.65363387,0.12257406,0.093207869,0.48261345,0.12037234,0.19763952
5edh_5MF_B_803,0,0.65363387,0.12257406,0.093207869,0.48261345,0.12037234,0.19763952
5edh_5MF_D_803,0,0.65363387,0.12257406,0.093207869,0.48261345,0.12037234,0.19763952
5eo7_SFU_A_401,0,0.90897838,0.14189395,0.098524147,0.94221486,0.12904539,0.22409935
5eo7_SFU_A_402,0,0.65363387,0.12257406,0.093207869,0.48261345,0.12037234,0.19763952
5eo7_SFU_A_403,0.01341422,0.93299468,0.10424908,0.096203474,0,0.12140082,0.18756313
5eo7_SFU_B_401,0.94623429,0.93659269,0.14005355,0.095907775,0.82249309,0.1129879,0.21789917
5eo7_SFU_B_403,0,0.92059197,0.12692472,0.09764975,0.56777105,0.1261343,0.20965992
5eo7_SFU_B_404,0,0.65363387,0.12257406,0.093207869,0.48261345,0.12037234,0.19763952
5eo7_SFU_B_405,0,0.95929019,0.14402567,0.099453785,0.99098463,0.13040506,0.22765978
5eo7_SFU_C_401,0.84803217,0.8047914,0.14083347,0.094223156,0.86090734,0.11243225,0.21539187
5eo7_SFU_C_402,0,0.65363387,0.12257406,0.093207869,0.48261345,0.12037234,0.19763952
5eo7_SFU_C_403,0.70668546,0.73820063,0.12500746,0.092512148,0.4825871,0.11033646,0.19861732
5eo7_SFU_C_404,0.96825835,0.65432293,0.10652016,0.089102347,0.0090471548,0.10048039,0.176504
5eo7_SFU_C_405,0,0.65363387,0.12257406,0.093207869,0.48261345,0.12037234,0.19763952
5eo8_TFU_A_401,0,0.65363387,0.12257406,0.093207869,0.48261345,0.12037234,0.19763952
5eo8_TFU_A_402,0.86508143,0,0.10369345,0.079085907,0.0036373978,0.089757222,0.1553441
5eo8_TFU_A_404,0,0,0.14036096,0.08433313,0.98362263,0.11219395,0.19627567
5eo8_TFU_A_405,0,0.65363387,0.12257406,0.093207869,0.48261345,0.12037234,0.19763952
5eo8_TFU_A_406,0.89876625,0.65352993,0.13927184,0.0916144,0.83137131,0.10848944,0.20919621
5eso_ISC_A_602,0.98798575,0.83818863,0.12620732,0.093279339,0.48251347,0.1075964,0.20115503
5eso_ISC_B_602,0,0,0.12029579,0.082919875,0.48323573,0.10800871,0.17647006
5ew8_5SF_A_803,0.52510227,0.65376529,0.12416362,0.091703858,0.48265357,0.11172898,0.19633502
5ew8_5SF_B_802,0.9519242,0.64672474,0.12530822,0.090354815,0.47950686,0,0.19491264
5ewc_5SJ_A_801,0.99223491,0,0.14368844,0.081511221,0.99176909,0.095925772,0.19412525
5ezp_IPJ_A_201,0.98673532,0.65388083,0.12556104,0.090381636,0.48268884,0.10413035,0.1951882
5ezp_IPJ_B_201,0,0.65363387,0.12257406,0.093207869,0.48261345,0.12037234,0.19763952
5ezp_IPJ_C_201,0,0.65363387,0.12257406,0.093207869,0.48261345,0.12037234,0.19763952
5ezp_IPJ_G_202,0.99217538,0.65433745,0.1062299,0.089008394,6.8820985e-07,0.10001117,0.17608679
5f35_FLC_A_302,0.97670893,0.65387832,0.12553069,0.090410354,0.48268808,0.10429539,0.19521311
5f79_4V7_A_4000,0.96011011,0.63351447,0.10578596,0.088751825,0.00021057915,0.10008032,0
5faj_DCS_A_401,0,0.94322705,0.12358325,0.097765093,0.48233774,0.125849,0.20701685
5faj_DCS_B_401,0,0.9597297,0.12364077,0.098024824,0.48232203,0.12616113,0.2075513
5faj_DCS_C_401,0,0.94729317,0.12359743,0.097829089,0.48233387,0.12592591,0.20714854
5faj_DCS_D_401,0,0.65363387,0.12257406,0.093207869,0.48261345,0.12037234,0.19763952
5fay_CHT_A_908,0.98010434,0.65387917,0.12554097,0.090400629,0.48268834,0.1042395,0.19520468
5fay_CHT_B_906,0.98960278,0.65388154,0.12556972,0.090373423,0.48268906,0.10408315,0.19518108
5fc5_PC_A_516,0.98828868,0.65351636,0.14107195,0.091465288,0.86952398,0.10733434,0.2104824
5fe1_12Q_A_901,0.99711882,0.65340463,0.14594071,0.091779772,0.99032203,0.10819747,0.2152375
5fe1_12Q_B_901,0.99708093,0.65340744,0.14582085,0.091771477,0.98733452,0.10817316,0.21511945
5fe4_5WY_A_903,0.9972424,0.99298581,0.10914676,0.094447512,0.042694497,0.10669494,0.18874509
5fe4_5WY_B_904,0.99617209,0.99050938,0.10758833,0.094302676,0.0041152133,0.10634314,0.187141
5fh3_OXL_A_703,0.99741032,0.65423557,0.11063118,0.089301134,0.10940755,0.10083838,0.18040035
5fiu_Y3J_B_1299,0,0.65363387,0.12257406,0.093207869,0.48261345,0.12037234,0.19763952
5fiu_Y3J_C_1299,0.98945543,0.65388151,0.12556928,0.090373845,0.48268905,0.10408558,0.19518145
5fkl_TDC_A_222,0,0.65363387,0.12257406,0.093207869,0.48261345,0.12037234,0.19763952
5fli_QUE_A_301,0.52510227,0.65376529,0.12416362,0.091703858,0.48265357,0.11172898,0.19633502
5fli_QUE_C_301,0.52510227,0.65376529,0.12416362,0.091703858,0.48265357,0.11172898,0.19633502
5fli_QUE_D_301,0,0.64590513,0.12241489,0.09307084,0.47917658,0,0.19724789
5fli_QUE_E_301,0.52510227,0.65376529,0.12416362,0.091703858,0.48265357,0.11172898,0.19633502
5fli_QUE_F_301,0.52510227,0.65376529,0.12416362,0.091703858,0.48265357,0.11172898,0.19633502
5fli_QUE_G_301,0.52510227,0.65376529,0.12416362,0.091703858,0.48265357,0.11172898,0.19633502
5fli_QUE_H_301,0.52510227,0.65376529,0.12416362,0.091703858,0.48265357,0.11172898,0.19633502
5fli_QUE_J_301,0.52510227,0.65376529,0.12416362,0.091703858,0.48265357,0.11172898,0.19633502
5fp9_4SV_A_1342,0.99651004,0.95046191,0.10752872,0.09367697,0.0061118203,0.10559658,0.18592113
5fqf_NGA_A_1588,0.96236063,0.65387473,0.12548726,0.090451451,0.48268698,0.10453157,0.19524876
5fqf_NGA_A_1589,0.51472543,0.65376269,0.12413221,0.091733579,0.48265278,0.11189979,0.1963608
5fqf_NGA_B_1585,0.9868576,0.97254082,0.14695993,0.096826039,0.98856648,0.11438778,0.22553422
5fqf_NGA_B_1586,0.11588472,0.65366287,0.12292486,0.092875949,0.4826223,0.11846484,0.19735163
5fuv_THM_B_1385,0.97727579,0.65387846,0.12553241,0.09040873,0.48268812,0.10428606,0.1952117
5fv3_OGA_A_1770,0.99799561,0.98032821,0.10739697,0.094125842,9.6099507e-05,0.10608689,0.18664743
5fwd_GJV_A_1446,0.97693357,0.98077474,0.12667083,0.095555154,0.48237688,0.11047524,0.20580026
5fwe_OGA_A_1358,0.99620838,0.6536453,0.13570024,0.091063978,0.73491417,0.10608019,0.20513947
5fwe_OGA_B_1359,0,0.65363387,0.12257406,0.093207869,0.48261345,0.12037234,0.19763952
5fzn_FB2_A_1615,0.92541509,0.99330165,0.10733758,0.094546221,0.0029536857,0.10755121,0.18736188
5g03_OE2_A_1263,0,0.65363387,0.12257406,0.093207869,0.48261345,0.12037234,0.19763952
5g09_6DF_A_1475,0,0.65363387,0.12257406,0.093207869,0.48261345,0.12037234,0.19763952
5g09_6DF_B_1474,0.98969785,0.65388157,0.12557001,0.090373151,0.48268907,0.10408159,0.19518084
5g09_6DF_C_1475,0,0.65363387,0.12257406,0.093207869,0.48261345,0.12037234,0.19763952
5g09_6DF_D_1476,0.9898245,0.6538816,0.12557039,0.090372788,0.48268908,0.1040795,0.19518053
5g0v_JDD_B_1271,2.0925589e-10,0.91805016,0.1234955,0.09736884,0.48236171,0.1253728,0.20620149
5g21_YN4_A_1002,0.95834817,0.65387372,0.12547511,0.090462943,0.48268667,0.10459761,0.19525872
5g44_I6G_A_1510,0.99529456,0.0014132077,0.14362939,0.081519532,0.98994113,0.095886851,0.1940911
5g44_SWX_A_1511,1.3399904e-05,0.65363387,0.1225741,0.09320783,0.48261345,0.12037212,0.19763948
5g44_YTZ_A_1512,0.00010079617,0.6536339,0.12257437,0.09320758,0.48261346,0.12037068,0.19763927
5g4r_LF1_A_1739,0.93962611,0.65386904,0.12541844,0.090516567,0.48268524,0.10490578,0.19530524
5g4r_LF1_B_1739,0,0.65363387,0.12257406,0.093207869,0.48261345,0.12037234,0.19763952
5g4r_LF1_C_1739,0.98728553,0.65388096,0.12556271,0.09038006,0.48268888,0.10412129,0.19518684
5g4r_LF1_D_1739,0.36085273,0.65372418,0.12366641,0.092174305,0.48264102,0.11443258,0.19674306
5g6i_M85_A_904,0.96293771,0.65433013,0.10614161,0.089092152,4.55622e-06,0.10049248,0.17615964
5gnx_BGC_A_502,0,0.65363387,0.12257406,0.093207869,0.48261345,0.12037234,0.19763952
5gnx_BGC_B_503,0,0.65363387,0.12257406,0.093207869,0.48261345,0.12037234,0.19763952
5goo_FRU_A_501,0.97635857,0.65387823,0.12552963,0.090411357,0.48268805,0.10430115,0.19521398
5goo_FRU_B_501,0,0.65363387,0.12257406,0.093207869,0.48261345,0.12037234,0.19763952
5goo_FRU_C_501,0.99390848,0.65433789,0.10623513,0.089003429,4.083696e-07,0.09998264,0.17608247
5gri_CIT_B_401,0.71560247,0.65381297,0.12474029,0.091158222,0.48266813,0.10859329,0.19586177
5gto_MYR_A_502,0,0.65363387,0.12257406,0.093207869,0.48261345,0.12037234,0.19763952
5gwt_SIN_A_302,0.99381726,0.65432297,0.10686782,0.089048106,0.015791442,0.10011597,0.17670716
5gwt_SIN_C_301,0,0.65363387,0.12257406,0.093207869,0.48261345,0.12037234,0.19763952
5gwx_SAR_A_302,0,0.65363387,0.12257406,0.093207869,0.48261345,0.12037234,0.19763952
5gzz_GSH_C_301,0.9453332,0.65387046,0.12543571,0.090500221,0.48268568,0.10481184,0.19529106
5gzz_GSH_D_301,0.98052436,0.65387927,0.12554224,0.090399426,0.48268837,0.10423258,0.19520363
5gzz_GSH_E_301,0.89858757,0.65385876,0.12529421,0.090634111,0.48268211,0.10558129,0.19540719
5gzz_JAA_A_601,0,0.80081838,0.10374687,0.094161578,6.5754048e-05,0.11912148,0.18331502
5h24_LQG_A_501,0.99173182,0.9911564,0.10741234,0.094313982,3.2715486e-06,0.10639411,0.18701034
5h24_LQG_B_501,0.93618506,0.99551025,0.10725965,0.094541778,3.6062827e-06,0.10739101,0.1872899
5h5k_C5P_B_203,0.98619093,0.65388069,0.1255594,0.090383195,0.4826888,0.10413931,0.19518956
5h8f_GLU_A_302,0,0.65363387,0.12257406,0.093207869,0.48261345,0.12037234,0.19763952
5h8q_GLU_A_302,0,0.65363387,0.12257406,0.093207869,0.48261345,0.12037234,0.19763952
5h8q_GLY_B_301,0,0,0.12016392,0.08287327,0.47999337,0,0.17627067
5h9i_XAN_A_301,0,0,0.14006148,0.084312036,0.97615154,0.11213148,0.19598006
5ha7_WY1_A_402,0.52510227,0.65376529,0.12416362,0.091703858,0.48265357,0.11172898,0.19633502
5ha7_WY1_B_402,0,0.63313534,0.10287825,0.091499538,0.00021459129,0.11588117,0
5hc0_NPO_A_402,0.9968218,0.96444565,0.10793728,0.09392144,0.015055082,0.10593079,0.18672746
5hfa_FP1_A_607,0.52510227,0.65376529,0.12416362,0.091703858,0.48265357,0.11172898,0.19633502
5hfa_FP1_A_608,0.52510227,0.65376529,0.12416362,0.091703858,0.48265357,0.11172898,0.19633502
5hfa_FP1_B_609,0.52510227,0.65376529,0.12416362,0.091703858,0.48265357,0.11172898,0.19633502
5hgz_MLA_A_302,0.87498562,0.95220147,0.14350033,0.096611833,0.9124851,0.11520871,0.22214341
5hgz_MLA_A_303,0.97848244,0.6770346,0.10626876,0.089407474,0,0.1006691,0.17686182
5hpu_IPH_A_101,0.99360749,0.98832659,0.14705551,0.097056553,0.98905824,0.11457943,0.22604851
5hpu_IPH_C_101,0.99534277,0.97854959,0.10737886,0.094105181,3.1054782e-07,0.10609611,0.18659261
5hss_64Z_A_402,0.97133303,0.65416185,0.1134079,0.089576213,0.18064841,0.10186239,0.18328246
5hss_64Z_D_403,0,0.65363387,0.12257406,0.093207869,0.48261345,0.12037234,0.19763952
5hss_650_B_402,0.99662284,0.94607063,0.10726919,0.093590308,1.3837209e-05,0.10546065,0.18553723
5htd_MYR_A_201,0.98150334,0.97166517,0.10735631,0.094039559,0.0010852526,0.10620279,0.18644688
5hxi_5HN_A_403,0.99486855,0.98846321,0.13416409,0.096146803,0.6673586,0.11187144,0.2133209
5hyv_TPP_A_701,0.85123816,0.65384691,0.12515087,0.09076973,0.48267849,0.10636068,0.19552481
5i0d_GLC_A_1124,0.90418987,0.65431542,0.10596403,0.089260438,7.9565379e-06,0.10145954,0.17630584
5i0d_GLC_B_1122,0.98080117,0.65433459,0.10619619,0.089041023,1.8145499e-05,0.10019854,0.17611576
5i0m_UMP_B_201,0,0,0.12230904,0.083061677,0.53329478,0.10842864,0.17845727
5i5s_NVU_A_402,0.96649614,0.99177429,0.1386002,0.096597944,0.77987337,0.11334197,0.21795087
5i5t_67X_A_402,0.96197103,0.990089,0.11587305,0.094985027,0.21340523,0.1086482,0.19549372
5i5t_67X_B_402,0.99593959,0.98907564,0.10742132,0.094269416,9.2281678e-05,0.1062862,0.18693593
5i7r_68W_A_402,0.8057277,0.98304264,0.1466685,0.097526135,0.99404188,0.1176144,0.22654265
5i8s_LEA_A_202,0.99427968,0.98192232,0.14372157,0.097106237,0.8744518,0.11423436,0.97513702
5i8z_JA1_A_302,0.98746334,0.6534086,0.14564001,0.091788377,0.9835488,0.10829986,0.21499365
5i9m_69K_A_302,0,0.98917837,0.12158025,0.09833595,0.42843656,0.12626693,0.20636982
5iav_MLI_A_302,0.98892606,0.64405971,0.12553356,0.090221296,0.48269836,0.10390914,0.19486574
5iav_MLI_B_302,0,0.62897078,0.12248797,0.092819091,0.48263693,0.11990512,0.19683953
5ice_2H4_A_402,0,0.65363387,0.12257406,0.093207869,0.48261345,0.12037234,0.19763952
5icf_SAU_A_402,0,0.9098824,0.1171044,0.096792148,0.32372939,0.12389118,0.19965664
5igs_GMP_A_403,0.97818636,0,0.1436169,0.081549455,0.99104438,0.09615101,0.19413159
5ihe_D5M_A_701,0,0.65363387,0.12257406,0.093207869,0.48261345,0.12037234,0.19763952
5ihe_D5M_B_701,0.56347226,0.65377489,0.12427977,0.091593957,0.4826565,0.1110974,0.1962397
5ijz_AKG_A_502,0.52510227,0.65376529,0.12416362,0.091703858,0.48265357,0.11172898,0.19633502
5ijz_AKG_B_502,0.52510227,0.65376529,0.12416362,0.091703858,0.48265357,0.11172898,0.19633502
5ijz_AKG_C_502,0.52510227,0.65376529,0.12416362,0.091703858,0.48265357,0.11172898,0.19633502
5ijz_AKG_D_502,0.52510227,0.65376529,0.12416362,0.091703858,0.48265357,0.11172898,0.19633502
5ijz_AKG_H_502,0.52510227,0.65376529,0.12416362,0.091703858,0.48265357,0.11172898,0.19633502
5in3_G1P_B_418,0,0.98134431,0.137525,0.099337613,0.82688479,0.12945024,0.22188156
5ioq_DUR_B_303,0.94775038,0,0.12316418,0.080202651,0.48330837,0.092405237,0.17411013
5ioq_DUR_C_302,0.76390532,0,0.12260777,0.080729739,0.48329428,0.095432005,0.17456791
5ioq_DUR_D_302,0,0,0.12029579,0.082919875,0.48323573,0.10800871,0.17647006
5irw_D9P_A_202,0.92349947,0.65363012,0.13535193,0.091263237,0.73171199,0.1072503,0.20519361
5irw_D9P_B_202,0.92073588,0.65339266,0.14540584,0.091977242,0.98274255,0.10939152,0.21512768
5ita_6DC_A_801,0.97928989,0.98794143,0.14724449,0.097107997,0.99488663,0.1148566,0.22630232
5ita_6DC_B_801,0.51378784,0.98211419,0.12527378,0.096904086,0.4823401,0.11812567,0.20699689
5iuy_BOG_B_503,0.86112427,0.65384939,0.1251808,0.090741414,0.48267924,0.10619795,0.19550025
5iuy_BOG_C_503,0.084318658,0.65365497,0.12282931,0.092966361,0.48261989,0.11898443,0.19743005
5ivg_FPS_B_704,0.52510227,0.65376529,0.12416362,0.091703858,0.48265357,0.11172898,0.19633502
5ivg_FPS_C_704,0.52510227,0.65376529,0.12416362,0.091703858,0.48265357,0.11172898,0.19633502
5ivg_FPS_D_704,0.52510227,0.65376529,0.12416362,0.091703858,0.48265357,0.11172898,0.19633502
5j4k_6FZ_A_404,0.98689663,0.96632288,0.14109512,0.096316506,0.84280335,0.11305074,0.21956508
5j5i_6GM_A_302,0.86870557,0.99500192,0.12639286,0.096089365,0.48235504,0.11252617,0.20653051
5j5i_6GM_A_303,0.52510227,0.65376529,0.12416362,0.091703858,0.48265357,0.11172898,0.19633502
5j5i_6GM_E_302,0.52510227,0.65376529,0.12416362,0.091703858,0.48265357,0.11172898,0.19633502
5j5i_6GM_F_302,0.52510227,0.65376529,0.12416362,0.091703858,0.48265357,0.11172898,0.19633502
5j5i_6GM_F_303,0.52510227,0.65376529,0.12416362,0.091703858,0.48265357,0.11172898,0.19633502
5j5i_6GM_G_302,0.52510227,0.65376529,0.12416362,0.091703858,0.48265357,0.11172898,0.19633502
5j5i_6GM_I_302,0.52510227,0.65376529,0.12416362,0.091703858,0.48265357,0.11172898,0.19633502
5j5i_6GM_I_303,0.52510227,0.65376529,0.12416362,0.091703858,0.48265357,0.11172898,0.19633502
5j61_A3G_A_501,0.52510227,0.65376529,0.12416362,0.091703858,0.48265357,0.11172898,0.19633502
5j61_A3G_C_501,0,0.65363387,0.12257406,0.093207869,0.48261345,0.12037234,0.19763952
5j61_A3G_D_501,0.52510227,0.65376529,0.12416362,0.091703858,0.48265357,0.11172898,0.19633502
5j61_A3G_E_501,0,0.65363387,0.12257406,0.093207869,0.48261345,0.12037234,0.19763952
5j61_A3G_F_501,0.52510227,0.65376529,0.12416362,0.091703858,0.48265357,0.11172898,0.19633502
5j61_A3G_G_501,0.52510227,0.65376529,0.12416362,0.091703858,0.48265357,0.11172898,0.19633502
5j61_A3G_H_501,0.52510227,0.65376529,0.12416362,0.091703858,0.48265357,0.11172898,0.19633502
5j6y_GLC_A_309,0,0.65363387,0.12257406,0.093207869,0.48261345,0.12037234,0.19763952
5jdv_EVF_B_302,0.9943729,0.98593701,0.14738792,0.097040586,0.99750222,0.11459222,0.22630326
5je7_EVF_B_302,0.99305987,0.65339631,0.14623901,0.091813192,0.99807033,0.10832897,0.215554
5jep_EVF_B_302,0.99295943,0.65339566,0.14626514,0.091815334,0.99872965,0.10833613,0.21558033
5jep_EVF_B_303,0.45918749,0.65374879,0.12396408,0.091892652,0.48264853,0.11281396,0.19649877
5jfx_6K4_A_4000,0.52510227,0.65376529,0.12416362,0.091703858,0.48265357,0.11172898,0.19633502
5jg5_EVF_B_302,0,0.65363387,0.12257406,0.093207869,0.48261345,0.12037234,0.19763952
5jj2_MLI_A_301,0.9768498,0.65346101,0.14326769,0.091654561,0.92516581,0.10798716,0.21271124
5jj2_MLI_A_302,0.88094184,0.65430954,0.10589629,0.089327211,7.2630691e-05,0.10184276,0.1763662
5jj2_MLI_A_303,0.99342226,0.65381651,0.12838599,0.090559295,0.55265081,0.10460443,0.19793865
5jj2_MLI_A_305,0.024031921,0.65363989,0.12264681,0.093139036,0.48261529,0.11997677,0.19757982
5joy_6LW_B_602,0.0075773133,0.93147422,0.1042263,0.096196292,5.2882408e-06,0.1214682,0.1875286
5jp9_DCM_A_401,0,0.65363387,0.12257406,0.093207869,0.48261345,0.12037234,0.19763952
5jp9_DCM_B_401,0.9815708,0.65387953,0.12554541,0.090396428,0.48268845,0.10421536,0.19520103
5jtt_6MY_A_902,0,0,0.12029579,0.082919875,0.48323573,0.10800871,0.17647006
5jtu_6NE_A_902,0.52510227,0.65376529,0.12416362,0.091703858,0.48265357,0.11172898,0.19633502
5k2c_ZMA_A_1201,0,0.99248909,0.14250953,0.099861358,0.95025355,0.13069261,0.2271242
5k5m_68T_A_1003,0.33246179,0.65371708,0.12358047,0.092255623,0.48263885,0.11489991,0.19681359
5kcj_6RM_B_302,0,0.65363387,0.12257406,0.093207869,0.48261345,0.12037234,0.19763952
5kcp_PFB_A_378,0,0.65363387,0.12257406,0.093207869,0.48261345,0.12037234,0.19763952
5kcp_PFB_A_379,0.98490993,0.044106051,7.0490077e-68,0.079438282,0.010325126,0.088636886,0.15655759
5kcp_PFB_B_378,0,0.95406069,0.1426661,0.099277004,0.95752684,0.13002637,0.22616643
5kcp_PFB_B_379,0.91561617,0.65386303,0.12534576,0.090585337,0.48268341,0.10530099,0.19536488
5kf2_COA_A_401,0.91137968,0.65388038,0.12455088,0.090542593,0.46316492,0.10520785,0.19460385
5kjw_53C_A_800,0.94584594,0.98725683,0.13794408,0.096545347,0.7654594,0.11347597,0.21728559
5kjw_53C_B_800,0.99900078,0.99665836,0.1075412,0.094385911,0.0021873312,0.10639679,0.18725697
5kjz_PCG_A_401,0.9532402,0.65387244,0.12545965,0.090477574,0.48268628,0.10468169,0.19527141
5kmj_6UF_A_901,0.00087032259,0.99438944,0.10445196,0.097207607,0.00062762797,0.12277417,0.18960917
5kxb_NGA_B_305,0,0.65363387,0.12257406,0.093207869,0.48261345,0.12037234,0.19763952
5kxb_NGA_C_305,0,0.65363387,0.12257406,0.093207869,0.48261345,0.12037234,0.19763952
5l1u_7PF_A_401,0,0,0.14078967,0.084363325,0.99431735,0.11228337,0.19669884
5l7u_NGA_A_601,0.17864294,0.65367858,0.12311484,0.092696195,0.4826271,0.11743182,0.19719572
5l7u_NGA_B_601,0.96959322,0.65340968,0.14535002,0.091823008,0.9776628,0.10854488,0.21480532
5l9v_OGA_A_502,0.99676817,0,0.99628737,0.081376196,0.89997525,0.095385556,0.19193413
5l9v_OGA_B_502,0.99753535,0.65433837,0.10626422,0.088994311,0.00045241003,0.099926712,0.17609132
5la1_XYP_A_601,0.99594295,0,0.14350596,0.081486947,0.98693706,0.095824321,0.19392482
5la1_XYP_A_602,0.088004989,0.96419172,0.11108397,0.096938467,0.16214341,0.12211871,0.19480404
5la2_ARB_A_606,0.046580092,0,0.10801894,0.081911705,0.1732959,0.1046517,0.16409688
5la2_ARB_B_606,0,0,0.1089294,0.082119307,0.19952281,0.10563789,0.1652507
5lik_W8X_X_402,0.98541046,0.65433574,0.10621016,0.089027822,1.8965233e-05,0.10012268,0.17610433
5lqs_NTM_A_302,0.04883897,0.65364609,0.1227219,0.093067983,0.48261718,0.11956843,0.19751819
5lwy_OLB_A_403,0,0.65363387,0.12257406,0.093207869,0.48261345,0.12037234,0.19763952
5lwy_OLB_A_406,0,0,0.10093129,0.081555976,7.6217506e-08,0.10396963,0.15735605
5lwy_OLB_A_407,0,0.65363387,0.12257406,0.093207869,0.48261345,0.12037234,0.19763952
5lwy_OLB_A_409,0,0.65363387,0.12257406,0.093207869,0.48261345,0.12037234,0.19763952
5m0e_7CR_A_922,0.89477815,0.65385781,0.12528268,0.090645022,0.48268182,0.105644,0.19541665
5m0t_AKG_A_302,0.99488046,0.64736433,0.106193,0.08888423,0.00020997059,4.5728452e-06,0.17582447
5m0t_AKG_B_302,0.99435051,0.65433781,0.10624446,0.089002724,0.00020001647,0.09997703,0.17608926
5m5a_KSA_A_404,0.9903893,0.65388174,0.1255721,0.09037117,0.48268912,0.1040702,0.19517913
5m62_BGC_A_409,0,0.65363387,0.12257406,0.093207869,0.48261345,0.12037234,0.19763952
5m66_ADN_A_502,0.98782215,0.6538811,0.12556433,0.090378523,0.48268892,0.10411246,0.1951855
5m66_ADN_B_502,0.99174247,0.65388208,0.1255762,0.090367294,0.48268922,0.10404793,0.19517576
5m66_ADN_D_502,0.98273753,0.65387983,0.12554894,0.090393087,0.48268854,0.10419615,0.19519813
5m8d_UGI_B_501,0.98035145,0.99293074,0.12672354,0.095736675,0.48236557,0.11064889,0.20618543
5mdh_MAK_A_335,0,0.65363387,0.12257406,0.093207869,0.48261345,0.12037234,0.19763952
5mdh_MAK_B_335,0.48841866,0.50144035,0,0.088031443,2.3498881e-07,0.1053776,0.17221003
5mot_HBD_A_402,0.94229475,0.90821287,0.10697383,0.093150305,6.188253e-05,0.10563926,0.18444747
5mxh_GAL_A_401,0.11528099,0.65366272,0.12292303,0.092877678,0.48262226,0.11847478,0.19735313
5mxh_GAL_A_402,0.11106635,0.65366167,0.12291027,0.09288975,0.48262194,0.11854415,0.1973636
5mzj_TEP_A_2401,0.99759144,0,0.14317113,0.081458286,0.97845991,0.0957263,0.19358529
5mzp_CFF_A_2401,0.045077042,0.98745026,0.10616249,0.097084409,0.040571855,0.12224904,0.19085458
5n5k_8NW_A_307,0,0.65201705,0,0.093281689,0.52232736,0.12063848,0.1989625
5n5k_HAE_A_306,0.26727682,0.96926924,0.13847837,0.098394415,0.83156046,0.12486039,0.2210091
5n8c_8Q8_A_403,0,0.5425519,0.12218677,0.091458966,0.4827192,0.11827059,0.19404082
5nh9_XLS_A_503,0.78732848,0.65383092,0.12495741,0.090952782,0.48267361,0.10741265,0.19568358
5nh9_XLS_C_504,0.97912871,0.65387892,0.12553802,0.090403423,0.48268826,0.10425556,0.1952071
5nh9_XLS_D_504,0.97576516,0.65387808,0.12552783,0.090413057,0.482688,0.10431092,0.19521546
5nj0_8YW_A_301,0.98833615,0.6534118,0.14551611,0.091776998,0.98039207,0.10825914,0.21486665
5njb_BB2_A_502,0.95977064,0.65387408,0.12547942,0.090458869,0.48268678,0.1045742,0.19525519
5njb_BB2_C_502,0.96875337,0.65387633,0.12550661,0.09043314,0.48268747,0.10442634,0.19523288
5nnw_GCS_D_302,0,0,0.12029579,0.082919875,0.48323573,0.10800871,0.17647006
5nov_93B_A_201,0.99570964,0.6540893,0.11682414,0.08974094,0.26403636,0.10215729,0.18651949
5nuk_Z80_A_201,0.97926673,0.65433422,0.10619082,0.089045367,0,0.10022365,0.17611886
5o3b_9HZ_A_501,0.52510227,0.65376529,0.12416362,0.091703858,0.48265357,0.11172898,0.19633502
5o3b_9HZ_B_501,0.52510227,0.65376529,0.12416362,0.091703858,0.48265357,0.11172898,0.19633502
5o3b_9HZ_C_501,0.52510227,0.65376529,0.12416362,0.091703858,0.48265357,0.11172898,0.19633502
5o3b_9HZ_D_501,0.52669756,0.63173586,0.12300265,0.091275648,0.45552347,0.11105862,0
5o3d_9J5_A_501,0.52510227,0.65376529,0.12416362,0.091703858,0.48265357,0.11172898,0.19633502
5o3f_9HT_A_501,0,0.65363387,0.12257406,0.093207869,0.48261345,0.12037234,0.19763952
5o3g_9J8_B_501,0.19507364,0,0.12088619,0.082360594,0.48325068,0.10479708,0.17598432
5o4j_9KH_B_302,0,0.96169539,0.12364762,0.098055762,0.48232016,0.12619831,0.20761496
5o4j_9KH_C_302,0,0.96566868,0.10433294,0.096756926,0.00024096733,0.12224188,0.18866513
5o4j_PJL_A_304,0.24224215,0.93433296,0.1049489,0.095568665,7.6158928e-05,0.11765933,0.18703925
5o4k_9KE_A_405,0.94895827,0.65387137,0.12544669,0.090489838,0.48268596,0.10475217,0.19528205
5ocm_9RH_A_302,0.0016953332,0.98582706,0.13251784,0.099049174,0.70145434,0.12845838,0.21705964
5ocm_9RH_B_302,0.0016603815,0.91880368,0.1338924,0.098107685,0.74162006,0.12752672,0.21647661
5ocm_9RH_C_302,0.0016974413,0.91761066,0.10515208,0.096064816,0.024758382,0.12150968,0.18807333
5oew_9TE_B_901,0.98736748,0.65388098,0.12556296,0.090379825,0.48268889,0.10411994,0.19518663
5oew_9TE_C_301,0.75081606,0.65382178,0.12484688,0.091057362,0.48267082,0.10801366,0.19577429
5oew_GLU_A_301,0,0.65363387,0.12257406,0.093207869,0.48261345,0.12037234,0.19763952
5oew_GLU_B_902,0,0.65363387,0.12257406,0.093207869,0.48261345,0.12037234,0.19763952
5oip_9WE_A_302,0.93587628,0.6538681,0.12540709,0.090527308,0.48268496,0.10496751,0.19531455
5oir_9W8_A_302,0.45972074,0.88519895,0.12213074,0.095347714,0.41659568,0.11663175,0.20138542
5oo4_URI_A_201,0.97431333,0,0.14368459,0.081566152,0.99302518,0.096231338,0.19421961
5ooa_URI_A_201,0.98805986,0,0.14346778,0.081508539,0.98657926,0.095951117,0.19393031
5osf_A9E_A_404,0.94604718,0.65432591,0.10609034,0.089140521,3.9295155e-07,0.10077047,0.17620147
5r0i_SYV_A_2501,0.99776035,0.99338809,0.10743834,0.09433182,1.4983411e-06,0.10633706,0.18706758
5r28_RDJ_A_401,0.9852464,0.65433567,0.10621109,0.089028392,5.437714e-05,0.10012568,0.17610614
5r9o_54F_A_401,0.99296671,0.98521549,0.13974053,0.096495109,0.80689795,0.11300803,0.21874162
5sga_TYR_P_1,0,0.65363387,0.12257406,0.093207869,0.48261345,0.12037234,0.19763952
5syi_NIZ_A_805,0.0015552842,0.65363426,0.12257877,0.093203414,0.48261357,0.12034674,0.19763565
5syi_NIZ_B_805,0.95171259,0.86008703,0,0.092331636,0.0079905635,0,0.18288783
5t3h_BEN_A_302,0.99801722,0.65340068,0.14612073,0.09178964,0.99474533,0.10821961,0.21541019
5t63_ALA_C_1,0,0,0.12029579,0.082919875,0.48323573,0.10800871,0.17647006
5t6b_TMP_B_504,0,0.65363387,0.12257406,0.093207869,0.48261345,0.12037234,0.19763952
5t6b_TMP_D_503,0,0.65363387,0.12257406,0.093207869,0.48261345,0.12037234,0.19763952
5t85_44G_L_301,0.011390865,0,0.12033027,0.082887217,0.4832366,0.10782117,0.17644169
5tbo_78Z_A_1001,0.97538858,0.65387799,0.12552669,0.090414136,0.48268797,0.10431712,0.19521639
5tch_MLI_A_301,0.99560524,0.65388305,0.12558789,0.090356231,0.48268952,0.10398435,0.19516617
5tch_MLI_B_501,0.99862595,0.65429278,0.10821676,0.08912797,0.049081611,0.10031474,0.17801169
5tch_MLI_D_501,0.99581503,0.6538831,0.12558853,0.09035563,0.48268954,0.1039809,0.19516565
5tch_MLI_E_301,0.99810456,0.65412788,0.11521732,0.089620817,0.22376891,0.1017817,0.18492113
5tch_MLI_F_501,0.99787196,0.65413815,0.11477776,0.089590688,0.21282054,0.10169412,0.18448874
5tch_MLI_G_301,0.99705808,0.65416209,0.11374912,0.08952101,0.18721962,0.10149379,0.18347836
5tch_MLI_H_501,0.93544723,0.65386799,0.12540579,0.090528537,0.48268492,0.10497457,0.19531562
5tde_2HP_B_901,0.9961562,0.94388161,0.1460878,0.096291946,0.96861979,0.11352568,0.22379289
5tde_2HP_B_902,0,0.94934669,0.10464166,0.096525789,0.009372456,0.12200942,0.18849741
5tde_FLC_A_501,0.98575395,0.65365243,0.13525456,0.091064869,0.72458447,0.10616604,0.20475696
5tdt_MBN_A_502,0,0.65363387,0.12257406,0.093207869,0.48261345,0.12037234,0.19763952
5tdt_MBN_A_503,0.08580802,0.65365535,0.12283381,0.092962095,0.48262001,0.11895991,0.19742635
5tdt_MBN_D_501,0.088836549,0.6536561,0.12284298,0.092953421,0.48262024,0.11891006,0.19741882
5tdt_MBN_D_502,0.97062039,0.65433206,0.10616476,0.08907014,2.3893224e-06,0.100366,0.17614045
5thu_B3N_A_404,0.83072565,0.65384178,0.12508878,0.090828483,0.48267692,0.10669832,0.19557577
5thu_B3N_B_404,0,0.65363387,0.12257406,0.093207869,0.48261345,0.12037234,0.19763952
5thu_GGG_B_405,0,0.97810953,0.104367,0.096952075,5.5683206e-07,0.12247524,0.18905886
5tix_OQR_A_302,0,0.65363387,0.12257406,0.093207869,0.48261345,0.12037234,0.19763952
5tix_OQR_B_302,0,0.65363387,0.12257406,0.093207869,0.48261345,0.12037234,0.19763952
5tlg_7EG_B_601,0.9922672,0.65388221,0.12557779,0.090365791,0.48268926,0.10403929,0.19517446
5tm5_7EV_B_601,0.52510227,0.65376529,0.12416362,0.091703858,0.48265357,0.11172898,0.19633502
5tvr_AKG_B_402,0.99751272,0.65388352,0.12559367,0.090350767,0.48268967,0.10395295,0.19516143
5tzr_MLI_A_2403,0.97586197,0.93019761,0.10715438,0.093400245,0.00010712918,0.10550293,0.18507818
5u5g_7VD_A_302,0.88365286,0.65385503,0.125249,0.090676887,0.48268097,0.10582712,0.19544429
5u5g_7VD_B_302,0.86719422,0.65385091,0.12519918,0.090724029,0.48267971,0.10609804,0.19548518
5u5g_7VD_C_302,0,0.65363387,0.12257406,0.093207869,0.48261345,0.12037234,0.19763952
5u5g_7VD_D_302,0.99126469,0.65388196,0.12557475,0.090368663,0.48268919,0.1040558,0.19517695
5u5x_TP5_A_302,0.99792246,0.65358039,0.13848248,0.09125394,0.8041954,0.10663037,0.20787498
5u5z_7VP_A_302,0.00020115681,0,0.1202964,0.082919298,0.48323574,0.1080054,0.17646955
5u8z_83D_A_602,0,0.65363387,0.12257406,0.093207869,0.48261345,0.12037234,0.19763952
5u8z_83D_B_602,3.3227494e-07,0.65363387,0.12257406,0.093207868,0.48261345,0.12037233,0.19763952
5u8z_83D_C_602,2.5714219e-07,0.65363387,0.12257406,0.093207868,0.48261345,0.12037233,0.19763952
5u8z_83D_D_602,0,0.65363387,0.12257406,0.093207869,0.48261345,0.12037234,0.19763952
5uap_82S_A_505,0.042905437,0.95570769,0.10615949,0.09659909,0.043442223,0.12170823,0.18994472
5uap_82S_B_505,0.99603508,0.93715165,0.10842073,0.093535041,0.029566402,0.10554868,0.18641894
5ud0_13P_B_405,0.99341643,0.7669521,0.12597547,0.092142595,0.48258171,0.10615961,0.19883448
5ud3_P6F_B_404,0.52510227,0.65376529,0.12416362,0.091703858,0.48265357,0.11172898,0.19633502
5uda_CAE_A_502,0.47926931,0.9961013,0.11224564,0.096309501,0.15880663,0.11625271,0.1947312
5uda_CAE_B_502,0.50867144,0.9871517,0.10801271,0.09578214,0.051776905,0.1147044,0.19013294
5uio_8DM_C_202,0,0.9648822,0.13140346,0.098651402,0.67561793,0.127874,0.21536271
5uio_8DM_D_202,0,0.97178992,0.14395141,0.099642217,0.98803698,0.1306169,0.22794829
5uio_8DM_E_202,0.98849882,0.97354823,0.1465021,0.096804345,0.97693308,0.11428255,0.22510248
5uio_LG3_A_201,0.9922251,0.65340165,0.14600062,0.091799032,0.99218586,0.10829359,0.21532337
5uio_LG3_B_201,0.99814409,0.65340279,0.14603316,0.091783104,0.99255094,0.10819921,0.21532309
5uio_LG3_C_201,0.9928667,0.65340014,0.14607358,0.091802178,0.99395769,0.10829782,0.21539185
5uio_LG3_E_201,0.99610047,0.65340317,0.145989,0.091786293,0.99160355,0.10822494,0.21529071
5unr_8EV_A_803,0,0.65363387,0.12257406,0.093207869,0.48261345,0.12037234,0.19763952
5unt_8J1_B_803,0.52510227,0.65376529,0.12416362,0.091703858,0.48265357,0.11172898,0.19633502
5unx_8F1_A_803,0.97968162,0.65387906,0.12553969,0.090401839,0.4826883,0.10424646,0.19520573
5unx_8F1_B_803,0.98437922,0.65388024,0.12555391,0.090388384,0.48268866,0.10416913,0.19519406
5uo3_8EY_A_803,0.99177634,0.65388209,0.1255763,0.090367197,0.48268923,0.10404737,0.19517568
5uo3_8EY_B_804,0.9837912,0.65388009,0.12555213,0.090390069,0.48268862,0.10417881,0.19519552
5uo5_M4R_A_803,0.98346452,0.65388001,0.12555114,0.090391004,0.48268859,0.10418419,0.19519633
5uo5_M4R_B_803,0.9880854,0.65388116,0.12556513,0.090377769,0.48268895,0.10410813,0.19518485
5urz_BOG_B_201,0.69756857,0.65380845,0.1246857,0.091209875,0.48266675,0.10889013,0.19590657
5ut1_7DZ_A_905,0.52510227,0.65376529,0.12416362,0.091703858,0.48265357,0.11172898,0.19633502
5v31_ARG_A_401,0,0.65363387,0.12257406,0.093207869,0.48261345,0.12037234,0.19763952
5vjg_0BP_A_403,0.99877021,0.77175123,0.14618045,0.093623558,0.98581697,0.11036977,0.21888769
5vka_AKG_A_402,0.99425499,0.65342252,0.14514116,0.091732476,0.97059111,0.10807989,0.21446435
5vl0_BNF_A_404,0,0.98251589,0.12372019,0.098383451,0.48230034,0.12659211,0.20828924
5vl0_BNF_B_404,0.9898405,0.98161095,0.13567118,0.096162275,0.70593462,0.11214712,0.2146377
5vl0_BNF_C_404,0.99308429,0.98575008,0.13124098,0.095904379,0.59481012,0.11124288,0.21036684
5vrj_R07_A_204,0,0.65363387,0.12257406,0.093207869,0.48261345,0.12037234,0.19763952
5vut_9OG_A_803,0.93034317,0.65386671,0.12539034,0.090543156,0.48268453,0.10505858,0.1953283
5vut_9OG_B_803,0,0.65363387,0.12257406,0.093207869,0.48261345,0.12037234,0.19763952
5vuu_9OJ_A_805,0.0001329821,0.6536339,0.12257446,0.093207488,0.48261346,0.12037015,0.19763919
5vuu_9OJ_B_803,0.69973667,0.653809,0.12469226,0.091203665,0.48266691,0.10885444,0.19590118
5vv0_9OM_B_803,0.7012228,0.65380937,0.12469676,0.091199408,0.48266703,0.10882998,0.19589749
5vv5_9OJ_A_803,0.06298845,0.65364964,0.12276474,0.093027456,0.48261826,0.11933553,0.19748304
5vv5_9OJ_B_803,0,0.63152822,0.12140573,0.092781382,0.45539022,0.11971804,2.9998577e-10
5vyr_B62_A_301,0.98878633,0.65339819,0.14610057,0.091816625,0.99493885,0.10837318,0.21544079
5vyr_B62_B_301,0.97738831,0.65339775,0.14596348,0.091842073,0.99237914,0.10853943,0.21536791
5vyr_GMP_B_302,0,0.65363387,0.12257406,0.093207869,0.48261345,0.12037234,0.19763952
5vyr_GMP_B_303,0.99858409,0.65433872,0.1062636,0.088991041,0.00035778169,0.099908659,0.17608497
5vys_1YJ_A_301,0.99314773,0.6483689,0.14597588,3.7079378e-54,0.99217786,0.10817661,0.21514674
5vys_1YJ_B_301,0.98921784,0.65344089,0.14429203,0.091688389,0.94978735,0.10798913,0.21365417
5vys_GMP_B_303,0.97877942,0.65387883,0.12553696,0.090404423,0.48268823,0.10426131,0.19520797
5w3k_9TY_B_401,0.26141844,0.6536993,0.12336541,0.092459107,0.48263342,0.11606931,0.19699008
5w5t_9X7_A_506,0,0.65363387,0.12257406,0.093207869,0.48261345,0.12037234,0.19763952
5w5t_9X7_D_508,0,0.65363387,0.12257406,0.093207869,0.48261345,0.12037234,0.19763952
5w7b_MYR_B_208,0.98258875,0.7064787,0.1063846,0.08985917,4.7302411e-11,0.10115857,0.17780593
5w8q_BU4_A_400,0.99492649,0.97220017,0.13776838,0.096148518,0.75869276,0.11232646,0.21640751
5w8q_BU4_B_400,0.025831113,0.995276,0.13492755,0.099290949,0.75891852,0.12872025,0.21957948
5wct_GY4_A_303,0,0.65363387,0.12257406,0.093207869,0.48261345,0.12037234,0.19763952
5wcz_NOJ_B_601,0.9846017,0.75339008,0.10655547,0.090591815,0,0.10201298,0.17932142
5wgk_AGJ_A_816,0.9639104,0.96967884,0.13317166,0.095881228,0.64658277,0.11185203,0.21196716
5wgr_PM7_A_711,0,0.65363387,0.12257406,0.093207869,0.48261345,0.12037234,0.19763952
5wgr_PM7_A_712,0,0.65363387,0.12257406,0.093207869,0.48261345,0.12037234,0.19763952
5wgv_PM7_A_713,0,0.65363387,0.12257406,0.093207869,0.48261345,0.12037234,0.19763952
5wgw_MB5_A_714,0,0.64855782,0.12252084,1.4358402e-31,0.4817126,0.12026434,0.19743856
5wgw_MB5_A_715,0.54284463,0.65376973,0.12421733,0.091653039,0.48265493,0.11143694,0.19629095
5wqp_NCA_A_302,0,0.65363387,0.12257406,0.093207869,0.48261345,0.12037234,0.19763952
5x0j_SEP_A_302,0,0.65363387,0.12257406,0.093207869,0.48261345,0.12037234,0.19763952
5x23_LSN_A_502,0.52510227,0.65376529,0.12416362,0.091703858,0.48265357,0.11172898,0.19633502
5x23_LSN_A_503,0.52510227,0.65376529,0.12416362,0.091703858,0.48265357,0.11172898,0.19633502
5x23_LSN_A_504,0.05913547,0,0.10111014,0.081386424,9.8855416e-12,0.10299601,0.15720868
5x2m_GLN_A_951,0.93053849,0,0.13127673,0.080827062,0.68679809,0.094391609,0.18221202
5x2m_GLN_D_951,0,0,0.12029579,0.082919875,0.48323573,0.10800871,0.17647006
5x5d_UMP_A_401,0.96627977,0.65387571,0.12549912,0.090440225,0.48268728,0.10446706,0.19523902
5x5d_UMP_B_401,0.96184083,0.6538746,0.12548568,0.090452939,0.48268694,0.10454012,0.19525005
5x5d_UMP_C_401,0.73875451,0.65381876,0.12481037,0.091091909,0.48266989,0.1082122,0.19580425
5x5d_UMP_D_401,0,0.65363387,0.12257406,0.093207869,0.48261345,0.12037234,0.19763952
5x5d_UMP_E_401,0.96373128,0.65387507,0.12549141,0.090447525,0.48268708,0.104509,0.19524535
5x6r_7ZR_A_402,0.87822792,0.65385367,0.12523258,0.090692426,0.48268055,0.10591642,0.19545776
5x6r_7ZR_B_402,5.6017311e-10,0.65363387,0.12257406,0.093207869,0.48261345,0.12037234,0.19763952
5x86_TMP_A_205,0,0.65363387,0.12257406,0.093207869,0.48261345,0.12037234,0.19763952
5x86_TMP_B_207,0.99407495,0.65167786,0,0.091734077,0.98594595,0.10813775,0.2147917
5xdt_MB3_A_404,0.38395684,0.99568175,0.10559089,0.096127868,2.3614621e-05,0.11648638,0.18867246
5xdt_ZI7_A_403,0.76888049,0.9912725,0.12607774,0.096316869,0.48235094,0.11409912,0.20665829
5xin_XLS_A_397,0.99144466,0.65207037,0.12547953,0.090333197,0.48045782,0.10399922,0.17956137
5xin_XLS_B_397,0.98670937,0.65388082,0.12556096,0.09038171,0.48268884,0.10413078,0.19518827
5xin_XLS_C_397,0.95556714,0.65387303,0.12546669,0.090470909,0.48268646,0.10464339,0.19526563
5xin_XLS_D_397,0.95246752,0.65387225,0.12545731,0.090479787,0.48268622,0.10469441,0.19527333
5xj7_87O_A_309,0.94204549,0,0.12314691,0.080219007,0.48330794,0.09249916,0.17412434
5xmq_PLG_A_501,0,0.65363387,0.12257406,0.093207869,0.48261345,0.12037234,0.19763952
5xmq_PLG_B_501,2.7062575e-05,0.65363388,0.12257414,0.093207791,0.48261345,0.12037189,0.19763945
5xmq_PLG_C_501,0.99155092,0.65388203,0.12557562,0.090367843,0.48268921,0.10405108,0.19517624
5xoi_SIN_A_401,0.99751015,0.92729051,0.14336792,0.095839156,0.90212068,0.11263348,0.22062055
5xrv_F6R_A_702,0,0.65363387,0.12257406,0.093207869,0.48261345,0.12037234,0.19763952
5xsm_8EO_A_705,0.96814297,0.65387617,0.12550476,0.090434889,0.48268742,0.10443639,0.19523439
5xvt_8FL_A_709,0.43280237,0.65374219,0.12388421,0.091968225,0.48264652,0.11324827,0.19656432
5xvv_AKG_A_508,0,0.65363387,0.12257406,0.093207869,0.48261345,0.12037234,0.19763952
5xvv_AKG_B_506,0,0.65363387,0.12257406,0.093207869,0.48261345,0.12037234,0.19763952
5xvv_AKG_C_504,0.98379346,0.65402024,0.11959648,0.089972142,0.33409901,0.10293836,0.1893198
5y1g_AKB_A_401,0.9331461,0,0.13792529,0.081287309,0.85245806,0.095733803,0.1887603
5y7a_KYN_A_502,0.9182321,0.65361523,0.13591287,0.091318805,0.74610367,0.10745716,0.20577584
5y7r_58K_B_403,0,0.99361126,0.10442143,0.097196081,0,0.12276853,0.18956128
5y7r_AKG_B_402,0.99479759,0.65433797,0.10624401,0.089001317,0.00015502519,0.099969295,0.17608637
5y8k_SER_A_301,0,0.0080345712,0.1203238,0.083046329,0.48322808,0.10816067,0.17673026
5y8k_SER_B_301,0,0.0027195521,0.12030527,0.082962677,0.48323314,0.10806015,0.17655813
5y8p_3OH_B_301,0.41505808,0.8388111,0.10514664,0.093570341,0.00034065989,0.11300902,0.18352296
5yaq_ISE_B_402,0.97140153,0.65402684,0.11914639,0.089978684,0.32380565,0.1030564,0.18894355
5yaq_ISE_D_402,0,0.65363387,0.12257406,0.093207869,0.48261345,0.12037234,0.19763952
5yb7_ORN_A_602,0.98493186,0.65388037,0.12555558,0.090386801,0.4826887,0.10416004,0.19519268
5yb7_ORN_A_603,0.98024333,0.6538792,0.12554139,0.09040023,0.48268835,0.10423721,0.19520433
5yb7_ORN_B_602,0,0.65363387,0.12257406,0.093207869,0.48261345,0.12037234,0.19763952
5yb7_ORN_B_603,0,0.65363387,0.12257406,0.093207869,0.48261345,0.12037234,0.19763952
5yb7_ORN_C_603,0,0.65363387,0.12257406,0.093207869,0.48261345,0.12037234,0.19763952
5yb7_ORN_D_602,0.99589612,0.65431575,0.10720324,0.089065248,0.024002727,0.1001503,0.17702671
5yb7_ORN_D_603,0.9779181,0.65387862,0.12553435,0.09040689,0.48268817,0.10427548,0.19521011
5ybl_AKG_A_302,0.00032760129,0.65363395,0.12257505,0.09320693,0.48261347,0.12036695,0.1976387
5ybl_AKG_C_302,0.9948874,0.65433757,0.10626215,0.089002313,0.00060066452,0.099971537,0.17610377
5ybp_8SX_B_303,0,0,0.12029579,0.082919875,0.48323573,0.10800871,0.17647006
5ybp_AKG_A_302,0.99764391,0.65340385,0.14598091,0.091780977,0.99128515,0.10819687,0.21527428
5ybp_AKG_B_302,0,0.78793953,0.12304202,0.095321061,0.48248558,0.12291187,0.2019878
5ybq_8T0_A_303,0.94937369,0.65387148,0.12544794,0.090488648,0.48268599,0.10474533,0.19528102
5ybq_8T0_B_303,0,0,0.12029579,0.082919875,0.48323573,0.10800871,0.17647006
5ybq_AKG_A_302,0.99649565,0.65433831,0.10625257,0.088996693,0.00024023266,0.099942055,0.17608552
5ybq_AKG_B_302,0,0.65363387,0.12257406,0.093207869,0.48261345,0.12037234,0.19763952
5yfj_RUB_A_401,0.8848409,0.65385532,0.12525259,0.090673485,0.48268106,0.10580757,0.19544134
5yfj_RUB_B_401,0,0.65363387,0.12257406,0.093207869,0.48261345,0.12037234,0.19763952
5yfj_RUB_C_401,0,0.65363387,0.12257406,0.093207869,0.48261345,0.12037234,0.19763952
5ykt_PMP_A_501,0.99034576,0.65388173,0.12557197,0.090371295,0.48268912,0.10407092,0.19517923
5ykt_PMP_B_501,0.99295307,0.65388238,0.12557987,0.090363827,0.48268932,0.104028,0.19517276
5ylf_BGC_A_401,0,0.95010361,0.10506202,0.096567124,0.0197927,0.12211087,0.18893425
5ysh_5AD_D_605,0.21274926,0.98677077,0.10513871,0.096485311,0.0024414504,0.11915679,0.18890597
5ysh_5AD_J_605,0.21831849,0.98087692,0.10803574,0.096580888,0.074807582,0.11955866,0.19156442
5z54_0HZ_A_303,0.19287987,0.65368214,0.12315794,0.092655417,0.48262819,0.11719747,0.19716035
5z54_0HZ_D_303,0.98743691,0,0.14296168,0.081474812,0.97400102,0.095856203,0.19343417
5z9b_HX3_B_303,0.97160376,0.98667353,0.10735388,0.094302408,0.00045624252,0.10664447,0.18693312
5z9p_AX7_A_301,0.99849684,0,0.11380869,0.079387409,0.24590882,0.089586346,0.16459772
5zg2_ZK1_A_901,0.91170789,0.65386205,0.12533392,0.090596531,0.48268311,0.10536533,0.19537459
5zg2_ZK1_B_901,0,0.65363387,0.12257406,0.093207869,0.48261345,0.12037234,0.19763952
5zge_ZZ7_B_302,0,0.90970714,0.12346643,0.097237531,0.48236966,0.125215,0.2059313
5zgr_ZZ7_A_303,0.53211402,0.94264671,0.14456248,0.097594719,0.96568782,0.12111786,0.2247933
5zgr_ZZ7_B_303,0.99201471,0.93892784,0.10722961,0.093491049,0,0.10540127,0.18531665
5zi4_OAA_A_401,0.99549711,0.96906793,0.10746342,0.093927036,0.0038665598,1.4321799e-05,0.18633266
5zpt_HY1_A_702,0.0056048982,0.65363527,0.12259103,0.093191815,0.48261388,0.12028008,0.19762559
5zpt_HY1_B_703,0.98684521,0.65388085,0.12556138,0.090381321,0.48268885,0.10412854,0.19518793
6a1f_9OF_A_807,0.97926501,0.99073044,0.14740269,0.097162428,0.99859068,0.11494075,0.22653934
6a1l_BEZ_A_403,0.99315221,0.65343826,0.1444572,0.091687875,0.9536112,0.10795629,0.2137956
6a1l_BEZ_A_404,0.98537155,0.65378818,0.12948022,0.090660849,0.58055684,0.10496993,0.19906223
6a2m_9QR_A_701,0.52510227,0.65376529,0.12416362,0.091703858,0.48265357,0.11172898,0.19633502
6a2m_9QR_B_701,0.52510227,0.65376529,0.12416362,0.091703858,0.48265357,0.11172898,0.19633502
6a2m_UMP_A_703,0.9910418,0,0.1232952,0.080078533,0.48331169,0.0916925,0.17400234
6a2m_UMP_B_703,0.97735796,0,0.12325378,0.080117765,0.48331064,0.091917787,0.17403641
6a2n_9QR_A_701,0.52510227,0.65376529,0.12416362,0.091703858,0.48265357,0.11172898,0.19633502
6a2n_UMP_B_703,0.97628209,0,0.12325053,0.08012085,0.48331056,0.091935499,0.17403909
6a3j_SOE_A_402,0.0089691686,0.65363612,0.12260121,0.093182179,0.48261413,0.1202247,0.19761724
6abm_9VR_A_505,0,0.65363387,0.12257406,0.093207869,0.48261345,0.12037234,0.19763952
6acn_TRC_A_899,0.93096665,0.65386687,0.12539222,0.09054137,0.48268458,0.10504832,0.19532675
6ald_2FP_A_700,0,0.65363387,0.12257406,0.093207869,0.48261345,0.12037234,0.19763952
6ald_2FP_B_700,0,0.65363387,0.12257406,0.093207869,0.48261345,0.12037234,0.19763952
6auq_BYJ_B_803,0.98728891,0.65388096,0.12556272,0.09038005,0.48268888,0.10412124,0.19518683
6av2_BY7_A_803,0.43517616,0.65374278,0.1238914,0.091961426,0.4826467,0.1132092,0.19655842
6av2_BY7_B_803,0.64943977,0.65379641,0.12454,0.091347727,0.48266307,0.10968235,0.19602614
6axu_BTM_A_401,0.98361336,0.65388004,0.12555159,0.090390578,0.4826886,0.10418174,0.19519596
6ayv_MLI_A_409,0,0.65363387,0.12257406,0.093207869,0.48261345,0.12037234,0.19763952
6b5k_TYD_A_304,0.94791251,0.64887852,0.12539117,0,0.48179985,0.1046632,0.195087
6b5k_TYD_B_304,0.97336789,0.65387748,0.12552058,0.090419923,0.48268782,0.10435038,0.19522141
6b6r_BEN_A_302,0.99817632,0.65340064,0.14612472,0.09178943,0.9948327,0.10821772,0.21541325
6b83_6NA_B_201,0.99297664,0.89047247,0.10740868,0.092749967,0.0086406301,0.10454091,0.1840856
6b9p_D0J_A_1001,0.83438537,0.20965552,0.12355179,0.083827388,0.48310008,0.098237089,0.1811822
6b9p_D0J_B_1001,0.17947829,0.65367879,0.12311737,0.092693802,0.48262716,0.11741807,0.19719365
6ba2_7KM_A_809,0.52510227,0.65376529,0.12416362,0.091703858,0.48265357,0.11172898,0.19633502
6bds_DJ4_A_303,2.6134336e-05,0.97148897,0.10434382,0.096847787,4.4369736e-07,0.12234955,0.1888442
6bkk_308_B_101,0.99665064,0.99379357,0.11720961,0.095029742,0.24380635,0.10840152,0.19673027
6bmm_OLB_A_404,0.52510227,0.65376529,0.12416362,0.091703858,0.48265357,0.11172898,0.19633502
6bmm_OLB_B_404,0.52510227,0.65376529,0.12416362,0.091703858,0.48265357,0.11172898,0.19633502
6bqx_9AG_A_201,0.99148885,0.90934025,0.10712417,0.093026834,1.9870696e-06,0.10485015,0.18435904
6br1_E3Y_B_505,0,0.65363387,0.12257406,0.093207869,0.48261345,0.12037234,0.19763952
6btn_E8M_A_304,0,0.65363387,0.12257406,0.093207869,0.48261345,0.12037234,0.19763952
6btq_E8S_A_305,0,0.65363387,0.12257406,0.093207869,0.48261345,0.12037234,0.19763952
6bvl_EBY_B_2001,0,0.65363387,0.12257406,0.093207869,0.48261345,0.12037234,0.19763952
6bxk_MTA_B_401,0.99068009,0.6542529,0.10980274,0.089263708,0.089247854,0.10078086,0.17961985
6c17_DNX_A_202,0.0062003955,0.63285459,0.10620065,0.09171041,0.082757418,0.11646334,0
6c1i_EEY_A_501,0.9899883,0.65388164,0.12557089,0.090372319,0.48268909,0.1040768,0.19518012
6c1i_EEY_B_501,0.99469493,0.65433809,0.10623749,0.089001175,3.5019191e-10,0.099969691,0.1760805
6c1i_KNA_A_502,0.00045524375,0.65363398,0.12257544,0.093206565,0.48261348,0.12036485,0.19763839
6c1x_DNX_A_203,0,0.65363387,0.12257406,0.093207869,0.48261345,0.12037234,0.19763952
6c6w_TFX_A_502,0,0.92190229,0.10416955,0.096067334,5.8058256e-09,0.12141181,0.18723703
6cdy_EY1_A_501,0,0,0.12029579,0.082919875,0.48323573,0.10800871,0.17647006
6cdy_EY1_B_501,0,0,0.12029579,0.082919875,0.48323573,0.10800871,0.17647006
6cgc_F0A_A_402,0.72459197,0,0.12248878,0.080842451,0.48329127,0.096079248,0.1746658
6cgc_F0A_B_402,0.96937185,0,0.12322961,0.080140661,0.48331003,0.092049268,0.1740563
6cgn_DA_A_801,0,0.9779484,0.11158055,0.097457651,0.17996551,0.12397693,0.19617442
6cqu_HI6_A_601,0.52510227,0.65376529,0.12416362,0.091703858,0.48265357,0.11172898,0.19633502
6cqu_HI6_B_601,0,0.65363387,0.12257406,0.093207869,0.48261345,0.12037234,0.19763952
6cut_FEJ_A_401,0,0.65363387,0.12257406,0.093207869,0.48261345,0.12037234,0.19763952
6cut_FEJ_B_401,0,0.65363387,0.12257406,0.093207869,0.48261345,0.12037234,0.19763952
6cut_FEJ_C_401,0.95382874,0.65387259,0.12546143,0.090475888,0.48268633,0.104672,0.19526995
6cwr_6LA_A_201,0.97222635,0.65339843,0.145864,0.091850974,0.9902869,0.10860693,0.215298
6dl7_ONC_A_301,0.9216076,0.65386453,0.12536389,0.090568176,0.48268387,0.10520237,0.19535
6dl7_ONC_B_301,0,0.65363387,0.12257406,0.093207869,0.48261345,0.12037234,0.19763952
6dl7_ONC_C_301,0.98777042,0.65388108,0.12556418,0.090378671,0.48268892,0.10411331,0.19518563
6dl7_ONC_D_301,0,0.65363387,0.12257406,0.093207869,0.48261345,0.12037234,0.19763952
6dl7_ONC_F_301,0.93854984,0.65386877,0.12541518,0.09051965,0.48268516,0.1049235,0.19530791
6dl7_ONC_G_301,2.3043627e-07,0.65363387,0.12257406,0.093207868,0.48261345,0.12037234,0.19763952
6dmi_5T5_A_504,0.98771329,0.94616264,0.13035617,0.095245265,0.57661169,0.11043017,0.20837703
6e2w_DP6_A_403,0.98644199,0.65388075,0.12556016,0.090382476,0.48268882,0.10413518,0.19518893
6e40_BBJ_A_502,0.96757395,0.86917614,0.10691074,0.092463191,1.5178846e-06,0.10448399,0.18311681
6e40_BBJ_B_502,0,0.91643021,0.12348986,0.097343344,0.48236326,0.12534216,0.20614903
6e40_BBJ_D_502,0,0,0.12029579,0.082919875,0.48323573,0.10800871,0.17647006
6e43_BEZ_A_502,0.99782941,0.96889248,0.14681281,0.096725357,0.9843882,0.11410318,0.2252233
6e43_BEZ_B_502,0.99747155,0.98789407,0.14696434,0.097031528,0.98653016,0.11448649,0.22592483
6e43_BEZ_C_502,0.99858528,0.9766264,0.14702263,0.09685763,0.9888876,0.11427468,0.22565012
6e43_BEZ_D_502,0.99779232,0.97326257,0.14691461,0.096800348,0.9865475,0.11420453,0.22545048
6e8i_PTR_A_201,0.97849353,0.65412856,0.11492074,0.089660342,0.21785012,0.1020551,0.18473582
6ezf_C6Z_A_1003,0.99549646,0,0.14269976,0.081431539,0.96685908,0.095663794,0.19313149
6f2b_AKG_A_402,0,0.65363387,0.12257406,0.093207869,0.48261345,0.12037234,0.19763952
6f2b_AKG_B_402,0,0.84478557,0.1423637,0.097890654,0.93239866,0.12838251,0.86175175
6f2b_AKG_C_402,0.71480457,0.65381277,0.12473787,0.091160507,0.48266806,0.10860642,0.19586375
6f2v_AMP_B_1001,0,0.65363387,0.12257406,0.093207869,0.48261345,0.12037234,0.19763952
6f3s_CKW_A_902,0.99020573,0,0.12329267,0.08008093,0.48331163,0.091706265,0.17400442
6f3s_PLP_A_901,0,0.65363387,0.12257406,0.093207869,0.48261345,0.12037234,0.19763952
6f48_XQB_A_302,0,0.65363387,0.12257406,0.093207869,0.48261345,0.12037234,0.19763952
6f66_CUT_A_300,0.99597963,0.98986534,0.14719272,0.097082751,0.99216737,0.11459548,0.22621549
6f66_CUT_B_300,0.99767746,0.98783084,0.1463599,0.096987342,0.97144165,0.11435574,0.22532525
6f6a_CU5_B_301,0.90033323,0.6538592,0.12529949,0.090629111,0.48268224,0.10555256,0.19540285
6f76_CVK_A_203,0,0.65363387,0.12257406,0.093207869,0.48261345,0.12037234,0.19763952
6f76_CVK_B_203,0.48931418,0.65375633,0.12405528,0.091806362,0.48265084,0.11231807,0.19642393
6f76_CVK_C_203,0.98460263,0.65388029,0.12555459,0.090387744,0.48268868,0.10416545,0.1951935
6f77_PLP_A_600,0,0.65363387,0.12257406,0.093207869,0.48261345,0.12037234,0.19763952
6f77_PLP_C_600,0,0.65363387,0.12257406,0.093207869,0.48261345,0.12037234,0.19763952
6f77_PLP_D_600,0,0.65363387,0.12257406,0.093207869,0.48261345,0.12037234,0.19763952
6f77_PLP_E_600,0.96609486,0.65387566,0.12549856,0.090440755,0.48268726,0.1044701,0.19523948
6f7r_CIT_A_1003,0.84794682,0.65384609,0.12514091,0.090779158,0.48267824,0.10641485,0.19553299
6fa1_D2Z_A_203,0.0022376178,0.65363443,0.12258084,0.09320146,0.48261362,0.12033551,0.19763396
6fa1_D2Z_B_203,0.13906551,0.65366868,0.12299503,0.092809554,0.48262407,0.11808327,0.19729404
6fa1_D2Z_F_203,0.07383777,0.65365235,0.12279758,0.092996381,0.48261909,0.11915695,0.19745609
6fjj_LSA_A_302,0.99771514,0.65345902,0.14363724,0.091616298,0.93281075,0.10770753,0.21296169
6fld_DQ5_A_604,0,0.65363387,0.12257406,0.093207869,0.48261345,0.12037234,0.19763952
6fld_NAG_A_602,0.60495081,0.65378527,0.12440533,0.091475153,0.48265967,0.11041465,0.19613666
6fld_NAG_A_603,0,0.65363387,0.12257406,0.093207869,0.48261345,0.12037234,0.19763952
6flu_DTK_A_401,0.52510227,0.65376529,0.12416362,0.091703858,0.48265357,0.11172898,0.19633502
6flu_DTK_A_403,0.52510227,0.65376529,0.12416362,0.091703858,0.48265357,0.11172898,0.19633502
6flu_DTK_A_404,0.78265699,0.65382975,0.12494327,0.090966162,0.48267325,0.10748955,0.19569519
6flu_DTK_A_405,0,0.65363387,0.12257406,0.093207869,0.48261345,0.12037234,0.19763952
6flu_DTK_A_406,0.98205729,0.99025352,0.14724875,0.097135595,0.99458142,0.11485223,0.22635829
6flu_DTK_B_401,0.52510227,0.65376529,0.12416362,0.091703858,0.48265357,0.11172898,0.19633502
6flu_DTK_B_402,0.080564702,0.65365403,0.12281794,0.092977113,0.4826196,0.11904622,0.19743937
6flu_DTK_B_403,0.93482349,0.97592084,0.1462905,0.096991532,0.97549626,0.11519914,0.22525629
6flu_DTK_B_404,0.99150481,0.65340038,0.14604449,0.091804326,0.99333461,0.10831504,0.21537059
6flu_DTK_B_405,0,0.65363387,0.12257406,0.093207869,0.48261345,0.12037234,0.19763952
6flu_DTK_B_406,0.11624599,0,0.12060965,1.1185328e-42,0.48239634,0.10605876,0.1761035
6fs7_E4Z_A_903,0,0,0.13962902,0.084281577,0.96536331,0.11204127,0.1955532
6fs7_E4Z_B_903,0,0,0.1399853,0.084306671,0.97425128,0.11211559,0.19590487
6fs7_E4Z_C_903,0.62171293,0,0.14092754,0.082458041,0.95085,0.10168396,0.19342956
6fs7_E4Z_D_903,0.59360106,0,0.10272658,0.079854018,0,0.094196498,0.15587673
6fs7_E4Z_E_903,0,0,0.10093447,0.081556199,7.9319298e-05,0.10397029,0.15735919
6fs7_E4Z_F_903,0.00056997011,0,0.13999796,0.084305807,0.97452401,0.11210849,0.19591424
6fw0_E92_A_602,0.54614392,0.65377056,0.12422731,0.091643589,0.48265518,0.11138263,0.19628275
6fw0_E92_B_602,0.98620506,0.65388069,0.12555944,0.090383155,0.4826888,0.10413908,0.19518952
6g3f_FUM_A_601,0.97490132,0,0.10458987,0.078810778,0.017714108,0.088066831,0.15562739
6g5q_EMZ_B_402,0.96654761,0.65387577,0.12549993,0.090439458,0.4826873,0.10446265,0.19523835
6gck_EUB_A_302,0.82353599,0.65383998,0.12506702,0.090849076,0.48267637,0.10681666,0.19559363
6gck_EUB_C_302,0.99039091,0.65433635,0.10625253,0.089015472,0.00070002957,0.10004638,0.17611888
6gck_EUB_D_302,0.99379371,0.65433767,0.10624306,0.089004339,0.00020704967,0.099986254,0.17609092
6gl4_GLU_B_301,0,0.65363387,0.12257406,0.093207869,0.48261345,0.12037234,0.19763952
6gnf_GLC_B_602,0.98433106,0.65339725,0.14607968,0.091828867,0.99475402,0.10844497,0.21544456
6gpn_OGA_B_402,0.99673849,0.6543386,0.10624367,0.088995321,2.5254973e-10,0.099936052,0.17607541
6gqk_F88_A_1001,0.9841873,0.65388019,0.12555333,0.090388934,0.48268865,0.10417229,0.19519453
6gxk_FFW_A_402,0.98787049,0,0.1232856,0.080087625,0.48331145,0.091744712,0.17401023
6gxk_FFW_B_402,0.99106229,0,0.12329526,0.080078474,0.48331169,0.091692163,0.17400229
6h8p_OGA_A_504,0,0.65363387,0.12257406,0.093207869,0.48261345,0.12037234,0.19763952
6hgl_TES_A_401,0.97795019,0.65339476,0.14609824,0.091849801,0.99569856,0.10855789,0.21549778
6hl7_CP_A_401,0.5237709,0.65220398,0,0.091633881,0.46525933,0.11157574,0.19559894
6hl7_CP_C_401,0.92243022,0.65386473,0.12536638,0.09056582,0.48268393,0.10518883,0.19534795
6hl9_SIN_A_402,0,0.65363387,0.12257406,0.093207869,0.48261345,0.12037234,0.19763952
6hl9_SIN_B_402,0.98131883,0.65433409,0.10622444,0.089041413,0.00068395039,0.10019558,0.1761408
6hmw_FUL_A_203,0.99471794,0.65429043,0.10826329,0.089143259,0.050537344,0.10039122,0.17807898
6hmw_FUL_B_204,0.99029071,0.65339493,0.1462596,0.091823156,0.99879277,0.10838059,0.21558946
6hmw_FUL_C_203,0.73038698,0.65381667,0.12478504,0.091115875,0.48266926,0.10834993,0.19582504
6hmw_FUL_F_202,0.98868244,0.65339796,0.14610886,0.091817527,0.9951536,0.10837668,0.21544954
6hmw_FUL_G_202,0.90053132,0.65337504,0.14587846,0.092072569,0.99605811,0.10983527,0.21570449
6hmw_FUL_H_201,0.95566509,0.65432684,0.10618203,0.089117364,0.0015617879,0.10062519,0.1762393
6hmw_FUL_I_201,0,0.65363387,0.12257406,0.093207869,0.48261345,0.12037234,0.19763952
6hnz_GH5_A_301,0.97526871,0.65387796,0.12552633,0.090414479,0.48268797,0.10431909,0.19521669
6ho2_GHN_A_301,0,0.98649849,0.12373407,0.098446132,0.48229655,0.12666744,0.20841822
6ho7_GHQ_A_301,0,0.99041379,0.99683635,0.10007,0.98730573,0.1312641,0.2299705
6hpx_GKQ_A_205,0.95569734,0.98627814,0.10728609,0.094340503,5.2846481e-12,0.10689506,0.18694189
6hqr_3DM_A_502,0.99658488,0.9589593,0.14587231,0.096509051,0.96189051,0.11374763,0.22401427
6hsg_GM5_A_504,0,0.96087191,0.12364475,0.098042801,0.48232095,0.12618273,0.20758829
6hsg_GM5_B_504,0.52510227,0.65376529,0.12416362,0.091703858,0.48265357,0.11172898,0.19633502
6hsg_GM5_D_504,0,0.94751495,0.1235982,0.097832579,0.48233366,0.1259301,0.20715572
6i4b_E2N_A_603,0.99096788,0.65388189,0.12557386,0.090369513,0.48268917,0.10406068,0.19517769
6i4b_ORO_B_602,0.0075869235,0,0.12031875,0.082898123,0.48323631,0.1078838,0.17645116
6i6r_H62_A_704,0.92511346,0.60889849,0.12521788,0.089850855,0.48272695,0.10429469,0.19388593
6ijn_6MZ_A_401,0.95466967,0.65432807,0.10611641,0.089115822,0,0.10062854,0.17618001
6ix8_B3O_A_408,0,0,0.12029579,0.082919875,0.48323573,0.10800871,0.17647006
6ix8_B3O_B_408,0.99101666,0,0.12329512,0.080078605,0.48331169,0.091692914,0.1740024
6j4t_IMP_A_401,0,0,0.10065447,0.08145309,0,0.1038085,0
6jc7_F0G_A_601,0.99311049,0.97398105,0.10735717,0.094039747,2.7980336e-05,0.10604666,0.18645119
6jc7_F0G_B_601,0.52510227,0.65376529,0.12416362,0.091703858,0.48265357,0.11172898,0.19633502
6jc7_F0G_C_601,0.52510227,0.65376529,0.12416362,0.091703858,0.48265357,0.11172898,0.19633502
6jc7_F0G_D_601,0.52510227,0.65376529,0.12416362,0.091703858,0.48265357,0.11172898,0.19633502
6jea_NAG_A_501,0,0.65363387,0.12257406,0.093207869,0.48261345,0.12037234,0.19763952
6jk9_BU0_A_501,0,0.65363387,0.12257406,0.093207869,0.48261345,0.12037234,0.19763952
6jk9_BU0_B_501,0,0.65363387,0.12257406,0.093207869,0.48261345,0.12037234,0.19763952
6jmd_BVO_A_408,0.99417619,0.65339753,0.14620238,0.091807187,0.99707209,0.10830226,0.21551175
6jmd_ORO_A_402,0.013339302,0.86529912,0.14298016,0.09788283,0.97213268,0.12824952,0.22383414
6jme_BVU_A_409,0.52510227,0.65376529,0.12416362,0.091703858,0.48265357,0.11172898,0.19633502
6jme_ORO_A_402,0,0.65363387,0.12257406,0.093207869,0.48261345,0.12037234,0.19763952
6jq8_CIT_A_302,0.99450081,0.654338,0.1062384,0.089001836,3.749705e-05,0.099973199,0.17608246
6jws_PT1_A_801,0.52510227,0.65376529,0.12416362,0.091703858,0.48265357,0.11172898,0.19633502
6jws_PT1_B_801,0.52602607,0.64873574,0.12411288,2.4467067e-51,0.481761,0.1116111,0.19613425
6jwy_PH2_A_802,0.9927468,0.65388233,0.12557924,0.090364418,0.4826893,0.1040314,0.19517327
6jx9_CQC_A_501,0,0.65363387,0.12257406,0.093207869,0.48261345,0.12037234,0.19763952
6jyg_FLC_A_401,0.99004638,0.65388165,0.12557107,0.090372152,0.48268909,0.10407585,0.19517998
6jyg_FLC_C_401,0.99005395,0.65388166,0.12557109,0.090372131,0.4826891,0.10407572,0.19517996
6jyg_FLC_D_401,0.88282996,0.65385482,0.12524651,0.090679244,0.4826809,0.10584067,0.19544633
6jyg_FLC_E_401,0,0.65363387,0.12257406,0.093207869,0.48261345,0.12037234,0.19763952
6jyg_FLC_E_402,0.0017093796,0.6536343,0.12257924,0.093202973,0.48261358,0.1203442,0.19763527
6jz4_EVA_A_701,0.97526108,0.65431263,0.10705368,0.08911824,0.021828691,0.10047182,0.17699205
6jz4_EVA_B_701,0.97516707,0.65431082,0.10712954,0.089123852,0.023728291,0.10048923,0.1770674
6jz6_CKX_B_701,0.85205996,0.96911284,0.14630153,0.097141758,0.98261223,0.11649247,0.22552345
6k92_GT0_A_802,0.99321628,0.6534198,0.14524288,0.09174281,0.97320732,0.10811883,0.21457039
6k92_GT0_B_602,0.99388675,0.65346987,0.14312386,0.091592051,0.92029185,0.10766603,0.21247614
6krs_CIT_B_301,0.016753714,0.65363806,0.12262478,0.093159882,0.48261473,0.12009657,0.1975979
6krs_CIT_C_301,0.032461642,0.653642,0.12267233,0.093114891,0.48261593,0.11983801,0.19755887
6krs_CIT_D_301,0,0.65363387,0.12257406,0.093207869,0.48261345,0.12037234,0.19763952
6krs_CIT_F_301,0,0.65363387,0.12257406,0.093207869,0.48261345,0.12037234,0.19763952
6krs_CIT_H_301,0.015301673,0.6536377,0.12262038,0.093164041,0.48261462,0.12012047,0.1976015
6krs_CIT_I_301,0.014972373,0.65363762,0.12261938,0.093164984,0.48261459,0.12012589,0.19760232
6krs_CIT_J_301,0.015352468,0.65363771,0.12262054,0.093163896,0.48261462,0.12011963,0.19760138
6kxh_DY9_B_402,0.024699116,0.65364005,0.12264883,0.093137125,0.48261534,0.11996578,0.19757816
6kxh_DY9_C_402,0.025170642,0.65364017,0.12265026,0.093135774,0.48261537,0.11995802,0.19757699
6kxh_DY9_D_402,0.99606636,0.65388316,0.12558929,0.09035491,0.48268955,0.10397676,0.19516502
6l17_E2X_A_401,0.99032057,0.65388172,0.1255719,0.090371367,0.48268912,0.10407134,0.1951793
6l59_CIT_B_403,0,0.65363387,0.12257406,0.093207869,0.48261345,0.12037234,0.19763952
6l68_ALL_A_201,0,0,0.13711938,0.084104815,0.90275732,0.11151781,0.19307603
6l86_LMR_A_302,0,0.65363387,0.12257406,0.093207869,0.48261345,0.12037234,0.19763952
6l86_LMR_B_302,0,0.65363387,0.12257406,0.093207869,0.48261345,0.12037234,0.19763952
6l86_LMR_B_303,0.0041605763,0.65363491,0.12258666,0.093195952,0.48261377,0.12030385,0.19762918
6l86_LMR_C_302,0.0034258343,0.65363473,0.12258443,0.093198056,0.48261371,0.12031595,0.19763101
6l86_LMR_D_302,0.95079546,0.65387183,0.12545225,0.090484576,0.4826861,0.10472193,0.19527749
6l86_MLT_A_303,0,0,0,0.082866081,0.4661517,0.10786388,0.17578108
6l8a_BAL_C_504,0.97370188,0.9793028,0.1154315,0.094750681,0.20245014,0.1081594,0.19468141
6l8a_BAL_D_507,0.99811306,0.9740703,0.11555378,0.094603034,0.20411744,0.10767243,0.19451695
6l8a_BAL_E_503,0.07984342,0.86044633,0.12353638,0.096233315,0.48242267,0.12296876,0.20413715
6lit_2OH_A_501,0.99498036,0.81148325,0.14664492,0.094283524,0.99420795,0.11125404,0.22051695
6lit_2OH_B_501,0.99754227,0.63011868,0.14568506,0.091397946,0.99427985,0.10770428,0
6lj7_EFR_A_301,0.95921318,0.93139768,0.10710563,0.093466685,4.1916056e-05,0.1057992,0.18515599
6lql_F0C_A_702,0.9818878,0.65387961,0.12554637,0.09039552,0.48268847,0.10421014,0.19520025
6lx5_C5F_A_502,0,0.65363387,0.12257406,0.093207869,0.48261345,0.12037234,0.19763952
6lx5_C5F_A_503,4.578077e-07,0.65363387,0.12257406,0.093207867,0.48261345,0.12037233,0.19763952
6lx5_C5F_B_501,0.99204312,0.65350354,0.14166813,0.091495573,0.88411398,0.10739435,0.21105004
6lx5_C5F_B_502,5.4205958e-07,0.65363387,0.12257406,0.093207867,0.48261345,0.12037233,0.19763952
6ly4_TES_A_501,0.99030392,0.65340671,0.14575934,0.091788012,0.98631157,0.10827617,0.21509585
6m5m_NAG_A_202,0.00024894146,0.96336168,0.10431838,0.096719391,6.1126849e-05,0.12219263,0.18858262
6m5m_NAG_B_202,0,0.96075757,0.13836445,0.099077783,0.84963001,0.12925092,0.22211427
6m9b_BTN_A_201,0.52510227,0.65376529,0.12416362,0.091703858,0.48265357,0.11172898,0.19633502
6m9b_BTN_B_201,0.52510227,0.65376529,0.12416362,0.091703858,0.48265357,0.11172898,0.19633502
6m9b_BTN_C_201,0.99481187,0.98202831,0.14723671,0.096968025,0.99403961,0.11448209,0.22603847
6m9b_BTN_D_201,0.52510227,0.65376529,0.12416362,0.091703858,0.48265357,0.11172898,0.19633502
6mae_JBA_A_301,0.96698926,0.65387588,0.12550127,0.090438193,0.48268733,0.10445538,0.19523726
6md2_GW9_B_501,0,0.65363387,0.12257406,0.093207869,0.48261345,0.12037234,0.19763952
6mpa_NAG_B_502,0.00029477578,0.65363394,0.12257495,0.093207024,0.48261347,0.12036749,0.19763879
6mry_FLC_A_101,0.98769566,0.96231771,0.10795375,0.093917742,0.016340912,0.10605154,0.18673211
6mry_FLC_B_101,0.81909782,0.76706195,0.13882568,0.093586312,0.8163096,0.1118219,0.21247646
6mry_FLC_C_102,0.76872413,0.76214548,0.14459299,0.09407151,0.96441395,0.11379658,0.21830278
6mry_FLC_K_101,0.98904505,0.32610286,0.12442573,0.085216711,0.48300108,0.097893316,0.18456828
6mwl_K5G_B_301,0.98814662,0.97405846,0.1306175,0.095694534,0.58065383,0.11098461,0.20944006
6n0z_DP6_B_401,0.52510227,0.65376529,0.12416362,0.091703858,0.48265357,0.11172898,0.19633502
6n0z_DP6_C_401,0.52510227,0.65376529,0.12416362,0.091703858,0.48265357,0.11172898,0.19633502
6n0z_DP6_E_401,0.52510227,0.65376529,0.12416362,0.091703858,0.48265357,0.11172898,0.19633502
6n0z_DP6_F_401,0.52510227,0.65376529,0.12416362,0.091703858,0.48265357,0.11172898,0.19633502
6n9r_OHN_A_303,0,0,0.12029579,0.082919875,0.48323573,0.10800871,0.17647006
6n9r_OHN_X_305,0,0.52429221,0.12212313,0.091171581,0.48273658,0.11792522,0.19344948
6nba_P1T_A_501,0,0,0.12029579,0.082919875,0.48323573,0.10800871,0.17647006
6nba_P1T_B_501,0,0,0.12029579,0.082919875,0.48323573,0.10800871,0.17647006
6nba_P1T_D_501,0,0.98758176,0.14347474,0.09985331,0.97476192,0.13080469,0.22793488
6ncx_ADA_A_601,0,0,0.12029579,0.082919875,0.48323573,0.10800871,0.17647006
6ncx_ADA_C_601,0,0.64598806,0.1224166,0.093072309,0.47921346,0.0012505815,0.19725209
6ncx_ADA_D_601,0.52510227,0.65376529,0.12416362,0.091703858,0.48265357,0.11172898,0.19633502
6ng5_KMD_A_803,0.5315775,0.64636016,0.12402499,0.091559363,0.4793598,0,0.19594827
6ng5_KMD_B_803,0.52510227,0.65376529,0.12416362,0.091703858,0.48265357,0.11172898,0.19633502
6nga_KL7_A_803,0.52510227,0.65376529,0.12416362,0.091703858,0.48265357,0.11172898,0.19633502
6ngp_KKY_A_803,0.86967087,0.98926935,0.1263758,0.095996374,0.48236057,0.11240185,0.20634245
6ngu_KMJ_A_803,0.50490236,0.65376024,0.12410247,0.091761714,0.48265203,0.11206148,0.19638521
6ngu_KMJ_B_803,0.73171411,0.653817,0.12478906,0.091112074,0.48266936,0.10832808,0.19582174
6nh0_KND_A_803,0.89640649,0.98166553,0.10709057,0.094437894,1.9893493e-08,0.10778396,0.18694015
6nhd_KNV_A_803,0.52510227,0.65376529,0.12416362,0.091703858,0.48265357,0.11172898,0.19633502
6nhd_KNV_B_803,0.52510227,0.65376529,0.12416362,0.091703858,0.48265357,0.11172898,0.19633502
6nig_NAG_A_604,0,0,0.12029579,0.082919875,0.48323573,0.10800871,0.17647006
6nig_NAG_A_605,0.092778866,0,0.12057659,0.082653875,0.48324284,0.10648123,0.17623903
6nig_NAG_C_802,0.030090878,0,0.12038686,0.082833603,0.48323803,0.1075133,0.17639513
6nni_CP6_A_203,0.99389583,0.989564,0.14727447,0.097090259,0.99439024,0.11464267,0.22629887
6nsu_DYA_A_402,0,0.90184971,0.10409911,0.095751693,0,0.12103242,0.18658708
6ny7_L8J_A_303,0.012106808,0.6536369,0.12261071,0.093173192,0.48261437,0.12017306,0.19760944
6nyo_U94_A_301,0,0.98537485,0.14155165,0.099683669,0.92698156,0.13036343,0.22597279
6o04_DNA_B_601,0.0005838815,0.99467557,0.10442694,0.09721116,0,0.12277905,0.18959432
6o04_DNA_C_603,0,0.99207757,0.10441605,0.097171939,0,0.12273951,0.18951157
6o1s_7SD_E_803,0.93003853,0.65386664,0.12538941,0.090544028,0.48268451,0.1050636,0.19532905
6o2z_LJV_A_500,0.98556962,0.65388053,0.12555751,0.090384975,0.48268875,0.10414954,0.1951911
6ock_9KL_A_601,0.86336569,0.65384995,0.12518759,0.090734994,0.48267942,0.10616105,0.19549469
6ock_9KL_A_602,0.99487708,0.65388286,0.12558569,0.090358316,0.48268946,0.10399633,0.19516798
6ofr_BOG_A_802,0,0.97883327,0.12370735,0.098325491,0.48230385,0.12652246,0.20816998
6ofr_BOG_A_803,0,0,0.12029579,0.082919875,0.48323573,0.10800871,0.17647006
6ofr_BOG_A_804,0,0,0.12029579,0.082919875,0.48323573,0.10800871,0.17647006
6ofr_BOG_A_805,1.6278771e-08,0.15842019,0.12084794,0.085413211,0.48308491,0.11100508,0.18160056
6oha_XAN_A_501,0.0021679904,0.65363441,0.12258062,0.093201659,0.48261361,0.12033665,0.19763413
6ooi_PGA_A_301,0.92030802,0.6538642,0.12535996,0.090571899,0.48268377,0.10522377,0.19535323
6ooi_PGA_B_301,0.98859826,0.65388129,0.12556668,0.0903763,0.48268898,0.10409969,0.19518358
6ooi_PGA_C_302,0,0.65363387,0.12257406,0.093207869,0.48261345,0.12037234,0.19763952
6ooi_PGA_D_301,0.99094368,0.65388188,0.12557378,0.090369582,0.48268916,0.10406108,0.19517775
6ooi_PGA_E_301,0.98413419,0.65388017,0.12555317,0.090389086,0.48268864,0.10417317,0.19519467
6ooi_PGA_F_301,0.99383737,0.65377751,0.13004942,0.090674744,0.5941182,0.10494379,0.19957748
6ooi_PGA_G_301,0,0.65363387,0.12257406,0.093207869,0.48261345,0.12037234,0.19763952
6ooi_PGA_H_302,0.98955924,0.65388153,0.12556959,0.090373548,0.48268906,0.10408387,0.19518119
6p9t_O5D_A_307,1.7834601e-05,0.65363388,0.12257412,0.093207818,0.48261345,0.12037205,0.19763947
6pk1_3PY_A_502,0.99504973,0.65426069,0.10953172,0.089231246,0.082156728,0.10064973,0.17932856
6pk1_PLP_B_501,0.9891685,0.65388143,0.12556841,0.090374667,0.48268903,0.1040903,0.19518216
6pmv_M16_B_803,0.96203394,0.65387464,0.12548627,0.090452386,0.48268695,0.10453694,0.19524957
6pn9_OU7_A_803,0,0.65363387,0.12257406,0.093207869,0.48261345,0.12037234,0.19763952
6pn9_OU7_B_803,0.53555805,0.65376791,0.12419527,0.09167391,0.48265437,0.11155688,0.19630905
6pna_M16_B_803,0.52510227,0.65376529,0.12416362,0.091703858,0.48265357,0.11172898,0.19633502
6png_OSG_A_803,0.52510227,0.65376529,0.12416362,0.091703858,0.48265357,0.11172898,0.19633502
6png_OSG_B_801,0.52510227,0.65376529,0.12416362,0.091703858,0.48265357,0.11172898,0.19633502
6png_OSG_B_804,0.52510227,0.65376529,0.12416362,0.091703858,0.48265357,0.11172898,0.19633502
6po9_OS7_A_803,0.52510227,0.65376529,0.12416362,0.091703858,0.48265357,0.11172898,0.19633502
6po9_OS7_B_804,0.52510227,0.65376529,0.12416362,0.091703858,0.48265357,0.11172898,0.19633502
6ps7_ZMA_A_1201,0,0.65363387,0.12257406,0.093207869,0.48261345,0.12037234,0.19763952
6pvi_OZ7_A_501,0,0,0.12029579,0.082919875,0.48323573,0.10800871,0.17647006
6q4b_HHN_A_301,0.99333107,0.98043184,0.10886146,0.094244964,0.036972606,0.10647398,0.18812153
6q4k_HHW_A_301,0.98913197,0.9802355,0.10738581,0.094150921,0.00049452879,0.1062344,0.18668228
6q4k_HHW_A_302,0.96633229,0.97261115,0.10727262,0.09409505,5.9196144e-05,0.10646188,0.18647475
6q4r_HJ5_A_1009,0,0.65363387,0.12257406,0.093207869,0.48261345,0.12037234,0.19763952
6q4r_MLT_A_1041,0,0,0.10093129,0.081555975,0,0.10396962,0.15735605
6q4y_MAN_A_402,0.0028326016,0.65363458,0.12258264,0.093199755,0.48261367,0.12032571,0.19763248
6q4y_MAN_B_402,0.091252207,0.65365671,0.12285029,0.092946502,0.48262042,0.1188703,0.19741282
6qa7_HTW_A_901,0,0.65363387,0.12257406,0.093207869,0.48261345,0.12037234,0.19763952
6qa7_PLP_A_902,0.99308094,0.65431374,0.10725021,0.089077206,0.025386994,0.1002082,0.17708846
6qaw_HVE_A_402,0,0.65363387,0.12257406,0.093207869,0.48261345,0.12037234,0.19763952
6qdb_HWQ_A_1002,0,0,0.12029579,0.082919875,0.48323573,0.10800871,0.17647006
6qdb_HWQ_A_1003,0.98756333,0,0.12328467,0.080088506,0.48331142,0.091749768,0.174011
6qdc_HXE_A_1003,0.95424498,0.010210932,0.10385318,0.078980717,1.6308105e-07,0.088451998,0.15530893
6qdc_HXE_A_1004,0.0014868794,0.94070004,0.10491497,0.096406495,0.016836085,0.12188375,0.18850877
6qde_HWW_A_502,0.52510227,0.65376529,0.12416362,0.091703858,0.48265357,0.11172898,0.19633502
6qde_HWW_A_503,0.52510227,0.65376529,0.12416362,0.091703858,0.48265357,0.11172898,0.19633502
6qni_GLC_A_402,0,0.65363387,0.12257406,0.093207869,0.48261345,0.12037234,0.19763952
6qo4_97T_B_301,0.9439596,0.65338442,0.14607322,0.091952622,0.99763953,0.10913361,0.21565905
6qol_JB5_A_301,0.99391945,0.99184126,0.10745249,0.094320682,0.00077986611,0.10637754,0.18705781
6qol_JB5_B_301,0.00073635277,0.99321922,0.10444676,0.097189522,0.00061054468,0.12275409,0.1895709
6qor_JBK_A_301,0.99854079,0.65433077,0.10660096,0.089014848,0.0087774616,0.099979664,0.17641804
6qor_JBK_B_301,0.99780293,0.6543293,0.10665335,0.089020795,0.010140233,0.10000319,0.17647377
6qot_6SD_A_301,0.99085635,0.99076658,0.14726084,0.097117293,0.9941742,0.11471366,0.22633688
6qot_6SD_B_301,0,0.99433931,0.14428461,0.10001505,0.99437303,0.13109651,0.22892987
6qqs_JCZ_A_301,0.53484623,0.65376773,0.12419311,0.091675948,0.48265431,0.11156859,0.19631082
6qqs_JCZ_B_301,0.92756935,0.65386602,0.12538194,0.090551101,0.48268432,0.10510424,0.19533519
6qrn_RIP_A_500,0.026538018,0,0.13996518,0.084223512,0.97174706,0.11165773,0.19573965
6r0i_JNB_A_901,0.99443317,0.99332085,0.14708579,0.09713352,0.98931382,0.11466246,0.22621844
6r4j_GLU_A_704,0,0,0.10093129,0.081555975,0,0.10396962,0.15735605
6r5o_BGC_A_801,0,0,0.14050672,0.084343396,0.98725877,0.11222435,0.19641955
6r5o_BGC_A_802,0.0020964094,0,0.12030214,0.082913864,0.48323589,0.10797419,0.17646484
6r5o_BGC_B_801,0.99279429,0.65388234,0.12557938,0.090364282,0.4826893,0.10403062,0.19517315
6r5o_BGC_B_802,0.066333765,0,0.12049655,0.082729694,0.48324081,0.10691661,0.17630488
6r6i_H50_B_201,0.76088164,0.98586324,0.11272633,0.095317317,0.15044841,0.11135262,0.19336684
6r73_LMP_A_301,0,0,0.12029579,0.082919875,0.48323573,0.10800871,0.17647006
6r73_LMP_B_301,0.47154947,0,0.12172295,0.081567931,0.48327187,0.10024526,0.17529589
6r7w_CIT_A_406,0.96275909,0.65427306,0.10856441,0.089262715,0.060461382,0.10100014,0.17855089
6rbo_JXQ_A_302,0.77378289,0.94318625,0.10658472,5.2019588e-07,0.00037822043,0.10904344,0.18595453
6rbr_JXN_A_302,0.98075432,0.95237674,0.10801228,0.093789227,0.019195882,0.10600161,0.18654016
6rbx_JYT_A_301,0.98338246,0.65379413,0.12920005,0.090647308,0.57371739,0.10494557,0.19879671
6rgg_K3Q_A_401,0,0.65363387,0.12257406,0.093207869,0.48261345,0.12037234,0.19763952
6rgg_K3Q_A_402,0.00075329736,0.65363406,0.12257634,0.093205711,0.48261351,0.12035994,0.19763765
6rgg_K3Q_A_403,2.8875836e-06,0.65363387,0.12257407,0.09320786,0.48261345,0.12037229,0.19763951
6rgg_K3Q_B_401,0.034880406,0.6536426,0.12267965,0.093107963,0.48261611,0.1197982,0.19755287
6rgg_K3Q_B_402,0.0071367634,0.65363566,0.12259567,0.093187427,0.48261399,0.12025487,0.19762179
6rgr_RM4_A_402,0.054839278,0.94657568,0.1325925,0.098282606,0.70274651,0.12685159,0.2157061
6rgr_RM4_A_403,0.22235516,0.96693027,0.11423055,0.096788695,0.23026258,0.12052813,0.1972533
6rhc_K48_A_305,0.9953123,0.96944913,0.14701957,0.096756297,0.9896873,0.11419946,0.22545729
6rlt_MLI_A_508,0.99526779,0.54215619,0.12979104,0.088922812,0.59734535,0.10283543,0.19608381
6rlt_MLI_B_511,0.96251104,0.38015543,0.13185946,0.086659473,0.66561134,0.10088052,0.19361575
6rlt_MLI_B_512,0.98949235,0.81859592,0.11197504,0.09196872,0.12911536,0.10424571,0.1865315
6rq3_OUC_A_401,0.028560803,0.65364102,0.12266052,0.093126064,0.48261563,0.11990222,0.19756857
6s23_KSW_A_403,0.20075418,0.99324105,0.10558351,0.096653832,0.013875394,0.1195723,0.189598
6s23_KSW_B_402,0.21864376,0.97933453,0.1050328,0.096344483,6.1288765e-06,0.11889869,0.1885539
6s39_K5Z_A_301,1.0010585e-05,0.97379937,0.14274289,0.099588198,0.95771196,0.1304012,0.22681351
6s4h_KUQ_A_901,0.99250904,0,0.12329964,0.080074327,0.4833118,0.091668344,0.17399868
6s51_KVQ_A_901,0.92601743,0.99396802,0.14713271,0.097357585,0.99558929,0.11585358,0.22665822
6s9g_L1Q_A_305,0.99700611,0.97132235,0.1456524,0.096683808,0.95528941,0.1139194,0.22415274
6s9g_L1Q_A_306,0.94764216,0.86333119,0.10691791,0.092434532,0.0021964177,0.10471992,0.18306388
6sds_L8N_A_302,0.98422833,0.6461083,0.14595566,0.091701955,0.99307996,0,0.21510183
6si4_LEK_A_402,0.94630379,0.65387071,0.12543865,0.090497441,0.48268575,0.10479587,0.19528865
6si4_LEK_B_402,0.95633218,0.65387322,0.12546901,0.090468717,0.48268652,0.1046308,0.19526373
6sj8_44V_A_901,0,0.65363387,0.12257406,0.093207869,0.48261345,0.12037234,0.19763952
6sj8_44V_B_901,0.99360757,0,0.1261402,0.08023821,0.55474017,0,0.17673563
6sjs_THH_B_901,0.9801108,0.65364979,0.1352897,0.091084697,0.72588721,0.10626981,0.20482251
6sux_BEN_A_302,0.99755928,0.65339973,0.14615497,0.091793452,0.99563407,0.10823457,0.21544647
6svu_BEN_A_302,0.99585252,0.65340089,0.14608237,0.091793608,0.99395164,0.10824862,0.21538418
6sxr_KHP_A_507,0.98652342,0.65388077,0.1255604,0.090382243,0.48268883,0.10413384,0.19518873
6sxr_KHP_A_513,0,0.65363387,0.12257406,0.093207869,0.48261345,0.12037234,0.19763952
6syz_M1E_A_601,0.99781947,0.65432897,0.10666768,0.089021749,0.010496457,0.10000589,0.17648782
6sz3_M1H_B_601,0.00048584639,0.9731615,0.10635394,0.097013863,0.049964074,0.12279139,0.19087421
6szl_M3E_B_604,0.34560644,0.97528887,0.14519222,0.098719287,0.99260877,0.12503122,0.2273813
6szt_M4Q_B_601,0.037841621,0.98712058,0.10463848,0.096994247,0.0031281087,0.12204885,0.18938037
6t02_M5E_A_601,0,0.65363387,0.12257406,0.093207869,0.48261345,0.12037234,0.19763952
6t07_M45_B_601,0.00023881849,0,0.12029651,0.08291919,0.48323575,0.10800478,0.17646946
6t0a_M58_A_601,0.0026412827,0.99388745,0.10458551,0.097203781,0.0038696588,0.12276262,0.18971676
6t0a_M58_B_601,0.88004269,0,0.10359289,0.07903274,0,0.089480484,0.15516289
6t10_M6Z_A_601,0.99516666,0.65343146,0.14477385,0.091703897,0.9613588,0.10798781,0.21409698
6t5p_VD8_B_302,0,0.97990153,0.12371108,0.098342304,0.48230283,0.12654266,0.20820457
6t5p_VD8_C_302,0,0.88272155,0.12337237,0.096812812,0.48239535,0.12470459,0.20505736
6t5p_VD8_D_302,0.99554728,0.96797953,0.14709563,0.096738162,0.99169574,0.11418458,0.22548854
6t9c_MX8_A_501,0.52510227,0.65376529,0.12416362,0.091703858,0.48265357,0.11172898,0.19633502
6tbx_N0Z_A_302,0,0.98603214,0.10462574,0.097093045,0.0057607347,0.1226733,0.18954356
6tbx_N0Z_D_302,0,0.65363387,0.12257406,0.093207869,0.48261345,0.12037234,0.19763952
6tfb_N6W_B_202,0.074752336,0.65365258,0.12280035,0.092993761,0.48261916,0.11914189,0.19745381
6tgi_N8Z_A_508,0.99346529,0,0.10469151,0.078760756,0.018848965,0.08777068,0.15562603
6tgi_N8Z_B_508,0.99641959,0,0.10470764,0.078752793,0.019028467,0.087723541,0.15562577
6tgl_LVP_B_201,0.98485135,0.65433562,0.10620779,0.089029376,1.9877009e-06,0.10013174,0.17610505
6to7_SUV_A_401,0,0.9844912,0.14438506,0.099869544,0.9977419,0.13093835,0.22874397
6to7_SUV_B_401,0,0.98395451,0.14436739,0.099859984,0.99734801,0.13092491,0.22871099
6tof_NQE_A_201,0.99410309,0.65433794,0.10623571,0.089002871,1.8441739e-07,0.099979435,0.17608197
6tog_NQH_A_201,0.97943118,0.99100723,0.14678806,0.097122913,0.98322104,0.11481474,0.22593976
6toj_NQQ_A_201,0.97418721,0.65387769,0.12552306,0.090417577,0.48268788,0.1043369,0.19521938
6tol_NQW_A_201,0,0,0.12029579,0.082919875,0.48323573,0.10800871,0.17647006
6tor_PMP_B_504,0,0.65363387,0.12257406,0.093207869,0.48261345,0.12037234,0.19763952
6tot_NRK_A_401,0,0.97666494,0.1236998,0.098291364,0.48230591,0.12648145,0.20809975
6tot_NRK_B_401,8.9394841e-07,0.97663485,0.12369969,0.098290888,0.48230594,0.12648086,0.20809878
6tt4_BMA_C_3,0,0,0.12029579,0.082919875,0.48323573,0.10800871,0.17647006
6tt4_FT8_A_709,0.52510227,0.65376529,0.12416362,0.091703858,0.48265357,0.11172898,0.19633502
6tt4_FT8_B_711,0.52510227,0.65376529,0.12416362,0.091703858,0.48265357,0.11172898,0.19633502
6u6c_P1T_B_502,0.97466412,0.93687847,0.1463837,0.096270485,0.97823644,0.11382744,0.22399997
6u6c_P1T_D_505,0.52510227,0.65376529,0.12416362,0.091703858,0.48265357,0.11172898,0.19633502
6u6c_P1T_H_504,0.52510227,0.65376529,0.12416362,0.091703858,0.48265357,0.11172898,0.19633502
6u6c_PZV_F_802,0.82493413,0.65384033,0.12507125,0.090845071,0.48267648,0.10679365,0.19559016
6ufd_Q6D_A_305,0.99286006,0.6537832,0.12979407,0.090659832,0.58782142,0.10490731,0.1993309
6uqd_QF4_A_501,0.52510227,0.65376529,0.12416362,0.091703858,0.48265357,0.11172898,0.19633502
6uqd_QF4_B_501,0,0.652084,0,0.093135673,0.46534484,0.12020456,0.19690638
6urx_JMG_A_316,0.99728875,0.65426741,0.10927645,0.089206445,0.075619508,0.1005583,0.17906448
6uvj_QJ1_A_205,0.90871613,0.99132732,0.14655442,0.097329233,0.98269995,0.1159807,0.22610575
6uxr_K6G_B_202,0.52510227,0.65376529,0.12416362,0.091703858,0.48265357,0.11172898,0.19633502
6uzr_QM1_B_301,0.017598742,0.98665208,0.14435885,0.099846969,0.99557091,0.13067134,0.22868425
6v1e_5SW_A_301,0.98806437,0.6534364,0.14446702,0.091704217,0.95424,0.10804529,0.21383312
6v8n_QS1_A_1704,0,0.99183913,0.14147526,0.099778441,0.92450931,0.13046506,0.22608449
6vlu_CIT_A_701,0.32936247,0.6537163,0.12357109,0.0922645,0.48263861,0.11495092,0.19682129
6vmz_NAG_A_402,0,0.65363387,0.12257406,0.093207869,0.48261345,0.12037234,0.19763952
6vmz_NAG_C_402,0,0.65363387,0.12257406,0.093207869,0.48261345,0.12037234,0.19763952
6vmz_NAG_E_402,0,0.65363387,0.12257406,0.093207869,0.48261345,0.12037234,0.19763952
6vmz_R3P_A_404,0,0.88964592,0.12339651,0.096921793,0.48238875,0.12483556,0.20528161
6vmz_R3P_C_404,1.4709773e-07,0.95983833,0.12364115,0.098026533,0.48232193,0.12616318,0.20755482
6vmz_R3P_E_403,2.4401517e-07,0.94925063,0.12360425,0.097859896,0.48233201,0.12596292,0.20721193
6vo2_R67_A_403,0,0.65363387,0.12257406,0.093207869,0.48261345,0.12037234,0.19763952
6vo2_R67_B_403,0,0.92688462,0.10418705,0.096145759,0,0.12150608,0.18739852
6vv9_RQ1_A_202,0.0013911405,0.65363422,0.12257827,0.093203884,0.48261356,0.12034944,0.19763606
6vv9_RQ1_B_304,0.49085464,0.65375672,0.12405995,0.09180195,0.48265095,0.11229271,0.1964201
6wdv_TWM_A_701,0.9648928,0.65387536,0.12549492,0.090444198,0.48268717,0.10448989,0.19524247
6wdw_TWV_A_701,0,0.91347871,0.12922383,0.097594909,0.63457327,0.12635236,0
6wiw_I14_A_601,0.97131085,0.89293307,0.11220624,0.093192732,0.12974085,0.10595672,0.18901099
6wiw_I14_B_601,0.95102656,0.84863349,0.12613186,0.093549692,0.4825007,0.10840244,0.20158532
6x9d_HYP_A_2002,0.97339818,0,0.14391544,0.08158523,0.9988529,0.096295132,0.19445248
6x9d_HYP_B_2002,0.96682013,0,0.14390661,0.08160487,0.99912904,0.096405743,0.1944798
6xeb_V1P_A_411,0,0.65363387,0.12257406,0.093207869,0.48261345,0.12037234,0.19763952
6xim_XLS_A_397,0.99491317,0.65388287,0.1255858,0.090358213,0.48268947,0.10399574,0.19516789
6xim_XLS_C_397,0,0.65363387,0.12257406,0.093207869,0.48261345,0.12037234,0.19763952
6xp1_T2C_A_401,0.9852694,0.98470695,0.14636671,0.096977642,0.97282158,0.11451246,0.22530952
6xu3_GAB_B_402,0.0051727137,0.99025138,0.10487635,0.097160134,0.011252634,0.12271388,0.18988473
6xu3_PLG_B_401,0.52510227,0.65376529,0.12416362,0.091703858,0.48265357,0.11172898,0.19633502
6xu3_PLG_C_401,0.52510227,0.65376529,0.12416362,0.091703858,0.48265357,0.11172898,0.19633502
6xu3_PLP_D_401,0.52510227,0.65376529,0.12416362,0.091703858,0.48265357,0.11172898,0.19633502
6xzx_O5H_B_302,0.97270403,0.65387731,0.12551857,0.090421825,0.48268777,0.10436131,0.19522306
6y4f_GLU_A_202,0.95041491,0,0.11227978,0.079427825,0.21139587,0.090089402,0.16335195
6y4z_TLA_D_301,0.99618235,0,0.14303492,0.081453033,0.97516837,0.095721978,0.19345856
6yaw_P9H_A_301,0,0.95287341,0.12361687,0.097916915,0.48232856,0.12603145,0.20732926
6yaw_P9H_B_502,0,0.96220098,0.12364938,0.098063719,0.48231968,0.12620787,0.20763133
6ypv_AKG_A_302,0.99691914,0.65352992,0.14061344,0.091406561,0.85743381,0.10709135,0.20998283
6yta_IYZ_A_702,0.52510227,0.65376529,0.12416362,0.091703858,0.48265357,0.11172898,0.19633502
6zac_QDE_A_4000,0,0.65363387,0.12257406,0.093207869,0.48261345,0.12037234,0.19763952
6zi7_QR8_A_502,0.52510227,0.65376529,0.12416362,0.091703858,0.48265357,0.11172898,0.19633502
6zi7_QR8_B_502,0.52510227,0.65376529,0.12416362,0.091703858,0.48265357,0.11172898,0.19633502
6zi7_QR8_C_502,0.053298546,0.92444065,0.13699123,0.098254225,0.81453428,0.12739285,0.21941567
6zi7_QR8_D_502,0.52510227,0.65376529,0.12416362,0.091703858,0.48265357,0.11172898,0.19633502
6zi7_QR8_F_503,0.52510227,0.65376529,0.12416362,0.091703858,0.48265357,0.11172898,0.19633502
6zi7_RAM_D_503,0.007081322,0,0.10389738,0.081743074,0.073458542,0.10446724,0.16024498
6zjw_GAL_A_1101,0.99808136,0.65432379,0.10689144,0.089036645,0.016058939,0.10004802,0.17670714
6zjw_GAL_A_1102,0.080685273,0.65365406,0.12281831,0.092976768,0.48261961,0.11904423,0.19743907
6zug_QPW_H_1001,0.99218168,0.65340028,0.14605815,0.091803203,0.99362453,0.10830631,0.21538037
7a2h_QX2_A_401,0,0.65363387,0.12257406,0.093207869,0.48261345,0.12037234,0.19763952
7ak3_RH8_A_501,0.52510227,0.65376529,0.12416362,0.091703858,0.48265357,0.11172898,0.19633502
7bp1_CAQ_C_401,0.99441545,0.65388275,0.12558429,0.090359638,0.48268943,0.10400393,0.19516912
7bp1_CAQ_D_401,0.98569628,0.65388057,0.1255579,0.090384612,0.48268876,0.10414745,0.19519078
7bqu_EF2_A_501,0.78958698,0.99578968,0.14678824,0.097781779,0.99712986,0.11814714,0.22711822
7bzm_GIM_A_501,0.99316825,0.65349321,0.14212215,0.09152397,0.89535569,0.10746968,0.21149181
7bzm_GIM_B_501,0,0.65363387,0.12257406,0.093207869,0.48261345,0.12037234,0.19763952
7c7g_FJR_A_402,0.99076541,0,0.12329436,0.080079326,0.48331167,0.09169705,0.17400302
7c7g_FJR_B_402,0.99153711,0.99128371,0.10756261,0.094327138,0.0037554411,0.10643109,0.18716341
7cwd_GAL_A_902,0.92003339,0.44292045,0.10526982,0.085889957,4.5540684e-06,0.097202066,0.16941948
7cwd_GLC_A_901,0,0.65363387,0.12257406,0.093207869,0.48261345,0.12037234,0.19763952
7est_0Z2_E_1,0.97246926,0.65387726,0.12551786,0.090422497,0.48268775,0.10436517,0.19522364
7jo3_VGS_A_302,0.98560844,0.65339976,0.14599066,0.09181869,0.99243681,0.1084046,0.21534975
7joc_ARZ_A_302,0.98923768,0.65342827,0.14482826,0.091725956,0.96316359,0.10810047,0.21418309
7kje_NRD_A_405,0,0.65363387,0.12257406,0.093207869,0.48261345,0.12037234,0.19763952
7kjg_BTM_A_406,0.98037926,0.65387924,0.1255418,0.090399841,0.48268836,0.10423497,0.19520399
8cpp_TCM_A_422,0.078946401,0.65365363,0.12281304,0.092981748,0.48261948,0.11907286,0.19744339
8icd_ICT_A_418,0.86263823,0.93969954,0.10809906,0.093962748,0.03138311,0.10780834,0.18690584
