query_order,round,flat_index,row_index,row_label,algorithm_index,algorithm,utility,acquisition,predicted_runtime_mean,predicted_runtime_sd,score,runtime
1,0,12387,1769,5ihe_D5M_A_701,4,gnina,,,,,2.2519875e-05,4.4518273
2,0,17744,2534,7cwd_GLC_A_901,6,smina,,,,,0.00022970443,0.86632524
3,0,17417,2488,6vv9_RQ1_B_304,1,unimol,,,,,0.94839311,19.68
4,0,5390,770,2vag_V25_A_1482,0,surfdock,,,,,0.99211943,3.9469582
5,0,3832,547,2bs8_NAG_A_1177,3,diffdock_l,,,,,0.92809712,9.6714854
6,0,1288,184,1j54_TMP_A_2000,0,surfdock,,,,,0.98734221,3.4149292
7,0,11069,1581,5abz_Z47_A_201,2,diffdock,,,,,0,19.068003
8,0,11083,1583,5ack_SVQ_A_600,2,diffdock,,,,,0,24.149584
9,0,11882,1697,5fli_QUE_G_301,3,diffdock_l,,,,,0,39.959023
10,0,16795,2399,6rgg_K3Q_A_401,2,diffdock,,,,,0,25.926162
11,0,10858,1551,4zo7_BGC_A_805,1,unimol,,,,,0,22.24
12,0,9090,1298,4k5g_Q13_B_803,4,gnina,,,,,2.6709003e-13,6.9986632
13,0,12213,1744,5hgz_MLA_A_303,5,autodock,,,,,0.018121431,3.9230689
14,0,13671,1953,5ud3_P6F_A_404,0,surfdock,,,,,0,3.6362939
15,0,15619,2231,6jq8_CIT_A_302,2,diffdock,,,,,0,15.879326
16,0,15564,2223,6jc7_F0G_B_601,3,diffdock_l,,,,,0,49.606652
17,0,12243,1749,5htd_MYR_A_201,0,surfdock,,,,,0.98150334,3.4204385
18,0,8886,1269,4ioq_BAQ_A_201,3,diffdock_l,,,,,0.9878123,5.9908009
19,0,15860,2265,6lql_F0C_A_702,5,autodock,,,,,0,13.640428
20,0,1038,148,1hot_16G_A_269,2,diffdock,,,,,0,21.033967
21,0,4821,688,2o7b_HC4_E_701,5,autodock,,,,,0,40.03355
22,0,10453,1493,4wdx_WDX_A_402,2,diffdock,,,,,0,30.011794
23,0,2027,289,1o29_UFP_C_813,4,gnina,,,,,0.97169727,4.4268935
24,0,5890,841,2z48_A2G_A_1001,3,diffdock_l,,,,,1.4217954e-63,22.646073
25,0,17233,2461,6u6c_P1T_D_505,6,smina,,,,,0,3.7836783
26,0,5118,731,2qd4_CHD_B_928,1,unimol,,,,,0.94293071,25.18
27,0,10862,1551,4zo7_BGC_A_805,5,autodock,,,,,5.0249144e-06,17.36667
28,0,17170,2452,6toj_NQQ_A_201,6,smina,,,,,0,6.4022906
29,0,10782,1540,4zbc_GLC_A_407,2,diffdock,,,,,3.4862976e-46,28.285599
30,0,8633,1233,4i02_CMP_C_301,2,diffdock,,,,,1.6417015e-72,34.805376
31,0,5621,803,2wu4_HBP_B_1545,0,surfdock,,,,,0.98368864,4.3131564
32,0,16445,2349,6pk1_3PY_A_502,2,diffdock,,,,,2.2599847e-07,21.924734
33,0,6623,946,3vbn_TYD_A_301,1,unimol,,,,,0,18.59
34,0,11518,1645,5dw3_TRP_B_402,3,diffdock_l,,,,,0,28.001163
35,0,5123,731,2qd4_CHD_B_928,6,smina,,,,,0,4.4831818
36,0,561,80,1g72_PQQ_A_701,1,unimol,,,,,0,25.13
37,0,12421,1774,5ijz_AKG_E_502,3,diffdock_l,,,,,0,28.001163
38,0,3594,513,1zwp_NIM_A_401,3,diffdock_l,,,,,1.5143259e-05,11.940469
39,0,11313,1616,5cga_KP6_E_301,1,unimol,,,,,0.96607774,23.68
40,0,15040,2148,6f2v_AMP_A_1001,4,gnina,,,,,0.03862551,6.3586307
41,0,8832,1261,4i9n_1E5_G_402,5,autodock,,,,,0,14.763811
42,0,17042,2434,6t0a_M58_B_601,4,gnina,,,,,0,1.6681623
43,0,2871,410,1u6r_IOM_B_1601,1,unimol,,,,,0.97355557,19.72
44,0,15231,2175,6flu_DTK_B_401,6,smina,,,,,0.14078958,2.715437
45,0,4427,632,2hdk_COI_B_900,3,diffdock_l,,,,,0.0026944533,24.368525
46,0,2915,416,1v03_BGC_A_1498,3,diffdock_l,,,,,0,36.03066
47,0,12472,1781,5irw_D9P_A_202,5,autodock,,,,,0.93181556,39.620989
48,0,14095,2013,5x5d_UMP_E_401,4,gnina,,,,,0.99051924,5.7696244
49,0,1128,161,1iri_E4P_A_601,1,unimol,,,,,0.95515978,27.99
50,0,361,51,1e2s_CSN_P_701,4,gnina,,,,,0.029593188,2.6324167
51,0,4437,633,2hjp_PPR_A_291,6,smina,,,,,0,0.9635085
52,0,13761,1965,5unt_8J1_A_803,6,smina,,,,,8.8451123e-11,4.7389043
53,0,17662,2523,6zug_QPW_H_1001,1,unimol,,,,,0.98546177,20.1
54,0,8209,1172,4e7v_CRS_S_101,5,autodock,,,,,0.047936036,28.744547
55,0,8551,1221,4hez_1MZ_A_307,4,gnina,,,,,0.0004586778,1.2190649
56,0,13559,1937,5tlg_7EG_B_601,0,surfdock,,,,,0.9922672,4.2588869
57,0,13889,1984,5vv5_9OJ_B_803,1,unimol,,,,,0.95755597,28.25
58,0,6844,977,3w7f_FPS_A_302,5,autodock,,,,,0,12.095668
59,0,1911,273,1ngp_NPA_H_302,0,surfdock,,,,,0,2.8359082
60,0,15445,2206,6hmw_FUL_I_201,3,diffdock_l,,,,,4.4162256e-71,18.455493
61,0,13380,1911,5sga_TYR_P_1,3,diffdock_l,,,,,0,19.55101
62,0,9818,1402,4pgi_Y69_A_303,4,gnina,,,,,1.5890366e-09,7.2190085
63,0,2000,285,1o28_UFP_A_703,5,autodock,,,,,3.687095e-06,9.0857211
64,0,13503,1929,5tdt_MBN_A_503,0,surfdock,,,,,0.08580802,2.1556942
65,0,3039,434,1w55_C_A_1372,1,unimol,,,,,0.94860626,28.29
66,0,14511,2073,6a1f_9OF_A_807,0,surfdock,,,,,0.97926501,3.2909702
67,0,8993,1284,4j7u_YTZ_C_802,5,autodock,,,,,0,8.2162283
68,0,3630,518,2a5t_GLU_B_2002,4,gnina,,,,,0,2.4515288
69,0,9475,1353,4mr8_2BW_A_507,4,gnina,,,,,0.00041973873,3.3471246
70,0,4455,636,2huu_ALA_A_701,3,diffdock_l,,,,,0,28.001163
71,0,12038,1719,5g6k_M94_A_904,5,autodock,,,,,0,5.0366619
72,0,540,77,1g4s_TPS_B_2002,1,unimol,,,,,0.98254196,18.7
73,0,14157,2022,5xmq_PLG_A_501,3,diffdock_l,,,,,0,42.238659
74,0,12494,1784,5ita_6DC_B_801,6,smina,,,,,0,9.2058911
75,0,11887,1698,5fli_QUE_H_301,1,unimol,,,,,0.99093803,23.55
76,0,4913,701,2pin_LEG_B_502,6,smina,,,,,0,2.154753
77,0,6757,965,3vnm_SDD_D_301,2,diffdock,,,,,0,34.43518
78,0,12545,1792,5j5i_6GM_A_303,1,unimol,,,,,0.98802078,26.36
79,0,9321,1331,4lvb_20N_B_601,4,gnina,,,,,3.032122e-07,3.461842
80,0,17796,2542,8icd_ICT_A_418,2,diffdock,,,,,1.034521e-17,22.007711
81,0,14392,2056,5ysh_5AD_J_605,0,surfdock,,,,,0.21831849,2.4907739
82,0,6377,911,3ryd_SRT_C_268,0,surfdock,,,,,0.54297982,2.1861244
83,0,11888,1698,5fli_QUE_H_301,2,diffdock,,,,,0,56.462635
84,0,589,84,1g8z_GAL_F_104,1,unimol,,,,,0.97660964,18.35
85,0,1134,162,1iri_E4P_B_602,0,surfdock,,,,,0.98966565,2.8570735
86,0,1820,260,1mmx_FUC_B_348,0,surfdock,,,,,0.084803449,4.8287277
87,0,16097,2299,6ncx_ADA_A_601,4,gnina,,,,,0.00069010586,6.3786462
88,0,3567,509,1zpd_CIT_E_610,4,gnina,,,,,0.049744436,6.471239
89,0,5867,838,2z20_PLP_A_701,1,unimol,,,,,0.93983054,18.56
90,0,15391,2198,6gqk_F88_B_1001,5,autodock,,,,,0,22.547218
91,0,8639,1234,4i02_CMP_D_301,1,unimol,,,,,0.99265204,24.53
92,0,12313,1759,5i5t_67X_B_402,0,surfdock,,,,,0.99593959,3.0629267
93,0,8948,1278,4j0k_EGR_B_501,2,diffdock,,,,,0,27.314457
94,0,5985,855,2zce_PYL_A_601,0,surfdock,,,,,0.72339306,3.3358917
95,0,14898,2128,6dl7_ONC_D_301,2,diffdock,,,,,0,57.490262
96,0,4567,652,2iyq_SKM_A_201,3,diffdock_l,,,,,0.96645821,11.488626
97,0,1631,233,1ldo_SNR_B_350,0,surfdock,,,,,0.98395114,3.1708224
98,0,12582,1797,5j5i_6GM_G_302,3,diffdock_l,,,,,2.9874375e-94,60.304676
99,0,15976,2282,6mry_FLC_I_102,2,diffdock,,,,,0,23.727494
100,0,257,36,1d6u_HY1_A_2001,5,autodock,,,,,0.0056933056,19.130346
101,0,12254,1750,5hxi_5HN_A_403,4,gnina,,,,,0.6673586,1.6276649
102,0,3222,460,1xkw_188_A_1001,2,diffdock,,,,,0,35.334935
103,0,1306,186,1jf0_CZH_A_197,4,gnina,,,,,0.99456484,9.7362202
104,0,2994,427,1vzu_UDP_A_1371,5,autodock,,,,,0,20.066722
105,0,9599,1371,4ni1_2JX_A_203,2,diffdock,,,,,5.0670849e-21,16.691181
106,0,2487,355,1s2c_FLF_A_2001,2,diffdock,,,,,0,26.320517
107,0,6940,991,3wgc_PLG_B_401,3,diffdock_l,,,,,0,48.538615
108,0,15336,2190,6gck_EUB_A_302,6,smina,,,,,0,2.778861
109,0,16434,2347,6paf_O6A_A_509,5,autodock,,,,,0,11.889283
110,0,4612,658,2j5z_GAL_A_1278,6,smina,,,,,0.0012813208,0.79559974
111,0,7920,1131,4d2c_ALA_A_508,3,diffdock_l,,,,,2.2001334e-06,29.052382
112,0,16308,2329,6o2z_LJV_B_500,5,autodock,,,,,1.0328545e-06,23.987839
113,0,9819,1402,4pgi_Y69_A_303,5,autodock,,,,,1.2199504e-12,20.780377
114,0,15357,2193,6gck_EUB_D_302,6,smina,,,,,0,2.8182706
115,0,15182,2168,6fld_DQ5_A_604,6,smina,,,,,0,8.5732414
116,0,14132,2018,5xh2_NPO_A_305,6,smina,,,,,0,0.68365885
117,0,9870,1410,4pxd_1AL_A_502,0,surfdock,,,,,0,2.9034038
118,0,4376,625,2gyv_HBP_A_1409,1,unimol,,,,,0.084249576,33.19
119,0,11463,1637,5dky_NOJ_A_1000,4,gnina,,,,,0.99409784,2.2622694
120,0,9516,1359,4n4j_HG1_A_605,3,diffdock_l,,,,,1.44951e-14,16.584111
121,0,17237,2462,6u6c_P1T_F_805,3,diffdock_l,,,,,0,43.255929
122,0,17484,2497,6xim_XLS_A_397,5,autodock,,,,,0.18248869,23.449204
123,0,13576,1939,5tm5_7EV_B_601,3,diffdock_l,,,,,0,34.5137
124,0,2776,396,1tt6_DES_A_129,4,gnina,,,,,0,2.4205983
125,0,8834,1262,4i9n_1E5_H_402,0,surfdock,,,,,0.89727759,3.5331233
126,0,10317,1473,4ugg_S5D_A_904,6,smina,,,,,1.2449659e-08,6.0968416
127,0,15623,2231,6jq8_CIT_A_302,6,smina,,,,,8.0601932e-08,1.5524052
128,0,797,113,1h48_C5P_D_204,6,smina,,,,,0,3.334058
129,0,3819,545,2bs3_CIT_A_1657,4,gnina,,,,,0.10293461,12.581324
130,0,15055,2150,6f48_XQB_A_302,5,autodock,,,,,0,169.71792
131,0,16145,2306,6nga_KL7_B_804,3,diffdock_l,,,,,5.6365833e-40,23.067994
132,0,15054,2150,6f48_XQB_A_302,4,gnina,,,,,0,3.2325065
133,0,2603,371,1sz6_NAG_B_5001,6,smina,,,,,2.3483403e-07,1.2756838
134,0,10803,1543,4zbc_GLC_B_407,2,diffdock,,,,,0,23.945929
135,0,1558,222,1kwu_MMA_A_501,4,gnina,,,,,0.88014446,1.8474113
136,0,15948,2278,6mnh_JVD_A_301,2,diffdock,,,,,0.9784738,17.963542
137,0,8562,1223,4hgg_SYN_B_502,1,unimol,,,,,0.94275026,19.28
138,0,2784,397,1tt6_DES_B_128,5,autodock,,,,,0,10.892198
139,0,6504,929,3tye_XHP_B_901,1,unimol,,,,,0.99357731,19.36
140,0,4800,685,2o7b_HC4_A_701,5,autodock,,,,,0,37.860879
141,0,11613,1659,5eo7_SFU_A_405,0,surfdock,,,,,0.86463364,2.4734548
142,0,12378,1768,5iav_MLI_B_302,2,diffdock,,,,,1.6538092e-39,16.754105
143,0,466,66,1foi_14W_B_810,4,gnina,,,,,8.0473767e-08,2.7356111
144,0,5105,729,2qd4_CHD_A_803,2,diffdock,,,,,0,35.555461
145,0,6063,866,2ztl_3HL_D_301,1,unimol,,,,,0.96960408,21.19
146,0,7099,1014,3wzo_ZOE_D_201,1,unimol,,,,,0.95271276,25.14
147,0,16294,2327,6o1s_7SD_E_803,5,autodock,,,,,2.0442242e-11,15.245543
148,0,4662,666,2no7_LDC_A_401,0,surfdock,,,,,0.99018967,3.3346498
149,0,16079,2297,6nba_P1T_D_501,0,surfdock,,,,,0,3.9110403
150,0,8217,1173,4e7v_CRS_Y_101,6,smina,,,,,0.28516806,0.55514563
151,0,1408,201,1k5s_GRO_B_601,1,unimol,,,,,0.96654426,22.38
152,0,4050,578,2eb5_OXL_D_2004,4,gnina,,,,,1.2538635e-07,3.2905421
153,0,2521,360,1sep_BIO_A_801,1,unimol,,,,,0,14.61
154,0,16669,2381,6qor_JBK_A_301,2,diffdock,,,,,1.2538848e-19,20.962479
155,0,9943,1420,4qe1_RUU_A_403,3,diffdock_l,,,,,0.99666776,18.304765
156,0,5053,721,2qab_EI1_B_1,6,smina,,,,,0,2.7569515
157,0,13793,1970,5v7y_AKG_B_302,3,diffdock_l,,,,,0,30.870676
158,0,10388,1484,4uzi_IMD_B_1455,0,surfdock,,,,,0.86494796,1.9665179
159,0,12697,1813,5jeh_EVF_B_302,6,smina,,,,,0.00064346712,1.5875924
160,0,9901,1414,4q3a_2YC_C_904,3,diffdock_l,,,,,6.9069634e-22,30.011974
161,0,16662,2380,6qol_JB5_B_301,2,diffdock,,,,,0,21.450651
162,0,2554,364,1sff_IK2_D_450,6,smina,,,,,0,3.9778256
163,0,1274,182,1j3k_UMP_C_611,0,surfdock,,,,,0.98438715,3.6307775
164,0,580,82,1g79_PLP_A_270,6,smina,,,,,0.00058290428,2.4941618
165,0,3212,458,1xin_XYL_B_397,6,smina,,,,,0.0042073303,1.0778243
166,0,10627,1518,4y14_C0A_A_407,1,unimol,,,,,0.98888046,26.78
167,0,4100,585,2eus_ABN_A_400,5,autodock,,,,,0,12.574066
168,0,831,118,1h48_CDI_C_902,5,autodock,,,,,0.99423717,92.656674
169,0,17798,2542,8icd_ICT_A_418,4,gnina,,,,,0.03138311,3.9024302
170,0,16126,2303,6ng5_KMD_A_803,5,autodock,,,,,0,7.0217599
171,0,17416,2488,6vv9_RQ1_B_304,0,surfdock,,,,,0.49085464,3.7832155
172,0,5058,722,2qb4_DSM_A_801,4,gnina,,,,,0.85914879,3.0083285
173,0,1483,211,1kfc_IPL_A_674,6,smina,,,,,0.39167382,2.0496421
174,0,9822,1403,4pik_MAN_A_501,1,unimol,,,,,0.96623289,19.48
175,0,5124,732,2qg6_NMN_A_301,0,surfdock,,,,,0,3.6988981
176,0,9998,1428,4r2n_PHE_D_402,2,diffdock,,,,,0,36.768102
177,0,6328,904,3roe_THM_E_265,0,surfdock,,,,,0,3.3240162
178,0,5847,835,2yjd_YJD_B_1498,2,diffdock,,,,,7.1695638e-37,26.634485
179,0,15179,2168,6fld_DQ5_A_604,3,diffdock_l,,,,,0,28.001163
180,1,560,80,1g72_PQQ_A_701,0,surfdock,1.0000007,0.99994325,1.5840737,0,0,4.0796586
181,1,2520,360,1sep_BIO_A_801,0,surfdock,1.0000007,0.99994325,1.5840737,0,0,3.1102741
182,1,6622,946,3vbn_TYD_A_301,0,surfdock,1.0000007,0.99994325,1.5840737,0,0.86824118,3.8202578
183,1,10857,1551,4zo7_BGC_A_805,0,surfdock,1.0000006,0.99982976,1.5840737,0,0.76289475,2.5347766
184,1,4375,625,2gyv_HBP_A_1409,0,surfdock,1.0000005,0.99977301,1.5840737,0,0,3.9260173
185,1,1912,273,1ngp_NPA_H_302,1,unimol,1.0000004,0.9995744,1.5840737,0,0.95306656,20.68
186,1,5125,732,2qg6_NMN_A_301,1,unimol,1.0000004,0.9995744,1.5840737,0,0.96742342,19.48
187,1,6329,904,3roe_THM_E_265,1,unimol,1.0000004,0.9995744,1.5840737,0,0,23.04
188,1,9871,1410,4pxd_1AL_A_502,1,unimol,1.0000004,0.9995744,1.5840737,0,0.97824081,25.58
189,1,13672,1953,5ud3_P6F_A_404,1,unimol,1.0000004,0.9995744,1.5840737,0,0.85110463,23.45
190,1,16080,2297,6nba_P1T_D_501,1,unimol,1.0000004,0.9995744,1.5840737,0,0.98758176,20.46
191,1,1821,260,1mmx_FUC_B_348,1,unimol,1.0000003,0.99937578,1.5840737,0,0.92972479,18.7
192,1,13504,1929,5tdt_MBN_A_503,1,unimol,1.0000003,0.99931903,1.5840737,0,0.17139023,21.27
193,1,14393,2056,5ysh_5AD_J_605,1,unimol,1.0000001,0.99926229,1.5840737,0,0.98087692,24.5
194,1,827,118,1h48_CDI_C_902,1,unimol,0.9761544,0.99920554,1.5840737,0,0,25.38
195,1,12468,1781,5irw_D9P_A_202,1,unimol,0.97149853,0.99914879,1.5840737,0,0.96752547,21.67
196,1,1303,186,1jf0_CZH_A_197,1,unimol,0.9297803,0.99909204,1.5840737,0,0.99184997,25.99
197,1,11460,1637,5dky_NOJ_A_1000,1,unimol,0.92977952,0.9990353,1.5840737,0,0.99009643,19.67
198,1,14092,2013,5x5d_UMP_E_401,1,unimol,0.92977363,0.99897855,1.5840737,0,0,21.23
199,1,2024,289,1o29_UFP_C_813,1,unimol,0.92974492,0.9989218,1.5840737,0,0,18.97
200,1,1555,222,1kwu_MMA_A_501,1,unimol,0.92248745,0.99886506,1.5840737,0,0.95346127,23.22
201,1,5055,722,2qb4_DSM_A_801,1,unimol,0.91779937,0.99880831,1.5840737,0,0.98902921,22.86
202,1,12251,1750,5hxi_5HN_A_403,1,unimol,0.87497486,0.99875156,1.5840737,0,0.98846321,14.57
203,1,17480,2497,6xim_XLS_A_397,1,unimol,0.82935179,0.99869481,1.5840737,0,0.96216152,18.56
204,1,6378,911,3ryd_SRT_C_268,1,unimol,0.82354115,0.99863807,1.5840737,0,0.91538844,18.87
205,1,2773,396,1tt6_DES_A_129,1,unimol,0.81008627,0.99852457,1.5840737,0,0,22.15
206,1,3627,518,2a5t_GLU_B_2002,1,unimol,0.81008627,0.99852457,1.5840737,0,4.3225342e-05,21.07
207,1,17039,2434,6t0a_M58_B_601,1,unimol,0.81008627,0.99852457,1.5840737,0,0,14.14
208,1,9087,1298,4k5g_Q13_B_803,1,unimol,0.81008627,0.99841108,1.5840737,0,0.98911506,21.72
209,1,463,66,1foi_14W_B_810,1,unimol,0.81008626,0.99835433,1.5840737,0,0.99301916,22.3
210,1,4047,578,2eb5_OXL_D_2004,1,unimol,0.81008626,0.99829758,1.5840737,0,0.95054763,22.87
211,1,9318,1331,4lvb_20N_B_601,1,unimol,0.81008624,0.99824084,1.5840737,0,0.99418104,22.6
212,1,12384,1769,5ihe_D5M_A_701,1,unimol,0.81008413,0.99818409,1.5840737,0,0,22.01
213,1,9472,1353,4mr8_2BW_A_507,1,unimol,0.81004647,0.99812734,1.5840737,0,0.95022785,21.18
214,1,8548,1221,4hez_1MZ_A_307,1,unimol,0.81004278,0.99807059,1.5840737,0,0.78738104,21.07
215,1,16094,2299,6ncx_ADA_A_601,1,unimol,0.81002084,0.99801385,1.5840737,0,0,24.92
216,1,17795,2542,8icd_ICT_A_418,1,unimol,0.80881856,0.9979571,1.5840737,0,0.93969954,14.26
217,1,358,51,1e2s_CSN_P_701,1,unimol,0.80728053,0.99790035,1.5840737,0,0.29911644,24.01
218,1,15037,2148,6f2v_AMP_A_1001,1,unimol,0.80642418,0.9978436,1.5840737,0,0.8493365,23.5
219,1,3564,509,1zpd_CIT_E_610,1,unimol,0.80536999,0.99778686,1.5840737,0,0.96266732,22.62
220,1,3816,545,2bs3_CIT_A_1657,1,unimol,0.80032703,0.99773011,1.5840737,0,0.98364729,24.21
221,1,15051,2150,6f48_XQB_A_302,1,unimol,0.79296176,0.99767336,1.5840737,0,0,14.35
222,1,9815,1402,4pgi_Y69_A_303,1,unimol,0.79296176,0.99761662,1.5840737,0,0.91791807,31.64
223,1,2780,397,1tt6_DES_B_128,1,unimol,0.788595,0.99721938,1.5840737,0,0,26.42
224,1,2990,427,1vzu_UDP_A_1371,1,unimol,0.788595,0.99721938,1.5840737,0,0.94178014,21.04
225,1,4096,585,2eus_ABN_A_400,1,unimol,0.788595,0.99721938,1.5840737,0,0.99203182,16.45
226,1,4796,685,2o7b_HC4_A_701,1,unimol,0.788595,0.99721938,1.5840737,0,0.98904931,29.57
227,1,4817,688,2o7b_HC4_E_701,1,unimol,0.788595,0.99721938,1.5840737,0,0.9877603,33.49
228,1,6840,977,3w7f_FPS_A_302,1,unimol,0.788595,0.99721938,1.5840737,0,0.94500709,25.78
229,1,8828,1261,4i9n_1E5_G_402,1,unimol,0.788595,0.99721938,1.5840737,0,0.95200925,28.11
230,2,4663,666,2no7_LDC_A_401,1,unimol,0.91909474,0.99982927,1.739862,0,0.98859086,16.9
231,2,1135,162,1iri_E4P_B_602,1,unimol,0.91908482,0.99977237,1.739862,0,0.95990547,22.84
232,2,1275,182,1j3k_UMP_C_611,1,unimol,0.91898519,0.99965855,1.739862,0,0,17.7
233,2,12244,1749,5htd_MYR_A_201,1,unimol,0.91893097,0.99948782,1.739862,0,0.97166517,29.1
234,2,8835,1262,4i9n_1E5_H_402,1,unimol,0.91741447,0.999374,1.739862,0,0.028893908,21.89
235,2,11614,1659,5eo7_SFU_A_405,1,unimol,0.91686121,0.99926019,1.739862,0,0.95290717,17.57
236,2,15387,2198,6gqk_F88_B_1001,1,unimol,0.75518119,0.9990041,1.739862,0,0.99162408,23.43
237,2,16430,2347,6paf_O6A_A_509,1,unimol,0.75518119,0.9990041,1.739862,0,0.96035018,26.12
238,2,16290,2327,6o1s_7SD_E_803,1,unimol,0.75518119,0.99880492,1.739862,0,0.96773219,18.91
239,2,9317,1331,4lvb_20N_B_601,0,surfdock,0.75434598,0.99857728,1.739862,0,0.99380289,2.351584
240,2,11459,1637,5dky_NOJ_A_1000,0,surfdock,0.75410672,0.99852037,1.739862,0,0,2.6569822
241,2,253,36,1d6u_HY1_A_2001,1,unimol,0.75315961,0.99840656,1.739862,0,0.99667157,22.35
242,2,12209,1744,5hgz_MLA_A_303,1,unimol,0.74874666,0.99829274,1.739862,0,0.6770346,25.74
243,2,4046,578,2eb5_OXL_D_2004,0,surfdock,0.74279769,0.99823583,1.739862,0,0.99310695,2.2351063
244,2,9471,1353,4mr8_2BW_A_507,0,surfdock,0.7425128,0.99817892,1.739862,0,0,3.0156429
245,2,9814,1402,4pgi_Y69_A_303,0,surfdock,0.73724647,0.9980651,1.739862,0,0.96262219,4.4458797
246,2,15618,2231,6jq8_CIT_A_302,1,unimol,0.72528261,0.99795129,1.739862,0,0.74709195,17.64
247,2,1037,148,1hot_16G_A_269,1,unimol,0.72507283,0.99732529,1.739862,0,0.97630555,33.75
248,2,2486,355,1s2c_FLF_A_2001,1,unimol,0.72507283,0.99732529,1.739862,0,0.97556009,21.32
249,2,3221,460,1xkw_188_A_1001,1,unimol,0.72507283,0.99732529,1.739862,0,0,25.35
250,2,5104,729,2qd4_CHD_A_803,1,unimol,0.72507283,0.99732529,1.739862,0,0.9894045,27.41
251,2,6756,965,3vnm_SDD_D_301,1,unimol,0.72507283,0.99732529,1.739862,0,0,18.19
252,2,8632,1233,4i02_CMP_C_301,1,unimol,0.72507283,0.99732529,1.739862,0,0.99143817,19.27
253,2,8947,1278,4j0k_EGR_B_501,1,unimol,0.72507283,0.99732529,1.739862,0,0.77542336,16.87
254,2,9997,1428,4r2n_PHE_D_402,1,unimol,0.72507283,0.99732529,1.739862,0,0.96054985,23.91
255,2,12377,1768,5iav_MLI_B_302,1,unimol,0.72507283,0.99732529,1.739862,0,0.62897078,20.35
256,2,16444,2349,6pk1_3PY_A_502,1,unimol,0.72507283,0.99669929,1.739862,0,0.92494601,21.9
257,2,1554,222,1kwu_MMA_A_501,0,surfdock,0.72458131,0.99658548,1.739862,0,0,2.5232085
258,2,2549,364,1sff_IK2_D_450,1,unimol,0.72449396,0.99618712,1.739862,0,0.97445498,28.61
259,2,4432,633,2hjp_PPR_A_291,1,unimol,0.72449396,0.99618712,1.739862,0,0,23.59
260,2,14127,2018,5xh2_NPO_A_305,1,unimol,0.72449396,0.99618712,1.739862,0,0.96943591,16.24
261,2,15331,2190,6gck_EUB_A_302,1,unimol,0.72449396,0.99618712,1.739862,0,0.99210447,20.14
262,2,15352,2193,6gck_EUB_D_302,1,unimol,0.72449396,0.99618712,1.739862,0,0.99049962,26.89
263,2,17165,2452,6toj_NQQ_A_201,1,unimol,0.72449396,0.99618712,1.739862,0,0.98904011,26.06
264,2,17228,2461,6u6c_P1T_D_505,1,unimol,0.72449396,0.99618712,1.739862,0,0.92609289,23.07
265,2,2598,371,1sz6_NAG_B_5001,1,unimol,0.72449396,0.99573185,1.739862,0,0.9388798,15.94
266,2,17739,2534,7cwd_GLC_A_901,1,unimol,0.72449276,0.99567494,1.739862,0,0.99043121,25.07
267,2,575,82,1g79_PLP_A_270,1,unimol,0.72449091,0.99561803,1.739862,0,0.002583767,17.38
268,2,4607,658,2j5z_GAL_A_1278,1,unimol,0.72448725,0.99550421,1.739862,0,0.85290041,16.08
269,2,2913,416,1v03_BGC_A_1498,1,unimol,0.72432289,0.99490667,1.739862,0,0,17.14
270,2,4453,636,2huu_ALA_A_701,1,unimol,0.72432289,0.99490667,1.739862,0,0,23.67
271,2,9899,1414,4q3a_2YC_C_904,1,unimol,0.72432289,0.99490667,1.739862,0,0,18.25
272,2,12419,1774,5ijz_AKG_E_502,1,unimol,0.72432289,0.99490667,1.739862,0,0.90479394,35.01
273,2,12580,1797,5j5i_6GM_G_302,1,unimol,0.72432289,0.99490667,1.739862,0,0.98368478,20.5
274,2,13791,1970,5v7y_AKG_B_302,1,unimol,0.72432289,0.99490667,1.739862,0,0.89361154,20.14
275,2,14155,2022,5xmq_PLG_A_501,1,unimol,0.72432289,0.99490667,1.739862,0,0.9832718,24.13
276,2,15443,2206,6hmw_FUL_I_201,1,unimol,0.72432289,0.99490667,1.739862,0,0.96987268,21.82
277,2,15562,2223,6jc7_F0G_B_601,1,unimol,0.72432289,0.99490667,1.739862,0,0,21.22
278,2,17235,2462,6u6c_P1T_F_805,1,unimol,0.72432289,0.99490667,1.739862,0,0,26.51
279,2,7918,1131,4d2c_ALA_A_508,1,unimol,0.72432289,0.99436604,1.739862,0,0.97327179,25.56
280,3,4565,652,2iyq_SKM_A_201,1,unimol,0.93066753,0.99988586,2.0413296,0,0.96253333,18.67
281,3,5391,770,2vag_V25_A_1482,1,unimol,0.8102317,0.99965757,2.0413296,0,0.9788465,20.49
282,3,1289,184,1j54_TMP_A_2000,1,unimol,0.80919373,0.9996005,2.0413296,0,0,17.48
283,3,5986,855,2zce_PYL_A_601,1,unimol,0.75267015,0.99931515,2.0413296,0,0,23.56
284,3,9086,1298,4k5g_Q13_B_803,0,surfdock,0.74859576,0.999201,2.0413296,0,0.22522573,3.8466717
285,3,12034,1719,5g6k_M94_A_904,1,unimol,0.7387888,0.99905833,2.0413296,0,0.98335847,20.88
286,3,15856,2265,6lql_F0C_A_702,1,unimol,0.7387888,0.99905833,2.0413296,0,0,17.24
287,3,16122,2303,6ng5_KMD_A_803,1,unimol,0.7387888,0.99905833,2.0413296,0,0.9844779,20.83
288,3,16304,2329,6o2z_LJV_B_500,1,unimol,0.73878852,0.99891565,2.0413296,0,0,19.29
289,3,1996,285,1o28_UFP_A_703,1,unimol,0.73878779,0.99885858,2.0413296,0,0,20.46
290,3,8205,1172,4e7v_CRS_S_101,1,unimol,0.72565366,0.99874444,2.0413296,0,0.98539739,18.74
291,3,17794,2542,8icd_ICT_A_418,0,surfdock,0.72361351,0.99868736,2.0413296,0,0.86263823,2.6846625
292,3,11068,1581,5abz_Z47_A_201,1,unimol,0.71548479,0.9983164,2.0413296,0,0,19.9
293,3,11082,1583,5ack_SVQ_A_600,1,unimol,0.71548479,0.9983164,2.0413296,0,0.78258648,19.68
294,3,16661,2380,6qol_JB5_B_301,1,unimol,0.71548479,0.9983164,2.0413296,0,0.99321922,15.59
295,3,16668,2381,6qor_JBK_A_301,1,unimol,0.71548479,0.9983164,2.0413296,0,0.95783462,18.11
296,3,4908,701,2pin_LEG_B_502,1,unimol,0.7154695,0.99785983,2.0413296,0,0.77751899,25.51
297,3,12489,1784,5ita_6DC_B_801,1,unimol,0.7154695,0.99785983,2.0413296,0,0.98211419,20.33
298,3,13756,1965,5unt_8J1_A_803,1,unimol,0.7154695,0.99771716,2.0413296,0,0.98032046,25.26
299,3,10312,1473,4ugg_S5D_A_904,1,unimol,0.7154695,0.99766008,2.0413296,0,0.97986887,22.03
300,3,8,1,19gs_BSP_B_210,1,unimol,0.71490877,0.99748887,2.0413296,0,0.98854669,17.23
301,3,36,5,1ac4_TMT_A_296,1,unimol,0.71490877,0.92985961,2.0413296,0,0.98176216,17.91
302,3,43,6,1aej_NVI_A_296,1,unimol,0.71490877,0.92985961,2.0413296,0,0.98628294,15.89
303,3,50,7,1aia_PMP_B_411,1,unimol,0.71490877,0.92985961,2.0413296,0,0,22.7
304,3,57,8,1aiq_CB3_A_266,1,unimol,0.71490877,0.92985961,2.0413296,0,0,23.16
305,3,64,9,1aiq_UMP_A_265,1,unimol,0.71490877,0.92985961,2.0413296,0,0.81022196,15.39
306,3,71,10,1aiq_UMP_B_266,1,unimol,0.71490877,0.92985961,2.0413296,0,0,24.56
307,3,78,11,1aj8_CIT_A_1000,1,unimol,0.71490877,0.92985961,2.0413296,0,0.93700491,18.15
308,3,85,12,1aj8_CIT_B_2000,1,unimol,0.71490877,0.92985961,2.0413296,0,0.94422312,21.36
309,3,92,13,1ajs_PLA_A_415,1,unimol,0.71490877,0.92985961,2.0413296,0,0.96056931,23.23
310,3,99,14,1amq_PMP_A_413,1,unimol,0.71490877,0.92985961,2.0413296,0,0,21.37
311,3,120,17,1aog_MAE_A_500,1,unimol,0.71490877,0.92985961,2.0413296,0,0,22.38
312,3,127,18,1aog_MAE_A_501,1,unimol,0.71490877,0.92985961,2.0413296,0,0.89660671,18.95
313,3,134,19,1aua_BOG_A_1,1,unimol,0.71490877,0.92985961,2.0413296,0,0,21.57
314,3,141,20,1axg_ETF_A_404,1,unimol,0.71490877,0.92985961,2.0413296,0,0.95193289,21.96
315,3,169,24,1bo8_U_A_318,1,unimol,0.71490877,0.92985961,2.0413296,0,0,22.23
316,3,183,26,1c3s_SHH_A_952,1,unimol,0.71490877,0.92985961,2.0413296,0,0.90306974,20.96
317,3,190,27,1c9c_PP3_A_413,1,unimol,0.71490877,0.92985961,2.0413296,0,0,21.24
318,3,218,31,1cib_HDA_A_437,1,unimol,0.71490877,0.92985961,2.0413296,0,0.93051469,21.74
319,3,225,32,1cib_IMP_A_440,1,unimol,0.71490877,0.92985961,2.0413296,0,0,15.34
320,3,232,33,1ck6_SHA_A_900,1,unimol,0.71490877,0.92985961,2.0413296,0,0.98775244,18.91
321,3,239,34,1cq1_BGC_A_455,1,unimol,0.71490877,0.92985961,2.0413296,0,0.96862762,23.23
322,3,246,35,1d3g_ORO_A_399,1,unimol,0.71490877,0.92985961,2.0413296,0,0,17.3
323,3,260,37,1d6u_HY1_B_3001,1,unimol,0.71490877,0.92985961,2.0413296,0,0.99613863,23.85
324,3,281,40,1d7a_AIR_B_350,1,unimol,0.71490877,0.92985961,2.0413296,0,0.88806388,19.49
325,3,288,41,1daf_DSD_A_225,1,unimol,0.71490877,0.92985961,2.0413296,0,0.98706643,21.08
326,3,295,42,1dai_DSD_A_225,1,unimol,0.71490877,0.92985961,2.0413296,0,0.98709623,17.61
327,3,302,43,1dna_CB3_A_601,1,unimol,0.71490877,0.92985961,2.0413296,0,0,28.43
328,3,309,44,1dpm_EBP_A_900,1,unimol,0.71490877,0.92985961,2.0413296,0,0.74387868,20.91
329,3,316,45,1dpm_EBP_B_902,1,unimol,0.71490877,0.92985961,2.0413296,0,0.91797723,21.44
330,4,8884,1269,4ioq_BAQ_A_201,1,unimol,0.87395604,0.99994277,5.3304358,0,0.98961076,14.19
331,4,8547,1221,4hez_1MZ_A_307,0,surfdock,0.73345357,0.99977106,4.6963916,0,0.076795885,1.8764846
332,4,3626,518,2a5t_GLU_B_2002,0,surfdock,0.72214703,0.99965659,4.9745936,0,0,2.5043057
333,4,17038,2434,6t0a_M58_B_601,0,surfdock,0.72214642,0.99957074,3.4518468,0,0.88004269,2.4306977
334,4,15036,2148,6f2v_AMP_A_1001,0,surfdock,0.70757063,0.99937042,4.9428334,0,0,3.873853
335,4,10389,1484,4uzi_IMD_B_1455,1,unimol,0.69068819,0.99885531,4.0865607,0,0.64089495,22.48
336,4,176,25,1bqp_MAN_C_402,1,unimol,0.68300848,0.93111836,3.2745564,0,0.97204432,20.81
337,4,323,46,1dpm_EBP_B_903,1,unimol,0.68300848,0.93111836,4.3996539,0,0.97920817,24.08
338,4,330,47,1duc_DUD_A_201,1,unimol,0.68300848,0.93111836,3.5689626,0,0,25.95
339,4,344,49,1e2j_THM_A_500,1,unimol,0.68300848,0.93111836,5.708169,0,0,20.92
340,4,351,50,1e2j_THM_B_500,1,unimol,0.68300848,0.93111836,5.5387988,0,0,17.99
341,4,386,55,1e8m_P0H_A_724,1,unimol,0.68300848,0.93111836,4.598597,0,0.88926204,22.99
342,4,407,58,1eyw_PEL_A_404,1,unimol,0.68300848,0.93111836,3.6130157,0,0.96758981,17.15
343,4,414,59,1eyw_TEN_A_403,1,unimol,0.68300848,0.93111836,4.4931922,0,0,24.08
344,4,645,92,1gkc_NFH_B_1449,1,unimol,0.68300848,0.93111836,3.7773907,0,0.93849705,23.14
345,4,932,133,1h69_ARH_A_1275,1,unimol,0.68300848,0.93111836,5.7523909,0,0,22.69
346,4,939,134,1h69_ARH_B_1275,1,unimol,0.68300848,0.93111836,5.7547188,0,0,24.7
347,4,946,135,1h69_ARH_C_1275,1,unimol,0.68300848,0.93111836,5.7628794,0,0,22.05
348,4,1016,145,1hkn_N2M_C_4138,1,unimol,0.68300848,0.93111836,2.8774488,0,0.98289347,17.54
349,4,1023,146,1hkn_N2M_D_5139,1,unimol,0.68300848,0.93111836,2.884218,0,0.25884882,22.77
350,4,1233,176,1j0y_BGC_A_1601,1,unimol,0.68300848,0.93111836,5.1160512,0,0.97425925,22.46
351,4,1240,177,1j0y_BGC_B_2601,1,unimol,0.68300848,0.93111836,5.0266337,0,0.98244992,24.28
352,4,1247,178,1j0y_BGC_C_3601,1,unimol,0.68300848,0.93111836,5.1160512,0,0.97767278,21.37
353,4,1310,187,1jho_NIO_A_991,1,unimol,0.68300848,0.93111836,2.9425194,0,0.99493667,20.53
354,4,1324,189,1jhv_PCR_A_990,1,unimol,0.68300848,0.93111836,3.4471569,0,0.99501148,20.84
355,4,1415,202,1k8z_IAG_A_501,1,unimol,0.68300848,0.93111836,5.2488217,0,0.96225639,21.73
356,4,1436,205,1kbq_936_A_703,1,unimol,0.68300848,0.93111836,5.8252945,0,0.98181182,22.38
357,4,1443,206,1kbq_936_B_704,1,unimol,0.68300848,0.93111836,5.7934775,0,0.98518428,20.74
358,5,603,86,1gck_PLP_A_413,1,unimol,0.67809951,0.93206833,2.281095,0,0,23.69
359,5,610,87,1gck_PLP_B_913,1,unimol,0.67809951,0.93206833,2.4526961,0,0,19.65
360,5,659,94,1gxu_2HP_A_1092,1,unimol,0.67809951,0.93206833,3.6688764,0,0.62895653,13.95
361,5,1030,147,1ho5_ADN_A_1604,1,unimol,0.67809951,0.93206833,2.1800385,0,0.94587035,23.07
362,5,1072,153,1hsr_BHO_A_800,1,unimol,0.67809951,0.93206833,2.1800385,0,0.99188539,21.33
363,5,1506,215,1klz_U_A_2001,1,unimol,0.67809951,0.93206833,3.7387917,0,0,24.37
364,5,1597,228,1l4n_NIO_A_991,1,unimol,0.67809951,0.93206833,3.6623681,0,0.99500638,18.64
365,5,1639,234,1lnf_VAL_E_1321,1,unimol,0.67809951,0.93206833,3.6120133,0,0,22.41
366,5,1646,235,1lo3_AN1_Y_500,1,unimol,0.67809951,0.93206833,2.4628494,0,0.97975166,18.98
367,5,2353,336,1q4g_BFL_A_701,1,unimol,0.67809951,0.93206833,2.1800385,0,0.9863461,23.75
368,5,2360,337,1q4g_BFL_B_1701,1,unimol,0.67809951,0.93206833,2.1800385,0,0.9888112,18.84
369,5,2465,352,1rum_BEZ_H_1601,1,unimol,0.67809951,0.93206833,3.8963645,0,0.9750919,15.75
370,5,2493,356,1s2c_FLF_A_2002,1,unimol,0.67809951,0.93206833,3.1278534,0,0.93205554,18.34
371,5,2787,398,1tuu_PIS_B_2854,1,unimol,0.67809951,0.93206833,3.1610677,0,0.89805393,21.12
372,5,2878,411,1ubs_SER_B_398,1,unimol,0.67809951,0.93206833,3.775831,0,0.94124263,22.03
373,5,2976,425,1vl1_CIT_A_300,1,unimol,0.67809951,0.93206833,2.1800385,0,0.9080658,23.37
374,5,3403,486,1zb6_GST_A_502,1,unimol,0.67809951,0.93206833,3.3006835,0,0.91291662,24.2
375,5,3669,524,2ahc_VNL_A_166,1,unimol,0.67809951,0.93206833,4.0195265,0,0.99258572,22.29
376,5,3676,525,2ahc_VNL_C_366,1,unimol,0.67809951,0.93206833,4.0456686,0,0.99022294,15.83
377,5,3683,526,2ahc_VNL_D_466,1,unimol,0.67809951,0.93206833,3.9402094,0,0,16.72
378,5,3697,528,2aiq_BEN_A_401,1,unimol,0.67809951,0.93206833,2.1800385,0,0.98338686,18.68
379,5,3788,541,2bjf_DXC_A_330,1,unimol,0.67809951,0.93206833,2.797312,0,0.98847693,20.05
380,5,3795,542,2bk3_FOF_A_1503,1,unimol,0.67809951,0.93206833,3.350472,0,0.9905141,27.89
381,5,3802,543,2bk3_FOF_B_1498,1,unimol,0.67809951,0.93206833,3.350472,0,0.98677395,24.21
382,5,3844,549,2bx7_34D_B_1313,1,unimol,0.67809951,0.93206833,3.610214,0,0.86320922,16.28
383,5,3851,550,2bxh_IOS_A_1001,1,unimol,0.67809951,0.93206833,2.8707371,0,0.98585939,18.25
384,5,3858,551,2bxh_IOS_A_1002,1,unimol,0.67809951,0.93206833,2.68104,0,0,19.48
385,5,3865,552,2bxh_IOS_B_1002,1,unimol,0.67809951,0.93206833,2.5999639,0,0.92637842,28.22
386,5,3949,564,2caq_GSH_A_1208,1,unimol,0.67809951,0.93206833,3.1320412,0,0,19.08
387,5,4138,591,2f78_BEZ_A_1003,1,unimol,0.67809951,0.93206833,2.1800385,0,0.99297058,15.91
388,5,4145,592,2f78_BEZ_B_1004,1,unimol,0.67809951,0.93206833,2.1800385,0,0.99145624,23.28
389,5,4152,593,2f78_BEZ_B_1005,1,unimol,0.67809951,0.93206833,2.1800385,0,0.98672432,17.7
390,5,4201,600,2fhk_MFN_C_601,1,unimol,0.67809951,0.93206833,2.7637556,0,0.97345808,32.26
391,5,4236,605,2fr6_URI_B_1002,1,unimol,0.67809951,0.93206833,3.6128566,0,0,23.56
392,5,4257,608,2fyd_BGC_B_403,1,unimol,0.67809951,0.93206833,3.8118477,0,0,18.62
393,5,4264,609,2fyd_BGC_D_530,1,unimol,0.67809951,0.93206833,3.7453237,0,0.98317917,23.21
394,5,4348,621,2gn2_C5P_A_400,1,unimol,0.67809951,0.93206833,2.1800385,0,0.96464922,21.87
395,5,4369,624,2gx5_PCG_C_514,1,unimol,0.67809951,0.93206833,2.9961724,0,0,20.92
396,5,4446,635,2htu_BCZ_A_801,1,unimol,0.67809951,0.93206833,2.1800385,0,0,23.01
397,5,4600,657,2j5b_TYE_B_1338,1,unimol,0.67809951,0.93206833,2.8100526,0,0.95071983,18.52
398,5,4719,674,2ntk_IMP_A_205,1,unimol,0.67809951,0.93206833,2.1800385,0,0,19.14
399,5,4726,675,2ntk_IMP_C_207,1,unimol,0.67809951,0.93206833,2.1800385,0,0,20.09
400,5,4733,676,2ntk_IMP_D_208,1,unimol,0.67809951,0.93206833,2.1800385,0,0,18.14
401,5,5041,720,2q6m_P34_A_1002,1,unimol,0.67809951,0.93206833,4.1337724,0,0,20.68
402,5,5188,741,2qvr_FDP_A_333,1,unimol,0.67809951,0.93206833,2.7045,0,0,21.82
403,5,5223,746,2r0g_7CK_B_1357,1,unimol,0.67809951,0.93206833,2.1800385,0,0.98391776,23.7
404,5,5237,748,2r4t_250_A_503,1,unimol,0.67809951,0.93206833,3.7235177,0,0,23
405,5,5258,751,2rbu_273_X_4001,1,unimol,0.67809951,0.93206833,2.1800385,0,0.9861965,21.2
406,5,5307,758,2uuj_896_B_1250,1,unimol,0.67809951,0.93206833,2.3414028,0,0.98661085,22.2
407,5,5517,788,2w5t_GP9_A_1644,1,unimol,0.67809951,0.93206833,2.1800385,0,0.22158762,17.62
408,6,9941,1420,4qe1_RUU_A_403,1,unimol,0.84077283,1,2.2890637,0,0,21.11
409,6,10781,1540,4zbc_GLC_A_407,1,unimol,0.66551047,0.99870645,3.9865701,0,0.038054895,19.86
410,6,10802,1543,4zbc_GLC_B_407,1,unimol,0.66551047,0.99870645,3.8398106,0,0,20.03
411,6,29,4,1a9r_HPA_A_290,1,unimol,0.6650537,0.99833276,3.7404635,0,0,23.95
412,6,155,22,1bit_BEN_A_246,1,unimol,0.6650537,0.93310912,3.106616,0,0.94326616,19.15
413,6,162,23,1bit_BEN_A_247,1,unimol,0.6650537,0.93310912,2.2890637,0,0.83814091,18.28
414,6,337,48,1dy3_87Y_A_201,1,unimol,0.6650537,0.93310912,2.3377366,0,0.97766173,23.26
415,6,393,56,1ei6_PPF_C_413,1,unimol,0.6650537,0.93310912,2.5470576,0,0.85570918,22.07
416,6,428,61,1fdk_GLE_A_150,1,unimol,0.6650537,0.93310912,2.5452883,0,0,32.18
417,6,435,62,1fds_EST_A_350,1,unimol,0.6650537,0.93310912,4.1186047,0,0.83103234,21.76
418,6,442,63,1fhv_OSB_A_789,1,unimol,0.6650537,0.93310912,2.7307482,0,0.94487042,18.03
419,6,491,70,1fsa_F6P_A_338,1,unimol,0.6650537,0.93310912,2.8274648,0,0.91052122,21.28
420,6,498,71,1fsa_F6P_B_338,1,unimol,0.6650537,0.93310912,2.6987021,0,0.97265526,23.86
421,6,666,95,1gz5_G6P_B_901,1,unimol,0.6650537,0.93310912,4.306869,0,0.9722514,19.8
422,6,673,96,1gz5_G6P_C_901,1,unimol,0.6650537,0.93310912,4.2482672,0,0.95979779,22.32
423,6,680,97,1gz5_G6P_D_901,1,unimol,0.6650537,0.93310912,4.306869,0,0.97549452,23.21
424,6,687,98,1gz5_UDP_C_900,1,unimol,0.6650537,0.93310912,3.719451,0,0.95589697,22.34
425,6,694,99,1gz5_UDP_D_900,1,unimol,0.6650537,0.93310912,3.7214797,0,0.96637626,26.67
426,6,708,101,1h18_DTL_B_9009,1,unimol,0.6650537,0.93310912,4.1643105,0,0,19.24
427,6,862,123,1h5r_G1P_B_1294,1,unimol,0.6650537,0.93310912,2.9066052,0,0.94365805,25.65
428,6,869,124,1h5r_G1P_D_1294,1,unimol,0.6650537,0.93310912,2.9070191,0,0,25.32
429,6,876,125,1h5r_THM_A_1292,1,unimol,0.6650537,0.93310912,3.5665028,0,0,17.44
430,6,883,126,1h5r_THM_A_1293,1,unimol,0.6650537,0.93310912,3.6140027,0,0,22.04
431,6,890,127,1h5r_THM_B_1292,1,unimol,0.6650537,0.93310912,3.5956755,0,0,19.7
432,6,897,128,1h5r_THM_B_1293,1,unimol,0.6650537,0.93310912,3.6195157,0,0,19.07
433,6,904,129,1h5r_THM_C_1292,1,unimol,0.6650537,0.93310912,3.5956755,0,0,21.46
434,6,911,130,1h5r_THM_C_1293,1,unimol,0.6650537,0.93310912,3.5792432,0,0,22.99
435,6,918,131,1h5r_THM_D_1292,1,unimol,0.6650537,0.93310912,3.5956755,0,0,21.22
436,6,925,132,1h5r_THM_D_1293,1,unimol,0.6650537,0.93310912,3.6048307,0,0,18.92
437,6,953,136,1h70_CIR_A_500,1,unimol,0.6650537,0.93310912,2.2890637,0,0,19.18
438,6,1051,150,1hq2_PH2_A_181,1,unimol,0.6650537,0.93310912,3.9343107,0,0.96316756,18.5
439,6,1156,165,1isx_XYP_A_1461,1,unimol,0.6650537,0.93310912,2.3506269,0,0.96506034,15.52
440,6,1163,166,1isx_XYP_B_961,1,unimol,0.6650537,0.93310912,2.3506269,0,0.97208371,20.65
441,6,1198,171,1iwe_IMP_A_460,1,unimol,0.6650537,0.93310912,2.2890637,0,0,22.56
442,6,1205,172,1iwe_IMP_B_1443,1,unimol,0.6650537,0.93310912,2.2890637,0,0,23.26
443,6,1212,173,1iwe_IMP_B_1452,1,unimol,0.6650537,0.93310912,2.2890637,0,0,20.09
444,6,1331,190,1jl0_PUT_A_401,1,unimol,0.6650537,0.93310912,3.165884,0,0.90215522,17.63
445,6,1338,191,1jl0_PUT_B_401,1,unimol,0.6650537,0.93310912,3.165884,0,0.92266115,21.08
446,6,1345,192,1jla_TNK_A_999,1,unimol,0.6650537,0.93310912,2.2890637,0,0,22.97
447,6,1422,203,1kar_HSM_A_502,1,unimol,0.6650537,0.93310912,3.7556281,0,0,32.35
448,6,1429,204,1kar_HSM_B_503,1,unimol,0.6650537,0.93310912,3.877284,0,0.97095689,19.41
449,6,1527,218,1kuj_MMA_A_501,1,unimol,0.6650537,0.93310912,2.2890637,0,0.94941724,21.37
450,6,1534,219,1kuj_MMA_C_502,1,unimol,0.6650537,0.93310912,2.2890637,0,0.94943352,21.97
451,6,1541,220,1kuj_MMA_E_503,1,unimol,0.6650537,0.93310912,2.2890637,0,0.96051019,24
452,6,1709,244,1luq_BTN_A_5100,1,unimol,0.6650537,0.93310912,2.2890637,0,0,22.33
453,6,1716,245,1luq_BTN_B_5200,1,unimol,0.6650537,0.93310912,2.2890637,0,0.96500406,22.61
454,6,1786,255,1m7p_G3H_A_5401,1,unimol,0.6650537,0.93310912,3.6304185,0,0.97335821,19.27
455,6,1793,256,1m7p_G3H_B_6401,1,unimol,0.6650537,0.93310912,3.6749032,0,0.96292308,17.14
456,6,1856,265,1msv_PUT_A_355,1,unimol,0.6650537,0.93310912,3.4114022,0,0.91784837,21.86
457,6,1870,267,1n1i_HIS_C_501,1,unimol,0.6650537,0.93310912,2.2890637,0,0,17.5
458,7,5048,721,2qab_EI1_B_1,1,unimol,0.63849909,0.99916398,2.4286778,0,0.98596643,24.67
459,7,15975,2282,6mry_FLC_I_102,1,unimol,0.6380538,0.99881804,2.4286778,0,0.29354884,29.89
460,7,267,38,1d6u_PEA_A_2003,1,unimol,0.63790245,0.93447302,2.4286778,0,0.97472167,20.41
461,7,365,52,1e5f_PLP_A_405,1,unimol,0.63790245,0.93447302,2.4286778,0,0,21.47
462,7,456,65,1fm8_DDC_A_501,1,unimol,0.63790245,0.93447302,2.4286778,0,0.99245385,21.24
463,7,652,93,1gsi_TMP_A_1210,1,unimol,0.63790245,0.93447302,2.4286778,0,0,17.44
464,7,736,105,1h1i_QUE_A_1358,1,unimol,0.63790245,0.93447302,2.866303,0,0.99337223,23.91
465,7,743,106,1h1i_QUE_B_1356,1,unimol,0.63790245,0.93447302,2.4286778,0,0,18.14
466,7,750,107,1h1i_QUE_C_1358,1,unimol,0.63790245,0.93447302,2.4286778,0,0,23.43
467,7,757,108,1h1m_KMP_B_1358,1,unimol,0.63790245,0.93447302,2.4286778,0,0.99018301,23.67
468,7,764,109,1h1m_KMP_C_1358,1,unimol,0.63790245,0.93447302,2.4286778,0,0.98772055,21.3
469,7,813,116,1h48_CDI_A_201,1,unimol,0.63790245,0.93447302,2.4286778,0,0,22.48
470,7,820,117,1h48_CDI_B_902,1,unimol,0.63790245,0.93447302,2.4286778,0,0.96987863,16.88
471,7,834,119,1h48_CDI_D_201,1,unimol,0.63790245,0.93447302,2.4286778,0,0.91815537,17.56
472,7,841,120,1h48_CDI_E_902,1,unimol,0.63790245,0.93447302,2.4286778,0,0.97437693,21.32
473,7,848,121,1h48_CDI_F_902,1,unimol,0.63790245,0.93447302,2.4286778,0,0,19.8
474,7,855,122,1h48_GPP_C_904,1,unimol,0.63790245,0.93447302,2.4286778,0,0.051061276,26.81
475,7,981,140,1h8p_PC_A_1110,1,unimol,0.63790245,0.93447302,2.7399764,0,0.87982616,21.77
476,7,988,141,1h8p_PC_A_1111,1,unimol,0.63790245,0.93447302,2.8669012,0,0.90533677,28.01
477,7,995,142,1h8p_PC_B_1110,1,unimol,0.63790245,0.93447302,2.7611434,0,0.91480008,23.86
478,7,1002,143,1h8p_PC_B_1111,1,unimol,0.63790245,0.93447302,2.8280294,0,0.9354496,17.32
479,7,1086,155,1ia1_TQ3_A_194,1,unimol,0.63790245,0.93447302,2.4286778,0,0,20.61
480,7,1268,181,1j3i_WRA_A_609,1,unimol,0.63790245,0.93447302,2.4286778,0,0.99015522,23.9
481,7,1296,185,1ja9_PYQ_A_406,1,unimol,0.63790245,0.93447302,2.4286778,0,0.97089405,18.34
482,7,1499,214,1klk_PMD_A_653,1,unimol,0.63790245,0.93447302,2.4286778,0,0.98386265,23.55
483,7,1513,216,1km6_OMP_A_2001,1,unimol,0.63790245,0.93447302,2.4286778,0,0,15.8
484,7,1548,221,1kwc_BPY_B_401,1,unimol,0.63790245,0.93447302,2.4286778,0,0.99116452,15.83
485,7,1653,236,1lqp_FCN_A_4002,1,unimol,0.63790245,0.93447302,2.6254301,0,0,21.4
486,7,1660,237,1lqp_FCN_A_4004,1,unimol,0.63790245,0.93447302,2.8452463,0,0,20.6
487,7,1667,238,1lqp_FCN_B_4001,1,unimol,0.63790245,0.93447302,2.6254301,0,0,18.33
488,7,1674,239,1lqp_FCN_B_4003,1,unimol,0.63790245,0.93447302,2.8452463,0,0,22.04
489,7,1723,246,1lzz_IHG_A_830,1,unimol,0.63790245,0.93447302,2.4286778,0,0.92919724,17.55
490,7,1730,247,1lzz_IHG_B_1830,1,unimol,0.63790245,0.93447302,2.4286778,0,0.9348825,23.75
491,7,1800,257,1m9j_CLW_A_906,1,unimol,0.63790245,0.93447302,2.4286778,0,0,22.73
492,7,1807,258,1m9j_CLW_B_907,1,unimol,0.63790245,0.93447302,2.4286778,0,0,21.6
493,7,1835,262,1moo_4MZ_A_264,1,unimol,0.63790245,0.93447302,2.4286778,0,0,18.15
494,7,1842,263,1moo_4MZ_A_265,1,unimol,0.63790245,0.93447302,2.4286778,0,0,15.86
495,7,1926,275,1nme_159_B_9002,1,unimol,0.63790245,0.93447302,2.8166292,0,0.96439468,19.69
496,7,2038,291,1o2i_655_A_246,1,unimol,0.63790245,0.93447302,2.8452733,0,0,21.47
497,7,2059,294,1o6g_SIN_A_724,1,unimol,0.63790245,0.93447302,2.4286778,0,0.91780026,21.2
498,7,2199,314,1pl6_572_A_405,1,unimol,0.63790245,0.93447302,2.4286778,0,0.95325612,19.46
499,7,2206,315,1pl6_572_B_407,1,unimol,0.63790245,0.93447302,2.4286778,0,0.94468091,29.62
500,7,2213,316,1pl6_572_C_409,1,unimol,0.63790245,0.93447302,2.4286778,0,0.958854,23.22
501,7,2220,317,1pl6_572_D_411,1,unimol,0.63790245,0.93447302,2.4286778,0,0.95630496,25.19
502,7,2283,326,1pwz_RSO_A_256,1,unimol,0.63790245,0.93447302,2.4286778,0,0.95304311,16.54
503,7,2290,327,1pwz_RSO_B_256,1,unimol,0.63790245,0.93447302,2.4286778,0,0.93489993,15.09
504,7,2332,333,1q3a_NGH_A_480,1,unimol,0.63790245,0.93447302,3.0187042,0,0.85950608,22.86
505,7,2339,334,1q3a_NGH_B_479,1,unimol,0.63790245,0.93447302,2.9442916,0,0.95346286,21.68
506,7,2346,335,1q3a_NGH_C_481,1,unimol,0.63790245,0.93447302,2.9258959,0,0,31.09
507,7,2367,338,1q6r_LX1_A_7301,1,unimol,0.63790245,0.93447302,2.4286778,0,0,18.31
508,8,8989,1284,4j7u_YTZ_C_802,1,unimol,0.63102914,0.99924829,4.4043589,0,0.95107983,21.13
509,8,9598,1371,4ni1_2JX_A_203,1,unimol,0.62633787,0.99884353,3.9986413,0,0,17.55
510,8,15,2,1a49_OXL_A_533,1,unimol,0.62623482,0.93575807,3.7494335,0,0.93781074,28.33
511,8,22,3,1a49_OXL_F_4133,1,unimol,0.62623482,0.93575807,3.7122519,0,0.87115368,33.36
512,8,148,21,1bcs_ARG_A_426,1,unimol,0.62623482,0.93575807,2.4786506,0,0,20.35
513,8,505,72,1fuq_CIT_A_1001,1,unimol,0.62623482,0.93575807,4.362772,0,0.89260135,21.99
514,8,512,73,1fuq_CIT_B_1002,1,unimol,0.62623482,0.93575807,4.3067403,0,0.9669304,37.81
515,8,1121,160,1iki_REY_A_400,1,unimol,0.62623482,0.93575807,4.2493534,0,0,18.93
516,8,1352,193,1jtk_THU_A_138,1,unimol,0.62623482,0.93575807,2.4786506,0,0.95567749,19.1
517,8,1576,225,1kya_XYD_D_814,1,unimol,0.62623482,0.93575807,3.990927,0,0.97004199,20.24
518,8,2073,296,1om5_INE_A_790,1,unimol,0.62623482,0.93575807,3.04725,0,0.98684058,23.15
519,8,2080,297,1om5_INE_B_791,1,unimol,0.62623482,0.93575807,3.0564778,0,0.98772575,18.72
520,8,2171,310,1pi3_TZD_A_530,1,unimol,0.62623482,0.93575807,3.9999096,0,0,25.82
521,8,2619,374,1t87_CAM_A_1422,1,unimol,0.62623482,0.93575807,2.4786506,0,0.98911503,19.79
522,8,2640,377,1tf8_TRP_A_911,1,unimol,0.62623482,0.93575807,2.970922,0,0,41.44
523,8,2647,378,1tf8_TRP_A_913,1,unimol,0.62623482,0.93575807,2.5490222,0,0,22.25
524,8,2794,399,1tvw_CB3_A_318,1,unimol,0.62623482,0.93575807,2.8103139,0,0,26.67
525,8,2822,403,1u1g_BBB_A_3300,1,unimol,0.62623482,0.93575807,4.4420013,0,0.9690152,29.51
526,8,2850,407,1u1g_BBB_E_7300,1,unimol,0.62623482,0.93575807,4.4420013,0,0,28.56
527,8,2920,417,1v3v_5OP_A_1360,1,unimol,0.62623482,0.93575807,2.4786506,0,0.98622764,20.61
528,8,2927,418,1v3v_5OP_B_2360,1,unimol,0.62623482,0.93575807,2.4786506,0,0.98491371,15.9
529,8,2934,419,1v5g_HTL_A_1602,1,unimol,0.62623482,0.93575807,4.3626213,0,0,27.26
530,8,2948,421,1vje_MSE_A_301,1,unimol,0.62623482,0.93575807,2.4786506,0,0.96711162,18.29
531,8,2955,422,1vje_MSE_A_401,1,unimol,0.62623482,0.93575807,2.4786506,0,0.89802039,18.57
532,8,2983,426,1vzd_CB3_A_318,1,unimol,0.62623482,0.93575807,2.8668468,0,0,29.27
533,8,3158,451,1x8i_BMH_A_2,1,unimol,0.62623482,0.93575807,2.6085165,0,0,27.76
534,8,3172,453,1xc7_GL6_A_998,1,unimol,0.62623482,0.93575807,3.9693148,0,0.97966028,26.49
535,8,3389,484,1z8p_DEB_A_420,1,unimol,0.62623482,0.93575807,2.4786506,0,0,24.95
536,9,357,51,1e2s_CSN_P_701,0,surfdock,0.67436498,0.99971041,2.4931455,0,0.89353797,2.9647421
537,9,3815,545,2bs3_CIT_A_1657,0,surfdock,0.62905003,0.99953666,2.4931455,0,0,3.0046197
538,9,1,0,19gs_BSP_A_210,1,unimol,0.62009602,0.99895749,2.4931455,0,0.98557239,13.75
539,9,400,57,1euu_GAL_A_2,1,unimol,0.62009602,0.9366964,2.4931455,0,0.74695083,22.85
540,9,470,67,1fqo_F6R_A_1268,1,unimol,0.62009602,0.9366964,2.4931455,0,0,21.68
541,9,477,68,1fqo_F6R_B_2268,1,unimol,0.62009602,0.9366964,2.4931455,0,0.94831394,20.11
542,9,484,69,1fs5_16G_B_2267,1,unimol,0.62009602,0.9366964,2.4931455,0,0,33.61
543,9,519,74,1fuy_FIP_A_269,1,unimol,0.62009602,0.9366964,2.4931455,0,0.97591356,24.79
544,9,547,78,1g6n_CMP_A_621,1,unimol,0.62009602,0.9366964,2.4931455,0,0.99572185,23.26
545,9,554,79,1g6n_CMP_B_622,1,unimol,0.62009602,0.9366964,2.4931455,0,0.99243928,17.44
546,9,624,89,1gij_2PU_A_501,1,unimol,0.62009602,0.9366964,2.4931455,0,0,21.62
547,9,722,103,1h18_PYR_A_1001,1,unimol,0.62009602,0.9366964,2.4931455,0,0.98341294,21.49
548,9,729,104,1h18_PYR_B_1001,1,unimol,0.62009602,0.9366964,2.4931455,0,0,19.04
549,9,960,137,1h82_GZZ_A_590,1,unimol,0.62009602,0.9366964,2.4931455,0,0.94736517,42.24
550,9,967,138,1h82_GZZ_B_590,1,unimol,0.62009602,0.9366964,2.4931455,0,0.96076084,37.09
551,9,974,139,1h82_GZZ_C_590,1,unimol,0.62009602,0.9366964,2.4931455,0,0.95350798,41.71
552,9,1044,149,1hot_16G_B_271,1,unimol,0.62009602,0.9366964,2.4931455,0,0.968443,25.19
553,9,1058,151,1hsb_ALA_A_1001,1,unimol,0.62009602,0.9366964,2.4931455,0,1.1247562e-05,22.46
554,9,1065,152,1hsb_ALA_C_1,1,unimol,0.62009602,0.9366964,2.4931455,0,0,18.11
555,9,1079,154,1i8a_BGC_A_189,1,unimol,0.62009602,0.9366964,2.4931455,0,0.89975852,19.59
556,9,1114,159,1iki_DAL_A_500,1,unimol,0.62009602,0.9366964,2.4931455,0,0,15.01
557,9,1142,163,1iri_E4P_C_603,1,unimol,0.62009602,0.9366964,2.4931455,0,0.96082443,25.41
558,9,1149,164,1iri_E4P_D_604,1,unimol,0.62009602,0.9366964,2.4931455,0,0.97216147,28.89
559,9,1170,167,1itw_ICT_A_743,1,unimol,0.62009602,0.9366964,2.4931455,0,0.92865869,30.49
560,9,1177,168,1itw_ICT_B_744,1,unimol,0.62009602,0.9366964,2.4931455,0,0.92113103,27.39
561,9,1184,169,1itw_ICT_C_743,1,unimol,0.62009602,0.9366964,2.4931455,0,0.83316803,26.4
562,9,1191,170,1itw_ICT_D_743,1,unimol,0.62009602,0.9366964,2.4931455,0,0.78255559,25.1
563,9,1219,174,1ixo_G3P_A_1001,1,unimol,0.62009602,0.9366964,2.4931455,0,0,24.24
564,9,1226,175,1ixo_G3P_B_1002,1,unimol,0.62009602,0.9366964,2.4931455,0,0,24.29
565,9,1359,194,1jyw_147_A_2001,1,unimol,0.62009602,0.9366964,2.4931455,0,0.96233771,34.58
566,9,1366,195,1jyw_147_C_2001,1,unimol,0.62009602,0.9366964,2.4931455,0,0.96856532,28.06
567,9,1373,196,1jyx_IPT_A_2001,1,unimol,0.62009602,0.9366964,2.4931455,0,0.97448388,32.91
568,9,1380,197,1jyx_IPT_A_2002,1,unimol,0.62009602,0.9366964,2.4931455,0,0.97431897,33.04
569,9,1387,198,1jyx_IPT_B_2001,1,unimol,0.62009602,0.9366964,2.4931455,0,0.96488624,30.93
570,9,1394,199,1jyx_IPT_D_2001,1,unimol,0.62009602,0.9366964,2.4931455,0,0.9567982,29.89
571,9,1401,200,1jyx_IPT_D_2002,1,unimol,0.62009602,0.9366964,2.4931455,0,0.96610554,26.4
572,9,1464,209,1kdo_C_B_6407,1,unimol,0.62009602,0.9366964,2.4931455,0,0.96558044,18.16
573,9,1471,210,1kep_TDX_A_3500,1,unimol,0.62009602,0.9366964,2.4931455,0,0,18.84
574,9,1618,231,1lc8_33P_A_800,1,unimol,0.62009602,0.9366964,2.4931455,0,0,24.94
575,9,1814,259,1mex_RAC_H_601,1,unimol,0.62009602,0.9366964,2.4931455,0,0.98557876,18.74
576,9,1989,284,1nux_F6P_A_2339,1,unimol,0.62009602,0.9366964,2.4931455,0,0.96440473,19.73
577,9,2066,295,1okm_SAB_A_555,1,unimol,0.62009602,0.9366964,2.4931455,0,0.98194388,21.29
578,9,2094,299,1ov5_2LP_A_403,1,unimol,0.62009602,0.9366964,2.4931455,0,0.99478198,16.45
579,9,2101,300,1ovk_NYL_A_405,1,unimol,0.62009602,0.9366964,2.4931455,0,0.98703406,18.5
580,9,2108,301,1owz_4FA_A_409,1,unimol,0.62009602,0.9366964,2.4931455,0,0.97461893,15.04
581,9,2115,302,1oxp_IK2_A_411,1,unimol,0.62009602,0.9366964,2.4931455,0,0.94966152,21.62
582,9,2129,304,1p5g_G6P_X_658,1,unimol,0.62009602,0.9366964,2.4931455,0,0.89572445,22.63
583,9,2136,305,1p7l_MET_B_385,1,unimol,0.62009602,0.9366964,2.4931455,0,0,19.67
584,9,2143,306,1p7l_PPK_C_684,1,unimol,0.62009602,0.9366964,2.4931455,0,0,23.33
585,9,2150,307,1p7l_PPK_D_884,1,unimol,0.62009602,0.9366964,2.4931455,0,0.8086712,20.71
586,10,5622,803,2wu4_HBP_B_1545,1,unimol,0.63627445,0.99941914,6.3487911,0,0.98260099,24.55
587,10,1317,188,1jho_RMB_A_990,1,unimol,0.6280065,0.93805181,4.7464027,0,0,19.71
588,10,2157,308,1pbd_PAB_A_396,1,unimol,0.6280065,0.93805181,4.46766,0,0.98465301,22.17
589,10,2416,345,1r4s_MUA_A_800,1,unimol,0.6280065,0.93805181,4.1875186,0,0.97175427,19.24
590,10,2584,369,1sqk_LAR_A_378,1,unimol,0.6280065,0.93805181,5.3224936,0,0,18.51
591,10,2829,404,1u1g_BBB_B_4300,1,unimol,0.6280065,0.93805181,4.019743,0,0.95564832,27
592,10,2836,405,1u1g_BBB_C_5300,1,unimol,0.6280065,0.93805181,3.9673135,0,0.98152727,22.03
593,10,2843,406,1u1g_BBB_D_6300,1,unimol,0.6280065,0.93805181,4.019743,0,0.95308125,26.28
594,10,2857,408,1u1g_BBB_F_8300,1,unimol,0.6280065,0.93805181,4.0527925,0,0,25.68
595,10,2892,413,1uqx_MMA_A_1116,1,unimol,0.6280065,0.93805181,4.0745225,0,0.92333776,22.96
596,10,3109,444,1x09_IPE_A_902,1,unimol,0.6280065,0.93805181,5.3237329,0,0.88982967,22.46
597,10,3165,452,1x8x_TYR_A_952,1,unimol,0.6280065,0.93805181,3.6788538,0,0.95203449,14.29
598,10,3235,462,1xny_BTN_A_5602,1,unimol,0.6280065,0.93805181,5.3805571,0,0.88526479,29.52
599,10,3242,463,1xny_BTN_B_5602,1,unimol,0.6280065,0.93805181,5.3717203,0,0.96439152,20
600,10,3256,465,1xuz_PEP_A_2001,1,unimol,0.6280065,0.93805181,2.9882927,0,0.84420816,22.81
601,10,3347,478,1z11_8MO_A_501,1,unimol,0.6280065,0.93805181,4.2705207,0,0.94629097,22.9
602,10,3354,479,1z11_8MO_B_501,1,unimol,0.6280065,0.93805181,4.2322645,0,0.92397906,25.44
603,10,3361,480,1z11_8MO_C_501,1,unimol,0.6280065,0.93805181,4.2322645,0,0.94893196,21.72
604,10,3368,481,1z11_8MO_D_501,1,unimol,0.6280065,0.93805181,4.2322645,0,0.95399632,24.52
605,10,3424,489,1zei_CRS_A_54,1,unimol,0.6280065,0.93805181,2.525522,0,0.98369584,16.07
606,10,3431,490,1zei_CRS_B_56,1,unimol,0.6280065,0.93805181,2.525522,0,0.98598671,17.97
607,10,3438,491,1zei_CRS_C_56,1,unimol,0.6280065,0.93805181,2.525522,0,0.99193138,19.95
608,10,3445,492,1zei_CRS_D_54,1,unimol,0.6280065,0.93805181,2.525522,0,0.96964612,21.94
609,10,3452,493,1zei_CRS_E_55,1,unimol,0.6280065,0.93805181,2.525522,0,0.99499985,15.48
610,10,3459,494,1zei_CRS_F_54,1,unimol,0.6280065,0.93805181,2.525522,0,0.99076024,23.48
611,10,3466,495,1zei_CRS_F_55,1,unimol,0.6280065,0.93805181,2.525522,0,0.98633146,18.51
612,10,3543,506,1zoy_UQ1_B_1201,1,unimol,0.6280065,0.93805181,4.5306835,0,0.96770075,19.58
613,10,3578,511,1zuw_DGL_A_1301,1,unimol,0.6280065,0.93805181,5.078845,0,0.98705009,22.27
614,10,3585,512,1zuw_DGL_C_3301,1,unimol,0.6280065,0.93805181,4.8866625,0,0.98853667,24.92
615,10,3606,515,2a0x_DIH_A_300,1,unimol,0.6280065,0.93805181,2.525522,0,0,14.8
616,10,3634,519,2a5t_GLY_A_1001,1,unimol,0.6280065,0.93805181,3.6372604,0,0,16.64
617,10,3641,520,2a9z_26A_A_1001,1,unimol,0.6280065,0.93805181,2.6012547,0,0,21.13
618,10,3648,521,2a9z_26A_A_1002,1,unimol,0.6280065,0.93805181,2.525522,0,0.98943181,15.42
619,10,4103,586,2evd_D10_A_304,1,unimol,0.6280065,0.93805181,5.9226499,0,0.95994292,21.91
620,10,4110,587,2ex1_C5P_A_1427,1,unimol,0.6280065,0.93805181,6.0108609,0,0.98395765,16.37
621,10,4159,594,2f7x_4EA_E_351,1,unimol,0.6280065,0.93805181,2.525522,0,0.96053476,22.07
622,10,4222,603,2fpu_HSO_B_509,1,unimol,0.6280065,0.93805181,2.525522,0,0,18.68
623,10,4383,626,2gyv_HBP_B_545,1,unimol,0.6280065,0.93805181,6.0605755,0,0.95798112,31.43
624,10,4390,627,2gyw_OBI_A_952,1,unimol,0.6280065,0.93805181,5.2279506,0,0.97968827,19.32
625,10,4397,628,2gyw_OBI_B_953,1,unimol,0.6280065,0.93805181,5.4516144,0,0.9726299,18.11
626,10,4621,660,2jav_5Z5_A_1280,1,unimol,0.6280065,0.93805181,2.525522,0,0,17.22
627,10,4642,663,2ji6_TPW_A_1566,1,unimol,0.6280065,0.93805181,5.9566722,0,0.97678162,21.8
628,10,4649,664,2ji6_TPW_B_1566,1,unimol,0.6280065,0.93805181,5.9268398,0,0.98429137,25.8
629,10,4684,669,2npq_BOG_A_1000,1,unimol,0.6280065,0.93805181,3.5486836,0,0.96942837,22.97
630,10,4691,670,2npq_BOG_A_2000,1,unimol,0.6280065,0.93805181,2.9527416,0,0.94598589,20.79
631,10,4859,694,2oci_TYC_A_401,1,unimol,0.6280065,0.93805181,5.6988521,0,0.85657699,18.5
632,10,4943,706,2prl_ORO_A_399,1,unimol,0.6280065,0.93805181,4.5497804,0,0.86085771,23.27
633,10,5020,717,2q28_TPP_A_4001,1,unimol,0.6280065,0.93805181,3.6874049,0,0.97597414,22.55
634,10,5027,718,2q28_TPP_B_5001,1,unimol,0.6280065,0.93805181,3.6874049,0,0.97857761,21.4
635,10,5076,725,2qcx_PF1_A_300,1,unimol,0.6280065,0.93805181,3.4340854,0,0.97400987,19.95
636,11,2772,396,1tt6_DES_A_129,0,surfdock,0.68925172,0.99988349,2.6496124,0,0.33418096,3.0373336
637,11,13560,1937,5tlg_7EG_B_601,1,unimol,0.65259881,0.99953396,2.912499,0,0.9944011,18.98
638,11,2325,332,1q22_AND_A_401,1,unimol,0.64708839,0.93935687,2.6496124,0,0.99136811,15.91
639,11,2409,344,1qxa_GLY_B_245,1,unimol,0.64708839,0.93935687,2.6496124,0,0.01303997,26.37
640,11,2458,351,1ruk_BEZ_H_601,1,unimol,0.64708839,0.93935687,2.7590878,0,0.96930848,19.2
641,11,2591,370,1syf_THP_A_180,1,unimol,0.64708839,0.93935687,2.8066247,0,0,22.87
642,11,2612,373,1t5z_DHT_A_931,1,unimol,0.64708839,0.93935687,2.6496124,0,0.99363905,16.78
643,11,2654,379,1thc_FL9_A_130,1,unimol,0.64708839,0.93935687,2.7311196,0,0.92919813,21.72
644,11,3193,456,1xid_ASC_A_389,1,unimol,0.64708839,0.93935687,2.6496124,0,0.89814863,15.76
645,11,3319,474,1yik_MM1_A_500,1,unimol,0.64708839,0.93935687,3.5132236,0,0,25.83
646,11,3480,497,1zg3_2HI_A_365,1,unimol,0.64708839,0.93935687,2.6496124,0,0.98039737,16.81
647,11,3487,498,1zgj_P1S_A_0,1,unimol,0.64708839,0.93935687,2.6496124,0,0.98577978,20.44
648,11,3501,500,1zjp_DR4_A_1,1,unimol,0.64708839,0.93935687,2.6496124,0,0.97041601,28.67
649,11,3620,517,2a1m_CAM_A_1422,1,unimol,0.64708839,0.93935687,3.0963962,0,0.9879787,16.74
650,11,3718,531,2as1_TP5_A_500,1,unimol,0.64708839,0.93935687,3.3312092,0,0.99355835,18.3
651,11,3963,566,2cjz_PTR_A_1537,1,unimol,0.64708839,0.93935687,3.3744204,0,0.52913761,25.47
652,11,3977,568,2cxp_A5P_B_2601,1,unimol,0.64708839,0.93935687,2.6496124,0,0.95026194,22.9
653,11,4089,584,2eup_LG4_A_400,1,unimol,0.64708839,0.93935687,2.6496124,0,0.98113768,19.89
654,11,4299,614,2g21_L1B_A_885,1,unimol,0.64708839,0.93935687,2.6496124,0,0.99475628,25.29
655,11,4306,615,2g21_L1B_B_985,1,unimol,0.64708839,0.93935687,2.6496124,0,0.9871289,22.69
656,11,4320,617,2g9z_VNP_A_602,1,unimol,0.64708839,0.93935687,2.6496124,0,0.91551193,26.09
657,11,4327,618,2g9z_VNP_B_601,1,unimol,0.64708839,0.93935687,2.6496124,0,0.91507657,26.48
658,11,4362,623,2gue_NAG_B_122,1,unimol,0.64708839,0.93935687,2.6496124,0,0.01964754,17.87
659,11,4460,637,2i1v_F6P_B_720,1,unimol,0.64708839,0.93935687,3.2853923,0,0.95616508,23.52
660,11,4677,668,2nos_AGU_A_903,1,unimol,0.64708839,0.93935687,3.3837147,0,0.91290436,20.69
661,11,4698,671,2nry_STU_A_504,1,unimol,0.64708839,0.93935687,2.6496124,0,0.97284677,28.71
662,11,4705,672,2nry_STU_B_502,1,unimol,0.64708839,0.93935687,2.6496124,0,0.92595381,22.3
663,11,4712,673,2nry_STU_C_503,1,unimol,0.64708839,0.93935687,2.6496124,0,0.98307711,24.04
664,11,4866,695,2okk_ABU_A_585,1,unimol,0.64708839,0.93935687,3.0874033,0,0.14589691,19.71
665,11,4873,696,2ot7_OGA_A_500,1,unimol,0.64708839,0.93935687,3.5657969,0,0.91103574,20.53
666,11,4880,697,2ot7_OGA_B_500,1,unimol,0.64708839,0.93935687,3.4676921,0,0.86386315,23.32
667,11,4887,698,2oxp_THP_A_300,1,unimol,0.64708839,0.93935687,2.6496124,0,0,20.12
668,11,4915,702,2pir_DHT_A_931,1,unimol,0.64708839,0.93935687,2.6496124,0,0.99759974,20.61
669,11,5006,715,2pye_7PE_A_504,1,unimol,0.64708839,0.93935687,2.6496124,0,0.82942184,31.79
670,11,5132,733,2qgw_EES_A_1,1,unimol,0.64708839,0.93935687,3.5110085,0,0.98420675,17.33
671,11,5349,764,2uza_HTL_B_1236,1,unimol,0.64708839,0.93935687,2.6496124,0,0,26.43
672,11,5356,765,2v32_BEZ_A_1222,1,unimol,0.64708839,0.93935687,3.3350132,0,0.97463072,19.26
673,11,5363,766,2v32_BEZ_B_1220,1,unimol,0.64708839,0.93935687,3.3350132,0,0.96973012,22.2
674,11,5370,767,2v32_BEZ_C_1222,1,unimol,0.64708839,0.93935687,3.3352022,0,0.98394586,20.75
675,11,5377,768,2v32_BEZ_D_1221,1,unimol,0.64708839,0.93935687,3.3350132,0,0.9540522,21.42
676,11,5398,771,2vez_G6P_A_202,1,unimol,0.64708839,0.93935687,2.6496124,0,0,15.92
677,11,5440,777,2vlf_PLI_A_1457,1,unimol,0.64708839,0.93935687,3.0857556,0,0,20.87
678,11,5447,778,2vlf_PLI_B_1459,1,unimol,0.64708839,0.93935687,2.6789708,0,0,20.39
679,11,5475,782,2vp5_DCZ_A_1210,1,unimol,0.64708839,0.93935687,2.6496124,0,0.98930056,19.09
680,11,5482,783,2vp5_DCZ_B_1210,1,unimol,0.64708839,0.93935687,2.6496124,0,0.9933593,22.27
681,11,5510,787,2w1a_TSA_C_1091,1,unimol,0.64708839,0.93935687,2.6496124,0,0.99316705,23.75
682,11,5545,792,2wdq_CBE_C_1130,1,unimol,0.64708839,0.93935687,2.6496124,0,0.98605125,23.82
683,11,5552,793,2wdq_CBE_G_1130,1,unimol,0.64708839,0.93935687,2.6496124,0,0.98345321,28.97
684,11,5559,794,2wdq_CBE_K_1130,1,unimol,0.64708839,0.93935687,2.6496124,0,0.98989522,23.24
685,11,5881,840,2z26_DOR_A_1410,1,unimol,0.64708839,0.93935687,2.6496124,0,0,18.97
686,12,16093,2299,6ncx_ADA_A_601,0,surfdock,0.68038824,0.99982473,2.7194717,0,0,2.6376895
687,12,1632,233,1ldo_SNR_B_350,1,unimol,0.65849562,0.99959103,4.6084847,0,0.97356556,21.92
688,12,1625,232,1ldo_SNR_A_150,1,unimol,0.65606188,0.94075719,4.579083,0,0.94881019,20.12
689,12,1863,266,1mvc_BM6_A_200,1,unimol,0.65606188,0.94075719,4.7727995,0,0.99215841,19.67
690,12,1968,281,1nrg_PLP_A_320,1,unimol,0.65606188,0.94075719,2.7194717,0,0.93683635,25.32
691,12,2941,420,1v5y_4HC_A_1455,1,unimol,0.65606188,0.94075719,4.0703006,0,0.98753036,14.93
692,12,3284,469,1y42_TYR_X_701,1,unimol,0.65606188,0.94075719,3.8955083,0,0.84976395,21.18
693,12,3599,514,227l_BNZ_A_169,1,unimol,0.65606188,0.94075719,2.7194717,0,0.99278316,16.26
694,12,3711,530,2ajx_TGN_L_501,1,unimol,0.65606188,0.94075719,3.3188565,0,0,24.34
695,12,3991,570,2d20_NPO_B_953,1,unimol,0.65606188,0.94075719,3.3169467,0,0.99162815,20.71
696,12,4467,638,2i1v_FDP_B_710,1,unimol,0.65606188,0.94075719,3.9955544,0,0.91477937,18
697,12,5083,726,2qcx_PF1_B_300,1,unimol,0.65606188,0.94075719,3.4206865,0,0.98388824,23.3
698,12,5195,742,2qx4_ML1_A_233,1,unimol,0.65606188,0.94075719,5.0357375,0,0.98553668,24.28
699,12,5202,743,2qx4_ML1_B_233,1,unimol,0.65606188,0.94075719,5.0066285,0,0.95711943,23.22
700,12,5405,772,2vjb_CCD_A_1539,1,unimol,0.65606188,0.94075719,2.8518546,0,0,24.42
701,12,5412,773,2vjb_CCD_A_1540,1,unimol,0.65606188,0.94075719,3.3436668,0,0.9720178,22.29
702,12,5419,774,2vjb_CCD_B_1539,1,unimol,0.65606188,0.94075719,2.911598,0,0,24.2
703,12,5426,775,2vjb_CCD_B_1540,1,unimol,0.65606188,0.94075719,3.1775594,0,0.9911866,17.7
704,12,5489,784,2vss_V55_D_1250,1,unimol,0.65606188,0.94075719,4.8908386,0,0.97471469,25.06
705,12,5664,809,2x6o_2TC_A_1209,1,unimol,0.65606188,0.94075719,4.901403,0,0,24.5
706,12,5692,813,2xhk_AKG_A_519,1,unimol,0.65606188,0.94075719,3.5319109,0,0.85769051,17.79
707,12,5699,814,2xmi_FLC_A_1379,1,unimol,0.65606188,0.94075719,2.7194717,0,0.9611541,16.84
708,12,5762,823,2xum_OGA_A_601,1,unimol,0.65606188,0.94075719,5.0107889,0,0.97602299,17.25
709,12,6210,887,3qhd_MSR_A_166,1,unimol,0.65606188,0.94075719,4.6519389,0,0.99091825,18.27
710,12,6686,955,3vcp_PRO_A_502,1,unimol,0.65606188,0.94075719,4.6451168,0,0,18.51
711,12,6735,962,3vnm_SDD_A_301,1,unimol,0.65606188,0.94075719,4.9638276,0,0,23.23
712,12,6742,963,3vnm_SDD_B_301,1,unimol,0.65606188,0.94075719,4.9638276,0,0.89647037,23.99
713,12,6749,964,3vnm_SDD_C_301,1,unimol,0.65606188,0.94075719,5.0323405,0,0,24.08
714,13,2682,383,1tkh_DPN_A_911,1,unimol,0.65870116,0.94159644,4.4741454,0,0.96400167,24.25
715,13,2689,384,1tkh_DPN_A_913,1,unimol,0.65870116,0.94159644,4.212553,0,0,18.27
716,13,2899,414,1uux_PPI_A_1165,1,unimol,0.65870116,0.94159644,4.1675158,0,0.93079883,20.12
717,13,2962,423,1vkf_CIT_A_501,1,unimol,0.65870116,0.94159644,4.5693436,0,0.86734174,24.29
718,13,2969,424,1vkf_CIT_C_502,1,unimol,0.65870116,0.94159644,4.4818311,0,0.757633,19.31
719,13,3263,466,1y2x_NAG_A_144,1,unimol,0.65870116,0.94159644,3.3403361,0,0.88494877,21.33
720,13,3270,467,1y2x_NAG_B_1144,1,unimol,0.65870116,0.94159644,3.3907244,0,0.96207865,18.08
721,13,3277,468,1y2x_NAG_C_2144,1,unimol,0.65870116,0.94159644,3.3907244,0,0.89133688,16.43
722,13,3998,571,2d3n_GLC_A_608,1,unimol,0.65870116,0.94159644,3.6641648,0,0.93914262,20.19
723,13,4019,574,2e1a_MSE_D_301,1,unimol,0.65870116,0.94159644,3.6661,0,0.96764968,19.22
724,13,4572,653,2izf_BTN_D_301,1,unimol,0.65870116,0.94159644,3.0322895,0,0.96010645,23.1
725,13,5069,724,2qca_DGP_A_300,1,unimol,0.65870116,0.94159644,4.0957537,0,0,15.56
726,13,5496,785,2vzu_PNJ_A_1901,1,unimol,0.65870116,0.94159644,4.4493637,0,0.95148102,22.7
727,13,5503,786,2vzu_PNJ_B_1904,1,unimol,0.65870116,0.94159644,4.4700813,0,0.92848602,28.02
728,13,5741,820,2xul_AKG_B_201,1,unimol,0.65870116,0.94159644,4.2969012,0,0.90914845,24.05
729,13,5748,821,2xul_AKG_C_201,1,unimol,0.65870116,0.94159644,4.2969012,0,0.93619629,20.47
730,13,5755,822,2xul_AKG_D_201,1,unimol,0.65870116,0.94159644,4.4489412,0,1.7462243e-05,19.89
731,13,6028,861,2zka_AZA_A_302,1,unimol,0.65870116,0.94159644,3.4291475,0,0.97175762,17.7
732,13,6147,878,3kt7_AKG_A_702,1,unimol,0.65870116,0.94159644,3.9594123,0,0.98618209,20.29
733,13,6420,917,3sli_SKD_A_760,1,unimol,0.65870116,0.94159644,3.6771457,0,0.9374417,21.25
734,13,6427,918,3sp6_IL2_A_901,1,unimol,0.65870116,0.94159644,4.2023735,0,0,22.32
735,13,6595,942,3uwb_BB2_A_154,1,unimol,0.65870116,0.94159644,4.6027856,0,0.93840398,22.21
736,13,6630,947,3vbn_TYD_C_301,1,unimol,0.65870116,0.94159644,3.9976718,0,0,17.64
737,13,6637,948,3vbn_TYD_E_301,1,unimol,0.65870116,0.94159644,4.0096231,0,0,21.27
738,13,6644,949,3vc3_C6P_A_501,1,unimol,0.65870116,0.94159644,2.7275414,0,0,23.1
739,13,6651,950,3vc3_C6P_C_501,1,unimol,0.65870116,0.94159644,2.7275414,0,0.95290279,29.03
740,13,6658,951,3vc3_C6P_D_501,1,unimol,0.65870116,0.94159644,2.7275414,0,0.95943501,25.68
741,13,6665,952,3vc3_C6P_E_501,1,unimol,0.65870116,0.94159644,2.7275414,0,0.94213267,23.73
742,13,6672,953,3vc3_C6P_F_501,1,unimol,0.65870116,0.94159644,2.7275414,0,0.95816048,28.7
743,13,7106,1015,3zbs_OVE_A_1380,1,unimol,0.65870116,0.94159644,3.7299151,0,0.99336901,16.59
744,13,7169,1024,3zv6_4HB_A_1277,1,unimol,0.65870116,0.94159644,2.7275414,0,0.89869674,15.63
745,13,7302,1043,4a9j_TYL_A_1188,1,unimol,0.65870116,0.94159644,2.7275414,0,0.99128895,21.84
746,13,7309,1044,4a9j_TYL_B_1187,1,unimol,0.65870116,0.94159644,2.7275414,0,0.99386227,21.14
747,13,7316,1045,4a9j_TYL_C_1184,1,unimol,0.65870116,0.94159644,2.7275414,0,0.99584009,16.66
748,13,7631,1090,4cjv_IV2_A_1212,1,unimol,0.65870116,0.94159644,4.5049095,0,0.99705003,18.04
749,13,7638,1091,4cjv_IV2_B_1215,1,unimol,0.65870116,0.94159644,4.389957,0,0.99581782,17.96
750,13,7701,1100,4cle_JR2_B_1270,1,unimol,0.65870116,0.94159644,2.7275414,0,0,21.53
751,13,7708,1101,4cle_JR2_C_1270,1,unimol,0.65870116,0.94159644,2.7275414,0,0,22.51
752,13,7715,1102,4cle_JR2_D_1270,1,unimol,0.65870116,0.94159644,2.7275414,0,0,17.73
753,13,7729,1104,4clo_XP0_B_1270,1,unimol,0.65870116,0.94159644,4.7887373,0,0,19.28
754,13,7820,1117,4cw2_XDS_A_1303,1,unimol,0.65870116,0.94159644,4.6023779,0,0,20.75
755,13,8107,1158,4dvw_0M4_A_512,1,unimol,0.65870116,0.94159644,3.9610107,0,0.98815446,24.86
756,13,8114,1159,4dvw_0M4_B_512,1,unimol,0.65870116,0.94159644,3.9712114,0,0.99097395,21.15
757,13,8345,1192,4fm6_TYR_C_259,1,unimol,0.65870116,0.94159644,4.1904073,0,0,34.48
758,13,8380,1197,4gcq_0JM_A_401,1,unimol,0.65870116,0.94159644,2.7275414,0,0.91666671,24.53
759,13,8443,1206,4gps_CIT_A_501,1,unimol,0.65870116,0.94159644,2.7275414,0,0.76290794,19.27
760,13,8471,1210,4h0x_LAR_B_403,1,unimol,0.65870116,0.94159644,3.6454809,0,0.98401795,22.49
761,13,8954,1279,4j4b_0TF_A_904,1,unimol,0.65870116,0.94159644,4.243979,0,0,26.41
762,13,8961,1280,4j4b_0TF_B_301,1,unimol,0.65870116,0.94159644,4.2769198,0,0,24.55
763,13,9164,1309,4kux_FPS_A_704,1,unimol,0.65870116,0.94159644,2.7275414,0,0.92710586,24.42
764,14,372,53,1e7h_PLM_A_1001,1,unimol,0.65869689,0.94289236,2.7828021,0,0.97538283,25.48
765,14,449,64,1fk1_DAO_A_201,1,unimol,0.65869689,0.94289236,2.7828021,0,0.97035544,26.96
766,14,2451,350,1rqh_PYR_A_602,1,unimol,0.65869689,0.94289236,2.7828021,0,0.94853187,14.85
767,14,3144,449,1x7j_GEN_A_201,1,unimol,0.65869689,0.94289236,2.8935158,0,0.99433284,23.71
768,14,4670,667,2no7_LDC_B_401,1,unimol,0.65869689,0.94289236,3.5929523,0,0.98496326,15.92
769,14,5797,828,2y00_Y00_A_601,1,unimol,0.65869689,0.94289236,2.7828021,0,0.98996936,20.55
770,14,5804,829,2y00_Y00_B_601,1,unimol,0.65869689,0.94289236,2.7828021,0,0.9853551,25.37
771,14,5895,842,2z48_A2G_A_1005,1,unimol,0.65869689,0.94289236,3.1469963,0,0.95606889,19.79
772,14,5902,843,2z48_A2G_B_2001,1,unimol,0.65869689,0.94289236,3.1488149,0,0.94658738,20.53
773,14,5909,844,2z48_A2G_B_2005,1,unimol,0.65869689,0.94289236,3.1469963,0,0.93542738,19.95
774,14,5916,845,2z48_NGA_A_1002,1,unimol,0.65869689,0.94289236,3.1615667,0,0.099840673,17.91
775,14,5923,846,2z48_NGA_A_1003,1,unimol,0.65869689,0.94289236,3.1488149,0,0.98669889,25.02
776,14,5930,847,2z48_NGA_A_1004,1,unimol,0.65869689,0.94289236,3.1652176,0,0.98465698,18.85
777,14,5937,848,2z48_NGA_A_1006,1,unimol,0.65869689,0.94289236,2.940624,0,0,19.67
778,14,5944,849,2z48_NGA_B_2002,1,unimol,0.65869689,0.94289236,3.1615667,0,0.94083218,17.95
779,14,5951,850,2z48_NGA_B_2004,1,unimol,0.65869689,0.94289236,3.1652176,0,0.98066015,23.2
780,14,5958,851,2z48_NGA_B_2006,1,unimol,0.65869689,0.94289236,2.940624,0,0,24.98
781,14,6035,862,2zm7_ACA_A_501,1,unimol,0.65869689,0.94289236,2.7828021,0,0.97720674,25.87
782,14,6042,863,2zm9_ACA_A_501,1,unimol,0.65869689,0.94289236,3.655715,0,0.98674316,28.32
783,14,6049,864,2ztl_3HL_A_301,1,unimol,0.65869689,0.94289236,3.756135,0,0.96113066,17.87
784,14,6056,865,2ztl_3HL_C_301,1,unimol,0.65869689,0.94289236,3.756135,0,0.96795015,18.5
785,14,6161,880,3mk1_NPO_A_912,1,unimol,0.65869689,0.94289236,4.0442905,0,0.42969763,17.24
786,14,6476,925,3tky_N7I_A_369,1,unimol,0.65869689,0.94289236,3.5280983,0,0.96752933,23.19
787,14,6490,927,3tky_N7I_C_369,1,unimol,0.65869689,0.94289236,3.5268657,0,0.98836349,23.72
788,14,6574,939,3ucl_CYH_A_543,1,unimol,0.65869689,0.94289236,2.7828021,0,0.98810365,22.21
789,14,6791,970,3vv5_SLZ_A_300,1,unimol,0.65869689,0.94289236,3.5897067,0,0,20.85
790,14,6798,971,3vv5_SLZ_B_301,1,unimol,0.65869689,0.94289236,3.5886168,0,0.88280155,18.76
791,14,6805,972,3w4i_8LG_A_402,1,unimol,0.65869689,0.94289236,3.0039616,0,0.96877712,20.25
792,14,6812,973,3w4i_8LG_B_402,1,unimol,0.65869689,0.94289236,2.7828021,0,0,20.96
793,14,6819,974,3w4i_8LG_C_402,1,unimol,0.65869689,0.94289236,2.7828021,0,0,22.07
794,14,6826,975,3w4i_8LG_D_402,1,unimol,0.65869689,0.94289236,2.7828021,0,0,23.72
795,14,6868,981,3w8x_FTK_B_601,1,unimol,0.65869689,0.94289236,3.1606452,0,0,18.16
796,14,7050,1007,3wug_XYP_B_2,1,unimol,0.65869689,0.94289236,2.7828021,0,0,23.14
797,14,7078,1011,3wxo_NIZ_A_803,1,unimol,0.65869689,0.94289236,3.1748567,0,0.99258045,25.42
798,14,7421,1060,4b98_PXG_A_470,1,unimol,0.65869689,0.94289236,3.8798976,0,0.95105891,22.6
799,14,7428,1061,4b98_PXG_B_470,1,unimol,0.65869689,0.94289236,3.8716059,0,0.98621689,31.97
800,14,7435,1062,4b98_PXG_C_470,1,unimol,0.65869689,0.94289236,3.9441102,0,0,29.01
801,14,7442,1063,4b98_PXG_D_470,1,unimol,0.65869689,0.94289236,3.9441102,0,0,23.49
802,14,7470,1067,4buf_F36_A_2162,1,unimol,0.65869689,0.94289236,3.9314687,0,0,22.89
803,14,7939,1134,4d4u_FUC_A_950,1,unimol,0.65869689,0.94289236,2.7828021,0,0.96898335,18.41
804,14,7946,1135,4d4u_FUC_B_950,1,unimol,0.65869689,0.94289236,2.7828021,0,0.99048334,19.73
805,14,8310,1187,4evs_PHB_A_408,1,unimol,0.65869689,0.94289236,2.7828021,0,0.98997319,17.99
806,14,8317,1188,4f06_PHB_A_401,1,unimol,0.65869689,0.94289236,2.7828021,0,0.99116736,19.7
807,14,8688,1241,4i4v_NGA_A_201,1,unimol,0.65869689,0.94289236,3.1928725,0,0.94789829,16.96
808,14,8695,1242,4i4v_NGA_A_202,1,unimol,0.65869689,0.94289236,3.1968322,0,0.93122381,17.38
809,14,8702,1243,4i4v_NGA_B_201,1,unimol,0.65869689,0.94289236,3.1988649,0,0.95332484,17.58
810,14,8709,1244,4i4v_NGA_B_202,1,unimol,0.65869689,0.94289236,3.2008965,0,0.97947437,20.33
811,14,8716,1245,4i4v_NGA_D_202,1,unimol,0.65869689,0.94289236,3.1977799,0,0.97422943,17.97
812,14,9003,1286,4jb0_ENO_A_402,1,unimol,0.65869689,0.94289236,3.8300059,0,0,14.74
813,14,9094,1299,4k5u_GAL_A_301,1,unimol,0.65869689,0.94289236,2.7828021,0,0.989861,16.84
814,15,568,81,1g79_PLP_A_260,1,unimol,0.66262434,0.9441959,5.6608138,0,0.90095242,26.15
815,15,1688,241,1lti_GAL_D_104,1,unimol,0.66262434,0.9441959,5.5319071,0,0.92993194,23.04
816,15,1695,242,1lti_GAL_E_104,1,unimol,0.66262434,0.9441959,5.5327902,0,0.96631519,20.05
817,15,1702,243,1lti_GAL_H_104,1,unimol,0.66262434,0.9441959,5.5345554,0,0.95699148,20.56
818,15,1954,279,1now_IFG_A_557,1,unimol,0.66262434,0.9441959,4.5879302,0,0.98300879,22.86
819,15,1961,280,1now_IFG_B_558,1,unimol,0.66262434,0.9441959,4.5879302,0,0.98739446,21.65
820,15,2311,330,1pzy_NAG_B_405,1,unimol,0.66262434,0.9441959,5.7485218,0,0.96923682,22.14
821,15,2318,331,1pzy_NAG_D_406,1,unimol,0.66262434,0.9441959,5.7485218,0,0.92616841,20.97
822,15,2472,353,1rvt_NDG_H_742,1,unimol,0.66262434,0.9441959,4.5872703,0,0,22.22
823,15,2885,412,1uk7_BUA_A_1300,1,unimol,0.66262434,0.9441959,5.7071166,0,0.97235082,16.91
824,15,3613,516,2a15_NCA_A_1001,1,unimol,0.66262434,0.9441959,4.712132,0,0.98346168,14.23
825,15,3725,532,2b3f_GAL_A_3310,1,unimol,0.66262434,0.9441959,3.7613823,0,0.9895783,26.51
826,15,3732,533,2b3f_GAL_B_3311,1,unimol,0.66262434,0.9441959,3.8983109,0,0.98933276,25.35
827,15,3739,534,2b3f_GAL_C_3312,1,unimol,0.66262434,0.9441959,3.8983109,0,0.98916431,22.43
828,15,4271,610,2fyd_NGA_D_529,1,unimol,0.66262434,0.9441959,4.8868361,0,0.9702943,18.02
829,15,4929,704,2pnz_UDP_A_250,1,unimol,0.66262434,0.9441959,4.2012892,0,0.86432154,29.69
830,15,4950,707,2prl_R2C_A_400,1,unimol,0.66262434,0.9441959,5.0713921,0,0.98716578,24.36
831,15,4957,708,2pt6_S4M_A_501,1,unimol,0.66262434,0.9441959,5.8308735,0,0.96804149,20.42
832,15,5678,811,2xh0_PEP_B_1440,1,unimol,0.66262434,0.9441959,5.1048379,0,0.98057397,23.32
833,15,5860,837,2z1z_MLT_A_433,1,unimol,0.66262434,0.9441959,5.7030768,0,0,18.11
834,15,6154,879,3mk1_NPO_A_911,1,unimol,0.66262434,0.9441959,2.8486073,0,0.77704057,17.27
835,15,6168,881,3mk1_NPO_A_913,1,unimol,0.66262434,0.9441959,2.8486073,0,0.99051552,35.56
836,15,6231,890,3qt8_FM0_A_328,1,unimol,0.66262434,0.9441959,5.8000417,0,0.95169809,21.07
837,15,6238,891,3qt8_FM0_B_328,1,unimol,0.66262434,0.9441959,4.1647725,0,0.95611105,20.23
838,15,6294,899,3rgz_BLD_A_800,1,unimol,0.66262434,0.9441959,2.8486073,0,0,32.03
839,15,6343,906,3rop_NCA_A_302,1,unimol,0.66262434,0.9441959,5.2019672,0,0.0047277993,18.92
840,15,6350,907,3rop_NCA_B_302,1,unimol,0.66262434,0.9441959,5.206223,0,0.009204335,16.14
841,15,6385,912,3se2_3AB_C_4,1,unimol,0.66262434,0.9441959,4.3620191,0,0.97637724,21.86
842,15,6392,913,3se2_3AB_D_3,1,unimol,0.66262434,0.9441959,4.423121,0,0.98617436,21.6
843,15,6399,914,3se2_LDR_A_1,1,unimol,0.66262434,0.9441959,4.4742517,0,0,19.15
844,15,6406,915,3se2_LDR_B_2,1,unimol,0.66262434,0.9441959,4.4609599,0,0,22.32
845,15,6441,920,3t2e_F6R_A_3469,1,unimol,0.66262434,0.9441959,4.6998839,0,0.89464447,26.13
846,15,6518,931,3tye_YTZ_B_902,1,unimol,0.66262434,0.9441959,2.8486073,0,0.40113449,18.95
847,15,6602,943,3v1v_GST_A_511,1,unimol,0.66262434,0.9441959,4.2130795,0,0.89578693,19.18
848,15,6763,966,3vq4_0NX_A_304,1,unimol,0.66262434,0.9441959,5.6324906,0,0.98286377,16.24
849,15,6770,967,3vq4_0NX_A_305,1,unimol,0.66262434,0.9441959,5.4211926,0,0.9885928,13.8
850,15,6777,968,3vq4_0NX_B_303,1,unimol,0.66262434,0.9441959,5.6294284,0,0.97810158,17.71
851,15,6784,969,3vqe_FMQ_B_306,1,unimol,0.66262434,0.9441959,3.7410758,0,0.47430214,20.15
852,15,6994,999,3wqs_KBK_B_503,1,unimol,0.66262434,0.9441959,5.2170849,0,0.89480911,24.57
853,15,7225,1032,4a3u_NCA_A_1359,1,unimol,0.66262434,0.9441959,2.8486073,0,0.98028514,23.23
854,15,7232,1033,4a3u_NCA_B_1359,1,unimol,0.66262434,0.9441959,2.8486073,0,0.94658498,17.36
855,15,7253,1036,4a7x_UDP_B_1241,1,unimol,0.66262434,0.9441959,5.3036132,0,0.94395304,27.57
856,15,7505,1072,4bvh_OCZ_A_1393,1,unimol,0.66262434,0.9441959,5.7284923,0,0,24.03
857,15,7512,1073,4bvh_OCZ_B_1392,1,unimol,0.66262434,0.9441959,5.6984901,0,0,24.93
858,15,7589,1084,4ccu_AWF_A_1500,1,unimol,0.66262434,0.9441959,5.7786636,0,0.98554819,25.05
859,15,8093,1156,4du7_DP6_A_401,1,unimol,0.66262434,0.9441959,3.9144683,0,0.94204749,18.77
860,15,8100,1157,4du7_DP6_B_401,1,unimol,0.66262434,0.9441959,3.9837499,0,0.96139828,24.26
861,15,8282,1183,4evi_C9M_A_402,1,unimol,0.66262434,0.9441959,5.3221288,0,0.97820645,22.26
862,15,8296,1185,4evq_PHB_A_406,1,unimol,0.66262434,0.9441959,3.5495126,0,0.99270094,21.71
863,15,8303,1186,4evq_PHB_B_402,1,unimol,0.66262434,0.9441959,3.5495126,0,0.99211104,16.7
864,16,379,54,1e7h_PLM_A_1007,1,unimol,0.66998007,0.94562522,3.8882713,0,0.96956467,21.49
865,16,2087,298,1opr_ORO_A_220,1,unimol,0.66998007,0.94562522,3.2843254,0,0,19.49
866,16,2178,311,1pke_2FD_A_446,1,unimol,0.66998007,0.94562522,4.581769,0,0,15.86
867,16,2185,312,1pke_2FD_B_447,1,unimol,0.66998007,0.94562522,4.581769,0,0,17.96
868,16,2192,313,1pke_2FD_C_448,1,unimol,0.66998007,0.94562522,4.3628879,0,0,22.56
869,16,2227,318,1poc_GEL_A_420,1,unimol,0.66998007,0.94562522,3.3256912,0,0.95165088,30.1
870,16,2234,319,1pr0_NOS_C_1247,1,unimol,0.66998007,0.94562522,3.5976706,0,0,21.66
871,16,2241,320,1pr6_XYA_A_1245,1,unimol,0.66998007,0.94562522,3.8771834,0,0,18.09
872,16,2248,321,1pr6_XYA_B_1246,1,unimol,0.66998007,0.94562522,3.8137531,0,0,16.93
873,16,2255,322,1pr6_XYA_C_1247,1,unimol,0.66998007,0.94562522,3.8429258,0,0,24.27
874,16,2297,328,1pym_OXL_A_1001,1,unimol,0.66998007,0.94562522,2.9687297,0,0.87602299,14.99
875,16,2304,329,1pym_OXL_B_1002,1,unimol,0.66998007,0.94562522,2.9687297,0,0.92552503,22.29
876,16,2661,380,1thc_FL9_B_130,1,unimol,0.66998007,0.94562522,3.8247583,0,0.94444694,15.81
877,16,2668,381,1thc_FL9_B_131,1,unimol,0.66998007,0.94562522,2.9687297,0,0.98618795,22.27
878,16,2675,382,1tke_SER_A_500,1,unimol,0.66998007,0.94562522,3.895695,0,0,19.34
879,16,2696,385,1tkj_MED_A_913,1,unimol,0.66998007,0.94562522,5.1659093,0,0,18
880,16,3179,454,1xdj_HCS_A_1049,1,unimol,0.66998007,0.94562522,2.9687297,0,0.98594286,20.77
881,16,3186,455,1xdj_HCS_A_1050,1,unimol,0.66998007,0.94562522,2.9687297,0,0.91853185,21.24
882,16,3396,485,1zb6_DIN_A_401,1,unimol,0.66998007,0.94562522,3.938971,0,0.98006294,25.57
883,16,3508,501,1zk0_SS2_A_1260,1,unimol,0.66998007,0.94562522,5.3409863,0,0.96934391,13.76
884,16,3746,535,2bdg_PBZ_A_301,1,unimol,0.66998007,0.94562522,2.9687297,0,0.99621974,21.88
885,16,3753,536,2bdg_PBZ_B_302,1,unimol,0.66998007,0.94562522,2.9687297,0,0.99566928,18.75
886,16,4061,580,2ef9_A5P_A_1269,1,unimol,0.66998007,0.94562522,3.9558699,0,0,20.71
887,16,4124,589,2f64_12Q_A_472,1,unimol,0.66998007,0.94562522,3.2811201,0,1.3388283e-33,16.95
888,16,4131,590,2f64_12Q_B_471,1,unimol,0.66998007,0.94562522,3.2924352,0,1.1648884e-33,13.49
889,16,4754,679,2nu7_COA_E_1325,1,unimol,0.66998007,0.94562522,4.2812843,0,0.91821945,22.99
890,16,4978,711,2ptm_CMP_A_401,1,unimol,0.66998007,0.94562522,2.9687297,0,0,19.96
891,16,5153,736,2qs2_UBF_B_602,1,unimol,0.66998007,0.94562522,2.9687297,0,0.98449707,21.65
892,17,1093,156,1ia1_TQ3_B_196,1,unimol,0.66250773,0.94624483,4.5902114,0,0.96735884,20.41
893,17,1583,226,1l4f_150_A_990,1,unimol,0.66250773,0.94624483,3.006474,0,0.98467331,15.58
894,17,1604,229,1l5o_2MP_A_990,1,unimol,0.66250773,0.94624483,4.8303862,0,0.99368906,22.36
895,17,1877,268,1n3o_GYP_A_1001,1,unimol,0.66250773,0.94624483,4.1884713,0,0.94680066,21.48
896,17,1884,269,1n3o_GYP_B_1101,1,unimol,0.66250773,0.94624483,4.1884713,0,0.96103598,22.24
897,17,2808,401,1u18_HSM_A_401,1,unimol,0.66250773,0.94624483,3.006474,0,0,17.83
898,17,2815,402,1u18_HSM_B_402,1,unimol,0.66250773,0.94624483,3.006474,0,0,21.72
899,17,4474,639,2i6p_4NP_A_401,1,unimol,0.66250773,0.94624483,4.0049534,0,0.90016554,20.66
900,17,5167,738,2qui_LTN_A_501,1,unimol,0.66250773,0.94624483,4.1566377,0,0,19.06
901,17,5174,739,2qui_LTN_B_478,1,unimol,0.66250773,0.94624483,4.2467833,0,0,25.14
902,17,5293,756,2tmk_ATM_A_217,1,unimol,0.66250773,0.94624483,3.8550491,0,0,18
903,17,5300,757,2tmk_ATM_B_217,1,unimol,0.66250773,0.94624483,3.8412099,0,0,20.06
904,17,5433,776,2vkg_CF4_A_1064,1,unimol,0.66250773,0.94624483,3.006474,0,0,24.17
905,17,6245,892,3qwi_CUE_A_272,1,unimol,0.66250773,0.94624483,4.6467886,0,0.99556184,16.37
906,17,6252,893,3qwi_CUE_D_272,1,unimol,0.66250773,0.94624483,4.6253881,0,0.99827145,17
907,17,8135,1162,4e7v_CRS_1_101,1,unimol,0.66250773,0.94624483,3.006474,0,0.98431918,19.38
908,17,8142,1163,4e7v_CRS_3_101,1,unimol,0.66250773,0.94624483,3.006474,0,0.97780262,22.35
909,17,8149,1164,4e7v_CRS_A_101,1,unimol,0.66250773,0.94624483,3.006474,0,0.98615407,18.41
910,17,8156,1165,4e7v_CRS_C_101,1,unimol,0.66250773,0.94624483,3.006474,0,0.99096455,20.88
911,17,8163,1166,4e7v_CRS_E_101,1,unimol,0.66250773,0.94624483,3.006474,0,0.9905427,21.31
912,17,8170,1167,4e7v_CRS_G_101,1,unimol,0.66250773,0.94624483,3.006474,0,0.99519348,15.9
913,17,8177,1168,4e7v_CRS_I_101,1,unimol,0.66250773,0.94624483,3.006474,0,0.98707028,18.44
914,17,8184,1169,4e7v_CRS_K_101,1,unimol,0.66250773,0.94624483,3.006474,0,0.9820967,19.96
915,17,8191,1170,4e7v_CRS_M_101,1,unimol,0.66250773,0.94624483,3.006474,0,0.98743952,18.92
916,17,8198,1171,4e7v_CRS_O_101,1,unimol,0.66250773,0.94624483,3.006474,0,0.98736929,20.43
917,17,8569,1224,4hmx_WUB_A_302,1,unimol,0.66250773,0.94624483,4.8126202,0,0,22.56
918,17,8590,1227,4hxk_1AJ_A_201,1,unimol,0.66250773,0.94624483,3.1482086,0,0.94145401,20.02
919,17,8926,1275,4ixw_IXW_A_302,1,unimol,0.66250773,0.94624483,4.8623643,0,0,24.57
920,17,8933,1276,4ixw_IXW_B_302,1,unimol,0.66250773,0.94624483,4.8032126,0,0.8743118,20.83
921,17,9255,1322,4l8q_XMM_A_303,1,unimol,0.66250773,0.94624483,3.006474,0,0.82378864,15.78
922,17,9535,1362,4n4j_HG1_A_608,1,unimol,0.66250773,0.94624483,3.006474,0,0.86529873,18.12
923,17,9549,1364,4n6w_FLC_A_203,1,unimol,0.66250773,0.94624483,3.006474,0,0.98522969,19.28
924,17,9556,1365,4n94_2HO_A_401,1,unimol,0.66250773,0.94624483,3.0880339,0,0.99624085,20.18
925,17,9794,1399,4pb4_PLP_A_401,1,unimol,0.66250773,0.94624483,4.4597821,0,0.94958664,21.11
926,17,9801,1400,4pb4_PLP_B_401,1,unimol,0.66250773,0.94624483,4.4597821,0,0.81198516,22.55
927,17,9808,1401,4pbr_2L7_A_401,1,unimol,0.66250773,0.94624483,3.4607658,0,0.98982832,19.23
928,17,10081,1440,4rm3_FOA_A_1000,1,unimol,0.66250773,0.94624483,4.1016927,0,0.99066461,18.09
929,17,10088,1441,4rm3_FOA_B_1000,1,unimol,0.66250773,0.94624483,3.976023,0,0.99223581,23.17
930,17,10151,1450,4tqi_6BD_B_201,1,unimol,0.66250773,0.94624483,4.4459767,0,0,24.76
931,17,10179,1454,4u2a_A2G_A_303,1,unimol,0.66250773,0.94624483,3.9396918,0,0.92950045,21.92
932,17,10214,1459,4u8y_MIY_B_1102,1,unimol,0.66250773,0.94624483,4.729857,0,0.9426336,33.94
933,17,10270,1467,4ud9_FQI_H_1257,1,unimol,0.66250773,0.94624483,4.3316436,0,0.99824518,15.75
934,17,10473,1496,4wqq_MAN_A_204,1,unimol,0.66250773,0.94624483,4.8783846,0,0.90842341,17.47
935,17,10480,1497,4wqq_MAN_C_204,1,unimol,0.66250773,0.94624483,4.8878703,0,0.93793687,18.49
936,17,10487,1498,4wqq_MAN_D_204,1,unimol,0.66250773,0.94624483,4.8783846,0,0.95995344,18.12
937,17,10578,1511,4xp3_DX4_A_401,1,unimol,0.66250773,0.94624483,3.4732862,0,0,15.7
938,17,10606,1515,4xv4_25T_A_302,1,unimol,0.66250773,0.94624483,3.006474,0,0.99723952,11.68
939,17,10648,1521,4yjs_4DN_A_701,1,unimol,0.66250773,0.94624483,4.4605141,0,0,22.53
940,17,10830,1547,4zib_4OG_A_512,1,unimol,0.66250773,0.94624483,4.4493709,0,0.97114356,20.64
941,17,11236,1605,5bwr_4VT_B_402,1,unimol,0.66250773,0.94624483,4.7020631,0,0,19.33
942,18,462,66,1foi_14W_B_810,0,surfdock,0.6681103,0.99982206,3.0373335,0,0,2.4186603
943,18,2276,325,1pvc_ILE_0_7,1,unimol,0.66558055,0.94756821,3.4868021,0,0,32.18
944,18,2864,409,1u2o_NEC_B_1002,1,unimol,0.66558055,0.94756821,3.7688477,0,0.98398553,21.81
945,18,3382,483,1z6k_OAA_A_274,1,unimol,0.66558055,0.94756821,3.7857425,0,0.95013558,27.5
946,18,4964,709,2pt6_S4M_B_502,1,unimol,0.66558055,0.94756821,4.5675879,0,0.97815566,23.43
947,18,4971,710,2pt6_S4M_C_503,1,unimol,0.66558055,0.94756821,4.5691071,0,0.95214038,23.98
948,18,5181,740,2qvr_CIT_A_335,1,unimol,0.66558055,0.94756821,4.0664277,0,0.9596157,18.65
949,18,5769,824,2xya_7L4_A_1181,1,unimol,0.66558055,0.94756821,3.0373335,0,0.97457555,21
950,18,5832,833,2ye5_2A7_A_1224,1,unimol,0.66558055,0.94756821,3.0373335,0,0.8793011,20.28
951,18,6224,889,3qss_MTG_A_405,1,unimol,0.66558055,0.94756821,3.8365304,0,0.9762163,19.67
952,18,6266,895,3r3z_GOA_A_305,1,unimol,0.66558055,0.94756821,4.1961193,0,0.970365,19.05
953,18,6273,896,3r3z_GOA_B_305,1,unimol,0.66558055,0.94756821,4.1961193,0,0,20.07
954,18,6280,897,3r3z_GOA_C_305,1,unimol,0.66558055,0.94756821,4.1961193,0,0.96495594,24.58
955,18,6287,898,3r3z_GOA_D_305,1,unimol,0.66558055,0.94756821,4.157897,0,0.95215468,18.05
956,18,6875,982,3wat_BGC_A_403,1,unimol,0.66558055,0.94756821,3.2826071,0,0.98657801,16.74
957,18,6882,983,3wat_BGC_B_403,1,unimol,0.66558055,0.94756821,3.2826071,0,0.98493243,21.46
958,18,6889,984,3wat_BMA_A_404,1,unimol,0.66558055,0.94756821,3.2546864,0,0,24.07
959,18,6896,985,3wat_BMA_B_404,1,unimol,0.66558055,0.94756821,3.2546864,0,0,22.58
960,18,7463,1066,4bdr_KAI_B_900,1,unimol,0.66558055,0.94756821,4.7942991,0,0.96895492,18.94
961,18,7806,1115,4cpp_ADM_A_422,1,unimol,0.66558055,0.94756821,4.8173008,0,0.9350857,15.99
962,18,8009,1144,4dch_GLC_A_501,1,unimol,0.66558055,0.94756821,3.4441907,0,0.98351441,19.51
963,18,8268,1181,4ekr_0R0_A_202,1,unimol,0.66558055,0.94756821,3.0373335,0,0.99177384,22.58
964,18,8275,1182,4ekr_0R0_B_203,1,unimol,0.66558055,0.94756821,3.0373335,0,0.99207739,21.16
965,18,9017,1288,4jh6_FCN_A_202,1,unimol,0.66558055,0.94756821,3.0373335,0,0.92701857,21.96
966,18,9024,1289,4jh6_FCN_B_202,1,unimol,0.66558055,0.94756821,3.0373335,0,0,19.64
967,18,9675,1382,4o7g_ASC_A_303,1,unimol,0.66558055,0.94756821,3.0373335,0,0,18.72
968,18,9682,1383,4o7g_ASC_B_303,1,unimol,0.66558055,0.94756821,3.0373335,0,0.97739772,23.43
969,18,9689,1384,4o7g_ASC_B_304,1,unimol,0.66558055,0.94756821,3.0373335,0,0,16.88
970,18,9731,1390,4ox5_DAL_A_307,1,unimol,0.66558055,0.94756821,4.307919,0,0,17.83
971,18,10522,1503,4x36_CHT_A_410,1,unimol,0.66558055,0.94756821,4.4086599,0,0.94872947,19.83
972,18,10529,1504,4x36_CHT_A_411,1,unimol,0.66558055,0.94756821,4.5678544,0,0.92654684,23.04
973,18,10536,1505,4x36_CHT_A_412,1,unimol,0.66558055,0.94756821,4.5511718,0,0.91100396,17.38
974,18,10641,1520,4y6n_3PG_A_402,1,unimol,0.66558055,0.94756821,4.4252577,0,0,22.37
975,18,11334,1619,5ci9_549_A_401,1,unimol,0.66558055,0.94756821,3.0373335,0,0.00047604393,22.62
976,18,11341,1620,5ci9_549_A_402,1,unimol,0.66558055,0.94756821,3.0373335,0,0.98041395,18.55
977,18,11404,1629,5d9w_ASC_A_301,1,unimol,0.66558055,0.94756821,5.0520043,0,0,18.73
978,18,11474,1639,5dne_ASN_A_601,1,unimol,0.66558055,0.94756821,3.0373335,0,0.98411263,21.5
979,18,11481,1640,5dne_ASN_B_601,1,unimol,0.66558055,0.94756821,3.0373335,0,0.97875276,21.32
980,18,11488,1641,5dne_ASN_C_601,1,unimol,0.66558055,0.94756821,3.0373335,0,0.98503793,27.63
981,18,11495,1642,5dne_ASN_D_601,1,unimol,0.66558055,0.94756821,3.0373335,0,0.9763926,22.55
982,18,11796,1685,5fe1_12Q_A_901,1,unimol,0.66558055,0.94756821,3.8781435,0,0.99322233,17.18
983,18,11803,1686,5fe1_12Q_B_901,1,unimol,0.66558055,0.94756821,3.8781435,0,0.99310914,18.53
984,18,11901,1700,5fp9_4SV_A_1342,1,unimol,0.66558055,0.94756821,4.6110406,0,0.95046191,19.41
985,18,11929,1704,5fuv_THM_A_1388,1,unimol,0.66558055,0.94756821,4.786324,0,0,19.02
986,18,12216,1745,5hpu_IPH_C_101,1,unimol,0.66558055,0.94756821,3.0373335,0,0.97854959,15.88
987,18,12321,1760,5i8s_LEA_A_202,1,unimol,0.66558055,0.94756821,3.6611733,0,0.98192232,21.32
988,18,12461,1780,5ip6_6C9_A_301,1,unimol,0.66558055,0.94756821,3.0373335,0,0,20.99
989,18,12923,1846,5lik_W8X_X_402,1,unimol,0.66558055,0.94756821,3.0526526,0,0.91823304,22.41
990,18,13140,1877,5nj0_8YW_A_301,1,unimol,0.66558055,0.94756821,4.2186823,0,0.95160543,26.85
991,18,13343,1906,5r0i_SYV_A_2501,1,unimol,0.66558055,0.94756821,5.0247974,0,0.99338809,16.11
992,19,2514,359,1s83_4HA_A_5,1,unimol,0.66818643,0.9489887,4.170876,0,0.96651693,23.09
993,19,3151,450,1x82_PA5_A_301,1,unimol,0.66818643,0.9489887,5.7594314,0,0.95094844,15.25
994,19,5706,815,2xoz_AMP_B_1664,1,unimol,0.66818643,0.9489887,4.533576,0,0,16.81
995,19,6196,885,3qhd_CTN_A_165,1,unimol,0.66818643,0.9489887,5.9460611,0,0.91463334,18.22
996,19,6203,886,3qhd_CTN_B_165,1,unimol,0.66818643,0.9489887,5.9455624,0,0.97521263,23.01
997,19,6966,995,3wk1_O7E_A_301,1,unimol,0.66818643,0.9489887,5.4176402,0,0,23.09
998,19,7120,1017,3zjq_NCA_A_300,1,unimol,0.66818643,0.9489887,4.7609324,0,0.98903597,21.59
999,19,7127,1018,3zjq_NCA_B_300,1,unimol,0.66818643,0.9489887,4.7609324,0,0.98803469,22.22
1000,19,7477,1068,4buv_16I_A_2165,1,unimol,0.66818643,0.9489887,4.3672338,0,0,19.24
1001,19,7484,1069,4buv_16I_C_2165,1,unimol,0.66818643,0.9489887,4.3924313,0,0,19.95
1002,19,8002,1143,4dch_4DC_A_502,1,unimol,0.66818643,0.9489887,3.8184454,0,0,24.92
1003,19,8121,1160,4dwv_PFB_A_378,1,unimol,0.66818643,0.9489887,3.0866003,0,0.98319331,18.1
1004,19,8128,1161,4dwv_PFB_B_378,1,unimol,0.66818643,0.9489887,3.0866003,0,0.98198648,16.19
1005,19,8359,1194,4fxr_BMP_A_301,1,unimol,0.66818643,0.9489887,5.8280106,0,0.9526753,18.12
1006,19,8366,1195,4fxr_BMP_B_301,1,unimol,0.66818643,0.9489887,5.780283,0,0.96170767,20.69
1007,19,8394,1199,4ghf_4NC_A_402,1,unimol,0.66818643,0.9489887,4.3582325,0,0.93823821,24.95
1008,19,8408,1201,4ghf_4NC_D_402,1,unimol,0.66818643,0.9489887,4.3582325,0,0.93203626,19.96
1009,19,8499,1214,4h9x_HL4_A_404,1,unimol,0.66818643,0.9489887,5.9602313,0,0.9850088,18.77
1010,19,8506,1215,4h9x_HL4_B_404,1,unimol,0.66818643,0.9489887,5.9602313,0,0.69167149,16.48
1011,19,9101,1300,4k5u_GAL_B_301,1,unimol,0.66818643,0.9489887,3.7634103,0,0.98416174,22.5
1012,19,9108,1301,4k5u_GAL_C_301,1,unimol,0.66818643,0.9489887,3.7800317,0,0.98466455,21.3
1013,19,9115,1302,4k5u_GAL_D_301,1,unimol,0.66818643,0.9489887,3.7973652,0,0.98754743,23.4
1014,19,9374,1339,4ma8_Z80_C_301,1,unimol,0.66818643,0.9489887,5.8861246,0,0.73788609,26.63
1015,19,9591,1370,4nf4_2JK_A_301,1,unimol,0.66818643,0.9489887,6.0048437,0,0,21.92
1016,19,10361,1480,4ur9_BK9_A_1717,1,unimol,0.66818643,0.9489887,5.8623958,0,0.99511855,24.41
1017,19,10494,1499,4ws2_6UA_A_303,1,unimol,0.66818643,0.9489887,4.7507582,0,0.9576682,13.4
1018,19,10501,1500,4ws6_WBU_A_301,1,unimol,0.66818643,0.9489887,5.0692601,0,0.96191823,19.65
1019,19,11110,1587,5af9_SJR_H_1250,1,unimol,0.66818643,0.9489887,5.0648584,0,5.5768495e-07,21.26
1020,19,11467,1638,5dmm_HCS_A_505,1,unimol,0.66818643,0.9489887,3.853827,0,0.48373169,21.48
1021,19,11999,1714,5g44_SWX_A_1511,1,unimol,0.66818643,0.9489887,5.6441503,0,0.95621643,25.99
1022,19,12188,1741,5hc0_NPO_A_407,1,unimol,0.66818643,0.9489887,5.5690112,0,0.94634404,19.63
1023,19,12797,1828,5kcp_PFB_A_379,1,unimol,0.66818643,0.9489887,3.0866003,0,0.044106051,21.61
1024,19,12804,1829,5kcp_PFB_B_378,1,unimol,0.66818643,0.9489887,3.0866003,0,0.95406069,15.12
1025,19,13056,1865,5mxh_GAL_A_401,1,unimol,0.66818643,0.9489887,3.7525191,0,0.92612869,19.08
1026,19,13063,1866,5mxh_GAL_A_402,1,unimol,0.66818643,0.9489887,3.7525191,0,0.94048845,20.17
1027,19,13070,1867,5mzj_TEP_A_2401,1,unimol,0.66818643,0.9489887,3.0866003,0,0,18.34
1028,19,13077,1868,5mzp_CFF_A_2401,1,unimol,0.66818643,0.9489887,3.0866003,0,0.98745026,23.6
1029,19,13595,1942,5tzr_MLI_A_2403,1,unimol,0.66818643,0.9489887,5.2785878,0,0.93019761,23.76
1030,19,13812,1973,5vjg_0BP_A_403,1,unimol,0.66818643,0.9489887,3.9556661,0,0.77175123,19.82
1031,19,13826,1975,5vl0_BNF_A_404,1,unimol,0.66818643,0.9489887,5.2472949,0,0.98251589,21.92
1032,19,13833,1976,5vl0_BNF_B_404,1,unimol,0.66818643,0.9489887,5.4312973,0,0.98161095,24.15
1033,19,13840,1977,5vl0_BNF_C_404,1,unimol,0.66818643,0.9489887,5.1483474,0,0.98575008,25.45
1034,19,13847,1978,5vl0_BNF_D_404,1,unimol,0.66818643,0.9489887,5.478137,0,0.98820202,25.95
1035,19,13966,1995,5wcz_NOJ_A_601,1,unimol,0.66818643,0.9489887,5.814805,0,0,20.06
1036,19,13973,1996,5wcz_NOJ_B_601,1,unimol,0.66818643,0.9489887,5.856276,0,0.75339008,20.3
1037,19,14400,2057,5z54_0HZ_A_303,1,unimol,0.66818643,0.9489887,3.1692545,0,0.9839039,21.72
1038,19,14407,2058,5z54_0HZ_B_303,1,unimol,0.66818643,0.9489887,3.1535327,0,0,18.48
1039,19,14414,2059,5z54_0HZ_C_303,1,unimol,0.66818643,0.9489887,3.1413071,0,0.97021343,21.81
1040,19,14421,2060,5z54_0HZ_D_303,1,unimol,0.66818643,0.9489887,3.1423686,0,0,25.18
1041,19,14946,2135,6dyt_PP3_B_1501,1,unimol,0.66818643,0.9489887,5.1103349,0,0,22.66
1042,20,2374,339,1q6r_LX1_B_9301,1,unimol,0.66933728,0.95032816,3.5849884,0,0,19.94
1043,20,3228,461,1xl0_OX2_A_998,1,unimol,0.66933728,0.95032816,3.2325065,0,0.99262944,21.79
1044,20,3774,539,2bgc_DTT_F_1238,1,unimol,0.66933728,0.95032816,3.2325065,0,0,34.54
1045,20,3781,540,2bgc_DTU_A_1238,1,unimol,0.66933728,0.95032816,3.2325065,0,0,26.62
1046,20,4117,588,2f3s_7GP_A_998,1,unimol,0.66933728,0.95032816,3.2325065,0,0.9892257,22.61
1047,20,4243,606,2fu9_MP2_A_1410,1,unimol,0.66933728,0.95032816,3.6620929,0,0.98259031,26.89
1048,20,4250,607,2fu9_MP2_B_2410,1,unimol,0.66933728,0.95032816,3.6590307,0,0.99086491,23.78
1049,20,4656,665,2jig_PD2_A_1254,1,unimol,0.66933728,0.95032816,4.365015,0,0.99521059,21.17
1050,20,5244,749,2r4t_GLC_A_502,1,unimol,0.66933728,0.95032816,4.3327332,0,0.97573251,16.81
1051,20,5384,769,2v7o_DRN_A_1303,1,unimol,0.66933728,0.95032816,3.3902559,0,0.90259409,21.17
1052,20,6259,894,3qxx_8AC_A_221,1,unimol,0.66933728,0.95032816,3.4213696,0,0.97202613,23.89
1053,20,6546,935,3u3o_3QV_A_296,1,unimol,0.66933728,0.95032816,3.8756576,0,0.99201587,22.9
1054,20,6553,936,3u3o_3QV_A_297,1,unimol,0.66933728,0.95032816,3.529392,0,0.98927618,17.9
1055,20,7057,1008,3wur_O4B_A_201,1,unimol,0.66933728,0.95032816,3.2325065,0,0.18494934,39.83
1056,20,7064,1009,3wur_O4B_B_204,1,unimol,0.66933728,0.95032816,3.2325065,0,0.057226008,23.25
1057,20,7113,1016,3zcm_PX3_B_1216,1,unimol,0.66933728,0.95032816,3.2325065,0,0,25.12
1058,20,7365,1052,4al9_GLA_B_1123,1,unimol,0.66933728,0.95032816,4.2329664,0,0.97171405,20.26
1059,20,7372,1053,4al9_GLA_E_1123,1,unimol,0.66933728,0.95032816,4.2329664,0,0.98367711,21.05
1060,20,7379,1054,4al9_GLA_G_1123,1,unimol,0.66933728,0.95032816,4.2329664,0,0.96471079,21.49
1061,20,7449,1064,4bbx_LKF_A_1760,1,unimol,0.66933728,0.95032816,3.678962,0,0,22.85
1062,20,7456,1065,4bbx_LKF_B_1760,1,unimol,0.66933728,0.95032816,3.5022914,0,0,18.69
1063,20,7519,1074,4bz6_SHH_A_700,1,unimol,0.66933728,0.95032816,4.5767636,0,0.93972826,23.96
1064,20,7526,1075,4bz6_SHH_B_700,1,unimol,0.66933728,0.95032816,4.5530729,0,0.95147877,27.45
1065,20,7533,1076,4bz6_SHH_C_700,1,unimol,0.66933728,0.95032816,4.5530729,0,0.94664435,23.66
1066,20,7540,1077,4bz6_SHH_D_700,1,unimol,0.66933728,0.95032816,4.5767636,0,0.92309055,27.15
1067,20,7610,1087,4cjs_L0Y_B_1217,1,unimol,0.66933728,0.95032816,3.2325065,0,0.96678194,23.5
1068,20,7617,1088,4cju_JNS_A_1217,1,unimol,0.66933728,0.95032816,3.2325065,0,0.92148333,20.66
1069,20,7624,1089,4cju_JNS_B_1214,1,unimol,0.66933728,0.95032816,3.2325065,0,0.98273282,19.28
1070,21,3655,522,2agw_TSS_D_3001,1,unimol,0.67027122,0.95108176,4.4278455,0,0,16.65
1071,21,3662,523,2agw_TSS_H_2001,1,unimol,0.67027122,0.95108176,4.4445791,0,0,20.21
1072,21,5531,790,2wch_B7M_A_1145,1,unimol,0.67027122,0.95108176,4.3076811,0,0.98608675,21.51
1073,21,6693,956,3vmg_9CA_B_2001,1,unimol,0.67027122,0.95108176,4.2701344,0,0,23.3
1074,21,6700,957,3vmg_9CA_C_2002,1,unimol,0.67027122,0.95108176,4.3156905,0,0,23.9
1075,21,7071,1010,3wwc_BUA_A_403,1,unimol,0.67027122,0.95108176,4.9822903,0,0.98285024,14.45
1076,21,7176,1025,3zwe_FUC_A_110,1,unimol,0.67027122,0.95108176,4.2306499,0,0.97461679,17.4
1077,21,7183,1026,3zwe_FUC_B_110,1,unimol,0.67027122,0.95108176,4.2306499,0,0.97349123,15.19
1078,21,7190,1027,3zwe_FUC_C_110,1,unimol,0.67027122,0.95108176,4.2306499,0,0.97849478,18.53
1079,21,7246,1035,4a7a_RGZ_A_601,1,unimol,0.67027122,0.95108176,6.0181508,0,0.99223694,24.41
1080,21,8492,1213,4h9g_14J_A_512,1,unimol,0.67027122,0.95108176,4.4367313,0,0.97718225,17.86
1081,21,8576,1225,4hoz_GLC_A_703,1,unimol,0.67027122,0.95108176,6.0748935,0,0,17.31
1082,21,9122,1303,4k90_MLA_A_704,1,unimol,0.67027122,0.95108176,5.3410969,0,0.87380436,20.13
1083,21,9304,1329,4luu_BTM_A_704,1,unimol,0.67027122,0.95108176,5.2996392,0,0,20.24
1084,21,9325,1332,4lz3_BTM_A_409,1,unimol,0.67027122,0.95108176,5.1431522,0,0.98622247,20.26
1085,21,9479,1354,4mux_2E4_A_402,1,unimol,0.67027122,0.95108176,5.3579907,0,0,19.93
1086,21,10025,1432,4rcv_DE2_A_403,1,unimol,0.67027122,0.95108176,5.6017938,0,0.80684301,19.87
1087,21,11215,1602,5bkd_RCF_A_503,1,unimol,0.67027122,0.95108176,5.127676,0,0,23.8
1088,21,11502,1643,5dnx_5LD_A_203,1,unimol,0.67027122,0.95108176,4.2840252,0,0.97989056,15.71
1089,21,11509,1644,5dnx_5LD_B_205,1,unimol,0.67027122,0.95108176,4.4047213,0,0.91687414,25.13
1090,21,12132,1733,5h24_LQG_A_501,1,unimol,0.67027122,0.95108176,5.2933569,0,0.9911564,23.01
1091,21,12160,1737,5h8q_5YE_B_302,1,unimol,0.67027122,0.95108176,5.1078525,0,0.99544219,21.57
1092,21,12531,1790,5j4k_6FZ_A_404,1,unimol,0.67027122,0.95108176,4.5514622,0,0.96632288,18.35
1093,21,12664,1809,5je1_TOF_A_302,1,unimol,0.67027122,0.95108176,5.403183,0,0,16.39
1094,21,12671,1810,5je1_TOF_B_302,1,unimol,0.67027122,0.95108176,5.4418573,0,0,13.76
1095,21,12748,1821,5joy_6LW_A_602,1,unimol,0.67027122,0.95108176,4.0549946,0,0.95993939,21.93
1096,21,12755,1822,5joy_6LW_B_602,1,unimol,0.67027122,0.95108176,4.0549946,0,0.93147422,19.96
1097,21,12937,1848,5lu8_5KN_A_306,1,unimol,0.67027122,0.95108176,5.9137478,0,1.5998133e-06,19.75
1098,21,13322,1903,5oo4_URI_A_201,1,unimol,0.67027122,0.95108176,4.1992526,0,0,17.52
1099,21,13329,1904,5ooa_URI_A_201,1,unimol,0.67027122,0.95108176,4.1417747,0,0,20.08
1100,21,13728,1961,5uio_LG3_E_201,1,unimol,0.67027122,0.95108176,6.2235794,0,0.99514181,22.7
1101,21,13798,1971,5ve5_GSH_B_402,1,unimol,0.67027122,0.95108176,3.8172469,0,0.48849352,20.17
1102,21,14015,2002,5wqp_NCA_A_302,1,unimol,0.67027122,0.95108176,5.630003,0,0.98082532,14.27
1103,21,14449,2064,5z9p_AX7_B_301,1,unimol,0.67027122,0.95108176,4.2143431,0,0,15.29
1104,21,14645,2092,6axu_BTM_A_401,1,unimol,0.67027122,0.95108176,5.3288651,0,0.98805821,24.39
1105,21,14778,2111,6c17_DNX_A_202,1,unimol,0.67027122,0.95108176,3.2907133,0,0.91605381,18.3
1106,21,14827,2118,6cgc_F0A_B_402,1,unimol,0.67027122,0.95108176,4.4235525,0,0,23.97
1107,21,15303,2186,6fw0_E92_A_602,1,unimol,0.67027122,0.95108176,4.9931555,0,0.99212087,22.96
1108,21,15520,2217,6i6r_H62_A_704,1,unimol,0.67027122,0.95108176,3.823776,0,0.60889849,19.27
1109,21,16038,2291,6n9r_OHN_A_303,1,unimol,0.67027122,0.95108176,5.8434358,0,0,25.28
1110,21,16045,2292,6n9r_OHN_P_308,1,unimol,0.67027122,0.95108176,5.9022436,0,0,25.66
1111,21,16052,2293,6n9r_OHN_X_305,1,unimol,0.67027122,0.95108176,5.7489433,0,0.52429221,21.81
1112,21,16521,2360,6pvi_OZ7_A_501,1,unimol,0.67027122,0.95108176,5.8930573,0,0,23.79
1113,21,16717,2388,6r4j_GLU_A_704,1,unimol,0.67027122,0.95108176,5.9825568,0,0,24.31
1114,21,16787,2398,6rbx_JYT_A_301,1,unimol,0.67027122,0.95108176,6.1270633,0,0.97331559,23.26
1115,21,16878,2411,6rum_TOP_A_301,1,unimol,0.67027122,0.95108176,6.199759,0,0.9743454,20.54
1116,21,16885,2412,6s23_KSW_A_402,1,unimol,0.67027122,0.95108176,4.1386843,0,0.97221637,24.97
1117,21,16892,2413,6s23_KSW_A_403,1,unimol,0.67027122,0.95108176,4.3972888,0,0.99324105,24.23
1118,21,16955,2422,6si4_LEK_A_402,1,unimol,0.67027122,0.95108176,4.1744018,0,0.99375653,18.79
1119,21,17144,2449,6to7_SUV_A_401,1,unimol,0.67027122,0.95108176,3.2907133,0,0.9844912,28.12
1120,22,3970,567,2coj_GBN_B_420,1,unimol,0.66512775,0.95243376,4.1079345,0,0.98307273,24.31
1121,22,9283,1326,4lm7_U5P_A_201,1,unimol,0.66512775,0.95243376,3.3330538,0,0.86152891,18.8
1122,22,9437,1348,4mop_2H5_A_802,1,unimol,0.66512775,0.95243376,3.3493524,0,0.91595387,22.32
1123,22,9486,1355,4n36_2F8_A_401,1,unimol,0.66512775,0.95243376,3.3330538,0,0.97125361,17.08
1124,22,9493,1356,4n36_2F8_B_401,1,unimol,0.66512775,0.95243376,3.3330538,0,0.96049557,20.74
1125,22,9500,1357,4n36_2F8_C_401,1,unimol,0.66512775,0.95243376,3.3330538,0,0.95707559,22.8
1126,22,9507,1358,4n36_2F8_D_401,1,unimol,0.66512775,0.95243376,3.3330538,0,0.9240054,22.69
1127,22,9969,1424,4r08_URI_A_901,1,unimol,0.66512775,0.95243376,3.8825626,0,0,26.17
1128,22,9976,1425,4r08_URI_B_901,1,unimol,0.66512775,0.95243376,3.915853,0,0,27.43
1129,22,9983,1426,4r08_URI_D_901,1,unimol,0.66512775,0.95243376,3.9109082,0,0,30.32
1130,22,10368,1481,4ur9_OAN_A_1718,1,unimol,0.66512775,0.95243376,3.4663777,0,0,23.76
1131,22,10613,1516,4xz9_G3P_C_302,1,unimol,0.66512775,0.95243376,3.3330538,0,0.95554234,20.6
1132,22,11754,1679,5faj_DCS_B_401,1,unimol,0.66512775,0.95243376,3.3330538,0,0.9597297,26.47
1133,22,11761,1680,5faj_DCS_D_401,1,unimol,0.66512775,0.95243376,3.3330538,0,0.97271179,22.81
1134,22,12349,1764,5i9m_69K_A_302,1,unimol,0.66512775,0.95243376,3.6743264,0,0.98917837,17.37
1135,22,12356,1765,5i9m_69K_B_302,1,unimol,0.66512775,0.95243376,3.6668394,0,0.9888055,19.09
1136,22,12363,1766,5i9m_69K_C_302,1,unimol,0.66512775,0.95243376,3.668709,0,0.9894816,15.74
1137,22,12426,1775,5in3_G1P_A_416,1,unimol,0.66512775,0.95243376,3.3330538,0,0.98369825,19.81
1138,22,13000,1857,5m62_BGC_A_409,1,unimol,0.66512775,0.95243376,3.3330538,0,0,15.22
1139,22,14834,2119,6cgn_DA_A_801,1,unimol,0.66512775,0.95243376,3.5657506,0,0.9779484,23.54
1140,22,14981,2140,6e43_BEZ_A_502,1,unimol,0.66512775,0.95243376,3.3330538,0,0.96889248,17.64
1141,22,14988,2141,6e43_BEZ_B_502,1,unimol,0.66512775,0.95243376,3.3330538,0,0.98789407,18.52
1142,22,14995,2142,6e43_BEZ_C_502,1,unimol,0.66512775,0.95243376,3.3330538,0,0.9766264,20.59
1143,22,15002,2143,6e43_BEZ_D_502,1,unimol,0.66512775,0.95243376,3.3330538,0,0.97326257,23.33
1144,22,16199,2314,6nig_NAG_A_604,1,unimol,0.66512775,0.95243376,3.3330538,0,0,32.49
1145,22,16206,2315,6nig_NAG_B_803,1,unimol,0.66512775,0.95243376,3.3330538,0,0,31.93
1146,22,16213,2316,6nig_NAG_C_802,1,unimol,0.66512775,0.95243376,3.3330538,0,0,29.44
1147,22,16220,2317,6nig_NAG_D_602,1,unimol,0.66512775,0.95243376,3.3330538,0,0,28.56
1148,22,16528,2361,6q4b_HHN_A_301,1,unimol,0.66512775,0.95243376,3.3330538,0,0.98043184,12.95
1149,22,17641,2520,6zi7_RAM_D_503,1,unimol,0.66512775,0.95243376,4.0462513,0,0,26.98
1150,22,12383,1769,5ihe_D5M_A_701,0,surfdock,0.63683702,0.90408824,3.3896511,0,0,3.4489489
1151,22,14091,2013,5x5d_UMP_E_401,0,surfdock,0.57984471,0.90378851,3.3330538,0,0.96373128,3.5265522
1152,22,12250,1750,5hxi_5HN_A_403,0,surfdock,0.55237084,0.90360868,3.3330538,0,0.99486855,2.2887044
1153,22,4095,585,2eus_ABN_A_400,0,surfdock,0.49800425,0.90354874,3.9739804,0,0.9957896,2.8986423
1154,22,4564,652,2iyq_SKM_A_201,0,surfdock,0.49342582,0.90240978,3.3330538,0,0.94684248,2.6745464
1155,22,3829,547,2bs8_NAG_A_1177,0,surfdock,0.49253369,0.90228989,3.5151279,0,0.91733601,2.698787
1156,22,11515,1645,5dw3_TRP_B_402,0,surfdock,0.49175666,0.90169044,3.9926112,0,0,3.2947123
1157,22,4424,632,2hdk_COI_B_900,0,surfdock,0.49171191,0.90127083,3.3330538,0,0,2.5540992
1158,22,2912,416,1v03_BGC_A_1498,0,surfdock,0.49153782,0.901091,3.4376049,0,0.91451413,3.777401
1159,22,4452,636,2huu_ALA_A_701,0,surfdock,0.49153782,0.901091,3.3330538,0,0.96467164,2.1274596
1160,22,9898,1414,4q3a_2YC_C_904,0,surfdock,0.49153782,0.901091,3.7821445,0,0.92837893,3.5834887
1161,22,5103,729,2qd4_CHD_A_803,0,surfdock,0.49050122,0.90061144,3.3330538,0,0,3.5896988
1162,22,9996,1428,4r2n_PHE_D_402,0,surfdock,0.49040863,0.9004316,3.536011,0,0.74142151,2.7501152
1163,22,3745,535,2bdg_PBZ_A_301,0,surfdock,0.49027332,0.8998921,3.3330538,0,0.99473734,2.3940752
1164,22,3752,536,2bdg_PBZ_B_302,0,surfdock,0.49027157,0.89959238,3.3330538,0,0.99058278,2.4899735
1165,22,10360,1480,4ur9_BK9_A_1717,0,surfdock,0.49026983,0.89923271,3.8115702,0,0.99030694,2.3976254
1166,22,6503,929,3tye_XHP_B_901,0,surfdock,0.49026494,0.89851337,3.7217398,0,0.99356677,2.8008604
1167,22,3717,531,2as1_TP5_A_500,0,surfdock,0.49026488,0.89845342,3.4117577,0,0.84014149,2.3467861
1168,22,7105,1015,3zbs_OVE_A_1380,0,surfdock,0.49026428,0.89827359,3.3330538,0,0,3.4471891
1169,22,5509,787,2w1a_TSA_C_1091,0,surfdock,0.49026364,0.89803381,3.8854773,0,0.94764895,2.9793082
1170,23,9940,1420,4qe1_RUU_A_403,0,surfdock,0.97365206,1,4.1445737,0,0,2.480637
1171,23,197,28,1ca7_ENO_A_501,1,unimol,0.6644291,0.95277177,3.3738155,0,0.90604403,19.14
1172,23,204,29,1ca7_ENO_B_601,1,unimol,0.6644291,0.95277177,3.3738155,0,0.95974611,21.01
1173,23,211,30,1ca7_ENO_C_701,1,unimol,0.6644291,0.95277177,3.3739605,0,0.90243739,16.62
1174,23,7211,1030,4a01_2PN_A_1773,1,unimol,0.6644291,0.95277177,3.2971244,0,0,21.91
1175,23,7218,1031,4a01_2PN_B_1773,1,unimol,0.6644291,0.95277177,3.3132045,0,0,22.45
1176,23,7897,1128,4d0z_BBK_A_1581,1,unimol,0.6644291,0.95277177,5.8217053,0,0.9382103,27.14
1177,23,7904,1129,4d0z_BBK_B_1580,1,unimol,0.6644291,0.95277177,5.7912297,0,0,25.61
1178,23,7911,1130,4d0z_BBK_E_1584,1,unimol,0.6644291,0.95277177,5.7067666,0,0,28.06
1179,23,8247,1178,4ejh_0QA_D_502,1,unimol,0.6644291,0.95277177,5.4175715,0,0.68886984,27.46
1180,23,9269,1324,4lcq_URQ_A_603,1,unimol,0.6644291,0.95277177,5.906496,0,0.92246362,20.89
1181,23,9528,1361,4n4j_HG1_A_607,1,unimol,0.6644291,0.95277177,5.9122553,0,0.90865764,26.55
1182,23,9647,1378,4npm_SIN_B_301,1,unimol,0.6644291,0.95277177,5.1944289,0,0.68122719,15.84
1183,23,9696,1385,4o95_245_A_602,1,unimol,0.6644291,0.95277177,5.1828613,0,0.98405158,19.81
1184,23,10599,1514,4xti_IMP_B_601,1,unimol,0.6644291,0.95277177,5.0794339,0,0,25.94
1185,23,10998,1571,5a66_3PO_A_1000,1,unimol,0.6644291,0.95277177,4.2171292,0,0.80998541,24.78
1186,23,11005,1572,5a66_3PO_B_1000,1,unimol,0.6644291,0.95277177,4.1017146,0,0.93241025,22.61
1187,23,11362,1623,5cpn_531_A_401,1,unimol,0.6644291,0.95277177,6.1805959,0,0.95912631,24
1188,23,11369,1624,5cpn_531_B_401,1,unimol,0.6644291,0.95277177,6.1805959,0,0,21.68
1189,23,12867,1838,5l1u_7PF_A_401,1,unimol,0.6644291,0.95277177,4.0446744,0,0,19.6
1190,23,12874,1839,5l1v_7PF_A_401,1,unimol,0.6644291,0.95277177,4.056181,0,0,22.28
1191,23,12944,1849,5lwy_OLB_A_402,1,unimol,0.6644291,0.95277177,5.8417902,0,0,38.16
1192,23,12951,1850,5lwy_OLB_A_403,1,unimol,0.6644291,0.95277177,3.9329967,0,0,30.35
1193,23,12958,1851,5lwy_OLB_A_404,1,unimol,0.6644291,0.95277177,6.0690198,0,0,31.53
1194,23,12965,1852,5lwy_OLB_A_407,1,unimol,0.6644291,0.95277177,5.968286,0,0,37.46
1195,23,12972,1853,5lwy_OLB_A_409,1,unimol,0.6644291,0.95277177,5.9764781,0,0.90933075,30.43
1196,23,13308,1901,5oip_9WE_A_302,1,unimol,0.6644291,0.95277177,4.6181102,0,0.98589462,18.35
1197,23,13434,1919,5t85_44G_L_301,1,unimol,0.6644291,0.95277177,5.734745,0,0,27.95
1198,23,14435,2062,5z9b_HX3_A_303,1,unimol,0.6644291,0.95277177,5.553143,0,0.99146747,19.12
1199,23,14442,2063,5z9b_HX3_B_303,1,unimol,0.6644291,0.95277177,5.553143,0,0.98667353,19.18
1200,23,15534,2219,6ijp_IMP_A_402,1,unimol,0.6644291,0.95277177,5.8963127,0,0,15.62
1201,23,15555,2222,6j4t_IMP_A_401,1,unimol,0.6644291,0.95277177,6.0585179,0,0,15.86
1202,23,16549,2364,6q4r_MLT_A_1041,1,unimol,0.6644291,0.95277177,4.6388965,0,0,21.35
1203,23,17256,2465,6ufd_Q6D_A_305,1,unimol,0.6644291,0.95277177,5.819006,0,0.97896061,25.26
1204,23,17333,2476,6v9f_QTS_B_2001,1,unimol,0.6644291,0.95277177,5.736783,0,0.99388312,21.38
1205,23,17508,2501,6xp1_T2C_A_401,1,unimol,0.6644291,0.95277177,4.9011331,0,0.98470695,23.2
1206,23,17571,2510,6yaw_P9H_B_502,1,unimol,0.6644291,0.95277177,6.0346141,0,0.96220098,25.7
1207,23,17760,2537,7jo3_VGS_A_302,1,unimol,0.6644291,0.95277177,6.0482111,0,0.97441824,23.92
1208,23,2779,397,1tt6_DES_B_128,0,surfdock,0.56059912,0.90533309,5.5064387,0,0.3116108,3.0354246
1209,23,15855,2265,6lql_F0C_A_702,0,surfdock,0.56059912,0.90533309,6.1774449,0,0.9818878,3.441678
1210,23,3563,509,1zpd_CIT_E_610,0,surfdock,0.56059356,0.90512266,5.6154394,0,0.98209188,2.837468
1211,23,8827,1261,4i9n_1E5_G_402,0,surfdock,0.55875471,0.90464165,5.8939719,0,0.86354281,3.3980331
1212,23,12418,1774,5ijz_AKG_E_502,0,surfdock,0.55626421,0.9037999,6.1429286,0,0.97827861,2.5237447
1213,23,13790,1970,5v7y_AKG_B_302,0,surfdock,0.55619436,0.90373978,5.7731872,0,0,2.7878618
1214,23,10605,1515,4xv4_25T_A_302,0,surfdock,0.55580975,0.90349928,5.6464796,0,0.99781225,2.100988
1215,23,1603,229,1l5o_2MP_A_990,0,surfdock,0.5557808,0.90223665,5.3851871,0,0.99710042,2.0019325
1216,23,13342,1906,5r0i_SYV_A_2501,0,surfdock,0.55577835,0.9021164,4.6997089,0,0.99776035,2.1647542
1217,23,3227,461,1xl0_OX2_A_998,0,surfdock,0.55577216,0.90151515,5.863595,0,0.99585109,3.3628527
1218,23,7077,1011,3wxo_NIZ_A_803,0,surfdock,0.55577176,0.9013949,5.3380365,0,0.0014440756,2.3828514
1219,23,10087,1441,4rm3_FOA_B_1000,0,surfdock,0.55576895,0.9011544,5.9501276,0,0.98819616,2.2897393
1220,24,2122,303,1p2s_ETF_A_400,1,unimol,0.65926319,0.95386564,2.837312,0,0.7009665,20.72
1221,24,3956,565,2ci0_1CM_A_1450,1,unimol,0.65926319,0.95386564,2.837312,0,0,19.31
1222,24,4614,659,2j9e_AKG_C_1119,1,unimol,0.65926319,0.95386564,3.5821471,0,0.96067827,25.69
1223,24,9654,1379,4nr9_ALY_A_2005,1,unimol,0.65926319,0.95386564,2.837312,0,0.98503991,33.47
1224,24,9738,1391,4oxy_1TN_A_302,1,unimol,0.65926319,0.95386564,2.837312,0,0.97494096,18.3
1225,24,9745,1392,4oxy_1TN_D_302,1,unimol,0.65926319,0.95386564,2.837312,0,0.99031155,22.69
1226,24,10158,1451,4trj_665_A_501,1,unimol,0.65926319,0.95386564,2.9085886,0,0.97642702,18.98
1227,24,12097,1728,5gwx_SAR_A_302,1,unimol,0.65926319,0.95386564,2.837312,0,0.89604445,17.95
1228,24,13315,1902,5oir_9W8_A_302,1,unimol,0.65926319,0.95386564,2.837312,0,0.88519895,20.38
1229,24,13700,1957,5uio_8DM_A_202,1,unimol,0.65926319,0.95386564,2.837312,0,0.96228972,22.86
1230,24,13707,1958,5uio_8DM_C_202,1,unimol,0.65926319,0.95386564,2.837312,0,0.9648822,19.19
1231,24,13714,1959,5uio_8DM_D_202,1,unimol,0.65926319,0.95386564,2.837312,0,0.97178992,17.03
1232,24,13721,1960,5uio_8DM_E_202,1,unimol,0.65926319,0.95386564,2.837312,0,0.97354823,21.23
1233,24,13735,1962,5uj3_CE4_A_302,1,unimol,0.65926319,0.95386564,2.9051292,0,0.97415116,21.51
1234,24,14204,2029,5y7a_KYN_A_502,1,unimol,0.65926319,0.95386564,2.837312,0,0,21.22
1235,24,14806,2115,6c6w_TFX_A_502,1,unimol,0.65926319,0.95386564,2.837312,0,0.92190229,23.78
1236,24,14813,2116,6cdy_EY1_A_501,1,unimol,0.65926319,0.95386564,2.837312,0,0,23.05
1237,24,14820,2117,6cdy_EY1_B_501,1,unimol,0.65926319,0.95386564,2.837312,0,0,24.27
1238,24,15926,2275,6mae_JBA_A_301,1,unimol,0.65926319,0.95386564,2.837312,0,0,20.91
1239,24,16535,2362,6q4k_HHW_A_301,1,unimol,0.65926319,0.95386564,2.837312,0,0.9802355,19.6
1240,24,16542,2363,6q4k_HHW_A_302,1,unimol,0.65926319,0.95386564,2.837312,0,0.97261115,17.04
1241,24,17277,2468,6ur0_ETM_A_401,1,unimol,0.65926319,0.95386564,2.837312,0,0.76054029,16.53
1242,24,17284,2469,6ur0_ETM_B_401,1,unimol,0.65926319,0.95386564,2.837312,0,0.96809039,21.65
1243,24,17438,2491,6wdv_TWM_A_701,1,unimol,0.65926319,0.95386564,3.3812671,0,0.86864687,26.15
1244,24,17669,2524,7a2h_QX2_A_401,1,unimol,0.65926319,0.95386564,2.9451189,0,0.9754679,13.97
1245,24,17753,2536,7jis_VBS_A_1101,1,unimol,0.65926319,0.95386564,3.0470138,0,0.99448006,21.78
1246,24,10269,1467,4ud9_FQI_H_1257,0,surfdock,0.58458286,0.90646484,2.8744779,0,0.99553818,2.5610052
1247,24,7630,1090,4cjv_IV2_A_1212,0,surfdock,0.58455479,0.90634423,2.837312,0,0.99438721,2.6106814
1248,25,3326,475,1yik_MM1_A_501,1,unimol,0.66169097,0.95457291,4.4781322,0,0.66515264,17.22
1249,25,4985,712,2pvy_ACP_A_802,1,unimol,0.66169097,0.95457291,4.5745969,0,0.98687089,17.33
1250,25,4992,713,2pvy_ACP_D_802,1,unimol,0.66169097,0.95457291,4.5915937,0,0.96954153,22.74
1251,25,6609,944,3v7u_MTA_A_301,1,unimol,0.66169097,0.95457291,4.7995319,0,0.71963435,25.8
1252,25,6616,945,3v7u_MTA_A_302,1,unimol,0.66169097,0.95457291,4.8205094,0,0.94818033,23.24
1253,25,8436,1205,4gnp_PEP_A_703,1,unimol,0.66169097,0.95457291,4.8705592,0,0.95707198,20.8
1254,25,8583,1226,4hrq_AZG_B_201,1,unimol,0.66169097,0.95457291,4.994318,0,0,17.92
1255,25,8674,1239,4i0g_1B9_A_504,1,unimol,0.66169097,0.95457291,3.5010486,0,0.98539928,23.29
1256,25,9038,1291,4jmz_1M2_A_302,1,unimol,0.66169097,0.95457291,4.0185523,0,0.99511189,17.31
1257,25,9458,1351,4mpr_TPP_A_602,1,unimol,0.66169097,0.95457291,4.367794,0,0.95581788,17.75
1258,25,9927,1418,4qbz_D80_A_917,1,unimol,0.66169097,0.95457291,4.4787145,0,0.89518882,22.22
1259,25,11180,1597,5awd_IDQ_A_901,1,unimol,0.66169097,0.95457291,4.6595187,0,4.1607498e-09,29.7
1260,25,11292,1613,5cak_4Z9_A_802,1,unimol,0.66169097,0.95457291,4.9482727,0,0,23.92
1261,25,13350,1907,5r0j_RBJ_B_401,1,unimol,0.66169097,0.95457291,2.8363762,0,0.94617903,17.29
1262,25,14022,2003,5x0j_SEP_A_302,1,unimol,0.66169097,0.95457291,4.7962809,0,0,17.62
1263,25,14197,2028,5y1g_AKB_A_401,1,unimol,0.66169097,0.95457291,2.8363762,0,0,15.05
1264,25,14477,2068,5zge_ZZ7_A_301,1,unimol,0.66169097,0.95457291,4.7517247,0,0.93609056,19.41
1265,25,14484,2069,5zgr_ZZ7_A_303,1,unimol,0.66169097,0.95457291,4.811121,0,0.94264671,20.59
1266,25,14491,2070,5zgr_ZZ7_B_303,1,unimol,0.66169097,0.95457291,4.8044577,0,0.93892784,23.09
1267,25,15688,2241,6krs_CIT_B_301,1,unimol,0.66169097,0.95457291,2.8363762,0,0.89600046,26.02
1268,25,15695,2242,6krs_CIT_C_301,1,unimol,0.66169097,0.95457291,2.8363762,0,0.92480209,30.61
1269,25,15702,2243,6krs_CIT_D_301,1,unimol,0.66169097,0.95457291,2.8363762,0,0.93287703,26.03
1270,25,15709,2244,6krs_CIT_F_301,1,unimol,0.66169097,0.95457291,2.8363762,0,0.89264526,25.2
1271,25,15716,2245,6krs_CIT_G_301,1,unimol,0.66169097,0.95457291,2.8363762,0,0.88727106,29.47
1272,25,15723,2246,6krs_CIT_H_301,1,unimol,0.66169097,0.95457291,2.8363762,0,0.89309537,32.57
1273,25,15730,2247,6krs_CIT_I_301,1,unimol,0.66169097,0.95457291,2.8363762,0,0.93918274,24.34
1274,25,15737,2248,6krs_CIT_J_301,1,unimol,0.66169097,0.95457291,2.8363762,0,0.8965839,27.83
1275,25,16241,2320,6nnn_G1P_A_503,1,unimol,0.66169097,0.95457291,3.1634533,0,0.8018727,22.92
1276,25,16248,2321,6nnp_G6P_A_502,1,unimol,0.66169097,0.95457291,3.8540528,0,0.88132966,15.73
1277,25,16255,2322,6ny7_L8J_A_303,1,unimol,0.66169097,0.95457291,2.8363762,0,0,19.08
1278,25,17291,2470,6urx_JMG_A_316,1,unimol,0.66169097,0.95457291,4.4106979,0,0.98789856,14.91
1279,25,1478,211,1kfc_IPL_A_674,1,unimol,0.6598498,0.90890419,4.5123286,0,0.94924874,21.32
1280,25,16121,2303,6ng5_KMD_A_803,0,surfdock,0.59836968,0.90848133,3.1766179,0,0.80596235,3.8259386
1281,25,12033,1719,5g6k_M94_A_904,0,surfdock,0.59834474,0.90836052,3.8757749,0,0,3.4031997
1282,25,16429,2347,6paf_O6A_A_509,0,surfdock,0.59784174,0.9082397,4.716557,0,0.98378176,4.0674754
1283,25,9555,1365,4n94_2HO_A_401,0,surfdock,0.59580663,0.90781684,2.8363762,0,0.0019292408,2.3723205
1284,25,546,78,1g6n_CMP_A_621,0,surfdock,0.59579249,0.90757521,3.6059294,0,5.0567369e-07,3.7318588
1285,25,4655,665,2jig_PD2_A_1254,0,surfdock,0.59577856,0.90739398,4.4840899,0,0,2.7679589
1286,25,13727,1961,5uio_LG3_E_201,0,surfdock,0.59577668,0.90727317,2.8678722,0,0.99610047,2.1445626
1287,25,5481,783,2vp5_DCZ_B_1210,0,surfdock,0.59572812,0.90642745,4.5773821,0,0.98266904,3.2209315
1288,25,8638,1234,4i02_CMP_D_301,0,surfdock,0.59570884,0.90600459,4.8460274,0,0.95881996,3.6493132
1289,25,3668,524,2ahc_VNL_A_166,0,surfdock,0.59570704,0.90594418,3.6540186,0,0.14034678,2.764443
1290,25,553,79,1g6n_CMP_B_622,0,surfdock,0.59570305,0.90582337,3.6059294,0,0,3.7591926
1291,25,1862,266,1mvc_BM6_A_200,0,surfdock,0.59569539,0.90570255,2.8363762,0,0.99246354,4.6687388
1292,25,8274,1182,4ekr_0R0_B_203,0,surfdock,0.59569319,0.90552132,2.8363762,0,0,2.5570276
1293,25,15330,2190,6gck_EUB_A_302,0,surfdock,0.59568961,0.90540051,2.8363762,0,0.82353599,3.3976825
1294,25,8267,1181,4ekr_0R0_A_202,0,surfdock,0.59568492,0.90521928,2.8363762,0,0.9971705,2.5520904
1295,25,3990,570,2d20_NPO_B_953,0,surfdock,0.59568095,0.90515887,3.8508005,0,0.99645267,2.2700549
1296,25,5425,775,2vjb_CCD_B_1540,0,surfdock,0.59566892,0.90479642,2.8363762,0,0.00014870783,2.4682249
1297,25,1547,221,1kwc_BPY_B_401,0,surfdock,0.59566831,0.90467561,3.443707,0,0.99651389,2.9560349
1298,26,11516,1645,5dw3_TRP_B_402,1,unimol,0.67272382,0.99963645,3.7071326,0,0,21.49
1299,26,5054,722,2qb4_DSM_A_801,0,surfdock,0.66605279,0.99957586,3.1506839,0,0.9771008,3.6124669
1300,26,2045,292,1o68_KIV_A_275,1,unimol,0.66407876,0.95543505,2.7672558,0,0.96902026,18.94
1301,26,2052,293,1o68_KIV_B_275,1,unimol,0.66407876,0.95543505,2.7672558,0,0.97842617,19.4
1302,26,3410,487,1zdq_MSM_A_1507,1,unimol,0.66407876,0.95543505,4.7361236,0,0.99225512,21.29
1303,26,3417,488,1zdq_MSM_C_1509,1,unimol,0.66407876,0.95543505,4.7361236,0,0.99510619,21.62
1304,26,4355,622,2gnm_MAN_A_253,1,unimol,0.66407876,0.95543505,3.3776584,0,0.95594477,19.4
1305,26,5034,719,2q6m_P34_A_1001,1,unimol,0.66407876,0.95543505,4.5505066,0,0,20.72
1306,26,5874,839,2z20_PLP_B_801,1,unimol,0.66407876,0.95543505,4.7233567,0,0.99387726,21.5
1307,26,6126,875,2zwt_CAM_A_422,1,unimol,0.66407876,0.95543505,2.7672558,0,0,23.09
1308,26,8030,1147,4do1_ANN_A_502,1,unimol,0.66407876,0.95543505,4.7847791,0,0.98213036,19.35
1309,26,8037,1148,4do1_ANN_C_502,1,unimol,0.66407876,0.95543505,4.7847791,0,0.97909159,19.87
1310,26,8044,1149,4do1_ANN_D_502,1,unimol,0.66407876,0.95543505,4.7847791,0,0.97936974,21.45
1311,26,8261,1180,4ek1_CAM_A_502,1,unimol,0.66407876,0.95543505,2.7672558,0,0.98567145,19.51
1312,26,9213,1316,4l4d_CAM_A_503,1,unimol,0.66407876,0.95543505,2.7672558,0,0.97883744,20.54
1313,26,10123,1446,4s38_CDI_A_900,1,unimol,0.66407876,0.95543505,4.8554235,0,0,24.61
1314,26,10466,1495,4wmz_TPF_A_602,1,unimol,0.66407876,0.95543505,3.0199599,0,0.98900676,20.44
1315,26,10809,1544,4zdz_TPF_A_602,1,unimol,0.66407876,0.95543505,2.9914029,0,0.99033853,18.71
1316,26,11719,1674,5ewc_5SJ_A_801,1,unimol,0.66407876,0.95543505,4.665679,0,0,15.9
1317,26,13483,1926,5tde_2HP_A_502,1,unimol,0.66407876,0.95543505,2.7672558,0,0.97430035,18.91
1318,26,13490,1927,5tde_2HP_B_902,1,unimol,0.66407876,0.95543505,2.7672558,0,0.94934669,20.75
1319,26,14113,2016,5x86_TMP_B_207,1,unimol,0.66407876,0.95543505,4.3452892,0,0,21.51
1320,26,15107,2158,6f77_PLP_A_600,1,unimol,0.66407876,0.95543505,4.828774,0,0.9751423,27.22
1321,26,15114,2159,6f77_PLP_C_600,1,unimol,0.66407876,0.95543505,4.8318095,0,0,25.21
1322,26,15121,2160,6f77_PLP_D_600,1,unimol,0.66407876,0.95543505,4.8385572,0,0.97230485,22.75
1323,26,15128,2161,6f77_PLP_E_600,1,unimol,0.66407876,0.95543505,4.828774,0,0.96682991,29.91
1324,26,17179,2454,6tor_PMP_A_504,1,unimol,0.66407876,0.95543505,4.3963075,0,0.98341715,19.47
1325,26,17221,2460,6u30_PQM_A_501,1,unimol,0.66407876,0.95543505,4.130445,0,0.96138617,14.66
1326,26,17445,2492,6wdw_TWV_A_701,1,unimol,0.66407876,0.95543505,3.8710182,0,0.91347871,22.94
1327,26,17557,2508,6y4z_TLA_D_301,1,unimol,0.66407876,0.95543505,2.9085033,0,0,29.42
1328,26,17704,2529,7bzm_GIM_A_501,1,unimol,0.66407876,0.95543505,4.616787,0,0.84724148,19
1329,26,17711,2530,7bzm_GIM_B_501,1,unimol,0.66407876,0.95543505,4.616787,0,0.8692706,23.77
1330,26,17788,2541,8cpp_TCM_A_422,1,unimol,0.66407876,0.95543505,4.0516019,0,0.99610981,14.8
1331,26,8988,1284,4j7u_YTZ_C_802,0,surfdock,0.58703997,0.91002181,4.4571295,0,0.95342618,3.0915658
1332,26,2989,427,1vzu_UDP_A_1371,0,surfdock,0.58686324,0.90990063,3.0707419,0,0,4.0457677
1333,26,7637,1091,4cjv_IV2_B_1215,0,surfdock,0.58575677,0.90953708,4.0900531,0,0.9945621,2.492782
1334,26,1596,228,1l4n_NIO_A_991,0,surfdock,0.58573745,0.90917353,3.043067,0,0.76503037,2.4799379
1335,26,1309,187,1jho_NIO_A_991,0,surfdock,0.58573579,0.90905235,3.043067,0,0.74250038,2.4856904
1336,26,2093,299,1ov5_2LP_A_403,0,surfdock,0.58573211,0.90899176,2.7672558,0,0.99352793,2.8286597
1337,26,4298,614,2g21_L1B_A_885,0,surfdock,0.58573149,0.90893117,3.2459178,0,0.98834116,4.3242127
1338,26,17752,2536,7jis_VBS_A_1101,0,surfdock,0.58572492,0.90887058,2.7672558,0,0.99470933,4.8442531
1339,26,3143,449,1x7j_GEN_A_201,0,surfdock,0.58572141,0.90880999,3.1270282,0,0.99605635,3.7463858
1340,26,16891,2413,6s23_KSW_A_403,0,surfdock,0.58569541,0.90844644,4.194766,0,0.20075418,1.9381392
1341,26,455,65,1fm8_DDC_A_501,0,surfdock,0.58567667,0.90808289,3.6519063,0,1.2272612e-05,3.4134959
1342,26,7245,1035,4a7a_RGZ_A_601,0,surfdock,0.5856715,0.90796171,3.5617106,0,0.99485876,3.6948041
1343,26,17738,2534,7cwd_GLC_A_901,0,surfdock,0.5856714,0.90790111,3.5136185,0,0,2.4647971
1344,26,15302,2186,6fw0_E92_A_602,0,surfdock,0.58566874,0.90784052,3.3547242,0,0.54614392,3.7660483
1345,26,6545,935,3u3o_3QV_A_296,0,surfdock,0.58566624,0.90771934,3.2334039,0,0,2.7611647
1346,26,8113,1159,4dvw_0M4_B_512,0,surfdock,0.58564143,0.90711343,4.0854483,0,0.62514079,3.747556
1347,26,6209,887,3qhd_MSR_A_166,0,surfdock,0.5856401,0.90699224,2.7672558,0,0,2.0303482
1348,27,2605,372,1sz6_NAG_B_5002,1,unimol,0.66583431,0.95636319,3.988292,0,0.96908857,25.62
1349,27,4936,705,2prg_BRL_B_2,1,unimol,0.66583431,0.95636319,3.3633542,0,0.91630435,19.88
1350,27,9955,1422,4qxc_OGA_A_600,1,unimol,0.66583431,0.95636319,2.8211644,0,0.98663997,24.1
1351,27,9962,1423,4qxc_OGA_C_600,1,unimol,0.66583431,0.95636319,2.8233333,0,0.97780523,18.29
1352,27,12069,1724,5gto_MYR_A_502,1,unimol,0.66583431,0.95636319,2.7399623,0,0.91446168,24.16
1353,27,12272,1753,5i0m_UMP_A_201,1,unimol,0.66583431,0.95636319,2.8981478,0,0,17.53
1354,27,12279,1754,5i0m_UMP_B_201,1,unimol,0.66583431,0.95636319,2.8981478,0,0,20.6
1355,27,12811,1830,5kjw_53C_A_800,1,unimol,0.66583431,0.95636319,2.911402,0,0.98725683,20.24
1356,27,13917,1988,5w3k_9TY_A_401,1,unimol,0.66583431,0.95636319,3.9015651,0,0.9492589,20.15
1357,27,13924,1989,5w3k_9TY_B_401,1,unimol,0.66583431,0.95636319,3.9015651,0,0.95938069,19.46
1358,27,14120,2017,5xdt_MB3_A_404,1,unimol,0.66583431,0.95636319,3.136133,0,0.99568175,18.64
1359,27,14379,2054,5ysh_5AD_D_605,1,unimol,0.66583431,0.95636319,2.8469009,0,0.98677077,27.34
1360,27,14386,2055,5ysh_5AD_G_605,1,unimol,0.66583431,0.95636319,2.8469009,0,0.98270107,30.89
1361,27,14722,2103,6bkk_308_B_101,1,unimol,0.66583431,0.95636319,3.8619339,0,0.99379357,18.23
1362,27,14743,2106,6br1_E3Y_B_505,1,unimol,0.66583431,0.95636319,3.7073178,0,0,23.44
1363,27,15527,2218,6ijn_6MZ_A_401,1,unimol,0.66583431,0.95636319,4.474771,0,0.98973567,16.8
1364,27,15982,2283,6mry_FLC_K_101,1,unimol,0.66583431,0.95636319,3.8661985,0,0.32610286,23.05
1365,27,16311,2330,6o5m_G8K_B_506,1,unimol,0.66583431,0.95636319,4.1587768,0,0,27.18
1366,27,16920,2417,6s7u_KZK_A_501,1,unimol,0.66583431,0.95636319,4.4799843,0,0,53.51
1367,27,16927,2418,6s7u_KZK_C_501,1,unimol,0.66583431,0.95636319,4.4788446,0,0,55.22
1368,27,16983,2426,6syz_M1E_A_601,1,unimol,0.66583431,0.95636319,2.7399623,0,0.9932638,19.41
1369,27,16990,2427,6syz_M1E_B_601,1,unimol,0.66583431,0.95636319,2.7399623,0,0.99006114,16.62
1370,27,16997,2428,6sz3_M1H_B_601,1,unimol,0.66583431,0.95636319,4.2623,0,0.9731615,19.02
1371,27,17186,2455,6tot_NRK_A_401,1,unimol,0.66583431,0.95636319,4.4729576,0,0.97666494,23.69
1372,27,17193,2456,6tot_NRK_B_401,1,unimol,0.66583431,0.95636319,4.4358678,0,0.97663485,21.61
1373,27,17389,2484,6vo2_R67_A_403,1,unimol,0.66583431,0.95636319,2.9587829,0,0.85925299,15.04
1374,27,17396,2485,6vo2_R67_B_403,1,unimol,0.66583431,0.95636319,2.7399623,0,0.92688462,27.14
1375,27,17787,2541,8cpp_TCM_A_422,0,surfdock,0.59111762,0.91163243,2.7399623,0,0.078946401,1.7516298
1376,27,10080,1440,4rm3_FOA_A_1000,0,surfdock,0.59094828,0.90956606,4.2889113,0,0.97910876,2.3501219
1377,27,8631,1233,4i02_CMP_C_301,0,surfdock,0.590948,0.90950529,4.1531992,0,0,3.5177183
1378,27,3794,542,2bk3_FOF_A_1503,0,surfdock,0.5909436,0.90932296,3.6546416,0,0.91868267,3.5393407
1379,27,9744,1392,4oxy_1TN_D_302,0,surfdock,0.5909373,0.90914063,3.2819424,0,0,3.7402037
1380,27,5796,828,2y00_Y00_A_601,0,surfdock,0.59092666,0.90877598,3.9972579,0,0.98063099,3.9948899
1381,27,9807,1401,4pbr_2L7_A_401,0,surfdock,0.59092228,0.90859366,2.7399623,0,0.99532386,3.7151166
1382,27,3647,521,2a9z_26A_A_1002,0,surfdock,0.59090995,0.90841133,3.7159028,0,0.9726906,5.0583303
1383,27,4116,588,2f3s_7GP_A_998,0,surfdock,0.59090354,0.90816823,3.5712278,0,0.98231946,3.6868836
1384,27,2618,374,1t87_CAM_A_1422,0,surfdock,0.59090009,0.9079859,2.9662194,0,0.082516203,2.4687088
1385,27,7119,1017,3zjq_NCA_A_300,0,surfdock,0.59089764,0.90792512,2.7399623,0,0.0025526084,2.3904477
1386,27,3584,512,1zuw_DGL_C_3301,0,surfdock,0.59088211,0.90743892,2.7399623,0,0,2.954644
1387,27,6573,939,3ucl_CYH_A_543,0,surfdock,0.59086864,0.90713504,3.0593226,0,0.12866598,1.9711993
1388,27,7126,1018,3zjq_NCA_B_300,0,surfdock,0.5908665,0.90701349,2.7399623,0,0.62367951,2.3406943
1389,27,3619,517,2a1m_CAM_A_1422,0,surfdock,0.59086476,0.90689194,2.7399623,0,0.50253516,2.4235004
1390,27,13076,1868,5mzp_CFF_A_2401,0,surfdock,0.59084832,0.90640574,2.7399623,0,0.045077042,2.7470474
1391,27,4305,615,2g21_L1B_B_985,0,surfdock,0.59083833,0.90604108,3.9174871,0,0.98792541,4.3942794
1392,27,3577,511,1zuw_DGL_A_1301,0,surfdock,0.59083588,0.90579798,2.7399623,0,0.0022358184,2.8110173
1393,27,2100,300,1ovk_NYL_A_405,0,surfdock,0.59083538,0.90573721,3.4156561,0,0.95630158,2.0380096
1394,27,3801,543,2bk3_FOF_B_1498,0,surfdock,0.59082729,0.90555488,3.6546416,0,0,3.6093233
1395,27,6041,863,2zm9_ACA_A_501,0,surfdock,0.59082633,0.9054941,4.6190791,0,0,3.3717546
1396,27,42,6,1aej_NVI_A_296,0,surfdock,0.59081202,0.90494713,3.8008761,0,0.82686768,2.3146785
1397,27,2919,417,1v3v_5OP_A_1360,0,surfdock,0.5908103,0.90488635,4.2481489,0,0.94873098,2.6387926
1398,28,14512,2073,6a1f_9OF_A_807,1,unimol,0.69235801,0.99987808,5.2680006,0,0.99073044,17.36
1399,28,3837,548,2bsc_NAG_A_1176,1,unimol,0.66730036,0.95705316,2.8891311,0,0.98456683,18.52
1400,28,4579,654,2j1s_FUL_A_1153,1,unimol,0.66730036,0.95705316,4.8213186,0,0.95944846,18.52
1401,28,4586,655,2j1s_FUL_B_1153,1,unimol,0.66730036,0.95705316,4.8655891,0,0.94123959,20.88
1402,28,5636,805,2wzv_FMN_A_801,1,unimol,0.66730036,0.95705316,5.3509903,0,0,21.65
1403,28,5643,806,2wzv_FMN_B_801,1,unimol,0.66730036,0.95705316,5.3509903,0,0,20.24
1404,28,10172,1453,4tyv_BGC_B_701,1,unimol,0.66730036,0.95705316,3.6654832,0,0.94268702,22.34
1405,28,10382,1483,4uy7_HIS_A_800,1,unimol,0.66730036,0.95705316,4.8844404,0,0,16.3
1406,28,10676,1525,4yu7_DHC_A_204,1,unimol,0.66730036,0.95705316,3.3025203,0,0.88076034,18.71
1407,28,10683,1526,4yu7_DHC_B_203,1,unimol,0.66730036,0.95705316,3.253912,0,0.83104606,24.28
1408,28,10690,1527,4yu7_DHC_B_204,1,unimol,0.66730036,0.95705316,3.3478827,0,0.87599011,24.88
1409,28,14554,2079,6a3j_SOE_A_402,1,unimol,0.66730036,0.95705316,4.4499879,0,0,19.57
1410,28,14561,2080,6a3j_SOE_B_401,1,unimol,0.66730036,0.95705316,4.4499879,0,0,25.16
1411,28,14568,2081,6a3j_SOE_C_402,1,unimol,0.66730036,0.95705316,4.5073071,0,0,22.23
1412,28,14575,2082,6a3j_SOE_D_401,1,unimol,0.66730036,0.95705316,4.4853535,0,0,24.99
1413,28,14680,2097,6b83_6NA_B_201,1,unimol,0.66730036,0.95705316,5.0141511,0,0.89047247,20.87
1414,28,15667,2238,6jz6_CKX_B_701,1,unimol,0.66730036,0.95705316,3.3157406,0,0.96911284,18.98
1415,28,15842,2263,6lit_2OH_B_501,1,unimol,0.66730036,0.95705316,5.3877959,0,0,19.67
1416,28,16941,2420,6s9g_L1Q_A_306,1,unimol,0.66730036,0.95705316,4.5875187,0,0.86333119,18.1
1417,28,8883,1269,4ioq_BAQ_A_201,0,surfdock,0.61140093,0.91361863,2.6366348,0,0.99515791,1.9965713
1418,28,15946,2278,6mnh_JVD_A_301,0,surfdock,0.57477979,0.91355767,3.9852953,0,0.99653529,2.4593132
1419,28,252,36,1d6u_HY1_A_2001,0,surfdock,0.57347729,0.91349671,3.98209,0,0.99426473,2.5733155
1420,28,16289,2327,6o1s_7SD_E_803,0,surfdock,0.5729073,0.91325287,5.2308216,0,0.93003853,3.3648307
1421,28,16303,2329,6o2z_LJV_B_500,0,surfdock,0.57265791,0.9131919,5.3301845,0,0.98356638,4.1275777
1422,28,259,37,1d6u_HY1_B_3001,0,surfdock,0.57237875,0.91282614,3.98209,0,0.99514332,2.4266236
1423,28,12159,1737,5h8q_5YE_B_302,0,surfdock,0.57236153,0.9125823,2.6366348,0,0.98891678,3.8238465
1424,28,9037,1291,4jmz_1M2_A_302,0,surfdock,0.57235336,0.91246038,4.5361314,0,0.99655803,2.5194523
1425,28,3451,493,1zei_CRS_E_55,0,surfdock,0.57235059,0.91227749,4.9606371,0,0.99500818,2.0795327
1426,29,2023,289,1o29_UFP_C_813,0,surfdock,0.70272862,0.99993894,4.344348,0,0.0001942159,3.6100121
1427,29,8555,1222,4hgg_SYN_A_502,1,unimol,0.66508168,0.95759038,3.1853354,0,0.86131549,20.95
1428,29,10438,1491,4wca_CIT_A_401,1,unimol,0.66508168,0.95759038,2.5578232,0,0.85602974,24.42
1429,29,10879,1554,4zsy_RW2_A_502,1,unimol,0.66508168,0.95759038,2.7863624,0,0.93005886,29.75
1430,29,10886,1555,4zsy_RW2_B_502,1,unimol,0.66508168,0.95759038,2.7787337,0,0,27.72
1431,29,10893,1556,4zsy_RW2_D_502,1,unimol,0.66508168,0.95759038,2.7804549,0,0,26.24
1432,29,11558,1651,5e4r_40E_A_504,1,unimol,0.66508168,0.95759038,4.0813203,0,0.94907426,25.37
1433,29,13231,1890,5o72_9MH_A_303,1,unimol,0.66508168,0.95759038,3.8234937,0,0.97380036,22.96
1434,29,13532,1933,5thu_B3N_A_404,1,unimol,0.66508168,0.95759038,4.3647394,0,0.9608277,24.04
1435,29,13539,1934,5thu_B3N_B_404,1,unimol,0.66508168,0.95759038,4.3958502,0,0.36454961,25.75
1436,29,13931,1990,5w5t_9X7_A_506,1,unimol,0.66508168,0.95759038,3.1596715,0,0,31.15
1437,29,13938,1991,5w5t_9X7_D_508,1,unimol,0.66508168,0.95759038,3.1596715,0,0,30.98
1438,29,15989,2284,6mwl_K5G_A_301,1,unimol,0.66508168,0.95759038,3.9269471,0,0.98274612,25.68
1439,29,15996,2285,6mwl_K5G_B_301,1,unimol,0.66508168,0.95759038,3.9698901,0,0.97405846,20.55
1440,29,16598,2371,6qdc_HXE_A_1003,1,unimol,0.66508168,0.95759038,4.2264471,0,0.010210932,19.88
1441,29,16605,2372,6qdc_HXE_A_1004,1,unimol,0.66508168,0.95759038,4.3895183,0,0.94070004,21.56
1442,29,16612,2373,6qde_HWW_A_502,1,unimol,0.66508168,0.95759038,4.4529676,0,0.92510741,19.94
1443,29,1995,285,1o28_UFP_A_703,0,surfdock,0.60023959,0.91444797,4.4485307,0,0,3.4709319
1444,29,14119,2017,5xdt_MB3_A_404,0,surfdock,0.59883765,0.91408158,4.0519166,0,0.38395684,2.1826779
1445,29,3416,488,1zdq_MSM_C_1509,0,surfdock,0.59882104,0.91389839,3.0788138,0,0.99417647,1.8576223
1446,29,4137,591,2f78_BEZ_A_1003,0,surfdock,0.59875942,0.91316561,3.0695558,0,0.039227747,2.1632072
1447,29,3598,514,227l_BNZ_A_169,0,surfdock,0.59875402,0.91310454,3.0384767,0,0.99736557,2.0535917
1448,29,8295,1185,4evq_PHB_A_406,0,surfdock,0.59875164,0.91304348,2.5578232,0,0.99542033,2.539842
1449,29,3409,487,1zdq_MSM_A_1507,0,surfdock,0.59873878,0.91298241,3.0788138,0,0.93784982,2.0186503
1450,29,8302,1186,4evq_PHB_B_402,0,surfdock,0.59873462,0.91292135,2.5578232,0,0.98976449,2.6146326
1451,29,1071,153,1hsr_BHO_A_800,0,surfdock,0.59872811,0.91279922,3.5719836,0,0.99664928,2.4557929
1452,29,4144,592,2f78_BEZ_B_1004,0,surfdock,0.59871573,0.91267709,3.0461555,0,0,2.0549299
1453,29,15526,2218,6ijn_6MZ_A_401,0,surfdock,0.59866609,0.91151685,4.1323295,0,0.95466967,4.1791798
1454,29,12362,1766,5i9m_69K_C_302,0,surfdock,0.59865876,0.91139472,3.646106,0,0,3.2284362
1455,29,12348,1764,5i9m_69K_A_302,0,surfdock,0.59865001,0.91115046,3.6489863,0,0,3.3454763
1456,29,12355,1765,5i9m_69K_B_302,0,surfdock,0.59863925,0.91078407,3.6451464,0,0.99556728,3.2374378
1457,29,3787,541,2bjf_DXC_A_330,0,surfdock,0.59862977,0.91060088,2.5578232,0,0,4.2791142
1458,29,231,33,1ck6_SHA_A_900,0,surfdock,0.59860887,0.91011236,4.1309881,0,0.98848707,2.3814523
1459,29,4949,707,2prl_R2C_A_400,0,surfdock,0.59859194,0.90950171,4.2752924,0,0.98308756,4.1368645
1460,29,14378,2054,5ysh_5AD_D_605,0,surfdock,0.59858054,0.90913532,2.9904988,0,0.21274926,2.5045246
1461,29,4151,593,2f78_BEZ_B_1005,0,surfdock,0.5985792,0.90907426,3.1215458,0,0.99813612,2.2740306
1462,29,5306,758,2uuj_896_B_1250,0,surfdock,0.59857593,0.90883,4.3495712,0,0,4.190677
1463,29,2667,381,1thc_FL9_B_131,0,surfdock,0.59856373,0.90840254,2.5578232,0,0.030091695,1.9957812
1464,29,6146,878,3kt7_AKG_A_702,0,surfdock,0.59856356,0.90834148,3.7020442,0,0,2.6802666
1465,29,8260,1180,4ek1_CAM_A_502,0,surfdock,0.59854882,0.90766976,2.5803843,0,0.066424545,2.4956931
1466,29,8673,1239,4i0g_1B9_A_504,0,surfdock,0.59854097,0.90730337,2.5578232,0,0.80440916,3.924105
1467,29,9548,1364,4n6w_FLC_A_203,0,surfdock,0.59853608,0.90718124,3.9782188,0,0,2.854984
1468,29,9653,1379,4nr9_ALY_A_2005,0,surfdock,0.5985306,0.90705911,4.3130908,0,0.87533355,2.7469335
1469,29,4669,667,2no7_LDC_B_401,0,surfdock,0.59852839,0.90687592,3.4164636,0,0.98605472,6.1809314
1470,29,2156,308,1pbd_PAB_A_396,0,surfdock,0.59851944,0.90644846,3.4244101,0,0.99647336,2.5861419
1471,29,3836,548,2bsc_NAG_A_1176,0,surfdock,0.59851695,0.9063874,2.5578232,0,0,2.6750616
1472,29,9695,1385,4o95_245_A_602,0,surfdock,0.59850209,0.90583781,4.4522605,0,0.93665459,3.1366686
1473,29,8470,1210,4h0x_LAR_B_403,0,surfdock,0.59850112,0.90577675,2.5578232,0,0,4.0764693
1474,29,5082,726,2qcx_PF1_B_300,0,surfdock,0.59849737,0.90541036,3.478647,0,0,2.6222676
1475,29,12425,1775,5in3_G1P_A_416,0,surfdock,0.59849189,0.90528823,2.5578232,0,0.98500283,2.1236215
1476,30,5965,852,2z6j_TUI_A_501,1,unimol,0.66431957,0.95807301,4.3267188,0,0.96635597,21.71
1477,30,5972,853,2z6j_TUI_B_502,1,unimol,0.66431957,0.95807301,4.348258,0,0.95188172,20.57
1478,30,6581,940,3uu7_2OH_A_1,1,unimol,0.66431957,0.95807301,4.8742204,0,0,19.86
1479,30,6588,941,3uu7_2OH_B_1,1,unimol,0.66431957,0.95807301,4.8742204,0,0,24.2
1480,30,7134,1019,3zks_WZV_A_1398,1,unimol,0.66431957,0.95807301,5.1349874,0,0.96643685,28.01
1481,30,9465,1352,4mr7_2BV_A_501,1,unimol,0.66431957,0.95807301,4.3555784,0,0,25.05
1482,30,10207,1458,4u8p_UDP_C_603,1,unimol,0.66431957,0.95807301,5.1742144,0,0,26.53
1483,30,10340,1477,4upd_7P9_A_1550,1,unimol,0.66431957,0.95807301,4.7030907,0,0,31
1484,30,10347,1478,4upd_7P9_B_1550,1,unimol,0.66431957,0.95807301,4.7030907,0,0,29.93
1485,30,10564,1509,4xp0_42A_A_404,1,unimol,0.66431957,0.95807301,4.143322,0,0.98992031,21.89
1486,30,12496,1785,5iuy_BOG_C_503,1,unimol,0.66431957,0.95807301,2.5754423,0,0.97060563,27.72
1487,30,13399,1914,5t63_ALA_C_1,1,unimol,0.66431957,0.95807301,5.1944747,0,0,19.25
1488,30,16367,2338,6oha_XAN_A_501,1,unimol,0.66431957,0.95807301,5.1823492,0,0.08738534,19.61
1489,30,17158,2451,6tog_NQH_A_201,1,unimol,0.66431957,0.95807301,3.8285909,0,0.99100723,20.3
1490,30,17326,2475,6v8n_QS1_A_1704,1,unimol,0.66431957,0.95807301,2.7376978,0,0.99183913,26.53
1491,30,7315,1045,4a9j_TYL_C_1184,0,surfdock,0.58720093,0.91510474,4.7483616,0,0.99701044,2.6364611
1492,30,7308,1044,4a9j_TYL_B_1187,0,surfdock,0.58711792,0.91467598,4.6751723,0,0.99918209,2.3689557
1493,30,11795,1685,5fe1_12Q_A_901,0,surfdock,0.58709106,0.91430847,4.9169011,0,0.99711882,2.4373441
1494,30,11802,1686,5fe1_12Q_B_901,0,surfdock,0.58708631,0.91424721,4.9169011,0,0.99708093,2.4608628
1495,30,14434,2062,5z9b_HX3_A_303,0,surfdock,0.5870174,0.91412471,3.3223026,0,0.97892104,2.5779454
1496,30,7301,1043,4a9j_TYL_A_1188,0,surfdock,0.58700991,0.91400221,4.6751723,0,0.99415303,2.5292931
1497,30,1267,181,1j3i_WRA_A_609,0,surfdock,0.58696233,0.91326718,3.8747096,0,0,3.989063
1498,30,5474,782,2vp5_DCZ_A_1210,0,surfdock,0.58692645,0.91277717,4.5691566,0,0.99219234,3.2652953
1499,30,6552,936,3u3o_3QV_A_297,0,surfdock,0.58692543,0.91271591,4.3471737,0,3.4594526e-05,2.5725187
1500,30,6769,967,3vq4_0NX_A_305,0,surfdock,0.58689675,0.91240965,4.3460722,0,0.99491314,2.6939806
1501,30,2940,420,1v5y_4HC_A_1455,0,surfdock,0.58685216,0.91161338,3.7526557,0,0.99504592,2.2505401
1502,30,14441,2063,5z9b_HX3_B_303,0,surfdock,0.58681619,0.91093961,3.3223026,0,0.97160376,2.4985707
1503,30,13307,1901,5oip_9WE_A_302,0,surfdock,0.5867835,0.91008208,3.1035028,0,0.93587628,3.5959265
1504,30,5194,742,2qx4_ML1_A_233,0,surfdock,0.58676848,0.90965331,4.3539152,0,0.43266812,3.0179436
1505,30,17661,2523,6zug_QPW_H_1001,0,surfdock,0.58676533,0.90959206,4.7416272,0,0.99218168,4.7803496
1506,30,5803,829,2y00_Y00_B_601,0,surfdock,0.58676086,0.90953081,3.5819871,0,0.99473563,3.9578664
1507,30,8498,1214,4h9x_HL4_A_404,0,surfdock,0.58674632,0.9092858,4.5206552,0,0.58616657,2.8190567
1508,30,2926,418,1v3v_5OP_B_2360,0,surfdock,0.58674233,0.9091633,4.8175058,0,0,2.5473173
1509,30,5131,733,2qgw_EES_A_1,0,surfdock,0.58671266,0.90861203,3.5115528,0,0,3.415773
1510,30,8008,1144,4dch_GLC_A_501,0,surfdock,0.5866836,0.90793826,3.2757766,0,0,2.5463556
1511,30,17178,2454,6tor_PMP_A_504,0,surfdock,0.58667952,0.9077545,4.3961673,0,0.98598829,3.3116397
1512,30,4263,609,2fyd_BGC_D_530,0,surfdock,0.58666953,0.90750949,4.2143497,0,0,2.7541018
1513,30,6762,966,3vq4_0NX_A_304,0,surfdock,0.58665629,0.90720323,4.5175672,0,0,2.7978799
1514,30,15988,2284,6mwl_K5G_A_301,0,surfdock,0.58665135,0.90708073,4.7627964,0,0,3.9724211
1515,30,7623,1089,4cju_JNS_B_1214,0,surfdock,0.58665079,0.90701948,3.8352473,0,0,3.3328344
1516,30,4088,584,2eup_LG4_A_400,0,surfdock,0.58658384,0.90603945,4.0544934,0,0.99484732,2.2853423
1517,30,16527,2361,6q4b_HHN_A_301,0,surfdock,0.58655422,0.90579444,2.5525601,0,0.99333107,2.1057988
1518,30,11340,1620,5ci9_549_A_402,0,surfdock,0.58655347,0.90573319,4.1335969,0,0.91531654,2.3774403
1519,30,3171,453,1xc7_GL6_A_998,0,surfdock,0.58652183,0.90524317,4.1303697,0,0.95675401,3.5406753
1520,30,17255,2465,6ufd_Q6D_A_305,0,surfdock,0.58649247,0.90481441,4.8783479,0,0.99286006,3.8250929
1521,30,9212,1316,4l4d_CAM_A_503,0,surfdock,0.5864873,0.90475315,2.8591545,0,0,2.4387107
1522,30,8281,1183,4evi_C9M_A_402,0,surfdock,0.58646081,0.90438564,4.6623988,0,0,2.3096986
1523,30,6776,968,3vq4_0NX_B_303,0,surfdock,0.58645641,0.90426314,4.5274382,0,0.99589108,2.6782514
1524,30,9681,1383,4o7g_ASC_B_303,0,surfdock,0.58642687,0.90389563,3.1105471,0,0.98358203,2.5026878
1525,30,8491,1213,4h9g_14J_A_512,0,surfdock,0.58641782,0.90377312,4.8775988,0,0.0034863285,2.1677524
1526,31,421,60,1f5f_DHT_A_253,1,unimol,0.66175769,0.95840501,3.5557094,0,0.99476085,18.92
1527,31,1849,264,1mrq_STR_A_501,1,unimol,0.66175769,0.95840501,4.0023837,0,0.97981706,18.22
1528,31,8352,1193,4fra_GAL_A_402,1,unimol,0.66175769,0.95840501,2.5482044,0,0.98949227,20.46
1529,31,9171,1310,4kux_FPS_B_405,1,unimol,0.66175769,0.95840501,2.4696579,0,0.94015224,23.32
1530,31,9178,1311,4kux_FPS_C_705,1,unimol,0.66175769,0.95840501,2.4696579,0,0.90848005,25.33
1531,31,9185,1312,4kux_FPS_D_704,1,unimol,0.66175769,0.95840501,2.4696579,0,0.90060287,27.51
1532,31,9206,1315,4l1x_STR_B_402,1,unimol,0.66175769,0.95840501,3.9951584,0,0,19.91
1533,31,9444,1349,4mop_2H5_B_802,1,unimol,0.66175769,0.95840501,3.77917,0,0.88983296,25.05
1534,31,9451,1350,4mop_2H5_C_703,1,unimol,0.66175769,0.95840501,3.8332274,0,0.91563809,25.34
1535,31,11943,1706,5fwd_GJV_A_1446,1,unimol,0.66175769,0.95840501,3.995121,0,0.98077474,16.32
1536,31,12503,1786,5ivg_FPS_A_704,1,unimol,0.66175769,0.95840501,2.4696579,0,0.91136301,26.34
1537,31,12510,1787,5ivg_FPS_B_704,1,unimol,0.66175769,0.95840501,2.4696579,0,0.90848534,23.64
1538,31,12517,1788,5ivg_FPS_C_704,1,unimol,0.66175769,0.95840501,2.4696579,0,0.95714237,21.52
1539,31,12524,1789,5ivg_FPS_D_704,1,unimol,0.66175769,0.95840501,2.4696579,0,0.94506983,30.17
1540,31,15898,2271,6m92_J8V_A_601,1,unimol,0.66175769,0.95840501,2.4696579,0,0.91713175,19.8
1541,31,16773,2396,6r7w_CIT_A_406,1,unimol,0.66175769,0.95840501,3.4712117,0,0.72064174,20
1542,31,17550,2507,6y4f_GLU_A_202,1,unimol,0.66175769,0.95840501,3.6378829,0,0,18.33
1543,31,1323,189,1jhv_PCR_A_990,0,surfdock,0.59620916,0.91564266,2.4696579,0,0.99831,1.9348193
1544,31,2611,373,1t5z_DHT_A_931,0,surfdock,0.59614303,0.91533546,3.8473692,0,0.98484995,3.7836678
1545,31,16982,2426,6syz_M1E_A_601,0,surfdock,0.59612495,0.91521258,2.4696579,0,0.99781947,2.6155291
1546,31,2324,332,1q22_AND_A_401,0,surfdock,0.59603362,0.91502826,2.4696579,0,0.97766242,3.3329799
1547,31,17157,2451,6tog_NQH_A_201,0,surfdock,0.59601623,0.9147825,3.4902084,0,0.97943118,2.6880132
1548,31,3675,525,2ahc_VNL_C_366,0,surfdock,0.59597845,0.91429098,3.3056703,0,0.99217359,2.8607519
1549,31,16989,2427,6syz_M1E_B_601,0,surfdock,0.59597065,0.9141681,2.4696579,0,0,2.5529194
1550,31,7,1,19gs_BSP_B_210,0,surfdock,0.59589768,0.91343082,3.1937208,0,0.0053721136,2.3537169
1551,31,6489,927,3tky_N7I_C_369,0,surfdock,0.59588886,0.91330794,3.4328883,0,0.98277996,2.8447622
1552,31,14644,2092,6axu_BTM_A_401,0,surfdock,0.59587415,0.91312362,3.1780415,0,0.98361336,3.1384913
1553,31,17290,2470,6urx_JMG_A_316,0,surfdock,0.59586646,0.91300074,2.4696579,0,0.99728875,2.4803622
1554,31,2079,297,1om5_INE_B_791,0,surfdock,0.59585813,0.91287786,3.0536668,0,0.17961588,2.7140175
1555,31,12810,1830,5kjw_53C_A_800,0,surfdock,0.59583554,0.91250922,2.4696579,0,0.94584594,2.4249618
1556,31,2072,296,1om5_INE_A_790,0,surfdock,0.59581548,0.91220202,3.0745637,0,0.00020521086,2.6597037
1557,31,9324,1332,4lz3_BTM_A_409,0,surfdock,0.5957857,0.91183337,3.2954226,0,0.98642741,3.0659308
1558,31,0,0,19gs_BSP_A_210,0,surfdock,0.59575438,0.91103465,3.1937208,0,0.007388756,2.2639736
1559,31,1582,226,1l4f_150_A_990,0,surfdock,0.59571106,0.91060457,3.4680798,0,0.99368633,2.1151453
1560,31,4648,664,2ji6_TPW_B_1566,0,surfdock,0.59569266,0.91023593,3.5300632,0,0,4.8316653
1561,31,5369,767,2v32_BEZ_C_1222,0,surfdock,0.59567602,0.90992873,3.8011217,0,0.99266246,2.3447701
1562,31,3696,528,2aiq_BEN_A_401,0,surfdock,0.59564908,0.90937577,2.7575784,0,0.98927238,2.3602387
1563,31,3969,567,2coj_GBN_B_420,0,surfdock,0.59563395,0.90919145,2.4696579,0,0.99002875,2.8197495
1564,31,1015,145,1hkn_N2M_C_4138,0,surfdock,0.59562531,0.90906857,2.9256587,0,0.9783261,2.6297896
1565,31,1239,177,1j0y_BGC_B_2601,0,surfdock,0.59560394,0.90869993,3.7830458,0,0.9543416,2.6449362
1566,31,35,5,1ac4_TMT_A_296,0,surfdock,0.5955708,0.90826985,2.4696579,0,0,2.2024765
1567,31,14014,2002,5wqp_NCA_A_302,0,surfdock,0.59552567,0.90802408,3.6629233,0,0,2.3715302
1568,31,16534,2362,6q4k_HHW_A_301,0,surfdock,0.59549725,0.90771688,2.4696579,0,0.98913197,3.0744412
1569,31,1246,178,1j0y_BGC_C_3601,0,surfdock,0.59537378,0.90648808,3.7410085,0,0.99731894,2.7467204
1570,31,4641,663,2ji6_TPW_A_1566,0,surfdock,0.59533084,0.90630376,3.5140414,0,0,4.530183
1571,31,5761,823,2xum_OGA_A_601,0,surfdock,0.59529429,0.9057508,2.4696579,0,0.99876942,2.6977197
1572,31,5355,765,2v32_BEZ_A_1222,0,surfdock,0.59522721,0.90495208,3.8441494,0,0.98959182,2.496641
1573,31,16877,2411,6rum_TOP_A_301,0,surfdock,0.59521346,0.904522,2.4696579,0,0.99616858,3.8720112
1574,31,13482,1926,5tde_2HP_A_502,0,surfdock,0.59521129,0.90439912,3.6601448,0,0.99540916,1.8952525
1575,31,1232,176,1j0y_BGC_A_1601,0,surfdock,0.59520931,0.90433768,3.7410085,0,0.99715808,2.6647271
1576,32,1919,274,1njr_XYL_A_285,1,unimol,0.66399774,0.95880069,4.1771188,0,0.83104973,25
1577,32,9031,1290,4jm8_26D_A_302,1,unimol,0.66399774,0.95880069,2.7801313,0,0.99634861,20.95
1578,32,9360,1337,4m72_M72_A_402,1,unimol,0.66399774,0.95880069,3.259084,0,0,15.41
1579,32,9367,1338,4m72_M72_B_402,1,unimol,0.66399774,0.95880069,3.2927833,0,0,18.41
1580,32,12174,1739,5ha7_WY1_A_402,1,unimol,0.66399774,0.95880069,3.489305,0,0.97798684,18.63
1581,32,12181,1740,5ha7_WY1_B_402,1,unimol,0.66399774,0.95880069,3.5587196,0,0.97731341,19.84
1582,32,12902,1843,5la1_XYP_A_601,1,unimol,0.66399774,0.95880069,3.7139413,0,0,21.27
1583,32,12909,1844,5la1_XYP_A_602,1,unimol,0.66399774,0.95880069,4.0804372,0,0.96419172,20.08
1584,32,12916,1845,5la2_ARB_A_606,1,unimol,0.66399774,0.95880069,4.4423213,0,0,19.28
1585,32,15135,2162,6f7r_CIT_A_1002,1,unimol,0.66399774,0.95880069,4.2798924,0,0.15752996,26.44
1586,32,9514,1359,4n4j_HG1_A_605,1,unimol,0.66334236,0.91735486,2.4383006,0,0.94848261,20.71
1587,32,7945,1135,4d4u_FUC_B_950,0,surfdock,0.6180708,0.91550598,2.8480103,0,0.99300574,2.3591384
1588,32,3724,532,2b3f_GAL_A_3310,0,surfdock,0.61801568,0.91501294,2.4383006,0,0,2.761161
1589,32,3731,533,2b3f_GAL_B_3311,0,surfdock,0.61800072,0.91488968,2.4383006,0,0.98877692,2.6673716
1590,32,3738,534,2b3f_GAL_C_3312,0,surfdock,0.61799046,0.91482805,2.4383006,0,0,2.6916327
1591,32,10626,1518,4y14_C0A_A_407,0,surfdock,0.61797317,0.91470479,3.4955151,0,0.96805373,3.7273408
1592,32,17507,2501,6xp1_T2C_A_401,0,surfdock,0.61771899,0.91230124,4.1920872,0,0.9852694,2.4550054
1593,32,7070,1010,3wwc_BUA_A_403,0,surfdock,0.61760591,0.91100703,2.481143,0,0.97680429,2.1917833
1594,32,14385,2055,5ysh_5AD_G_605,0,surfdock,0.61759682,0.9109454,3.4486983,0,0.99857816,2.5214732
1595,32,7224,1032,4a3u_NCA_A_1359,0,surfdock,0.61744968,0.9098977,3.285207,0,0.99429191,2.2897425
1596,32,11501,1643,5dnx_5LD_A_203,0,surfdock,0.61742565,0.90971281,4.2593017,0,0.93684412,2.8551257
1597,32,8708,1244,4i4v_NGA_B_202,0,surfdock,0.6174003,0.90946629,4.471683,0,0,2.7615746
1598,32,6034,862,2zm7_ACA_A_501,0,surfdock,0.6172622,0.90848022,3.6436863,0,0,3.4863747
1599,32,6202,886,3qhd_CTN_B_165,0,surfdock,0.61714075,0.90749415,4.5402894,0,0.97247348,3.1484207
1600,32,8715,1245,4i4v_NGA_D_202,0,surfdock,0.61708087,0.90669296,4.2551789,0,0,2.6642417
1601,32,16541,2363,6q4k_HHW_A_302,0,surfdock,0.61698231,0.90558363,2.498111,0,0.96633229,2.9677423
1602,32,16884,2412,6s23_KSW_A_402,0,surfdock,0.61695826,0.90533711,2.4383006,0,0.22710281,2.0800246
1603,32,1148,164,1iri_E4P_D_604,0,surfdock,0.61695492,0.90527548,4.2060623,0,0.99168967,2.8925561
1604,33,2997,428,1w1a_NDG_1_1261,1,unimol,0.66281872,0.95903815,3.9406421,0,0.91813182,14.7
1605,33,3004,429,1w1a_NDG_2_1261,1,unimol,0.66281872,0.95903815,3.9406421,0,0.90850903,17.98
1606,33,5314,759,2uyv_TLA_A_1275,1,unimol,0.66281872,0.95903815,3.4905612,0,0,24.19
1607,33,5321,760,2uyv_TLA_A_1277,1,unimol,0.66281872,0.95903815,3.4785776,0,0,19.31
1608,33,5328,761,2uyv_TLA_B_1275,1,unimol,0.66281872,0.95903815,3.5073931,0,0,23.32
1609,33,5335,762,2uyv_TLA_C_1275,1,unimol,0.66281872,0.95903815,3.5073931,0,0,25.7
1610,33,5342,763,2uyv_TLA_D_1275,1,unimol,0.66281872,0.95903815,3.4881625,0,0,17.06
1611,33,7582,1083,4cb5_93G_A_1484,1,unimol,0.66281872,0.95903815,2.427031,0,0,23.39
1612,33,10655,1522,4ynu_LGC_A_602,1,unimol,0.66281872,0.95903815,4.2899723,0,0,14.55
1613,33,10949,1564,4zvz_4TF_A_503,1,unimol,0.66281872,0.95903815,3.3598447,0,0.95377214,25.73
1614,33,11040,1577,5a8k_COM_A_556,1,unimol,0.66281872,0.95903815,3.5761752,0,0,25.36
1615,33,11047,1578,5a8k_COM_D_555,1,unimol,0.66281872,0.95903815,3.5761752,0,0,27.31
1616,33,11159,1594,5av2_KMP_A_300,1,unimol,0.66281872,0.95903815,2.427031,0,0,15.7
1617,33,11166,1595,5av3_KMP_A_300,1,unimol,0.66281872,0.95903815,2.427031,0,0.97086888,18.07
1618,33,11173,1596,5av4_GEN_A_400,1,unimol,0.66281872,0.95903815,3.2644951,0,0.91708029,14.41
1619,33,11908,1701,5fqf_NGA_A_1589,1,unimol,0.66281872,0.95903815,3.1494093,0,0.97663452,26.43
1620,33,11915,1702,5fqf_NGA_B_1585,1,unimol,0.66281872,0.95903815,3.4246659,0,0.97254082,26.83
1621,33,11922,1703,5fqf_NGA_B_1586,1,unimol,0.66281872,0.95903815,3.0773578,0,0.97927225,25.78
1622,33,9030,1290,4jm8_26D_A_302,0,surfdock,0.62220918,0.917212,2.4272089,0,0.99824273,4.6977893
1623,33,420,60,1f5f_DHT_A_253,0,surfdock,0.62210787,0.91696506,3.5084345,0,0.98975694,3.4907207
1624,33,17332,2476,6v9f_QTS_B_2001,0,surfdock,0.62205186,0.91684159,3.8217437,0,0.99519611,3.3556348
1625,33,16954,2422,6si4_LEK_A_402,0,surfdock,0.62204378,0.91665638,3.6099524,0,0.94630379,3.4245349
1626,33,3437,491,1zei_CRS_C_56,0,surfdock,0.62192731,0.91653291,3.424109,0,0.99600051,2.0594273
1627,33,17325,2475,6v8n_QS1_A_1704,0,surfdock,0.62192143,0.91647117,4.0390787,0,0,4.8363203
1628,33,3458,494,1zei_CRS_F_54,0,surfdock,0.62185258,0.91616249,3.424109,0,0.99545588,2.1275344
1629,33,6167,881,3mk1_NPO_A_913,0,surfdock,0.62183696,0.91603902,4.0577989,0,0.9948701,2.0599082
1630,33,2359,337,1q4g_BFL_B_1701,0,surfdock,0.62172821,0.91542166,2.6496141,0,0.9911122,3.3462826
1631,33,13846,1978,5vl0_BNF_D_404,0,surfdock,0.62168933,0.91523645,2.9159024,0,0,2.7367667
1632,33,1960,280,1now_IFG_B_558,0,surfdock,0.6216378,0.9148043,2.7055037,0,0.98726233,2.786253
1633,33,9954,1422,4qxc_OGA_A_600,0,surfdock,0.62158966,0.91437214,3.8106043,0,0.99713744,2.8374349
1634,33,6874,982,3wat_BGC_A_403,0,surfdock,0.6215857,0.91431041,2.9206247,0,0.010465657,2.5502108
1635,33,2352,336,1q4g_BFL_A_701,0,surfdock,0.6215709,0.91424867,2.6496141,0,0.98606175,3.4801705
1636,33,3465,495,1zei_CRS_F_55,0,surfdock,0.62156997,0.91418694,3.3808079,0,0.24575348,2.1300459
1637,33,3430,490,1zei_CRS_B_56,0,surfdock,0.62154797,0.91375478,3.4751685,0,0.99702477,2.231295
1638,33,13839,1977,5vl0_BNF_C_404,0,surfdock,0.62153287,0.91350784,2.7654967,0,0.99308429,2.6353773
1639,33,5047,721,2qab_EI1_B_1,0,surfdock,0.62152316,0.9134461,3.0478659,0,0.99581208,3.50237
1640,33,6881,983,3wat_BGC_B_403,0,surfdock,0.6214807,0.91313742,2.9206247,0,0.012086556,2.5786586
1641,33,5152,736,2qs2_UBF_B_602,0,surfdock,0.62145291,0.91295222,2.427031,0,0.97744816,3.5488158
1642,33,2863,409,1u2o_NEC_B_1002,0,surfdock,0.62142027,0.91264354,3.9609456,0,0,3.6166458
1643,33,3423,489,1zei_CRS_A_54,0,surfdock,0.62140179,0.91233486,3.4825099,0,0.99802931,1.6021035
1644,33,8120,1160,4dwv_PFB_A_378,0,surfdock,0.62136972,0.91202618,2.7165272,0,0.99004499,2.7794535
1645,33,1953,279,1now_IFG_A_557,0,surfdock,0.62135794,0.9119027,2.7055037,0,0.93767286,2.9907985
1646,33,13825,1975,5vl0_BNF_A_404,0,surfdock,0.62132649,0.9117175,2.7247174,0,0,2.5549648
1647,33,8029,1147,4do1_ANN_A_502,0,surfdock,0.62130189,0.91165576,3.8917701,0,0.99576008,2.5992281
1648,33,8127,1161,4dwv_PFB_B_378,0,surfdock,0.62129271,0.91153229,2.7165272,0,0.99182577,2.6975983
1649,33,13832,1976,5vl0_BNF_B_404,0,surfdock,0.62126874,0.91122361,2.8765206,0,0.9898405,2.6030538
1650,33,13755,1965,5unt_8J1_A_803,0,surfdock,0.62116288,0.91079146,2.9116342,0,0.99376867,3.4614495
1651,33,1848,264,1mrq_STR_A_501,0,surfdock,0.62115427,0.91072972,3.9758437,0,0.98824881,3.5506471
1652,33,4389,627,2gyw_OBI_A_952,0,surfdock,0.62114606,0.91060625,4.1919656,0,0.98696586,3.7537951
1653,33,10311,1473,4ugg_S5D_A_904,0,surfdock,0.62113406,0.91054451,4.1527147,0,0.10672969,3.5479889
1654,34,6679,954,3vca_PRO_A_504,1,unimol,0.65936217,0.95940674,3.0595298,0,0.044626171,18.1
1655,34,8401,1200,4ghf_4NC_C_402,1,unimol,0.65936217,0.95940674,2.7272847,0,0.94652896,19.13
1656,34,10585,1512,4xpq_FUL_A_1002,1,unimol,0.65936217,0.95940674,3.8908796,0,0.97736956,17.54
1657,34,10592,1513,4xpq_FUL_A_1004,1,unimol,0.65936217,0.95940674,3.8880377,0,0,19.61
1658,34,12223,1746,5hss_64Z_E_402,1,unimol,0.65936217,0.95940674,3.5658464,0,0.86807189,25.11
1659,34,15597,2228,6jmd_ORO_A_402,1,unimol,0.65936217,0.95940674,3.0192814,0,0.86529912,18.34
1660,34,15611,2230,6jme_ORO_A_402,1,unimol,0.65936217,0.95940674,3.0192814,0,0.85171822,15.94
1661,34,16899,2414,6s37_SAL_A_601,1,unimol,0.65936217,0.95940674,2.4198232,0,0.9883116,17.74
1662,34,15386,2198,6gqk_F88_B_1001,0,surfdock,0.64119187,0.91813228,3.0606439,0,0.99052505,4.873849
1663,34,14721,2103,6bkk_308_B_101,0,surfdock,0.64103561,0.91788457,3.0430875,0,0.99665064,2.602945
1664,34,8316,1188,4f06_PHB_A_401,0,surfdock,0.64084018,0.91763686,3.337167,0,0.98213379,2.5080761
1665,34,4249,607,2fu9_MP2_B_2410,0,surfdock,0.64081767,0.91745108,2.4198232,0,0.93812531,3.4614226
1666,34,8309,1187,4evs_PHB_A_408,0,surfdock,0.64075131,0.91714144,3.1611187,0,0.9955027,2.5894647
1667,34,14987,2141,6e43_BEZ_B_502,0,surfdock,0.64059659,0.9165841,2.4198232,0,0.99747155,2.5640354
1668,34,4984,712,2pvy_ACP_A_802,0,surfdock,0.64052045,0.91602675,3.963582,0,0.98973713,3.1206346
1669,34,1442,206,1kbq_936_B_704,0,surfdock,0.64039494,0.9152217,3.2317657,0,0.99325856,3.9343684
1670,34,4109,587,2ex1_C5P_A_1427,0,surfdock,0.64030366,0.91472628,2.7628284,0,0,3.65042
1671,34,4242,606,2fu9_MP2_A_1410,0,surfdock,0.64020191,0.91410701,2.4198232,0,0.98379741,3.3610752
1672,34,12488,1784,5ita_6DC_B_801,0,surfdock,0.6401572,0.91392123,2.4198232,0,0.51378784,4.4532884
1673,34,2065,295,1okm_SAB_A_555,0,surfdock,0.64015381,0.9138593,2.9885342,0,0.99019112,3.4183799
1674,34,12320,1760,5i8s_LEA_A_202,0,surfdock,0.6401522,0.91379737,2.6148906,0,0.99427968,2.5230618
1675,34,1435,205,1kbq_936_A_703,0,surfdock,0.64014398,0.91373545,3.2481658,0,0.99387654,4.0565085
1676,34,3479,497,1zg3_2HI_A_365,0,surfdock,0.64003872,0.91336388,3.5876367,0,0.80538256,3.2325869
1677,34,3395,485,1zb6_DIN_A_401,0,surfdock,0.64001384,0.91330196,3.3892338,0,0.99759157,2.5586143
1678,34,8043,1149,4do1_ANN_D_502,0,surfdock,0.63996225,0.9131781,2.7076795,0,0.99500566,2.5249288
1679,34,8036,1148,4do1_ANN_C_502,0,surfdock,0.63994155,0.91299232,2.7076795,0,0.99806827,2.5930361
1680,34,12215,1745,5hpu_IPH_C_101,0,surfdock,0.63990122,0.91280654,2.4198232,0,0.99534277,1.9071538
1681,34,4963,709,2pt6_S4M_B_502,0,surfdock,0.6398719,0.91262076,3.2377493,0,0,5.8572961
1682,34,12173,1739,5ha7_WY1_A_402,0,surfdock,0.63985934,0.91255883,3.6480505,0,0.59192995,3.2768745
1683,34,14833,2119,6cgn_DA_A_801,0,surfdock,0.63985648,0.9124969,3.6621368,0,0,3.3563771
1684,34,12180,1740,5ha7_WY1_B_402,0,surfdock,0.63980923,0.91224919,3.6039784,0,0,3.4534377
1685,34,14994,2142,6e43_BEZ_C_502,0,surfdock,0.6397581,0.91200149,2.4198232,0,0.99858528,2.4636453
1686,34,518,74,1fuy_FIP_A_269,0,surfdock,0.63970506,0.911568,2.4233913,0,0,3.7793622
1687,34,266,38,1d6u_PEA_A_2003,0,surfdock,0.63961636,0.91107258,3.1652327,0,0.99015159,2.2509172
1688,34,5488,784,2vss_V55_D_1250,0,surfdock,0.63961584,0.91101065,3.5826464,0,0.002850117,2.6354159
1689,34,2107,301,1owz_4FA_A_409,0,surfdock,0.63960871,0.91094872,2.792325,0,0.98487937,5.7590995
1690,34,17759,2537,7jo3_VGS_A_302,0,surfdock,0.63959378,0.91070102,2.4198232,0,0.98560844,3.1632144
1691,34,13230,1890,5o72_9MH_A_303,0,surfdock,0.6395478,0.91026753,2.4198232,0,0.96568365,2.8047118
1692,34,15001,2143,6e43_BEZ_D_502,0,surfdock,0.63950778,0.90983404,2.4198232,0,0.99779232,2.4963526
1693,34,11760,1680,5faj_DCS_D_401,0,surfdock,0.63946679,0.90964825,2.4876149,0,0,3.8993945
1694,34,2884,412,1uk7_BUA_A_1300,0,surfdock,0.63943993,0.90940054,3.9390752,0,0.99759868,2.2564102
1695,34,10829,1547,4zib_4OG_A_512,0,surfdock,0.63935009,0.90865742,3.5237966,0,0.078209433,3.0679945
1696,34,1295,185,1ja9_PYQ_A_406,0,surfdock,0.63933152,0.90853356,3.0333164,0,0,2.707271
1697,34,4270,610,2fyd_NGA_D_529,0,surfdock,0.63928689,0.908162,3.3045366,0,0.9574603,3.0207309
1698,34,1575,225,1kya_XYD_D_814,0,surfdock,0.63926812,0.90803815,2.4198232,0,0.015163434,2.0970058
1699,34,6062,866,2ztl_3HL_D_301,0,surfdock,0.63923553,0.90779044,3.7942374,0,0,2.1596996
1700,34,378,54,1e7h_PLM_A_1007,0,surfdock,0.6392326,0.90772851,2.8508611,0,0.99092652,2.7458142
1701,34,15666,2238,6jz6_CKX_B_701,0,surfdock,0.63919897,0.90729502,3.8357551,0,0.85205996,2.9694935
1702,34,7462,1066,4bdr_KAI_B_900,0,surfdock,0.63918722,0.90698539,3.1941943,0,0.92350269,3.2464683
1703,34,14980,2140,6e43_BEZ_A_502,0,surfdock,0.63918258,0.90692346,2.4198232,0,0.99782941,2.3891681
1704,35,10396,1485,4uzi_IMD_B_1456,1,unimol,0.65970451,0.95959125,3.3849247,0,0.99299115,23.87
1705,35,11355,1622,5cmb_GLY_A_301,1,unimol,0.65970451,0.95959125,2.9659863,0,0,21.52
1706,35,12769,1824,5k2c_ZMA_A_1201,1,unimol,0.65970451,0.95959125,3.0803878,0,0.99248909,25.71
1707,35,13357,1908,5r28_RDJ_A_401,1,unimol,0.65970451,0.95959125,3.6077163,0,0.97562402,18.73
1708,35,14785,2112,6c1i_EEY_A_501,1,unimol,0.65970451,0.95959125,2.4938881,0,0.96816012,19.88
1709,35,14792,2113,6c1i_EEY_B_501,1,unimol,0.65970451,0.95959125,2.4844143,0,0.82094813,19.06
1710,35,15674,2239,6jzh_ZMA_A_2002,1,unimol,0.65970451,0.95959125,3.2407067,0,0.99274981,21.35
1711,35,15933,2276,6md2_GW9_A_501,1,unimol,0.65970451,0.95959125,2.5486224,0,0.97140064,24.82
1712,35,15940,2277,6md2_GW9_B_501,1,unimol,0.65970451,0.95959125,2.5296416,0,0.93732375,23.66
1713,35,16514,2359,6ps7_ZMA_A_1201,1,unimol,0.65970451,0.95959125,2.6750193,0,0.96276576,22.82
1714,35,16976,2425,6sxr_KHP_A_506,1,unimol,0.65970451,0.95959125,3.5269508,0,0.94644052,19.26
1715,35,4914,702,2pir_DHT_A_931,0,surfdock,0.65478177,0.91843707,3.8766184,0,0.99481516,3.7586699
1716,35,10808,1544,4zdz_TPF_A_602,0,surfdock,0.65415164,0.91781588,2.3908105,0,3.7063607e-05,3.5360156
1717,35,15351,2193,6gck_EUB_D_302,0,surfdock,0.6541491,0.91775376,2.968646,0,0.99379371,3.3217421
1718,35,8351,1193,4fra_GAL_A_402,0,surfdock,0.6540782,0.91744316,3.6960862,0,0.9772443,2.4807137
1719,35,10465,1495,4wmz_TPF_A_602,0,surfdock,0.65403607,0.91738104,2.3908105,0,0,3.7242461
1720,35,16898,2414,6s37_SAL_A_601,0,surfdock,0.65397574,0.9172568,3.9120991,0,0.99590925,2.5703762
1721,35,5257,751,2rbu_273_X_4001,0,surfdock,0.6537922,0.91644925,2.3908105,0,0.9926902,2.2973614
1722,35,16660,2380,6qol_JB5_B_301,0,surfdock,0.65373021,0.91582805,3.4581211,0,0.00073635277,2.5432824
1723,35,17143,2449,6to7_SUV_A_401,0,surfdock,0.65364421,0.91557958,3.9787452,0,0,4.7170606
1724,35,14399,2057,5z54_0HZ_A_303,0,surfdock,0.65359324,0.91526898,3.8624415,0,0.19287987,3.440524
1725,35,721,103,1h18_PYR_A_1001,0,surfdock,0.65355064,0.91495838,3.98891,0,0,2.2281665
1726,35,7189,1027,3zwe_FUC_C_110,0,surfdock,0.65312384,0.91408871,3.2775095,0,0.99039133,2.1546953
1727,35,9961,1423,4qxc_OGA_C_600,0,surfdock,0.653064,0.91396447,2.7486472,0,0,2.7186117
1728,35,17668,2524,7a2h_QX2_A_401,0,surfdock,0.65286117,0.91303267,2.3908105,0,0,2.436884
1729,35,2464,352,1rum_BEZ_H_1601,0,surfdock,0.65282854,0.91284632,3.6186292,0,0.98712959,2.4060336
1730,35,7175,1025,3zwe_FUC_A_110,0,surfdock,0.65278731,0.91272208,3.2775095,0,0,2.2958933
1731,35,15995,2285,6mwl_K5G_B_301,0,surfdock,0.65273886,0.91228724,3.0033398,0,0.98814662,6.7304599
1732,35,13720,1960,5uio_8DM_E_202,0,surfdock,0.65269458,0.91210088,3.6878262,0,0.98849882,3.343181
1733,35,7182,1026,3zwe_FUC_B_110,0,surfdock,0.65268963,0.91203876,3.2775095,0,0.94357148,2.2897966
1734,35,16786,2398,6rbx_JYT_A_301,0,surfdock,0.65267439,0.9118524,3.2781932,0,0.98338246,2.9368482
1735,35,497,71,1fsa_F6P_B_338,0,surfdock,0.65261709,0.91166605,3.7626989,0,0.96123392,3.3005421
1736,35,4396,628,2gyw_OBI_B_953,0,surfdock,0.65261488,0.91160393,4.0600162,0,0.95715683,3.7105317
1737,35,175,25,1bqp_MAN_C_402,0,surfdock,0.65256407,0.91129333,3.0167093,0,0,2.2992994
1738,35,6027,861,2zka_AZA_A_302,0,surfdock,0.65253919,0.91104485,2.3908105,0,0.1524748,2.1536613
1739,35,2415,345,1r4s_MUA_A_800,0,surfdock,0.6525389,0.91098273,2.3908105,0,0.082806303,2.4548227
1740,35,1428,204,1kar_HSM_B_503,0,surfdock,0.6524697,0.91079637,3.042958,0,0.0036272461,2.2950561
1741,35,11165,1595,5av3_KMP_A_300,0,surfdock,0.65246206,0.91073425,2.3908105,0,0.99742038,3.5196989
1742,35,14413,2059,5z54_0HZ_C_303,0,surfdock,0.65240518,0.91042366,3.8097012,0,0.9675157,3.3959918
1743,35,3444,492,1zei_CRS_D_54,0,surfdock,0.65235595,0.9102373,2.3908105,0,0.036488016,2.1399407
1744,35,4991,713,2pvy_ACP_D_802,0,surfdock,0.65234687,0.91017518,2.3908105,0,0.97872743,3.0163561
1745,35,3507,501,1zk0_SS2_A_1260,0,surfdock,0.65232973,0.91005094,2.6914618,0,0.78316205,2.141506
1746,35,14126,2018,5xh2_NPO_A_305,0,surfdock,0.65232119,0.9099267,4.0234137,0,0.99645798,2.3087063
1747,35,2310,330,1pzy_NAG_B_405,0,surfdock,0.65232043,0.90986458,3.7534342,0,0.96747266,3.0496527
1748,35,4956,708,2pt6_S4M_A_501,0,surfdock,0.6522167,0.90918126,3.3524323,0,0,4.3588629
1749,35,4018,574,2e1a_MSE_D_301,0,surfdock,0.6521827,0.90893279,3.391664,0,0.98007347,2.5671216
1750,35,1092,156,1ia1_TQ3_B_196,0,surfdock,0.65215746,0.90874643,2.7118661,0,0,3.4235351
1751,35,2947,421,1vje_MSE_A_301,0,surfdock,0.65213601,0.90862219,2.3908105,0,0.98028098,2.7929635
1752,35,511,73,1fuq_CIT_B_1002,0,surfdock,0.65212028,0.90856007,3.1967125,0,0.42350044,2.4601984
1753,35,12530,1790,5j4k_6FZ_A_404,0,surfdock,0.65206756,0.90800099,3.7291665,0,0.98689663,2.4127671
1754,36,4922,703,2pir_NK_A_933,1,unimol,0.66163884,0.95980808,3.1845148,0,0.58580643,23.66
1755,36,9752,1393,4p5y_NGA_A_201,1,unimol,0.66163884,0.95980808,2.3597984,0,0.99005169,18.21
1756,36,5873,839,2z20_PLP_B_801,0,surfdock,0.6496463,0.91874377,2.3597984,0,0,3.1607974
1757,36,9093,1299,4k5u_GAL_A_301,0,surfdock,0.64927671,0.9179337,2.9871013,0,0.99269207,2.616546
1758,36,9114,1302,4k5u_GAL_D_301,0,surfdock,0.6490638,0.91762213,3.0231178,0,0,2.4100229
1759,36,3178,454,1xdj_HCS_A_1049,0,surfdock,0.64891614,0.91681206,2.3597984,0,0.99616954,2.4224635
1760,36,9107,1301,4k5u_GAL_C_301,0,surfdock,0.64879851,0.91643819,3.0554662,0,0.92530297,2.489696
1761,36,9100,1300,4k5u_GAL_B_301,0,surfdock,0.64875224,0.91625125,2.9871013,0,0,3.1451917
1762,36,5222,746,2r0g_7CK_B_1357,0,surfdock,0.64872978,0.91606431,2.4073091,0,0.99379043,4.2281767
1763,36,4711,673,2nry_STU_C_503,0,surfdock,0.64865242,0.91575274,3.24506,0,0.99268149,4.9439056
1764,36,6223,889,3qss_MTG_A_405,0,surfdock,0.64802106,0.91431954,3.1650996,0,0.81927462,2.2464463
1765,36,5243,749,2r4t_GLC_A_502,0,surfdock,0.64797654,0.91419492,3.1036279,0,0,2.8166981
1766,36,15106,2158,6f77_PLP_A_600,0,surfdock,0.64792223,0.91394566,2.7295516,0,0,3.3309306
1767,36,9737,1391,4oxy_1TN_A_302,0,surfdock,0.6479037,0.91388335,2.3597984,0,0.98129797,3.6238136
1768,36,13734,1962,5uj3_CE4_A_302,0,surfdock,0.64783102,0.91350947,2.3597984,0,0,3.4861398
1769,36,1785,255,1m7p_G3H_A_5401,0,surfdock,0.64775805,0.91326022,2.3597984,0,0.99232306,2.6294998
1770,36,16996,2428,6sz3_M1H_B_601,0,surfdock,0.64773995,0.91319791,2.8891034,0,0.00048584639,2.1243166
1771,36,4697,671,2nry_STU_A_504,0,surfdock,0.64771098,0.91313559,3.24506,0,0.99421219,5.0333872
1772,36,15120,2160,6f77_PLP_D_600,0,surfdock,0.64766111,0.91301097,2.7311792,0,0,3.2995387
1773,36,5411,773,2vjb_CCD_A_1540,0,surfdock,0.6476347,0.91276171,3.1409328,0,0,2.4973902
1774,36,7938,1134,4d4u_FUC_A_950,0,surfdock,0.64735545,0.91164008,2.6005716,0,0.98504497,2.3623948
1775,36,6804,972,3w4i_8LG_A_402,0,surfdock,0.64733648,0.91157777,2.3597984,0,0.35536132,4.2170304
1776,36,238,34,1cq1_BGC_A_455,0,surfdock,0.64732272,0.91151545,2.3597984,0,0.11433033,2.2947047
1777,36,14154,2022,5xmq_PLG_A_501,0,surfdock,0.64732087,0.91139083,3.3386652,0,0,3.6743093
1778,36,6055,865,2ztl_3HL_C_301,0,surfdock,0.64726037,0.91107926,3.0540171,0,0.99514346,2.1943142
1779,36,3542,506,1zoy_UQ1_B_1201,0,surfdock,0.64723742,0.91101695,2.3597984,0,0.99492405,3.2012228
1780,36,406,58,1eyw_PEL_A_404,0,surfdock,0.64722721,0.91095464,2.3597984,0,0.0035114931,2.2868052
1781,36,6475,925,3tky_N7I_A_369,0,surfdock,0.64722165,0.91089232,2.3597984,0,0,3.4385866
1782,37,7792,1113,4cno_9PY_B_301,1,unimol,0.66188341,0.95980025,2.7279265,0,0.94810296,20.75
1783,37,7799,1114,4cno_9PY_C_301,1,unimol,0.66188341,0.95980025,2.68455,0,0.92928702,22.19
1784,37,8723,1246,4i6s_FUC_A_101,1,unimol,0.66188341,0.95980025,3.3830504,0,0.94468373,13.12
1785,37,8730,1247,4i6s_FUC_A_102,1,unimol,0.66188341,0.95980025,3.4150786,0,0.92303043,20.62
1786,37,8737,1248,4i6s_FUC_B_101,1,unimol,0.66188341,0.95980025,3.3830504,0,0.95106866,18.12
1787,37,8744,1249,4i6s_FUC_B_102,1,unimol,0.66188341,0.95980025,3.4150786,0,0.96207217,14.8
1788,37,10200,1457,4u8p_UDP_A_603,1,unimol,0.66188341,0.95980025,3.7621698,0,0,22.69
1789,37,14932,2133,6dqt_LEU_B_1,1,unimol,0.66188341,0.95980025,3.0261614,0,0.9205872,20.97
1790,37,5558,794,2wdq_CBE_K_1130,0,surfdock,0.6397664,0.91797753,3.4385457,0,0.991867,3.0709437
1791,37,5544,792,2wdq_CBE_C_1130,0,surfdock,0.63940408,0.91697878,3.5109224,0,0.98982153,3.1474931
1792,37,1813,259,1mex_RAC_H_601,0,surfdock,0.63935955,0.91679151,2.3501217,0,0.95570862,4.0864098
1793,37,5551,793,2wdq_CBE_G_1130,0,surfdock,0.6391592,0.91616729,3.4385457,0,0.99426637,3.1055284
1794,37,371,53,1e7h_PLM_A_1001,0,surfdock,0.63839851,0.91454432,2.5533261,0,0.96268238,2.935885
1795,37,5075,725,2qcx_PF1_A_300,0,surfdock,0.6382691,0.91416979,2.3741546,0,0,3.1470956
1796,37,2513,359,1s83_4HA_A_5,0,surfdock,0.63756284,0.91217228,3.6270823,0,0.97650847,2.2047467
1797,37,5964,852,2z6j_TUI_A_501,0,surfdock,0.63754767,0.91198502,2.3501217,0,3.3648333e-12,4.5129515
1798,37,4347,621,2gn2_C5P_A_400,0,surfdock,0.63738679,0.91123596,2.8112888,0,0,3.1093533
1799,37,1988,284,1nux_F6P_A_2339,0,surfdock,0.63736375,0.91117353,2.84741,0,0.9712401,3.2576205
1800,37,2681,383,1tkh_DPN_A_911,0,surfdock,0.63732576,0.91092385,3.164892,0,0,2.2659169
1801,37,16513,2359,6ps7_ZMA_A_1201,0,surfdock,0.63720927,0.91073658,3.311358,0,0,3.7921448
1802,37,1414,202,1k8z_IAG_A_501,0,surfdock,0.63716125,0.91054931,2.5608385,0,0.99442625,3.3719875
1803,37,13923,1989,5w3k_9TY_B_401,0,surfdock,0.6368902,0.9088015,3.7323923,0,0.26141844,2.5562171
1804,37,5201,743,2qx4_ML1_B_233,0,surfdock,0.63667706,0.9082397,2.3553691,0,0.98086065,3.2205622
1805,37,4459,637,2i1v_F6P_B_720,0,surfdock,0.63658711,0.90774032,2.9275155,0,0,3.1286495
1806,37,3164,452,1x8x_TYR_A_952,0,surfdock,0.63619777,0.90611735,2.7839026,0,0.99166536,3.4008353
1807,37,140,20,1axg_ETF_A_404,0,surfdock,0.63618819,0.90605493,2.7207444,0,0,2.7284513
1808,37,5971,853,2z6j_TUI_B_502,0,surfdock,0.63618337,0.90599251,2.3770978,0,0.86731063,4.5780648
1809,37,5495,785,2vzu_PNJ_A_1901,0,surfdock,0.6361456,0.90574282,3.235826,0,0,3.4364823
1810,37,11900,1700,5fp9_4SV_A_1342,0,surfdock,0.63604954,0.90536829,2.6262903,0,0.99651004,2.5668614
1811,37,13489,1927,5tde_2HP_B_902,0,surfdock,0.63594443,0.90493134,2.5616548,0,0,1.8370169
1812,37,13916,1988,5w3k_9TY_A_401,0,surfdock,0.63593615,0.90486891,3.7323923,0,0.99604281,4.9498539
1813,37,1477,211,1kfc_IPL_A_674,0,surfdock,0.63569888,0.90405743,2.9443457,0,0.99350644,3.3409396
1814,37,2660,380,1thc_FL9_B_130,0,surfdock,0.63548259,0.90318352,3.4965184,0,0,3.0624764
1815,37,8561,1223,4hgg_SYN_B_502,0,surfdock,0.63532267,0.90280899,2.3501217,0,0.99201502,2.25449
1816,37,10213,1459,4u8y_MIY_B_1102,0,surfdock,0.63531167,0.90262172,2.501678,0,0,4.4687855
1817,37,3997,571,2d3n_GLC_A_608,0,surfdock,0.63498263,0.90174782,2.3501217,0,0.013895512,2.24977
1818,37,13594,1942,5tzr_MLI_A_2403,0,surfdock,0.6341395,0.89993758,2.3501217,0,0.97586197,2.1853968
1819,37,5502,786,2vzu_PNJ_B_1904,0,surfdock,0.63397817,0.89950062,3.2583988,0,0.99140071,3.3208998
1820,37,2891,413,1uqx_MMA_A_1116,0,surfdock,0.63349291,0.89856429,2.520844,0,0.90406872,2.4706624
1821,37,7616,1088,4cju_JNS_A_1217,0,surfdock,0.63331812,0.89825218,2.3501217,0,0,3.2726874
1822,37,2058,294,1o6g_SIN_A_724,0,surfdock,0.63297096,0.89762797,2.5956614,0,0.96743382,3.4503638
1823,37,15897,2271,6m92_J8V_A_601,0,surfdock,0.63290795,0.89756554,2.3501217,0,0,4.1553239
1824,37,8379,1197,4gcq_0JM_A_401,0,surfdock,0.63286412,0.89737828,2.4237764,0,0,5.0412717
1825,37,9436,1348,4mop_2H5_A_802,0,surfdock,0.63279693,0.89719101,2.5731583,0,0.011034262,2.6123004
1826,37,9450,1350,4mop_2H5_C_703,0,surfdock,0.63276716,0.89712859,2.8853073,0,0.95564687,2.6108158
1827,37,4466,638,2i1v_FDP_B_710,0,surfdock,0.63268622,0.8968789,2.7028368,0,0,3.6652548
1828,37,17444,2492,6wdw_TWV_A_701,0,surfdock,0.63256363,0.89669164,3.2017083,0,0,3.930541
1829,37,490,70,1fsa_F6P_A_338,0,surfdock,0.63228487,0.8963171,3.2328544,0,0.98133986,3.1487366
1830,37,182,26,1c3s_SHH_A_952,0,surfdock,0.63158251,0.89563046,3.2921181,0,0.96309139,3.370947
1831,37,567,81,1g79_PLP_A_260,0,surfdock,0.63138294,0.89538077,3.3536279,0,8.7059167e-05,2.799278
1832,38,14358,2051,5ykt_PMP_A_501,1,unimol,0.66308319,0.95992486,2.388113,0,0.99035337,20.87
1833,38,14365,2052,5ykt_PMP_B_501,1,unimol,0.66308319,0.95992486,2.388113,0,0.99484012,21.01
1834,38,10395,1485,4uzi_IMD_B_1456,0,surfdock,0.63462973,0.91891046,2.7186997,0,0.8941696,3.9603235
1835,38,12131,1733,5h24_LQG_A_501,0,surfdock,0.6344315,0.91865999,2.3276865,0,0.99173182,6.3582158
1836,38,9751,1393,4p5y_NGA_A_201,0,surfdock,0.63431215,0.9183469,2.3276865,0,0.9865421,2.7555941
1837,38,8106,1158,4dvw_0M4_A_512,0,surfdock,0.63410717,0.91822167,3.2577622,0,0.74357877,3.6476084
1838,38,3612,516,2a15_NCA_A_1001,0,surfdock,0.63360015,0.91665623,3.1579885,0,0.94465878,2.5361327
1839,38,8183,1169,4e7v_CRS_K_101,0,surfdock,0.63345268,0.916531,3.4442272,0,0.99652202,2.2220873
1840,38,588,84,1g8z_GAL_F_104,0,surfdock,0.63285984,0.9154665,3.1738782,0,0.98978258,2.3111142
1841,38,10157,1451,4trj_665_A_501,0,surfdock,0.63284011,0.91540388,2.3276865,0,0.87354375,3.7462651
1842,38,4200,600,2fhk_MFN_C_601,0,surfdock,0.63251934,0.91471509,2.3276865,0,0.80400458,5.2324632
1843,38,13713,1959,5uio_8DM_D_202,0,surfdock,0.63233911,0.91433939,3.3821948,0,0,3.1091516
1844,38,5362,766,2v32_BEZ_B_1220,0,surfdock,0.63211657,0.91365059,3.3585887,0,0.99633597,2.4662198
1845,38,1715,245,1luq_BTN_B_5200,0,surfdock,0.63160596,0.91227301,3.109035,0,0.98717775,3.311904
1846,38,13706,1958,5uio_8DM_C_202,0,surfdock,0.63159279,0.91208516,3.2384026,0,0,2.3758216
1847,38,1792,256,1m7p_G3H_B_6401,0,surfdock,0.63138112,0.91170946,2.6934166,0,0.98070982,2.5173951
1848,38,13699,1957,5uio_8DM_A_202,0,surfdock,0.63131269,0.91158422,3.2588012,0,0.98649564,3.3342614
1849,38,17570,2510,6yaw_P9H_B_502,0,surfdock,0.63130311,0.9115216,2.3485413,0,0,4.6649773
1850,38,8743,1249,4i6s_FUC_B_102,0,surfdock,0.63128919,0.91139637,3.2684665,0,0.97359678,2.3023008
1851,38,8099,1157,4du7_DP6_B_401,0,surfdock,0.63121638,0.91120852,2.4567924,0,0.98082006,3.4735105
1852,38,13531,1933,5thu_B3N_A_404,0,surfdock,0.63115473,0.91089543,2.3276865,0,0.83072565,3.6242909
1853,38,4571,653,2izf_BTN_D_301,0,surfdock,0.63107681,0.91039449,2.9816051,0,0.99433626,3.3316932
1854,38,12747,1821,5joy_6LW_A_602,0,surfdock,0.63105876,0.91020664,2.9525745,0,0,2.5029702
1855,38,11753,1679,5faj_DCS_B_401,0,surfdock,0.63103611,0.91001879,2.8124249,0,0,3.9999139
1856,38,11361,1623,5cpn_531_A_401,0,surfdock,0.63097091,0.9097057,2.5513093,0,0.9526016,2.8629017
1857,38,6237,891,3qt8_FM0_B_328,0,surfdock,0.63064514,0.90882905,2.3276865,0,0,3.6703055
1858,38,9457,1351,4mpr_TPP_A_602,0,surfdock,0.63061347,0.90851597,2.3276865,0,0,4.1714944
1859,38,1351,193,1jtk_THU_A_138,0,surfdock,0.6305983,0.90845335,3.3965747,0,0,3.2125064
1860,38,12803,1829,5kcp_PFB_B_378,0,surfdock,0.63042362,0.90820288,2.9347625,0,0,2.6928737
1861,38,5376,768,2v32_BEZ_D_1221,0,surfdock,0.6304227,0.90814026,3.3585887,0,0.9705932,2.3934584
1862,38,3367,481,1z11_8MO_D_501,0,surfdock,0.63041666,0.90807765,2.3276865,0,0.99423373,2.9986612
1863,38,2282,326,1pwz_RSO_A_256,0,surfdock,0.63031367,0.90763932,3.0811493,0,0.99704689,2.2953551
1864,38,7098,1014,3wzo_ZOE_D_201,0,surfdock,0.63027798,0.90745147,2.4020331,0,0.94673785,4.1417433
1865,38,6230,890,3qt8_FM0_A_328,0,surfdock,0.63016836,0.907201,2.3276865,0,0.99100529,3.7257301
1866,38,8736,1248,4i6s_FUC_B_101,0,surfdock,0.63010035,0.90695053,3.3168197,0,0.52744812,2.1105659
1867,38,3150,450,1x82_PA5_A_301,0,surfdock,0.63008736,0.9068253,2.908885,0,0.96973567,3.3216708
1868,38,3360,480,1z11_8MO_C_501,0,surfdock,0.6298695,0.90626174,2.3276865,0,0.98998631,3.0708971
1869,38,8400,1200,4ghf_4NC_C_402,0,surfdock,0.62960987,0.90532248,2.3276865,0,0,2.6202711
1870,38,3346,478,1z11_8MO_A_501,0,surfdock,0.62958416,0.90513463,2.3276865,0,0.97855457,3.1553193
1871,38,13349,1907,5r0j_RBJ_B_401,0,surfdock,0.62957207,0.90507201,2.3276865,0,0,2.3622488
1872,38,8722,1246,4i6s_FUC_A_101,0,surfdock,0.62941051,0.90475892,3.3168197,0,0.98624321,2.171519
1873,38,10171,1453,4tyv_BGC_B_701,0,surfdock,0.62919478,0.9043206,2.3276865,0,0.0043567237,2.6558123
1874,38,8092,1156,4du7_DP6_A_401,0,surfdock,0.62912569,0.90413275,2.4498689,0,0.98583086,3.5652661
1875,38,8393,1199,4ghf_4NC_A_402,0,surfdock,0.62871413,0.90319349,2.4046559,0,0,4.6651531
1876,38,7805,1115,4cpp_ADM_A_422,0,surfdock,0.62837352,0.90237946,2.3276865,0,0.99500518,2.4479121
1877,38,2289,327,1pwz_RSO_B_256,0,surfdock,0.62835345,0.90231684,3.0811493,0,0.9951624,1.698808
1878,38,8407,1201,4ghf_4NC_D_402,0,surfdock,0.62804406,0.90194114,2.4046559,0,0,2.5168662
1879,38,12754,1822,5joy_6LW_B_602,0,surfdock,0.62798333,0.90187852,2.9525745,0,0.0075773133,2.4667985
1880,38,2898,414,1uux_PPI_A_1165,0,surfdock,0.62791036,0.90175329,3.1725073,0,0.99515914,1.9075096
1881,38,2653,379,1thc_FL9_A_130,0,surfdock,0.62773742,0.90137758,3.1158473,0,3.6158123e-07,3.0397459
1882,39,2479,354,1rvz_NAG_F_3331,1,unimol,0.66394998,0.95986181,2.8615355,0,0.00015058308,30.26
1883,39,4229,604,2fr6_CTN_C_1003,1,unimol,0.66394998,0.95986181,3.8905573,0,0,20.78
1884,39,9773,1396,4p8c_2J3_A_504,1,unimol,0.66394998,0.95986181,2.2992992,0,0,17.8
1885,39,12888,1841,5l9v_OGA_A_502,1,unimol,0.66394998,0.95986181,3.9414291,0,0,23.29
1886,39,12895,1842,5l9v_OGA_B_502,1,unimol,0.66394998,0.95986181,3.963695,0,0.84530028,21.95
1887,39,15673,2239,6jzh_ZMA_A_2002,0,surfdock,0.64297337,0.91871859,3.8162184,0,0.94377523,3.9031446
1888,39,12768,1824,5k2c_ZMA_A_1201,0,surfdock,0.64293939,0.91865578,3.6675677,0,0,3.7117504
1889,39,294,42,1dai_DSD_A_225,0,surfdock,0.64223648,0.91777638,3.6022279,0,0.89260721,2.9957464
1890,39,287,41,1daf_DSD_A_225,0,surfdock,0.64223259,0.91765075,3.6079185,0,0.87448279,3.0556372
1891,39,3850,550,2bxh_IOS_A_1001,0,surfdock,0.64207527,0.91721106,2.2992992,0,0.99680824,2.9934537
1892,39,11487,1641,5dne_ASN_C_601,0,surfdock,0.6419682,0.91702261,3.3295815,0,0,2.5017056
1893,39,11473,1639,5dne_ASN_A_601,0,surfdock,0.64184759,0.91683417,3.299032,0,0,2.5474067
1894,39,11942,1706,5fwd_GJV_A_1446,0,surfdock,0.64141253,0.9165201,4.1108785,0,0.97693357,4.1263993
1895,39,11480,1640,5dne_ASN_B_601,0,surfdock,0.64114898,0.91614322,3.3295815,0,0,2.5483569
1896,39,10584,1512,4xpq_FUL_A_1002,0,surfdock,0.64096869,0.91582915,3.0663128,0,0.99573926,2.1616638
1897,39,11494,1642,5dne_ASN_D_601,0,surfdock,0.64084135,0.91557789,3.299032,0,0,2.420873
1898,39,840,120,1h48_CDI_E_902,0,surfdock,0.64057863,0.91513819,3.5529335,0,0.96100581,2.9929156
1899,39,1162,166,1isx_XYP_B_961,0,surfdock,0.64027973,0.91463568,4.0918922,0,0.94605276,1.989432
1900,39,15932,2276,6md2_GW9_A_501,0,surfdock,0.64019069,0.91438442,3.0470455,0,0.98498776,3.4047518
1901,39,6265,895,3r3z_GOA_A_305,0,surfdock,0.64005571,0.91413317,3.7510197,0,0.99377237,2.0396516
1902,39,819,117,1h48_CDI_B_902,0,surfdock,0.63999231,0.91400754,3.5294766,0,0.90556716,3.0130402
1903,39,14784,2112,6c1i_EEY_A_501,0,surfdock,0.63976832,0.91350503,3.3169813,0,0.9899883,3.342108
1904,39,15127,2161,6f77_PLP_E_600,0,surfdock,0.63959494,0.9133794,3.4136257,0,0.96609486,3.3784549
1905,39,1407,201,1k5s_GRO_B_601,0,surfdock,0.63955771,0.91325377,2.2992992,0,0,2.6523296
1906,39,1463,209,1kdo_C_B_6407,0,surfdock,0.63943208,0.91281407,2.7228863,0,0.96329766,3.7271947
1907,39,1155,165,1isx_XYP_A_1461,0,surfdock,0.63936429,0.91275126,4.0918922,0,0.032025759,2.0609899
1908,39,6279,897,3r3z_GOA_C_305,0,surfdock,0.63935068,0.91268844,3.7510197,0,0.99618025,2.0810081
1909,39,1925,275,1nme_159_B_9002,0,surfdock,0.63927753,0.9125,3.4912813,0,0.97329797,2.8796639
1910,39,7917,1131,4d2c_ALA_A_508,0,surfdock,0.63900607,0.91218593,3.7916794,0,0.99307788,5.2703729
1911,39,17220,2460,6u30_PQM_A_501,0,surfdock,0.63888539,0.91193467,2.2992992,0,0.88886852,2.8841587
1912,39,6048,864,2ztl_3HL_A_301,0,surfdock,0.63885209,0.91180905,2.7966173,0,0.99795886,2.0843456
1913,39,1883,269,1n3o_GYP_B_1101,0,surfdock,0.63883975,0.91174623,3.6792331,0,0.042341654,2.7036229
1914,39,1141,163,1iri_E4P_C_603,0,surfdock,0.63881218,0.91168342,2.6462936,0,0.99298605,2.9215186
1915,39,91,13,1ajs_PLA_A_415,0,surfdock,0.63877892,0.91149497,2.9311697,0,0.9487998,4.4036433
1916,39,5180,740,2qvr_CIT_A_335,0,surfdock,0.63865463,0.91099246,2.2992992,0,0.88736328,2.5612403
1917,39,4578,654,2j1s_FUL_A_1153,0,surfdock,0.63863283,0.91086683,2.877892,0,0,2.2353107
1918,39,2212,316,1pl6_572_C_409,0,surfdock,0.63855535,0.91067839,4.0009003,0,0,3.0083108
1919,39,2219,317,1pl6_572_D_411,0,surfdock,0.6382231,0.91005025,3.9525797,0,0,2.9646837
1920,39,11998,1714,5g44_SWX_A_1511,0,surfdock,0.63821156,0.90998744,3.4226363,0,1.3399904e-05,2.8507837
1921,39,1127,161,1iri_E4P_A_601,0,surfdock,0.63807384,0.90961055,2.6462936,0,0.99636509,4.7028776
1922,39,16667,2381,6qor_JBK_A_301,0,surfdock,0.63792602,0.90954774,3.6817081,0,0.99854079,2.5831757
1923,39,10948,1564,4zvz_4TF_A_503,0,surfdock,0.63789297,0.90948492,2.8426266,0,0,3.25305
1924,39,2198,314,1pl6_572_A_405,0,surfdock,0.63782571,0.90923367,3.9525797,0,0.66601137,3.1068296
1925,39,6286,898,3r3z_GOA_D_305,0,surfdock,0.63768215,0.90898241,3.7042723,0,0.9932017,2.1340351
1926,39,3976,568,2cxp_A5P_B_2601,0,surfdock,0.63743545,0.90854271,3.5362079,0,0.99442931,3.1411936
1927,39,1876,268,1n3o_GYP_A_1001,0,surfdock,0.6369843,0.90741206,3.6792331,0,0,2.7042053
1928,39,12187,1741,5hc0_NPO_A_407,0,surfdock,0.63692478,0.90709799,3.5605986,0,0.0024416399,5.0780509
1929,39,1029,147,1ho5_ADN_A_1604,0,surfdock,0.63686304,0.90697236,2.2992992,0,0.98369689,3.3804761
1930,39,441,63,1fhv_OSB_A_789,0,surfdock,0.63673271,0.90684673,2.7964191,0,0.9865647,3.052847
1931,39,2205,315,1pl6_572_B_407,0,surfdock,0.63670801,0.90678392,3.9750714,0,0.62174352,3.0897433
1932,40,2164,309,1pfw_MF3_A_553,1,unimol,0.66236899,0.95989288,3.5218012,0,0.99201225,16.52
1933,40,11376,1625,5cr1_STL_B_201,1,unimol,0.66236899,0.95989288,2.2922506,0,0.99110272,22.18
1934,40,14372,2053,5ylf_BGC_A_401,1,unimol,0.66236899,0.95989288,2.7449932,0,0.95010361,15.73
1935,40,15072,2153,6f6a_CU5_A_301,1,unimol,0.66236899,0.95989288,2.2922506,0,0.99413742,19.87
1936,40,15079,2154,6f6a_CU5_B_301,1,unimol,0.66236899,0.95989288,2.2922506,0,0.97649721,18.68
1937,40,10563,1509,4xp0_42A_A_404,0,surfdock,0.64966374,0.91846251,3.7790048,0,0.99687933,2.5282739
1938,40,679,97,1gz5_G6P_D_901,0,surfdock,0.647511,0.91606805,2.7907815,0,0.82702458,3.2690028
1939,40,5768,824,2xya_7L4_A_1181,0,surfdock,0.64737387,0.91594203,3.7599034,0,0.99324319,3.3466791
1940,40,2485,355,1s2c_FLF_A_2001,0,surfdock,0.64708003,0.91556396,2.2922506,0,0,3.6511899
1941,40,665,95,1gz5_G6P_B_901,0,surfdock,0.64702704,0.91543793,2.7907815,0,0,3.1341666
1942,40,11312,1616,5cga_KP6_E_301,0,surfdock,0.64610575,0.91411468,2.2922506,0,0.99686063,4.782112
1943,40,5698,814,2xmi_FLC_A_1379,0,surfdock,0.645371,0.91342155,2.3501301,0,0,2.8151755
1944,40,1540,220,1kuj_MMA_E_503,0,surfdock,0.64527491,0.9131695,3.0240223,0,0.97973905,2.6474568
1945,40,4102,586,2evd_D10_A_304,0,surfdock,0.64519026,0.91291745,2.5427949,0,0.97933701,2.733718
1946,40,672,96,1gz5_G6P_C_901,0,surfdock,0.6451686,0.91285444,2.8934619,0,0,3.2338916
1947,40,10612,1516,4xz9_G3P_C_302,0,surfdock,0.64453357,0.91184625,2.9372921,0,0.99723439,2.2923259
1948,40,4599,657,2j5b_TYE_B_1338,0,surfdock,0.64381391,0.91109011,2.8772943,0,0.83428746,2.7618277
1949,40,1533,219,1kuj_MMA_C_502,0,surfdock,0.64362196,0.91077505,3.0260482,0,0.99014569,2.7220013
1950,40,1526,218,1kuj_MMA_A_501,0,surfdock,0.64361953,0.91071204,3.0264523,0,0.97735509,4.4967705
1951,40,7791,1113,4cno_9PY_B_301,0,surfdock,0.6434234,0.91020794,3.8514044,0,0,2.8305119
1952,40,7231,1033,4a3u_NCA_B_1359,0,surfdock,0.64319688,0.90982987,2.3534408,0,0.77207458,2.3170134
1953,40,14483,2069,5zgr_ZZ7_A_303,0,surfdock,0.64260917,0.90932577,2.2922506,0,0.53211402,3.9350395
1954,40,13062,1866,5mxh_GAL_A_402,0,surfdock,0.6422871,0.90882168,2.2922506,0,0.11106635,2.4394946
1955,40,14490,2070,5zgr_ZZ7_B_303,0,surfdock,0.64205421,0.9084436,2.2922506,0,0.99201471,3.7600689
1956,40,6594,942,3uwb_BB2_A_154,0,surfdock,0.64197604,0.90831758,3.8847623,0,0.98515746,4.0746032
1957,40,7896,1128,4d0z_BBK_A_1581,0,surfdock,0.64194714,0.90825457,2.7080021,0,0.93187622,2.7812797
1958,40,14476,2068,5zge_ZZ7_A_301,0,surfdock,0.64163081,0.90768746,2.2922506,0,0.37748873,3.6955719
1959,40,2492,356,1s2c_FLF_A_2002,0,surfdock,0.64102867,0.90730939,2.2922506,0,0,3.3011161
1960,41,4425,632,2hdk_COI_B_900,1,unimol,0.71246892,0.99981063,3.8385196,0,0,23.42
1961,41,3886,555,2c5b_5F1_B_500,1,unimol,0.6638636,0.9599798,2.947953,0,0,16.53
1962,41,3893,556,2c5b_5F1_C_500,1,unimol,0.6638636,0.9599798,2.947953,0,0,15.94
1963,41,5097,728,2qd4_CHD_A_802,1,unimol,0.6638636,0.9599798,3.5703228,0,0.97158938,40.13
1964,41,5111,730,2qd4_CHD_B_926,1,unimol,0.6638636,0.9599798,3.6497264,0,0.98872195,23.01
1965,41,8240,1177,4ejh_0QA_A_502,1,unimol,0.6638636,0.9599798,2.7834792,0,0.59102642,29.19
1966,41,8254,1179,4ejh_0QA_E_502,1,unimol,0.6638636,0.9599798,2.7985353,0,9.265573e-05,27.62
1967,41,8940,1277,4j0k_EGR_A_501,1,unimol,0.6638636,0.9599798,3.2764015,0,0.7287984,19.19
1968,41,9381,1340,4mgj_CPZ_A_502,1,unimol,0.6638636,0.9599798,2.2944667,0,0.98116181,19.88
1969,41,9612,1373,4nkw_PLO_A_601,1,unimol,0.6638636,0.9599798,2.2944667,0,0.99535151,28.56
1970,41,9619,1374,4nkw_PLO_B_601,1,unimol,0.6638636,0.9599798,2.2944667,0,0.9938415,24.13
1971,41,9626,1375,4nkw_PLO_C_601,1,unimol,0.6638636,0.9599798,2.2944667,0,0.99336545,29.09
1972,41,9633,1376,4nkw_PLO_D_601,1,unimol,0.6638636,0.9599798,2.2944667,0,0.99394282,27.44
1973,41,10102,1443,4rql_SNE_A_505,1,unimol,0.6638636,0.9599798,2.57061,0,0.89078395,27.53
1974,41,10109,1444,4rql_SNE_B_502,1,unimol,0.6638636,0.9599798,2.57061,0,0,26.61
1975,41,10725,1532,4z69_DIF_A_1007,1,unimol,0.6638636,0.9599798,3.4067311,0,0.98504842,23.84
1976,41,10732,1533,4z69_DIF_A_1008,1,unimol,0.6638636,0.9599798,3.4068401,0,0,19.19
1977,41,10942,1563,4zvv_GN0_D_403,1,unimol,0.6638636,0.9599798,4.0974159,0,0,25.33
1978,41,11838,1691,5fiu_Y3J_A_1299,1,unimol,0.6638636,0.9599798,3.746819,0,0.68544196,19.15
1979,41,11845,1692,5fiu_Y3J_B_1299,1,unimol,0.6638636,0.9599798,3.746819,0,0.78350732,16.84
1980,41,13364,1909,5r9o_54F_A_401,1,unimol,0.6638636,0.9599798,3.4517221,0,0.98521549,21.41
1981,41,13385,1912,5syi_NIZ_B_805,1,unimol,0.6638636,0.9599798,3.0428047,0,0.86008703,24.91
1982,41,13819,1974,5vka_AKG_A_402,1,unimol,0.6638636,0.9599798,3.3364661,0,0,16.21
1983,41,14687,2098,6b9p_D0J_A_1001,1,unimol,0.6638636,0.9599798,2.9238288,0,0.20965552,37.57
1984,41,14694,2099,6b9p_D0J_B_1001,1,unimol,0.6638636,0.9599798,2.9238288,0,0,37.57
1985,41,14960,2137,6e40_BBJ_A_502,1,unimol,0.6638636,0.9599798,3.3681386,0,0.86917614,22.8
1986,41,14967,2138,6e40_BBJ_B_502,1,unimol,0.6638636,0.9599798,3.2997279,0,0.91643021,21.52
1987,41,14974,2139,6e40_BBJ_D_502,1,unimol,0.6638636,0.9599798,3.3133242,0,0,25.72
1988,41,16059,2294,6nba_P1T_A_501,1,unimol,0.6638636,0.9599798,2.3061659,0,0,23.58
1989,41,16066,2295,6nba_P1T_B_501,1,unimol,0.6638636,0.9599798,2.3061659,0,0,22.56
1990,41,16073,2296,6nba_P1T_C_501,1,unimol,0.6638636,0.9599798,2.2944667,0,0,20.14
1991,41,16318,2331,6ock_9KL_A_601,1,unimol,0.6638636,0.9599798,2.2944667,0,0.98199323,24.7
1992,41,16647,2378,6qo4_97T_A_301,1,unimol,0.6638636,0.9599798,4.0716915,0,0.99258974,19.93
1993,41,16654,2379,6qo4_97T_B_301,1,unimol,0.6638636,0.9599798,4.0716915,0,0,14.6
1994,41,16745,2392,6r6i_H50_A_201,1,unimol,0.6638636,0.9599798,2.658421,0,0.78044657,17.59
1995,41,16752,2393,6r6i_H50_B_201,1,unimol,0.6638636,0.9599798,2.6680706,0,0.98586324,26.44
1996,41,16836,2405,6rgr_RM4_A_402,1,unimol,0.6638636,0.9599798,3.4862454,0,0.94657568,16.28
1997,41,16843,2406,6rgr_RM4_A_403,1,unimol,0.6638636,0.9599798,3.7770438,0,0.96693027,20.13
1998,41,17340,2477,6vei_9UO_B_502,1,unimol,0.6638636,0.9599798,2.73245,0,0.97717331,24.35
1999,41,17403,2486,6vv1_RMJ_A_501,1,unimol,0.6638636,0.9599798,3.3889346,0,0.97525195,21.15
2000,41,17718,2531,7c7g_FJR_B_402,1,unimol,0.6638636,0.9599798,3.9849975,0,0.99128371,19.32
2001,41,11375,1625,5cr1_STL_B_201,0,surfdock,0.65305397,0.91882338,2.2944667,0,0,2.6950693
2002,41,6391,913,3se2_3AB_D_3,0,surfdock,0.652264,0.91775028,3.8527191,0,0.99562959,2.5658703
2003,41,3486,498,1zgj_P1S_A_0,0,surfdock,0.65220075,0.91756091,3.5464396,0,0,3.3084767
2004,41,1645,235,1lo3_AN1_Y_500,0,surfdock,0.65123451,0.91692968,2.2944667,0,0.99192112,3.6125652
2005,41,5026,718,2q28_TPP_B_5001,0,surfdock,0.65104632,0.91674031,2.2944667,0,0,3.9050466
2006,41,17185,2455,6tot_NRK_A_401,0,surfdock,0.65073974,0.91648782,3.8858879,0,0,4.6962485
2007,41,17192,2456,6tot_NRK_B_401,0,surfdock,0.65073491,0.91642469,3.9686916,0,8.9394841e-07,4.7003205
2008,41,6384,912,3se2_3AB_C_4,0,surfdock,0.65069362,0.91623532,3.8455091,0,0.9965687,2.4909066
2009,41,5019,717,2q28_TPP_A_4001,0,surfdock,0.65062901,0.91610908,2.2944667,0,0.90482135,4.0171504
2010,42,11992,1713,5g44_I6G_A_1510,1,unimol,0.66152179,0.96118288,2.6600332,0,0.0014132077,24.43
2011,42,17717,2531,7c7g_FJR_B_402,0,surfdock,0.65031606,0.920846,2.8785324,0,0.99153711,3.8066775
2012,42,6258,894,3qxx_8AC_A_221,0,surfdock,0.64723343,0.91761651,3.1655743,0,0.9584796,2.5159338
2013,42,2457,351,1ruk_BEZ_H_601,0,surfdock,0.6467984,0.91710993,2.2955704,0,0.99225605,2.3468564
2014,42,9821,1403,4pik_MAN_A_501,0,surfdock,0.64630608,0.91635005,2.2955704,0,0,2.4636457
2015,42,203,29,1ca7_ENO_B_601,0,surfdock,0.64526772,0.91521023,2.6813345,0,0.97789674,2.7820449
2016,42,6657,951,3vc3_C6P_D_501,0,surfdock,0.64521792,0.91514691,3.2245176,0,0,4.2683375
2017,42,6671,953,3vc3_C6P_F_501,0,surfdock,0.6450139,0.91508359,3.2245176,0,0.64304037,4.1961572
2018,42,10493,1499,4ws2_6UA_A_303,0,surfdock,0.6449351,0.91495694,2.3986497,0,0.11268026,2.2646028
2019,42,6650,950,3vc3_C6P_C_501,0,surfdock,0.64417228,0.91400709,3.2226305,0,0,4.1588311
2020,42,14371,2053,5ylf_BGC_A_401,0,surfdock,0.64372421,0.91343718,3.1039743,0,0,2.3546478
2021,42,11557,1651,5e4r_40E_A_504,0,surfdock,0.64355944,0.91324721,2.9830198,0,0.66599474,1.8454385
2022,42,10521,1503,4x36_CHT_A_410,0,surfdock,0.64350424,0.91312057,2.2955704,0,0.95947472,2.1412371
2023,42,16975,2425,6sxr_KHP_A_506,0,surfdock,0.64313784,0.91242401,3.2316487,0,0.97275358,3.0650471
2024,42,6664,952,3vc3_C6P_E_501,0,surfdock,0.64244827,0.91191743,3.2266767,0,0.95757499,4.2312206
2025,42,8589,1227,4hxk_1AJ_A_201,0,surfdock,0.64233963,0.9118541,2.2955704,0,1.5991157e-05,2.8803488
2026,42,5866,838,2z20_PLP_A_701,0,surfdock,0.64207976,0.91141084,2.2955704,0,0,3.2609828
2027,42,10878,1554,4zsy_RW2_A_502,0,surfdock,0.64051557,0.9102077,2.7958164,0,0,4.4133668
2028,42,7798,1114,4cno_9PY_C_301,0,surfdock,0.64039202,0.91001773,2.2955704,0,0,2.7404877
2029,42,10528,1504,4x36_CHT_A_411,0,surfdock,0.63995339,0.90963779,2.2955704,0,0.87202325,2.0835108
2030,42,14966,2138,6e40_BBJ_B_502,0,surfdock,0.63833398,0.90786474,3.0085664,0,0,3.8960328
2031,42,14777,2111,6c17_DNX_A_202,0,surfdock,0.63827373,0.9077381,2.884356,0,0.0062003955,2.9046743
2032,42,10535,1505,4x36_CHT_A_412,0,surfdock,0.63746538,0.90710486,2.2955704,0,0,2.1112943
2033,42,133,19,1aua_BOG_A_1,0,surfdock,0.6370172,0.89621327,2.7930336,0,0,3.3150406
2034,42,224,32,1cib_IMP_A_440,0,surfdock,0.6370172,0.89621327,2.9793921,0,0,3.874648
2035,42,245,35,1d3g_ORO_A_399,0,surfdock,0.6370172,0.89621327,3.1928077,0,0.20925065,2.5082207
2036,42,707,101,1h18_DTL_B_9009,0,surfdock,0.6370172,0.89621327,3.2202926,0,0.99240068,2.281551
2037,42,952,136,1h70_CIR_A_500,0,surfdock,0.6370172,0.89621327,3.1399388,0,0,3.0746832
2038,42,1421,203,1kar_HSM_A_502,0,surfdock,0.6370172,0.89621327,2.5235324,0,0.0014684532,4.3518207
2039,42,1470,210,1kep_TDX_A_3500,0,surfdock,0.6370172,0.89621327,3.0989969,0,0.14504393,2.2374464
2040,42,2037,291,1o2i_655_A_246,0,surfdock,0.6370172,0.89621327,2.8414521,0,0.99334405,2.6354764
2041,42,2086,298,1opr_ORO_A_220,0,surfdock,0.6370172,0.89621327,2.2955704,0,0.99831537,2.5530725
2042,42,2170,310,1pi3_TZD_A_530,0,surfdock,0.6370172,0.89621327,3.219203,0,0.88033853,4.1706101
2043,42,2695,385,1tkj_MED_A_913,0,surfdock,0.6370172,0.89621327,2.5030665,0,0.83885921,2.5725439
2044,42,3605,515,2a0x_DIH_A_300,0,surfdock,0.6370172,0.89621327,2.2955704,0,0.11576265,3.351094
2045,42,3654,522,2agw_TSS_D_3001,0,surfdock,0.6370172,0.89621327,2.2955704,0,0,2.7655606
2046,42,3661,523,2agw_TSS_H_2001,0,surfdock,0.6370172,0.89621327,2.2955704,0,0,2.8338785
2047,42,3773,539,2bgc_DTT_F_1238,0,surfdock,0.6370172,0.89621327,2.424582,0,0.36626258,2.4071066
2048,42,3780,540,2bgc_DTU_A_1238,0,surfdock,0.6370172,0.89621327,2.424582,0,0.58303984,2.3618462
2049,42,3955,565,2ci0_1CM_A_1450,0,surfdock,0.6370172,0.89621327,2.2955704,0,2.7426361e-05,3.24652
2050,42,4123,589,2f64_12Q_A_472,0,surfdock,0.6370172,0.89621327,2.9702184,0,0,2.4722166
2051,42,4130,590,2f64_12Q_B_471,0,surfdock,0.6370172,0.89621327,2.9264872,0,0.0054556519,2.5532196
2052,42,4221,603,2fpu_HSO_B_509,0,surfdock,0.6370172,0.89621327,2.4377306,0,0.86161198,2.6344548
2053,42,5705,815,2xoz_AMP_B_1664,0,surfdock,0.6370172,0.89621327,2.2955704,0,0.09174073,1.9653649
2054,42,5880,840,2z26_DOR_A_1410,0,surfdock,0.6370172,0.89621327,2.2955704,0,0,2.557549
2055,42,6125,875,2zwt_CAM_A_422,0,surfdock,0.6370172,0.89621327,2.3194277,0,0,2.3677992
2056,42,6643,949,3vc3_C6P_A_501,0,surfdock,0.6370172,0.89621327,3.2245176,0,0,4.2403747
2057,42,6867,981,3w8x_FTK_B_601,0,surfdock,0.6370172,0.89621327,3.0684385,0,0,3.9395112
2058,42,7819,1117,4cw2_XDS_A_1303,0,surfdock,0.6370172,0.89621327,2.3411791,0,0,2.6790148
2059,42,8582,1226,4hrq_AZG_B_201,0,surfdock,0.6370172,0.89621327,2.2955704,0,0,2.192591
2060,43,2163,309,1pfw_MF3_A_553,0,surfdock,0.68383852,0.99904714,2.9566936,0,0.98994574,2.8961607
2061,43,7133,1019,3zks_WZV_A_1398,0,surfdock,0.67464931,0.99485453,2.2896357,0,0,4.6789556
2062,43,9793,1399,4pb4_PLP_A_401,0,surfdock,0.66859505,0.99205946,2.2896357,0,0,4.2101326
2063,43,2450,350,1rqh_PYR_A_602,0,surfdock,0.66821607,0.99186889,2.2896357,0,0.47410252,2.0865225
2064,43,5853,836,2ynf_WHU_A_1563,1,unimol,0.66775274,0.95283319,2.4214964,0,0,25.26
2065,43,9513,1359,4n4j_HG1_A_605,0,surfdock,0.6666818,0.91335281,2.8218312,0,0.96596352,2.5352834
2066,43,6419,917,3sli_SKD_A_760,0,surfdock,0.66423139,0.91176471,2.7799935,0,0,3.5073965
2067,43,1729,247,1lzz_IHG_B_1830,0,surfdock,0.66331187,0.91132004,3.059099,0,0.87990769,2.3465166
2068,43,217,31,1cib_HDA_A_437,0,surfdock,0.66174252,0.91106594,2.4815111,0,0,2.4593843
2069,43,1722,246,1lzz_IHG_A_830,0,surfdock,0.66126916,0.91087537,3.0478575,0,0.9916934,2.3244343
2070,43,8729,1247,4i6s_FUC_A_102,0,surfdock,0.65905343,0.90979545,3.1541424,0,0,2.3759845
2071,43,11508,1644,5dnx_5LD_B_205,0,surfdock,0.65684148,0.90890611,3.1182809,0,0,2.4182606
2072,43,119,17,1aog_MAE_A_500,0,surfdock,0.65359817,0.89813874,2.2896357,0,0,2.3488039
2073,43,329,47,1duc_DUD_A_201,0,surfdock,0.65359817,0.89813874,2.2896357,0,0.49790609,2.388787
2074,43,1113,159,1iki_DAL_A_500,0,surfdock,0.65359817,0.89813874,2.2896357,0,0.63914911,2.163937
2075,43,1344,192,1jla_TNK_A_999,0,surfdock,0.65359817,0.89813874,2.2896357,0,0.9910065,4.5223507
2076,43,2366,338,1q6r_LX1_A_7301,0,surfdock,0.65359817,0.89813874,2.2896357,0,0.99215021,3.063702
2077,43,2373,339,1q6r_LX1_B_9301,0,surfdock,0.65359817,0.89813874,2.2896357,0,0.98713275,3.0653824
2078,43,2471,353,1rvt_NDG_H_742,0,surfdock,0.65359817,0.89813874,2.2896357,0,0,2.6985241
2079,43,2674,382,1tke_SER_A_500,0,surfdock,0.65359817,0.89813874,2.2896357,0,0.69310183,2.2330215
2080,43,3633,519,2a5t_GLY_A_1001,0,surfdock,0.65359817,0.89813874,2.7513876,0,0,2.2861217
2081,43,4060,580,2ef9_A5P_A_1269,0,surfdock,0.65359817,0.89813874,2.2896357,0,0,4.6310723
2082,43,4256,608,2fyd_BGC_B_403,0,surfdock,0.65359817,0.89813874,2.921087,0,0.98348,2.5686446
2083,43,4368,624,2gx5_PCG_C_514,0,surfdock,0.65359817,0.89813874,3.1302519,0,0.85691377,2.99121
2084,43,5033,719,2q6m_P34_A_1001,0,surfdock,0.65359817,0.89813874,2.2896357,0,0.93265115,3.3662043
2085,43,5040,720,2q6m_P34_A_1002,0,surfdock,0.65359817,0.89813874,2.2896357,0,0.95753292,3.337698
2086,43,5236,748,2r4t_250_A_503,0,surfdock,0.65359817,0.89813874,2.2896357,0,1.2679296e-07,3.2222263
2087,43,5292,756,2tmk_ATM_A_217,0,surfdock,0.65359817,0.89813874,2.7265894,0,0.9804427,3.9454085
2088,43,5299,757,2tmk_ATM_B_217,0,surfdock,0.65359817,0.89813874,2.7946062,0,0.99067127,3.9458169
2089,43,5439,777,2vlf_PLI_A_1457,0,surfdock,0.65359817,0.89813874,2.4838872,0,0.88468094,4.0419328
2090,43,5446,778,2vlf_PLI_B_1459,0,surfdock,0.65359817,0.89813874,2.4902287,0,0,4.03213
2091,43,5663,809,2x6o_2TC_A_1209,0,surfdock,0.65359817,0.89813874,2.2896357,0,0,4.4002253
2092,43,6272,896,3r3z_GOA_B_305,0,surfdock,0.65359817,0.89813874,2.8255732,0,0.96315003,1.9670818
2093,43,6629,947,3vbn_TYD_C_301,0,surfdock,0.65359817,0.89813874,2.6527519,0,0.94415024,4.0591834
2094,43,6636,948,3vbn_TYD_E_301,0,surfdock,0.65359817,0.89813874,2.646306,0,0.5859874,3.7462994
2095,43,7903,1129,4d0z_BBK_B_1580,0,surfdock,0.65359817,0.89813874,2.8767264,0,0.95713481,2.6668645
2096,43,7910,1130,4d0z_BBK_E_1584,0,surfdock,0.65359817,0.89813874,2.9066541,0,0.92336522,2.8271555
2097,43,8925,1275,4ixw_IXW_A_302,0,surfdock,0.65359817,0.89813874,2.2896357,0,0.96004684,2.6128794
2098,43,9002,1286,4jb0_ENO_A_402,0,surfdock,0.65359817,0.89813874,3.0899861,0,0.93883266,3.0241779
2099,43,9478,1354,4mux_2E4_A_402,0,surfdock,0.65359817,0.89813874,2.8783376,0,0,4.3781208
2100,43,9730,1390,4ox5_DAL_A_307,0,surfdock,0.65359817,0.89813874,2.2896357,0,0,2.1903917
2101,43,9772,1396,4p8c_2J3_A_504,0,surfdock,0.65359817,0.89813874,2.6265419,0,0.68942883,2.8718905
2102,43,10199,1457,4u8p_UDP_A_603,0,surfdock,0.65359817,0.89813874,2.2896357,0,0.89250141,1.9156895
2103,43,10206,1458,4u8p_UDP_C_603,0,surfdock,0.65359817,0.89813874,2.2896357,0,0.97078699,2.6824547
2104,43,10367,1481,4ur9_OAN_A_1718,0,surfdock,0.65359817,0.89813874,2.2896357,0,0,3.8598224
2105,43,10591,1513,4xpq_FUL_A_1004,0,surfdock,0.65359817,0.89813874,2.2896357,0,0.0056294515,2.0062277
2106,43,10598,1514,4xti_IMP_B_601,0,surfdock,0.65359817,0.89813874,2.2896357,0,0.96915676,3.9686258
2107,43,11039,1577,5a8k_COM_A_556,0,surfdock,0.65359817,0.89813874,2.2896357,0,0,2.3921486
2108,43,11046,1578,5a8k_COM_D_555,0,surfdock,0.65359817,0.89813874,2.2896357,0,0,2.202166
2109,43,11403,1629,5d9w_ASC_A_301,0,surfdock,0.65359817,0.89813874,2.9644272,0,0.19998192,3.9290551
2110,44,8169,1167,4e7v_CRS_G_101,0,surfdock,0.68730915,0.99955391,3.8479962,0,0.99448582,2.1405284
2111,44,15071,2153,6f6a_CU5_A_301,0,surfdock,0.68691583,0.99942646,3.87363,0,0.01624386,3.7568908
2112,44,16646,2378,6qo4_97T_A_301,0,surfdock,0.68633941,0.99910783,2.7403126,0,0.33094554,2.729493
2113,44,8155,1165,4e7v_CRS_C_101,0,surfdock,0.68573412,0.9990441,3.8479962,0,0.039583284,3.9563222
2114,44,8162,1166,4e7v_CRS_E_101,0,surfdock,0.68557701,0.99898037,3.8479962,0,0.25271518,2.2444065
2115,44,8190,1170,4e7v_CRS_M_101,0,surfdock,0.68442125,0.9983431,3.8479962,0,0.99555703,1.5826159
2116,44,8197,1171,4e7v_CRS_O_101,0,surfdock,0.6843951,0.99827938,3.8479962,0,0.9942327,2.2200898
2117,44,8176,1168,4e7v_CRS_I_101,0,surfdock,0.68428373,0.99821565,3.8479962,0,0.9978539,2.2362911
2118,44,7427,1061,4b98_PXG_B_470,0,surfdock,0.6839659,0.9980882,3.6137123,0,0,6.2248244
2119,44,8148,1164,4e7v_CRS_A_101,0,surfdock,0.6839425,0.99802447,3.7950056,0,0.99772182,2.1133608
2120,44,8204,1172,4e7v_CRS_S_101,0,surfdock,0.68384465,0.99789702,3.7950056,0,0.18070844,2.1735846
2121,44,8134,1162,4e7v_CRS_1_101,0,surfdock,0.68325911,0.99751466,3.6331108,0,0,2.0024688
2122,44,7371,1053,4al9_GLA_E_1123,0,surfdock,0.68301997,0.9973872,2.7222221,0,0.98905997,2.3854604
2123,44,16317,2331,6ock_9KL_A_601,0,surfdock,0.68239283,0.99725975,2.8132989,0,0.86336569,3.6795148
2124,44,5677,811,2xh0_PEP_B_1440,0,surfdock,0.68186424,0.99700484,2.2716451,0,0.99111711,2.5890709
2125,44,2051,293,1o68_KIV_B_275,0,surfdock,0.68106431,0.99674994,2.2716451,0,0.9921679,2.3555968
2126,44,8141,1163,4e7v_CRS_3_101,0,surfdock,0.68083207,0.99668621,3.6331108,0,0.99789088,2.1265068
2127,44,15078,2154,6f6a_CU5_B_301,0,surfdock,0.68034588,0.9964313,3.87363,0,0.90033323,3.7317386
2128,44,7364,1052,4al9_GLA_B_1123,0,surfdock,0.67856443,0.99585776,2.7222221,0,0.997371,2.4441468
2129,44,12495,1785,5iuy_BOG_C_503,0,surfdock,0.67815161,0.99566658,2.8942444,0,0.084318658,2.4073598
2130,44,2604,372,1sz6_NAG_B_5002,0,surfdock,0.67758659,0.99541167,3.8821919,0,0,2.5897028
2131,44,2044,292,1o68_KIV_A_275,0,surfdock,0.67756115,0.99534795,2.2716451,0,0.98739086,2.3435445
2132,44,16842,2406,6rgr_RM4_A_403,0,surfdock,0.67678275,0.99502931,3.8540719,0,0.22235516,2.1348385
2133,44,7609,1087,4cjs_L0Y_B_1217,0,surfdock,0.67672751,0.99496559,3.8238242,0,0.98314179,4.4628124
2134,44,1694,242,1lti_GAL_E_104,0,surfdock,0.67655367,0.99483813,4.0432825,0,0.99412383,2.5128518
2135,44,7378,1054,4al9_GLA_G_1123,0,surfdock,0.67595613,0.99458323,2.7222221,0,0.96910569,2.3714074
2136,44,3241,463,1xny_BTN_B_5602,0,surfdock,0.67583722,0.9945195,3.0544302,0,0.96483152,3.0385476
2137,44,10500,1500,4ws6_WBU_A_301,0,surfdock,0.67491606,0.99420087,3.8929465,0,0,2.2617208
2138,45,14364,2052,5ykt_PMP_B_501,0,surfdock,0.69432633,0.99955312,3.5487838,0,0.99295307,3.457541
2139,45,14357,2051,5ykt_PMP_A_501,0,surfdock,0.6925595,0.99923391,3.5487838,0,0.99034576,3.2516487
2140,45,11921,1703,5fqf_NGA_B_1586,0,surfdock,0.68819588,0.99782942,3.2266595,0,0.11588472,2.7350391
2141,45,11907,1701,5fqf_NGA_A_1589,0,surfdock,0.68715717,0.99757406,3.2774634,0,0.51472543,2.5228299
2142,45,17402,2486,6vv1_RMJ_A_501,0,surfdock,0.68661273,0.99744637,2.9911468,0,0,3.9470061
2143,45,11914,1702,5fqf_NGA_B_1585,0,surfdock,0.68554512,0.99706333,3.4690285,0,0.9868576,2.8796433
2144,45,448,64,1fk1_DAO_A_201,0,surfdock,0.68468454,0.99680797,2.7102873,0,0.94505784,3.4397775
2145,45,3269,467,1y2x_NAG_B_1144,0,surfdock,0.68142524,0.99597804,2.310504,0,0,2.9002376
2146,45,1701,243,1lti_GAL_H_104,0,surfdock,0.67942197,0.99508427,4.3007054,0,0.98568147,2.4903479
2147,45,4354,622,2gnm_MAN_A_253,0,surfdock,0.67900978,0.99489275,4.2112412,0,0.95037934,2.5067751
2148,45,4970,710,2pt6_S4M_C_503,0,surfdock,0.67751166,0.99438202,2.8652997,0,0.93775205,4.3937556
2149,45,13139,1877,5nj0_8YW_A_301,0,surfdock,0.677301,0.99425434,3.706176,0,0.98833615,4.0507629
2150,45,7525,1075,4bz6_SHH_B_700,0,surfdock,0.67725113,0.9941905,4.1964903,0,0.97872213,3.3909103
2151,45,2114,302,1oxp_IK2_A_411,0,surfdock,0.67653551,0.99399898,3.2759397,0,0.96819645,3.7955199
2152,45,3038,434,1w55_C_A_1372,0,surfdock,0.67611996,0.9938713,2.250386,0,1.4510704e-05,2.9015676
2153,45,7532,1076,4bz6_SHH_C_700,0,surfdock,0.67534739,0.99355209,4.1964903,0,0.93851565,3.245294
2154,45,16835,2405,6rgr_RM4_A_402,0,surfdock,0.67532035,0.99342441,2.8005538,0,0.054839278,2.2098548
2155,45,4690,670,2npq_BOG_A_2000,0,surfdock,0.67508809,0.99329673,3.6641991,0,0,3.0044944
2156,45,861,123,1h5r_G1P_B_1294,0,surfdock,0.67417142,0.99304137,3.4616172,0,0.9828736,3.1666865
2157,45,2877,411,1ubs_SER_B_398,0,surfdock,0.67322025,0.99284985,3.0852604,0,0.96313177,4.1698978
2158,45,4585,655,2j1s_FUL_B_1153,0,surfdock,0.67321906,0.99278601,2.250386,0,0.9963517,2.1625788
2159,45,7518,1074,4bz6_SHH_A_700,0,surfdock,0.67262391,0.99253064,4.2676535,0,0.95973613,3.2416638
2160,45,2597,371,1sz6_NAG_B_5001,0,surfdock,0.67219544,0.99240296,3.5766361,0,7.7799723e-05,2.6207427
2161,45,14,2,1a49_OXL_A_533,0,surfdock,0.67186881,0.99221144,3.9811096,0,0.98958419,2.1645708
2162,45,1687,241,1lti_GAL_D_104,0,surfdock,0.66876623,0.99157303,4.2677073,0,0.99229857,2.4170301
2163,45,1169,167,1itw_ICT_A_743,0,surfdock,0.66826484,0.99144535,3.9962959,0,0.98770296,2.7458521
2164,45,3053,436,1w55_GPP_A_1374,1,unimol,0.66800501,0.95250255,4.138319,0,0.74513912,23.11
2165,45,8513,1216,4hey_4MZ_A_303,1,unimol,0.66800501,0.95250255,3.4904997,0,0,17.94
2166,45,8520,1217,4hey_4MZ_A_308,1,unimol,0.66800501,0.95250255,3.5715346,0,0,18.85
2167,45,12265,1752,5i0d_GLC_A_1124,1,unimol,0.66800501,0.95250255,3.7808836,0,0.9889307,29.7
2168,45,13945,1992,5w7b_MYR_B_208,1,unimol,0.66800501,0.95250255,3.9835567,0,0.7064787,30.36
2169,45,17767,2538,7joc_ARZ_A_302,1,unimol,0.66800501,0.95250255,3.7502596,0,0.98719574,27.77
2170,45,9016,1288,4jh6_FCN_A_202,0,surfdock,0.66761898,0.91317671,2.250386,0,0.99536604,4.3389776
2171,45,2317,331,1pzy_NAG_D_406,0,surfdock,0.6672842,0.91298519,3.3669219,0,0.98454775,3.0459671
2172,45,13055,1865,5mxh_GAL_A_401,0,surfdock,0.66726856,0.91292135,3.3921661,0,0.11528099,2.5169932
2173,45,4704,672,2nry_STU_B_502,0,surfdock,0.66719969,0.91285751,2.9488115,0,0.93096274,4.9967589
2174,45,2303,329,1pym_OXL_B_1002,0,surfdock,0.66703084,0.91272983,4.3229289,0,0.9971198,2.0648777
2175,45,7539,1077,4bz6_SHH_D_700,0,surfdock,0.66607217,0.91183606,4.2676535,0,0.98935604,3.1955538
2176,45,9268,1324,4lcq_URQ_A_603,0,surfdock,0.6658253,0.91170838,2.250386,0,0,2.5490812
2177,45,1176,168,1itw_ICT_B_744,0,surfdock,0.66530054,0.91158069,3.9866261,0,0,2.8329707
2178,45,4935,705,2prg_BRL_B_2,0,surfdock,0.66339985,0.91094229,3.2478838,0,0.79932773,4.086803
2179,45,6195,885,3qhd_CTN_A_165,0,surfdock,0.66274182,0.91068693,4.2582135,0,0.98127813,2.8603165
2180,45,168,24,1bo8_U_A_318,0,surfdock,0.65737212,0.90104699,3.499033,0,0.95434796,3.4683795
2181,45,868,124,1h5r_G1P_D_1294,0,surfdock,0.65737212,0.90104699,3.5529964,0,0,3.1967115
2182,45,931,133,1h69_ARH_A_1275,0,surfdock,0.65737212,0.90104699,4.3938799,0,0,3.5700642
2183,45,938,134,1h69_ARH_B_1275,0,surfdock,0.65737212,0.90104699,4.3868308,0,0,3.5616722
2184,45,945,135,1h69_ARH_C_1275,0,surfdock,0.65737212,0.90104699,4.3622279,0,0,3.4816126
2185,45,1064,152,1hsb_ALA_C_1,0,surfdock,0.65737212,0.90104699,4.003509,0,0,3.394277
2186,45,1218,174,1ixo_G3P_A_1001,0,surfdock,0.65737212,0.90104699,2.250386,0,0.86584543,2.5525683
2187,45,1225,175,1ixo_G3P_B_1002,0,surfdock,0.65737212,0.90104699,4.4373908,0,0.83841247,2.644568
2188,46,12264,1752,5i0d_GLC_A_1124,0,surfdock,0.70738069,0.99910337,2.8705759,0,0.90418987,2.396163
2189,46,13363,1909,5r9o_54F_A_401,0,surfdock,0.70573927,0.99839887,2.533741,0,0.99296671,2.8990852
2190,46,10724,1532,4z69_DIF_A_1007,0,surfdock,0.70566545,0.99833483,2.6830831,0,0.9943386,3.4811523
2191,46,17283,2469,6ur0_ETM_B_401,0,surfdock,0.69817318,0.99679775,2.2474434,0,0.98154439,2.1910813
2192,46,8365,1195,4fxr_BMP_B_301,0,surfdock,0.69535322,0.99628538,2.2474434,0,0.99338946,3.873482
2193,46,8358,1194,4fxr_BMP_A_301,0,surfdock,0.69136261,0.99494044,2.2474434,0,0.9869602,3.9055576
2194,46,5117,731,2qd4_CHD_B_928,0,surfdock,0.68695153,0.99397976,2.820451,0,0,4.254858
2195,46,1967,281,1nrg_PLP_A_320,0,surfdock,0.68436477,0.99340336,2.5993736,0,8.6710282e-06,2.5586593
2196,46,5747,821,2xul_AKG_C_201,0,surfdock,0.68408198,0.99333931,2.2514503,0,0.93368965,2.529452
2197,46,17395,2485,6vo2_R67_B_403,0,surfdock,0.67996797,0.99282695,2.6419446,0,0,2.6291521
2198,46,315,45,1dpm_EBP_B_902,0,surfdock,0.67603258,0.99180223,2.9590456,0,0.75421767,3.0546961
2199,46,5740,820,2xul_AKG_B_201,0,surfdock,0.67213191,0.99103369,2.2514503,0,0.92692556,2.5153854
2200,46,196,28,1ca7_ENO_A_501,0,surfdock,0.67076034,0.99058537,2.4341168,0,0,2.8526239
2201,46,9934,1419,4qck_ASD_A_404,1,unimol,0.67031914,0.95164596,2.2474434,0,0,20.43
2202,46,12048,1721,5goo_FRU_B_501,1,unimol,0.67031914,0.95164596,2.2474434,0,0,18.95
2203,46,12055,1722,5goo_FRU_C_501,1,unimol,0.67031914,0.95164596,2.2474434,0,0,19.04
2204,46,16850,2407,6rhc_K48_A_305,1,unimol,0.67031914,0.95164596,2.5163937,0,0.96944913,16.87
2205,46,17515,2502,6xu3_GAB_B_402,1,unimol,0.67031914,0.95164596,2.2474434,0,0.99025138,26.88
2206,46,28,4,1a9r_HPA_A_290,0,surfdock,0.66945309,0.90418855,2.2474434,0,0,2.2273995
2207,46,1197,171,1iwe_IMP_A_460,0,surfdock,0.66945309,0.90418855,2.8943038,0,0,4.1346542
2208,46,1204,172,1iwe_IMP_B_1443,0,surfdock,0.66945309,0.90418855,2.8258476,0,0.97852813,3.9338565
2209,46,1211,173,1iwe_IMP_B_1452,0,surfdock,0.66945309,0.90418855,2.7844877,0,0,3.855453
2210,46,1505,215,1klz_U_A_2001,0,surfdock,0.66945309,0.90418855,2.2474434,0,0.96733147,2.4806588
2211,46,1512,216,1km6_OMP_A_2001,0,surfdock,0.66945309,0.90418855,2.3151944,0,0.97817557,4.0283383
2212,46,1638,234,1lnf_VAL_E_1321,0,surfdock,0.66945309,0.90418855,2.2474434,0,0.98727058,3.211068
2213,46,1652,236,1lqp_FCN_A_4002,0,surfdock,0.66945309,0.90418855,2.2474434,0,0.99596532,2.2907317
2214,46,1659,237,1lqp_FCN_A_4004,0,surfdock,0.66945309,0.90418855,2.2474434,0,0,2.0970711
2215,46,1666,238,1lqp_FCN_B_4001,0,surfdock,0.66945309,0.90418855,2.2474434,0,0,1.620167
2216,46,1673,239,1lqp_FCN_B_4003,0,surfdock,0.66945309,0.90418855,2.2474434,0,0,2.1695455
2217,46,1799,257,1m9j_CLW_A_906,0,surfdock,0.66945309,0.90418855,2.7682545,0,0.0010600658,2.3760469
2218,46,1806,258,1m9j_CLW_B_907,0,surfdock,0.66945309,0.90418855,2.7890549,0,0.54462011,2.3748651
2219,46,1869,267,1n1i_HIS_C_501,0,surfdock,0.66945309,0.90418855,2.2474434,0,0.8243796,2.2569443
2220,46,3682,526,2ahc_VNL_D_466,0,surfdock,0.66945309,0.90418855,2.8769472,0,0.99549928,2.9002167
2221,46,3948,564,2caq_GSH_A_1208,0,surfdock,0.66945309,0.90418855,2.4478958,0,0,5.1891011
2222,46,4886,698,2oxp_THP_A_300,0,surfdock,0.66945309,0.90418855,2.9198868,0,0.96268291,3.7942803
2223,46,5166,738,2qui_LTN_A_501,0,surfdock,0.66945309,0.90418855,2.2474434,0,0,3.1416823
2224,46,5173,739,2qui_LTN_B_478,0,surfdock,0.66945309,0.90418855,2.2474434,0,0,3.0400293
2225,46,5432,776,2vkg_CF4_A_1064,0,surfdock,0.66945309,0.90418855,2.2474434,0,0.00012713225,3.3453425
2226,46,6685,955,3vcp_PRO_A_502,0,surfdock,0.66945309,0.90418855,2.2474434,0,0,2.3970999
2227,46,6965,995,3wk1_O7E_A_301,0,surfdock,0.66945309,0.90418855,2.2474434,0,0.98620248,3.5634024
2228,46,7049,1007,3wug_XYP_B_2,0,surfdock,0.66945309,0.90418855,2.2474434,0,0,2.0131156
2229,46,7112,1016,3zcm_PX3_B_1216,0,surfdock,0.66945309,0.90418855,2.2737725,0,0,4.7254709
2230,46,7469,1067,4buf_F36_A_2162,0,surfdock,0.66945309,0.90418855,2.2474434,0,0.97707337,3.5109731
2231,46,7504,1072,4bvh_OCZ_A_1393,0,surfdock,0.66945309,0.90418855,2.6244004,0,2.4791712e-05,2.8906889
2232,46,7511,1073,4bvh_OCZ_B_1392,0,surfdock,0.66945309,0.90418855,2.625715,0,0.9877122,3.4313842
2233,46,8953,1279,4j4b_0TF_A_904,0,surfdock,0.66945309,0.90418855,2.2474434,0,0.97641548,3.5830967
2234,46,8960,1280,4j4b_0TF_B_301,0,surfdock,0.66945309,0.90418855,2.2474434,0,0.97586855,3.5552565
2235,46,9303,1329,4luu_BTM_A_704,0,surfdock,0.66945309,0.90418855,2.2474434,0,0.00048386375,3.1276323
2236,46,9464,1352,4mr7_2BV_A_501,0,surfdock,0.66945309,0.90418855,2.2474434,0,0,3.5534339
2237,46,9590,1370,4nf4_2JK_A_301,0,surfdock,0.66945309,0.90418855,2.2474434,0,0,3.0677445
2238,47,6251,893,3qwi_CUE_D_272,0,surfdock,0.72327231,0.999743,3.9568667,0,3.9190748e-06,3.2344193
2239,47,6244,892,3qwi_CUE_A_272,0,surfdock,0.7219352,0.99967875,3.9126403,0,0.99717939,3.311976
2240,47,17164,2452,6toj_NQQ_A_201,0,surfdock,0.71859948,0.99903624,3.3614404,0,0.97418721,3.5769026
2241,47,5110,730,2qd4_CHD_B_926,0,surfdock,0.71855992,0.99897199,3.4676483,0,0,3.6507416
2242,47,5530,790,2wch_B7M_A_1145,0,surfdock,0.71725953,0.99858648,3.4774597,0,0,3.7129995
2243,47,7588,1084,4ccu_AWF_A_1500,0,surfdock,0.71699377,0.99845798,3.9236984,0,0.9827705,4.5617677
2244,47,1498,214,1klk_PMD_A_653,0,surfdock,0.71616201,0.99832948,2.6929126,0,0.99428941,4.0786649
2245,47,539,77,1g4s_TPS_B_2002,0,surfdock,0.71551029,0.99826523,3.4873755,0,0,3.9905137
2246,47,9380,1340,4mgj_CPZ_A_502,0,surfdock,0.71482923,0.99813673,2.236095,0,8.6485453e-05,2.7426395
2247,47,322,46,1dpm_EBP_B_903,0,surfdock,0.71386517,0.99794397,2.236095,0,0,2.7031244
2248,47,2548,364,1sff_IK2_D_450,0,surfdock,0.71140217,0.99749422,2.236095,0,0.98612264,4.2180349
2249,47,5096,728,2qd4_CHD_A_802,0,surfdock,0.71010552,0.99736572,3.5213635,0,0.83353854,4.1455653
2250,47,4683,669,2npq_BOG_A_1000,0,surfdock,0.70903913,0.99710871,3.8707573,0,0,3.7603235
2251,47,12908,1844,5la1_XYP_A_602,0,surfdock,0.70645501,0.99659471,3.6691766,0,0.088004989,2.095253
2252,47,17479,2497,6xim_XLS_A_397,0,surfdock,0.70497371,0.99640195,2.3574228,0,0.99491317,2.7460502
2253,47,13888,1984,5vv5_9OJ_B_803,0,surfdock,0.70318047,0.99588795,2.6977446,0,0,3.5149971
2254,47,8435,1205,4gnp_PEP_A_703,0,surfdock,0.70294164,0.99569519,2.7952385,0,0.99025742,2.5087848
2255,47,476,68,1fqo_F6R_B_2268,0,surfdock,0.69861981,0.99485993,3.3765247,0,0.94851056,3.3761576
2256,47,6615,945,3v7u_MTA_A_302,0,surfdock,0.69855388,0.99479568,2.386306,0,0.98556534,3.2286413
2257,47,15939,2277,6md2_GW9_B_501,0,surfdock,0.69319649,0.99383192,3.1000271,0,0,2.3453176
2258,47,3864,552,2bxh_IOS_B_1002,0,surfdock,0.6877953,0.99325366,2.8921568,0,0.00019830868,2.7457917
2259,47,16443,2349,6pk1_3PY_A_502,0,surfdock,0.6866678,0.99299666,2.9497008,0,0.99504973,1.5224836
2260,47,3353,479,1z11_8MO_B_501,0,surfdock,0.68661129,0.99286816,2.759937,0,0.97544795,2.9342403
2261,47,14931,2133,6dqt_LEU_B_1,0,surfdock,0.68493751,0.9926754,2.236095,0,0.99303874,3.3802207
2262,47,3185,455,1xdj_HCS_A_1050,0,surfdock,0.68392326,0.99261115,2.7240448,0,0.97585257,2.5027132
2263,47,4753,679,2nu7_COA_E_1325,0,surfdock,0.6837691,0.99248265,2.7491992,0,0.17455798,2.4740069
2264,47,2996,428,1w1a_NDG_1_1261,0,surfdock,0.68372586,0.99235415,3.7184362,0,0,2.9277173
2265,47,11172,1596,5av4_GEN_A_400,0,surfdock,0.68320696,0.99222565,2.7210755,0,1.1952507e-06,3.3302101
2266,47,12068,1724,5gto_MYR_A_502,0,surfdock,0.68191476,0.99196865,3.2235026,0,0,3.2528566
2267,47,3402,486,1zb6_GST_A_502,0,surfdock,0.68115232,0.99190439,3.5369644,0,0,3.6994587
2268,47,9527,1361,4n4j_HG1_A_607,0,surfdock,0.67905064,0.99158314,2.3116,0,3.3184418e-08,2.708871
2269,47,3003,429,1w1a_NDG_2_1261,0,surfdock,0.67897731,0.99151889,3.7184362,0,0.89520071,2.9342111
2270,47,2975,425,1vl1_CIT_A_300,0,surfdock,0.67875859,0.99126189,2.236095,0,0.86706107,2.5008436
2271,47,4473,639,2i6p_4NP_A_401,0,surfdock,0.67486005,0.99087638,3.388571,0,0.96173383,2.6319467
2272,47,7168,1024,3zv6_4HB_A_1277,0,surfdock,0.67413524,0.99074788,2.236095,0,0,2.7463224
2273,47,3192,456,1xid_ASC_A_389,0,surfdock,0.67386477,0.99068363,2.868664,0,0.9912334,2.61429
2274,47,2954,422,1vje_MSE_A_401,0,surfdock,0.67380148,0.99055513,2.236095,0,0.93868149,2.8363636
2275,47,126,18,1aog_MAE_A_501,0,surfdock,0.67310388,0.99049088,2.236095,0,0.99516562,2.2007926
2276,47,49,7,1aia_PMP_B_411,0,surfdock,0.67254452,0.9826844,3.1647191,0,0.2344142,3.3198868
2277,47,98,14,1amq_PMP_A_413,0,surfdock,0.67254452,0.9826844,2.981777,0,0,3.1383996
2278,47,189,27,1c9c_PP3_A_413,0,surfdock,0.67254452,0.9826844,3.6586051,0,0,4.2114545
2279,47,469,67,1fqo_F6R_A_1268,0,surfdock,0.67254452,0.9826844,3.367981,0,0.93841667,3.3187283
2280,47,623,89,1gij_2PU_A_501,0,surfdock,0.67254452,0.9826844,3.4274836,0,0.89587387,4.2407293
2281,47,651,93,1gsi_TMP_A_1210,0,surfdock,0.67254452,0.9826844,2.236095,0,0.97981491,3.8479637
2282,47,728,104,1h18_PYR_B_1001,0,surfdock,0.67254452,0.9826844,2.8661089,0,0,1.6093919
2283,47,1085,155,1ia1_TQ3_A_194,0,surfdock,0.67254452,0.9826844,2.9038751,0,0.99704587,3.3102819
2284,47,1708,244,1luq_BTN_A_5100,0,surfdock,0.67254452,0.9826844,3.6618028,0,0.99249329,3.2579777
2285,47,1834,262,1moo_4MZ_A_264,0,surfdock,0.67254452,0.9826844,3.9182322,0,0.055030513,1.8718611
2286,47,1841,263,1moo_4MZ_A_265,0,surfdock,0.67254452,0.9826844,3.9772213,0,0.99139843,1.8446556
2287,47,2856,408,1u1g_BBB_F_8300,0,surfdock,0.67254452,0.9826844,3.9749849,0,0,4.5532124
2288,48,2835,405,1u1g_BBB_C_5300,0,surfdock,0.72075355,0.99871084,3.6116514,0,0,4.4417145
2289,48,3500,500,1zjp_DR4_A_1,0,surfdock,0.7148777,0.9980018,2.588923,0,0.92249257,3.8631107
2290,48,16849,2407,6rhc_K48_A_305,0,surfdock,0.71436639,0.99793735,2.231813,0,0.9953123,2.7247411
2291,48,2821,403,1u1g_BBB_A_3300,0,surfdock,0.71413692,0.99787289,3.5535469,0,0,4.4793731
2292,48,15442,2206,6hmw_FUL_I_201,0,surfdock,0.71315094,0.99767952,3.5644565,0,0,2.2759044
2293,48,154,22,1bit_BEN_A_246,0,surfdock,0.70052033,0.99548795,2.231813,0,0.97175269,2.2913345
2294,48,644,92,1gkc_NFH_B_1449,0,surfdock,0.69799833,0.99516566,2.231813,0,0.96347199,2.6122122
2295,48,14805,2115,6c6w_TFX_A_502,0,surfdock,0.6892227,0.99419879,2.231813,0,0,2.8020475
2296,48,12096,1728,5gwx_SAR_A_302,0,surfdock,0.67554857,0.99271626,3.0011814,0,0,2.1855173
2297,48,413,59,1eyw_TEN_A_403,0,surfdock,0.6752737,0.98546474,3.0089421,0,0.98636349,2.853019
2298,48,1120,160,1iki_REY_A_400,0,surfdock,0.6752737,0.98546474,2.7577302,0,0.85864645,3.9414769
2299,48,2275,325,1pvc_ILE_0_7,0,surfdock,0.6752737,0.98546474,2.4196486,0,0,3.8193067
2300,48,2590,370,1syf_THP_A_180,0,surfdock,0.6752737,0.98546474,3.5984204,0,0,3.7392967
2301,48,2688,384,1tkh_DPN_A_913,0,surfdock,0.6752737,0.98546474,3.3258789,0,0,2.7876434
2302,48,2849,407,1u1g_BBB_E_7300,0,surfdock,0.6752737,0.98546474,3.5535469,0,0,4.4326533
2303,48,2933,419,1v5g_HTL_A_1602,0,surfdock,0.6752737,0.98546474,3.1267812,0,0.17612155,4.2329617
2304,48,3157,451,1x8i_BMH_A_2,0,surfdock,0.6752737,0.98546474,2.2917757,0,0.95697267,3.8202074
2305,48,3318,474,1yik_MM1_A_500,0,surfdock,0.6752737,0.98546474,3.566958,0,0.89632288,2.2840993
2306,48,3640,520,2a9z_26A_A_1001,0,surfdock,0.6752737,0.98546474,2.231813,0,0.99335643,3.6925324
2307,48,4620,660,2jav_5Z5_A_1280,0,surfdock,0.6752737,0.98546474,3.1315534,0,0,3.6223369
2308,48,5068,724,2qca_DGP_A_300,0,surfdock,0.6752737,0.98546474,3.1088121,0,0.97119515,3.5347667
2309,48,5397,771,2vez_G6P_A_202,0,surfdock,0.6752737,0.98546474,2.231813,0,0.86239075,2.7268337
2310,48,5852,836,2ynf_WHU_A_1563,0,surfdock,0.6752737,0.98546474,3.2160234,0,0,4.4764038
2311,48,5859,837,2z1z_MLT_A_433,0,surfdock,0.6752737,0.98546474,2.231813,0,0.97083013,2.4610223
2312,48,6426,918,3sp6_IL2_A_901,0,surfdock,0.6752737,0.98546474,2.231813,0,0,4.3345224
2313,48,6580,940,3uu7_2OH_A_1,0,surfdock,0.6752737,0.98546474,2.5339122,0,0.99697205,3.3124763
2314,48,6587,941,3uu7_2OH_B_1,0,surfdock,0.6752737,0.98546474,2.5339122,0,0.99680394,3.3668991
2315,48,6811,973,3w4i_8LG_B_402,0,surfdock,0.6752737,0.98546474,3.5854979,0,0.34595657,2.161602
2316,49,17514,2502,6xu3_GAB_B_402,0,surfdock,0.72892269,0.99941883,2.2303565,0,0.0051727137,2.3979378
2317,49,13356,1908,5r28_RDJ_A_401,0,surfdock,0.7209801,0.99845021,3.8046806,0,0.9852464,3.0764899
2318,49,16604,2372,6qdc_HXE_A_1004,0,surfdock,0.70201652,0.99573809,2.2303565,0,0.0014868794,3.6990279
2319,49,16611,2373,6qde_HWW_A_502,0,surfdock,0.69354978,0.99489862,4.0902562,0,0,4.3564466
2320,49,12922,1846,5lik_W8X_X_402,0,surfdock,0.68981703,0.99464032,2.2303565,0,0.98541046,3.9179927
2321,49,4872,696,2ot7_OGA_A_500,0,surfdock,0.68590892,0.99412372,4.0611944,0,0.99467675,2.7214344
2322,49,1078,154,1i8a_BGC_A_189,0,surfdock,0.67978544,0.99347798,3.762603,0,0.068665263,2.5477066
2323,49,2128,304,1p5g_G6P_X_658,0,surfdock,0.67759495,0.99309053,2.2303565,0,0.98534318,3.2452017
2324,49,2639,377,1tf8_TRP_A_911,0,surfdock,0.67481613,0.98611649,3.4270506,0,0,2.1431558
2325,49,3885,555,2c5b_5F1_B_500,0,surfdock,0.67481613,0.98611649,3.7125967,0,0,3.2738374
2326,49,3892,556,2c5b_5F1_C_500,0,surfdock,0.67481613,0.98611649,3.7125967,0,0,3.4608595
2327,49,5313,759,2uyv_TLA_A_1275,0,surfdock,0.67481613,0.98611649,2.9718342,0,0,2.5482161
2328,49,5320,760,2uyv_TLA_A_1277,0,surfdock,0.67481613,0.98611649,2.9712036,0,0,2.5929612
2329,49,5327,761,2uyv_TLA_B_1275,0,surfdock,0.67481613,0.98611649,2.9727182,0,0,2.4796114
2330,49,5334,762,2uyv_TLA_C_1275,0,surfdock,0.67481613,0.98611649,2.9727182,0,0.99323161,2.6248057
2331,49,5341,763,2uyv_TLA_D_1275,0,surfdock,0.67481613,0.98611649,2.9717083,0,0,2.6139162
2332,49,6888,984,3wat_BMA_A_404,0,surfdock,0.67481613,0.98611649,3.964514,0,0.99386302,2.6916418
2333,49,6895,985,3wat_BMA_B_404,0,surfdock,0.67481613,0.98611649,3.964514,0,0.99042,2.7335768
2334,49,7581,1083,4cb5_93G_A_1484,0,surfdock,0.67481613,0.98611649,2.2303565,0,0,3.6555479
2335,49,8512,1216,4hey_4MZ_A_303,0,surfdock,0.67481613,0.98611649,3.3244476,0,0.8082825,2.1426542
2336,49,8519,1217,4hey_4MZ_A_308,0,surfdock,0.67481613,0.98611649,2.8958836,0,0.8286018,1.8849655
2337,49,8568,1224,4hmx_WUB_A_302,0,surfdock,0.67481613,0.98611649,2.2303565,0,0.0001287914,2.8960965
2338,49,9359,1337,4m72_M72_A_402,0,surfdock,0.67481613,0.98611649,3.4911213,0,0,2.8299406
2339,49,9366,1338,4m72_M72_B_402,0,surfdock,0.67481613,0.98611649,3.4700537,0,0,2.9043785
2340,49,9674,1382,4o7g_ASC_A_303,0,surfdock,0.67481613,0.98611649,2.2303565,0,0.10506859,2.5716507
2341,49,9688,1384,4o7g_ASC_B_304,0,surfdock,0.67481613,0.98611649,2.2303565,0,0.12732296,2.6571622
2342,49,10122,1446,4s38_CDI_A_900,0,surfdock,0.67481613,0.98611649,3.033375,0,0,2.2814844
2343,49,10381,1483,4uy7_HIS_A_800,0,surfdock,0.67481613,0.98611649,2.2303565,0,0,2.5256453
2344,49,10577,1511,4xp3_DX4_A_401,0,surfdock,0.67481613,0.98611649,4.0101409,0,0,2.3439056
2345,49,10654,1522,4ynu_LGC_A_602,0,surfdock,0.67481613,0.98611649,2.2303565,0,0,2.5284983
2346,49,10885,1555,4zsy_RW2_B_502,0,surfdock,0.67481613,0.98611649,3.0435836,0,0,4.3207179
2347,49,10892,1556,4zsy_RW2_D_502,0,surfdock,0.67481613,0.98611649,3.0545666,0,0,4.4039708
2348,49,11368,1624,5cpn_531_B_401,0,surfdock,0.67481613,0.98611649,4.1390309,0,0.99198861,2.9442521
2349,49,12271,1753,5i0m_UMP_A_201,0,surfdock,0.67481613,0.98611649,2.2303565,0,0.98195797,3.4189059
2350,49,12278,1754,5i0m_UMP_B_201,0,surfdock,0.67481613,0.98611649,2.2303565,0,0,3.4771147
2351,49,12663,1809,5je1_TOF_A_302,0,surfdock,0.67481613,0.98611649,2.7335711,0,0.0032439393,2.8261425
2352,49,12670,1810,5je1_TOF_B_302,0,surfdock,0.67481613,0.98611649,2.7746646,0,0.0033249225,2.7542158
2353,49,13069,1867,5mzj_TEP_A_2401,0,surfdock,0.67481613,0.98611649,3.2390008,0,0.99759144,2.6419047
2354,49,13398,1914,5t63_ALA_C_1,0,surfdock,0.67481613,0.98611649,3.8908885,0,0,3.3936328
2355,49,13433,1919,5t85_44G_L_301,0,surfdock,0.67481613,0.98611649,2.2303565,0,0.011390865,3.0655279
2356,49,13965,1995,5wcz_NOJ_A_601,0,surfdock,0.67481613,0.98611649,3.2502999,0,0,2.6505941
2357,49,14112,2016,5x86_TMP_B_207,0,surfdock,0.67481613,0.98611649,2.2303565,0,0.99407495,3.5300978
2358,49,14203,2029,5y7a_KYN_A_502,0,surfdock,0.67481613,0.98611649,3.2051249,0,0.9182321,3.1640811
2359,49,14812,2116,6cdy_EY1_A_501,0,surfdock,0.67481613,0.98611649,2.2303565,0,0,4.2646179
2360,49,14819,2117,6cdy_EY1_B_501,0,surfdock,0.67481613,0.98611649,2.2303565,0,0,4.3587562
2361,49,15533,2219,6ijp_IMP_A_402,0,surfdock,0.67481613,0.98611649,2.2303565,0,0,3.9231299
2362,49,15554,2222,6j4t_IMP_A_401,0,surfdock,0.67481613,0.98611649,2.2303565,0,0,3.9682666
2363,49,15925,2275,6mae_JBA_A_301,0,surfdock,0.67481613,0.98611649,3.4240994,0,0.96698926,4.5010059
2364,49,16037,2291,6n9r_OHN_A_303,0,surfdock,0.67481613,0.98611649,3.7424881,0,0,3.6656246
2365,49,16044,2292,6n9r_OHN_P_308,0,surfdock,0.67481613,0.98611649,3.7548685,0,0,4.9715103
2366,50,756,108,1h1m_KMP_B_1358,0,surfdock,0.73578326,0.99935216,4.1136971,0,0,3.8214154
2367,50,763,109,1h1m_KMP_C_1358,0,surfdock,0.73430567,0.99909303,4.1136971,0,0,3.8149461
2368,50,17766,2538,7joc_ARZ_A_302,0,surfdock,0.73399076,0.99902825,4.319582,0,0.98923768,3.7009592
2369,50,16751,2393,6r6i_H50_B_201,0,surfdock,0.7331912,0.99889868,3.7103119,0,0.76088164,2.2055924
2370,50,693,99,1gz5_UDP_D_900,0,surfdock,0.72149811,0.99805649,4.2882824,0,0,4.3763847
2371,50,2828,404,1u1g_BBB_B_4300,0,surfdock,0.71506086,0.99695517,2.3457091,0,0,4.4001362
2372,50,8701,1243,4i4v_NGA_B_201,0,surfdock,0.71366666,0.99676082,2.7917967,0,0,2.7348689
2373,50,2842,406,1u1g_BBB_D_6300,0,surfdock,0.7135205,0.99669604,2.3457091,0,0,4.5223036
2374,50,3381,483,1z6k_OAA_A_274,0,surfdock,0.71175296,0.99650168,3.2130291,0,0,2.3472255
2375,50,8687,1241,4i4v_NGA_A_201,0,surfdock,0.71041048,0.99637212,2.8369644,0,0,2.8976884
2376,50,8694,1242,4i4v_NGA_A_202,0,surfdock,0.70040503,0.99533558,2.8052902,0,0.96863382,2.6645247
2377,50,4676,668,2nos_AGU_A_903,0,surfdock,0.68941252,0.99455818,3.10531,0,0.15479364,2.0964395
2378,50,2786,398,1tuu_PIS_B_2854,0,surfdock,0.68050157,0.99384556,2.3388829,0,0.0094804323,2.3282406
2379,50,6741,963,3vnm_SDD_B_301,0,surfdock,0.67955137,0.99371599,3.333087,0,0.5488338,3.0005467
2380,50,6601,943,3v1v_GST_A_511,0,surfdock,0.67914127,0.99358642,3.0746086,0,0.89846807,3.770861
2381,50,6440,920,3t2e_F6R_A_3469,0,surfdock,0.67845574,0.99339207,3.1981432,0,0,3.0554683
2382,50,9443,1349,4mop_2H5_B_802,0,surfdock,0.67556862,0.99293859,2.5522144,0,0.99591975,2.7138877
2383,50,3108,444,1x09_IPE_A_902,0,surfdock,0.67556664,0.9928738,2.2287922,0,0.90629933,2.9396694
2384,50,385,55,1e8m_P0H_A_724,0,surfdock,0.67522603,0.99280902,2.2287922,0,0.97430306,3.7572501
2385,50,280,40,1d7a_AIR_B_350,0,surfdock,0.67450708,0.99274423,4.0810471,0,0.95471767,3.5235584
2386,50,3234,462,1xny_BTN_A_5602,0,surfdock,0.6728275,0.99261467,2.8292544,0,0.96277469,2.948387
2387,50,13314,1902,5oir_9W8_A_302,0,surfdock,0.672788,0.99254988,3.2876964,0,0.45972074,3.4277414
2388,50,6797,971,3vv5_SLZ_B_301,0,surfdock,0.67134944,0.99242032,2.2287922,0,0,2.6195891
2389,50,10186,1455,4u7g_K17_A_303,1,unimol,0.67109414,0.95325862,2.7221262,0,0.95633956,18.23
2390,50,10193,1456,4u7g_K17_B_303,1,unimol,0.67109414,0.95325862,2.6104789,0,0.96404198,15.06
2391,50,15772,2253,6l68_ALL_A_202,1,unimol,0.67109414,0.95325862,2.4988592,0,0,17.12
2392,50,16703,2386,6qrn_RIP_A_500,1,unimol,0.67109414,0.95325862,3.1444452,0,0,14.98
2393,50,16247,2321,6nnp_G6P_A_502,0,surfdock,0.67046624,0.913773,3.3176389,0,0.94313773,3.0576638
2394,50,5831,833,2ye5_2A7_A_1224,0,surfdock,0.66924902,0.91357865,3.9042366,0,0.99016123,2.422752
2395,50,2296,328,1pym_OXL_A_1001,0,surfdock,0.667282,0.91299559,3.2391949,0,0.99587261,2.1789846
2396,50,8932,1276,4ixw_IXW_B_302,0,surfdock,0.6662552,0.91286603,2.2797263,0,0.00090207446,2.5020497
2397,50,21,3,1a49_OXL_F_4133,0,surfdock,0.66436019,0.91273646,2.5768056,0,0.9892019,2.2614053
2398,50,17710,2530,7bzm_GIM_B_501,0,surfdock,0.66323025,0.91267168,2.2287922,0,0,2.8959662
2399,50,14959,2137,6e40_BBJ_A_502,0,surfdock,0.66317357,0.91260689,3.8781354,0,0.96757395,4.0744624
2400,50,17437,2491,6wdv_TWM_A_701,0,surfdock,0.66285598,0.91254211,3.577925,0,0.9648928,3.7267135
2401,50,15596,2228,6jmd_ORO_A_402,0,surfdock,0.66084718,0.91234776,2.2287922,0,0.013339302,2.5116999
2402,50,16940,2420,6s9g_L1Q_A_306,0,surfdock,0.65966633,0.91208862,3.0043101,0,0.94764216,2.7907181
2403,50,3843,549,2bx7_34D_B_1313,0,surfdock,0.65959314,0.91202384,2.2287922,0,0.98041028,2.6511915
2404,50,147,21,1bcs_ARG_A_426,0,surfdock,0.65953455,0.90690593,3.5460577,0,0,2.7195772
2405,50,343,49,1e2j_THM_A_500,0,surfdock,0.65953455,0.90690593,2.9126618,0,0.98420793,3.3469871
2406,50,350,50,1e2j_THM_B_500,0,surfdock,0.65953455,0.90690593,2.9771104,0,0.98410595,3.3150911
2407,50,364,52,1e5f_PLP_A_405,0,surfdock,0.65953455,0.90690593,3.9013846,0,0.4238894,3.2790116
2408,50,427,61,1fdk_GLE_A_150,0,surfdock,0.65953455,0.90690593,3.7659044,0,0,4.19696
2409,50,742,106,1h1i_QUE_B_1356,0,surfdock,0.65953455,0.90690593,3.383888,0,0.99406393,3.8209774
2410,50,749,107,1h1i_QUE_C_1358,0,surfdock,0.65953455,0.90690593,3.3931978,0,0,3.7784095
2411,50,882,126,1h5r_THM_A_1293,0,surfdock,0.65953455,0.90690593,4.0652447,0,0.98071657,3.039413
2412,50,889,127,1h5r_THM_B_1292,0,surfdock,0.65953455,0.90690593,4.2110071,0,0.95763577,2.9801892
2413,50,896,128,1h5r_THM_B_1293,0,surfdock,0.65953455,0.90690593,4.0223145,0,0.98383148,3.1136914
2414,50,903,129,1h5r_THM_C_1292,0,surfdock,0.65953455,0.90690593,4.2110071,0,0,3.0909877
2415,50,917,131,1h5r_THM_D_1292,0,surfdock,0.65953455,0.90690593,4.2110071,0,0.98919434,3.1655211
2416,51,2870,410,1u6r_IOM_B_1601,0,surfdock,0.73158536,0.99857013,2.8940051,0,0.9270924,2.3682958
2417,51,10192,1456,4u7g_K17_B_303,0,surfdock,0.72566988,0.99818016,2.6103911,0,0,2.4507126
2418,51,1050,150,1hq2_PH2_A_181,0,surfdock,0.72512618,0.99811517,3.0746133,0,0.99671125,2.8457991
2419,51,966,138,1h82_GZZ_B_590,0,surfdock,0.72362969,0.99798518,2.3900251,0,0.95906774,3.3983171
2420,51,4613,659,2j9e_AKG_C_1119,0,surfdock,0.72357835,0.99792019,3.0457423,0,0.66424052,2.3429452
2421,51,10185,1455,4u7g_K17_A_303,0,surfdock,0.72088057,0.99733524,2.5389893,0,0,2.5175371
2422,51,973,139,1h82_GZZ_C_590,0,surfdock,0.71911992,0.99714026,2.3091135,0,0,4.650908
2423,51,959,137,1h82_GZZ_A_590,0,surfdock,0.71530037,0.99681529,2.3836057,0,0,4.5328439
2424,51,6993,999,3wqs_KBK_B_503,0,surfdock,0.68262142,0.99428051,2.5283704,0,0.99157589,3.6004611
2425,51,3276,468,1y2x_NAG_C_2144,0,surfdock,0.68046241,0.99402054,2.7112896,0,0.96157168,2.7757413
2426,51,14679,2097,6b83_6NA_B_201,0,surfdock,0.67992493,0.99389055,2.2279363,0,0.99297664,2.4600462
2427,51,3262,466,1y2x_NAG_A_144,0,surfdock,0.67649034,0.99376056,2.7478156,0,0,2.793322
2428,51,10675,1525,4yu7_DHC_A_204,0,surfdock,0.673886,0.99369557,2.2279363,0,0.57327386,2.4916905
2429,51,13084,1869,5n5k_HAE_A_306,1,unimol,0.67122018,0.9544716,3.1556189,0,0.96926924,21
2430,51,10689,1527,4yu7_DHC_B_204,0,surfdock,0.67091991,0.91498765,2.2279363,0,0.065174607,2.4241027
2431,51,8554,1222,4hgg_SYN_A_502,0,surfdock,0.66179535,0.91394774,2.8142395,0,0.99810189,2.2618047
2432,51,4942,706,2prl_ORO_A_399,0,surfdock,0.6615107,0.91388275,2.2279363,0,0.0026259815,2.5062175
2433,51,13384,1912,5syi_NIZ_B_805,0,surfdock,0.6610315,0.91381776,2.2279363,0,0.95171259,2.4076129
2434,51,17388,2484,6vo2_R67_A_403,0,surfdock,0.6605129,0.91368777,2.8041515,0,0,2.646546
2435,51,5691,813,2xhk_AKG_A_519,0,surfdock,0.65954136,0.91362277,2.2279363,0,0.92365457,2.4277778
2436,51,4858,694,2oci_TYC_A_401,0,surfdock,0.65884898,0.91355778,2.2279363,0,0.99565989,2.8094256
2437,51,10437,1491,4wca_CIT_A_401,0,surfdock,0.6585087,0.91349279,2.2279363,0,0,2.6219429
2438,51,1316,188,1jho_RMB_A_990,0,surfdock,0.65834576,0.90868322,2.2843113,0,0.95681204,3.8814352
2439,51,2177,311,1pke_2FD_A_446,0,surfdock,0.65834576,0.90868322,2.5242341,0,0,3.3336873
2440,51,2184,312,1pke_2FD_B_447,0,surfdock,0.65834576,0.90868322,2.5242341,0,0,3.3519925
2441,51,2191,313,1pke_2FD_C_448,0,surfdock,0.65834576,0.90868322,2.550241,0,0.99291476,3.3048873
2442,51,3710,530,2ajx_TGN_L_501,0,surfdock,0.65834576,0.90868322,2.2279363,0,0.02223558,3.7427729
2443,51,5348,764,2uza_HTL_B_1236,0,surfdock,0.65834576,0.90868322,2.9508657,0,0,5.1718785
2444,51,5404,772,2vjb_CCD_A_1539,0,surfdock,0.65834576,0.90868322,2.4756083,0,0.87407036,2.8168837
2445,51,5418,774,2vjb_CCD_B_1539,0,surfdock,0.65834576,0.90868322,2.3484724,0,0,2.8112015
2446,51,6734,962,3vnm_SDD_A_301,0,surfdock,0.65834576,0.90868322,3.1526525,0,0.5634226,2.9686438
2447,51,6748,964,3vnm_SDD_C_301,0,surfdock,0.65834576,0.90868322,3.1077263,0,0.49332286,2.7772493
2448,51,7448,1064,4bbx_LKF_A_1760,0,surfdock,0.65834576,0.90868322,3.0277438,0,0.97978534,4.0638881
2449,51,7455,1065,4bbx_LKF_B_1760,0,surfdock,0.65834576,0.90868322,3.0391247,0,0.89580478,4.0970645
2450,51,7476,1068,4buv_16I_A_2165,0,surfdock,0.65834576,0.90868322,3.1332808,0,0.99517154,3.9562545
2451,51,7483,1069,4buv_16I_C_2165,0,surfdock,0.65834576,0.90868322,3.1246128,0,0.9953134,4.0411038
2452,51,7700,1100,4cle_JR2_B_1270,0,surfdock,0.65834576,0.90868322,3.1479919,0,0.99593436,2.6173222
2453,51,7707,1101,4cle_JR2_C_1270,0,surfdock,0.65834576,0.90868322,3.1216462,0,0.99120331,2.5406749
2454,51,7714,1102,4cle_JR2_D_1270,0,surfdock,0.65834576,0.90868322,3.1216462,0,0.99116582,2.5398358
2455,51,7728,1104,4clo_XP0_B_1270,0,surfdock,0.65834576,0.90868322,2.2913191,0,0,3.1826774
2456,51,8001,1143,4dch_4DC_A_502,0,surfdock,0.65834576,0.90868322,2.2279363,0,0.96829989,3.9644829
2457,51,9023,1289,4jh6_FCN_B_202,0,surfdock,0.65834576,0.90868322,2.5458608,0,0,2.8943924
2458,51,9205,1315,4l1x_STR_B_402,0,surfdock,0.65834576,0.90868322,2.6228058,0,0,3.4503285
2459,51,10731,1533,4z69_DIF_A_1008,0,surfdock,0.65834576,0.90868322,2.2279363,0,0,3.4110982
2460,51,10941,1563,4zvv_GN0_D_403,0,surfdock,0.65834576,0.90868322,2.2279363,0,0,4.490684
2461,51,11291,1613,5cak_4Z9_A_802,0,surfdock,0.65834576,0.90868322,2.2279363,0,0.97813324,3.788045
2462,51,12460,1780,5ip6_6C9_A_301,0,surfdock,0.65834576,0.90868322,2.2279363,0,0.88842373,3.205158
2463,51,12887,1841,5l9v_OGA_A_502,0,surfdock,0.65834576,0.90868322,2.3487668,0,0.99676817,2.7697512
2464,51,12901,1843,5la1_XYP_A_601,0,surfdock,0.65834576,0.90868322,2.2279363,0,0.99594295,2.3817199
2465,51,12915,1845,5la2_ARB_A_606,0,surfdock,0.65834576,0.90868322,2.2279363,0,0.046580092,2.1989986
2466,52,17339,2477,6vei_9UO_B_502,0,surfdock,0.74263205,0.99882629,2.3351979,0,0,4.7807088
2467,52,1036,148,1hot_16G_A_269,0,surfdock,0.74166127,0.99876109,2.6645296,0,0.00032804334,2.9092965
2468,52,9485,1355,4n36_2F8_A_401,0,surfdock,0.73883159,0.99856547,2.7133629,0,0,2.6534688
2469,52,1043,149,1hot_16G_B_271,0,surfdock,0.73702717,0.99836985,2.6290059,0,0.27312227,2.4670409
2470,52,9492,1356,4n36_2F8_B_401,0,surfdock,0.73192488,0.99804382,2.7133629,0,0,2.8258597
2471,52,9499,1357,4n36_2F8_C_401,0,surfdock,0.72972925,0.99771779,2.7436252,0,0,2.6603025
2472,52,1624,232,1ldo_SNR_A_150,0,surfdock,0.72442283,0.99726135,3.1723645,0,0,3.215273
2473,52,10178,1454,4u2a_A2G_A_303,0,surfdock,0.7120259,0.99628326,2.9928329,0,0.99307719,2.7081124
2474,52,17227,2461,6u6c_P1T_D_505,0,surfdock,0.70974677,0.99615284,2.2316403,0,0.97175868,4.0909413
2475,52,9506,1358,4n36_2F8_D_401,0,surfdock,0.70849806,0.99602243,2.7133629,0,0.95954446,2.7738669
2476,52,994,142,1h8p_PC_B_1110,0,surfdock,0.70258822,0.99563119,3.2010493,0,0.98868054,2.554675
2477,52,210,30,1ca7_ENO_C_701,0,surfdock,0.69465132,0.99510955,3.1006169,0,0.97770249,2.8566682
2478,52,12222,1746,5hss_64Z_E_402,0,surfdock,0.67258855,0.99426187,2.8997133,0,0.90557479,2.9847891
2479,52,4879,697,2ot7_OGA_B_500,0,surfdock,0.66988652,0.99393584,2.892091,0,0,2.6939666
2480,52,9282,1326,4lm7_U5P_A_201,0,surfdock,0.66838793,0.91516693,2.2316403,0,0.7553354,3.500096
2481,52,4606,658,2j5z_GAL_A_1278,0,surfdock,0.66276051,0.91444966,2.2316403,0,0.9763693,2.3354641
2482,52,15610,2230,6jme_ORO_A_402,0,surfdock,0.66208943,0.91438445,2.2316403,0,0,2.6695735
2483,52,3283,469,1y42_TYR_X_701,0,surfdock,0.66083478,0.91431925,2.3971791,0,0.85924668,2.8970069
2484,52,483,69,1fs5_16G_B_2267,0,surfdock,0.65759525,0.91027647,2.6645296,0,0.017154785,2.8733108
2485,52,2135,305,1p7l_MET_B_385,0,surfdock,0.65759525,0.91027647,2.2316403,0,0.97969341,2.526783
2486,52,2142,306,1p7l_PPK_C_684,0,surfdock,0.65759525,0.91027647,3.1988764,0,0.98636298,2.961343
2487,52,2233,319,1pr0_NOS_C_1247,0,surfdock,0.65759525,0.91027647,2.4905398,0,0.97562186,3.2876785
2488,52,2646,378,1tf8_TRP_A_913,0,surfdock,0.65759525,0.91027647,2.8869565,0,0,3.5147696
2489,52,6790,970,3vv5_SLZ_A_300,0,surfdock,0.65759525,0.91027647,2.2316403,0,0.97458734,2.7903866
2490,52,8575,1225,4hoz_GLC_A_703,0,surfdock,0.65759525,0.91027647,2.2316403,0,0.99290205,2.7397413
2491,52,10150,1450,4tqi_6BD_B_201,0,surfdock,0.65759525,0.91027647,3.0571384,0,0.95377808,3.0380911
2492,52,10339,1477,4upd_7P9_A_1550,0,surfdock,0.65759525,0.91027647,2.2316403,0,0,3.964178
2493,52,10346,1478,4upd_7P9_B_1550,0,surfdock,0.65759525,0.91027647,2.2316403,0,7.8624181e-05,4.0740095
2494,53,735,105,1h1i_QUE_A_1358,0,surfdock,0.75717299,0.99954272,3.7604034,0,0.99344516,3.9081627
2495,53,336,48,1dy3_87Y_A_201,0,surfdock,0.74687629,0.99888947,3.3574431,0,0,3.7817185
2496,53,13083,1869,5n5k_HAE_A_306,0,surfdock,0.74137583,0.99869349,2.8136594,0,0.26727682,2.0405031
2497,53,686,98,1gz5_UDP_C_900,0,surfdock,0.73261162,0.99790959,3.4430492,0,0.95703959,4.3172244
2498,53,504,72,1fuq_CIT_A_1001,0,surfdock,0.69112752,0.9953619,3.7577121,0,0.7328087,2.6607767
2499,53,9121,1303,4k90_MLA_A_704,0,surfdock,0.67880793,0.9951006,2.2342725,0,0.98196275,2.1965212
2500,53,392,56,1ei6_PPF_C_413,0,surfdock,0.66694831,0.91533839,3.4630492,0,0,2.0903972
2501,53,17703,2529,7bzm_GIM_A_501,0,surfdock,0.66139856,0.91527306,3.4249835,0,0.99316825,2.8914248
2502,53,3255,465,1xuz_PEP_A_2001,0,surfdock,0.65941052,0.91514241,2.2342725,0,0.9135682,2.6669754
2503,53,2240,320,1pr6_XYA_A_1245,0,surfdock,0.65643387,0.91154952,3.2568409,0,0.98852205,3.0507016
2504,53,2247,321,1pr6_XYA_B_1246,0,surfdock,0.65643387,0.91154952,3.2794981,0,0.98677071,3.3623586
2505,53,2254,322,1pr6_XYA_C_1247,0,surfdock,0.65643387,0.91154952,3.2690263,0,0.95218787,3.3425518
2506,53,2814,402,1u18_HSM_B_402,0,surfdock,0.65643387,0.91154952,3.7842138,0,0.99603017,2.2336785
2507,53,3388,484,1z8p_DEB_A_420,0,surfdock,0.65643387,0.91154952,3.4546487,0,0,4.235781
2508,53,3857,551,2bxh_IOS_A_1002,0,surfdock,0.65643387,0.91154952,2.376744,0,0.21960481,2.7667199
2509,53,4977,711,2ptm_CMP_A_401,0,surfdock,0.65643387,0.91154952,3.5384834,0,0,3.4552826
2510,53,10647,1521,4yjs_4DN_A_701,0,surfdock,0.65643387,0.91154952,3.580708,0,0,4.5337288
2511,53,11214,1602,5bkd_RCF_A_503,0,surfdock,0.65643387,0.91154952,3.1846416,0,0,4.3048471
2512,53,12999,1857,5m62_BGC_A_409,0,surfdock,0.65643387,0.91154952,2.2342725,0,0,2.4140044
2513,53,13930,1990,5w5t_9X7_A_506,0,surfdock,0.65643387,0.91154952,3.3137646,0,0,2.4171913
2514,53,13937,1991,5w5t_9X7_D_508,0,surfdock,0.65643387,0.91154952,3.3137646,0,0,2.4067867
2515,53,14196,2028,5y1g_AKB_A_401,0,surfdock,0.65643387,0.91154952,2.2342725,0,0.9331461,2.481586
2516,53,14448,2064,5z9p_AX7_B_301,0,surfdock,0.65643387,0.91154952,2.7732863,0,0.99588736,2.3088622
2517,53,14553,2079,6a3j_SOE_A_402,0,surfdock,0.65643387,0.91154952,3.0549655,0,0.0089691686,2.70716
2518,53,14560,2080,6a3j_SOE_B_401,0,surfdock,0.65643387,0.91154952,3.0549655,0,0,2.8121521
2519,53,14567,2081,6a3j_SOE_C_402,0,surfdock,0.65643387,0.91154952,3.0123141,0,0.99701948,2.6262848
2520,53,14574,2082,6a3j_SOE_D_401,0,surfdock,0.65643387,0.91154952,3.0246546,0,0,2.7257798
2521,53,15113,2159,6f77_PLP_C_600,0,surfdock,0.65643387,0.91154952,3.0400047,0,0,3.0928905
2522,53,16058,2294,6nba_P1T_A_501,0,surfdock,0.65643387,0.91154952,3.1003823,0,0,4.0355285
2523,53,16065,2295,6nba_P1T_B_501,0,surfdock,0.65643387,0.91154952,3.1003823,0,0,3.8999835
2524,53,16072,2296,6nba_P1T_C_501,0,surfdock,0.65643387,0.91154952,3.3201756,0,0.98408643,4.6294758
2525,53,16254,2322,6ny7_L8J_A_303,0,surfdock,0.65643387,0.91154952,3.1822691,0,0.012106808,2.9559962
2526,53,17556,2508,6y4z_TLA_D_301,0,surfdock,0.65643387,0.91154952,2.6577857,0,0.99618235,3.0096055
2527,53,17640,2520,6zi7_RAM_D_503,0,surfdock,0.65643387,0.91154952,2.2342725,0,0.007081322,2.3488694
2528,53,1057,151,1hsb_ALA_A_1001,0,surfdock,0.65643386,0.90776065,3.3762574,0,0,2.9595683
2529,53,5754,822,2xul_AKG_D_201,0,surfdock,0.65643386,0.90769532,2.2342725,0,0,2.3223233
2530,53,12796,1828,5kcp_PFB_A_379,0,surfdock,0.65643266,0.90704207,2.6761856,0,0.98490993,2.3893051
2531,53,6678,954,3vca_PRO_A_504,0,surfdock,0.65643265,0.90697674,2.2342725,0,0.90096218,2.069561
2532,53,854,122,1h48_GPP_C_904,0,surfdock,0.65643247,0.90691142,2.5955911,0,0.96648463,3.7375205
2533,53,574,82,1g79_PLP_A_270,0,surfdock,0.65625065,0.90665012,2.6429296,0,3.2833526e-06,2.466289
2534,53,4431,633,2hjp_PPR_A_291,0,surfdock,0.65624743,0.90658479,2.4693749,0,0,2.503686
2535,53,6755,965,3vnm_SDD_D_301,0,surfdock,0.65549031,0.90632349,3.0139043,0,0,2.8826509
2536,53,10801,1543,4zbc_GLC_B_407,0,surfdock,0.65549031,0.90632349,2.8786039,0,0.081255711,2.4077078
2537,53,10780,1540,4zbc_GLC_A_407,0,surfdock,0.65548948,0.90612752,3.1716158,0,0,2.7934014
2538,53,161,23,1bit_BEN_A_247,0,surfdock,0.65543403,0.90606219,2.4677718,0,0.010075766,2.1390975
2539,53,1918,274,1njr_XYL_A_285,0,surfdock,0.65078645,0.90573556,3.1494534,0,0.9371685,2.4862078
2540,53,4865,695,2okk_ABU_A_585,0,surfdock,0.64950449,0.90547426,3.2338698,0,0,2.1781318
2541,53,15134,2162,6f7r_CIT_A_1002,0,surfdock,0.64746122,0.90540894,3.2919736,0,0.89067245,2.7060803
2542,53,9254,1322,4l8q_XMM_A_303,0,surfdock,0.64602752,0.90534361,3.6526084,0,0.12899927,3.3127342
2543,53,11844,1692,5fiu_Y3J_B_1299,0,surfdock,0.61962705,0.90449438,2.9137495,0,0,3.5077773
2544,54,12467,1781,5irw_D9P_A_202,0,surfdock,0.73944441,0.99849259,4.2175102,0,0.92349947,3.1542908
2545,54,10486,1498,4wqq_MAN_D_204,0,surfdock,0.73934016,0.99842705,3.4122558,0,0.81890647,2.395596
2546,54,7252,1036,4a7x_UDP_B_1241,0,surfdock,0.72853733,0.99764058,3.4397161,0,0.94721058,4.1149867
2547,54,10479,1497,4wqq_MAN_C_204,0,surfdock,0.72447545,0.99737842,3.3429472,0,0,2.3453219
2548,54,1001,143,1h8p_PC_B_1111,0,surfdock,0.72279615,0.99724735,2.2274761,0,0,2.5585804
2549,54,1337,191,1jl0_PUT_B_401,0,surfdock,0.71416191,0.99685411,4.0784993,0,0.98213682,2.1727192
2550,54,4319,617,2g9z_VNP_A_602,0,surfdock,0.70933504,0.99665749,2.9966798,0,0,4.2046523
2551,54,4326,618,2g9z_VNP_B_601,0,surfdock,0.7090411,0.99659195,2.9966798,0,0,4.1621263
2552,54,12971,1853,5lwy_OLB_A_409,0,surfdock,0.70516176,0.99646087,2.2274761,0,0,3.6953378
2553,54,10472,1496,4wqq_MAN_A_204,0,surfdock,0.70454916,0.99626425,3.4122558,0,0.91004476,2.3819903
2554,54,987,141,1h8p_PC_A_1111,0,surfdock,0.70246519,0.99619872,2.2274761,0,0.071628614,2.3089451
2555,54,5383,769,2v7o_DRN_A_1303,0,surfdock,0.70061343,0.99613318,2.2274761,0,0.94648488,4.4563874
2556,54,1330,190,1jl0_PUT_A_401,0,surfdock,0.70031713,0.99606764,4.0784993,0,0.045505925,2.3731277
2557,54,980,140,1h8p_PC_A_1110,0,surfdock,0.68524145,0.99547778,2.2274761,0,0,2.6176915
2558,54,2961,423,1vkf_CIT_A_501,0,surfdock,0.67681247,0.99541224,3.7733898,0,0,2.8560114
2559,54,7001,1000,3wr4_GDE_B_502,1,unimol,0.66591087,0.95576091,2.5741186,0,0.98741293,18.99
2560,54,13952,1993,5w8q_BU4_A_400,1,unimol,0.66591087,0.95576091,2.7299495,0,0.97220017,17.38
2561,54,13959,1994,5w8q_BU4_B_400,1,unimol,0.66591087,0.95576091,2.7063746,0,0.995276,23.21
2562,54,15604,2229,6jme_BVU_A_409,1,unimol,0.66591087,0.95576091,4.2445459,0,0.99573727,23.72
2563,54,15639,2234,6jwy_PH2_A_802,1,unimol,0.66591087,0.95576091,3.1805296,0,0,23.49
2564,54,15744,2249,6kxh_DY9_A_401,1,unimol,0.66591087,0.95576091,3.5295527,0,0.99549778,20.41
2565,54,15751,2250,6kxh_DY9_B_402,1,unimol,0.66591087,0.95576091,3.5113606,0,0.99740043,22.15
2566,54,10682,1526,4yu7_DHC_B_203,0,surfdock,0.65230709,0.91532311,2.6135051,0,0,2.5853719
2567,54,434,62,1fds_EST_A_350,0,surfdock,0.65229783,0.91525757,2.7916217,0,0.99721255,3.3758382
2568,54,875,125,1h5r_THM_A_1292,0,surfdock,0.64784391,0.91240661,3.4085414,0,0.99569826,3.134831
2569,54,910,130,1h5r_THM_C_1293,0,surfdock,0.64784391,0.91240661,3.4155602,0,0,3.2340477
2570,54,924,132,1h5r_THM_D_1293,0,surfdock,0.64784391,0.91240661,3.4296315,0,0.45179086,3.2316316
2571,54,2807,401,1u18_HSM_A_401,0,surfdock,0.64784391,0.91240661,4.0125508,0,0.88445605,2.3947556
2572,54,5187,741,2qvr_FDP_A_333,0,surfdock,0.64784391,0.91240661,4.1633773,0,0.97305232,5.0605215
2573,54,6398,914,3se2_LDR_A_1,0,surfdock,0.64784391,0.91240661,4.1179252,0,0.99714113,2.8279053
2574,54,6405,915,3se2_LDR_B_2,0,surfdock,0.64784391,0.91240661,4.1433673,0,0.99832843,2.8723626
2575,54,11235,1605,5bwr_4VT_B_402,0,surfdock,0.64784391,0.91240661,3.5366194,0,2.370869e-05,3.2950947
2576,54,11718,1674,5ewc_5SJ_A_801,0,surfdock,0.64784391,0.91240661,2.5474846,0,0.99223491,2.9480854
2577,54,12943,1849,5lwy_OLB_A_402,0,surfdock,0.64784391,0.91240661,2.2274761,0,0.7943107,3.5660739
2578,54,12950,1850,5lwy_OLB_A_403,0,surfdock,0.64784391,0.91240661,2.2274761,0,0,3.5230749
2579,54,12957,1851,5lwy_OLB_A_404,0,surfdock,0.64784391,0.91240661,2.2274761,0,0,2.6132184
2580,54,12964,1852,5lwy_OLB_A_407,0,surfdock,0.64784391,0.91240661,2.2274761,0,0,3.6158872
2581,54,14406,2058,5z54_0HZ_B_303,0,surfdock,0.64784391,0.91240661,3.1295395,0,0,3.407223
2582,54,14420,2060,5z54_0HZ_D_303,0,surfdock,0.64784391,0.91240661,3.1713166,0,0.98743691,3.3965882
2583,54,14693,2099,6b9p_D0J_B_1001,0,surfdock,0.64784391,0.91240661,3.8081489,0,0.17947829,4.1147184
2584,54,14826,2118,6cgc_F0A_B_402,0,surfdock,0.64784391,0.91240661,3.4616768,0,0.96937185,4.819187
2585,54,14945,2135,6dyt_PP3_B_1501,0,surfdock,0.64784391,0.91240661,4.0028458,0,0.97243767,3.745098
2586,54,15841,2263,6lit_2OH_B_501,0,surfdock,0.64784391,0.91240661,2.8285403,0,0.99754227,3.3454785
2587,54,16310,2330,6o5m_G8K_B_506,0,surfdock,0.64784391,0.91240661,3.7453911,0,0.63976748,4.6066397
2588,54,16548,2364,6q4r_MLT_A_1041,0,surfdock,0.64784391,0.91240661,2.2274761,0,0,2.4496826
2589,54,16716,2388,6r4j_GLU_A_704,0,surfdock,0.64784391,0.91240661,2.4623024,0,0,2.4332153
2590,54,8253,1179,4ejh_0QA_E_502,0,surfdock,0.64784391,0.90942456,3.2539485,0,0.72563523,3.0545412
2591,54,2478,354,1rvz_NAG_F_3331,0,surfdock,0.64784391,0.90935902,3.0694208,0,8.6951221e-05,2.6566408
2592,54,6342,906,3rop_NCA_A_302,0,surfdock,0.64784381,0.90916241,3.4798341,0,0.9264634,2.2395928
2593,54,6349,907,3rop_NCA_B_302,0,surfdock,0.64784371,0.90909687,3.4960682,0,0.0029048687,2.2169937
2594,55,7000,1000,3wr4_GDE_B_502,0,surfdock,0.76234041,0.99894792,2.2278597,0,0.98247533,2.8273422
2595,55,84,12,1aj8_CIT_B_2000,0,surfdock,0.73259415,0.99743556,2.9774964,0,0.060059918,3.0147146
2596,55,77,11,1aj8_CIT_A_1000,0,surfdock,0.72762273,0.99717254,2.9681404,0,0,2.9107914
2597,55,4445,635,2htu_BCZ_A_801,0,surfdock,0.64427279,0.91386113,3.3099899,0,0,3.8575939
2598,55,6818,974,3w4i_8LG_C_402,0,surfdock,0.64427279,0.91386113,3.4965329,0,0.99651356,2.7762108
2599,55,6825,975,3w4i_8LG_D_402,0,surfdock,0.64427279,0.91386113,3.4965329,0,0.98985977,2.1518189
2600,55,10640,1520,4y6n_3PG_A_402,0,surfdock,0.64427279,0.91386113,2.2278597,0,0.98158737,2.800526
2601,55,11158,1594,5av2_KMP_A_300,0,surfdock,0.64427279,0.91386113,3.1377046,0,0.99688126,3.458109
2602,55,11354,1622,5cmb_GLY_A_301,0,surfdock,0.64427279,0.91386113,2.2278597,0,0,2.1297035
2603,55,11928,1704,5fuv_THM_A_1388,0,surfdock,0.64427279,0.91386113,2.2669249,0,0,3.1884797
2604,55,13818,1974,5vka_AKG_A_402,0,surfdock,0.64427279,0.91386113,3.4285963,0,0.99425499,2.6465563
2605,55,16653,2379,6qo4_97T_B_301,0,surfdock,0.64427279,0.91386113,2.2397163,0,0.9439596,2.8150725
2606,55,17549,2507,6y4f_GLU_A_202,0,surfdock,0.64427279,0.91386113,2.9743898,0,0.95041491,2.3932388
2607,55,2408,344,1qxa_GLY_B_245,0,surfdock,0.6442727,0.91136244,3.0801375,0,0.93014715,2.6404344
2608,55,9597,1371,4ni1_2JX_A_203,0,surfdock,0.64328874,0.91090216,2.3577898,0,2.3874317e-06,2.8269122
2609,55,10024,1432,4rcv_DE2_A_403,0,surfdock,0.6379759,0.91037612,2.3946872,0,0,2.679409
2610,55,16240,2320,6nnn_G1P_A_503,0,surfdock,0.63455269,0.91031036,2.2278597,0,0,3.0251333
2611,55,8946,1278,4j0k_EGR_B_501,0,surfdock,0.61586318,0.90965281,2.2278597,0,0.9409488,2.7629207
2612,55,13811,1973,5vjg_0BP_A_403,0,surfdock,0.61380703,0.90958706,3.2675018,0,0.99877021,2.648073
2613,55,13538,1934,5thu_B3N_B_404,0,surfdock,0.60120491,0.90919253,2.867177,0,0,3.6837984
2614,55,15617,2231,6jq8_CIT_A_302,0,surfdock,0.5962582,0.90899527,2.2278597,0,0.99450081,2.6079996
2615,55,9373,1339,4ma8_Z80_C_301,0,surfdock,0.59048298,0.90873225,3.175982,0,0,3.0304372
2616,55,8939,1277,4j0k_EGR_A_501,0,surfdock,0.58422399,0.90853498,2.2278597,0,0.9034004,2.7448624
2617,55,11466,1638,5dmm_HCS_A_505,0,surfdock,0.57920951,0.90840347,3.1524997,0,0.55866903,2.5043383
2618,55,16772,2396,6r7w_CIT_A_406,0,surfdock,0.57860623,0.90833772,2.2278597,0,0.96275909,2.7976271
2619,55,13797,1971,5ve5_GSH_B_402,0,surfdock,0.5783307,0.90827196,2.2278597,0,0,2.487357
2620,55,12471,1781,5irw_D9P_A_202,4,gnina,0.57005462,0.90800894,3.1926463,0,0.73171199,3.1260429
2621,55,13944,1992,5w7b_MYR_B_208,0,surfdock,0.56885167,0.90794319,3.306721,0,0.98258875,3.0239843
2622,55,8505,1215,4h9x_HL4_B_404,0,surfdock,0.55865345,0.90768017,2.5872207,0,0.54444563,2.9399289
2623,55,12376,1768,5iav_MLI_B_302,0,surfdock,0.55148241,0.90735139,2.2278597,0,0,2.1869781
2624,55,8211,1173,4e7v_CRS_Y_101,0,surfdock,0.54780602,0.90715413,3.2742329,0,0.99746277,2.0818356
2625,55,525,75,1fwn_PEP_A_1268,0,surfdock,0.54618048,0.8678656,3.5348201,0,0,2.3554295
2626,55,532,76,1fwn_PEP_B_2268,0,surfdock,0.54618048,0.8678656,3.5348201,0,0.9953144,2.6197872
2627,55,700,100,1h18_DTL_A_9010,0,surfdock,0.54618048,0.8678656,3.5253949,0,0.99086552,2.3909501
2628,55,1484,212,1ki2_GA2_A_1,0,surfdock,0.54618048,0.8678656,2.70701,0,0.95137752,3.498913
2629,55,1491,213,1ki2_GA2_B_2,0,surfdock,0.54618048,0.8678656,2.7775731,0,0.98928761,3.4817345
2630,55,1680,240,1lro_PEP_B_2268,0,surfdock,0.54618048,0.8678656,2.5297284,0,0.0035607623,2.4424603
2631,55,1904,272,1nf0_13P_A_5001,0,surfdock,0.54618048,0.8678656,2.2278597,0,0.99053029,2.6340857
2632,55,2261,323,1pt8_OXL_A_802,0,surfdock,0.54618048,0.8678656,3.0418384,0,0.99584749,2.0933613
2633,55,2268,324,1pt8_OXL_B_801,0,surfdock,0.54618048,0.8678656,3.0203822,0,0.99860125,2.2146645
2634,55,2380,340,1qit_MAE_A_411,0,surfdock,0.54618048,0.8678656,3.289135,0,0,2.2978116
2635,55,2387,341,1qjc_PNS_B_1163,0,surfdock,0.54618048,0.8678656,2.8457477,0,0.57135051,3.6792356
2636,55,2499,357,1s3v_TQD_A_187,0,surfdock,0.54618048,0.8678656,3.1404798,0,0.87342551,4.3183713
2637,55,2527,361,1sff_IK2_A_450,0,surfdock,0.54618048,0.8678656,2.2278597,0,0,4.0802264
2638,55,2534,362,1sff_IK2_B_450,0,surfdock,0.54618048,0.8678656,2.2278597,0,0,4.1537638
2639,55,2541,363,1sff_IK2_C_450,0,surfdock,0.54618048,0.8678656,2.2278597,0,0.98606622,4.0639715
2640,55,2555,365,1sjc_SMG_A_1000,0,surfdock,0.54618048,0.8678656,3.3315997,0,0.93247286,3.2808589
2641,55,2562,366,1sjc_SMG_B_1100,0,surfdock,0.54618048,0.8678656,3.3867774,0,0.97844694,3.5033967
2642,55,2569,367,1sjc_SMG_C_1200,0,surfdock,0.54618048,0.8678656,3.4749064,0,0,3.49194
2643,55,2576,368,1sjc_SMG_D_1300,0,surfdock,0.54618048,0.8678656,3.3315997,0,0,3.2672914
2644,56,15603,2229,6jme_BVU_A_409,0,surfdock,0.77752477,0.99887848,2.2173033,0,0.99346171,4.5754759
2645,56,13958,1994,5w8q_BU4_B_400,0,surfdock,0.7771978,0.99868056,2.2173033,0,0.025831113,2.2968119
2646,56,13951,1993,5w8q_BU4_A_400,0,surfdock,0.76084075,0.99769099,2.2173033,0,0.99492649,2.2160697
2647,56,4158,594,2f7x_4EA_E_351,0,surfdock,0.75257186,0.99736113,2.2173033,0,0.97317141,4.3032171
2648,56,2226,318,1poc_GEL_A_420,0,surfdock,0.74627462,0.9969653,2.2173033,0,0.78301201,4.7250981
2649,56,12894,1842,5l9v_OGA_B_502,0,surfdock,0.67088918,0.99452434,2.2411945,0,0.99753535,2.7653912
2650,56,11145,1592,5aov_GLV_A_1336,1,unimol,0.66349366,0.95573295,2.2224178,0,0.92334261,21.92
2651,56,11152,1593,5aov_GLV_A_1356,1,unimol,0.66349366,0.95573295,2.8648367,0,0.94675033,18.51
2652,56,14791,2113,6c1i_EEY_B_501,0,surfdock,0.65362743,0.915886,2.7032681,0,0.99469493,3.2989511
2653,56,6692,956,3vmg_9CA_B_2001,0,surfdock,0.64555797,0.91384088,2.8571565,0,0,2.758059
2654,56,6699,957,3vmg_9CA_C_2002,0,surfdock,0.64555797,0.91384088,2.8504121,0,0,3.7688702
2655,56,13321,1903,5oo4_URI_A_201,0,surfdock,0.64555797,0.91384088,2.3827682,0,0.97431333,3.1598202
2656,56,13328,1904,5ooa_URI_A_201,0,surfdock,0.64555797,0.91384088,2.448889,0,0.98805986,3.1419623
2657,56,14973,2139,6e40_BBJ_D_502,0,surfdock,0.64555797,0.91384088,2.2173033,0,0,3.9760494
2658,56,16520,2360,6pvi_OZ7_A_501,0,surfdock,0.64555797,0.91384088,2.2173033,0,0,5.2398418
2659,56,16702,2386,6qrn_RIP_A_500,0,surfdock,0.64555797,0.91384088,2.2173033,0,0.026538018,2.0622046
2660,56,11109,1587,5af9_SJR_H_1250,0,surfdock,0.64555797,0.91199367,2.2959585,0,2.8190952e-07,3.0890524
2661,56,11333,1619,5ci9_549_A_401,0,surfdock,0.64555796,0.91186172,2.3548031,0,0,2.5298094
2662,56,11991,1713,5g44_I6G_A_1510,0,surfdock,0.64555795,0.91179575,2.2173033,0,0.99529456,2.8782603
2663,56,4361,623,2gue_NAG_B_122,0,surfdock,0.64555768,0.91166381,2.2173033,0,0,2.604705
2664,56,16366,2338,6oha_XAN_A_501,0,surfdock,0.64555669,0.91153186,2.4937365,0,0.0021679904,2.247587
2665,56,15561,2223,6jc7_F0G_B_601,0,surfdock,0.64308864,0.91110305,2.2173033,0,0,4.0291964
2666,56,11081,1583,5ack_SVQ_A_600,0,surfdock,0.6259613,0.9107402,3.076721,0,0.98842987,3.790792
2667,56,16744,2392,6r6i_H50_A_201,0,surfdock,0.62491835,0.91067423,2.7256691,0,0,2.9150585
2668,56,6153,879,3mk1_NPO_A_911,0,surfdock,0.62250405,0.91047632,2.2173033,0,0.99454875,2.1105427
2669,56,17276,2468,6ur0_ETM_A_401,0,surfdock,0.61080801,0.9102784,2.4554422,0,0.75018752,2.2895578
2670,56,13972,1996,5wcz_NOJ_B_601,0,surfdock,0.60573966,0.91008049,2.2173033,0,0.9846017,2.6408458
2671,56,6160,880,3mk1_NPO_A_912,0,surfdock,0.59107258,0.90975063,2.2173033,0,0,2.2563475
2672,57,1302,186,1jf0_CZH_A_197,0,surfdock,0.78468776,0.99900859,2.2153671,0,2.1247351e-08,5.4650252
2673,57,5922,846,2z48_NGA_A_1003,0,surfdock,0.77415458,0.99828156,2.5887511,0,0,2.7111553
2674,57,5929,847,2z48_NGA_A_1004,0,surfdock,0.77268828,0.99821547,2.4652936,0,0,2.6848058
2675,57,5950,850,2z48_NGA_B_2004,0,surfdock,0.76981814,0.99801718,2.4652936,0,0,2.6591698
2676,57,5894,842,2z48_A2G_A_1005,0,surfdock,0.75215906,0.99735625,2.6027358,0,0.98852892,2.7728808
2677,57,11151,1593,5aov_GLV_A_1356,0,surfdock,0.74546737,0.99715796,2.2153671,0,0.25342018,2.0008279
2678,57,5901,843,2z48_A2G_B_2001,0,surfdock,0.74535035,0.99709187,2.5887511,0,0,2.7870599
2679,57,5943,849,2z48_NGA_B_2002,0,surfdock,0.74121752,0.99689359,2.492357,0,0.97904807,2.6944507
2680,57,5908,844,2z48_A2G_B_2005,0,surfdock,0.73733631,0.99623265,2.6027358,0,0,2.6952069
2681,57,1855,265,1msv_PUT_A_355,0,surfdock,0.72471276,0.99576999,3.4231977,0,0,2.2164919
2682,57,9534,1362,4n4j_HG1_A_608,0,surfdock,0.68697666,0.99497687,2.8737555,0,0.0016010646,2.0092326
2683,57,1183,169,1itw_ICT_C_743,0,surfdock,0.66390348,0.99471249,2.6694527,0,0.99213665,2.7923759
2684,57,7141,1020,3zog_A2Q_A_200,1,unimol,0.66273465,0.9559154,2.8846681,0,0,20.03
2685,57,11950,1707,5fzn_FB2_A_1615,1,unimol,0.66273465,0.9559154,3.4142756,0,0.99330165,19.66
2686,57,63,9,1aiq_UMP_A_265,0,surfdock,0.64742582,0.91599471,3.4067013,0,0.97899523,3.5748086
2687,57,2149,307,1p7l_PPK_D_884,0,surfdock,0.64631221,0.91586252,3.262661,0,0.0071423959,2.9455863
2688,57,4228,604,2fr6_CTN_C_1003,0,surfdock,0.64387552,0.91430932,2.3945832,0,0.99263193,3.9908025
2689,57,4235,605,2fr6_URI_B_1002,0,surfdock,0.64387552,0.91430932,2.7032619,0,0,3.3668069
2690,57,5635,805,2wzv_FMN_A_801,0,surfdock,0.64387552,0.91430932,3.336601,0,0.00037572046,4.9633476
2691,57,5642,806,2wzv_FMN_B_801,0,surfdock,0.64387552,0.91430932,3.336601,0,0.98355615,4.6948491
2692,57,12866,1838,5l1u_7PF_A_401,0,surfdock,0.64387552,0.91430932,2.2153671,0,0,3.446205
2693,57,12873,1839,5l1v_7PF_A_401,0,surfdock,0.64387552,0.91430932,2.2153671,0,0,3.4761152
2694,57,14021,2003,5x0j_SEP_A_302,0,surfdock,0.64387552,0.91430932,2.2153671,0,0,2.7351516
2695,57,15771,2253,6l68_ALL_A_202,0,surfdock,0.64387552,0.91430932,2.2153671,0,0.00076258625,2.4381239
2696,57,5915,845,2z48_NGA_A_1002,0,surfdock,0.64387404,0.91249174,2.492357,0,0,2.6916391
2697,57,3220,460,1xkw_188_A_1001,0,surfdock,0.64297405,0.9123926,3.167017,0,0,3.4281484
2698,57,15050,2150,6f48_XQB_A_302,0,surfdock,0.64252009,0.91229346,3.242033,0,0,3.2423775
2699,57,17234,2462,6u6c_P1T_F_805,0,surfdock,0.64109503,0.91222736,2.2572074,0,0,4.087873
2700,57,14686,2098,6b9p_D0J_A_1001,0,surfdock,0.63218136,0.91209518,2.7554898,0,0.83438537,4.025449
2701,57,5516,788,2w5t_GP9_A_1644,0,surfdock,0.62988525,0.91202908,3.2875764,0,0,2.6654587
2702,57,1190,170,1itw_ICT_D_743,0,surfdock,0.62755849,0.91196299,2.5595262,0,0.98668586,2.7827767
2703,57,8442,1206,4gps_CIT_A_501,0,surfdock,0.61344944,0.91169861,3.5216427,0,0,2.7627419
2704,57,399,57,1euu_GAL_A_2,0,surfdock,0.60199058,0.91150033,2.3745902,0,0.052775123,2.2240067
2705,57,3052,436,1w55_GPP_A_1374,0,surfdock,0.60068958,0.91143424,2.2153671,0,0,2.8638979
2706,57,6517,931,3tye_YTZ_B_902,0,surfdock,0.59533483,0.91130205,2.2153671,0,0.00096460382,3.0208681
2707,57,16051,2293,6n9r_OHN_X_305,0,surfdock,0.57163544,0.91110377,2.2344773,0,0,3.6359243
2708,57,15519,2217,6i6r_H62_A_704,0,surfdock,0.55535455,0.91064111,3.1605544,0,0.92511346,2.6941482
2709,57,12208,1744,5hgz_MLA_A_303,0,surfdock,0.55195173,0.91050892,2.6849511,0,0.97848244,1.9900539
2710,57,658,94,1gxu_2HP_A_1092,0,surfdock,0.55149476,0.91044283,2.2363141,0,0.98786244,1.7524364
2711,57,15225,2175,6flu_DTK_B_401,0,surfdock,0.54630305,0.91037673,3.3715386,0,0,3.3140699
2712,57,105,15,1anc_BEN_A_290,0,surfdock,0.54521614,0.87164574,2.2153671,0,0,2.4341044
2713,57,112,16,1anc_BEN_A_384,0,surfdock,0.54521614,0.87164574,2.2153671,0,0.010602554,1.9715919
2714,57,1008,144,1hdi_3PG_A_419,0,surfdock,0.54521614,0.87164574,2.706615,0,0.99369566,2.6846967
2715,57,1253,179,1j3i_UMP_C_611,0,surfdock,0.54521614,0.87164574,2.2153671,0,0.95413995,3.4782145
2716,57,1260,180,1j3i_UMP_D_711,0,surfdock,0.54521614,0.87164574,2.2153671,0,0.98312368,3.5666614
2717,57,1281,183,1j3k_UMP_D_711,0,surfdock,0.54521614,0.87164574,2.2153671,0,0.9814067,3.4910235
2718,57,1519,217,1knu_YPA_A_1001,0,surfdock,0.54521614,0.87164574,2.9719346,0,0.98339956,4.53872
2719,57,1589,227,1l4f_NCN_A_991,0,surfdock,0.54521614,0.87164574,2.6983776,0,0.9681295,3.9795237
2720,57,1610,230,1l5o_NCN_A_991,0,surfdock,0.54521614,0.87164574,2.6983776,0,0.96830921,4.0403109
2721,57,1827,261,1mmy_G6D_B_348,0,surfdock,0.54521614,0.87164574,3.2896044,0,0,2.3112388
2722,58,15750,2250,6kxh_DY9_B_402,0,surfdock,0.7830034,0.99854111,4.0811415,0,0.024699116,3.6683992
2723,58,4928,704,2pnz_UDP_A_250,0,surfdock,0.68487675,0.99482759,2.2055924,0,0.92954455,3.7173076
2724,58,5139,734,2qim_ZEA_A_159,1,unimol,0.66182017,0.95623342,3.751735,0,0.97675144,14.74
2725,58,602,86,1gck_PLP_A_413,0,surfdock,0.63602953,0.91525199,2.2055924,0,0,3.844498
2726,58,609,87,1gck_PLP_B_913,0,surfdock,0.63602953,0.91525199,2.3150754,0,0,3.2080356
2727,58,2982,426,1vzd_CB3_A_318,0,surfdock,0.63602953,0.91525199,3.7421389,0,0,4.5719371
2728,58,5936,848,2z48_NGA_A_1006,0,surfdock,0.63602953,0.91525199,3.2750635,0,0,2.9372633
2729,58,5957,851,2z48_NGA_B_2006,0,surfdock,0.63602953,0.91525199,3.2750635,0,0.13471393,2.7884494
2730,58,7140,1020,3zog_A2Q_A_200,0,surfdock,0.63602953,0.91525199,3.1318302,0,0,1.9724082
2731,58,16919,2417,6s7u_KZK_A_501,0,surfdock,0.63602953,0.91525199,3.646378,0,0,4.3605072
2732,58,16926,2418,6s7u_KZK_C_501,0,surfdock,0.63602953,0.91525199,3.7070041,0,0,4.4994345
2733,58,12936,1848,5lu8_5KN_A_306,0,surfdock,0.63602953,0.91385942,3.937052,0,0,2.8563441
2734,58,16597,2371,6qdc_HXE_A_1003,0,surfdock,0.63602947,0.9137931,3.2279077,0,0.95424498,3.8394248
2735,58,11067,1581,5abz_Z47_A_201,0,surfdock,0.63512765,0.91366048,3.9390011,0,0.98239623,3.5227389
2736,58,1022,146,1hkn_N2M_D_5139,0,surfdock,0.6178063,0.91346154,2.2055924,0,0.99528217,2.556798
2737,58,2968,424,1vkf_CIT_C_502,0,surfdock,0.6062092,0.91332891,3.1540048,0,0.92989323,2.7789916
2738,58,308,44,1dpm_EBP_A_900,0,surfdock,0.59606736,0.91319629,4.0241804,0,0,3.1996436
2739,58,2121,303,1p2s_ETF_A_400,0,surfdock,0.56442576,0.91299735,3.1069126,0,0,1.9618461
2740,58,11837,1691,5fiu_Y3J_A_1299,0,surfdock,0.55297863,0.9127321,3.7649229,0,0,3.670506
2741,58,273,39,1d7a_AIR_A_300,0,surfdock,0.53838354,0.87413793,3.8720744,0,0.67609753,3.3867431
2742,58,581,83,1g8z_GAL_D_104,0,surfdock,0.53838354,0.87413793,3.4336884,0,0.94144543,2.4078918
2743,58,595,85,1g8z_GAL_H_104,0,surfdock,0.53838354,0.87413793,3.4336884,0,0.96352562,2.3549966
2744,58,714,102,1h18_DTL_B_9010,0,surfdock,0.53838354,0.87413793,2.8864601,0,0.97209303,2.4914823
2745,58,1561,223,1kwu_MMA_B_601,0,surfdock,0.53838354,0.87413793,2.8927355,0,0.017913055,2.5269657
2746,58,1568,224,1kwu_MMA_C_701,0,surfdock,0.53838354,0.87413793,2.8927355,0,0.01853816,2.5110785
2747,58,2002,286,1o28_UFP_C_713,0,surfdock,0.53838354,0.87413793,3.3788376,0,0,3.6866722
2748,58,2009,287,1o29_UFP_A_803,0,surfdock,0.53838354,0.87413793,3.3849001,0,0.00012005399,3.5447023
2749,58,2016,288,1o29_UFP_B_808,0,surfdock,0.53838354,0.87413793,3.4092288,0,0,5.2532266
2750,58,2030,290,1o29_UFP_D_818,0,surfdock,0.53838354,0.87413793,3.3788376,0,0,3.4974421
2751,58,2506,358,1s5s_PG3_A_1,0,surfdock,0.53838354,0.87413793,3.9400697,0,0.97213715,2.5485703
2752,58,2625,375,1t93_FLV_A_431,0,surfdock,0.53838354,0.87413793,4.1255975,0,0.99121425,2.4505273
2753,58,2632,376,1tc2_7HP_A_800,0,surfdock,0.53838354,0.87413793,3.6822217,0,0.99734029,2.2512248
2754,58,2702,386,1tl2_NDG_A_237,0,surfdock,0.53838354,0.87413793,3.6001749,0,0.98017459,2.7604079
2755,58,2709,387,1tl2_NDG_A_238,0,surfdock,0.53838354,0.87413793,3.6380539,0,0.00028478674,2.746407
2756,58,2716,388,1tl2_NDG_A_239,0,surfdock,0.53838354,0.87413793,3.5810437,0,0.97786416,2.8054267
2757,58,2723,389,1tl2_NDG_A_240,0,surfdock,0.53838354,0.87413793,4.136518,0,0.90898353,2.7838576
2758,58,2730,390,1toq_AMG_A_501,0,surfdock,0.53838354,0.87413793,3.83867,0,0.99549451,2.4576737
2759,58,2737,391,1toq_AMG_C_502,0,surfdock,0.53838354,0.87413793,3.83867,0,0,2.567387
2760,58,2744,392,1toq_AMG_E_503,0,surfdock,0.53838354,0.87413793,3.83867,0,0,2.6936172
2761,58,2751,393,1toq_AMG_G_504,0,surfdock,0.53838354,0.87413793,3.83867,0,0.9657646,2.5033382
2762,58,2905,415,1uxi_FUM_B_1311,0,surfdock,0.53838354,0.87413793,2.2055924,0,0.78912487,2.5422915
2763,58,3073,439,1wmz_A2G_B_502,0,surfdock,0.53838354,0.87413793,2.2055924,0,0.95253956,5.7626129
2764,58,3080,440,1wmz_NGA_A_501,0,surfdock,0.53838354,0.87413793,2.2055924,0,0.93263607,2.7493004
2765,58,3087,441,1wmz_NGA_C_503,0,surfdock,0.53838354,0.87413793,2.2055924,0,0,2.7714369
2766,58,3094,442,1wmz_NGA_D_504,0,surfdock,0.53838354,0.87413793,2.2055924,0,0.91030941,2.7220265
2767,58,3199,457,1xin_XYL_A_397,0,surfdock,0.53838354,0.87413793,3.3956866,0,0.77721827,4.9799165
2768,58,3213,459,1xin_XYL_C_397,0,surfdock,0.53838354,0.87413793,3.3956866,0,0.98328384,2.6117917
2769,58,3332,476,1yqc_GLV_A_1001,0,surfdock,0.53838354,0.87413793,2.2055924,0,0.78960375,2.0490209
2770,58,3339,477,1yw9_A84_A_482,0,surfdock,0.53838354,0.87413793,3.3195176,0,0,4.4864508
2771,58,3472,496,1zfj_IMP_A_500,0,surfdock,0.53838354,0.87413793,3.4933131,0,0.98325547,3.9429367
2772,59,1365,195,1jyw_147_C_2001,0,surfdock,0.76296219,0.99627412,2.8308561,0,0.97471888,3.6078683
2773,59,1358,194,1jyw_147_A_2001,0,surfdock,0.75832209,0.99607452,2.8223567,0,0.98575778,3.5371734
2774,59,5005,715,2pye_7PE_A_504,0,surfdock,0.65928855,0.9166334,2.9283717,0,0,3.4923835
2775,59,2583,369,1sqk_LAR_A_378,0,surfdock,0.6334079,0.91536926,2.7480557,0,0,4.1738179
2776,59,7210,1030,4a01_2PN_A_1773,0,surfdock,0.6334079,0.91536926,2.9394267,0,0,2.6098961
2777,59,7217,1031,4a01_2PN_B_1773,0,surfdock,0.6334079,0.91536926,2.9854767,0,0.99262336,2.6188898
2778,59,14742,2106,6br1_E3Y_B_505,0,surfdock,0.6334079,0.91536926,2.7914464,0,0,3.8733641
2779,59,15974,2282,6mry_FLC_I_102,0,surfdock,0.60842919,0.91403859,2.6640728,0,0,2.7492009
2780,59,15981,2283,6mry_FLC_K_101,0,surfdock,0.60271162,0.91397206,2.6111078,0,0.98904505,2.8908529
2781,59,3962,566,2cjz_PTR_A_1537,0,surfdock,0.5621755,0.91377246,2.9021435,0,0.80875484,2.6931803
2782,59,4921,703,2pir_NK_A_933,0,surfdock,0.5508615,0.91363939,2.2051694,0,0.021549995,2.2585213
2783,59,630,90,1gim_HDA_A_438,0,surfdock,0.53595765,0.87591484,2.2051694,0,0,2.3985263
2784,59,1106,158,1ij8_BNI_B_502,0,surfdock,0.53595765,0.87591484,2.2051694,0,0.83194396,3.6198572
2785,59,1890,270,1ne4_RP1_A_401,0,surfdock,0.53595765,0.87591484,3.0630243,0,0.9695519,3.6174853
2786,59,1897,271,1ne4_RP1_A_601,0,surfdock,0.53595765,0.87591484,3.0232277,0,0,3.7086809
2787,59,1946,278,1nmz_NYM_A_301,0,surfdock,0.53595765,0.87591484,2.2051694,0,0.97243404,3.718592
2788,59,2394,342,1qmh_CIT_A_401,0,surfdock,0.53595765,0.87591484,2.2051694,0,0,2.6658342
2789,59,2401,343,1qmh_CIT_B_401,0,surfdock,0.53595765,0.87591484,2.2051694,0,0.95803441,2.439304
2790,59,2422,346,1rf2_BV4_D_104,0,surfdock,0.53595765,0.87591484,2.3267047,0,0,3.4777054
2791,59,2429,347,1rf2_BV4_F_106,0,surfdock,0.53595765,0.87591484,2.3267047,0,0,3.4730275
2792,59,2436,348,1rf2_BV4_G_107,0,surfdock,0.53595765,0.87591484,2.3267047,0,0.028399354,3.5566514
2793,59,2443,349,1rf2_BV4_H_108,0,surfdock,0.53595765,0.87591484,2.3267047,0,0.022685385,3.4339892
2794,59,2800,400,1tvw_UMP_A_317,0,surfdock,0.53595765,0.87591484,2.980217,0,0.99132926,3.471981
2795,59,3101,443,1x09_IPE_A_901,0,surfdock,0.53595765,0.87591484,2.2051694,0,0.98596716,2.4415176
2796,59,3115,445,1x29_PMG_A_413,0,surfdock,0.53595765,0.87591484,2.8656485,0,0.97441557,4.562345
2797,59,3122,446,1x29_PMG_B_1413,0,surfdock,0.53595765,0.87591484,2.9452074,0,0,4.4424267
2798,59,3248,464,1xuf_BAZ_A_246,0,surfdock,0.53595765,0.87591484,2.514333,0,0,3.7759486
2799,59,3493,499,1zha_PEP_B_2268,0,surfdock,0.53595765,0.87591484,2.7390909,0,0,2.7339441
2800,59,3514,502,1zmt_RNO_A_1002,0,surfdock,0.53595765,0.87591484,2.2051694,0,0,2.6497654
2801,59,3521,503,1zmt_RNO_B_1001,0,surfdock,0.53595765,0.87591484,2.2051694,0,0.98887301,2.8061384
2802,59,3528,504,1zmt_RNO_C_1003,0,surfdock,0.53595765,0.87591484,2.2051694,0,0.00013013306,2.6935252
2803,59,3535,505,1zmt_RNO_D_1004,0,surfdock,0.53595765,0.87591484,2.2051694,0,0,2.7522154
2804,59,3689,527,2ai1_P1G_A_293,0,surfdock,0.53595765,0.87591484,2.6282792,0,0.89927666,4.1533424
2805,59,3899,557,2c6q_IMP_A_1337,0,surfdock,0.53595765,0.87591484,2.3495567,0,0.95838321,3.8342806
2806,59,3906,558,2c6q_IMP_B_1339,0,surfdock,0.53595765,0.87591484,2.3495567,0,0,3.8397259
2807,59,3913,559,2c6q_IMP_C_1337,0,surfdock,0.53595765,0.87591484,2.3495567,0,0.99548347,3.7831181
2808,59,3920,560,2c6q_IMP_D_1337,0,surfdock,0.53595765,0.87591484,2.3495567,0,0.95736072,3.9253672
2809,59,3927,561,2c6q_IMP_E_1337,0,surfdock,0.53595765,0.87591484,2.3495567,0,0.52824311,3.8296305
2810,59,3934,562,2c6q_IMP_F_1337,0,surfdock,0.53595765,0.87591484,2.3495567,0,0.9927371,3.9540319
2811,59,3941,563,2c6q_IMP_H_1337,0,surfdock,0.53595765,0.87591484,2.3495567,0,0,3.9403654
2812,59,3983,569,2d0e_NQ_A_409,0,surfdock,0.53595765,0.87591484,2.2051694,0,0.02018451,2.3615509
2813,59,4004,572,2dcf_ACA_A_501,0,surfdock,0.53595765,0.87591484,2.2051694,0,9.6187547e-07,3.0627425
2814,59,4032,576,2e56_MYR_A_501,0,surfdock,0.53595765,0.87591484,2.9653642,0,0.65949861,3.0656147
2815,59,4039,577,2eb5_OXL_C_2003,0,surfdock,0.53595765,0.87591484,2.2051694,0,0.98853298,2.2476412
2816,59,4053,579,2eb5_OXL_E_2005,0,surfdock,0.53595765,0.87591484,2.2051694,0,0.99276216,2.1810126
2817,59,4067,581,2ef9_PEP_A_1268,0,surfdock,0.53595765,0.87591484,3.0478179,0,0.99276944,2.5948998
2818,59,4074,582,2ef9_PEP_B_2268,0,surfdock,0.53595765,0.87591484,3.0478179,0,0,2.6209886
2819,59,4172,596,2fcu_AKG_A_897,0,surfdock,0.53595765,0.87591484,2.2051694,0,0.9939544,2.7548233
2820,59,4179,597,2fcu_AKG_B_898,0,surfdock,0.53595765,0.87591484,2.2051694,0,0.9951317,2.7441418
2821,59,4207,601,2fhn_BNI_X_501,0,surfdock,0.53595765,0.87591484,2.2051694,0,0.97362038,4.120018
2822,60,15743,2249,6kxh_DY9_A_401,0,surfdock,0.78421225,0.99599466,2.6818788,0,0,2.6099155
2823,60,2338,334,1q3a_NGH_B_479,0,surfdock,0.75265126,0.99465955,2.3258724,0,0.96675714,3.7231677
2824,60,11144,1592,5aov_GLV_A_1336,0,surfdock,0.73003613,0.9917223,2.2098548,0,0,2.0686473
2825,60,2331,333,1q3a_NGH_A_480,0,surfdock,0.68210588,0.99032043,2.2690363,0,0.99064438,3.723508
2826,60,10445,1492,4wdd_CIT_A_401,1,unimol,0.66048417,0.95390521,2.2098548,0,0.92971153,27.3
2827,60,2345,335,1q3a_NGH_C_481,0,surfdock,0.63137917,0.91542056,2.3301432,0,0.94462054,3.9073967
2828,60,9933,1419,4qck_ASD_A_404,0,surfdock,0.63137917,0.91542056,2.2563746,0,0.97764501,2.5859804
2829,60,637,91,1gim_IMP_A_440,0,surfdock,0.53408016,0.87753672,2.5163815,0,0,3.8100446
2830,60,1736,248,1m3u_KPL_A_265,0,surfdock,0.53408016,0.87753672,2.6702371,0,0.42182256,2.5474979
2831,60,1743,249,1m3u_KPL_C_265,0,surfdock,0.53408016,0.87753672,2.6702371,0,0.63416872,2.738891
2832,60,1750,250,1m3u_KPL_D_265,0,surfdock,0.53408016,0.87753672,2.6702371,0,0.77151058,2.5396945
2833,60,1757,251,1m3u_KPL_E_265,0,surfdock,0.53408016,0.87753672,2.6702371,0,0.99436588,2.5224493
2834,60,1764,252,1m3u_KPL_F_265,0,surfdock,0.53408016,0.87753672,2.6702371,0,0.27282851,2.7092743
2835,60,1771,253,1m3u_KPL_G_265,0,surfdock,0.53408016,0.87753672,2.6702371,0,0.41429981,5.6412252
2836,60,1778,254,1m3u_KPL_H_265,0,surfdock,0.53408016,0.87753672,2.6702371,0,0.2487361,2.504068
2837,60,1974,282,1ns4_BGC_B_2400,0,surfdock,0.53408016,0.87753672,2.2098548,0,0,2.6040604
2838,60,1981,283,1nsm_GLA_B_2400,0,surfdock,0.53408016,0.87753672,2.2098548,0,0.019248487,2.4858642
2839,60,3822,546,2bs3_CIT_D_1657,0,surfdock,0.53408016,0.87753672,2.8719964,0,0.99659677,2.885689
2840,60,3878,554,2c3d_COM_B_1526,0,surfdock,0.53408016,0.87753672,2.9594243,0,0.98382622,2.2666719
2841,60,4165,595,2fc0_DGP_A_239,0,surfdock,0.53408016,0.87753672,2.844605,0,0.0015877382,3.1155697
2842,60,4214,602,2fhn_BNI_Y_502,0,surfdock,0.53408016,0.87753672,2.8662779,0,0,4.0550336
2843,60,4515,645,2ij7_TPF_A_2472,0,surfdock,0.53408016,0.87753672,2.2098548,0,0,3.5673944
2844,60,4522,646,2ij7_TPF_B_2470,0,surfdock,0.53408016,0.87753672,2.2098548,0,2.9298203e-05,3.5893013
2845,60,4529,647,2ij7_TPF_C_2471,0,surfdock,0.53408016,0.87753672,2.2098548,0,8.3067248e-05,5.5540348
2846,60,4536,648,2ij7_TPF_F_2474,0,surfdock,0.53408016,0.87753672,2.2098548,0,0.91679073,3.6093863
2847,60,4557,651,2ixi_TYD_A_1182,0,surfdock,0.53408016,0.87753672,2.9673514,0,0,3.4345686
2848,60,4760,680,2nz5_226_A_431,0,surfdock,0.53408016,0.87753672,2.2098548,0,0.029638301,2.48304
2849,60,4767,681,2nz5_226_A_432,0,surfdock,0.53408016,0.87753672,2.2098548,0,0.0022024582,2.4452958
2850,61,12544,1792,5j5i_6GM_A_303,0,surfdock,0.77799724,0.99518459,3.1725729,0,0,4.5241258
2851,61,9926,1418,4qbz_D80_A_917,0,surfdock,0.70796016,0.98963349,2.8873022,0,6.5425734e-05,3.4114184
2852,61,2793,399,1tvw_CB3_A_318,0,surfdock,0.62811219,0.91559658,3.0783319,0,0.18547571,4.6013381
2853,61,9646,1378,4npm_SIN_B_301,0,surfdock,0.54653677,0.91425896,2.2117786,0,0.99470736,2.5451785
2854,61,616,88,1gey_PPE_A_413,0,surfdock,0.53113777,0.87844436,3.1544857,0,0,3.9491909
2855,61,1099,157,1if4_FBS_A_555,0,surfdock,0.53113777,0.87844436,2.5289173,0,0.99666889,2.6735158
2856,61,1449,207,1kbq_936_C_701,0,surfdock,0.53113777,0.87844436,2.8898952,0,0.99192282,3.9413596
2857,61,1456,208,1kbq_936_D_702,0,surfdock,0.53113777,0.87844436,2.8782272,0,0.98438844,3.9774864
2858,61,1932,276,1nmm_NAG_B_403,0,surfdock,0.53113777,0.87844436,3.1810572,0,0.98559406,3.058295
2859,61,1939,277,1nmm_NAG_D_527,0,surfdock,0.53113777,0.87844436,3.1810572,0,0.97095362,3.1130686
2860,61,4312,616,2g8t_MI2_A_401,0,surfdock,0.53113777,0.87844436,2.2117786,0,0,3.1621988
2861,61,4739,677,2nu7_COA_B_1025,0,surfdock,0.53113777,0.87844436,2.2117786,0,0,3.1487256
2862,61,4746,678,2nu7_COA_E_1025,0,surfdock,0.53113777,0.87844436,2.2117786,0,0.52875291,3.0057185
2863,61,5061,723,2qb4_DSM_A_802,0,surfdock,0.53113777,0.87844436,2.213557,0,0.97363166,3.1255423
2864,61,5159,737,2qse_1HP_A_1,0,surfdock,0.53113777,0.87844436,2.6233389,0,0.99307504,3.305021
2865,61,5453,779,2vmg_MBG_A_1179,0,surfdock,0.53113777,0.87844436,2.6008997,0,0.98019659,2.4895842
2866,61,5537,791,2wd2_MS5_A_1263,0,surfdock,0.53113777,0.87844436,2.5778179,0,0.67091075,4.0607433
2867,61,5579,797,2whq_HI6_A_1543,0,surfdock,0.53113777,0.87844436,2.2117786,0,0.0044690692,2.6967645
2868,61,5586,798,2whq_HI6_B_1545,0,surfdock,0.53113777,0.87844436,2.2117786,0,0.00242729,2.8310324
2869,61,5628,804,2wzh_NGO_A_1589,0,surfdock,0.53113777,0.87844436,2.5234914,0,0.98786212,2.8436583
2870,61,5649,807,2x05_X05_A_1900,0,surfdock,0.53113777,0.87844436,2.6446414,0,0.98629595,2.6149212
2871,61,5656,808,2x05_X05_B_1900,0,surfdock,0.53113777,0.87844436,2.6676023,0,0,2.5883987
2872,61,5670,810,2xh0_PEP_A_1440,0,surfdock,0.53113777,0.87844436,2.2117786,0,0,2.5388446
2873,61,5684,812,2xh0_PEP_C_1440,0,surfdock,0.53113777,0.87844436,2.2117786,0,0.98802835,2.6264175
2874,61,5775,825,2xyj_WLM_A_1441,0,surfdock,0.53113777,0.87844436,2.2117786,0,0.98196518,5.0469894
2875,61,5782,826,2xyj_WLM_B_1441,0,surfdock,0.53113777,0.87844436,2.2117786,0,0.85546994,5.0574008
2876,61,5789,827,2xyj_WLM_B_1442,0,surfdock,0.53113777,0.87844436,2.3189576,0,0.92627018,4.93018
2877,61,5824,832,2y5a_3AP_A_1295,0,surfdock,0.53113777,0.87844436,2.2117786,0,0.15692001,2.1697903
2878,61,6006,858,2zgw_BTN_A_1401,0,surfdock,0.53113777,0.87844436,2.2117786,0,0.95145951,3.2053579
2879,61,6013,859,2zgw_BTN_B_1402,0,surfdock,0.53113777,0.87844436,2.2117786,0,0.96774481,3.321372
2880,61,6111,873,2zvq_1NP_X_501,0,surfdock,0.53113777,0.87844436,2.2117786,0,0.18870299,2.3296509
2881,61,6118,874,2zvq_1NP_X_502,0,surfdock,0.53113777,0.87844436,2.2117786,0,0,1.9990842
2882,61,6132,876,2zyv_NPO_X_1601,0,surfdock,0.53113777,0.87844436,2.9089708,0,0,3.0273176
2883,61,6139,877,2zyv_NPO_X_1602,0,surfdock,0.53113777,0.87844436,2.8748982,0,0.99812404,3.8124425
2884,61,6370,910,3ryd_SRT_A_267,0,surfdock,0.53113777,0.87844436,2.2117786,0,0.977592,2.3872554
2885,61,6482,926,3tky_N7I_B_369,0,surfdock,0.53113777,0.87844436,2.2621784,0,0.08238235,2.8915246
2886,61,6496,928,3tky_N7I_D_369,0,surfdock,0.53113777,0.87844436,2.2677996,0,0.91531158,2.8414893
2887,61,6538,934,3u1t_MLI_A_351,0,surfdock,0.53113777,0.87844436,2.2117786,0,0.99667549,2.1334625
2888,61,6706,958,3vnj_PSJ_A_301,0,surfdock,0.53113777,0.87844436,3.133873,0,0,2.818328
2889,61,6713,959,3vnj_PSJ_B_301,0,surfdock,0.53113777,0.87844436,3.1316648,0,0.73477122,2.94644
2890,61,6720,960,3vnj_PSJ_C_301,0,surfdock,0.53113777,0.87844436,3.133873,0,0,2.8133487
2891,61,6727,961,3vnj_PSJ_D_301,0,surfdock,0.53113777,0.87844436,3.1316648,0,0.91312897,2.797116
2892,61,6860,980,3w8x_FTK_A_601,0,surfdock,0.53113777,0.87844436,2.2117786,0,1.1143835e-07,3.3756407
2893,61,6972,996,3wlf_FEH_B_401,0,surfdock,0.53113777,0.87844436,2.7674732,0,0.99680978,3.009972
2894,61,6979,997,3wlf_FEH_C_401,0,surfdock,0.53113777,0.87844436,2.7726066,0,0.9948248,2.3959558
2895,61,6986,998,3wlf_FEH_D_401,0,surfdock,0.53113777,0.87844436,2.7722225,0,0.99676535,2.4651729
2896,61,7007,1001,3wsg_CIT_A_302,0,surfdock,0.53113777,0.87844436,2.2849245,0,0.98930535,2.8704975
2897,61,7014,1002,3wsg_CIT_B_302,0,surfdock,0.53113777,0.87844436,2.399169,0,0.98773373,2.7750901
2898,61,7021,1003,3wsg_CIT_D_302,0,surfdock,0.53113777,0.87844436,2.3487062,0,0,2.7524942
2899,61,7028,1004,3wsg_CIT_E_302,0,surfdock,0.53113777,0.87844436,2.3415587,0,0,2.6076283
2900,62,830,118,1h48_CDI_C_902,4,gnina,0.77221647,0.99328949,2.2094285,0,0.99347825,2.5763234
2901,62,1372,196,1jyx_IPT_A_2001,0,surfdock,0.76953615,0.99315528,2.9032018,0,0,2.9842967
2902,62,1379,197,1jyx_IPT_A_2002,0,surfdock,0.76941135,0.99308818,2.800138,0,0.00063031565,2.8837358
2903,62,1400,200,1jyx_IPT_D_2002,0,surfdock,0.76319542,0.99302107,2.800138,0,0.00063084568,2.8215983
2904,62,1386,198,1jyx_IPT_B_2001,0,surfdock,0.76227266,0.99295397,2.8756516,0,0.98629703,4.5311882
2905,62,1393,199,1jyx_IPT_D_2001,0,surfdock,0.75615162,0.99268555,2.8756516,0,0.99098755,3.0708888
2906,62,15729,2247,6krs_CIT_I_301,0,surfdock,0.74282025,0.99235002,2.4522207,0,0.014972373,2.8803471
2907,62,15701,2243,6krs_CIT_D_301,0,surfdock,0.73804809,0.99228292,2.5297954,0,0,2.8327839
2908,62,15694,2242,6krs_CIT_C_301,0,surfdock,0.73193698,0.99201449,2.5297954,0,0.032461642,2.9503466
2909,62,15736,2248,6krs_CIT_J_301,0,surfdock,0.71058145,0.98698161,2.4522207,0,0.015352468,2.82186
2910,62,15687,2241,6krs_CIT_B_301,0,surfdock,0.71013991,0.9868474,2.5862954,0,0.016753714,2.914619
2911,62,15722,2246,6krs_CIT_H_301,0,surfdock,0.70794134,0.9867803,2.5862954,0,0.015301673,2.8154706
2912,62,15708,2244,6krs_CIT_F_301,0,surfdock,0.70760069,0.98671319,2.5422747,0,0,2.7896287
2913,62,15715,2245,6krs_CIT_G_301,0,surfdock,0.7035335,0.98651188,2.5862954,0,0,2.8188775
2914,62,70,10,1aiq_UMP_B_266,0,surfdock,0.63000191,0.91548114,2.7081387,0,0.96432939,3.4255911
2915,62,12047,1721,5goo_FRU_B_501,0,surfdock,0.63000191,0.91548114,2.7039001,0,0,2.7413969
2916,62,12054,1722,5goo_FRU_C_501,0,surfdock,0.63000191,0.91548114,2.7039001,0,0.99390848,2.7607518
2917,62,3325,475,1yik_MM1_A_501,0,surfdock,0.5354343,0.91410549,2.8560026,0,0.34175622,2.3706307
2918,62,2758,394,1tsd_UMP_A_267,0,surfdock,0.53282892,0.87984834,2.6343091,0,0.96169717,3.6706363
2919,62,2765,395,1tsd_UMP_B_265,0,surfdock,0.53282892,0.87984834,2.6325204,0,0.97418974,3.4521133
2920,62,3066,438,1wc7_PP3_A_1214,0,surfdock,0.53282892,0.87984834,2.5992692,0,0,3.5430115
2921,62,3759,537,2bf7_HBI_A_1290,0,surfdock,0.53282892,0.87984834,2.9564607,0,0,2.892265
2922,62,3766,538,2bf7_HBI_C_1290,0,surfdock,0.53282892,0.87984834,2.92943,0,0,4.8106395
2923,62,3871,553,2c3d_COM_B_1525,0,surfdock,0.53282892,0.87984834,2.2094285,0,0.97631434,2.3856056
2924,62,4627,661,2jhp_GUN_A_1647,0,surfdock,0.53282892,0.87984834,2.47419,0,0.003464884,2.3631165
2925,62,4634,662,2jhp_GUN_A_1648,0,surfdock,0.53282892,0.87984834,2.6070867,0,0.0013521698,2.274442
2926,62,4781,683,2o1o_RIS_A_400,0,surfdock,0.53282892,0.87984834,2.2184646,0,0,3.2806648
2927,62,4788,684,2o1o_RIS_B_400,0,surfdock,0.53282892,0.87984834,2.2440023,0,0.92457638,3.2041633
2928,62,5012,716,2q1a_2KT_X_295,0,surfdock,0.53282892,0.87984834,2.2094285,0,0.99573964,2.8347216
2929,62,5250,750,2r5e_QLP_B_430,0,surfdock,0.53282892,0.87984834,2.3616555,0,0,4.4178894
2930,62,5264,752,2rhx_MLY_A_537,0,surfdock,0.53282892,0.87984834,2.2094285,0,0.95165604,2.6795228
2931,62,5285,755,2tio_BEN_A_247,0,surfdock,0.53282892,0.87984834,2.2094285,0,0,2.4438479
2932,62,5565,795,2wdq_TEO_E_1589,0,surfdock,0.53282892,0.87984834,2.2094285,0,0,2.4780091
2933,62,5572,796,2wdq_TEO_I_1589,0,surfdock,0.53282892,0.87984834,2.2094285,0,0,2.4757382
2934,62,5593,799,2wj4_HQD_B_1278,0,surfdock,0.53282892,0.87984834,2.3022201,0,0,2.1524075
2935,62,5600,800,2wj4_HQD_C_1277,0,surfdock,0.53282892,0.87984834,2.2094285,0,0.026462154,2.2596126
2936,62,5607,801,2wj4_HQD_D_1278,0,surfdock,0.53282892,0.87984834,2.3022201,0,0.0048803844,2.1757588
2937,62,5978,854,2z7s_P01_A_1,0,surfdock,0.53282892,0.87984834,2.9021165,0,0.73019444,4.2077217
2938,62,6020,860,2zi2_24U_H_801,0,surfdock,0.53282892,0.87984834,2.396452,0,0.94760229,3.8489437
2939,62,6069,867,2zut_A2G_A_4001,0,surfdock,0.53282892,0.87984834,2.2094285,0,0,2.8569745
2940,62,6076,868,2zut_A2G_B_4002,0,surfdock,0.53282892,0.87984834,2.2094285,0,0.00016298939,2.9798526
2941,62,6083,869,2zut_A2G_C_4003,0,surfdock,0.53282892,0.87984834,2.2094285,0,0.9520775,2.8867508
2942,62,6090,870,2zut_A2G_D_4004,0,surfdock,0.53282892,0.87984834,2.2094285,0,0.98132327,2.886992
2943,62,6097,871,2zuw_NDG_C_4003,0,surfdock,0.53282892,0.87984834,2.2094285,0,8.3746197e-05,2.9175198
2944,62,6104,872,2zuw_NDG_D_4004,0,surfdock,0.53282892,0.87984834,2.2094285,0,0.99186384,2.9389008
2945,62,6216,888,3qk1_BEN_A_1010,0,surfdock,0.53282892,0.87984834,2.2094285,0,0.99840518,2.3687816
2946,62,6447,921,3t3q_9PL_C_501,0,surfdock,0.53282892,0.87984834,2.8685579,0,0.9875571,5.1836784
2947,62,6454,922,3t3q_9PL_D_501,0,surfdock,0.53282892,0.87984834,2.8593409,0,6.7448191e-05,3.1239824
2948,62,6559,937,3ucc_2PG_A_601,0,surfdock,0.53282892,0.87984834,2.2094285,0,0,2.5801554
2949,62,6566,938,3ucc_2PG_B_601,0,surfdock,0.53282892,0.87984834,2.2094285,0,0,2.8605478
2950,63,11004,1572,5a66_3PO_B_1000,0,surfdock,0.73377115,0.99185295,2.2117786,0,0.99077318,2.9398751
2951,63,16626,2375,6qli_4LR_A_301,1,unimol,0.65998728,0.95142068,3.0788672,0,0.8430435,25.74
2952,63,10997,1571,5a66_3PO_A_1000,0,surfdock,0.64031203,0.91704821,2.2117786,0,0.98577299,2.8122869
2953,63,4718,674,2ntk_IMP_A_205,0,surfdock,0.62257533,0.91624024,3.0782843,0,0,3.6712351
2954,63,4725,675,2ntk_IMP_C_207,0,surfdock,0.62257533,0.91624024,3.0892854,0,0,3.6942313
2955,63,4732,676,2ntk_IMP_D_208,0,surfdock,0.62257533,0.91624024,3.0551589,0,0,3.7238533
2956,63,15638,2234,6jwy_PH2_A_802,0,surfdock,0.62257533,0.91624024,2.9024439,0,0.9927468,2.8593223
2957,63,7063,1009,3wur_O4B_B_204,0,surfdock,0.62257485,0.91543227,2.2117786,0,0.61499371,5.0012376
2958,63,7056,1008,3wur_O4B_A_201,0,surfdock,0.62257377,0.91536493,2.2117786,0,0,1.751724
2959,63,8246,1178,4ejh_0QA_D_502,0,surfdock,0.54785242,0.91509561,3.0238259,0,0,3.2009156
2960,63,4025,575,2e40_LGC_A_1001,0,surfdock,0.52646917,0.8817331,2.2117786,0,0.9583643,2.8841988
2961,63,4543,649,2ipf_FFA_A_3,0,surfdock,0.52646917,0.8817331,2.2117786,0,0.97721847,3.2124498
2962,63,4550,650,2ipf_FFA_B_4,0,surfdock,0.52646917,0.8817331,2.2117786,0,0.99172463,3.2523732
2963,63,4774,682,2nz5_226_B_432,0,surfdock,0.52646917,0.8817331,2.2117786,0,0.99169374,2.1926391
2964,63,5089,727,2qd4_CHD_A_801,0,surfdock,0.52646917,0.8817331,2.6668103,0,3.7933756e-08,4.2062896
2965,63,5712,816,2xta_TPP_A_2001,0,surfdock,0.52646917,0.8817331,2.2117786,0,0.9785827,4.5972359
2966,63,5719,817,2xta_TPP_B_2001,0,surfdock,0.52646917,0.8817331,2.2117786,0,0.99476056,4.4247346
2967,63,5726,818,2xta_TPP_C_2001,0,surfdock,0.52646917,0.8817331,2.2117786,0,0.95225006,4.3915352
2968,63,5733,819,2xta_TPP_D_2001,0,surfdock,0.52646917,0.8817331,2.2117786,0,0,4.5752978
2969,63,5992,856,2zgw_ADN_A_1301,0,surfdock,0.52646917,0.8817331,3.1706264,0,0.9912198,3.2315443
2970,63,5999,857,2zgw_ADN_B_1302,0,surfdock,0.52646917,0.8817331,3.2047524,0,0.36922621,3.2594951
2971,63,6174,882,3qfx_CP6_A_602,0,surfdock,0.52646917,0.8817331,2.7814569,0,0.99170231,3.1645906
2972,63,6181,883,3qfx_CP6_B_702,0,surfdock,0.52646917,0.8817331,2.8011606,0,0.98832834,3.1758338
2973,63,6356,908,3rsc_TYD_A_397,0,surfdock,0.52646917,0.8817331,2.2117786,0,0,4.1532546
2974,63,6363,909,3rsc_TYD_B_397,0,surfdock,0.52646917,0.8817331,2.2117786,0,0.94311174,4.0887035
2975,63,6902,986,3wca_FPS_A_501,0,surfdock,0.52646917,0.8817331,2.2117786,0,0,4.0993361
2976,63,6909,987,3wca_FPS_B_401,0,surfdock,0.52646917,0.8817331,2.2117786,0,0,4.1531931
2977,63,6916,988,3wca_FPS_C_401,0,surfdock,0.52646917,0.8817331,2.2117786,0,0.93488302,4.0652777
2978,63,6923,989,3wca_FPS_D_401,0,surfdock,0.52646917,0.8817331,2.2117786,0,0,3.7972246
2979,63,7035,1005,3wsg_CIT_F_302,0,surfdock,0.52646917,0.8817331,2.4275239,0,0.98695186,2.7689275
2980,63,7042,1006,3wug_XYP_B_1,0,surfdock,0.52646917,0.8817331,2.9563627,0,0.98385515,2.1605216
2981,63,7084,1012,3wzo_ZOE_A_201,0,surfdock,0.52646917,0.8817331,2.7224009,0,0,4.1592346
2982,63,7091,1013,3wzo_ZOE_C_201,0,surfdock,0.52646917,0.8817331,2.7444012,0,0,4.2061552
2983,63,7203,1029,3zyx_MBT_B_601,0,surfdock,0.52646917,0.8817331,2.3887105,0,0,3.5303049
2984,63,7238,1034,4a78_JZ3_A_1296,0,surfdock,0.52646917,0.8817331,2.2185977,0,0.24517586,2.3431542
2985,63,7322,1046,4adl_LMR_D_1468,0,surfdock,0.52646917,0.8817331,3.1478615,0,0,2.5132483
2986,63,7329,1047,4adm_SRT_C_1466,0,surfdock,0.52646917,0.8817331,2.2995958,0,0,2.726333
2987,63,7343,1049,4ajj_88S_A_1332,0,surfdock,0.52646917,0.8817331,2.7990654,0,0.97726652,3.4788457
2988,63,7406,1058,4b5v_E8U_A_1253,0,surfdock,0.52646917,0.8817331,2.2117786,0,0,2.79272
2989,63,7413,1059,4b5v_E8U_B_1254,0,surfdock,0.52646917,0.8817331,2.2117786,0,0.88630508,2.8027713
2990,63,7644,1092,4cjw_CBJ_A_1215,0,surfdock,0.52646917,0.8817331,3.0608225,0,0.975414,3.6972605
2991,63,7651,1093,4cjw_CBJ_A_1216,0,surfdock,0.52646917,0.8817331,3.1695755,0,4.6666931e-07,3.7011379
2992,63,7658,1094,4cjw_CBJ_B_1217,0,surfdock,0.52646917,0.8817331,3.0608225,0,0.99189749,3.7812356
2993,63,7665,1095,4cjw_CBJ_B_1218,0,surfdock,0.52646917,0.8817331,3.1451585,0,3.6857397e-07,4.4270859
2994,63,7735,1105,4clr_FDB_A_1270,0,surfdock,0.52646917,0.8817331,2.2117786,0,0.14254979,2.344172
2995,63,7742,1106,4clr_FDB_B_1270,0,surfdock,0.52646917,0.8817331,2.2117786,0,0.1399195,2.3736951
2996,63,7994,1142,4dab_HPA_A_301,0,surfdock,0.52646917,0.8817331,2.2117786,0,0.26485807,2.2526381
2997,63,8015,1145,4dd8_BAT_B_1000,0,surfdock,0.52646917,0.8817331,3.2514994,0,0.93643228,4.561592
2998,63,8022,1146,4dd8_BAT_D_1000,0,surfdock,0.52646917,0.8817331,3.0459719,0,0,4.9519569
2999,63,8050,1150,4dt8_ADN_A_401,0,surfdock,0.52646917,0.8817331,2.3405111,0,0,3.1961926
3000,64,16625,2375,6qli_4LR_A_301,0,surfdock,0.66461517,0.98209701,2.4379499,0,0,2.2221372
3001,64,7967,1138,4d6z_PK9_A_1600,1,unimol,0.6593909,0.9499392,3.252836,0,0.74007658,25.77
3002,64,770,110,1h48_C5P_A_203,0,surfdock,0.5246341,0.88332658,2.2094285,0,0.99086604,3.5160553
3003,64,777,111,1h48_C5P_B_901,0,surfdock,0.5246341,0.88332658,2.2094285,0,0,3.5731786
3004,64,784,112,1h48_C5P_C_901,0,surfdock,0.5246341,0.88332658,2.2094285,0,0.97232855,3.4743913
3005,64,798,114,1h48_C5P_E_901,0,surfdock,0.5246341,0.88332658,2.2094285,0,0.98758089,3.4027642
3006,64,805,115,1h48_C5P_F_901,0,surfdock,0.5246341,0.88332658,2.2094285,0,0.9961927,3.5018595
3007,64,3045,435,1w55_C_A_1373,0,surfdock,0.5246341,0.88332658,2.2736466,0,0.9813245,3.347471
3008,64,3059,437,1w78_PD8_A_1421,0,surfdock,0.5246341,0.88332658,2.2094285,0,0,5.7886982
3009,64,3290,470,1y5v_NE8_A_500,0,surfdock,0.5246341,0.88332658,2.5003769,0,0,4.0185554
3010,64,3297,471,1y5x_E89_A_500,0,surfdock,0.5246341,0.88332658,2.6402795,0,0,4.2749783
3011,64,3304,472,1y5x_E89_D_1500,0,surfdock,0.5246341,0.88332658,2.637007,0,0,4.2996906
3012,64,3549,507,1zpd_CIT_A_610,0,surfdock,0.5246341,0.88332658,2.8150218,0,0,2.7317557
3013,64,3556,508,1zpd_CIT_B_610,0,surfdock,0.5246341,0.88332658,2.8150218,0,0,2.6532782
3014,64,3570,510,1zpd_CIT_F_610,0,surfdock,0.5246341,0.88332658,2.8150218,0,0.89851557,2.7713554
3015,64,4277,611,2fzb_TOL_A_600,0,surfdock,0.5246341,0.88332658,2.6793275,0,0.8933844,3.9138924
3016,64,4284,612,2fzb_TOL_A_700,0,surfdock,0.5246341,0.88332658,2.7211354,0,0.87667258,3.8355486
3017,64,4291,613,2fzb_TOL_A_800,0,surfdock,0.5246341,0.88332658,2.6712801,0,0.97663223,3.4131322
3018,64,4438,634,2hs3_FGR_A_2166,0,surfdock,0.5246341,0.88332658,2.2094285,0,0.92818262,3.9436492
3019,64,4592,656,2j51_DKI_A_1314,0,surfdock,0.5246341,0.88332658,2.6295729,0,0,5.5936205
3020,64,5271,753,2ri1_GLP_A_234,0,surfdock,0.5246341,0.88332658,2.2094285,0,0,2.7824769
3021,64,5278,754,2ri1_GLP_B_234,0,surfdock,0.5246341,0.88332658,2.2094285,0,0.66481448,3.0096965
3022,64,5460,780,2vmp_PLP_A_501,0,surfdock,0.5246341,0.88332658,2.2094285,0,0.99157569,3.7390362
3023,64,5467,781,2vmw_PLP_A_501,0,surfdock,0.5246341,0.88332658,2.2094285,0,0,3.7178195
3024,64,5523,789,2w7k_PLP_A_501,0,surfdock,0.5246341,0.88332658,2.2094285,0,0.79909884,3.6759911
3025,64,5810,830,2y4j_LAC_A_400,0,surfdock,0.5246341,0.88332658,2.5075285,0,0.98384052,2.1792451
3026,64,5817,831,2y4j_LAC_B_400,0,surfdock,0.5246341,0.88332658,2.4675419,0,0.9640357,2.190249
3027,64,6300,900,3roe_THM_A_265,0,surfdock,0.5246341,0.88332658,2.2787097,0,0,3.3192129
3028,65,5138,734,2qim_ZEA_A_159,0,surfdock,0.76609978,0.99018546,3.5303044,0,0.99028936,3.3746808
3029,65,4382,626,2gyv_HBP_B_545,0,surfdock,0.75178668,0.99005009,3.4673016,0,0,4.0471019
3030,65,12516,1788,5ivg_FPS_C_704,0,surfdock,0.7511471,0.9899824,2.206871,0,0,4.4405719
3031,65,12523,1789,5ivg_FPS_D_704,0,surfdock,0.74194132,0.98971166,2.206871,0,0,4.3841401
3032,65,9170,1310,4kux_FPS_B_405,0,surfdock,0.73819146,0.98964397,2.206871,0,0,4.2869735
3033,65,9163,1309,4kux_FPS_A_704,0,surfdock,0.72824309,0.9895086,2.206871,0,0.86740178,4.359318
3034,65,12502,1786,5ivg_FPS_A_704,0,surfdock,0.71623856,0.98158928,2.206871,0,0,4.260142
3035,65,12509,1787,5ivg_FPS_B_704,0,surfdock,0.71404422,0.98152159,2.206871,0,0,4.4480399
3036,65,9177,1311,4kux_FPS_C_705,0,surfdock,0.71404019,0.98145391,2.206871,0,0,4.2115209
3037,65,9184,1312,4kux_FPS_D_704,0,surfdock,0.70803353,0.98125085,2.206871,0,0,4.2423635
3038,65,4907,701,2pin_LEG_B_502,0,surfdock,0.61405812,0.91552728,2.206871,0,8.4718178e-08,2.7373096
3039,65,7966,1138,4d6z_PK9_A_1600,0,surfdock,0.58562598,0.91545959,2.2304006,0,8.3803221e-06,3.7566903
3040,65,8239,1177,4ejh_0QA_A_502,0,surfdock,0.53843622,0.91525653,2.8655314,0,0.99249055,3.0687066
3041,65,3311,473,1yee_PNB_H_551,0,surfdock,0.52447875,0.88408691,2.206871,0,0.98948095,3.9869009
3042,65,3374,482,1z3n_3NA_A_320,0,surfdock,0.52447875,0.88408691,2.206871,0,0,4.0551085
3043,65,3703,529,2ajv_COC_L_501,0,surfdock,0.52447875,0.88408691,2.206871,0,0.75708418,3.3738056
3044,65,4011,573,2dv0_ZST_A_600,0,surfdock,0.52447875,0.88408691,2.206871,0,0,4.2443255
3045,65,4403,629,2gzm_DGL_A_501,0,surfdock,0.52447875,0.88408691,2.206871,0,0.9912032,2.9393125
3046,65,4410,630,2gzm_DGL_B_502,0,surfdock,0.52447875,0.88408691,2.206871,0,0,2.5897945
3047,65,4417,631,2gzm_DGL_D_504,0,surfdock,0.52447875,0.88408691,2.206871,0,0,2.7958326
3048,65,4893,699,2pd5_ZST_A_600,0,surfdock,0.52447875,0.88408691,2.206871,0,0.99154006,4.3385824
3049,65,4900,700,2pin_LEG_A_501,0,surfdock,0.52447875,0.88408691,2.206871,0,0.94474377,2.9131498
3050,65,4998,714,2pwf_BGC_D_9999,0,surfdock,0.52447875,0.88408691,2.6113319,0,0.95640016,2.7718168
3051,65,5229,747,2r4j_13P_B_816,0,surfdock,0.52447875,0.88408691,2.206871,0,0,2.5773163
3052,65,5614,802,2wu4_HBP_A_1544,0,surfdock,0.52447875,0.88408691,2.6991324,0,0.12293251,4.2157806
3053,65,6307,901,3roe_THM_B_265,0,surfdock,0.52447875,0.88408691,2.7928913,0,0,3.3740594
3054,65,6314,902,3roe_THM_C_265,0,surfdock,0.52447875,0.88408691,2.7851505,0,0.44499075,3.4727216
3055,65,6321,903,3roe_THM_D_265,0,surfdock,0.52447875,0.88408691,2.7997854,0,0,3.3217274
3056,65,6335,905,3roe_THM_F_265,0,surfdock,0.52447875,0.88408691,2.7928913,0,0.39800016,3.434778
3057,65,6433,919,3sru_Q26_X_169,0,surfdock,0.52447875,0.88408691,2.3335996,0,0,4.4777316
3058,65,7350,1050,4ajj_MLI_A_1333,0,surfdock,0.52447875,0.88408691,2.3704512,0,0.99369265,2.2051053
3059,65,7357,1051,4ajj_MLI_D_1333,0,surfdock,0.52447875,0.88408691,2.4471717,0,0,2.0752333
3060,65,7385,1055,4b1f_DGL_A_1257,0,surfdock,0.52447875,0.88408691,3.2275898,0,0.0014380996,2.895579
3061,65,7392,1056,4b1f_DGL_B_1256,0,surfdock,0.52447875,0.88408691,3.2275898,0,0.0023638514,2.6219227
3062,65,7546,1078,4c2z_646_A_1498,0,surfdock,0.52447875,0.88408691,2.2719166,0,0.95322667,6.6881694
3063,65,7553,1079,4c2z_646_B_1498,0,surfdock,0.52447875,0.88408691,2.2958105,0,0,4.892861
3064,65,7560,1080,4c67_L5S_A_1170,0,surfdock,0.52447875,0.88408691,2.206871,0,0,3.2432911
3065,65,7693,1099,4cle_JR2_A_1271,0,surfdock,0.52447875,0.88408691,2.9124317,0,0,2.8784623
3066,65,7721,1103,4cle_JR2_D_1271,0,surfdock,0.52447875,0.88408691,2.8925328,0,0,2.7985245
3067,65,7749,1107,4cme_KTZ_A_1270,0,surfdock,0.52447875,0.88408691,2.5297186,0,0.9896458,3.8205152
3068,65,7756,1108,4cme_KTZ_B_1270,0,surfdock,0.52447875,0.88408691,2.5297186,0,0.98976229,3.5023872
3069,65,7763,1109,4cmk_FQW_A_1270,0,surfdock,0.52447875,0.88408691,3.1611986,0,0.9571559,3.826882
3070,65,7770,1110,4cmk_FQW_B_1270,0,surfdock,0.52447875,0.88408691,3.16605,0,0,4.0624783
3071,65,7777,1111,4cmk_FQW_C_1270,0,surfdock,0.52447875,0.88408691,3.1671293,0,0.95793718,3.8316107
3072,65,7784,1112,4cmk_FQW_D_1270,0,surfdock,0.52447875,0.88408691,3.1638937,0,0.99061305,3.7015613
3073,65,8057,1151,4dt8_ADN_B_401,0,surfdock,0.52447875,0.88408691,2.206871,0,0.9783334,3.3349645
3074,65,8064,1152,4dta_ADN_A_401,0,surfdock,0.52447875,0.88408691,2.206871,0,0.99050774,3.3882639
3075,65,8071,1153,4dta_ADN_B_401,0,surfdock,0.52447875,0.88408691,2.206871,0,0.98202126,3.1216339
3076,65,8218,1174,4e9z_651_A_301,0,surfdock,0.52447875,0.88408691,3.5346794,0,0.99823689,3.4438554
3077,65,8288,1184,4evi_N7I_B_401,0,surfdock,0.52447875,0.88408691,2.35338,0,0.99517936,3.0966965
3078,66,6839,977,3w7f_FPS_A_302,0,surfdock,0.73824141,0.98872589,2.7979522,0,0.96497093,4.4375359
3079,66,12230,1747,5hss_650_B_402,1,unimol,0.65994301,0.94831568,3.2793119,0,0.94607063,21.47
3080,66,12237,1748,5hss_650_C_401,1,unimol,0.65994301,0.94831568,3.2677751,0,0.96225441,27.16
3081,66,14162,2023,5xoi_SIN_A_401,1,unimol,0.65994301,0.94831568,3.1437259,0,0.92729051,24.92
3082,66,17592,2513,6ypv_AKG_A_302,1,unimol,0.65994301,0.94831568,2.9154415,0,0.95992978,25.72
3083,66,9800,1400,4pb4_PLP_B_401,0,surfdock,0.63682236,0.91727791,3.3577688,0,0,4.3373632
3084,66,301,43,1dna_CB3_A_601,0,surfdock,0.61669446,0.91659875,2.9499309,0,0,4.999035
3085,66,3010,430,1w3t_3GR_A_1297,0,surfdock,0.52143836,0.88583265,2.2090023,0,0.97712517,2.2353143
3086,66,3017,431,1w3t_3GR_B_1297,0,surfdock,0.52143836,0.88583265,2.2090023,0,0.97220018,2.0490043
3087,66,3024,432,1w3t_3GR_C_1297,0,surfdock,0.52143836,0.88583265,2.2090023,0,0.57352286,2.2587825
3088,66,3031,433,1w3t_3GR_D_1297,0,surfdock,0.52143836,0.88583265,2.2090023,0,0.98036883,2.0333613
3089,66,3808,544,2brk_CMF_A_1534,0,surfdock,0.52143836,0.88583265,2.5327539,0,0,4.5479988
3090,66,4081,583,2ei7_D93_A_700,0,surfdock,0.52143836,0.88583265,2.8026302,0,0,4.5935335
3091,66,4333,619,2giq_NN2_A_1001,0,surfdock,0.52143836,0.88583265,2.6529994,0,0.99421199,4.5222768
3092,66,4340,620,2giq_NN2_B_2001,0,surfdock,0.52143836,0.88583265,2.678061,0,0.98879051,4.5174491
3093,66,4480,640,2iht_TPP_A_600,0,surfdock,0.52143836,0.88583265,2.2090023,0,0,4.5891793
3094,66,4487,641,2iht_TPP_C_600,0,surfdock,0.52143836,0.88583265,2.2090023,0,0.96034959,4.4852786
3095,66,4494,642,2iht_TPP_D_600,0,surfdock,0.52143836,0.88583265,2.2090023,0,0.41478749,6.4589117
3096,66,4501,643,2ihu_TP9_A_600,0,surfdock,0.52143836,0.88583265,2.7471085,0,0,4.6857979
3097,66,4508,644,2ihu_TP9_B_600,0,surfdock,0.52143836,0.88583265,2.7471085,0,0,4.5295123
3098,66,6188,884,3qgz_ADN_A_127,0,surfdock,0.52143836,0.88583265,2.2090023,0,0.99129892,3.1236053
3099,66,6832,976,3w7f_FPS_A_301,0,surfdock,0.52143836,0.88583265,2.8875728,0,0,4.0122563
3100,66,6846,978,3w7f_FPS_B_301,0,surfdock,0.52143836,0.88583265,2.8952279,0,0,4.1114917
3101,66,6853,979,3w7f_FPS_B_302,0,surfdock,0.52143836,0.88583265,2.8313835,0,0,4.4153911
3102,66,7154,1022,3zr0_8OG_A_1157,0,surfdock,0.52143836,0.88583265,3.2372522,0,0.9732504,3.8000082
3103,66,7161,1023,3zr0_8OG_B_1157,0,surfdock,0.52143836,0.88583265,3.2797515,0,0.95974371,3.9317826
3104,66,7196,1028,3zwt_KFZ_A_1401,0,surfdock,0.52143836,0.88583265,2.2090023,0,0.98430495,3.8483007
3105,66,7336,1048,4ajj_88R_B_1333,0,surfdock,0.52143836,0.88583265,2.2090023,0,0.99150414,2.4798312
3106,66,7490,1070,4bux_F35_A_2166,0,surfdock,0.52143836,0.88583265,2.9598131,0,0.81415458,4.0480421
3107,66,7497,1071,4bux_F35_C_2165,0,surfdock,0.52143836,0.88583265,2.9615002,0,0.80383236,3.9983329
3108,66,7567,1081,4c7g_NGO_A_1495,0,surfdock,0.52143836,0.88583265,2.7854362,0,0,2.8809428
3109,66,7812,1116,4cvb_PQQ_A_1608,0,surfdock,0.52143836,0.88583265,2.2090023,0,0,3.8820325
3110,66,8078,1154,4dtb_GMP_A_401,0,surfdock,0.52143836,0.88583265,2.5817158,0,0,3.3089954
3111,66,8085,1155,4dtb_GMP_B_401,0,surfdock,0.52143836,0.88583265,2.5891292,0,0.99279644,3.2915658
3112,66,8372,1196,4g1x_TQU_A_410,0,surfdock,0.52143836,0.88583265,2.6175923,0,0.9971105,2.9202168
3113,66,8386,1198,4gh8_MTX_B_201,0,surfdock,0.52143836,0.88583265,2.4326155,0,0.97815095,4.7998497
3114,66,8414,1202,4gim_PSU_A_400,0,surfdock,0.52143836,0.88583265,3.15887,0,0,3.8323785
3115,66,8421,1203,4gim_PSU_C_400,0,surfdock,0.52143836,0.88583265,3.2225037,0,0.94561269,3.8482246
3116,66,8428,1204,4gmu_OXL_A_705,0,surfdock,0.52143836,0.88583265,2.7630427,0,0,2.1004316
3117,66,8449,1207,4gt9_MEF_A_304,0,surfdock,0.52143836,0.88583265,2.2090023,0,0,3.1851156
3118,66,8456,1208,4gt9_UMP_A_302,0,surfdock,0.52143836,0.88583265,3.1194057,0,0.49790126,3.110952
3119,66,8463,1209,4gy9_ZIP_A_201,0,surfdock,0.52143836,0.88583265,2.2090023,0,0.99409346,3.0900416
3120,66,8477,1211,4h4c_10D_A_402,0,surfdock,0.52143836,0.88583265,2.4687095,0,0,3.1501993
3121,66,8484,1212,4h4c_10D_B_402,0,surfdock,0.52143836,0.88583265,2.343962,0,0,3.2391694
3122,66,8778,1254,4i7n_1DJ_A_202,0,surfdock,0.52143836,0.88583265,2.2090023,0,0.99716477,2.6359421
3123,66,8785,1255,4i7n_1DJ_B_203,0,surfdock,0.52143836,0.88583265,2.2090023,0,0.99866992,2.6774523
3124,66,8792,1256,4i9n_1E5_A_402,0,surfdock,0.52143836,0.88583265,3.2793705,0,0.88465507,3.5428221
3125,66,8799,1257,4i9n_1E5_B_402,0,surfdock,0.52143836,0.88583265,3.2582595,0,0.99031155,3.5943086
3126,66,8806,1258,4i9n_1E5_C_402,0,surfdock,0.52143836,0.88583265,3.079601,0,0.8633477,3.4497281
3127,66,8813,1259,4i9n_1E5_D_402,0,surfdock,0.52143836,0.88583265,3.2442429,0,0.8644883,3.5562936
3128,67,9611,1373,4nkw_PLO_A_601,0,surfdock,0.77528759,0.98821044,3.3310137,0,0.98700299,3.884379
3129,67,9632,1376,4nkw_PLO_D_601,0,surfdock,0.77422035,0.98814229,3.3310137,0,0.98034375,3.9260768
3130,67,9618,1374,4nkw_PLO_B_601,0,surfdock,0.77414359,0.98807414,3.3518398,0,0.99066857,3.9582903
3131,67,9625,1375,4nkw_PLO_C_601,0,surfdock,0.77378293,0.988006,3.3310137,0,7.6450406e-07,3.9125172
3132,67,12236,1748,5hss_650_C_401,0,surfdock,0.75021274,0.98725637,3.3032491,0,0.99721166,2.8167592
3133,67,12229,1747,5hss_650_B_402,0,surfdock,0.73795166,0.98691563,3.2929976,0,0.99662284,2.8775997
3134,67,10444,1492,4wdd_CIT_A_401,0,surfdock,0.72555777,0.98684749,3.7611105,0,0.98767434,2.6589179
3135,67,14161,2023,5xoi_SIN_A_401,0,surfdock,0.72372356,0.98671119,3.3690927,0,0.99751015,2.369884
3136,67,833,119,1h48_CDI_D_201,0,surfdock,0.71680265,0.9774431,3.6223063,0,0,2.959965
3137,67,10101,1443,4rql_SNE_A_505,0,surfdock,0.69606565,0.97614829,2.674402,0,0.99305665,2.5333557
3138,67,826,118,1h48_CDI_C_902,0,surfdock,0.62145034,0.9170642,3.6218579,0,0.89463906,3.0871488
3139,67,812,116,1h48_CDI_A_201,0,surfdock,0.61767419,0.91648494,3.6200643,0,0,3.1579558
3140,67,847,121,1h48_CDI_F_902,0,surfdock,0.61767419,0.91648494,3.6164808,0,0,2.9350578
3141,67,10108,1444,4rql_SNE_B_502,0,surfdock,0.61767419,0.91648494,2.674402,0,0.98532899,2.4517022
3142,67,16198,2314,6nig_NAG_A_604,0,surfdock,0.61767419,0.91648494,2.7096107,0,0,2.2956318
3143,67,16205,2315,6nig_NAG_B_803,0,surfdock,0.61767419,0.91648494,2.8472774,0,0,3.9859583
3144,67,16212,2316,6nig_NAG_C_802,0,surfdock,0.61767419,0.91648494,2.7950635,0,0.030090878,2.3609887
3145,67,16219,2317,6nig_NAG_D_602,0,surfdock,0.61767419,0.91648494,2.7435586,0,3.2248292e-05,2.3810261
3146,67,6783,969,3vqe_FMQ_B_306,0,surfdock,0.56005278,0.91576939,2.2925649,0,0.9924809,2.8516755
3147,67,5145,735,2qim_ZEA_A_162,0,surfdock,0.52227145,0.88724956,2.7950571,0,0,2.9456981
3148,67,5208,744,2qx9_ML2_A_233,0,surfdock,0.52227145,0.88724956,2.7514515,0,0,2.9702857
3149,67,5215,745,2qx9_ML2_A_234,0,surfdock,0.52227145,0.88724956,2.7657392,0,0,3.1831853
3150,67,6510,930,3tye_XTZ_A_801,0,surfdock,0.52227145,0.88724956,2.5093365,0,0.92288041,4.4937103
3151,67,6524,932,3tyn_CXW_A_800,0,surfdock,0.52227145,0.88724956,3.1820607,0,0,3.9236538
3152,67,6531,933,3tyn_CXW_B_800,0,surfdock,0.52227145,0.88724956,3.1820607,0,0,3.8819488
3153,67,6958,994,3wjz_NUP_A_301,0,surfdock,0.52227145,0.88724956,2.9713111,0,0,3.6776969
3154,67,7147,1021,3zp7_PRE_A_1118,0,surfdock,0.52227145,0.88724956,3.1274726,0,0,3.2090018
3155,67,7672,1096,4cld_JUO_A_1270,0,surfdock,0.52227145,0.88724956,3.5309937,0,0.99589984,3.2011092
3156,67,7679,1097,4cld_JUO_B_1270,0,surfdock,0.52227145,0.88724956,3.5309937,0,0,3.1217085
3157,67,7686,1098,4cld_JUO_C_1270,0,surfdock,0.52227145,0.88724956,3.5309937,0,0,3.221171
3158,67,7924,1132,4d3s_BOG_F_1000,0,surfdock,0.52227145,0.88724956,3.1758003,0,0.96742037,3.6085243
3159,67,7931,1133,4d3s_BOG_H_1000,0,surfdock,0.52227145,0.88724956,3.1725719,0,0.95094108,3.8536142
3160,67,8232,1176,4eip_K2C_A_601,0,surfdock,0.52227145,0.88724956,3.4265239,0,5.6946077e-06,3.5493079
3161,67,8323,1189,4f8n_PC_A_202,0,surfdock,0.52227145,0.88724956,2.206871,0,0.9663152,2.5033255
3162,67,8337,1191,4fh7_TBP_A_202,0,surfdock,0.52227145,0.88724956,2.206871,0,0.02861531,2.2015926
3163,67,8526,1218,4hez_1MZ_A_302,0,surfdock,0.52227145,0.88724956,2.4207716,0,0,1.8859067
3164,67,8533,1219,4hez_1MZ_A_304,0,surfdock,0.52227145,0.88724956,2.4208801,0,0.22115159,1.9759462
3165,67,8540,1220,4hez_1MZ_A_306,0,surfdock,0.52227145,0.88724956,2.4186037,0,0.19139974,1.8470742
3166,67,8617,1231,4i02_CMP_A_302,0,surfdock,0.52227145,0.88724956,3.407872,0,0.87754944,3.3409482
3167,67,8624,1232,4i02_CMP_B_301,0,surfdock,0.52227145,0.88724956,3.6466703,0,0.96012242,3.7914655
3168,67,8645,1235,4i02_CMP_D_302,0,surfdock,0.52227145,0.88724956,3.2917163,0,0.92813279,3.2086554
3169,67,8652,1236,4i02_CMP_F_301,0,surfdock,0.52227145,0.88724956,3.6880391,0,0.52976567,3.8033067
3170,67,8659,1237,4i0b_CMP_A_301,0,surfdock,0.52227145,0.88724956,3.54638,0,0.53440727,3.9218496
3171,67,8666,1238,4i0b_CMP_B_301,0,surfdock,0.52227145,0.88724956,3.5187879,0,0.89837496,3.7810162
3172,67,8680,1240,4i2p_G73_A_601,0,surfdock,0.52227145,0.88724956,3.3071754,0,0.9862799,4.7205472
3173,67,8750,1250,4i6w_1CO_A_501,0,surfdock,0.52227145,0.88724956,3.4336555,0,0.00035806334,2.5693181
3174,67,8757,1251,4i6w_1CO_B_1001,0,surfdock,0.52227145,0.88724956,3.4111466,0,0.98595935,2.5322443
3175,67,8820,1260,4i9n_1E5_F_402,0,surfdock,0.52227145,0.88724956,3.4049151,0,0.93713698,3.6447983
3176,67,8876,1268,4ict_1ED_A_406,0,surfdock,0.52227145,0.88724956,3.4595556,0,0.98235538,3.6894188
3177,67,8890,1270,4iph_1FJ_A_201,0,surfdock,0.52227145,0.88724956,2.7378275,0,0.98293708,3.4917041
3178,68,11949,1707,5fzn_FB2_A_1615,0,surfdock,0.77379887,0.98734956,2.638705,0,0.92541509,2.4091017
3179,68,12579,1797,5j5i_6GM_G_302,0,surfdock,0.76444484,0.98680252,3.392519,0,0.89147907,4.4600209
3180,68,13336,1905,5osf_A9E_A_404,1,unimol,0.66035186,0.94604759,2.9384558,0,0.98273034,23.73
3181,68,1617,231,1lc8_33P_A_800,0,surfdock,0.61737279,0.91719092,2.2050335,0,0,4.0614858
3182,68,9975,1425,4r08_URI_B_901,0,surfdock,0.61737279,0.91719092,3.4639809,0,0.98503086,3.0891067
3183,68,6608,944,3v7u_MTA_A_301,0,surfdock,0.56665084,0.91678063,3.2358837,0,0.14848019,3.1576531
3184,68,4830,690,2o7d_DHC_A_701,0,surfdock,0.52193938,0.88922319,2.9909232,0,0.98973217,2.9650377
3185,68,4837,691,2o7d_DHC_B_701,0,surfdock,0.52193938,0.88922319,2.9909232,0,0.99689158,3.0411967
3186,68,4844,692,2o7d_DHC_E_701,0,surfdock,0.52193938,0.88922319,2.9909232,0,0.99706755,2.8678815
3187,68,4851,693,2o7d_DHC_H_701,0,surfdock,0.52193938,0.88922319,3.0004706,0,0.99861374,6.0677179
3188,68,5838,834,2yi6_6QM_A_1225,0,surfdock,0.52193938,0.88922319,3.0762827,0,0.97225952,5.7750953
3189,68,6461,923,3te7_TE7_A_1,0,surfdock,0.52193938,0.88922319,3.4501717,0,0.97875617,5.9432168
3190,68,7840,1120,4d06_NAR_A_301,0,surfdock,0.52193938,0.88922319,2.2050335,0,0,3.660561
3191,68,7847,1121,4d06_NAR_C_301,0,surfdock,0.52193938,0.88922319,2.2050335,0,0,3.5536592
3192,68,7854,1122,4d06_NAR_D_302,0,surfdock,0.52193938,0.88922319,2.2050335,0,1.0028765e-06,2.7220765
3193,68,7861,1123,4d06_NAR_E_301,0,surfdock,0.52193938,0.88922319,2.2050335,0,0.99419914,3.5008715
3194,68,7868,1124,4d06_NAR_F_301,0,surfdock,0.52193938,0.88922319,2.2050335,0,0.97458134,2.9190977
3195,68,7875,1125,4d06_NAR_F_302,0,surfdock,0.52193938,0.88922319,2.2050335,0,0.9941494,2.0347751
3196,68,7882,1126,4d06_X8W_B_301,0,surfdock,0.52193938,0.88922319,2.2050335,0,0.99502186,3.1881013
3197,68,7889,1127,4d06_X8W_D_303,0,surfdock,0.52193938,0.88922319,3.4645631,0,0.99223868,2.2802877
3198,68,8330,1190,4fa2_SB0_A_402,0,surfdock,0.52193938,0.88922319,2.8908122,0,0,4.4662173
3199,68,8897,1271,4iph_1FJ_A_202,0,surfdock,0.52193938,0.88922319,2.2050335,0,0.0023835989,2.3903207
3200,68,8974,1282,4j7u_YTZ_A_802,0,surfdock,0.52193938,0.88922319,2.2850561,0,0.95283946,3.069864
3201,68,8981,1283,4j7u_YTZ_B_802,0,surfdock,0.52193938,0.88922319,2.2850561,0,0.94858893,2.9762659
3202,68,8995,1285,4j7u_YTZ_D_802,0,surfdock,0.52193938,0.88922319,2.2850561,0,0.99379934,3.0600803
3203,68,9044,1292,4jp3_CIT_A_301,0,surfdock,0.52193938,0.88922319,2.2050335,0,0,2.9394392
3204,68,9128,1304,4kcf_FMN_A_502,0,surfdock,0.52193938,0.88922319,2.2050335,0,0,4.1437172
3205,68,9142,1306,4kqk_PCR_A_403,0,surfdock,0.52193938,0.88922319,2.2148855,0,0.99598812,2.1222956
3206,69,17591,2513,6ypv_AKG_A_302,0,surfdock,0.74940257,0.98554398,3.7938573,0,0.99691914,2.588406
3207,69,14750,2107,6btn_E8M_A_304,1,unimol,0.6608635,0.94529323,2.8229733,0,0,26
3208,69,9968,1424,4r08_URI_A_901,0,surfdock,0.6198566,0.9172376,3.6673245,0,0,3.1465002
3209,69,9982,1426,4r08_URI_D_901,0,surfdock,0.6198566,0.9172376,3.7285841,0,0,3.2569463
3210,69,6468,924,3te7_TE7_B_1,0,surfdock,0.524076,0.89014113,3.3559473,0,0,3.6430426
3211,69,7952,1136,4d5e_TPP_A_1589,0,surfdock,0.524076,0.89014113,2.2048185,0,0.36990274,4.8050634
3212,69,7959,1137,4d5e_TPP_B_1590,0,surfdock,0.524076,0.89014113,2.2048185,0,0,4.6451007
3213,69,7973,1139,4d96_5PA_A_501,0,surfdock,0.524076,0.89014113,4.0448246,0,0,4.1113181
3214,69,7980,1140,4d96_5PA_B_501,0,surfdock,0.524076,0.89014113,3.9945016,0,0,4.2029021
3215,69,7987,1141,4d96_5PA_C_402,0,surfdock,0.524076,0.89014113,3.9945016,0,0,4.1462194
3216,69,8225,1175,4ea0_651_A_306,0,surfdock,0.524076,0.89014113,3.0836239,0,0.82475567,3.6191851
3217,69,8764,1252,4i6y_MEV_A_501,0,surfdock,0.524076,0.89014113,2.2048185,0,0,2.4878581
3218,69,8771,1253,4i6y_MEV_B_1001,0,surfdock,0.524076,0.89014113,2.2048185,0,0.99439308,2.6002915
3219,69,8904,1272,4itu_1HS_A_302,0,surfdock,0.524076,0.89014113,2.2048185,0,7.9335427e-06,4.5421114
3220,69,8911,1273,4itu_1HS_C_302,0,surfdock,0.524076,0.89014113,2.2048185,0,7.119074e-06,2.8060793
3221,69,8918,1274,4itu_1HS_D_302,0,surfdock,0.524076,0.89014113,2.2048185,0,5.1528215e-06,2.9139994
3222,69,8967,1281,4j5h_1K4_A_303,0,surfdock,0.524076,0.89014113,3.4018605,0,0,3.7697567
3223,69,9009,1287,4jb0_FER_A_401,0,surfdock,0.524076,0.89014113,3.7002089,0,0,3.2183945
3224,69,9051,1293,4jwx_1N4_A_301,0,surfdock,0.524076,0.89014113,2.2048185,0,0.99003527,3.0227432
3225,69,9058,1294,4jzx_476_B_402,0,surfdock,0.524076,0.89014113,2.3298266,0,0,3.7939645
3226,69,9065,1295,4jzx_IPE_A_401,0,surfdock,0.524076,0.89014113,2.3425083,0,0,2.9595068
3227,69,9072,1296,4jzx_IPE_B_401,0,surfdock,0.524076,0.89014113,2.3425083,0,0.98659831,3.0483309
3228,69,9149,1307,4kqk_PCR_B_703,0,surfdock,0.524076,0.89014113,3.0826533,0,0.99704905,2.2732172
3229,69,9156,1308,4kqx_HIO_B_401,0,surfdock,0.524076,0.89014113,3.4036682,0,0.80305821,2.7135876
3230,69,9191,1313,4kwk_CSS_A_302,0,surfdock,0.524076,0.89014113,2.7688596,0,0,2.5109496
3231,69,9219,1317,4l80_OXL_A_402,0,surfdock,0.524076,0.89014113,2.7604163,0,0.99550802,2.2808445
3232,69,9226,1318,4l80_OXL_B_402,0,surfdock,0.524076,0.89014113,2.7604163,0,0.98072824,2.1793839
3233,69,9233,1319,4l80_OXL_C_402,0,surfdock,0.524076,0.89014113,2.7604163,0,0.99606764,2.1267748
3234,69,9240,1320,4l80_OXL_D_402,0,surfdock,0.524076,0.89014113,2.7604163,0,0.99482162,2.2723322
3235,69,9247,1321,4l80_OXL_E_402,0,surfdock,0.524076,0.89014113,2.7604163,0,0.99179727,2.1333565
3236,69,9310,1330,4lvb_20N_A_601,0,surfdock,0.524076,0.89014113,2.384357,0,0.99175998,3.2958316
3237,69,9331,1333,4lz7_1YW_C_804,0,surfdock,0.524076,0.89014113,3.9510283,0,0,3.7917553
3238,69,9338,1334,4lz7_GLU_A_802,0,surfdock,0.524076,0.89014113,2.2048185,0,0,2.614759
3239,69,9387,1341,4mig_G3F_A_802,0,surfdock,0.524076,0.89014113,2.847888,0,0.95445049,2.6523262
3240,69,9394,1342,4mig_G3F_B_802,0,surfdock,0.524076,0.89014113,2.8271127,0,0.98360732,2.739972
3241,69,9401,1343,4mig_G3F_C_802,0,surfdock,0.524076,0.89014113,2.910893,0,0.95042455,2.8007799
3242,69,9408,1344,4mig_G3F_D_802,0,surfdock,0.524076,0.89014113,2.8757648,0,0.96683168,2.7636333
3243,69,9415,1345,4mol_2FG_A_802,0,surfdock,0.524076,0.89014113,3.7750449,0,0,2.8034945
3244,69,9422,1346,4mol_2FG_B_802,0,surfdock,0.524076,0.89014113,3.7750449,0,0.0084512268,5.714799
3245,69,9429,1347,4mol_2FG_C_703,0,surfdock,0.524076,0.89014113,3.7750449,0,0.0074979064,2.7600281
3246,69,9520,1360,4n4j_HG1_A_606,0,surfdock,0.524076,0.89014113,2.4347336,0,0.5819457,3.3646501
3247,69,9562,1366,4n9v_AZA_A_402,0,surfdock,0.524076,0.89014113,3.3763056,0,0,1.9147094
3248,69,9569,1367,4n9v_AZA_A_403,0,surfdock,0.524076,0.89014113,3.3573911,0,0,2.1034608
3249,69,9604,1372,4nir_6DH_B_306,0,surfdock,0.524076,0.89014113,2.5663776,0,1.003211e-05,2.758865
3250,69,9639,1377,4np7_DPJ_A_403,0,surfdock,0.524076,0.89014113,3.1822147,0,0,2.4104806
3251,69,9758,1394,4p7q_NAG_A_703,0,surfdock,0.524076,0.89014113,2.2048185,0,0.084504057,2.6983645
3252,69,9765,1395,4p7q_NAG_A_706,0,surfdock,0.524076,0.89014113,2.2048185,0,0.11122306,2.8605044
3253,69,9828,1404,4pik_MAN_A_502,0,surfdock,0.524076,0.89014113,3.0396881,0,0.9902741,2.4330103
3254,69,9835,1405,4pik_MAN_B_503,0,surfdock,0.524076,0.89014113,3.0601234,0,0,2.4944872
3255,69,9842,1406,4pik_MAN_C_503,0,surfdock,0.524076,0.89014113,3.0738051,0,0.76768728,2.5434219
3256,70,13335,1905,5osf_A9E_A_404,0,surfdock,0.76249592,0.98460058,3.4124436,0,0.94604718,2.9091523
3257,70,11179,1597,5awd_IDQ_A_901,0,surfdock,0.61563609,0.91688437,3.8746207,0,5.1274426e-06,3.8297529
3258,70,3129,447,1x2a_PDG_A_413,0,surfdock,0.52040675,0.89158532,3.7382009,0,0.8805022,4.4378362
3259,70,3136,448,1x2a_PDG_B_1413,0,surfdock,0.52040675,0.89158532,3.8775394,0,0.33942192,4.4028575
3260,70,7574,1082,4can_M7K_A_800,0,surfdock,0.52040675,0.89158532,4.0473967,0,0,3.1265138
3261,70,7595,1085,4cdt_M48_A_801,0,surfdock,0.52040675,0.89158532,3.7606826,0,0.035791247,3.2243036
3262,70,7602,1086,4cdt_M48_B_801,0,surfdock,0.52040675,0.89158532,3.656769,0,0,3.1273897
3263,70,7826,1118,4cx6_Q16_A_800,0,surfdock,0.52040675,0.89158532,3.201968,0,0,3.6778309
3264,70,7833,1119,4cx6_Q16_B_800,0,surfdock,0.52040675,0.89158532,3.1485844,0,1.7980389e-11,3.5666788
3265,70,8596,1228,4hzf_CMP_A_301,0,surfdock,0.52040675,0.89158532,2.2864811,0,0.48825785,3.9607236
3266,70,8603,1229,4hzf_CMP_B_301,0,surfdock,0.52040675,0.89158532,2.3321784,0,0,3.9120259
3267,70,8610,1230,4i02_CMP_A_301,0,surfdock,0.52040675,0.89158532,2.9916997,0,0,3.7797818
3268,70,8841,1263,4i9n_1E6_A_401,0,surfdock,0.52040675,0.89158532,2.6019373,0,0.99021964,4.1110327
3269,70,8848,1264,4i9n_1E6_B_401,0,surfdock,0.52040675,0.89158532,2.5957196,0,0.89919613,4.0501311
3270,70,8855,1265,4i9n_1E6_C_401,0,surfdock,0.52040675,0.89158532,2.5808415,0,0.97730695,4.0444522
3271,70,8862,1266,4i9n_1E6_D_401,0,surfdock,0.52040675,0.89158532,2.5944772,0,0.94817512,4.0885962
3272,70,8869,1267,4i9n_1E6_H_401,0,surfdock,0.52040675,0.89158532,2.5982049,0,0.7574588,3.946664
3273,70,9079,1297,4k5g_Q13_A_803,0,surfdock,0.52040675,0.89158532,3.6303527,0,0.021061927,3.7725091
3274,70,9135,1305,4kp7_1UQ_A_503,0,surfdock,0.52040675,0.89158532,2.4377093,0,0,3.4967209
3275,70,9261,1323,4l91_X29_A_301,0,surfdock,0.52040675,0.89158532,3.4192338,0,0.99558306,3.5630032
3276,70,9289,1327,4lol_1YE_A_401,0,surfdock,0.52040675,0.89158532,2.9085109,0,0.99795073,3.5440466
3277,70,9296,1328,4lol_1YE_A_402,0,surfdock,0.52040675,0.89158532,2.908926,0,0.99567078,3.7242259
3278,70,9352,1336,4m54_AE5_A_403,0,surfdock,0.52040675,0.89158532,3.5389969,0,5.927046e-05,3.234894
3279,70,9541,1363,4n5p_2H0_E_412,0,surfdock,0.52040675,0.89158532,2.4736586,0,0.99056021,3.8310382
3280,70,9576,1368,4ndn_PPK_A_406,0,surfdock,0.52040675,0.89158532,3.6021478,0,0.90226474,2.9205422
3281,70,9583,1369,4ndn_PPK_C_404,0,surfdock,0.52040675,0.89158532,3.6021478,0,0,2.875802
3282,70,9660,1380,4nv0_MG7_A_403,0,surfdock,0.52040675,0.89158532,2.2019939,0,0.97470418,3.6302198
3283,70,9667,1381,4nv0_MG7_B_402,0,surfdock,0.52040675,0.89158532,2.2019939,0,7.2887944e-06,3.7498912
3284,70,9709,1387,4ocu_NDG_A_401,0,surfdock,0.52040675,0.89158532,3.4212286,0,0,3.0004684
3285,70,9716,1388,4ovl_1TD_A_308,0,surfdock,0.52040675,0.89158532,2.5983782,0,0.99390769,3.2184385
3286,70,9723,1389,4ovl_1TD_B_308,0,surfdock,0.52040675,0.89158532,2.6360095,0,0.9966803,3.2428858
3287,70,9779,1397,4p8c_Y22_A_502,0,surfdock,0.52040675,0.89158532,3.072367,0,0.99552788,4.3281265
3288,70,9786,1398,4p8c_Y22_B_502,0,surfdock,0.52040675,0.89158532,3.1207018,0,0,4.4290013
3289,70,9849,1407,4pik_MAN_D_503,0,surfdock,0.52040675,0.89158532,2.678252,0,0,2.4570805
3290,70,9856,1408,4ptx_BGC_A_501,0,surfdock,0.52040675,0.89158532,3.2076495,0,0.99132429,2.5461298
3291,70,9863,1409,4ptx_BGC_B_501,0,surfdock,0.52040675,0.89158532,3.2076495,0,0.9378411,2.6319813
3292,70,9884,1412,4q3a_2YC_A_904,0,surfdock,0.52040675,0.89158532,3.7899528,0,0.86737563,3.3779044
3293,70,9891,1413,4q3a_2YC_B_904,0,surfdock,0.52040675,0.89158532,3.7899528,0,0,3.3306655
3294,70,9905,1415,4q3a_2YC_D_904,0,surfdock,0.52040675,0.89158532,3.8490846,0,0.95388296,3.490207
3295,70,9912,1416,4q40_VAL_B_403,0,surfdock,0.52040675,0.89158532,2.2019939,0,0,2.2673138
3296,70,9919,1417,4q40_VAL_C_404,0,surfdock,0.52040675,0.89158532,2.2019939,0,0,2.1403937
3297,70,9947,1421,4qpe_37E_A_901,0,surfdock,0.52040675,0.89158532,2.2019939,0,0.99374267,3.0125852
3298,70,9989,1427,4r2n_PHE_C_402,0,surfdock,0.52040675,0.89158532,2.2019939,0,0.00085510106,2.7768792
3299,70,10003,1429,4r2n_PLP_A_401,0,surfdock,0.52040675,0.89158532,2.2019939,0,0,4.3457625
3300,70,10010,1430,4r2n_PLP_B_401,0,surfdock,0.52040675,0.89158532,2.2019939,0,0.9848017,4.4674227
3301,70,10017,1431,4r3n_3GQ_B_404,0,surfdock,0.52040675,0.89158532,3.726824,0,0.86026705,2.7528801
3302,70,10031,1433,4rii_TYD_A_401,0,surfdock,0.52040675,0.89158532,2.2019939,0,0,4.1710492
3303,70,10038,1434,4rje_PYR_A_402,0,surfdock,0.52040675,0.89158532,2.7859313,0,0.74839893,2.16723
3304,70,10045,1435,4rje_PYR_B_402,0,surfdock,0.52040675,0.89158532,2.7735169,0,0.99591366,2.0832032
3305,70,10052,1436,4rje_PYR_C_402,0,surfdock,0.52040675,0.89158532,2.7638893,0,0,2.143351
3306,71,17305,2472,6uxr_K6G_B_202,1,unimol,0.65963417,0.94136313,2.9994063,0,0.89948728,39.38
3307,71,14749,2107,6btn_E8M_A_304,0,surfdock,0.61462887,0.91690811,3.4152622,0,0,3.943499
3308,71,9198,1314,4l1x_STR_A_402,0,surfdock,0.51960861,0.89300497,3.2878098,0,0.98821587,3.5815556
3309,71,9275,1325,4lek_1DN_X_202,0,surfdock,0.51960861,0.89300497,2.2009525,0,0,4.3608922
3310,71,9345,1335,4m2c_DAR_C_402,0,surfdock,0.51960861,0.89300497,2.2009525,0,0.97985841,2.9672316
3311,71,9877,1411,4pxd_1AL_B_502,0,surfdock,0.51960861,0.89300497,2.2009525,0,0,2.8896503
3312,71,10059,1437,4rje_PYR_D_402,0,surfdock,0.51960861,0.89300497,2.2009525,0,0,2.1047124
3313,71,10094,1442,4rp9_ASC_A_501,0,surfdock,0.51960861,0.89300497,2.2009525,0,0,2.7991588
3314,71,10115,1445,4rvg_TYD_A_502,0,surfdock,0.51960861,0.89300497,2.9823005,0,0.9743768,4.0090917
3315,71,10227,1461,4uc9_ASP_A_1300,0,surfdock,0.51960861,0.89300497,2.2918561,0,0,2.8285685
3316,71,10234,1462,4uc9_ASP_B_1300,0,surfdock,0.51960861,0.89300497,2.628829,0,0,3.2400434
3317,71,10241,1463,4uc9_ASP_C_1300,0,surfdock,0.51960861,0.89300497,2.3059714,0,0.70422773,3.043848
3318,71,10248,1464,4uc9_ASP_D_1300,0,surfdock,0.51960861,0.89300497,2.5527887,0,0,3.2232385
3319,71,10276,1468,4udc_DEX_A_1778,0,surfdock,0.51960861,0.89300497,3.228436,0,0.99319767,4.4621984
3320,71,10297,1471,4ug7_1EV_A_904,0,surfdock,0.51960861,0.89300497,3.469151,0,0.96100584,3.9405823
3321,71,10318,1474,4umd_CIT_A_1174,0,surfdock,0.51960861,0.89300497,2.2009525,0,0.75898469,2.7259299
3322,71,10325,1475,4uoc_NCN_A_400,0,surfdock,0.51960861,0.89300497,2.2009525,0,0.88952884,3.8517679
3323,71,10332,1476,4uoc_NCN_B_400,0,surfdock,0.51960861,0.89300497,2.2009525,0,0,3.7150079
3324,71,10402,1486,4v2z_Y70_A_151,0,surfdock,0.51960861,0.89300497,2.7808831,0,0.99272155,3.288723
3325,71,10409,1487,4v2z_Y70_B_151,0,surfdock,0.51960861,0.89300497,2.7908304,0,0.99349922,3.0837612
3326,71,10416,1488,4v2z_Y70_C_151,0,surfdock,0.51960861,0.89300497,2.8527863,0,0.98637397,3.0342082
3327,71,10458,1494,4wdx_WDX_B_402,0,surfdock,0.51960861,0.89300497,3.0161052,0,0,3.6555675
3328,71,10507,1501,4wxb_CIT_B_501,0,surfdock,0.51960861,0.89300497,2.9812145,0,0.90996692,2.9353589
3329,71,10514,1502,4x2f_3WJ_A_601,0,surfdock,0.51960861,0.89300497,2.2009525,0,0.99857514,3.2307962
3330,71,10542,1506,4x3j_3WR_A_1201,0,surfdock,0.51960861,0.89300497,2.577472,0,0.98624027,4.8412606
3331,71,10549,1507,4xf0_CYS_A_502,0,surfdock,0.51960861,0.89300497,2.2009525,0,0.99501274,2.3204556
3332,71,10556,1508,4xfh_CYS_A_502,0,surfdock,0.51960861,0.89300497,2.231123,0,0,2.3085011
3333,71,10633,1519,4y14_C0A_B_404,0,surfdock,0.51960861,0.89300497,3.4258122,0,0.97211292,3.7984939
3334,71,10661,1523,4ynu_LGC_A_603,0,surfdock,0.51960861,0.89300497,3.3011656,0,0.003144213,2.1836065
3335,71,10696,1528,4ywb_OXD_C_704,0,surfdock,0.51960861,0.89300497,2.2009525,0,0.9971287,2.1501865
3336,71,10717,1531,4z2w_AKG_A_401,0,surfdock,0.51960861,0.89300497,2.3215775,0,0.99517206,2.5862603
3337,71,10738,1534,4za7_4LV_A_606,0,surfdock,0.51960861,0.89300497,2.2009525,0,0.98510271,1.947083
3338,71,10745,1535,4zb2_FRU_A_404,0,surfdock,0.51960861,0.89300497,3.4387064,0,0,2.3885343
3339,71,10759,1537,4zbc_FRU_A_409,0,surfdock,0.51960861,0.89300497,2.9871879,0,0.99597874,2.616858
3340,71,10766,1538,4zbc_FRU_A_410,0,surfdock,0.51960861,0.89300497,3.0924606,0,0.007092705,2.5952144
3341,71,10773,1539,4zbc_FRU_B_409,0,surfdock,0.51960861,0.89300497,3.4207017,0,0,2.3226248
3342,71,10836,1548,4zjz_BEZ_A_1001,0,surfdock,0.51960861,0.89300497,3.0230641,0,0.99225216,2.4889091
3343,71,10843,1549,4zo7_BGC_A_801,0,surfdock,0.51960861,0.89300497,2.2009525,0,0,2.3312382
3344,71,10850,1550,4zo7_BGC_A_802,0,surfdock,0.51960861,0.89300497,2.2009525,0,0.9834413,2.4563068
3345,71,10864,1552,4zo7_GLC_A_806,0,surfdock,0.51960861,0.89300497,2.2009525,0,0.99400109,2.7212385
3346,71,10871,1553,4zqp_IMP_A_601,0,surfdock,0.51960861,0.89300497,3.3333509,0,0.99112463,3.9814826
3347,71,10955,1565,5a02_GOL_A_1341,0,surfdock,0.51960861,0.89300497,2.2009525,0,0.9922155,2.1168342
3348,71,10962,1566,5a02_GOL_C_1341,0,surfdock,0.51960861,0.89300497,2.2009525,0,0.99558525,2.1927317
3349,71,10969,1567,5a02_GOL_D_1341,0,surfdock,0.51960861,0.89300497,2.2009525,0,0.99496701,2.1384999
3350,71,10976,1568,5a02_GOL_E_1341,0,surfdock,0.51960861,0.89300497,2.2009525,0,0.99371558,2.0697913
3351,71,10983,1569,5a02_GOL_F_1342,0,surfdock,0.51960861,0.89300497,2.2009525,0,0.99547269,2.0625073
3352,71,10990,1570,5a2r_MLT_A_1615,0,surfdock,0.51960861,0.89300497,3.381897,0,0,2.4027936
3353,71,11011,1573,5a7p_6Z1_A_1361,0,surfdock,0.51960861,0.89300497,2.2923274,0,0.92192178,3.9367071
3354,71,11018,1574,5a7p_6Z1_B_1361,0,surfdock,0.51960861,0.89300497,2.2846739,0,0.9926639,3.7124536
3355,71,11025,1575,5a86_D7E_A_1433,0,surfdock,0.51960861,0.89300497,2.9379604,0,0.98957987,4.4317822
3356,72,11886,1698,5fli_QUE_H_301,0,surfdock,0.76574044,0.98144815,3.3204451,0,0,3.7948451
3357,72,4186,598,2fhk_MFN_A_600,0,surfdock,0.52249774,0.89439983,2.6751878,0,0,4.7241905
3358,72,4193,599,2fhk_MFN_B_602,0,surfdock,0.52249774,0.89439983,2.6178341,0,0,4.7510751
3359,72,6412,916,3sjh_LAR_A_503,0,surfdock,0.52249774,0.89439983,3.2679389,0,0,4.2261876
3360,72,7399,1057,4b1y_LAB_B_1376,0,surfdock,0.52249774,0.89439983,2.1923487,0,0.0017843648,3.8895003
3361,72,9702,1386,4ocj_NDG_A_401,0,surfdock,0.52249774,0.89439983,2.8475921,0,0,3.1486
3362,72,10129,1447,4tq4_DMA_A_403,0,surfdock,0.52249774,0.89439983,2.1923487,0,0.95627539,2.8681384
3363,72,10136,1448,4tq4_DMA_B_403,0,surfdock,0.52249774,0.89439983,2.1923487,0,0,3.0358262
3364,72,10143,1449,4tq4_DMA_D_403,0,surfdock,0.52249774,0.89439983,2.1923487,0,0.9842704,3.1070621
3365,72,10290,1470,4ug6_XFJ_A_904,0,surfdock,0.52249774,0.89439983,3.2172549,0,0.038658154,3.4637802
3366,72,10304,1472,4ugf_Q16_A_904,0,surfdock,0.52249774,0.89439983,2.5471907,0,0,3.6510887
3367,72,10353,1479,4uqs_INE_A_904,0,surfdock,0.52249774,0.89439983,2.4290786,0,0.99602178,3.1618414
3368,72,10570,1510,4xp2_TT4_A_401,0,surfdock,0.52249774,0.89439983,2.1923487,0,0,2.4336346
3369,72,10668,1524,4ysx_MLI_A_701,0,surfdock,0.52249774,0.89439983,3.1016695,0,0.99129179,2.237314
3370,72,10703,1529,4z1d_PEP_A_300,0,surfdock,0.52249774,0.89439983,2.2989433,0,0.82637592,2.4927393
3371,72,10710,1530,4z1d_PEP_B_300,0,surfdock,0.52249774,0.89439983,2.2989433,0,0.88488139,2.5682189
3372,72,10752,1536,4zb2_GLC_A_403,0,surfdock,0.52249774,0.89439983,2.4013236,0,0,2.5985373
3373,72,10787,1541,4zbc_GLC_A_408,0,surfdock,0.52249774,0.89439983,2.1923487,0,0.087158684,2.2649568
3374,72,10794,1542,4zbc_GLC_B_406,0,surfdock,0.52249774,0.89439983,2.4327595,0,0,2.7070757
3375,72,10815,1545,4zhd_4OZ_A_202,0,surfdock,0.52249774,0.89439983,3.2031949,0,0,4.200166
3376,72,10822,1546,4zhd_4OZ_B_202,0,surfdock,0.52249774,0.89439983,3.2284334,0,0.017621969,3.2836428
3377,72,11088,1584,5adi_TUE_A_800,0,surfdock,0.52249774,0.89439983,2.2612422,0,0.99028658,3.311625
3378,72,11095,1585,5adi_TUE_B_800,0,surfdock,0.52249774,0.89439983,2.2612422,0,0,2.9844704
3379,72,11102,1586,5aew_BNL_C_462,0,surfdock,0.52249774,0.89439983,2.1923487,0,0,2.7472478
3380,72,11123,1589,5agl_CCW_A_800,0,surfdock,0.52249774,0.89439983,2.1923487,0,0.92788286,3.3183287
3381,72,11130,1590,5agl_CCW_B_800,0,surfdock,0.52249774,0.89439983,2.1923487,0,0.82902421,3.176015
3382,72,11137,1591,5agn_4JK_A_800,0,surfdock,0.52249774,0.89439983,2.6658168,0,0,3.0282708
3383,72,11186,1598,5b4o_6DQ_A_201,0,surfdock,0.52249774,0.89439983,2.1923487,0,3.9933693e-06,2.9824868
3384,73,7420,1060,4b98_PXG_A_470,0,surfdock,0.73257,0.97967818,2.705302,0,0,4.502666
3385,73,15821,2260,6l8a_BAL_C_504,1,unimol,0.65980325,0.93847968,3.599052,0,0.9793028,26.49
3386,73,15828,2261,6l8a_BAL_D_507,1,unimol,0.65980325,0.93847968,3.6940753,0,0.9740703,29.06
3387,73,7434,1062,4b98_PXG_C_470,0,surfdock,0.61427619,0.91656263,2.6630485,0,0,4.3627894
3388,73,7441,1063,4b98_PXG_D_470,0,surfdock,0.61427619,0.91656263,2.6630485,0,0.99305579,4.3619536
3389,73,10066,1438,4rkz_3S4_A_402,0,surfdock,0.51929144,0.89520044,2.1926484,0,0.98471835,3.009112
3390,73,10073,1439,4rkz_3S4_B_401,0,surfdock,0.51929144,0.89520044,2.1926484,0,0,3.0362343
3391,73,10164,1452,4tsk_TLA_A_404,0,surfdock,0.51929144,0.89520044,2.8867707,0,0,2.4077408
3392,73,10220,1460,4ubp_HAE_C_800,0,surfdock,0.51929144,0.89520044,3.4854069,0,0,1.9863715
3393,73,10255,1465,4uch_OLW_A_800,0,surfdock,0.51929144,0.89520044,3.2776792,0,0,3.5915554
3394,73,10262,1466,4uch_OLW_B_800,0,surfdock,0.51929144,0.89520044,3.5562546,0,0,3.3878982
3395,73,10283,1469,4ug6_H4B_A_902,0,surfdock,0.51929144,0.89520044,3.3707039,0,0.4849042,6.3408618
3396,73,10619,1517,4xzh_48I_A_402,0,surfdock,0.51929144,0.89520044,3.4116273,0,0.99561665,3.9394605
3397,73,11032,1576,5a86_D7E_B_1432,0,surfdock,0.51929144,0.89520044,2.9854991,0,0,4.5542455
3398,73,11053,1579,5a8k_TP7_A_558,0,surfdock,0.51929144,0.89520044,2.8708487,0,0,2.9580491
3399,73,11060,1580,5a8k_TP7_D_554,0,surfdock,0.51929144,0.89520044,2.9518635,0,0,4.0888127
3400,73,11193,1599,5b4o_6DQ_C_201,0,surfdock,0.51929144,0.89520044,2.1926484,0,1.2912694e-06,3.0408666
3401,73,11228,1604,5bwd_FUM_A_901,0,surfdock,0.51929144,0.89520044,2.1926484,0,0.025442201,2.1630365
3402,73,11242,1606,5c38_DA8_A_403,0,surfdock,0.51929144,0.89520044,2.9758754,0,0.8342698,3.9401416
3403,73,11410,1630,5dav_58J_A_402,0,surfdock,0.51929144,0.89520044,2.8491538,0,0,3.6022738
3404,73,11417,1631,5ddu_PMP_D_601,0,surfdock,0.51929144,0.89520044,2.1926484,0,0.99385418,3.3943615
3405,73,11424,1632,5del_D59_A_603,0,surfdock,0.51929144,0.89520044,2.2118042,0,0.54678837,3.8634853
3406,73,11431,1633,5del_ORO_A_602,0,surfdock,0.51929144,0.89520044,2.1926484,0,0,4.5414193
3407,73,11522,1646,5dz2_212_A_404,0,surfdock,0.51929144,0.89520044,2.1926484,0,0.98873409,3.002972
3408,73,11529,1647,5dz2_212_B_404,0,surfdock,0.51929144,0.89520044,2.1926484,0,0.99036767,2.9933616
3409,73,11550,1650,5e4o_L57_B_201,0,surfdock,0.51929144,0.89520044,2.4818006,0,0.98319123,3.2732575
3410,73,11571,1653,5edh_5MF_B_803,0,surfdock,0.51929144,0.89520044,3.6396177,0,0,5.8360661
3411,73,11578,1654,5edh_5MF_C_803,0,surfdock,0.51929144,0.89520044,3.6738589,0,0.98998004,3.9792925
3412,73,11585,1655,5edh_5MF_D_803,0,surfdock,0.51929144,0.89520044,3.6787713,0,0,4.0315676
3413,73,11592,1656,5eo7_SFU_A_401,0,surfdock,0.51929144,0.89520044,2.4640872,0,0,1.684788
3414,73,11599,1657,5eo7_SFU_A_402,0,surfdock,0.51929144,0.89520044,2.5745161,0,0,3.0833849
3415,73,11606,1658,5eo7_SFU_A_403,0,surfdock,0.51929144,0.89520044,2.4668753,0,0.01341422,2.54309
3416,73,11620,1660,5eo7_SFU_B_402,0,surfdock,0.51929144,0.89520044,2.5745161,0,0.97909445,2.5528808
3417,73,11627,1661,5eo7_SFU_B_403,0,surfdock,0.51929144,0.89520044,2.4668753,0,0,2.439579
3418,73,11634,1662,5eo7_SFU_B_405,0,surfdock,0.51929144,0.89520044,2.5259545,0,0,2.4287783
3419,73,11641,1663,5eo7_SFU_C_401,0,surfdock,0.51929144,0.89520044,2.4892642,0,0.84803217,2.5149213
3420,73,11648,1664,5eo7_SFU_C_402,0,surfdock,0.51929144,0.89520044,2.5487244,0,0,2.4691404
3421,73,11655,1665,5eo7_SFU_C_404,0,surfdock,0.51929144,0.89520044,2.5373216,0,0.96825835,2.5507333
3422,73,11662,1666,5eo8_TFU_A_401,0,surfdock,0.51929144,0.89520044,2.1926484,0,0,2.5112327
3423,73,11669,1667,5eo8_TFU_A_403,0,surfdock,0.51929144,0.89520044,2.1926484,0,0.9876577,2.5016119
3424,73,11676,1668,5eo8_TFU_A_404,0,surfdock,0.51929144,0.89520044,2.1926484,0,0,2.5585632
3425,73,11683,1669,5eo8_TFU_A_405,0,surfdock,0.51929144,0.89520044,2.1926484,0,0,2.5782269
3426,73,11690,1670,5eo8_TFU_A_406,0,surfdock,0.51929144,0.89520044,2.1926484,0,0.89876625,2.5101829
3427,73,11697,1671,5eso_ISC_A_602,0,surfdock,0.51929144,0.89520044,2.5625186,0,0.98798575,2.9272267
3428,73,11704,1672,5ew8_5SF_A_803,0,surfdock,0.51929144,0.89520044,3.6082592,0,0.98966429,4.8057504
3429,73,11711,1673,5ew8_5SF_B_802,0,surfdock,0.51929144,0.89520044,3.6082592,0,0.9519242,4.7232337
3430,73,11725,1675,5ezp_IPJ_A_201,0,surfdock,0.51929144,0.89520044,2.1926484,0,0.98673532,3.23014
3431,73,11732,1676,5ezp_IPJ_F_201,0,surfdock,0.51929144,0.89520044,2.1926484,0,0.99677704,3.0068165
3432,73,11739,1677,5ezp_IPJ_G_202,0,surfdock,0.51929144,0.89520044,2.1926484,0,0.99217538,3.1444464
3433,73,11746,1678,5f35_FLC_A_302,0,surfdock,0.51929144,0.89520044,3.3115075,0,0.97670893,2.9875088
3434,74,4439,634,2hs3_FGR_A_2166,1,unimol,0.80454751,0.98211303,2.7377625,0,0,21.67
3435,74,6293,899,3rgz_BLD_A_800,0,surfdock,0.61213793,0.91641147,2.3198674,0,0.025871044,4.6754073
3436,74,10374,1482,4ur9_OAN_B_1718,0,surfdock,0.51769949,0.89668012,3.3806868,0,0.89753483,3.9499942
3437,74,10423,1489,4v3w_E2Z_A_800,0,surfdock,0.51769949,0.89668012,2.965498,0,0.0007964011,3.4884212
3438,74,10899,1557,4zu3_4SD_A_301,0,surfdock,0.51769949,0.89668012,2.1926198,0,0.9567195,5.6027616
3439,74,10906,1558,4zu3_4SD_B_301,0,surfdock,0.51769949,0.89668012,2.1926198,0,0.93852138,2.4540769
3440,74,10913,1559,4zu3_4SD_C_301,0,surfdock,0.51769949,0.89668012,2.1926198,0,0.030118337,2.4367526
3441,74,10920,1560,4zu3_4SD_F_301,0,surfdock,0.51769949,0.89668012,2.1926198,0,0.98242217,2.588405
3442,74,10927,1561,4zvv_GN0_A_405,0,surfdock,0.51769949,0.89668012,2.9273331,0,0.40960682,4.2341449
3443,74,10934,1562,4zvv_GN0_B_404,0,surfdock,0.51769949,0.89668012,2.9203825,0,0.81865592,4.3992568
3444,74,11074,1582,5abz_Z47_B_201,0,surfdock,0.51769949,0.89668012,3.2332602,0,0.18177379,3.5620317
3445,74,11200,1600,5b4u_MLA_A_302,0,surfdock,0.51769949,0.89668012,2.1926198,0,0,2.2741432
3446,74,11207,1601,5bk9_SIN_A_301,0,surfdock,0.51769949,0.89668012,2.1926198,0,0.99492289,2.5050132
3447,74,11347,1621,5cjn_52F_A_809,0,surfdock,0.51769949,0.89668012,3.3666584,0,0.99020367,3.4173138
3448,74,11382,1626,5cyf_FLC_A_301,0,surfdock,0.51769949,0.89668012,2.1926198,0,0.98374886,2.761616
3449,74,11389,1627,5cyf_FLC_C_301,0,surfdock,0.51769949,0.89668012,2.1926198,0,0.99120391,2.8115804
3450,74,11767,1681,5fal_SKT_A_502,0,surfdock,0.51769949,0.89668012,3.5262711,0,0,6.9604075
3451,74,11788,1684,5fc5_PC_A_516,0,surfdock,0.51769949,0.89668012,2.1926198,0,0.98828868,2.5597863
3452,74,11830,1690,5fh3_OXL_A_703,0,surfdock,0.51769949,0.89668012,2.9555733,0,0.99741032,1.518635
3453,74,11851,1693,5fkl_TDC_A_222,0,surfdock,0.51769949,0.89668012,2.7537706,0,0,4.3808355
3454,74,11963,1709,5g09_6DF_A_1475,0,surfdock,0.51769949,0.89668012,3.148581,0,0,4.2912402
3455,74,11970,1710,5g09_6DF_B_1474,0,surfdock,0.51769949,0.89668012,3.2666748,0,0.98969785,4.1698878
3456,74,11977,1711,5g09_6DF_D_1476,0,surfdock,0.51769949,0.89668012,3.1766112,0,0.9898245,4.1086181
3457,74,12012,1716,5g4r_LF1_A_1739,0,surfdock,0.51769949,0.89668012,3.5953565,0,0.93962611,4.6108603
3458,74,12040,1720,5gnx_BGC_A_502,0,surfdock,0.51769949,0.89668012,2.1926198,0,0,2.6222036
3459,74,12061,1723,5gri_CIT_B_401,0,surfdock,0.51769949,0.89668012,2.1926198,0,0.71560247,2.082705
3460,74,12124,1732,5gzz_JAA_A_601,0,surfdock,0.51769949,0.89668012,2.1926198,0,0,3.2524495
3461,74,12138,1734,5h5k_C5P_A_206,0,surfdock,0.51769949,0.89668012,2.1926198,0,0,3.4938675
3462,74,12145,1735,5h5k_C5P_B_203,0,surfdock,0.51769949,0.89668012,2.1926198,0,0.98619093,3.5220093
3463,74,12152,1736,5h8f_GLU_A_302,0,surfdock,0.51769949,0.89668012,2.1926198,0,0,2.5196882
3464,74,12166,1738,5h8q_GLU_A_302,0,surfdock,0.51769949,0.89668012,2.1926198,0,0,2.4761161
3465,74,12194,1742,5hfa_FP1_A_607,0,surfdock,0.51769949,0.89668012,2.3714864,0,0.00070349745,2.5721982
3466,74,12292,1756,5i5s_NVU_A_402,0,surfdock,0.51769949,0.89668012,3.2689488,0,0.96649614,2.7234169
3467,74,12299,1757,5i5s_NVU_B_402,0,surfdock,0.51769949,0.89668012,3.2689488,0,0.99564549,5.8898586
3468,74,12334,1762,5i93_69O_A_202,0,surfdock,0.51769949,0.89668012,3.0776186,0,0.67255295,2.5826563
3469,74,12341,1763,5i95_AKG_A_508,0,surfdock,0.51769949,0.89668012,3.5086732,0,0.8047017,2.3807424
3470,74,12369,1767,5iav_MLI_A_302,0,surfdock,0.51769949,0.89668012,3.6319804,0,0.98892606,2.3652326
3471,74,12390,1770,5ihe_D5M_B_701,0,surfdock,0.51769949,0.89668012,2.1926198,0,0.56347226,3.4068162
3472,74,12432,1776,5ioq_DUR_B_302,0,surfdock,0.51769949,0.89668012,2.1926198,0,0.00010326938,3.0360627
3473,74,12439,1777,5ioq_DUR_B_303,0,surfdock,0.51769949,0.89668012,2.1926198,0,0.94775038,2.9530363
3474,74,12446,1778,5ioq_DUR_C_302,0,surfdock,0.51769949,0.89668012,2.1926198,0,0.76390532,3.0442516
3475,74,12453,1779,5ioq_DUR_D_302,0,surfdock,0.51769949,0.89668012,2.1926198,0,0,2.9342029
3476,74,12474,1782,5irw_D9P_B_202,0,surfdock,0.51769949,0.89668012,2.1926198,0,0.92073588,3.5065143
3477,74,12481,1783,5ita_6DC_A_801,0,surfdock,0.51769949,0.89668012,3.5486336,0,0.97928989,4.5431021
3478,74,12649,1807,5j6y_GLC_A_309,0,surfdock,0.51769949,0.89668012,2.1926198,0,0,2.4469272
3479,74,12677,1811,5je5_AZ9_A_302,0,surfdock,0.51769949,0.89668012,3.2852178,0,0.00041595415,2.7133573
3480,74,12719,1817,5jg5_EVF_B_302,0,surfdock,0.51769949,0.89668012,3.6379704,0,0,2.3962052
3481,74,12761,1823,5jp9_DCM_B_401,0,surfdock,0.51769949,0.89668012,2.925034,0,0.9815708,3.5409343
3482,74,12782,1826,5kas_PC_A_517,0,surfdock,0.51769949,0.89668012,3.4796562,0,0,2.8016502
3483,74,12789,1827,5kcj_GLU_A_302,0,surfdock,0.51769949,0.89668012,2.1926198,0,0,2.5323555
3484,75,17304,2472,6uxr_K6G_B_202,0,surfdock,0.68968577,0.95523118,2.1926484,0,0,3.0856607
3485,75,7259,1037,4a8p_PAO_A_1340,0,surfdock,0.51773581,0.89813521,2.295429,0,0.98902869,3.4000536
3486,75,7266,1038,4a8p_PAO_B_1340,0,surfdock,0.51773581,0.89813521,2.295429,0,0.98914774,3.270282
3487,75,7273,1039,4a8p_PAO_C_1340,0,surfdock,0.51773581,0.89813521,2.295429,0,0,3.2840949
3488,75,7280,1040,4a8p_PAO_D_1340,0,surfdock,0.51773581,0.89813521,2.19573,0,0.88022415,3.155383
3489,75,7287,1041,4a8p_PAO_E_1338,0,surfdock,0.51773581,0.89813521,2.295429,0,0.96495038,3.2936178
3490,75,7294,1042,4a8p_PAO_F_1340,0,surfdock,0.51773581,0.89813521,2.1926484,0,0,3.2253182
3491,75,11249,1607,5c4i_TPP_F_402,0,surfdock,0.51773581,0.89813521,2.9689088,0,0.12796442,4.6679064
3492,75,11256,1608,5c7v_PYC_A_804,0,surfdock,0.51773581,0.89813521,2.1926484,0,0.0094924231,2.3438501
3493,75,11263,1609,5c8w_PCG_C_302,0,surfdock,0.51773581,0.89813521,2.6927223,0,0.98628668,3.6362392
3494,75,11270,1610,5c8w_PCG_D_302,0,surfdock,0.51773581,0.89813521,2.6072962,0,0,3.4855853
3495,75,11277,1611,5c8w_PCG_E_302,0,surfdock,0.51773581,0.89813521,2.6927223,0,0.90661575,3.7300509
3496,75,11284,1612,5c8w_PCG_F_302,0,surfdock,0.51773581,0.89813521,2.5474901,0,0,3.5784222
3497,75,11298,1614,5cga_KP6_A_301,0,surfdock,0.51773581,0.89813521,3.2606668,0,0.99670158,2.6510764
3498,75,11305,1615,5cga_KP6_C_301,0,surfdock,0.51773581,0.89813521,3.2606668,0,0.99698746,2.6594242
3499,75,11319,1617,5cga_KP6_F_301,0,surfdock,0.51773581,0.89813521,3.2639503,0,0.99586843,2.8008279
3500,75,11326,1618,5cga_KP6_H_301,0,surfdock,0.51773581,0.89813521,3.2606668,0,0.99648687,2.7749513
3501,75,11452,1636,5die_5CJ_B_601,0,surfdock,0.51773581,0.89813521,3.1816833,0,0,3.6271002
3502,75,11774,1682,5fay_CHT_A_908,0,surfdock,0.51773581,0.89813521,2.1926484,0,0.98010434,2.4180444
3503,75,11781,1683,5fay_CHT_B_906,0,surfdock,0.51773581,0.89813521,2.1926484,0,0.98960278,2.3812653
3504,75,11823,1689,5fes_9SE_A_409,0,surfdock,0.51773581,0.89813521,3.1525714,0,0.00058938415,2.6339988
3505,75,11858,1694,5fli_QUE_C_301,0,surfdock,0.51773581,0.89813521,3.0312345,0,0,5.7402666
3506,75,11865,1695,5fli_QUE_D_301,0,surfdock,0.51773581,0.89813521,3.0312345,0,0,3.8000864
3507,75,11872,1696,5fli_QUE_E_301,0,surfdock,0.51773581,0.89813521,3.0702248,0,0.99697999,3.8073196
3508,75,11893,1699,5fli_QUE_K_301,0,surfdock,0.51773581,0.89813521,3.0312345,0,0.99383522,3.7611054
3509,75,11956,1708,5g03_OE2_A_1263,0,surfdock,0.51773581,0.89813521,2.3763926,0,0,3.8147961
3510,75,12005,1715,5g44_YTZ_A_1512,0,surfdock,0.51773581,0.89813521,2.9591708,0,0.00010079617,2.9993662
3511,75,12019,1717,5g6g_H8B_A_1367,0,surfdock,0.51773581,0.89813521,2.9340103,0,0.99125968,3.4888824
3512,75,12075,1725,5gwt_SIN_A_302,0,surfdock,0.51773581,0.89813521,3.5034037,0,0.99381726,2.4463933
3513,75,12082,1726,5gwt_SIN_B_302,0,surfdock,0.51773581,0.89813521,3.5034037,0,0.99454225,2.3507414
3514,75,12089,1727,5gwt_SIN_D_301,0,surfdock,0.51773581,0.89813521,3.5034037,0,0.99502357,2.4128653
3515,75,12103,1729,5gzz_GSH_C_301,0,surfdock,0.51773581,0.89813521,2.223002,0,0.9453332,3.6136343
3516,75,12110,1730,5gzz_GSH_D_301,0,surfdock,0.51773581,0.89813521,2.2194724,0,0.98052436,3.5312485
3517,75,12117,1731,5gzz_GSH_E_301,0,surfdock,0.51773581,0.89813521,2.2162528,0,0.89858757,3.4725561
3518,75,12201,1743,5hgz_MLA_A_302,0,surfdock,0.51773581,0.89813521,2.1926484,0,0.87498562,2.2657783
3519,75,12257,1751,5hyv_TPP_A_701,0,surfdock,0.51773581,0.89813521,2.1926484,0,0.85123816,6.9147297
3520,75,12306,1758,5i5t_67X_A_402,0,surfdock,0.51773581,0.89813521,3.5094256,0,0.96197103,3.0057838
3521,75,12327,1761,5i8z_JA1_A_302,0,surfdock,0.51773581,0.89813521,2.1926484,0,0.98746334,3.8467733
3522,75,12397,1771,5ijz_AKG_A_502,0,surfdock,0.51773581,0.89813521,3.5828917,0,0,2.6673436
3523,75,12411,1773,5ijz_AKG_D_502,0,surfdock,0.51773581,0.89813521,3.3378367,0,0.99187262,2.6546177
3524,75,12600,1800,5j61_A3G_A_501,0,surfdock,0.51773581,0.89813521,2.3003142,0,0.98920645,3.6518427
3525,75,12607,1801,5j61_A3G_B_501,0,surfdock,0.51773581,0.89813521,2.3091021,0,0.95025229,3.5619231
3526,75,12614,1802,5j61_A3G_C_501,0,surfdock,0.51773581,0.89813521,2.2567263,0,0,3.9663754
3527,75,12621,1803,5j61_A3G_E_501,0,surfdock,0.51773581,0.89813521,2.2775764,0,0,3.9847741
3528,75,12628,1804,5j61_A3G_F_501,0,surfdock,0.51773581,0.89813521,2.3427083,0,0,3.7475688
3529,75,12635,1805,5j61_A3G_G_501,0,surfdock,0.51773581,0.89813521,2.3143854,0,0,3.728182
3530,75,12642,1806,5j61_A3G_H_501,0,surfdock,0.51773581,0.89813521,2.3143854,0,0,3.6711074
3531,75,12929,1847,5lqs_NTM_A_302,0,surfdock,0.51773581,0.89813521,2.6792612,0,0.04883897,2.7290053
3532,75,12978,1854,5m0e_7CR_A_922,0,surfdock,0.51773581,0.89813521,2.4801049,0,0.89477815,4.7786531
3533,75,12985,1855,5m0t_AKG_A_302,0,surfdock,0.51773581,0.89813521,2.8519056,0,0.99488046,2.727667
3534,76,14582,2083,6a6s_FSA_A_502,1,unimol,0.65980975,0.93299692,2.5051601,0,0.96672292,17.5
3535,76,6930,990,3wgc_PLG_A_401,0,surfdock,0.51913951,0.89956546,3.3015633,0,0,3.721126
3536,76,6944,992,3wgc_PLG_C_401,0,surfdock,0.51913951,0.89956546,3.1704257,0,0.98540505,3.8661146
3537,76,6951,993,3wgc_PLG_D_401,0,surfdock,0.51913951,0.89956546,3.1704257,0,0.97951194,3.7549692
3538,76,11116,1588,5ag5_DLR_A_1422,0,surfdock,0.51913951,0.89956546,3.5412245,0,1.8081241e-05,3.6626868
3539,76,11221,1603,5bkd_RCF_B_503,0,surfdock,0.51913951,0.89956546,2.5738451,0,0.78975612,3.4879136
3540,76,11564,1652,5edh_5MF_A_803,0,surfdock,0.51913951,0.89956546,4.2080951,0,0,4.0937483
3541,76,11809,1687,5fe4_5WY_A_903,0,surfdock,0.51913951,0.89956546,2.1956384,0,0.9972424,2.5724385
3542,76,11816,1688,5fe4_5WY_B_904,0,surfdock,0.51913951,0.89956546,2.1956384,0,0.99617209,2.599196
3543,76,11984,1712,5g0v_JDD_B_1271,0,surfdock,0.51913951,0.89956546,3.0913577,0,2.0925589e-10,4.3098058
3544,76,12026,1718,5g6i_M85_A_904,0,surfdock,0.51913951,0.89956546,2.6836884,0,0.96293771,3.3779001
3545,76,12404,1772,5ijz_AKG_B_502,0,surfdock,0.51913951,0.89956546,3.3680069,0,0,2.7554986
3546,76,12537,1791,5j5i_6GM_A_302,0,surfdock,0.51913951,0.89956546,3.9769199,0,0.86870557,4.5440763
3547,76,12551,1793,5j5i_6GM_B_302,0,surfdock,0.51913951,0.89956546,3.9587543,0,0.95485162,4.4297776
3548,76,12558,1794,5j5i_6GM_C_302,0,surfdock,0.51913951,0.89956546,3.9704452,0,0.94990699,4.5631315
3549,76,12565,1795,5j5i_6GM_E_302,0,surfdock,0.51913951,0.89956546,3.9704452,0,0,4.4943838
3550,76,12572,1796,5j5i_6GM_F_302,0,surfdock,0.51913951,0.89956546,3.9662874,0,0,4.624544
3551,76,12586,1798,5j5i_6GM_I_302,0,surfdock,0.51913951,0.89956546,3.9946921,0,0.96099703,4.4780568
3552,76,12593,1799,5j5i_6GM_I_303,0,surfdock,0.51913951,0.89956546,3.9539106,0,0,4.5971177
3553,76,12656,1808,5jdv_EVF_B_302,0,surfdock,0.51913951,0.89956546,2.4893429,0,0.9943729,2.7725391
3554,76,12684,1812,5je7_EVF_B_302,0,surfdock,0.51913951,0.89956546,2.7158728,0,0.99305987,2.7529429
3555,76,12698,1814,5jep_EVF_B_302,0,surfdock,0.51913951,0.89956546,2.5416033,0,0.99295943,2.8940951
3556,76,12705,1815,5jep_EVF_B_303,0,surfdock,0.51913951,0.89956546,2.4392259,0,0.45918749,2.5357858
3557,76,12712,1816,5jg5_EVF_B_301,0,surfdock,0.51913951,0.89956546,2.5410435,0,0.992079,2.750246
3558,76,12817,1831,5kjz_PCG_A_401,0,surfdock,0.51913951,0.89956546,2.1956384,0,0.9532402,3.673476
3559,76,12838,1834,5kxb_NGA_A_307,0,surfdock,0.51913951,0.89956546,4.0409989,0,0.98461004,2.8485225
3560,76,12845,1835,5kxb_NGA_B_305,0,surfdock,0.51913951,0.89956546,4.0409989,0,0,2.8394448
3561,76,12852,1836,5kxb_NGA_C_305,0,surfdock,0.51913951,0.89956546,4.0409989,0,0,2.7464247
3562,77,14581,2083,6a6s_FSA_A_502,0,surfdock,0.73535813,0.97317416,2.2688735,0,0,3.2258419
3563,77,10430,1490,4w1v_3GS_B_502,0,surfdock,0.51994922,0.90035112,2.50336,0,0,3.9740663
3564,77,11396,1628,5d41_57N_A_1103,0,surfdock,0.51994922,0.90035112,2.1989985,0,0,4.0562689
3565,77,11536,1648,5dzh_5KG_A_900,0,surfdock,0.51994922,0.90035112,3.0788288,0,0.98964519,4.2396554
3566,77,11543,1649,5dzh_5KG_B_901,0,surfdock,0.51994922,0.90035112,2.9518178,0,0,4.1346289
3567,77,12831,1833,5kts_CIZ_A_402,0,surfdock,0.51994922,0.90035112,2.5205858,0,0,2.5460426
3568,77,12880,1840,5l7u_NGA_A_601,0,surfdock,0.51994922,0.90035112,2.6273286,0,0.17864294,3.0438014
3569,77,12992,1856,5m0t_AKG_B_302,0,surfdock,0.51994922,0.90035112,2.4136407,0,0.99435051,2.8556848
3570,77,13006,1858,5m66_ADN_A_502,0,surfdock,0.51994922,0.90035112,2.6678104,0,0.98782215,3.4935027
3571,77,13013,1859,5m66_ADN_B_502,0,surfdock,0.51994922,0.90035112,2.6212506,0,0.99174247,3.4764264
3572,77,13020,1860,5m66_ADN_C_502,0,surfdock,0.51994922,0.90035112,2.6412184,0,0.9892735,3.6478271
3573,77,13027,1861,5m66_ADN_D_502,0,surfdock,0.51994922,0.90035112,2.5797198,0,0.98273753,3.5209557
3574,77,13097,1871,5n8c_8Q8_A_403,0,surfdock,0.51994922,0.90035112,2.7942958,0,0,5.0410398
3575,77,13104,1872,5n8c_8Q8_B_403,0,surfdock,0.51994922,0.90035112,2.7478318,0,0.78343251,5.8373082
3576,77,13146,1878,5njb_BB2_A_502,0,surfdock,0.51994922,0.90035112,2.4612732,0,0.95977064,4.4224969
3577,77,13153,1879,5njb_BB2_C_502,0,surfdock,0.51994922,0.90035112,2.4916306,0,0.96875337,4.3337833
3578,77,13209,1887,5o4j_9KH_B_302,0,surfdock,0.51994922,0.90035112,2.1989985,0,0,2.8587497
3579,77,13216,1888,5o4j_9KH_C_302,0,surfdock,0.51994922,0.90035112,2.1989985,0,0,2.8114288
3580,77,13223,1889,5o4k_9KE_A_405,0,surfdock,0.51994922,0.90035112,2.8546069,0,0.94895827,3.6962761
3581,77,13293,1899,5oew_GLU_A_301,0,surfdock,0.51994922,0.90035112,2.3976421,0,0,2.3361478
3582,77,13300,1900,5oew_GLU_C_302,0,surfdock,0.51994922,0.90035112,2.3976421,0,0,2.5678235
3583,77,13391,1913,5t3h_BEN_A_302,0,surfdock,0.51994922,0.90035112,2.1989985,0,0.99801722,2.3055867
3584,77,13405,1915,5t6b_TMP_A_504,0,surfdock,0.51994922,0.90035112,2.3416479,0,0,2.4370573
3585,77,13412,1916,5t6b_TMP_B_504,0,surfdock,0.51994922,0.90035112,2.3416479,0,0,3.5422913
3586,77,13419,1917,5t6b_TMP_C_503,0,surfdock,0.51994922,0.90035112,2.1989985,0,0.98733835,3.5613031
3587,77,13426,1918,5t6b_TMP_D_503,0,surfdock,0.51994922,0.90035112,2.1989985,0,0,3.5440493
3588,77,13440,1920,5tbo_78Z_A_1001,0,surfdock,0.51994922,0.90035112,2.8052177,0,0.97538858,4.3741434
3589,77,13447,1921,5tch_MLI_A_301,0,surfdock,0.51994922,0.90035112,2.1989985,0,0.99560524,2.2362386
3590,77,13454,1922,5tch_MLI_C_301,0,surfdock,0.51994922,0.90035112,2.1989985,0,0.99645158,2.2680171
3591,77,13461,1923,5tch_MLI_D_501,0,surfdock,0.51994922,0.90035112,2.1989985,0,0.99581503,2.2337338
3592,77,13468,1924,5tch_MLI_G_301,0,surfdock,0.51994922,0.90035112,2.1989985,0,0.99705808,2.3257489
3593,77,13475,1925,5tch_MLI_H_501,0,surfdock,0.51994922,0.90035112,2.1989985,0,0.93544723,2.2382551
3594,77,13496,1928,5tdt_MBN_A_502,0,surfdock,0.51994922,0.90035112,2.1989985,0,0,2.2099794
3595,77,13510,1930,5tdt_MBN_A_504,0,surfdock,0.51994922,0.90035112,2.1989985,0,0.99857112,2.1953006
3596,77,13517,1931,5tdt_MBN_D_501,0,surfdock,0.51994922,0.90035112,2.1989985,0,0.088836549,2.1487033
3597,77,13524,1932,5tdt_MBN_D_502,0,surfdock,0.51994922,0.90035112,2.1989985,0,0.97062039,2.2278538
3598,77,13545,1935,5tix_OQR_A_302,0,surfdock,0.51994922,0.90035112,2.9714706,0,0,3.651984
3599,77,13552,1936,5tlg_7EG_A_601,0,surfdock,0.51994922,0.90035112,3.288794,0,0.98490613,4.1517105
3600,77,13566,1938,5tm5_7EV_A_601,0,surfdock,0.51994922,0.90035112,2.7803035,0,0,4.2991157
3601,77,13601,1943,5u5g_7VD_A_302,0,surfdock,0.51994922,0.90035112,2.1989985,0,0.88365286,2.4553713
3602,77,13608,1944,5u5g_7VD_B_302,0,surfdock,0.51994922,0.90035112,2.1989985,0,0.86719422,2.3754154
3603,77,13615,1945,5u5g_7VD_C_302,0,surfdock,0.51994922,0.90035112,2.1989985,0,0,2.2803161
3604,77,13622,1946,5u5g_7VD_D_302,0,surfdock,0.51994922,0.90035112,2.1989985,0,0.99126469,2.3721521
3605,77,13636,1948,5u8z_83D_A_602,0,surfdock,0.51994922,0.90035112,2.1989985,0,0,3.429471
3606,77,13643,1949,5u8z_83D_C_602,0,surfdock,0.51994922,0.90035112,2.1989985,0,2.5714219e-07,3.4398438
3607,77,13650,1950,5uap_82S_B_505,0,surfdock,0.51994922,0.90035112,2.2820237,0,0.99603508,2.4527923
3608,77,13657,1951,5ud0_13P_B_405,0,surfdock,0.51994922,0.90035112,2.34237,0,0.99341643,2.5443994
3609,77,13664,1952,5ud0_G3H_B_406,0,surfdock,0.51994922,0.90035112,2.1989985,0,0,2.5357622
3610,77,13678,1954,5uda_CAE_A_502,0,surfdock,0.51994922,0.90035112,2.1989985,0,0.47926931,2.1651436
3611,77,13685,1955,5uda_CAE_B_502,0,surfdock,0.51994922,0.90035112,2.1989985,0,0.50867144,2.2577718
3612,78,15820,2260,6l8a_BAL_C_504,0,surfdock,0.74111909,0.97181113,2.7348914,0,0.97370188,1.965551
3613,78,15827,2261,6l8a_BAL_D_507,0,surfdock,0.73749679,0.97152925,2.7172029,0,0.99811306,2.0140837
3614,78,13679,1954,5uda_CAE_A_502,1,unimol,0.66351322,0.94474982,3.5770984,0,0.9961013,24.2
3615,78,13686,1955,5uda_CAE_B_502,1,unimol,0.66095802,0.94425652,3.5770984,0,0.9871517,27.47
3616,78,15471,2210,6hqr_3DM_A_502,1,unimol,0.66004921,0.93019732,3.7134221,0,0.9589593,21.61
3617,78,11438,1634,5did_5CK_A_601,0,surfdock,0.52012254,0.90179704,3.4849417,0,0.99497961,3.6881318
3618,78,11445,1635,5did_5CK_B_601,0,surfdock,0.52012254,0.90179704,3.4448011,0,0,3.6121037
3619,78,11935,1705,5fv3_OGA_A_1770,0,surfdock,0.52012254,0.90179704,2.4129674,0,0.99799561,2.8540856
3620,78,12285,1755,5i3p_68T_A_1003,0,surfdock,0.52012254,0.90179704,2.5941648,0,0.63926864,4.5529878
3621,78,12726,1818,5jj2_MLI_A_301,0,surfdock,0.52012254,0.90179704,2.83902,0,0.9768498,2.2178925
3622,78,12733,1819,5jj2_MLI_A_302,0,surfdock,0.52012254,0.90179704,2.7622013,0,0.88094184,2.1428794
3623,78,12740,1820,5jj2_MLI_A_305,0,surfdock,0.52012254,0.90179704,2.670655,0,0.024031921,1.9220215
3624,78,12775,1825,5k5m_68T_A_1003,0,surfdock,0.52012254,0.90179704,2.3052862,0,0.33246179,4.5512195
3625,78,12859,1837,5kxb_NGA_D_301,0,surfdock,0.52012254,0.90179704,2.8001647,0,0,5.8428483
3626,78,13034,1862,5mdh_MAK_A_335,0,surfdock,0.52012254,0.90179704,2.1977599,0,0,2.4248993
3627,78,13041,1863,5mdh_MAK_B_335,0,surfdock,0.52012254,0.90179704,2.1977599,0,0.48841866,2.3427831
3628,78,13048,1864,5mot_HBD_A_401,0,surfdock,0.52012254,0.90179704,3.1329772,0,0.001269066,2.5441215
3629,78,13090,1870,5n63_8OW_A_401,0,surfdock,0.52012254,0.90179704,2.1977599,0,0.98231541,4.0246137
3630,78,13160,1880,5o3b_9HZ_A_501,0,surfdock,0.52012254,0.90179704,3.2654805,0,0,4.537199
3631,78,13167,1881,5o3b_9HZ_B_501,0,surfdock,0.52012254,0.90179704,3.2665286,0,0,4.3418617
3632,78,13174,1882,5o3b_9HZ_C_501,0,surfdock,0.52012254,0.90179704,3.2652905,0,0,4.4746512
3633,78,13181,1883,5o3d_9J5_A_501,0,surfdock,0.52012254,0.90179704,2.399513,0,0.9679773,4.2287389
3634,78,13188,1884,5o3f_9HT_A_501,0,surfdock,0.52012254,0.90179704,2.3651357,0,0,4.3465242
3635,78,13195,1885,5o3g_9J8_A_501,0,surfdock,0.52012254,0.90179704,2.5438387,0,0,4.333864
3636,78,13202,1886,5o3g_9J8_B_501,0,surfdock,0.52012254,0.90179704,2.7801597,0,0.19507364,7.2762861
3637,78,13279,1897,5oew_9TE_B_901,0,surfdock,0.52012254,0.90179704,2.1977599,0,0.98736748,3.9360865
3638,78,13286,1898,5oew_9TE_C_301,0,surfdock,0.52012254,0.90179704,2.1977599,0,0.75081606,3.3578079
3639,78,13370,1910,5r9u_JMM_A_401,0,surfdock,0.52012254,0.90179704,2.1977599,0,0.98952802,3.2809346
3640,78,13580,1940,5tvr_AKG_A_402,0,surfdock,0.52012254,0.90179704,2.1977599,0,0.99076666,2.7752645
3641,78,13587,1941,5tvr_AKG_B_402,0,surfdock,0.52012254,0.90179704,2.1977599,0,0.99751272,2.7110469
3642,78,13692,1956,5uim_TYD_B_403,0,surfdock,0.52012254,0.90179704,2.9743488,0,0,3.7773213
3643,78,13741,1963,5unr_8EV_A_803,0,surfdock,0.52012254,0.90179704,3.2217982,0,0,3.6286556
3644,78,13748,1964,5unr_8EV_B_803,0,surfdock,0.52012254,0.90179704,3.2406232,0,0.65032883,6.0404828
3645,78,13762,1966,5unt_8J1_B_803,0,surfdock,0.52012254,0.90179704,3.2597599,0,0.95879282,3.5334878
3646,78,13776,1968,5uo5_M4R_A_803,0,surfdock,0.52012254,0.90179704,2.916687,0,0.98346452,4.0920005
3647,78,13895,1985,5vyr_B62_A_301,0,surfdock,0.52012254,0.90179704,2.9904556,0,0.98878633,2.4885434
3648,78,13902,1986,5vyr_B62_B_301,0,surfdock,0.52012254,0.90179704,2.4118047,0,0.97738831,2.4919844
3649,78,13909,1987,5vyr_GMP_B_302,0,surfdock,0.52012254,0.90179704,3.5538785,0,0,3.1636747
3650,78,13986,1998,5wgr_PM7_A_712,0,surfdock,0.52012254,0.90179704,2.1977599,0,0,2.972047
3651,78,13993,1999,5wgv_PM7_A_712,0,surfdock,0.52012254,0.90179704,2.1977599,0,0,3.8781465
3652,78,14000,2000,5wgw_MB5_A_714,0,surfdock,0.52012254,0.90179704,2.1977599,0,0,3.9313676
3653,78,14007,2001,5wgw_MB5_A_715,0,surfdock,0.52012254,0.90179704,2.1977599,0,0.54284463,3.1914601
3654,78,14028,2004,5x23_LSN_A_502,0,surfdock,0.52012254,0.90179704,3.6389258,0,0,4.8955941
3655,78,14070,2010,5x5d_UMP_A_401,0,surfdock,0.52012254,0.90179704,3.7671697,0,0.96627977,3.4421889
3656,78,14077,2011,5x5d_UMP_B_401,0,surfdock,0.52012254,0.90179704,3.7575624,0,0.96184083,3.4957718
3657,78,14084,2012,5x5d_UMP_D_401,0,surfdock,0.52012254,0.90179704,3.7479758,0,0,3.4334346
3658,78,14098,2014,5x6r_7ZR_A_402,0,surfdock,0.52012254,0.90179704,2.1977599,0,0.87822792,4.5189668
3659,78,14105,2015,5x6r_7ZR_B_402,0,surfdock,0.52012254,0.90179704,2.1977599,0,5.6017311e-10,4.2582028
3660,78,14133,2019,5xin_XLS_B_397,0,surfdock,0.52012254,0.90179704,3.5726416,0,0.98670937,2.6506327
3661,78,14140,2020,5xin_XLS_C_397,0,surfdock,0.52012254,0.90179704,3.5385499,0,0.95556714,2.6503125
3662,79,14869,2124,6cwr_6LA_A_201,1,unimol,0.66070784,0.92839463,3.5766423,0,0,17.67
3663,79,13237,1891,5ocm_9RH_A_302,0,surfdock,0.51993904,0.90335926,2.1953006,0,0.0016953332,2.777137
3664,79,13244,1892,5ocm_9RH_B_302,0,surfdock,0.51993904,0.90335926,2.1953006,0,0.0016603815,2.7029667
3665,79,13251,1893,5ocm_9RH_C_302,0,surfdock,0.51993904,0.90335926,2.1953006,0,0.0016974413,2.6404984
3666,79,13258,1894,5ocm_9RH_D_302,0,surfdock,0.51993904,0.90335926,2.1953006,0,0.001855516,5.7476908
3667,79,13265,1895,5ocm_9RH_E_302,0,surfdock,0.51993904,0.90335926,2.1953006,0,0.9950276,2.7158977
3668,79,13272,1896,5ocm_9RH_F_302,0,surfdock,0.51993904,0.90335926,2.1953006,0,0.76143858,2.688134
3669,79,13629,1947,5u5x_TP5_A_302,0,surfdock,0.51993904,0.90335926,3.7060609,0,0.99792246,2.3799534
3670,79,13769,1967,5uo3_8EY_B_804,0,surfdock,0.51993904,0.90335926,2.914757,0,0.9837912,3.803672
3671,79,13860,1980,5vuu_9OJ_A_805,0,surfdock,0.51993904,0.90335926,2.9710004,0,0.0001329821,3.5126246
3672,79,13867,1981,5vv0_9OM_A_803,0,surfdock,0.51993904,0.90335926,3.5988967,0,4.6152954e-10,3.1277612
3673,79,13874,1982,5vv0_9OM_B_803,0,surfdock,0.51993904,0.90335926,3.604188,0,0.7012228,3.373001
3674,79,13881,1983,5vv5_9OJ_A_803,0,surfdock,0.51993904,0.90335926,2.9745288,0,0.06298845,3.3779899
3675,79,13979,1997,5wgk_AGJ_A_816,0,surfdock,0.51993904,0.90335926,2.7837231,0,0.9639104,3.5570316
3676,79,14147,2021,5xin_XLS_D_397,0,surfdock,0.51993904,0.90335926,2.9405339,0,0.95246752,2.6615473
3677,79,14168,2024,5xrv_F6R_A_702,0,surfdock,0.51993904,0.90335926,3.6100779,0,0,2.8281847
3678,79,14210,2030,5y7r_AKG_B_402,0,surfdock,0.51993904,0.90335926,2.1953006,0,0.99479759,2.7682492
3679,79,14217,2031,5y8k_SER_A_301,0,surfdock,0.51993904,0.90335926,2.1953006,0,0,2.2266843
3680,79,14224,2032,5y8k_SER_B_301,0,surfdock,0.51993904,0.90335926,2.1953006,0,0,2.1955887
3681,79,14231,2033,5y8p_3OH_B_301,0,surfdock,0.51993904,0.90335926,2.1953006,0,0.41505808,2.0536081
3682,79,14308,2044,5ybl_AKG_A_302,0,surfdock,0.51993904,0.90335926,2.4373667,0,0.00032760129,2.3866711
3683,79,14343,2049,5yfj_RUB_A_401,0,surfdock,0.51993904,0.90335926,2.1953006,0,0.8848409,5.0633779
3684,79,14350,2050,5yfj_RUB_B_401,0,surfdock,0.51993904,0.90335926,2.1953006,0,0,3.347755
3685,79,14427,2061,5z9b_AX7_A_304,0,surfdock,0.51993904,0.90335926,3.2275212,0,0.99593375,2.314979
3686,79,14469,2067,5zg2_ZK1_B_901,0,surfdock,0.51993904,0.90335926,3.8216851,0,0,4.1227278
3687,79,14497,2071,5zi4_OAA_A_401,0,surfdock,0.51993904,0.90335926,2.1953006,0,0.99549711,2.4002484
3688,79,14504,2072,5zi4_OAA_B_401,0,surfdock,0.51993904,0.90335926,2.1953006,0,0.46207415,2.4610621
3689,79,14525,2075,6a2m_UMP_A_703,0,surfdock,0.51993904,0.90335926,2.1953006,0,0.9910418,3.5199014
3690,79,14539,2077,6a2n_UMP_A_703,0,surfdock,0.51993904,0.90335926,2.1953006,0,0.98025962,3.5319359
3691,79,14546,2078,6a2n_UMP_B_703,0,surfdock,0.51993904,0.90335926,2.1953006,0,0.97628209,3.5616251
3692,79,14602,2086,6acn_TRC_A_899,0,surfdock,0.51993904,0.90335926,3.6762643,0,0.93096665,5.6424195
3693,79,14616,2088,6auq_BYJ_A_803,0,surfdock,0.51993904,0.90335926,3.5024502,0,0.81040098,3.3302844
3694,79,14623,2089,6auq_BYJ_B_803,0,surfdock,0.51993904,0.90335926,3.4966819,0,0.98728891,3.3498904
3695,79,14630,2090,6av2_BY7_A_803,0,surfdock,0.51993904,0.90335926,2.8594811,0,0.43517616,3.9608741
3696,79,14637,2091,6av2_BY7_B_803,0,surfdock,0.51993904,0.90335926,2.8629086,0,0.64943977,3.9817669
3697,79,14672,2096,6b6r_BEN_A_302,0,surfdock,0.51993904,0.90335926,2.2708418,0,0.99817632,2.4207113
3698,79,14714,2102,6bds_DJ4_A_303,0,surfdock,0.51993904,0.90335926,2.6881263,0,2.6134336e-05,2.7478546
3699,79,14728,2104,6bmm_OLB_B_404,0,surfdock,0.51993904,0.90335926,2.1953006,0,0.41789111,4.0121179
3700,79,14756,2108,6bvl_EBY_B_2001,0,surfdock,0.51993904,0.90335926,2.8703389,0,0,4.3367803
3701,79,14798,2114,6c1i_KNA_A_502,0,surfdock,0.51993904,0.90335926,2.1953006,0,0.00045524375,2.8018676
3702,79,14840,2120,6cqu_HI6_A_601,0,surfdock,0.51993904,0.90335926,3.5493109,0,0,3.6771858
3703,79,14847,2121,6cut_FEJ_A_401,0,surfdock,0.51993904,0.90335926,3.7072325,0,0,3.2570074
3704,79,14854,2122,6cut_FEJ_B_401,0,surfdock,0.51993904,0.90335926,3.7072325,0,0,4.5701004
3705,79,14861,2123,6cut_FEJ_D_401,0,surfdock,0.51993904,0.90335926,3.6856177,0,0,4.7276658
3706,79,14868,2124,6cwr_6LA_A_201,0,surfdock,0.51993904,0.90335926,2.1953006,0,0.97222635,3.2387937
3707,79,14875,2125,6dl7_ONC_A_301,0,surfdock,0.51993904,0.90335926,2.8949354,0,0.9216076,4.5531512
3708,79,14882,2126,6dl7_ONC_B_301,0,surfdock,0.51993904,0.90335926,2.7487004,0,0,4.4665608
3709,79,14889,2127,6dl7_ONC_C_301,0,surfdock,0.51993904,0.90335926,2.8063505,0,0.98777042,4.4959124
3710,79,14903,2129,6dl7_ONC_E_301,0,surfdock,0.51993904,0.90335926,2.7521627,0,0.86878442,4.4735199
3711,79,14910,2130,6dl7_ONC_F_301,0,surfdock,0.51993904,0.90335926,2.7360277,0,0.93854984,4.5417522
3712,80,15470,2210,6hqr_3DM_A_502,0,surfdock,0.7214987,0.96813343,2.2530866,0,0.99658488,2.7735888
3713,80,56,8,1aiq_CB3_A_266,0,surfdock,0.61431082,0.91536551,2.4532173,0,0.93128278,4.8039041
3714,80,14049,2007,5x2m_GLN_A_951,0,surfdock,0.51936114,0.90482612,2.1960549,0,0.93053849,2.7294114
3715,80,14056,2008,5x2m_GLN_B_951,0,surfdock,0.51936114,0.90482612,2.1960549,0,0.99257231,2.6620756
3716,80,14063,2009,5x2m_GLN_D_951,0,surfdock,0.51936114,0.90482612,2.1960549,0,0,2.4284769
3717,80,14182,2026,5xvv_AKG_B_506,0,surfdock,0.51936114,0.90482612,2.1960549,0,0,2.6189231
3718,80,14259,2037,5yb7_ORN_A_602,0,surfdock,0.51936114,0.90482612,2.1960549,0,0.98493186,2.5456619
3719,80,14266,2038,5yb7_ORN_B_602,0,surfdock,0.51936114,0.90482612,2.1960549,0,0,2.4964718
3720,80,14273,2039,5yb7_ORN_B_603,0,surfdock,0.51936114,0.90482612,2.1960549,0,0,2.6380259
3721,80,14280,2040,5yb7_ORN_C_602,0,surfdock,0.51936114,0.90482612,2.1960549,0,0.985926,2.4821416
3722,80,14287,2041,5yb7_ORN_C_603,0,surfdock,0.51936114,0.90482612,2.1960549,0,0,2.4462348
3723,80,14294,2042,5yb7_ORN_D_602,0,surfdock,0.51936114,0.90482612,2.1960549,0,0.99589612,2.6066713
3724,80,14301,2043,5yb7_ORN_D_603,0,surfdock,0.51936114,0.90482612,2.1960549,0,0.9779181,2.5713
3725,80,14462,2066,5zg2_ZK1_A_901,0,surfdock,0.51936114,0.90482612,2.8113766,0,0.91170789,4.32761
3726,80,14595,2085,6abm_9VR_A_505,0,surfdock,0.51936114,0.90482612,2.1960549,0,0,4.6345689
3727,80,14651,2093,6ayv_F6P_A_401,0,surfdock,0.51936114,0.90482612,2.2715235,0,0,4.5121928
3728,80,14658,2094,6ayv_F6P_B_401,0,surfdock,0.51936114,0.90482612,2.279181,0,0.97666965,3.128503
3729,80,14735,2105,6bqx_9AG_A_201,0,surfdock,0.51936114,0.90482612,2.450109,0,0.99148885,2.9544538
3730,80,14938,2134,6dyt_F0G_A_503,0,surfdock,0.51936114,0.90482612,2.456964,0,0.99150775,2.8701477
3731,80,14952,2136,6e2w_DP6_A_403,0,surfdock,0.51936114,0.90482612,2.1960549,0,0.98644199,3.5862724
3732,80,15008,2144,6e8i_PTR_A_201,0,surfdock,0.51936114,0.90482612,2.1960549,0,0.97849353,2.9815224
3733,80,15015,2145,6ezf_C6Z_A_1003,0,surfdock,0.51936114,0.90482612,2.7334294,0,0.99549646,3.1078533
3734,80,15043,2149,6f3s_PLP_A_901,0,surfdock,0.51936114,0.90482612,2.1960549,0,0,3.1908382
3735,80,15057,2151,6f66_CUT_A_300,0,surfdock,0.51936114,0.90482612,2.1960549,0,0.99597963,3.1862527
3736,80,15064,2152,6f66_CUT_B_300,0,surfdock,0.51936114,0.90482612,2.1960549,0,0.99767746,3.1833365
3737,80,15141,2163,6f7r_CIT_A_1003,0,surfdock,0.51936114,0.90482612,2.1960549,0,0.84794682,2.4750404
3738,80,15162,2166,6fgv_D9T_A_1901,0,surfdock,0.51936114,0.90482612,2.1960549,0,0.93222785,3.1953422
3739,80,15183,2169,6fld_NAG_A_601,0,surfdock,0.51936114,0.90482612,2.1960549,0,0,4.977785
3740,81,17046,2435,6t0m_GOZ_A_305,1,unimol,0.66022556,0.92547291,2.3024898,0,0.98022933,24.76
3741,81,13783,1969,5ut1_7DZ_A_905,0,surfdock,0.52101495,0.90570331,2.1987507,0,0,3.6889991
3742,81,14189,2027,5xz7_F6P_A_407,0,surfdock,0.52101495,0.90570331,2.1987507,0,0,2.9544196
3743,81,14238,2034,5yaq_ISE_B_402,0,surfdock,0.52101495,0.90570331,2.3451767,0,0.97140153,2.4756665
3744,81,14245,2035,5yaq_ISE_C_402,0,surfdock,0.52101495,0.90570331,2.2321658,0,0.8109495,2.4030795
3745,81,14252,2036,5yaq_ISE_D_402,0,surfdock,0.52101495,0.90570331,2.3451767,0,0,2.5800925
3746,81,14315,2045,5ybp_8SX_B_303,0,surfdock,0.52101495,0.90570331,2.4210274,0,0,4.8683879
3747,81,14322,2046,5ybq_8T0_A_303,0,surfdock,0.52101495,0.90570331,2.7149141,0,0.94937369,4.857475
3748,81,14329,2047,5ybq_AKG_A_302,0,surfdock,0.52101495,0.90570331,2.9119272,0,0.99649565,2.6230688
3749,81,14336,2048,5ybq_AKG_B_302,0,surfdock,0.52101495,0.90570331,2.9373305,0,0,2.6138444
3750,81,14588,2084,6a7e_9QR_A_201,0,surfdock,0.52101495,0.90570331,2.992754,0,0,4.2986823
3751,81,14665,2095,6b5k_TYD_A_304,0,surfdock,0.52101495,0.90570331,2.874126,0,0.94791251,3.8337928
3752,81,14707,2101,6bds_DJ4_A_302,0,surfdock,0.52101495,0.90570331,2.5587409,0,0.86628976,4.9866012
3753,81,14763,2109,6bxk_MTA_A_401,0,surfdock,0.52101495,0.90570331,2.1987507,0,0.95733431,3.2100823
3754,81,14770,2110,6bxk_MTA_B_401,0,surfdock,0.52101495,0.90570331,2.1987507,0,0.99068009,3.2735543
3755,81,14924,2132,6dmi_5T5_A_504,0,surfdock,0.52101495,0.90570331,2.6893585,0,0.98771329,4.1082817
3756,81,15085,2155,6f76_CVK_A_203,0,surfdock,0.52101495,0.90570331,2.1987507,0,0,4.0684282
3757,81,15092,2156,6f76_CVK_B_203,0,surfdock,0.52101495,0.90570331,2.1987507,0,0.48931418,4.0262364
3758,81,15099,2157,6f76_CVK_F_203,0,surfdock,0.52101495,0.90570331,2.1987507,0,0,3.9992679
3759,81,15148,2164,6fa1_D2Z_B_203,0,surfdock,0.52101495,0.90570331,2.1987507,0,0.13906551,3.6498885
3760,81,15155,2165,6fa1_D2Z_F_203,0,surfdock,0.52101495,0.90570331,2.1987507,0,0.07383777,3.5673856
3761,81,15169,2167,6fjj_LSA_A_302,0,surfdock,0.52101495,0.90570331,2.1987507,0,0.99771514,2.6447889
3762,81,15218,2174,6flu_DTK_A_405,0,surfdock,0.52101495,0.90570331,2.1987507,0,0,2.0902373
3763,81,15239,2177,6flu_DTK_B_403,0,surfdock,0.52101495,0.90570331,2.1987507,0,0.93482349,2.0474483
3764,81,15246,2178,6flu_DTK_B_404,0,surfdock,0.52101495,0.90570331,2.1987507,0,0.99150481,2.0943718
3765,81,15316,2188,6g5q_EMZ_A_401,0,surfdock,0.52101495,0.90570331,2.986515,0,0.97669323,2.7710394
3766,81,15323,2189,6g5q_EMZ_B_402,0,surfdock,0.52101495,0.90570331,2.8757443,0,0.96654761,2.8510993
3767,81,15337,2191,6gck_EUB_B_302,0,surfdock,0.52101495,0.90570331,2.9899647,0,0.98790333,3.3399866
3768,81,15344,2192,6gck_EUB_C_302,0,surfdock,0.52101495,0.90570331,2.9591496,0,0.99039091,2.3450384
3769,81,15358,2194,6gl4_GLU_A_301,0,surfdock,0.52101495,0.90570331,2.1987507,0,0,2.676258
3770,81,15365,2195,6gnf_GLC_B_602,0,surfdock,0.52101495,0.90570331,2.1987507,0,0.98433106,2.6882267
3771,81,15407,2201,6hmw_FUL_B_204,0,surfdock,0.52101495,0.90570331,2.6255019,0,0.99029071,2.0922974
3772,81,15414,2202,6hmw_FUL_C_203,0,surfdock,0.52101495,0.90570331,2.6363678,0,0.73038698,2.09118
3773,81,15421,2203,6hmw_FUL_D_204,0,surfdock,0.52101495,0.90570331,2.6255019,0,0.98560724,2.2932097
3774,81,15428,2204,6hmw_FUL_E_204,0,surfdock,0.52101495,0.90570331,2.6255019,0,0.96679926,2.2916218
3775,81,15435,2205,6hmw_FUL_H_201,0,surfdock,0.52101495,0.90570331,2.6180162,0,0.95566509,2.1281478
3776,81,15449,2207,6hmw_FUL_J_201,0,surfdock,0.52101495,0.90570331,2.6199057,0,0.98788541,2.1591158
3777,81,15848,2264,6lj7_EFR_A_301,0,surfdock,0.52101495,0.90570331,2.1987507,0,0.95921318,2.9586467
3778,81,15904,2272,6m9b_BTN_A_201,0,surfdock,0.52101495,0.90570331,2.2339804,0,0.9921411,3.3735297
3779,81,15911,2273,6m9b_BTN_B_201,0,surfdock,0.52101495,0.90570331,2.2339804,0,0,3.3693171
3780,81,15918,2274,6m9b_BTN_C_201,0,surfdock,0.52101495,0.90570331,2.2339804,0,0.99481187,3.2153877
3781,81,15953,2279,6mpa_NAG_B_502,0,surfdock,0.52101495,0.90570331,2.6452427,0,0.00029477578,3.2797523
3782,81,16002,2286,6n0z_DP6_A_401,0,surfdock,0.52101495,0.90570331,2.1987507,0,0,3.4991585
3783,81,16009,2287,6n0z_DP6_B_401,0,surfdock,0.52101495,0.90570331,2.1987507,0,0.98471677,4.1453131
3784,81,16016,2288,6n0z_DP6_C_401,0,surfdock,0.52101495,0.90570331,2.1987507,0,0,3.3434854
3785,81,16023,2289,6n0z_DP6_E_401,0,surfdock,0.52101495,0.90570331,2.1987507,0,0.97835863,3.5882475
3786,81,16030,2290,6n0z_DP6_F_401,0,surfdock,0.52101495,0.90570331,2.1987507,0,0,5.7352749
3787,81,16086,2298,6nbw_LAB_A_403,0,surfdock,0.52101495,0.90570331,2.6965959,0,0,4.0939715
3788,81,16128,2304,6ng5_KMD_B_803,0,surfdock,0.52101495,0.90570331,2.1987507,0,0,3.8154047
3789,81,16149,2307,6ngp_KKY_A_803,0,surfdock,0.52101495,0.90570331,2.414187,0,0.86967087,3.7978618
3790,82,13853,1979,5vut_9OG_B_803,0,surfdock,0.52224649,0.90715101,2.8600852,0,0,3.2789326
3791,82,14455,2065,5zg2_9C0_A_902,0,surfdock,0.52224649,0.90715101,2.1933646,0,0.99541605,3.5175097
3792,82,14700,2100,6ba2_7KM_A_809,0,surfdock,0.52224649,0.90715101,2.1933646,0,0.99141067,4.2318875
3793,82,15197,2171,6flu_DTK_A_402,0,surfdock,0.52224649,0.90715101,2.1933646,0,0,3.3409787
3794,82,15204,2172,6flu_DTK_A_403,0,surfdock,0.52224649,0.90715101,2.1933646,0,0.92117095,3.3213897
3795,82,15211,2173,6flu_DTK_A_404,0,surfdock,0.52224649,0.90715101,2.1933646,0,0.78265699,3.2608547
3796,82,15232,2176,6flu_DTK_B_402,0,surfdock,0.52224649,0.90715101,2.1933646,0,0.080564702,3.238258
3797,82,15253,2179,6flu_DTK_B_405,0,surfdock,0.52224649,0.90715101,2.1933646,0,0,3.1620892
3798,82,15260,2180,6flu_DTK_B_406,0,surfdock,0.52224649,0.90715101,2.1933646,0,0.11624599,3.2869045
3799,82,15309,2187,6g3f_FUM_A_601,0,surfdock,0.52224649,0.90715101,2.1933646,0,0.97490132,2.2722554
3800,82,15477,2211,6hsg_GM5_B_504,0,surfdock,0.52224649,0.90715101,2.1933646,0,0.99615439,3.5827768
3801,82,15484,2212,6hsg_GM5_C_504,0,surfdock,0.52224649,0.90715101,2.1933646,0,0,3.5754749
3802,82,15491,2213,6hsg_GM5_D_504,0,surfdock,0.52224649,0.90715101,2.1933646,0,0,3.5893399
3803,82,15568,2224,6jc7_F0G_C_601,0,surfdock,0.52224649,0.90715101,2.7247944,0,0.96058201,3.8868572
3804,82,15582,2226,6jk9_BU0_A_501,0,surfdock,0.52224649,0.90715101,2.1933646,0,0,4.6756169
3805,82,15680,2240,6k92_GT0_B_602,0,surfdock,0.52224649,0.90715101,2.1933646,0,0.99388675,2.7717407
3806,82,15764,2252,6l59_CIT_B_403,0,surfdock,0.52224649,0.90715101,2.1933646,0,0,2.8874198
3807,82,15890,2270,6m5m_NAG_A_202,0,surfdock,0.52224649,0.90715101,2.7546661,0,0.00024894146,2.856397
3808,82,16135,2305,6nga_KL7_A_803,0,surfdock,0.52224649,0.90715101,2.1933646,0,0,3.5969197
3809,82,16156,2308,6ngp_KKY_B_803,0,surfdock,0.52224649,0.90715101,2.2489774,0,0.96855217,3.8150517
3810,82,16163,2309,6ngu_KMJ_A_803,0,surfdock,0.52224649,0.90715101,2.2925217,0,0.50490236,3.6459669
3811,82,16170,2310,6ngu_KMJ_B_803,0,surfdock,0.52224649,0.90715101,2.2925217,0,0.73171411,3.5740327
3812,82,16184,2312,6nh0_KND_B_803,0,surfdock,0.52224649,0.90715101,2.817678,0,0.94546941,3.8858747
3813,82,16191,2313,6nhd_KNV_A_803,0,surfdock,0.52224649,0.90715101,2.2592604,0,0.97458954,2.6762011
3814,82,16226,2318,6nni_CP6_A_203,0,surfdock,0.52224649,0.90715101,2.5251672,0,0.99389583,3.1634969
3815,82,16233,2319,6nni_CP6_B_203,0,surfdock,0.52224649,0.90715101,2.5090754,0,0.99069624,3.1632869
3816,82,16373,2339,6ooi_PGA_A_301,0,surfdock,0.52224649,0.90715101,2.1933646,0,0.92030802,2.4227927
3817,82,16380,2340,6ooi_PGA_C_302,0,surfdock,0.52224649,0.90715101,2.1933646,0,0,2.3664186
3818,82,16387,2341,6ooi_PGA_D_301,0,surfdock,0.52224649,0.90715101,2.1933646,0,0.99094368,2.683569
3819,82,16394,2342,6ooi_PGA_E_301,0,surfdock,0.52224649,0.90715101,2.1933646,0,0.98413419,2.5029793
3820,82,16401,2343,6ooi_PGA_F_301,0,surfdock,0.52224649,0.90715101,2.1933646,0,0.99383737,2.5150154
3821,82,16408,2344,6ooi_PGA_G_301,0,surfdock,0.52224649,0.90715101,2.1933646,0,0,2.5711845
3822,82,16422,2346,6p9t_O5D_A_307,0,surfdock,0.52224649,0.90715101,2.1933646,0,1.7834601e-05,2.9272426
3823,82,16436,2348,6pdd_O9S_A_803,0,surfdock,0.52224649,0.90715101,2.8510432,0,0.98388279,4.1660172
3824,82,16450,2350,6pk1_PLP_A_501,0,surfdock,0.52224649,0.90715101,2.1933646,0,0.96975824,3.1477177
3825,82,16457,2351,6pmv_M16_A_803,0,surfdock,0.52224649,0.90715101,2.1933646,0,7.8065312e-09,3.0274402
3826,82,16464,2352,6pmv_M16_B_803,0,surfdock,0.52224649,0.90715101,2.1933646,0,0.96203394,3.2650104
3827,82,16471,2353,6pn9_OU7_A_803,0,surfdock,0.52224649,0.90715101,2.1933646,0,0,3.726505
3828,82,16478,2354,6pna_M16_A_803,0,surfdock,0.52224649,0.90715101,2.1933646,0,0.98512807,3.2876972
3829,82,16485,2355,6pna_M16_B_803,0,surfdock,0.52224649,0.90715101,2.1933646,0,0.81867137,3.1713866
3830,82,16492,2356,6png_OSG_A_802,0,surfdock,0.52224649,0.90715101,2.7696939,0,0.98981277,3.5959518
3831,82,16499,2357,6png_OSG_B_801,0,surfdock,0.52224649,0.90715101,2.7477608,0,0.44401434,3.6063752
3832,82,16506,2358,6png_OSG_B_804,0,surfdock,0.52224649,0.90715101,2.7696939,0,0.46300822,3.5148393
3833,82,16576,2368,6qa7_PLP_A_902,0,surfdock,0.52224649,0.90715101,2.1933646,0,0.99308094,3.2638336
3834,82,16583,2369,6qaw_HVE_A_402,0,surfdock,0.52224649,0.90715101,2.1933646,0,0,2.9467002
3835,82,16723,2389,6r5o_BGC_A_802,0,surfdock,0.52224649,0.90715101,2.1969726,0,0.0020964094,2.3298483
3836,82,16730,2390,6r5o_BGC_B_801,0,surfdock,0.52224649,0.90715101,2.2725544,0,0.99279429,2.6187711
3837,82,16737,2391,6r5o_BGC_B_802,0,surfdock,0.52224649,0.90715101,2.1971292,0,0.066333765,2.498755
3838,82,16779,2397,6rbr_JXN_A_302,0,surfdock,0.52224649,0.90715101,2.1933646,0,0.98075432,2.6492096
3839,82,16800,2400,6rgg_K3Q_A_402,0,surfdock,0.52224649,0.90715101,2.1933646,0,0.00075329736,2.7198102
3840,83,17045,2435,6t0m_GOZ_A_305,0,surfdock,0.73112025,0.96332904,2.19556,0,0,4.0504953
3841,83,12824,1832,5kmj_6UF_A_901,0,surfdock,0.52282972,0.90860908,3.3684173,0,0.00087032259,4.3439181
3842,83,13111,1873,5nh9_XLS_A_503,0,surfdock,0.52282972,0.90860908,3.0060165,0,0.78732848,2.7512124
3843,83,13118,1874,5nh9_XLS_B_503,0,surfdock,0.52282972,0.90860908,3.0060165,0,0,2.6830299
3844,83,13125,1875,5nh9_XLS_C_504,0,surfdock,0.52282972,0.90860908,3.0367377,0,0.97912871,2.6298294
3845,83,13132,1876,5nh9_XLS_D_504,0,surfdock,0.52282972,0.90860908,3.0060165,0,0.97576516,2.7034397
3846,83,13804,1972,5ved_STU_A_601,0,surfdock,0.52282972,0.90860908,2.9834077,0,0,4.8539559
3847,83,14609,2087,6ald_2FP_A_700,0,surfdock,0.52282972,0.90860908,2.3570502,0,0,3.3039596
3848,83,15267,2181,6fs7_E4Z_A_903,0,surfdock,0.52282972,0.90860908,2.19556,0,0,4.3990724
3849,83,15274,2182,6fs7_E4Z_B_903,0,surfdock,0.52282972,0.90860908,2.19556,0,0,4.5708195
3850,83,15281,2183,6fs7_E4Z_C_903,0,surfdock,0.52282972,0.90860908,2.19556,0,0.62171293,4.4548296
3851,83,15288,2184,6fs7_E4Z_D_903,0,surfdock,0.52282972,0.90860908,2.19556,0,0.59360106,4.6652843
3852,83,15295,2185,6fs7_E4Z_F_903,0,surfdock,0.52282972,0.90860908,2.19556,0,0.00056997011,4.6432709
3853,83,15372,2196,6gpn_OGA_B_402,0,surfdock,0.52282972,0.90860908,2.19556,0,0.99673849,2.698228
3854,83,15512,2216,6i4b_ORO_A_602,0,surfdock,0.52282972,0.90860908,3.4506528,0,0.2092047,2.6925923
3855,83,15575,2225,6jea_NAG_A_501,0,surfdock,0.52282972,0.90860908,3.1546183,0,0,2.8826307
3856,83,15589,2227,6jmd_BVO_A_408,0,surfdock,0.52282972,0.90860908,2.6521695,0,0.99417619,4.7117748
3857,83,15645,2235,6jyg_FLC_A_401,0,surfdock,0.52282972,0.90860908,3.3445919,0,0.99004638,3.0059119
3858,83,15652,2236,6jyg_FLC_B_401,0,surfdock,0.52282972,0.90860908,3.3445919,0,0.95031269,3.8680925
3859,83,15659,2237,6jyg_FLC_D_401,0,surfdock,0.52282972,0.90860908,3.313185,0,0.88282996,2.860752
3860,83,15778,2254,6l7v_3PO_A_302,0,surfdock,0.52282972,0.90860908,2.6911428,0,0,2.7631884
3861,83,15785,2255,6l86_LMR_A_302,0,surfdock,0.52282972,0.90860908,2.19556,0,0,2.4749227
3862,83,15792,2256,6l86_LMR_B_302,0,surfdock,0.52282972,0.90860908,2.19556,0,0,2.5174817
3863,83,15799,2257,6l86_LMR_B_303,0,surfdock,0.52282972,0.90860908,2.19556,0,0.0041605763,2.6257015
3864,83,15806,2258,6l86_LMR_C_302,0,surfdock,0.52282972,0.90860908,2.19556,0,0.0034258343,2.4930934
3865,83,15813,2259,6l86_LMR_D_302,0,surfdock,0.52282972,0.90860908,2.19556,0,0.95079546,2.5796829
3866,83,16177,2311,6nh0_KND_A_803,0,surfdock,0.52282972,0.90860908,3.460175,0,0.89640649,3.9052875
3867,83,16261,2323,6o04_DNA_A_601,0,surfdock,0.52282972,0.90860908,2.4334614,0,6.0293111e-05,3.0388671
3868,83,16268,2324,6o04_DNA_B_601,0,surfdock,0.52282972,0.90860908,2.4334614,0,0.0005838815,3.0270392
3869,83,16275,2325,6o04_DNA_C_603,0,surfdock,0.52282972,0.90860908,2.4299834,0,0,3.0924877
3870,83,16282,2326,6o04_DNA_D_603,0,surfdock,0.52282972,0.90860908,2.408457,0,0.00058579621,2.9471353
3871,83,16296,2328,6o2z_LJV_A_500,0,surfdock,0.52282972,0.90860908,2.7884686,0,0.98556962,4.1146221
3872,83,16415,2345,6oph_6QB_A_401,0,surfdock,0.52282972,0.90860908,2.2243097,0,0,4.565086
3873,83,16555,2365,6q4y_MAN_A_402,0,surfdock,0.52282972,0.90860908,2.19556,0,0.0028326016,2.5256126
3874,83,16562,2366,6q4y_MAN_B_402,0,surfdock,0.52282972,0.90860908,2.19556,0,0.091252207,2.461898
3875,83,16569,2367,6qa7_HTW_A_901,0,surfdock,0.52282972,0.90860908,3.0527377,0,0,4.3105448
3876,83,16618,2374,6qhu_FAH_A_401,0,surfdock,0.52282972,0.90860908,3.4411094,0,0.95298176,2.2246767
3877,83,16632,2376,6qni_GLC_A_402,0,surfdock,0.52282972,0.90860908,2.7382495,0,0,2.8081526
3878,83,16639,2377,6qnj_GLC_A_402,0,surfdock,0.52282972,0.90860908,2.7382495,0,0.98690736,2.6589538
3879,83,16674,2382,6qor_JBK_B_301,0,surfdock,0.52282972,0.90860908,2.7405632,0,0.99780293,2.7417034
3880,83,16688,2384,6qqs_JCZ_A_301,0,surfdock,0.52282972,0.90860908,3.5093288,0,0.53484623,3.0488607
3881,83,16695,2385,6qqs_JCZ_B_301,0,surfdock,0.52282972,0.90860908,3.4946849,0,0.92756935,2.9582012
3882,83,16709,2387,6r0i_JNB_A_901,0,surfdock,0.52282972,0.90860908,2.4282925,0,0.99443317,4.3546084
3883,83,16758,2394,6r73_LMP_A_301,0,surfdock,0.52282972,0.90860908,3.2272656,0,0,3.9980953
3884,83,16765,2395,6r73_LMP_B_301,0,surfdock,0.52282972,0.90860908,3.197927,0,0.47154947,4.1896422
3885,83,16814,2402,6rgg_K3Q_B_401,0,surfdock,0.52282972,0.90860908,2.8349664,0,0.034880406,2.7226447
3886,83,16828,2404,6rgg_K3Q_B_405,0,surfdock,0.52282972,0.90860908,2.8316319,0,0.081699856,2.6789604
3887,83,16856,2408,6rhk_K4B_A_302,0,surfdock,0.52282972,0.90860908,2.543926,0,0,3.834408
3888,83,16863,2409,6rlt_MLI_B_512,0,surfdock,0.52282972,0.90860908,2.8974545,0,0.98949235,1.9797115
3889,83,16870,2410,6rq3_OUC_A_401,0,surfdock,0.52282972,0.90860908,2.7274661,0,0.028560803,3.8336933
3890,84,14035,2005,5x23_LSN_A_503,0,surfdock,0.51987691,0.91011357,2.9739313,0,0,3.7762575
3891,84,14042,2006,5x23_LSN_A_504,0,surfdock,0.51987691,0.91011357,2.8447824,0,0.05913547,4.4571975
3892,84,15022,2146,6f2b_AKG_A_402,0,surfdock,0.51987691,0.91011357,2.4983859,0,0,2.7284423
3893,84,15029,2147,6f2b_AKG_B_402,0,surfdock,0.51987691,0.91011357,2.4754961,0,0,2.6304487
3894,84,15190,2170,6fld_NAG_A_603,0,surfdock,0.51987691,0.91011357,2.1975121,0,0,2.4289316
3895,84,15379,2197,6gqk_F88_A_1001,0,surfdock,0.51987691,0.91011357,2.7879095,0,0.9841873,5.0144745
3896,84,15540,2220,6ix8_B3O_A_408,0,surfdock,0.51987691,0.91011357,2.5569642,0,0,3.8416893
3897,84,15547,2221,6ix8_B3O_B_408,0,surfdock,0.51987691,0.91011357,2.563936,0,0.99101666,3.9511883
3898,84,15757,2251,6l17_E2X_A_401,0,surfdock,0.51987691,0.91011357,2.7510111,0,0.99032057,3.9041635
3899,84,15834,2262,6l8a_BAL_E_503,0,surfdock,0.51987691,0.91011357,2.8081443,0,0.07984342,2.0054214
3900,84,15960,2280,6mry_FLC_A_101,0,surfdock,0.51987691,0.91011357,2.3498404,0,0.98769566,2.8375034
3901,84,15967,2281,6mry_FLC_C_102,0,surfdock,0.51987691,0.91011357,2.315999,0,0.76872413,1.878073
3902,84,16324,2332,6ofr_BOG_A_801,0,surfdock,0.51987691,0.91011357,3.4318225,0,6.755853e-09,2.913715
3903,84,16331,2333,6ofr_BOG_A_802,0,surfdock,0.51987691,0.91011357,3.607713,0,0,3.0557283
3904,84,16338,2334,6ofr_BOG_A_803,0,surfdock,0.51987691,0.91011357,3.4510295,0,0,3.1727597
3905,84,16345,2335,6ofr_BOG_A_804,0,surfdock,0.51987691,0.91011357,3.4318225,0,0,3.1608001
3906,84,16352,2336,6ofr_BOG_A_806,0,surfdock,0.51987691,0.91011357,3.5532401,0,1.7497465e-10,3.002983
3907,84,16359,2337,6ofr_BOG_A_807,0,surfdock,0.51987691,0.91011357,3.3417141,0,0.79017682,3.0884653
3908,84,16590,2370,6qdb_HWQ_A_1002,0,surfdock,0.51987691,0.91011357,2.2019925,0,0,3.7167432
3909,84,16807,2401,6rgg_K3Q_A_403,0,surfdock,0.51987691,0.91011357,2.997354,0,2.8875836e-06,3.4864596
3910,84,16821,2403,6rgg_K3Q_B_402,0,surfdock,0.51987691,0.91011357,3.0102894,0,0.0071367634,3.5844502
3911,84,16933,2419,6s9g_L1Q_A_305,0,surfdock,0.51987691,0.91011357,2.9868505,0,0.99700611,3.2533709
3912,84,16947,2421,6sds_L8N_A_302,0,surfdock,0.51987691,0.91011357,2.1975121,0,0.98422833,3.5819436
3913,84,16961,2423,6sux_BEN_A_302,0,surfdock,0.51987691,0.91011357,2.6431661,0,0.99755928,2.4550788
3914,84,16968,2424,6svu_BEN_A_302,0,surfdock,0.51987691,0.91011357,2.6431661,0,0.99585252,2.4611995
3915,84,17017,2431,6t02_M5E_A_601,0,surfdock,0.51987691,0.91011357,3.1000593,0,0,2.7883577
3916,84,17024,2432,6t02_M5E_A_602,0,surfdock,0.51987691,0.91011357,3.4216666,0,0.00016206908,2.4487206
3917,84,17031,2433,6t02_M5E_B_601,0,surfdock,0.51987691,0.91011357,3.1604254,0,0,2.749192
3918,85,14175,2025,5xsm_8EO_A_705,0,surfdock,0.51796505,0.91094065,2.1963346,0,0.96814297,4.0302039
3919,85,15393,2199,6gxk_FFW_A_402,0,surfdock,0.51796505,0.91094065,2.1963346,0,0.98787049,4.2977756
3920,85,15400,2200,6gxk_FFW_B_402,0,surfdock,0.51796505,0.91094065,2.1963346,0,0.99106229,4.0637079
3921,85,15862,2266,6lx5_C5F_A_502,0,surfdock,0.51796505,0.91094065,2.2008297,0,0,3.455891
3922,85,15869,2267,6lx5_C5F_A_503,0,surfdock,0.51796505,0.91094065,2.1963346,0,4.578077e-07,3.3300952
3923,85,17003,2429,6szt_M4Q_A_601,0,surfdock,0.51796505,0.91094065,2.1963346,0,0,3.3181746
3924,85,17010,2430,6szt_M4Q_B_601,0,surfdock,0.51796505,0.91094065,2.1963346,0,0.037841621,3.2586268
3925,85,17066,2438,6t5p_VD8_A_302,0,surfdock,0.51796505,0.91094065,2.1963346,0,0.99121313,3.3118705
3926,85,17073,2439,6t5p_VD8_C_302,0,surfdock,0.51796505,0.91094065,2.1963346,0,0,3.3303335
3927,85,17080,2440,6t5p_VD8_D_302,0,surfdock,0.51796505,0.91094065,2.1963346,0,0.99554728,3.3310801
3928,85,17199,2457,6tt4_BMA_C_3,0,surfdock,0.51796505,0.91094065,2.1963346,0,0,4.826324
3929,85,17206,2458,6tt4_FT8_A_709,0,surfdock,0.51796505,0.91094065,2.1963346,0,0.99238354,4.0421916
3930,85,17213,2459,6tt4_FT8_B_711,0,surfdock,0.51796505,0.91094065,2.1963346,0,0.43769216,3.9702784
3931,85,17311,2473,6uzr_QM1_B_301,0,surfdock,0.51796505,0.91094065,2.1963346,0,0.017598742,2.9867938
3932,85,17318,2474,6v1e_5SW_A_301,0,surfdock,0.51796505,0.91094065,2.1963346,0,0.98806437,3.7344751
3933,85,17353,2479,6vmz_NAG_A_402,0,surfdock,0.51796505,0.91094065,2.1963346,0,0,2.2575018
3934,85,17360,2480,6vmz_NAG_E_402,0,surfdock,0.51796505,0.91094065,2.1963346,0,0,2.0931056
3935,85,17367,2481,6vmz_R3P_A_404,0,surfdock,0.51796505,0.91094065,2.1963346,0,0,3.3416914
3936,85,17374,2482,6vmz_R3P_C_404,0,surfdock,0.51796505,0.91094065,2.1963346,0,1.4709773e-07,5.4356133
3937,85,17381,2483,6vmz_R3P_E_403,0,surfdock,0.51796505,0.91094065,2.1963346,0,2.4401517e-07,3.3076102
3938,85,17423,2489,6w0x_S6J_A_301,0,surfdock,0.51796505,0.91094065,2.1963346,0,0.96992206,4.0361156
3939,85,17430,2490,6w0x_S6J_B_301,0,surfdock,0.51796505,0.91094065,2.1963346,0,0.98126651,3.9572124
3940,85,17465,2495,6x9d_HYP_B_2002,0,surfdock,0.51796505,0.91094065,2.1963346,0,0.96682013,2.4940242
3941,85,17472,2496,6xeb_V1P_A_411,0,surfdock,0.51796505,0.91094065,2.1963346,0,0,4.4025306
3942,85,17605,2515,6zi7_QR8_A_502,0,surfdock,0.51796505,0.91094065,2.1963346,0,0,3.9709411
3943,85,17612,2516,6zi7_QR8_B_502,0,surfdock,0.51796505,0.91094065,2.1963346,0,0.92980244,3.9360716
3944,85,17619,2517,6zi7_QR8_C_502,0,surfdock,0.51796505,0.91094065,2.1963346,0,0.053298546,3.7864946
3945,85,17626,2518,6zi7_QR8_D_502,0,surfdock,0.51796505,0.91094065,2.1963346,0,2.0707183e-06,3.8965149
3946,85,17633,2519,6zi7_QR8_F_503,0,surfdock,0.51796505,0.91094065,2.1963346,0,0,3.5872403
3947,85,17696,2528,7bqu_EF2_A_501,0,surfdock,0.51796505,0.91094065,2.1963346,0,0.78958698,4.8244849
3948,85,16793,2399,6rgg_K3Q_A_401,0,surfdock,0.51759711,0.90726736,2.1963346,0,0,2.6329973
3949,85,3591,513,1zwp_NIM_A_401,0,surfdock,0.51721586,0.90708729,2.1963346,0,0.9545907,3.0276443
3950,85,16125,2303,6ng5_KMD_A_803,4,gnina,0.32526771,0.90528666,2.1963346,0,0,5.1608901
3951,85,10861,1551,4zo7_BGC_A_805,4,gnina,0.32478234,0.90521464,2.1963346,0,6.2179074e-07,3.321725
3952,85,256,36,1d6u_HY1_A_2001,4,gnina,0.32477235,0.90514261,2.1963346,0,0.99548726,3.365729
3953,85,1999,285,1o28_UFP_A_703,4,gnina,0.32275478,0.90471046,2.1963346,0,0.00034104143,6.1738447
3954,85,8887,1269,4ioq_BAQ_A_201,4,gnina,0.31276872,0.90449438,2.1963346,0,2.1962924e-05,1.3633349
3955,85,4568,652,2iyq_SKM_A_201,4,gnina,0.31255983,0.90442236,2.1963346,0,0.98451484,1.7128113
3956,85,3833,547,2bs8_NAG_A_1177,4,gnina,0.3121798,0.90435033,2.1963346,0,0.53439824,1.9764814
3957,85,16671,2381,6qor_JBK_A_301,4,gnina,0.31164825,0.90427831,2.1963346,0,0.0087774616,1.8637234
3958,85,15621,2231,6jq8_CIT_A_302,4,gnina,0.31123022,0.90406223,2.1963346,0,3.749705e-05,2.0077359
3959,85,8950,1278,4j0k_EGR_B_501,4,gnina,0.31113712,0.9039902,2.1963346,0,0.00053170677,3.1887955
3960,85,7921,1131,4d2c_ALA_A_508,4,gnina,0.31109933,0.90391818,2.1963346,0,0.85472701,2.8464692
3961,85,9517,1359,4n4j_HG1_A_605,4,gnina,0.31098817,0.90384615,2.1963346,0,0.34090253,2.2123981
3962,85,10000,1428,4r2n_PHE_D_402,4,gnina,0.31097633,0.90377413,2.1963346,0,0.022532918,4.0765977
3963,85,1327,189,1jhv_PCR_A_990,4,gnina,0.31075761,0.90334198,2.1963346,0,0.0054470704,1.4717022
3964,85,10273,1467,4ud9_FQI_H_1257,4,gnina,0.31075406,0.9031259,2.1963346,0,0.99684691,2.0277827
3965,85,13346,1906,5r0i_SYV_A_2501,4,gnina,0.31075345,0.90305387,2.1963346,0,1.4983411e-06,1.7652648
3966,85,9041,1291,4jmz_1M2_A_302,4,gnina,0.3107524,0.90290982,2.1963346,0,0.01217083,1.7167228
3967,85,1607,229,1l5o_2MP_A_990,4,gnina,0.31075189,0.9028378,2.1963346,0,0.014184438,2.133076
3968,86,9944,1420,4qe1_RUU_A_403,4,gnina,0.73617162,0.96111031,2.1905985,0,0.66167179,2.1033612
3969,86,4795,685,2o7b_HC4_A_701,0,surfdock,0.72322195,0.95973688,3.2010503,0,0.99474963,2.86893
3970,86,4816,688,2o7b_HC4_E_701,0,surfdock,0.72241082,0.95966459,3.1712554,0,0.99667241,2.9592286
3971,86,4802,686,2o7b_HC4_C_701,0,surfdock,0.51661037,0.91163076,3.2010503,0,0.99752334,2.9806997
3972,86,4809,687,2o7b_HC4_D_701,0,surfdock,0.51661037,0.91163076,3.2010503,0,0.99309925,2.9847246
3973,86,4823,689,2o7b_HC4_G_701,0,surfdock,0.51661037,0.91163076,3.2010503,0,0.99643873,3.0117049
3974,86,15883,2269,6lx5_C5F_B_502,0,surfdock,0.51661037,0.91163076,3.1384618,0,5.4205958e-07,3.3250002
3975,86,16681,2383,6qot_6SD_B_301,0,surfdock,0.51661037,0.91163076,2.4724259,0,0,2.9055812
3976,86,16905,2415,6s4h_KUQ_A_901,0,surfdock,0.51661037,0.91163076,2.1905985,0,0.99250904,3.9862891
3977,86,16912,2416,6s51_KVQ_A_901,0,surfdock,0.51661037,0.91163076,2.1905985,0,0.92601743,3.911074
3978,86,17052,2436,6t10_M6Z_A_601,0,surfdock,0.51661037,0.91163076,2.2198577,0,0.99516666,2.8624808
3979,86,17059,2437,6t10_M6Z_B_601,0,surfdock,0.51661037,0.91163076,2.1905985,0,0,2.5565506
3980,86,17094,2442,6tbx_N0Z_A_302,0,surfdock,0.51661037,0.91163076,2.1905985,0,0,2.745062
3981,86,17101,2443,6tbx_N0Z_B_302,0,surfdock,0.51661037,0.91163076,2.1905985,0,0.99118029,2.6949497
3982,86,17115,2445,6tbx_N0Z_D_302,0,surfdock,0.51661037,0.91163076,2.1905985,0,0,2.479586
3983,86,17122,2446,6tgi_N8Z_A_508,0,surfdock,0.51661037,0.91163076,2.1905985,0,0.99346529,2.872143
3984,86,17129,2447,6tgi_N8Z_B_508,0,surfdock,0.51661037,0.91163076,2.1905985,0,0.99641959,2.8234463
3985,86,17136,2448,6tgl_LVP_B_201,0,surfdock,0.51661037,0.91163076,2.1905985,0,0.98485135,2.6712253
3986,86,17150,2450,6to7_SUV_B_401,0,surfdock,0.51661037,0.91163076,2.9208293,0,0,4.8451533
3987,86,17248,2464,6u6c_PZV_F_802,0,surfdock,0.51661037,0.91163076,2.8020401,0,0.82493413,4.0728295
3988,86,17262,2466,6uo7_QCP_A_504,0,surfdock,0.51661037,0.91163076,2.1905985,0,0.9840092,3.5969037
3989,86,17297,2471,6uvj_QJ1_A_205,0,surfdock,0.51661037,0.91163076,2.4090807,0,0.90871613,3.057739
3990,86,17346,2478,6vlu_CIT_A_701,0,surfdock,0.51661037,0.91163076,2.1905985,0,0.32936247,2.5197273
3991,86,17486,2498,6xim_XLS_B_397,0,surfdock,0.51661037,0.91163076,2.4671898,0,0,2.7509804
3992,86,17493,2499,6xim_XLS_C_397,0,surfdock,0.51661037,0.91163076,2.4427607,0,0,2.6097931
3993,86,17500,2500,6xim_XLS_D_397,0,surfdock,0.51661037,0.91163076,2.4427607,0,0.99130531,2.7630395
3994,86,17521,2503,6xu3_PLG_C_401,0,surfdock,0.51661037,0.91163076,2.1905985,0,0.98334706,3.8449804
3995,86,17528,2504,6xu3_PLP_D_401,0,surfdock,0.51661037,0.91163076,2.1905985,0,0,3.3555834
3996,86,17535,2505,6xzx_O5H_A_302,0,surfdock,0.51661037,0.91163076,2.1905985,0,0.86854814,3.9064581
3997,86,17542,2506,6xzx_O5H_B_302,0,surfdock,0.51661037,0.91163076,2.1905985,0,0.97270403,4.0864214
3998,86,17563,2509,6yaw_P9H_A_301,0,surfdock,0.51661037,0.91163076,2.1905985,0,0,4.5990635
3999,86,17577,2511,6yk5_PVK_A_312,0,surfdock,0.51661037,0.91163076,2.8280175,0,0.99633508,3.3265446
4000,86,17584,2512,6yk6_OUB_A_311,0,surfdock,0.51661037,0.91163076,2.8280175,0,0.99551536,3.3345739
4001,86,17647,2521,6zjw_GAL_A_1101,0,surfdock,0.51661037,0.91163076,2.203943,0,0.99808136,2.6631945
4002,86,17654,2522,6zjw_GAL_A_1102,0,surfdock,0.51661037,0.91163076,2.1905985,0,0.080685273,2.4234933
4003,86,17724,2532,7cne_SIN_A_402,0,surfdock,0.51661037,0.91163076,2.1905985,0,0,2.3433013
4004,86,17780,2540,7kjg_BTM_A_406,0,surfdock,0.51661037,0.91163076,2.6968198,0,0.98037926,3.1350962
4005,86,3206,458,1xin_XYL_B_397,0,surfdock,0.51651308,0.90935377,2.5387981,0,0.98988845,2.6014409
4006,86,12691,1813,5jeh_EVF_B_302,0,surfdock,0.51650103,0.90928148,2.2980216,0,0.99037332,2.7972509
4007,86,791,113,1h48_C5P_D_204,0,surfdock,0.51649886,0.90920919,2.6928508,0,0.98369946,3.4316925
4008,86,5887,841,2z48_A2G_A_1001,0,surfdock,0.51596349,0.90873934,2.3593616,0,0,2.6642257
4009,86,16142,2306,6nga_KL7_B_804,0,surfdock,0.51596349,0.90873934,2.7439237,0,0,3.5794137
4010,86,15950,2278,6mnh_JVD_A_301,4,gnina,0.45303327,0.90834177,2.6543117,0,0.98091392,4.6115322
4011,86,17483,2497,6xim_XLS_A_397,4,gnina,0.3465305,0.90754662,2.8132849,0,0.0029086705,4.6338744
4012,86,5891,841,2z48_A2G_A_1001,4,gnina,0.31194817,0.90700448,2.2290299,0,0.66874474,2.9817969
4013,86,15446,2206,6hmw_FUL_I_201,4,gnina,0.3113025,0.90660691,2.2061136,0,0.99453974,2.3234073
4014,86,2916,416,1v03_BGC_A_1498,4,gnina,0.31067884,0.90631777,3.1241953,0,0.87859552,4.66377
4015,86,4428,632,2hdk_COI_B_900,4,gnina,0.30681071,0.90588405,2.3825576,0,0.48413384,2.4150628
4016,86,4099,585,2eus_ABN_A_400,4,gnina,0.30647661,0.90581177,2.265379,0,0.97263576,1.3476632
4017,86,8992,1284,4j7u_YTZ_C_802,4,gnina,0.30615858,0.90552263,2.2366033,0,0.0011604346,3.6343546
4018,87,17683,2526,7bp1_CAQ_A_401,1,unimol,0.66057383,0.9152278,2.8794451,0,0.99648061,22.97
4019,87,17690,2527,7bp1_CAQ_D_401,1,unimol,0.66057383,0.9152278,2.8571539,0,0.99593816,21.98
4020,87,15463,2209,6ho7_GHQ_A_301,0,surfdock,0.51834629,0.91276117,2.3116903,0,0,3.2805673
4021,87,15498,2214,6i4b_E2N_A_603,0,surfdock,0.51834629,0.91276117,2.1909432,0,0.99096788,3.7158556
4022,87,15505,2215,6i4b_E2N_B_603,0,surfdock,0.51834629,0.91276117,2.1909432,0,7.2887036e-08,3.672595
4023,87,15876,2268,6lx5_C5F_B_501,0,surfdock,0.51834629,0.91276117,2.7853754,0,0.99204312,3.476727
4024,87,16100,2300,6ncx_ADA_B_601,0,surfdock,0.51834629,0.91276117,2.5764406,0,0,2.7753469
4025,87,16107,2301,6ncx_ADA_C_601,0,surfdock,0.51834629,0.91276117,2.6069582,0,0,2.7199956
4026,87,16114,2302,6ncx_ADA_D_601,0,surfdock,0.51834629,0.91276117,2.5764406,0,0,2.6086906
4027,87,17108,2444,6tbx_N0Z_C_303,0,surfdock,0.51834629,0.91276117,3.1749451,0,0.99274841,2.6759466
4028,87,17241,2463,6u6c_P1T_H_504,0,surfdock,0.51834629,0.91276117,3.2059369,0,0.93312254,4.1822315
4029,87,17409,2487,6vv9_RQ1_A_202,0,surfdock,0.51834629,0.91276117,3.161165,0,0.0013911405,3.9090793
4030,87,17682,2526,7bp1_CAQ_A_401,0,surfdock,0.51834629,0.91276117,2.1909432,0,0.99365204,2.1987162
4031,87,17689,2527,7bp1_CAQ_D_401,0,surfdock,0.51834629,0.91276117,2.1909432,0,0.98569628,2.2339641
4032,87,17773,2539,7kje_NRD_A_405,0,surfdock,0.51834629,0.91276117,3.095695,0,0,3.1184695
4033,87,5845,835,2yjd_YJD_B_1498,0,surfdock,0.51799175,0.91163668,2.1909432,0,0,6.6417426
4034,87,15176,2168,6fld_DQ5_A_604,0,surfdock,0.51746561,0.91120139,2.9974601,0,0,3.8511134
4035,87,3595,513,1zwp_NIM_A_401,4,gnina,0.35989333,0.91098375,2.8179708,0,0.00024279211,3.3769507
4036,87,14158,2022,5xmq_PLG_A_501,4,gnina,0.35917333,0.91040337,3.3520722,0,0,5.8792859
4037,87,13794,1970,5v7y_AKG_B_302,4,gnina,0.35912785,0.91033082,2.1909432,0,0.00034394334,2.3910362
4038,87,15390,2198,6gqk_F88_B_1001,4,gnina,0.35718681,0.90967789,2.8585744,0,0.9209999,8.1362973
4039,87,16433,2347,6paf_O6A_A_509,4,gnina,0.35718419,0.90960534,2.255971,0,0.36933115,5.2656393
4040,87,16293,2327,6o1s_7SD_E_803,4,gnina,0.35713778,0.90946024,3.4698441,0,0.31377997,7.8122605
4041,87,8831,1261,4i9n_1E5_G_402,4,gnina,0.35708289,0.9093877,3.3991411,0,0.75722964,8.9967257
4042,87,12037,1719,5g6k_M94_A_904,4,gnina,0.35635159,0.90917005,2.8524456,0,9.852619e-06,4.0784482
4043,87,12212,1744,5hgz_MLA_A_303,4,gnina,0.3552157,0.9090975,2.1909432,0,0,1.4308756
4044,87,1481,211,1kfc_IPL_A_674,4,gnina,0.35054741,0.90895241,2.5675809,0,0.37737549,4.5874445
4045,87,550,78,1g6n_CMP_A_621,4,gnina,0.34804843,0.90866222,2.1909432,0,0.99550708,5.5072319
4046,87,4659,665,2jig_PD2_A_1254,4,gnina,0.34804807,0.90851712,2.1909432,0,0,2.2649153
4047,87,12772,1824,5k2c_ZMA_A_1201,4,gnina,0.34804613,0.90822693,2.5633025,0,0.95025355,5.0256522
4048,87,557,79,1g6n_CMP_B_622,4,gnina,0.34804609,0.90815438,2.1909432,0,0.99234586,4.3178425
4049,87,459,65,1fm8_DDC_A_501,4,gnina,0.34804608,0.90808183,2.1909432,0,6.0014969e-08,2.8806823
4050,87,9559,1365,4n94_2HO_A_401,4,gnina,0.34804606,0.90800929,2.1909432,0,0.005013606,2.3359697
4051,87,6549,935,3u3o_3QV_A_296,4,gnina,0.34804579,0.90786419,3.321574,0,1.4329771e-06,2.4101409
4052,87,4148,592,2f78_BEZ_B_1004,4,gnina,0.34804539,0.90771909,3.1610038,0,0.97528206,1.6596564
4053,87,6213,887,3qhd_MSR_A_166,4,gnina,0.348045,0.907574,2.1909432,0,0.0001756332,1.8665192
4054,87,5429,775,2vjb_CCD_B_1540,4,gnina,0.34804498,0.90750145,3.0272815,0,0.030340774,2.6799656
4055,87,1271,181,1j3i_WRA_A_609,4,gnina,0.34804446,0.90721126,2.1909432,0,0.60342269,11.473046
4056,87,16993,2427,6syz_M1E_B_601,4,gnina,0.34804439,0.90713871,3.0441432,0,0.99566072,1.8965968
4057,87,12366,1766,5i9m_69K_C_302,4,gnina,0.34804398,0.90692107,2.980782,0,0.98740314,2.9328666
4058,87,12352,1764,5i9m_69K_A_302,4,gnina,0.34804376,0.90677597,2.987494,0,0.42843656,3.9847499
4059,87,3588,512,1zuw_DGL_C_3301,4,gnina,0.34804331,0.90648578,2.1909432,0,0.98220046,2.5073306
4060,87,3791,541,2bjf_DXC_A_330,4,gnina,0.34804326,0.90641323,2.4059663,0,1.0000561e-07,3.4514548
4061,87,5926,846,2z48_NGA_A_1003,4,gnina,0.348042,0.90583285,2.2584729,0,0.8858936,2.8103148
4062,87,5310,758,2uuj_896_B_1250,4,gnina,0.34804193,0.9057603,2.7064085,0,0.99403521,5.5167349
4063,87,11491,1641,5dne_ASN_C_601,4,gnina,0.34804081,0.90525247,3.0743122,0,0.99329093,6.8388853
4064,87,2930,418,1v3v_5OP_B_2360,4,gnina,0.34804072,0.90517992,2.1909432,0,2.7811323e-05,2.1978798
4065,87,5933,847,2z48_NGA_A_1004,4,gnina,0.34804054,0.90510737,2.2661109,0,0.14613653,2.4726046
4066,87,3840,548,2bsc_NAG_A_1176,4,gnina,0.34804048,0.90503482,2.1909432,0,0.018844109,2.9876123
4067,87,11477,1639,5dne_ASN_A_601,4,gnina,0.34804015,0.90459954,3.0536401,0,0.99699319,7.2871982
4068,88,14917,2131,6dl7_ONC_G_301,0,surfdock,0.51767393,0.91306247,3.4883611,0,2.3043627e-07,4.5083476
4069,88,15624,2232,6jws_PT1_A_801,0,surfdock,0.51767393,0.91306247,2.1902919,0,0.99481599,4.1123534
4070,88,15631,2233,6jws_PT1_B_801,0,surfdock,0.51767393,0.91306247,2.1902919,0,0.99679335,3.967422
4071,88,17598,2514,6yta_IYZ_A_702,0,surfdock,0.51767393,0.91306247,3.5545833,0,0.98236373,3.7045621
4072,88,17675,2525,7ak3_RH8_A_501,0,surfdock,0.51767393,0.91306247,3.3866572,0,0,4.2271518
4073,88,17731,2533,7cwd_GAL_A_902,0,surfdock,0.51767393,0.91306247,2.6857829,0,0.92003339,2.509627
4074,88,6937,991,3wgc_PLG_B_401,0,surfdock,0.51673887,0.91222513,3.194382,0,0.99242287,3.8141048
4075,88,13377,1911,5sga_TYR_P_1,0,surfdock,0.51673887,0.91222513,2.5304346,0,0,4.7938696
4076,88,2993,427,1vzu_UDP_A_1371,4,gnina,0.39644801,0.9120431,3.1898227,0,0.77646263,5.2704683
4077,88,16146,2306,6nga_KL7_B_804,4,gnina,0.39591602,0.91197029,3.2361012,0,4.6654064e-06,5.1512299
4078,88,6255,893,3qwi_CUE_D_272,4,gnina,0.39259407,0.91146061,2.1902919,0,6.3207392e-07,3.0645171
4079,88,5877,839,2z20_PLP_B_801,4,gnina,0.39254104,0.91131498,2.3099458,0,0.93804712,2.8053024
4080,88,7109,1015,3zbs_OVE_A_1380,4,gnina,0.3925349,0.91124217,2.1902919,0,0.85478272,4.3390623
4081,88,8278,1182,4ekr_0R0_B_203,4,gnina,0.39251931,0.91109655,2.1902919,0,0.12591395,1.8804431
4082,88,17329,2475,6v8n_QS1_A_1704,4,gnina,0.39251643,0.91102374,2.1902919,0,0.92450931,8.766993
4083,88,7081,1011,3wxo_NIZ_A_803,4,gnina,0.39251455,0.91095092,2.1902919,0,0.00016827594,2.3617696
4084,88,11379,1625,5cr1_STL_B_201,4,gnina,0.39250754,0.91087811,2.1902919,0,2.3943964e-07,2.3355965
4085,88,10812,1544,4zdz_TPF_A_602,4,gnina,0.39249804,0.9108053,3.2837131,0,2.6890642e-05,3.4420669
4086,88,9748,1392,4oxy_1TN_D_302,4,gnina,0.39249799,0.91073249,2.1902919,0,0.98864134,5.4590274
4087,88,10469,1495,4wmz_TPF_A_602,4,gnina,0.39248224,0.91036843,3.3957248,0,1.1269131e-05,3.5990536
4088,88,13850,1978,5vl0_BNF_D_404,4,gnina,0.39247253,0.9102228,2.1902919,0,0.87436639,3.7250975
4089,88,16083,2297,6nba_P1T_D_501,4,gnina,0.39246504,0.90993156,2.6970544,0,0.97476192,13.201151
4090,88,7123,1017,3zjq_NCA_A_300,4,gnina,0.39246345,0.90978593,3.4993017,0,6.0154675e-06,1.5282748
4091,88,17518,2502,6xu3_GAB_B_402,4,gnina,0.39245848,0.90971312,2.5043426,0,0.011252634,4.681571
4092,88,3805,543,2bk3_FOF_B_1498,4,gnina,0.3924553,0.90964031,2.1902919,0,0.64327053,3.7108719
4093,88,6045,863,2zm9_ACA_A_501,4,gnina,0.39245493,0.9095675,3.4966798,0,9.5734583e-11,5.1003806
4094,88,2076,296,1om5_INE_A_790,4,gnina,0.39245456,0.90949468,2.875195,0,2.7932529e-05,2.1976963
4095,88,6150,878,3kt7_AKG_A_702,4,gnina,0.39244815,0.90934906,3.0505862,0,0,3.6545273
4096,89,15180,2168,6fld_DQ5_A_604,4,gnina,0.38891799,0.91237414,2.1892676,0,0,7.0687706
4097,89,13577,1939,5tm5_7EV_B_601,4,gnina,0.38652758,0.91219174,2.6300609,0,0,5.9534922
4098,89,9629,1375,4nkw_PLO_C_601,4,gnina,0.38636023,0.91200934,2.1892676,0,0.99258858,6.3839773
4099,89,6556,936,3u3o_3QV_A_297,4,gnina,0.38630956,0.91179046,2.8072374,0,1.4433102e-05,2.0358462
4100,89,5114,730,2qd4_CHD_B_926,4,gnina,0.38630293,0.91164454,3.3239796,0,7.7195174e-06,4.2280959
4101,89,17742,2534,7cwd_GLC_A_901,4,gnina,0.38629027,0.91142565,2.2266121,0,0.013983677,2.6057889
4102,89,9118,1302,4k5u_GAL_D_301,4,gnina,0.38628844,0.91135269,3.2654347,0,0.97369752,2.1917674
4103,89,15075,2153,6f6a_CU5_A_301,4,gnina,0.38627151,0.91120677,3.1999252,0,5.0960845e-06,4.0754591
4104,89,11,1,19gs_BSP_B_210,4,gnina,0.38626826,0.91098789,2.1892676,0,2.4252396e-05,1.6902626
4105,89,3490,498,1zgj_P1S_A_0,4,gnina,0.38626663,0.91091493,2.4755876,0,0.97137338,2.6629903
4106,89,17147,2449,6to7_SUV_A_401,4,gnina,0.38625073,0.91069605,3.3946502,0,0.9977419,5.8757869
4107,89,8138,1162,4e7v_CRS_1_101,4,gnina,0.38624861,0.91062308,2.1892676,0,0.27938768,1.8732594
4108,89,9104,1300,4k5u_GAL_B_301,4,gnina,0.38624666,0.9104042,3.290663,0,0.98764343,2.0890665
4109,89,8474,1210,4h0x_LAR_B_403,4,gnina,0.38624489,0.91033124,2.1892676,0,0.99747829,4.1876457
4110,89,5086,726,2qcx_PF1_B_300,4,gnina,0.38624329,0.91011236,2.9649742,0,0.57505882,3.594051
4111,89,725,103,1h18_PYR_A_1001,4,gnina,0.38623743,0.90996644,2.8708806,0,0.9379037,3.7234212
4112,89,13962,1994,5w8q_BU4_B_400,4,gnina,0.38622761,0.90960163,2.1892676,0,0.75891852,1.8371706
4113,89,4,0,19gs_BSP_A_210,4,gnina,0.38621935,0.90938275,2.1892676,0,0.0039881531,1.7116046
4114,89,6878,982,3wat_BGC_A_403,4,gnina,0.38621314,0.90916387,2.859957,0,9.098236e-05,2.3900385
4115,89,9384,1340,4mgj_CPZ_A_502,4,gnina,0.38620913,0.90909091,2.1892676,0,2.4505765e-05,1.801561
4116,89,14018,2002,5wqp_NCA_A_302,4,gnina,0.38620551,0.90901795,2.1892676,0,5.5159792e-06,1.7056512
4117,89,5954,850,2z48_NGA_B_2004,4,gnina,0.38620347,0.90894499,2.8294346,0,0.1194217,2.6482996
4118,89,8712,1244,4i4v_NGA_B_202,4,gnina,0.38618884,0.90879907,3.0145442,0,0.81798704,3.0770289
4119,89,326,46,1dpm_EBP_B_903,4,gnina,0.38618556,0.90872611,2.5414314,0,7.1840838e-10,2.7964525
4120,89,6885,983,3wat_BGC_B_403,4,gnina,0.38618302,0.90865314,2.859957,0,3.2307756e-05,2.0956614
4121,89,9216,1316,4l4d_CAM_A_503,4,gnina,0.38618099,0.90858018,2.1892676,0,0.047347539,1.4516746
4122,89,9874,1410,4pxd_1AL_A_502,4,gnina,0.38617363,0.90828834,2.5210602,0,0.9971479,2.6062577
4123,89,8285,1183,4evi_C9M_A_402,4,gnina,0.3861732,0.90821538,2.8847606,0,0.98952122,3.7064151
4124,89,4967,709,2pt6_S4M_B_502,4,gnina,0.38617258,0.90814242,2.9862018,0,0.98951126,6.3642084
4125,89,340,48,1dy3_87Y_A_201,4,gnina,0.38616648,0.90792354,2.4917538,0,0.98708305,4.3140271
4126,89,6038,862,2zm7_ACA_A_501,4,gnina,0.38616087,0.90777762,2.715678,0,6.596368e-09,4.8009106
4127,89,17343,2477,6vei_9UO_B_502,4,gnina,0.38616046,0.90770465,3.2654023,0,0.97403451,7.6523956
4128,89,17189,2455,6tot_NRK_A_401,4,gnina,0.38615419,0.90755873,2.3570211,0,0.80648131,6.4207163
4129,89,17196,2456,6tot_NRK_B_401,4,gnina,0.38615381,0.90748577,2.3506308,0,0.82665079,7.4333939
4130,89,17672,2524,7a2h_QX2_A_401,4,gnina,0.38613943,0.90712097,3.1630523,0,0.0031100341,1.4572699
4131,89,1376,196,1jyx_IPT_A_2001,4,gnina,0.38612729,0.90682913,3.2507119,0,0.64785474,26.090567
4132,89,8719,1245,4i4v_NGA_D_202,4,gnina,0.38612416,0.90675617,2.9256544,0,0.81738689,2.3198687
4133,89,5079,725,2qcx_PF1_A_300,4,gnina,0.38612145,0.90661024,2.9759564,0,0.35760892,2.754275
4134,89,1383,197,1jyx_IPT_A_2002,4,gnina,0.38612144,0.90653728,3.1485498,0,0.012471473,18.065182
4135,89,4141,591,2f78_BEZ_A_1003,4,gnina,0.38611817,0.90646432,3.4050899,0,0.41110663,1.632675
4136,89,17000,2428,6sz3_M1H_B_601,4,gnina,0.38610804,0.9063184,2.4852397,0,0.049964074,1.6896186
4137,89,179,25,1bqp_MAN_C_402,4,gnina,0.38609721,0.90602656,2.3365321,0,0.97895466,1.8007861
4138,89,5415,773,2vjb_CCD_A_1540,4,gnina,0.38609688,0.9059536,3.4161756,0,0.00042257663,2.6888473
4139,89,13717,1959,5uio_8DM_D_202,4,gnina,0.38609407,0.90588064,2.7172122,0,0.98803698,3.8281344
4140,89,8159,1165,4e7v_CRS_C_101,4,gnina,0.38609123,0.90580768,2.1892676,0,0.96273961,1.8963907
4141,89,2671,381,1thc_FL9_B_131,4,gnina,0.38608961,0.90573471,3.0506577,0,7.0184595e-06,1.3493059
4142,89,9489,1355,4n36_2F8_A_401,4,gnina,0.38608746,0.90566175,2.4919219,0,0.91606176,2.9203129
4143,89,1299,185,1ja9_PYQ_A_406,4,gnina,0.38608303,0.90558879,3.504704,0,0.013991928,1.826398
4144,89,6066,866,2ztl_3HL_D_301,4,gnina,0.38606712,0.90551583,3.1786785,0,0,2.1573102
4145,89,4687,669,2npq_BOG_A_1000,4,gnina,0.38606496,0.90544287,2.7051141,0,0.94715117,4.2800804
4146,90,17087,2441,6t9c_MX8_A_501,0,surfdock,0.51794961,0.91271236,2.170136,0,0,4.213201
4147,90,3728,532,2b3f_GAL_A_3310,4,gnina,0.41988805,0.91198008,3.4859278,0,0.99721077,12.332759
4148,90,3581,511,1zuw_DGL_A_1301,4,gnina,0.41979981,0.91154071,2.6184416,0,0.99264585,2.4690437
4149,90,2867,409,1u2o_NEC_B_1002,4,gnina,0.41976252,0.9112478,3.0265801,0,0.96731487,3.9004134
4150,90,8012,1144,4dch_GLC_A_501,4,gnina,0.41975195,0.91110135,2.170136,0,0.96669289,1.7665904
4151,90,15992,2284,6mwl_K5G_A_301,4,gnina,0.41973471,0.91088166,2.3927383,0,0.47563187,3.4260165
4152,90,7627,1089,4cju_JNS_B_1214,4,gnina,0.41973442,0.91080844,3.1390994,0,0.99408154,3.0164537
4153,90,39,5,1ac4_TMT_A_296,4,gnina,0.41971264,0.91051552,2.170136,0,0.95959659,1.4505376
4154,90,2839,405,1u1g_BBB_C_5300,4,gnina,0.41970737,0.9104423,2.7555745,0,0.32774737,8.2151757
4155,90,17049,2435,6t0m_GOZ_A_305,4,gnina,0.41967826,0.91036907,2.4959016,0,0.51246344,5.9071606
4156,90,14837,2119,6cgn_DA_A_801,4,gnina,0.41962711,0.91014938,2.4507878,0,0.17996551,4.0108665
4157,90,522,74,1fuy_FIP_A_269,4,gnina,0.41958149,0.90978325,2.6269586,0,0.82269911,3.7363464
4158,90,5247,749,2r4t_GLC_A_502,4,gnina,0.41957743,0.90971002,2.9563565,0,0.97870714,1.9452048
4159,90,17406,2486,6vv1_RMJ_A_501,4,gnina,0.41956666,0.90963679,2.170136,0,2.8041633e-05,5.5888754
4160,90,7179,1025,3zwe_FUC_A_110,4,gnina,0.41955242,0.90941711,2.170136,0,0.99732843,1.4372733
4161,90,13738,1962,5uj3_CE4_A_302,4,gnina,0.41954199,0.90934388,2.170136,0,0.0001311768,6.2709351
4162,90,669,95,1gz5_G6P_B_901,4,gnina,0.41949941,0.90905097,2.7139618,0,1.2221562e-06,5.079922
4163,90,2608,372,1sz6_NAG_B_5002,4,gnina,0.41942856,0.90897774,3.4766934,0,2.1621625e-05,2.0338941
4164,90,2825,403,1u1g_BBB_A_3300,4,gnina,0.41942692,0.90890451,2.7751431,0,3.6819806e-05,8.5094203
4165,90,1096,156,1ia1_TQ3_B_196,4,gnina,0.41938982,0.90853837,2.170136,0,0.99739114,2.6194083
4166,90,1411,201,1k5s_GRO_B_601,4,gnina,0.41937158,0.90839192,3.3231194,0,0.89925485,2.1381258
4167,90,5968,852,2z6j_TUI_A_501,4,gnina,0.41936737,0.90817223,3.3876028,0,2.109236e-13,8.8261721
4168,90,9825,1403,4pik_MAN_A_501,4,gnina,0.41936461,0.908099,3.3314452,0,0.99454936,2.0186737
4169,90,410,58,1eyw_PEL_A_404,4,gnina,0.41934543,0.90795255,2.170136,0,0.15232892,1.6115583
4170,90,13710,1958,5uio_8DM_C_202,4,gnina,0.41933437,0.90787932,2.2538536,0,0.67561793,4.40571
4171,90,4351,621,2gn2_C5P_A_400,4,gnina,0.41932916,0.90780609,2.170136,0,3.6028831e-07,4.0968171
4172,90,10196,1456,4u7g_K17_B_303,4,gnina,0.41931556,0.90773286,3.1396856,0,3.2205703e-06,1.6042345
4173,90,2685,383,1tkh_DPN_A_911,4,gnina,0.41931466,0.90765964,2.8441434,0,2.9396386e-05,1.8990476
4174,90,3273,467,1y2x_NAG_B_1144,4,gnina,0.41927162,0.90743995,2.170136,0,0.99351531,2.803295
4175,90,10504,1500,4ws6_WBU_A_301,4,gnina,0.41926803,0.90736673,2.170136,0,5.1519438e-07,1.89395
4176,90,9496,1356,4n36_2F8_B_401,4,gnina,0.4192362,0.90722027,3.0897887,0,0.75492842,2.9705293
4177,90,12751,1821,5joy_6LW_A_602,4,gnina,0.41922376,0.90707381,2.4889286,0,3.3946291e-05,2.44784
4178,90,676,96,1gz5_G6P_C_901,4,gnina,0.41922059,0.90700059,2.7617545,0,3.3112043e-06,5.2826121
4179,90,4582,654,2j1s_FUL_A_1153,4,gnina,0.41921278,0.90685413,2.170136,0,0.9956599,1.9285014
4180,90,16664,2380,6qol_JB5_B_301,4,gnina,0.41919475,0.90656122,2.2864165,0,0.00061054468,2.1297274
4181,90,13892,1984,5vv5_9OJ_B_803,4,gnina,0.41917045,0.90641476,3.4405985,0,3.090196e-10,5.797696
4182,90,8635,1233,4i02_CMP_C_301,4,gnina,0.41916818,0.90634153,3.2100363,0,0.9934277,4.467949
4183,90,9503,1357,4n36_2F8_C_401,4,gnina,0.4191597,0.90619508,3.1398435,0,0,2.4736571
4184,90,10189,1455,4u7g_K17_A_303,4,gnina,0.41914325,0.90604862,3.361269,0,8.8602677e-06,1.5381881
4185,90,4463,637,2i1v_F6P_B_720,4,gnina,0.41913934,0.90582894,2.9410012,0,0,2.613236
4186,90,6241,891,3qt8_FM0_B_328,4,gnina,0.41913814,0.90575571,3.2408822,0,0.002624238,4.5617171
4187,90,2832,404,1u1g_BBB_B_4300,4,gnina,0.41912779,0.90553603,2.7444379,0,0.14448488,8.2785793
4188,90,12807,1829,5kcp_PFB_B_378,4,gnina,0.4190923,0.90538957,3.4279902,0,0.95752684,2.5511463
4189,90,10952,1564,4zvz_4TF_A_503,4,gnina,0.41908585,0.90531634,2.1826661,0,0.0037835134,4.3956965
4190,90,8705,1243,4i4v_NGA_B_201,4,gnina,0.41907585,0.90516989,3.3085506,0,0.86158138,2.1885873
4191,90,2846,406,1u1g_BBB_D_6300,4,gnina,0.4190704,0.90509666,2.7444379,0,0.98137212,8.5963545
4192,90,1915,273,1ngp_NPA_H_302,4,gnina,0.41907008,0.90502343,2.170136,0,0.79716352,2.0821014
4193,90,5499,785,2vzu_PNJ_A_1901,4,gnina,0.41903464,0.90480375,3.4463639,0,0.34050616,6.8931338
4194,90,14375,2053,5ylf_BGC_A_401,4,gnina,0.41900387,0.90458407,2.170136,0,0.0197927,2.0589642
4195,90,13493,1927,5tde_2HP_B_902,4,gnina,0.41898696,0.90443761,2.170136,0,0.009372456,1.9107184
4196,91,10451,1493,4wdx_WDX_A_402,0,surfdock,0.51736524,0.91206086,2.913466,0,0,3.5711269
4197,91,15747,2249,6kxh_DY9_A_401,4,gnina,0.43095317,0.91187711,2.7014709,0,0.99642073,3.8347298
4198,91,5534,790,2wch_B7M_A_1145,4,gnina,0.43070083,0.91143613,2.3815343,0,1.7528431e-06,4.0295008
4199,91,4267,609,2fyd_BGC_D_530,4,gnina,0.43062293,0.91106865,2.8565156,0,0.19660342,2.5734905
4200,91,6766,966,3vq4_0NX_A_304,4,gnina,0.43061449,0.91099515,3.1534293,0,0.9726435,1.7668683
4201,91,15754,2250,6kxh_DY9_B_402,4,gnina,0.43060669,0.91092165,2.7101989,0,0.99782159,3.7200828
4202,91,13829,1975,5vl0_BNF_A_404,4,gnina,0.43060517,0.91077466,2.1595244,0,0.73291573,3.7520729
4203,91,11764,1680,5faj_DCS_D_401,4,gnina,0.43034274,0.91003969,2.465925,0,0,7.3203016
4204,91,7137,1019,3zks_WZV_A_1398,4,gnina,0.43017497,0.90937822,2.6277919,0,0.0013204761,6.7521408
4205,91,1579,225,1kya_XYD_D_814,4,gnina,0.43002626,0.90893723,2.1595244,0,0.99324334,6.7108782
4206,91,13080,1868,5mzp_CFF_A_2401,4,gnina,0.43001158,0.90886374,2.9780567,0,0.040571855,1.6443486
4207,91,11757,1679,5faj_DCS_B_401,4,gnina,0.4299958,0.90879024,3.0125878,0,0.99189618,8.0216131
4208,91,4386,626,2gyv_HBP_B_545,4,gnina,0.42994912,0.90856975,2.6708846,0,0.35360649,7.0892713
4209,91,12002,1714,5g44_SWX_A_1511,4,gnina,0.42990181,0.90834926,3.0352814,0,2.076966e-06,2.0348691
4210,91,1355,193,1jtk_THU_A_138,4,gnina,0.42988765,0.90820226,3.0709496,0,0.97278509,2.6432747
4211,91,144,20,1axg_ETF_A_404,4,gnina,0.42978776,0.90783478,2.1595244,0,0.92941759,2.8769368
4212,91,7795,1113,4cno_9PY_B_301,4,gnina,0.42968566,0.9073203,2.6879737,0,0.99307578,2.5264147
4213,91,8691,1241,4i4v_NGA_A_201,4,gnina,0.4296802,0.9072468,3.235194,0,0.9838492,3.183956
4214,91,3448,492,1zei_CRS_D_54,4,gnina,0.42967155,0.90717331,2.1595244,0,0.99369211,1.8616979
4215,91,8404,1200,4ghf_4NC_C_402,4,gnina,0.42964372,0.90687932,2.2613981,0,0.002341934,5.5800991
4216,91,13353,1907,5r0j_RBJ_B_401,4,gnina,0.42963439,0.90680582,2.4071763,0,0.94736451,2.0582342
4217,91,4694,670,2npq_BOG_A_2000,4,gnina,0.42962925,0.90673232,2.1595244,0,0,4.3949989
4218,91,8264,1180,4ek1_CAM_A_502,4,gnina,0.42962102,0.90665883,2.9426773,0,0.046482637,2.0064011
4219,91,1159,165,1isx_XYP_A_1461,4,gnina,0.42962058,0.90658533,2.1595244,0,0.97624465,2.6410294
4220,91,12191,1741,5hc0_NPO_A_407,4,gnina,0.42959917,0.90643834,2.410516,0,0,1.5035544
4221,91,2664,380,1thc_FL9_B_130,4,gnina,0.42958825,0.90636484,3.2316058,0,1.7245159e-08,2.6749357
4222,91,10217,1459,4u8y_MIY_B_1102,4,gnina,0.42953996,0.90629134,3.1346936,0,0,15.126139
4223,91,8593,1227,4hxk_1AJ_A_201,4,gnina,0.4295083,0.90614435,2.1595244,0,1.5934067e-05,1.7914203
4224,91,10175,1453,4tyv_BGC_B_701,4,gnina,0.42947065,0.90599735,2.8244679,0,0.0079766368,2.5212614
4225,91,16608,2372,6qdc_HXE_A_1004,4,gnina,0.42946434,0.90585036,2.6729424,0,0.016836085,4.8541099
4226,91,10483,1497,4wqq_MAN_C_204,4,gnina,0.42941496,0.90562987,3.1902013,0,0.024335351,1.889148
4227,91,15943,2277,6md2_GW9_B_501,4,gnina,0.42939865,0.90540938,2.5767314,0,0,2.6788485
4228,91,2496,356,1s2c_FLF_A_2002,4,gnina,0.42925857,0.9048949,3.1500301,0,0.045958932,2.9691558
4229,91,4001,571,2d3n_GLC_A_608,4,gnina,0.42922141,0.90474791,2.4669659,0,0.00070214434,3.2671937
4230,91,221,31,1cib_HDA_A_437,4,gnina,0.42921762,0.90467441,2.7869523,0,0.95844255,1.614498
4231,91,7802,1114,4cno_9PY_C_301,4,gnina,0.429185,0.90445392,2.6796801,0,0.42788562,2.5902082
4232,91,2657,379,1thc_FL9_A_130,4,gnina,0.42918264,0.90438042,3.1358564,0,4.4278506e-08,3.1392394
4233,91,17399,2485,6vo2_R67_B_403,4,gnina,0.4291212,0.90430692,2.1595244,0,0,2.1136315
4234,91,16615,2373,6qde_HWW_A_502,4,gnina,0.42907402,0.90408643,2.2397201,0,0,6.0091414
4235,91,10833,1547,4zib_4OG_A_512,4,gnina,0.42904066,0.90401294,2.1595244,0,0.81063047,2.1723735
4236,91,8733,1247,4i6s_FUC_A_102,4,gnina,0.4290189,0.90386594,2.2083368,0,0.99747072,1.5271136
4237,91,14809,2115,6c6w_TFX_A_502,4,gnina,0.42898897,0.90371895,2.2785063,0,5.8058256e-09,2.3585489
4238,91,2419,345,1r4s_MUA_A_800,4,gnina,0.42898335,0.90364545,2.1595244,0,0.98834243,1.8199798
4239,91,7620,1088,4cju_JNS_A_1217,4,gnina,0.42897786,0.90357195,3.0797429,0,0.99445078,2.817567
4240,91,3000,428,1w1a_NDG_1_1261,4,gnina,0.42888899,0.90327797,2.2266588,0,0.0012541785,2.3474687
4241,91,11176,1596,5av4_GEN_A_400,4,gnina,0.4288611,0.90305747,3.1356025,0,0.98818979,2.9601885
4242,91,8383,1197,4gcq_0JM_A_401,4,gnina,0.42885016,0.90291048,3.1704261,0,0.87789235,4.7088284
4243,91,4470,638,2i1v_FDP_B_710,4,gnina,0.42880016,0.90261649,2.9635625,0,0.73499334,3.6451436
4244,91,17448,2492,6wdw_TWV_A_701,4,gnina,0.42876571,0.902396,3.0676825,0,0.63457327,5.2870272
4245,91,16839,2405,6rgr_RM4_A_402,4,gnina,0.42875714,0.9023225,2.3834383,0,0.70274651,1.582826
4246,92,15456,2208,6ho2_GHN_A_301,0,surfdock,0.51755483,0.91210534,2.8143523,0,0,4.6454905
4247,92,17269,2467,6uqd_QF4_A_501,0,surfdock,0.51755483,0.91210534,3.0545313,0,0,4.6175255
4248,92,17745,2535,7est_0Z2_E_1,0,surfdock,0.51755483,0.91210534,3.2380781,0,0.97246926,4.3457963
4249,92,4113,587,2ex1_C5P_A_1427,4,gnina,0.43988015,0.9110357,3.2071881,0,0.99127305,4.1560469
4250,92,543,77,1g4s_TPS_B_2002,4,gnina,0.43983589,0.91096194,3.2612877,0,0,4.1829467
4251,92,5030,718,2q28_TPP_B_5001,4,gnina,0.43971199,0.9108144,3.0051656,0,0.79933846,8.0374359
4252,92,5492,784,2vss_V55_D_1250,4,gnina,0.43954204,0.91022425,2.1435933,0,0.049314917,4.0962787
4253,92,4960,708,2pt6_S4M_A_501,4,gnina,0.43938304,0.90992918,2.4322426,0,0.98863972,6.4535641
4254,92,6479,925,3tky_N7I_A_369,4,gnina,0.43936706,0.90985541,2.1435933,0,0,4.0179039
4255,92,16517,2359,6ps7_ZMA_A_1201,4,gnina,0.43921851,0.90948657,2.8668523,0,2.6371419e-05,4.4335977
4256,92,5702,814,2xmi_FLC_A_1379,4,gnina,0.43916828,0.90933904,3.1935484,0,0.0093724617,2.0739271
4257,92,1040,148,1hot_16G_A_269,4,gnina,0.4391313,0.90926527,2.8541663,0,2.5018792e-08,3.1511857
4258,92,2216,316,1pl6_572_C_409,4,gnina,0.43909661,0.90904397,3.4685612,0,0.27721091,4.650796
4259,92,2223,317,1pl6_572_D_411,4,gnina,0.43901721,0.90889643,3.5083356,0,0.48072733,4.623612
4260,92,17791,2541,8cpp_TCM_A_422,4,gnina,0.43890504,0.90860136,2.8579917,0,0.043855689,1.8443851
4261,92,1628,232,1ldo_SNR_A_150,4,gnina,0.43878395,0.90830629,3.3680663,0,0,2.4836275
4262,92,1880,268,1n3o_GYP_A_1001,4,gnina,0.43872146,0.90808498,3.2819588,0,0.9763628,1.9631277
4263,92,2622,374,1t87_CAM_A_1422,4,gnina,0.43862359,0.90786368,2.4681435,0,0.034438836,2.0421997
4264,92,5870,838,2z20_PLP_A_701,4,gnina,0.43850487,0.90764237,3.4223299,0,0.91180688,3.1777387
4265,92,8397,1199,4ghf_4NC_A_402,4,gnina,0.43845542,0.9075686,3.0257306,0,0.002936082,5.3948219
4266,92,1887,269,1n3o_GYP_B_1101,4,gnina,0.43843215,0.90742107,3.2819588,0,0.0016164724,2.4224077
4267,92,6423,917,3sli_SKD_A_760,4,gnina,0.4384307,0.9073473,2.729131,0,0.97718353,3.6644985
4268,92,81,11,1aj8_CIT_A_1000,4,gnina,0.43841714,0.90727353,3.7348497,0,0,2.4958698
4269,92,1971,281,1nrg_PLP_A_320,4,gnina,0.43841175,0.90719976,3.4285676,0,0.00033097656,2.3689696
4270,92,8411,1201,4ghf_4NC_D_402,4,gnina,0.43826298,0.90690469,3.0257306,0,0,5.7387673
4271,92,10882,1554,4zsy_RW2_A_502,4,gnina,0.43820167,0.90675716,3.5369618,0,0.98971159,19.421088
4272,92,12758,1822,5joy_6LW_B_602,4,gnina,0.43811358,0.90668339,2.6714194,0,5.2882408e-06,2.4303169
4273,92,9272,1324,4lcq_URQ_A_603,4,gnina,0.4379664,0.90638832,2.1435933,0,0.97097524,2.5367585
4274,93,13573,1939,5tm5_7EV_B_601,0,surfdock,0.5334303,0.91225606,3.4597731,0,0,4.2876879
4275,93,9552,1364,4n6w_FLC_A_203,4,gnina,0.43127145,0.91129509,2.7843385,0,0.99702905,2.4970976
4276,93,4652,664,2ji6_TPW_B_1566,4,gnina,0.43124314,0.91122117,3.4764788,0,0.88298473,7.3856389
4277,93,5135,733,2qgw_EES_A_1,4,gnina,0.43124058,0.91114725,3.0015748,0,6.0958722e-07,3.2683801
4278,93,11484,1640,5dne_ASN_B_601,4,gnina,0.4310761,0.91107333,3.2897098,0,0.99318145,6.8838173
4279,93,9965,1423,4qxc_OGA_C_600,4,gnina,0.43104754,0.91099941,2.1427894,0,0,2.9292253
4280,93,4645,663,2ji6_TPW_A_1566,4,gnina,0.43101669,0.91085157,3.5178211,0,0.85297273,7.1400679
4281,93,11498,1642,5dne_ASN_D_601,4,gnina,0.43100496,0.91077765,3.2609782,0,0.99412384,6.9803881
4282,93,1432,204,1kar_HSM_B_503,4,gnina,0.4307841,0.91033412,2.1427894,0,3.8082026e-06,2.4403294
4283,93,5128,732,2qg6_NMN_A_301,4,gnina,0.43073483,0.9102602,3.5130153,0,0.98589242,4.2708438
4284,93,14585,2083,6a6s_FSA_A_502,4,gnina,0.43071374,0.91018628,2.5453818,0,4.2923524e-06,2.428519
4285,93,2489,355,1s2c_FLF_A_2001,4,gnina,0.43050425,0.9098906,3.2840016,0,7.6263792e-07,3.2563441
4286,93,6661,951,3vc3_C6P_D_501,4,gnina,0.43049453,0.90981668,3.305835,0,0.93963866,9.8743895
4287,93,9461,1351,4mpr_TPP_A_602,4,gnina,0.43038582,0.90966884,2.958184,0,0.066398459,8.4519269
4288,93,6654,950,3vc3_C6P_C_501,4,gnina,0.43029825,0.90952099,3.2573953,0,0.94894499,8.1998613
4289,93,5905,843,2z48_A2G_B_2001,4,gnina,0.43010868,0.90907747,2.8729424,0,0.89976222,2.6216648
4290,93,2601,371,1sz6_NAG_B_5001,4,gnina,0.42985613,0.90878179,3.1856389,0,1.9886327e-06,2.0416947
4291,93,5912,844,2z48_A2G_B_2005,4,gnina,0.4297742,0.90863394,2.8733006,0,0.88704387,2.7595972
4292,93,11148,1592,5aov_GLV_A_1336,4,gnina,0.42941278,0.90819042,2.7317009,0,0,1.4018824
4293,93,837,119,1h48_CDI_D_201,4,gnina,0.42925791,0.90782082,3.2426257,0,0.98409532,3.1540632
4294,93,12912,1844,5la1_XYP_A_602,4,gnina,0.42925688,0.9077469,2.8103256,0,0.16214341,1.4610784
4295,93,1859,265,1msv_PUT_A_355,4,gnina,0.42924875,0.90767297,2.9698806,0,0.90418271,1.9319796
4296,93,15901,2271,6m92_J8V_A_601,4,gnina,0.42922737,0.90759905,3.4686024,0,0.098659851,6.2773375
4297,93,11512,1644,5dnx_5LD_B_205,4,gnina,0.42921968,0.90752513,2.1427894,0,0.3184792,3.6957106
4298,93,12072,1724,5gto_MYR_A_502,4,gnina,0.42914773,0.90722945,3.2842069,0,0,4.2408337
4299,93,14781,2111,6c17_DNX_A_202,4,gnina,0.42909661,0.90708161,2.2580488,0,0.082757418,2.6947804
4300,93,88,12,1aj8_CIT_B_2000,4,gnina,0.42909056,0.90700769,3.3761005,0,0.96574497,3.5601769
4301,93,10539,1505,4x36_CHT_A_412,4,gnina,0.42904467,0.90685985,2.1427894,0,0.061966186,1.4664123
4302,93,9440,1348,4mop_2H5_A_802,4,gnina,0.4290168,0.90678593,2.6547925,0,2.4594775e-06,7.3053959
4303,93,200,28,1ca7_ENO_A_501,4,gnina,0.42889698,0.90626848,2.1674817,0,0.97297985,1.99551
4304,93,7172,1024,3zv6_4HB_A_1277,4,gnina,0.4286785,0.9059728,2.1427894,0,0.11419696,2.0093179
4305,93,10497,1499,4ws2_6UA_A_303,4,gnina,0.42867426,0.90589888,2.2875857,0,0.11160692,1.3137657
4306,93,12100,1728,5gwx_SAR_A_302,4,gnina,0.42859973,0.90582496,3.3382008,0,0.82752785,1.5226408
4307,93,6444,920,3t2e_F6R_A_3469,4,gnina,0.42855817,0.90567711,2.9917417,0,1.1495919e-09,3.166503
4308,93,2790,398,1tuu_PIS_B_2854,4,gnina,0.42850812,0.90552927,3.4930634,0,0,2.5181381
4309,93,6031,861,2zka_AZA_A_302,4,gnina,0.42848619,0.90538143,2.1427894,0,0.9862864,1.5729749
4310,93,16895,2413,6s23_KSW_A_403,4,gnina,0.42840258,0.90530751,3.0728807,0,0.013875394,1.7561305
4311,93,3266,466,1y2x_NAG_A_144,4,gnina,0.42827078,0.90501183,2.5567424,0,0.99068784,2.2440601
4312,93,8208,1172,4e7v_CRS_S_101,4,gnina,0.42821207,0.90471614,2.4210091,0,0.31859733,1.8865939
4313,93,6801,971,3vv5_SLZ_B_301,4,gnina,0.42820723,0.90464222,2.4827275,0,0.91289648,2.4918529
4314,93,13066,1866,5mxh_GAL_A_402,4,gnina,0.42817828,0.9045683,2.6946483,0,0.98743605,1.9609062
4315,93,1334,190,1jl0_PUT_A_401,4,gnina,0.42805707,0.90442046,2.6595216,0,0.92656634,3.3126203
4316,93,2965,423,1vkf_CIT_A_501,4,gnina,0.42775087,0.90405086,3.152257,0,0.93882056,3.0797871
4317,93,13059,1865,5mxh_GAL_A_401,4,gnina,0.42767762,0.90390302,2.6946483,0,0.9886336,1.666507
4318,93,1082,154,1i8a_BGC_A_189,4,gnina,0.42761805,0.90368125,2.9823945,0,0.014920795,1.5714013
4319,93,8166,1166,4e7v_CRS_E_101,4,gnina,0.42753026,0.90360733,2.4307663,0,0.29467062,1.7889562
4320,93,4946,706,2prl_ORO_A_399,4,gnina,0.42751786,0.90353341,2.1427894,0,0.9727857,1.7858547
4321,93,17392,2484,6vo2_R67_A_403,4,gnina,0.42751298,0.90345949,3.4740515,0,0.04929356,1.9918776
4322,93,3469,495,1zei_CRS_F_55,4,gnina,0.42750594,0.90338557,2.9489517,0,0.21348986,1.3009897
4323,93,15600,2228,6jmd_ORO_A_402,4,gnina,0.42747638,0.90331165,2.1427894,0,0.97213268,3.5923433
4324,94,17451,2493,6wiw_I14_A_601,0,surfdock,0.51713877,0.91178216,2.1378751,0,0.97131085,4.1481539
4325,94,17458,2494,6wiw_I14_B_601,0,surfdock,0.51713877,0.91178216,2.1297059,0,0.95102656,4.1794404
4326,94,8495,1213,4h9g_14J_A_512,4,gnina,0.44528544,0.91081763,2.1297059,0,0.67832617,1.6071347
4327,94,17574,2510,6yaw_P9H_B_502,4,gnina,0.44484969,0.91044665,3.5217807,0,0.51745813,9.4899265
4328,94,3868,552,2bxh_IOS_B_1002,4,gnina,0.44366227,0.90940792,2.9733481,0,2.4831414e-08,4.5166532
4329,94,1180,168,1itw_ICT_B_744,4,gnina,0.44349318,0.90918534,3.6204178,0,0.013753761,9.4803039
4330,94,6577,939,3ucl_CYH_A_543,4,gnina,0.44345606,0.90911114,2.9598179,0,2.0293749e-06,1.5456337
4331,94,3672,524,2ahc_VNL_A_166,4,gnina,0.44340504,0.90903695,2.6895835,0,0.00036360511,2.5570233
4332,94,11925,1703,5fqf_NGA_B_1586,4,gnina,0.44338062,0.90896275,3.3459132,0,3.8888974e-06,17.172556
4333,94,14970,2138,6e40_BBJ_B_502,4,gnina,0.44333872,0.90888856,3.7640555,0,9.0146057e-07,8.4822137
4334,94,242,34,1cq1_BGC_A_455,4,gnina,0.4430497,0.9082208,2.9992199,0,0.0005490441,2.5970248
4335,94,571,81,1g79_PLP_A_260,4,gnina,0.4428299,0.90807241,2.657711,0,0.0047690718,2.8855782
4336,94,1824,260,1mmx_FUC_B_348,4,gnina,0.44226688,0.90733046,3.6279755,0,0.99486867,1.8159408
4337,94,14403,2057,5z54_0HZ_A_303,4,gnina,0.44220634,0.90725627,2.1297059,0,0.99127067,3.6430501
4338,94,14382,2054,5ysh_5AD_D_605,4,gnina,0.44196385,0.90710788,3.0092394,0,0.0024414504,13.347835
4339,94,8936,1276,4ixw_IXW_B_302,4,gnina,0.44194753,0.90703368,2.1297059,0,0.0038590219,1.8948756
4340,94,17714,2530,7bzm_GIM_B_501,4,gnina,0.44180061,0.90695949,2.8609767,0,0.90780873,3.5154371
4341,94,14396,2056,5ysh_5AD_J_605,4,gnina,0.44166848,0.9068111,3.0038395,0,0.074807582,12.439989
4342,94,9538,1362,4n4j_HG1_A_608,4,gnina,0.44164308,0.9067369,2.1297059,0,0,1.8195928
4343,94,10441,1491,4wca_CIT_A_401,4,gnina,0.44137327,0.90658851,2.3056214,0,0.073860612,2.2048417
4344,94,396,56,1ei6_PPF_C_413,4,gnina,0.44136296,0.90651432,2.7377028,0,0.051749333,3.64109
4345,94,15614,2230,6jme_ORO_A_402,4,gnina,0.44123464,0.90644012,2.9895301,0,6.2110735e-05,2.1174152
4346,94,16846,2406,6rgr_RM4_A_403,4,gnina,0.44112558,0.90621754,3.0147202,0,0.23026258,1.6662779
4347,94,16629,2375,6qli_4LR_A_301,4,gnina,0.44095652,0.90614334,2.1297059,0,0.075820346,1.6977092
4348,94,165,23,1bit_BEN_A_247,4,gnina,0.44061542,0.90599495,2.1297059,0,0.077347776,1.5228304
4349,94,4680,668,2nos_AGU_A_903,4,gnina,0.44047179,0.90577237,3.2592947,0,0.00029350186,1.4645331
4350,94,13087,1869,5n5k_HAE_A_306,4,gnina,0.44044215,0.90569817,2.5755708,0,0.83156046,1.3927118
4351,94,4757,679,2nu7_COA_E_1325,4,gnina,0.44030418,0.90554978,3.5828977,0,3.6358971e-07,4.2109559
4352,94,13927,1989,5w3k_9TY_B_401,4,gnina,0.44020403,0.90547559,3.7324493,0,0.97672361,2.110169
4353,94,16650,2378,6qo4_97T_A_301,4,gnina,0.44017687,0.90540139,3.0534961,0,0.99576951,2.1220861
4354,94,10028,1432,4rcv_DE2_A_403,4,gnina,0.43980976,0.90517881,2.1297059,0,0.00036552727,2.096886
4355,94,2153,307,1p7l_PPK_D_884,4,gnina,0.43973519,0.90510461,2.4042745,0,0.0035126094,5.3895675
4356,94,16244,2320,6nnn_G1P_A_503,4,gnina,0.43965436,0.90503042,2.7017395,0,5.7281713e-08,3.154306
4357,94,11848,1692,5fiu_Y3J_B_1299,4,gnina,0.43908533,0.90480783,3.5191436,0,0.99027605,4.2962782
4358,94,16748,2392,6r6i_H50_A_201,4,gnina,0.43899137,0.90473364,3.6723659,0,0.23584167,2.6125134
4359,94,4911,701,2pin_LEG_B_502,4,gnina,0.43889179,0.90458525,2.5458674,0,7.6301262e-07,2.8368617
4360,94,32,4,1a9r_HPA_A_290,4,gnina,0.4384609,0.89898353,3.7539878,0,0.9870541,2.0072693
4361,94,102,14,1amq_PMP_A_413,4,gnina,0.4384609,0.89898353,3.2961164,0,0.4671525,2.5934
4362,94,123,17,1aog_MAE_A_500,4,gnina,0.4384609,0.89898353,3.6554585,0,0.8868754,2.2138741
4363,94,151,21,1bcs_ARG_A_426,4,gnina,0.4384609,0.89898353,2.7605004,0,7.4498829e-08,2.8738548
4364,94,193,27,1c9c_PP3_A_413,4,gnina,0.4384609,0.89898353,3.3902769,0,0,4.5185593
4365,94,732,104,1h18_PYR_B_1001,4,gnina,0.4384609,0.89898353,2.5058205,0,0.075282129,3.3477261
4366,94,816,116,1h48_CDI_A_201,4,gnina,0.4384609,0.89898353,2.954015,0,0.99373842,5.9344193
4367,94,851,121,1h48_CDI_F_902,4,gnina,0.4384609,0.89898353,2.9158547,0,0.99193123,3.0821893
4368,94,872,124,1h5r_G1P_D_1294,4,gnina,0.4384609,0.89898353,2.6484938,0,0,3.3175506
4369,94,907,129,1h5r_THM_C_1292,4,gnina,0.4384609,0.89898353,2.540169,0,0.16647514,3.3963155
4370,94,914,130,1h5r_THM_C_1293,4,gnina,0.4384609,0.89898353,2.5718246,0,0.00024132294,3.4453757
4371,94,956,136,1h70_CIR_A_500,4,gnina,0.4384609,0.89898353,3.4498858,0,0.98628454,2.6072609
4372,94,1215,173,1iwe_IMP_B_1452,4,gnina,0.4384609,0.89898353,3.7993615,0,0.00098386525,5.3405556
4373,94,1670,238,1lqp_FCN_B_4001,4,gnina,0.4384609,0.89898353,3.538063,0,0,1.7943603
4374,95,15733,2247,6krs_CIT_I_301,4,gnina,0.42766997,0.90929401,2.6390076,0,0.69429343,7.2534855
4375,95,15705,2243,6krs_CIT_D_301,4,gnina,0.42757854,0.90921954,2.747751,0,0.27715179,7.604546
4376,95,15698,2242,6krs_CIT_C_301,4,gnina,0.42680449,0.90914507,2.747751,0,0.016074281,7.4440263
4377,95,9531,1361,4n4j_HG1_A_607,4,gnina,0.42649726,0.90869824,3.2377357,0,3.2952515e-05,2.7376944
4378,95,16888,2412,6s23_KSW_A_402,4,gnina,0.42648759,0.90847483,2.1973171,0,2.0806847e-06,1.851856
4379,95,15712,2244,6krs_CIT_F_301,4,gnina,0.42578359,0.90817694,2.743526,0,0.0088533478,8.9745621
4380,95,15740,2248,6krs_CIT_J_301,4,gnina,0.4257626,0.90810247,2.6390076,0,0.014343283,7.1556868
4381,95,1047,149,1hot_16G_B_271,4,gnina,0.42574758,0.908028,2.9466105,0,4.3482707e-07,2.8319864
4382,95,15691,2241,6krs_CIT_B_301,4,gnina,0.42571867,0.90795353,2.7287793,0,0.016204057,7.5060709
4383,95,14123,2017,5xdt_MB3_A_404,4,gnina,0.42561916,0.90787906,2.7981257,0,2.3614621e-05,1.5086745
4384,95,15726,2246,6krs_CIT_H_301,4,gnina,0.42560774,0.90780459,2.7287793,0,0.015114598,10.081079
4385,95,15719,2245,6krs_CIT_G_301,4,gnina,0.42554432,0.90773012,2.7287793,0,0.20518446,7.130599
4386,95,6808,972,3w4i_8LG_A_402,4,gnina,0.42475246,0.90743223,2.7611187,0,0.015176675,2.9468469
4387,95,5198,742,2qx4_ML1_A_233,4,gnina,0.42457107,0.90735776,2.1135232,0,1.1428709e-05,2.4948478
4388,95,10693,1527,4yu7_DHC_B_204,4,gnina,0.42420737,0.90713435,2.8518205,0,1.2759985e-06,1.9593552
4389,95,13675,1953,5ud3_P6F_A_404,4,gnina,0.42393812,0.90705987,2.7309651,0,0.0083527538,4.6722262
4390,95,3623,517,2a1m_CAM_A_1422,4,gnina,0.42384368,0.9069854,2.3990257,0,0.12311961,1.9372162
4391,95,15306,2186,6fw0_E92_A_602,4,gnina,0.4235132,0.90676199,2.7881095,0,0.99149301,3.9612437
4392,95,10686,1526,4yu7_DHC_B_203,4,gnina,0.42305118,0.90653858,2.8049777,0,1.9919171e-07,2.1265174
4393,95,5009,715,2pye_7PE_A_504,4,gnina,0.42297951,0.90631516,2.1135232,0,7.8604028e-10,7.7437895
4394,95,8502,1214,4h9x_HL4_A_404,4,gnina,0.42272198,0.90624069,2.1135232,0,0.55857501,2.3757969
4395,95,7130,1018,3zjq_NCA_B_300,4,gnina,0.42242111,0.90609175,2.4435863,0,5.9838391e-06,1.6563206
4396,95,2454,350,1rqh_PYR_A_602,4,gnina,0.42240207,0.90601728,3.0830836,0,0.01606809,1.5682797
4397,95,137,19,1aua_BOG_A_1,4,gnina,0.42192009,0.90069258,2.4333508,0,1.1729994e-07,4.1077861
4398,95,564,80,1g72_PQQ_A_701,4,gnina,0.42192009,0.90069258,2.5665362,0,0.99211557,6.0391741
4399,95,1201,171,1iwe_IMP_A_460,4,gnina,0.42192009,0.90069258,2.8902965,0,0,4.1305645
4400,95,1663,237,1lqp_FCN_A_4004,4,gnina,0.42192009,0.90069258,2.2296832,0,0.0023448928,2.0142972
4401,95,1677,239,1lqp_FCN_B_4003,4,gnina,0.42192009,0.90069258,2.2296832,0,0.001582878,1.9172396
4402,95,2475,353,1rvt_NDG_H_742,4,gnina,0.42192009,0.90069258,2.6635416,0,4.6338268e-07,3.8310396
4403,95,2524,360,1sep_BIO_A_801,4,gnina,0.42192009,0.90069258,2.1323621,0,0.82863904,2.036483
4404,95,2594,370,1syf_THP_A_180,4,gnina,0.42192009,0.90069258,2.1135232,0,0.43906068,5.0040687
4405,95,2643,377,1tf8_TRP_A_911,4,gnina,0.42192009,0.90069258,3.1385083,0,4.809949e-05,1.9634692
4406,95,3637,519,2a5t_GLY_A_1001,4,gnina,0.42192009,0.90069258,2.3444514,0,0,1.7062074
4407,95,3889,555,2c5b_5F1_B_500,4,gnina,0.42192009,0.90069258,2.1135232,0,0,4.1564838
4408,95,3896,556,2c5b_5F1_C_500,4,gnina,0.42192009,0.90069258,2.1135232,0,0,3.9836804
4409,95,4127,589,2f64_12Q_A_472,4,gnina,0.42192009,0.90069258,2.1135232,0,0.10329489,1.9793988
4410,95,4449,635,2htu_BCZ_A_801,4,gnina,0.42192009,0.90069258,2.9309621,0,0.98366966,4.4457964
4411,95,5170,738,2qui_LTN_A_501,4,gnina,0.42192009,0.90069258,2.1135232,0,0.0093701276,3.0026054
4412,95,5177,739,2qui_LTN_B_478,4,gnina,0.42192009,0.90069258,2.1135232,0,0.074536037,2.9417284
4413,95,5317,759,2uyv_TLA_A_1275,4,gnina,0.42192009,0.90069258,3.0588315,0,0.16753244,2.8091275
4414,95,5324,760,2uyv_TLA_A_1277,4,gnina,0.42192009,0.90069258,3.0416155,0,0.0035942168,4.4034045
4415,95,5331,761,2uyv_TLA_B_1275,4,gnina,0.42192009,0.90069258,3.0830574,0,0.027000597,2.7574515
4416,95,5345,763,2uyv_TLA_D_1275,4,gnina,0.42192009,0.90069258,3.0553825,0,0.0012277301,2.8793869
4417,95,5422,774,2vjb_CCD_B_1539,4,gnina,0.42192009,0.90069258,3.1636872,0,0.19389386,3.0363065
4418,95,5667,809,2x6o_2TC_A_1209,4,gnina,0.42192009,0.90069258,2.8337948,0,4.399401e-07,5.3383199
4419,95,5884,840,2z26_DOR_A_1410,4,gnina,0.42192009,0.90069258,2.1135232,0,0,3.4147502
4420,95,5940,848,2z48_NGA_A_1006,4,gnina,0.42192009,0.90069258,3.2520185,0,0.019991864,2.9161111
4421,95,6129,875,2zwt_CAM_A_422,4,gnina,0.42192009,0.90069258,2.5391343,0,0.046702397,1.7606722
4422,95,6430,918,3sp6_IL2_A_901,4,gnina,0.42192009,0.90069258,3.0339997,0,0.9470916,6.287205
4423,95,6871,981,3w8x_FTK_B_601,4,gnina,0.42192009,0.90069258,2.1135232,0,0.00032069343,3.4939392
4424,96,13682,1954,5uda_CAE_A_502,4,gnina,0.41983743,0.9097025,2.7439549,0,0.15880663,2.0911693
4425,96,3385,483,1z6k_OAA_A_274,4,gnina,0.41899546,0.90947825,2.166415,0,0.00016303905,1.8028205
4426,96,13689,1955,5uda_CAE_B_502,4,gnina,0.41837281,0.90917925,2.7439549,0,0.051776905,1.9225434
4427,96,1005,143,1h8p_PC_B_1111,4,gnina,0.41710314,0.90873075,2.1924882,0,0.00013547327,1.8082958
4428,96,1313,187,1jho_NIO_A_991,4,gnina,0.41690657,0.90858125,2.1004872,0,0.70059852,1.5653937
4429,96,1600,228,1l4n_NIO_A_991,4,gnina,0.41667797,0.9085065,2.1004872,0,0.98315863,1.8244192
4430,96,515,73,1fuq_CIT_B_1002,4,gnina,0.41666747,0.90843175,2.2725613,0,2.677879e-06,3.234314
4431,96,11155,1593,5aov_GLV_A_1356,4,gnina,0.41586853,0.9082075,2.1004872,0,6.9610012e-06,1.8988451
4432,96,3721,531,2as1_TP5_A_500,4,gnina,0.41569982,0.90813276,2.1004872,0,0.0010120522,1.5262053
4433,96,16755,2393,6r6i_H50_B_201,4,gnina,0.4155433,0.90798326,2.1004872,0,0.15044841,3.1906343
4434,96,10399,1485,4uzi_IMD_B_1456,4,gnina,0.41505791,0.90790851,2.1004872,0,0.93724548,1.7136169
4435,96,46,6,1aej_NVI_A_296,4,gnina,0.41490202,0.90775901,3.1132507,0,0.04936543,1.3965927
4436,96,7634,1090,4cjv_IV2_A_1212,4,gnina,0.41452706,0.90738526,2.1004872,0,0.99615102,1.7418748
4437,96,5513,787,2w1a_TSA_C_1091,4,gnina,0.41451803,0.90731051,3.0871582,0,0.99227351,2.8757245
4438,96,10609,1515,4xv4_25T_A_302,4,gnina,0.41451549,0.90723576,2.7003245,0,0.010143747,1.4513555
4439,96,3413,487,1zdq_MSM_A_1507,4,gnina,0.41450357,0.90708626,2.1004872,0,0.95670318,1.9317793
4440,96,12268,1752,5i0d_GLC_A_1124,4,gnina,0.41442925,0.90663776,3.2037103,0,7.9565379e-06,6.1677719
4441,96,9034,1290,4jm8_26D_A_302,4,gnina,0.41439618,0.90641351,2.1004872,0,0.28426601,1.4039109
4442,96,12163,1737,5h8q_5YE_B_302,4,gnina,0.41437739,0.90618927,2.7468574,0,0.99379881,4.7532962
4443,96,15607,2229,6jme_BVU_A_409,4,gnina,0.41436765,0.90603977,3.2583911,0,0.99561846,5.5941877
4444,96,7641,1091,4cjv_IV2_B_1215,4,gnina,0.41436647,0.90596502,2.1452112,0,0.97667082,1.6262665
4445,96,4253,607,2fu9_MP2_B_2410,4,gnina,0.41432154,0.90574077,3.0973232,0,0.51457615,4.3788307
4446,96,10364,1480,4ur9_BK9_A_1717,4,gnina,0.41432109,0.90566602,3.3026798,0,0.072516129,3.5902578
4447,96,8173,1167,4e7v_CRS_G_101,4,gnina,0.41428683,0.90536702,2.1004872,0,0.99424206,1.9860705
4448,96,3420,488,1zdq_MSM_C_1509,4,gnina,0.41427884,0.90521752,2.1004872,0,0.99387438,1.9617663
4449,96,13731,1961,5uio_LG3_E_201,4,gnina,0.41426321,0.90506802,2.1004872,0,0.99160355,2.3696727
4450,96,14368,2052,5ykt_PMP_B_501,4,gnina,0.41425741,0.90499327,2.5928929,0,0.12230085,4.0278002
4451,96,9657,1379,4nr9_ALY_A_2005,4,gnina,0.41423153,0.90476902,2.8354518,0,0.0037448917,2.2579442
