PDB_CCD_ID,surfdock,unimol,diffdock,diffdock_l,gnina,autodock,smina
19gs_BSP_A_210,0.007388756,0.98557239,0.029829213,0.14354196,0.0039881531,0.18494879,0.18942979
19gs_BSP_B_210,0.0053721136,0.98854669,0.02971673,0.14335058,2.4252396e-05,0.18478664,0.18942
1a49_OXL_D_2333,0.52541387,0.65770816,0.040574993,0.17078309,0.44452635,0.20702395,0.19337923
1a49_OXL_F_4133,0.9892019,0.87115368,0.028535601,0.1680803,0.13037441,0.20147833,0.1984328
1a59_CIT_A_379,0,0.65880156,0.036819929,0.1408013,0,0.16941376,0.18651293
1ac4_TMT_A_296,0,0.98176216,0.044514594,0.18495557,0.95959659,0.25050128,0.19319325
1aer_TIA_B_700,0,0,0.057722,0.15533656,0.44632287,0.16959977,0.18262135
1aia_PMP_A_411,0.21621794,0.65787468,0.042361797,0.16453205,0.44483481,0.20291094,0.19039534
1aia_PMP_B_411,0.2344142,0.65786488,0.042256642,0.16489993,0.44481666,0.203153,0.19057094
1aiq_CB3_A_266,0.93128278,0,0.052332473,0.17416712,0.44539283,0.18200466,0.19161186
1aiq_UMP_B_266,0.96432939,0.65747177,0.03803853,0.17965678,0.44408849,0.21286258,0.19761503
1aj8_CIT_B_2000,0.060059918,0.65795878,0.04326422,0.16137497,0.44499059,0.20083368,0.18888832
1ajs_PLA_A_415,0.9487998,0.96056931,0.039557255,0.2042106,0.9641239,0.26251627,0.20219064
1amq_PMP_A_413,0,0,0.057722,0.15533656,0.44632287,0.16959977,0.18262135
1anc_BEN_A_290,0,0.96829228,0.045323731,0.18634278,0.99375656,0.25223007,0.193215
1aog_MAE_A_500,0,0.65799113,0.0436113,0.16016073,0.44505051,0.20003474,0.18830871
1aog_MAE_A_501,0.99516562,0.65825881,0.031120862,0.16106868,0.0026800362,0.18288572,0.19613054
1aua_BOG_A_2,0.15718129,0.65416074,0.0424199,0,0.41980463,0.2001765,0.18965942
1axg_ETF_A_404,0,0.95193289,0.044693908,0.18342162,0.92941759,0.24703973,0.19281308
1axg_ETF_B_404,0.99135464,0.98447323,0.039049992,0.20596526,0.9805795,0.26532678,0.20287496
1axg_ETF_C_404,0.99069673,0.96246439,0.038642674,0.20326795,0.92264914,0.26030725,0.20244376
1axg_ETF_D_404,0.41097855,0.97108532,0.042399841,0.19328629,0.96158857,0.25563839,0.1970777
1bcs_ARG_A_426,0,0,0.057722,0.15533656,0.44632287,0.16959977,0.18262135
1bit_BEN_A_246,0.97175269,0.94326616,0.025104625,0.16258553,0,0.19560664,0.19836039
1bit_BEN_A_247,0.010075766,0.83814091,0.034090593,0.14569964,0.077347776,0.18320443,0.18847738
1bo8_U_A_318,0.95434796,0.65648735,0.046391895,0.2031026,0.98765853,0.25013346,0.19971226
1bqp_MAN_B_401,0.97770897,0.96333196,0.03983046,0.20624289,0.99689744,0.26528847,0.20262636
1bqp_MAN_C_402,0,0.97204432,0.045017791,0.18572628,0.97895466,0.25138434,0.19318754
1c3s_SHH_A_952,0.96309139,0.90306974,0.026016681,0.1621151,4.7177354e-05,0.1936309,0.19792924
1c9c_PP3_A_413,0,0,0.057722,0.15533656,0.44632287,0.16959977,0.18262135
1ca7_ENO_B_601,0.97789674,0.65647498,0.04625307,0.20357088,0.98746204,0.25043436,0.19993879
1cdk_MYR_A_403,0.97867701,0,0.05970911,0.19697914,0.94718211,0.21722445,0.19410168
1cdk_MYR_B_403,0.9745238,0.88011681,0.039162449,0.19850963,0.83482987,0.25022455,0.20121983
1cgk_NAR_A_390,0,0.65799113,0.0436113,0.16016073,0.44505051,0.20003474,0.18830871
1cib_HDA_A_437,0,0.65799113,0.0436113,0.16016073,0.44505051,0.20003474,0.18830871
1cib_IMP_A_440,0,0.65232631,0.043702914,0.15996648,0.44240602,0.19956492,0
1ck6_SHA_A_900,0.98848707,0.6582673,0.031118478,0.16081684,3.130899e-07,0.18261211,0.19605526
1cq1_BGC_A_455,0.11433033,0.96862762,0.02952218,0.14543278,0.0005490441,0.18535627,0.19030202
1cq1_BGC_B_455,0.66765475,0.94477314,0.02683492,0.15645555,0.00039786642,0.19163811,0.19543842
1d3g_ORO_A_399,0.20925065,0.65787843,0.04240206,0.16439119,0.44484176,0.20281826,0.1903281
1d6u_HY1_A_2001,0.99426473,0.99667157,0.03899896,0.20676319,0.99548726,0.26695804,0.20306891
1d6u_HY1_B_3001,0.99514332,0.99613863,0.038639723,0.20573282,0.97149502,0.26529236,0.20297568
1d6u_PEA_A_2003,0.99015159,0.97472167,0.024324488,0.16319104,9.891639e-06,0.19731133,0.19881019
1d7a_AIR_A_300,0.67609753,0.657627,0.039704196,0.17382954,0.44437603,0.20902842,0.19483343
1d7a_AIR_C_400,0,0.65799113,0.0436113,0.16016073,0.44505051,0.20003474,0.18830871
1d7a_AIR_D_450,0.97994517,0.65746336,0.037948288,0.17997249,0.44407291,0.21307031,0.19776573
1daf_DSD_A_225,0.87448279,0.65752016,0.038557746,0.17784033,0.44417812,0.21166741,0.19674796
1dai_DSD_A_225,0.89260721,0.6575104,0.038453006,0.17820676,0.44416004,0.21190851,0.19692287
1diw_GAL_A_1400,0,0.97379023,0.030077476,0.14317136,0.0009117094,0.18409196,0.18924407
1dna_CB3_A_601,0,0,0.057722,0.15533656,0.44632287,0.16959977,0.18262135
1dna_CB3_B_602,0.91066295,0,0.052451804,0.17375019,0.44541342,0.18173,0.1914128
1dpm_EBP_A_901,0.00036292408,0.9780366,0.029970578,0.14317063,5.190402e-06,0.18423119,0.18928064
1dpm_EBP_B_902,0.75421767,0.91797723,0.026905217,0.15799949,0.00014395142,0.19153592,0.19604153
1dpm_EBP_B_903,0,0.62613885,0.043572807,0.15776638,0.39675251,6.6574301e-06,0.18781165
1dxy_COI_A_404,0.96684591,0.94556853,0.025172011,0.16275561,0.0057999504,0.19604729,0.19835639
1dy3_87Y_A_201,0,0.65799113,0.0436113,0.16016073,0.44505051,0.20003474,0.18830871
1e26_GPB_A_208,0.61697191,0.65765885,0.040045877,0.17263418,0.44443501,0.20824191,0.19426284
1e2j_THM_A_500,0.98420793,0.65746107,0.037923654,0.18005867,0.44406865,0.21312701,0.19780687
1e2j_THM_B_500,0.98410595,0.65746112,0.037924244,0.18005661,0.44406876,0.21312566,0.19780588
1e48_13P_P_302,0.85673679,0.65682292,0.044584013,0.19436766,0.83234214,0.23814025,0.19814306
1e5f_PLP_A_405,0.4238894,0,0.055268864,0.16390761,0.44589955,0.17524607,0.18671354
1e5f_PLP_B_405,0.39337695,0,0.055445445,0.16329065,0.44593002,0.17483963,0.18641897
1e7h_PLM_A_1001,0.96268238,0.97538283,0.034169031,0.19034629,0.63660115,0.24082684,0.20112721
1e7h_PLM_A_1007,0.99092652,0.96956467,0.024430363,0.16316819,0,0.19708198,0.19877303
1e8g_FCR_B_601,0.99606219,0.65579502,0.066889575,0.16387233,0.066671352,0.18722577,0.19637739
1ei6_PPF_A_410,0.97993212,0.65748824,0.037737643,0.17937152,0.43038769,0.21211999,0.19770988
1ei6_PPF_C_413,0,0.65799113,0.0436113,0.16016073,0.44505051,0.20003474,0.18830871
1ei6_PPF_D_412,0.99636031,0.65649002,0.045936821,0.20334682,0.97372118,0.24973515,0.20006157
1eow_U2G_A_130,0,0,0.057722,0.15533656,0.44632287,0.16959977,0.18262135
1eyw_PEL_A_404,0.0035114931,0.96758981,0.032497269,0.14978685,0.15232892,0.19428201,0.1898372
1eyw_TEN_A_403,0.98636349,0.65765699,0.036256737,0.17538603,0.33580396,0.20569599,0.19739019
1fdk_GLE_A_150,0,0.65799113,0.0436113,0.16016073,0.44505051,0.20003474,0.18830871
1fds_EST_A_350,0.99721255,0.65824183,0.031242115,0.16148942,0.011396672,0.18351299,0.19618549
1fhv_OSB_A_789,0.9865647,0.94487042,0.024984693,0.16289735,0,0.19587903,0.1985173
1fk1_DAO_A_201,0.94505784,0.97035544,0.031440752,0.18156089,0.4435027,0.22707699,0.20013319
1foi_14W_A_810,0,0.65880156,0.036819966,0.14080141,2.4001213e-06,0.16941393,0.18651294
1foi_14W_B_810,0,0.65880156,0.03681993,0.14080131,8.0473767e-08,0.16941377,0.18651293
1fp2_HMO_A_2000,0,0.92100725,0.03119459,0.14274158,3.7590801e-09,0.18158256,0.18878381
1fqo_F6R_A_1268,0.93841667,0.65773845,0.036067621,0.17308774,0.30529828,0.20295619,0.1968042
1fqo_F6R_B_2268,0.94851056,0.65748029,0.038129946,0.17933697,0.44410427,0.21265215,0.19746237
1fs5_16G_A_1267,0.22979798,0.62573644,0.042244602,0.16239121,0.39610387,4.6027592e-08,0.19002488
1fs5_16G_B_2267,0.017154785,0,0.057622721,0.15568343,0.44630573,0.16982827,0.18278696
1fsa_F6P_B_338,0.96123392,0.97265526,0.039832349,0.95619859,0.9842941,2.1935067e-05,0.20261958
1fuq_CIT_B_1002,0.42350044,0.65776304,0.041163931,0.16872273,0.44462802,0.20566829,0.19239573
1fuy_FIP_A_269,0,0.97591356,0.042553943,0.17895409,0.82269911,0.24079989,0.19258858
1fwn_PEP_A_1268,0,0.65799113,0.0436113,0.16016073,0.44505051,0.20003474,0.18830871
1g4s_TPS_A_2001,0.98867079,0.65745866,0.037897864,0.1801489,0.4440642,0.21318638,0.19784994
1g6n_CMP_A_621,5.0567369e-07,0.65799113,0.043611297,0.16016074,0.44505051,0.20003474,0.18830872
1g6n_CMP_B_622,0,0.65799113,0.0436113,0.16016073,0.44505051,0.20003474,0.18830871
1g6t_S3P_A_601,0.99198286,0.65750212,0.037497135,0.17912808,0.41918545,0.21150988,0.19778099
1g72_PQQ_A_701,0,0.65799113,0.0436113,0.16016073,0.44505051,0.20003474,0.18830871
1g72_PQQ_C_703,7.0264733e-06,0.65799112,0.04361126,0.16016087,0.4450505,0.20003483,0.18830878
1g79_PLP_A_260,8.7059167e-05,0.90095242,0.031696481,0.14280269,0.0047690718,0.18098267,0.18863048
1g79_PLP_A_270,3.2833526e-06,0.002583767,0.057666564,0.15535557,0.44631787,0.16971934,0.18264372
1g8z_GAL_F_104,0.98978258,0.65650308,0.045895074,0.20298648,0.9685009,0.24928803,0.199977
1g8z_GAL_G_104,0.99236488,0.65723025,0.039772415,0.185628,0.56838283,0.22178373,0.1983869
1g8z_GAL_H_104,0.96352562,0.65827955,0.031272835,0.160341,0.00068052065,0.18232564,0.19581704
1gck_PLP_A_413,0,0.65799113,0.0436113,0.16016073,0.44505051,0.20003474,0.18830871
1gck_PLP_B_913,0,0.65799113,0.0436113,0.16016073,0.44505051,0.20003474,0.18830871
1gij_2PU_A_501,0.89587387,0.65750864,0.038434129,0.1782728,0.44415678,0.21195196,0.19695439
1gim_HDA_A_438,0,0.95115893,0.041502667,0,0.72330822,0.23217954,0.19189662
1gim_IMP_A_440,0,0.65799113,0.0436113,0.16016073,0.44505051,0.20003474,0.18830871
1giu_ADE_A_300,0.98646955,0.65798563,0.033500586,0.16753324,0.1552893,0.19327319,0.19666259
1gkc_NFH_A_1448,0.99085417,0.97566059,0,0.20596912,0.98274896,0.26506187,0.20280976
1gkc_NFH_B_1449,0.96347199,0.65657438,0.045568321,0.20108969,0.93715389,0.24677922,0.19959648
1gsi_TMP_A_1210,0.97981491,0,0.050225119,0.16993142,0.32520119,0.17439399,0.19159524
1gsq_GDN_A_203,0.73101184,0.65759743,0.039386851,0.17493975,0.44432125,0.20975891,0.19536338
1gxu_2HP_A_1092,0.98786244,0.62895653,0.046677608,0.20323742,0.97989811,0.24875427,0.19976326
1gz5_G6P_A_901,0.70041485,0.65761391,0.039563668,0.17432116,0.44435177,0.2093519,0.19506811
1gz5_G6P_C_901,0,0.65799113,0.0436113,0.16016073,0.44505051,0.20003474,0.18830871
1gz5_G6P_D_901,0.82702458,0.65835456,0.032049786,0.15754749,1.2766772e-06,0.18045632,0.19449659
1gz5_UDP_C_900,0.95703959,0.6574757,0.038080658,0.1795094,0.44409576,0.21276561,0.19754468
1h0v_UN4_A_1299,0,0.65799113,0.0436113,0.16016073,0.44505051,0.20003474,0.18830871
1h18_DTL_A_9009,0.99448401,0,0.051966714,0.17544506,0.44532972,0.18284651,0.192222
1h18_DTL_A_9010,0.99086552,0,0.051987655,0.17537189,0.44533333,0.18279831,0.19218707
1h18_DTL_B_9009,0.99240068,0,0.045197207,0.1560325,2.0181051e-06,0.15216064,0.19040055
1h18_DTL_B_9010,0.97209303,0,0.052096295,0.17499231,0.44535208,0.18254826,0.19200584
1h18_PYR_B_1001,0,0,0.052076565,0.13921135,0.075282129,0.14407798,0.18112181
1h1i_QUE_A_1358,0.52541387,0.65770816,0.040574993,0.17078309,0.44452635,0.20702395,0.19337923
1h1i_QUE_C_1358,0.52541387,0.65770816,0.040574993,0.17078309,0.44452635,0.20702395,0.19337923
1h1i_QUE_D_1357,0.52541387,0.65770816,0.040574993,0.17078309,0.44452635,0.20702395,0.19337923
1h1m_KMP_A_1360,0.52541387,0.65770816,0.040574993,0.17078309,0.44452635,0.20702395,0.19337923
1h1m_KMP_B_1358,0.51564009,0.62522961,0.040576968,0.16819787,0.39528754,0,0.19280371
1h1m_KMP_C_1358,0.52541387,0.65770816,0.040574993,0.17078309,0.44452635,0.20702395,0.19337923
1h48_C5P_B_901,0,0.65799113,0.0436113,0.16016073,0.44505051,0.20003474,0.18830871
1h48_C5P_C_901,0.97232855,0.65746747,0.037992304,0.1798185,0.44408051,0.21296899,0.19769222
1h48_C5P_D_204,0.98369946,0.65746134,0.037926593,0.18004839,0.44406916,0.21312025,0.19780196
1h48_C5P_E_901,0.98758089,0.65745925,0.037904162,0.18012686,0.44406529,0.21317188,0.19783942
1h48_CDI_A_201,0,0,0.057722,0.15533656,0.44632287,0.16959977,0.18262135
1h48_CDI_D_201,0,0.91815537,0.038029575,0.16206902,0.44454743,0.21207383,0.19055845
1h48_CDI_E_902,0.96100581,0.97437693,0.031262206,0.18191284,0.443479,0.22747546,0.20032191
1h48_CDI_F_902,0,0,0.057722,0.15533656,0.44632287,0.16959977,0.18262135
1h48_GPP_C_904,0.96648463,0.65747061,0.038026076,0.17970035,0.44408634,0.21289125,0.19763583
1h48_GPP_E_904,0,0.65799113,0.0436113,0.16016073,0.44505051,0.20003474,0.18830871
1h5r_G1P_A_1294,0.84403737,0.65753656,0.038733687,0.17722481,0.44420849,0.21126242,0.19645414
1h5r_G1P_B_1294,0.9828736,0.65746179,0.037931365,0.18003169,0.44406999,0.21310926,0.19779399
1h5r_G1P_C_1294,0,0.65799113,0.0436113,0.16016073,0.44505051,0.20003474,0.18830871
1h5r_G1P_D_1294,0,0.65799113,0.0436113,0.16016073,0.44505051,0.20003474,0.18830871
1h5r_THM_A_1293,0.98071657,0.65746295,0.03794383,0.17998808,0.44407214,0.21308057,0.19777317
1h5r_THM_B_1293,0.98383148,0.65746127,0.03792583,0.18005106,0.44406903,0.21312201,0.19780323
1h5r_THM_C_1292,0,0.65799113,0.0436113,0.16016073,0.44505051,0.20003474,0.18830871
1h5r_THM_C_1293,0.52541387,0.65770816,0.040574993,0.17078309,0.44452635,0.20702395,0.19337923
1h5r_THM_D_1292,0.98919434,0.65745838,0.037894838,0.18015948,0.44406368,0.21319334,0.19785499
1h5r_THM_D_1293,0.45179086,0.65774781,0.041000443,0.16929468,0.4445998,0.20604462,0.19266875
1h69_ARH_A_1275,0,0.65799113,0.0436113,0.16016073,0.44505051,0.20003474,0.18830871
1h69_ARH_B_1275,0,0.65799113,0.0436113,0.16016073,0.44505051,0.20003474,0.18830871
1h69_ARH_C_1275,0,0.65799113,0.0436113,0.16016073,0.44505051,0.20003474,0.18830871
1h70_CIR_A_500,0,0,0.065957941,0.17886134,0.98628454,0.20683314,0.18480904
1h7q_TYD_A_1258,0.55942237,0.65768984,0.04037845,0.17147069,0.44449242,0.20747637,0.19370745
1h82_GZZ_B_590,0.95906774,0.65748873,0.037948382,0.17920673,0.43630952,0.21224899,0.19753237
1h82_GZZ_C_590,0,0.65799113,0.0436113,0.16016073,0.44505051,0.20003474,0.18830871
1h8p_PC_A_1111,0.071628614,0.90533677,0.031116696,0.14407654,4.3345933e-06,0.18181418,0.18933998
1h8p_PC_B_1111,0,0.9354496,0.030887192,0.14285421,0.00013547327,0.18226132,0.18890929
1hdi_3PG_A_419,0.99369566,0.95282995,0.025353225,0.16475805,0.038082066,0.19896663,0.19880915
1hkn_N2M_C_4138,0.9783261,0.98289347,0.024217543,0.16301152,0,0.19753132,0.19876664
1ho5_ADN_A_1604,0.98369689,0.94587035,0.025011983,0.1627687,1.1532432e-06,0.19574226,0.018576343
1ho5_ADN_B_2604,0.97807602,0.65827293,0.031178522,0.16060602,6.0170552e-09,0.18247308,0.19595475
1hot_16G_A_269,0.00032804334,0.65799095,0.043609405,0.16016736,0.44505018,0.2000391,0.18831188
1hot_16G_B_271,0.27312227,0.65784403,0.042032952,0.1656825,0.44477804,0.2036679,0.19094449
1hq2_PH2_A_181,0.99671125,0.96316756,0.039696454,0.20654718,0.99507507,0.26540938,0.20280106
1hsb_ALA_A_1001,0,1.1247562e-05,0.050929215,0.1359349,4.5035936e-10,0.13889263,0.18081721
1hsr_BHO_A_800,0.99664928,0.99188539,0.023919074,0.16344917,2.819143e-06,0.19819329,0.19902138
1i8a_BGC_A_189,0.068665263,0.89975852,0.03148063,0.14462452,0.014920795,0.18254353,0.18932349
1ia1_TQ3_A_194,0.99704587,0,0.060357179,0.19950531,0.99667661,0.22087951,0.19447939
1ia1_TQ3_B_196,0,0.96735884,0.045399114,0.18649407,0.99739114,0.25243717,0.19322163
1if4_FBS_A_555,0.99666889,0.65645104,0.046260435,0.20428064,0.99503764,0.25120641,0.20015059
1ij8_BNI_A_501,0.74154892,0.95511663,0.026206672,0.15808619,0.0017244195,0.19319689,0.19624684
1iki_DAL_A_500,0.63914911,0,0.047237715,0.14887881,6.2995826e-06,0.14743796,0.18698928
1iri_E4P_A_601,0.99636509,0.65681842,0.04318371,0.19549899,0.79336733,0.23732207,0.19933364
1iri_E4P_C_603,0.99298605,0.6576757,0.036031666,0.17498743,0.323562,0.20494184,0.19740471
1iri_E4P_D_604,0.99168967,0.65666205,0.044542754,0.19920153,0.88063136,0.24326573,0.19964074
1isx_XYP_A_1461,0.032025759,0.96506034,0.04494116,0.18620528,0.97624465,0.25130212,0.19342543
1itw_ICT_A_743,0.98770296,0.65745919,0.037903457,0.18012933,0.44406517,0.21317351,0.1978406
1itw_ICT_C_743,0.99213665,0.65817848,0.031825493,0.16296616,0.047695722,0.18594355,0.196283
1iwe_IMP_A_460,0,0,0.057722,0.15533656,0.44632287,0.16959977,0.18262135
1iwe_IMP_B_1443,0.51887242,0.65196295,0.040695095,0.1704912,0.44184953,0.20648494,0
1iwe_IMP_B_1452,0,0,0.057722,0.15533656,0.44632287,0.16959977,0.18262135
1ixo_G3P_A_1001,0.86584543,0.65752481,0.03860766,0.17766571,0.44418673,0.21155251,0.1966646
1ixo_G3P_D_1004,0,0.65799113,0.0436113,0.16016073,0.44505051,0.20003474,0.18830871
1j0n_CEG_A_780,0,0,0.057722,0.15533656,0.44632287,0.16959977,0.18262135
1j0y_BGC_A_1601,0.99715808,0.65645946,0.046184761,0.20408287,0.99026507,0.25088446,0.20013605
1j0y_BGC_B_2601,0.9543416,0.65747715,0.038096249,0.17945486,0.44409845,0.21272972,0.19751864
1j0y_BGC_C_3601,0.99731894,0.65645128,0.046251748,0.20427972,0.99471414,0.25119282,0.20015556
1j0y_BGC_D_4601,0.99550916,0.65645092,0.046273364,0.20427494,0.99544638,0.25121906,0.20014104
1j3i_UMP_C_611,0.95413995,0,0.052200193,0.1746293,0.44537001,0.18230912,0.19183252
1j3i_WRA_A_609,0,0.99015522,0.036485336,0.16259697,0.44440821,0.21540456,0.19118086
1j3i_WRA_B_709,0.97842315,0.99489507,0.030721338,0.18241547,0.44342193,0.22865663,0.20066743
1j3k_UMP_C_611,0.98438715,0,0.052025147,0.1752409,0.4453398,0.18271202,0.19212452
1j3k_UMP_D_711,0.9814067,0,0.052042395,0.17518063,0.44534278,0.18267232,0.19209575
1j3k_WRA_A_609,0.97624103,0.9934278,0.030765437,0.18236059,0.44342695,0.22855969,0.20063368
1j3k_WRA_B_709,0.98990463,0.99566085,0.030638469,0.18265325,0.44340898,0.22884499,0.20078489
1j54_TMP_A_2000,0.98734221,0.65653666,0.045638724,0.20216619,0.95078537,0.24803614,0.19988194
1ja9_PYQ_A_406,0,0.65877608,0.037033515,0.14141015,0.013991928,0.17037678,0.18656941
1jf0_CZH_A_197,2.1247351e-08,0.65799113,0.0436113,0.16016073,0.44505051,0.20003474,0.18830871
1jho_NIO_A_991,0.74250038,0.99493667,0.03599701,0.18881718,0.70059852,0.24319788,0.19942912
1jho_RMB_A_990,0.95681204,0.65747582,0.038081973,0.1795048,0.44409599,0.21276258,0.19754248
1jhv_NIO_A_991,0.74166281,0.99598565,0.040370831,0.20135149,0.98879985,0.26308829,0.20059658
1jhv_PCR_A_990,0.99831,0.99501148,0.023925454,0.16374286,0.0054470704,0.19873543,0.19908649
1jl0_PUT_B_401,0.98213682,0.92266115,0.040398346,0.20523788,0.97865221,0.26220567,0.20224347
1jla_TNK_A_999,0.9910065,0,0.051986839,0.17537474,0.44533319,0.18280019,0.19218843
1jtk_THU_A_138,0,0.65799113,0.0436113,0.16016073,0.44505051,0.20003474,0.18830871
1jtk_THU_B_1138,0.98802818,0.96226708,0.039247685,0,0.96714939,0.96836954,0.20308461
1jw0_GUA_B_999,0,0.65799113,0.0436113,0.16016073,0.44505051,0.20003474,0.18830871
1jyw_147_C_2001,0.97471888,0.65746618,0.037978491,0.17986683,0.44407812,0.21300079,0.19771529
1jyx_IPT_A_2001,0,0.65799113,0.0436113,0.16016073,0.44505051,0.20003474,0.18830871
1jyx_IPT_A_2002,0.00063031565,0.65799079,0.043607658,0.16017347,0.44504988,0.20004312,0.1883148
1jyx_IPT_B_2001,0.98629703,0.65745994,0.037911582,0.1801009,0.44406657,0.2131548,0.19782703
1jyx_IPT_C_2001,0,0.65799113,0.0436113,0.16016073,0.44505051,0.20003474,0.18830871
1jyx_IPT_D_2001,0.99098755,0.65745742,0.037884475,0.18019573,0.44406189,0.2132172,0.19787229
1jyx_IPT_D_2002,0.00063084568,0.65799079,0.043607655,0.16017348,0.44504988,0.20004313,0.1883148
1k8z_IAG_A_501,0.99442625,0.96225639,0.024652928,0.16343122,0.0056558862,0.19717963,0.1987665
1kae_HSO_A_1001,0.97038463,0.65746851,0.038003538,0.1797792,0.44408245,0.21294313,0.19767346
1kar_HSM_A_502,0.0014684532,0,0.057713501,0.15536625,0.4463214,0.16961933,0.18263553
1kar_HSM_B_503,0.0036272461,0.65798917,0.043590339,0.16023406,0.44504689,0.20008299,0.18834372
1kbq_936_A_703,0.99387654,0.98181182,0.024150908,0.16331847,6.7692787e-07,0.19768914,0.19890746
1kbq_936_B_704,0.99325856,0.98518428,0.024082221,0.1633309,1.1322975e-06,0.19783723,0.19893066
1kbq_936_D_702,0.98438844,0.98973226,0.024036148,0.16318529,1.055005e-05,0.1979301,0.19888438
1kdo_C_A_5407,0.96351685,0.65747221,0.038043226,0.17964035,0.4440893,0.21285177,0.19760719
1kdo_C_B_6407,0.96329766,0.65747233,0.038044493,0.17963592,0.44408952,0.21284886,0.19760507
1kfc_IPL_A_674,0.99350644,0.65757743,0.036850122,0.17733961,0.37737549,0.20865259,0.19762694
1ki2_GA2_B_2,0.98928761,0.65745833,0.037894299,0.18016137,0.44406359,0.21319458,0.19785589
1km6_OMP_A_2001,0.97817557,0,0.060317851,0.19869949,0.98694232,0.21995666,0.19425776
1knu_YPA_A_1001,0.98339956,0.6574615,0.037928326,0.18004233,0.44406946,0.21311626,0.19779907
1kuj_MMA_C_502,0.99014569,0.94943352,0.039803314,0.20566904,0.98028587,0.26366623,0.202559
1kuj_MMA_E_503,0.97973905,0.96051019,0.039796674,0.20602743,0.99148163,0.26481175,0.20259963
1kuj_MMA_G_504,0,0.96582449,0.045402477,0.18639842,0.99545417,0.25223262,0.19320052
1kwc_BPY_B_401,0.99651389,0.65825743,0.031118539,0.16111152,0.0030372542,0.18292831,0.196145
1kwu_MMA_A_501,0,0.95346127,0.043910361,0.18128837,0.88014446,0.24371636,0.19262687
1kwu_MMA_B_601,0.017913055,0.93323504,0.045098725,0.18395365,0.93648164,0.24689916,0.19285292
1kwu_MMA_C_701,0.01853816,0.93401632,0.044345707,0.18187933,0.88839844,0.24363148,0.1926711
1kya_XYD_B_612,0.9916317,0.9752551,0.039363961,0.20623993,0.98832672,0.26543688,0.20282925
1l4f_NCN_A_991,0.9681295,0.65746973,0.03801657,0.17973361,0.44408469,0.21291313,0.1976517
1l4n_NIO_A_991,0.76503037,0.99500638,0.040170881,0.20157196,0.98315863,0.26296672,0.20079094
1l5o_2MP_A_990,0.99710042,0.65823681,0.031285316,0.16160846,0.014184438,0.18370336,0.19619566
1l5o_NCN_A_991,0.96830921,0.65746963,0.038015531,0.17973724,0.44408452,0.21291552,0.19765344
1ldo_SNR_A_150,0,0.94881019,0.030598844,0.14294706,0,0.18287128,0.18902431
1lfw_AEP_A_683,0,0.65799113,0.0436113,0.16016073,0.44505051,0.20003474,0.18830871
1lnf_VAL_E_1321,0.98727058,0.65648755,0.046051128,0.20333916,0.97777478,0.24989278,0.19999018
1lo3_AN1_Y_500,0.99192112,0.97975166,0.024206337,0.16326362,0,0.19756746,0.19887075
1lqp_FCN_A_4002,0.99596532,0,0.045176587,0.1561046,8.1180276e-09,0.15220816,0.19043497
1lqp_FCN_A_4004,0,0,0.057722,0.15533656,0.44632287,0.16959977,0.18262135
1lqp_FCN_B_4003,0,0,0.057722,0.15533656,0.44632287,0.16959977,0.18262135
1lro_PEP_A_1268,0,0.65799113,0.0436113,0.16016073,0.44505051,0.20003474,0.18830871
1lro_PEP_B_2268,0.0035607623,0.65798921,0.043590723,0.16023272,0.44504696,0.2000821,0.18834308
1lti_GAL_D_104,0.99229857,0.65646773,0.046165547,0.2038498,0.98717018,0.25060656,0.20007664
1luq_BTN_A_5100,0.99249329,0,0.06027493,0.19910307,0.98955304,0.22032793,0.19440659
1lzz_IHG_A_830,0.9916934,0.92919724,0.025290925,0.16288543,1.2220119e-06,0.19522121,0.19843126
1m3u_KPL_B_265,0.5774203,0.65768015,0.040274442,0.17183456,0.44447447,0.20771578,0.19388114
1m3u_KPL_C_265,0.63416872,0.65764959,0.039946498,0.17298185,0.44441786,0.20847067,0.19442879
1m3u_KPL_D_265,0.77151058,0.90010893,0.03395174,0.17753667,0.44381185,0.22151569,0.19785053
1m3u_KPL_E_265,0.99436588,0.6574556,0.037864952,0.18026403,0.44405852,0.21326214,0.1979049
1m3u_KPL_G_265,0.41429981,0.657768,0.0412171,0.16853672,0.4446372,0.2055459,0.19230694
1m3u_KPL_H_265,0.2487361,0.65785717,0.042173878,0.16518948,0.44480237,0.20334351,0.19070915
1m3u_KPL_I_265,0.23320502,0.65786553,0.04226363,0.16487548,0.44481786,0.20313691,0.19055927
1m3u_KPL_J_265,0.99584105,0.6574548,0.037856428,0.18029386,0.44405705,0.21328176,0.19791913
1m7p_G3H_A_5401,0.99232306,0.65826522,0.031096347,0.1608945,0,0.18266331,0.19609229
1m7p_G3H_B_6401,0.98070982,0.6582715,0.031163331,0.16065935,0,0.18250825,0.19598018
1m9j_CLW_B_907,0.54462011,0,0.047783642,0.14696421,4.4000038e-07,0.14617371,0.18607641
1mex_RAC_H_601,0.95570862,0.98557876,0.031052607,0.18188787,0.44346263,0.2279231,0.20036761
1ml4_PAL_A_385,0.98836746,0.6564586,0.046282555,0.20403911,0.99335002,0.25097941,0.20006364
1mmx_FUC_A_348,0.12276465,0.65792501,0.042901855,0.16264269,0.44492804,0.2016678,0.18949346
1mmy_G6D_A_348,0.060535724,0.65795852,0.04326147,0.16138459,0.44499012,0.20084,0.18889292
1mmy_G6D_B_348,0,0.65799113,0.0436113,0.16016073,0.44505051,0.20003474,0.18830871
1moo_4MZ_A_264,0.055030513,0,0.050611594,0.13704928,3.0297935e-07,0.13962789,0.18134853
1moo_4MZ_A_265,0.99139843,0,0.045203096,0.15601249,8.5848719e-06,0.15214769,0.1903909
1mrj_ADN_A_300,0.99255623,0.98721051,0.024042844,0.16333161,0,0.19792168,0.1989414
1msv_PUT_A_355,0,0.65799113,0.0436113,0.16016073,0.44505051,0.20003474,0.18830871
1msv_PUT_B_355,0.93965909,0.91313909,0.03981312,0.20209791,0.92001553,0.25779346,0.98670242
1mvc_BM6_A_200,0.99246354,0.99215841,0.039115403,0.20672002,0.99609982,0.26676696,0.20301496
1n3o_GYP_B_1101,0.042341654,0.96103598,0.030116934,0.14396525,0.0016164724,0.18411543,0.18954549
1n5i_TMP_A_217,0.98863951,0,0.060291428,0.19900857,0.98917489,0.22025036,0.19436785
1ne4_RP1_A_401,0.9695519,0.97117567,0.039666776,0.20601361,0.99409321,0.26534981,0.20260409
1ne4_RP1_A_601,0,0.88313417,0.046022777,0.18249809,0.91988095,0.24319384,0.19217937
1nf0_13P_A_5001,0.99053029,0.65679061,0.043476967,0.19612086,0.81037383,0.23841466,0.19934596
1nf0_13P_B_1150,0,0,0.057722,0.15533656,0.44632287,0.16959977,0.18262135
1ngp_NPA_H_302,0,0.95306656,0.042654399,0.17767384,0.79716352,0.23798185,0.1922876
1njr_XYL_A_285,0.9371685,0.65829492,0.03141541,0.15978037,6.1466915e-05,0.18193111,0.1955601
1nmm_NAG_B_403,0.98559406,0.65746032,0.037915644,0.18008669,0.44406727,0.21314545,0.19782024
1nmm_NAG_D_527,0.97095362,0.65746821,0.03800025,0.1797907,0.44408188,0.2129507,0.19767896
1nmz_NYM_A_301,0.97243404,0.65746741,0.037991694,0.17982063,0.4440804,0.21297039,0.19769324
1now_IFG_B_558,0.98726233,0.65646083,0.046275214,0.20397763,0.99245148,0.25090281,0.20004934
1nrg_PLP_A_320,8.6710282e-06,0.93683635,0.030860406,0.14287315,0.00033097656,0.18233919,0.18892216
1ns4_BGC_A_1400,0.071644719,0.65795254,0.043197272,0.16160918,0.44497904,0.20098778,0.18900012
1ns4_BGC_B_2400,0,0.65799113,0.0436113,0.16016073,0.44505051,0.20003474,0.18830871
1nsm_GAL_A_1400,0.018743792,0.65798103,0.043502982,0.16053968,0.44503181,0.20028407,0.1884896
1nsm_GLA_B_2400,0.019248487,0.65798076,0.043500065,0.16054988,0.44503131,0.20029079,0.18849447
1nuw_F6P_A_2336,0,0.65799113,0.0436113,0.16016073,0.44505051,0.20003474,0.18830871
1nux_F6P_A_2339,0.9712401,0.65746805,0.037998594,0.1797965,0.44408159,0.21295451,0.19768172
1o28_UFP_A_703,0,0.65799113,0.0436113,0.16016073,0.44505051,0.20003474,0.18830871
1o28_UFP_B_708,0,0.65799113,0.0436113,0.16016073,0.44505051,0.20003474,0.18830871
1o28_UFP_D_718,9.5050001e-05,0.65799107,0.043610751,0.16016265,0.44505041,0.200036,0.18830963
1o29_UFP_A_803,0.00012005399,0.65799106,0.043610606,0.16016316,0.44505039,0.20003633,0.18830987
1o29_UFP_B_808,0,0.65799113,0.0436113,0.16016073,0.44505051,0.20003474,0.18830871
1o29_UFP_C_813,0.0001942159,0.65799102,0.043610178,0.16016465,0.44505032,0.20003732,0.18831059
1o29_UFP_D_818,0,0.65799113,0.0436113,0.16016073,0.44505051,0.20003474,0.18830871
1o2i_655_A_246,0.99334405,0,0.058619685,0.19440638,0.88124563,0.21287846,0.19397644
1o68_KIV_A_275,0.98739086,0.96902026,0.028663779,0.175093,0.27572336,0.21600291,0.19985015
1o68_KIV_D_275,0.92939119,0.99160496,0.039278771,0.20483076,0.9821337,0.26493596,0.20234457
1o68_KIV_E_275,0.9968964,0.9215331,0.039828126,0.20407418,0.9452387,0.260049,0.202241
1o8a_NXA_A_702,0.98983562,0.65646225,0.046236847,0.20396268,0.99091045,0.25083111,0.20006797
1om5_INE_B_791,0.17961588,0.65789439,0.042573317,0.16379206,0.44487132,0.20242405,0.19004211
1opr_ORO_A_220,0.99831537,0,0.048592343,0.16594754,0.22505904,0.16774296,0.19136857
1ovk_NYL_A_405,0.95630158,0.98703406,0.039380488,0.20579673,0.99258249,0.26580366,0.20260719
1oxp_IK2_A_411,0.96819645,0.65827825,0.031235632,0.16040633,8.2486259e-06,0.18234173,0.19585941
1p1w_AMQ_A_428,0.99363753,0,0.059896165,0.19806324,0.96512929,0.21866078,0.19431879
1p1w_AMQ_B_427,0.99633263,0,0.058925915,0.19539091,0.90247571,0.21438087,0.19409123
1p5g_G6P_X_658,0.98534318,0.658269,0.031136615,0.16075319,5.5856306e-07,0.18257015,0.19602491
1p7c_THM_B_501,0.98834238,0.65745884,0.037899762,0.18014226,0.44406453,0.21318201,0.19784677
1p7l_MET_A_485,0.98409624,0,0.045245828,0.15586619,4.4855776e-05,0.15205256,0.19032053
1p7l_PPK_C_684,0.98636298,0.65825686,0.031227865,0.16105073,0.0063636828,0.18302172,0.19606044
1p7l_PPK_D_884,0.0071423959,0.65798728,0.043570025,0.16030513,0.44504338,0.20012975,0.18837764
1pbd_PAB_A_396,0.99647336,0.98465301,0.039183588,0.20654731,0.99154026,0.26615859,0.20297031
1pi3_TZD_A_530,0.88033853,0.65751701,0.038523906,0.17795872,0.44417228,0.21174531,0.19680447
1pke_2FD_A_446,0,0.65799113,0.0436113,0.16016073,0.44505051,0.20003474,0.18830871
1pke_2FD_B_447,0,0.65799113,0.0436113,0.16016073,0.44505051,0.20003474,0.18830871
1pl6_572_A_405,0.66601137,0.95325612,0.02665659,0.15646767,5.8115657e-07,0.19198197,0.19549432
1pl6_572_B_407,0.62174352,0.65765628,0.040018302,0.17273065,0.44443025,0.20830539,0.19430888
1pl6_572_D_411,0,0.65799113,0.0436113,0.16016073,0.44505051,0.20003474,0.18830871
1poc_GEL_A_420,0.78301201,0.65678242,0.045682803,0.19479487,0.87646659,0.24019281,0.19760946
1pr0_NOS_A_1245,0,0,0.057722,0.15533656,0.44632287,0.16959977,0.18262135
1pr0_NOS_B_1246,0,0,0.057722,0.15533656,0.44632287,0.16959977,0.18262135
1pr0_NOS_C_1247,0.97562186,0,0.060332745,0.19864818,0.98695175,0.21992317,0.19423314
1pr6_XYA_A_1245,0.98852205,0.65745874,0.037898723,0.18014589,0.44406435,0.2131844,0.1978485
1pr6_XYA_B_1246,0.98677071,0.65745969,0.037908844,0.18011048,0.4440661,0.2131611,0.1978316
1pt8_OXL_A_802,0.99584749,0.94714412,0.024882355,0.16310215,2.0559824e-08,0.19610854,0.19862661
1pt8_OXL_B_801,0.99860125,0.9804017,0.024153846,0.16340377,1.5654447e-06,0.19768701,0.19894089
1pvc_ILE_0_7,0,0.65799113,0.0436113,0.16016073,0.44505051,0.20003474,0.18830871
1pwz_RSO_B_256,0.9951624,0.93489993,0.025157832,0.16302394,0.00060101844,0.19557323,0.19851652
1pym_OXL_A_1001,0.99587261,0.87602299,0.026406156,0.16257703,1.8353189e-09,0.19281227,0.19801166
1pym_OXL_B_1002,0.9971198,0.92552503,0.025338248,0.16296813,1.9917075e-09,0.19512346,0.19845189
1pzy_NAG_B_405,0.96747266,0.65647822,0.046333264,0.20341702,0.98877682,0.25038567,0.19984347
1pzy_NAG_D_406,0.98454775,0.65653099,0.04571504,0.20228121,0.95472897,0.24827026,0.19987088
1q20_PLO_A_401,4.5957738e-07,0.65799113,0.043611298,0.16016074,0.44505051,0.20003474,0.18830872
1q22_AND_A_401,0.97766242,0.99136811,0.024039788,0.16306072,1.1518876e-07,0.19791527,0.19883354
1q3a_NGH_B_479,0.96675714,0.65747047,0.038024501,0.17970586,0.44408606,0.21289488,0.19763846
1q3a_NGH_C_481,0.94462054,0.65748239,0.038152426,0.17925832,0.44410815,0.21260041,0.19742483
1q4g_BFL_A_701,0.98606175,0.9863461,0.039167645,0.20623528,0.98892805,0.26591792,0.20287384
1q6r_LX1_A_7301,0.99215021,0,0.046115073,0.15864503,0.060144459,0.15630025,0.19064156
1q92_DRM_A_1001,0.98807652,0.65745898,0.037901298,0.18013688,0.4440648,0.21317847,0.1978442
1qjc_PNS_B_1163,0.57135051,0,0.047845113,0.14812214,0.01416753,0.147507,0.18639188
1qmh_CIT_B_401,0.95803441,0.65819971,0.031998737,0.16220878,0.04615932,0.18538247,0.1959476
1qxa_GLY_B_245,0.93014715,0.62783012,0.031928907,0.15880717,0,0,0.19515309
1r4f_AD3_B_330,0,0.65799113,0.0436113,0.16016073,0.44505051,0.20003474,0.18830871
1r4s_MUA_A_800,0.082806303,0.97175427,0.044688748,0.18780967,0.98834243,0.2531247,0.19402268
1rf2_BV4_D_104,0,0.65799113,0.0436113,0.16016073,0.44505051,0.20003474,0.18830871
1rf2_BV4_E_105,0,0.65799113,0.0436113,0.16016073,0.44505051,0.20003474,0.18830871
1rf2_BV4_F_106,0,0.65799113,0.0436113,0.16016073,0.44505051,0.20003474,0.18830871
1rf2_BV4_G_107,0.028399354,0.65797583,0.043447183,0.16073488,0.44502218,0.20041252,0.18858278
1rf2_BV4_H_108,0.022685385,0.65797891,0.043480204,0.16061936,0.44502788,0.20033651,0.18852764
1rnd_DGP_A_126,0,0,0.057722,0.15533656,0.44632287,0.16959977,0.18262135
1rqh_PYR_A_602,0.47410252,0.65773579,0.040871506,0.16974576,0.44457754,0.20634141,0.19288407
1ruk_BEZ_H_601,0.99225605,0.96930848,0.024450114,0.16325589,0.0014399581,0.19718707,0.19878948
1rvt_NDG_H_742,0,0.65799113,0.0436113,0.16016073,0.44505051,0.20003474,0.18830871
1rvz_NAG_A_3321,2.3336708e-05,0.65799111,0.043611165,0.1601612,0.44505049,0.20003505,0.18830894
1s1f_PIM_A_431,0,0.65880156,0.036819929,0.1408013,6.1802859e-09,0.16941376,0.18651293
1s2c_FLF_A_2001,0,0.97556009,0.030025672,0.14314479,7.6263792e-07,0.18411124,0.1892557
1s2c_FLF_A_2002,0,0.93205554,0.031658152,0.14482353,0.045958932,0.18526059,0.1890654
1s3u_TQD_A_187,0.5475266,0.65769625,0.040447195,0.17123019,0.44450429,0.20731813,0.19359265
1s3v_TQD_A_187,0.87342551,0.9942192,0.039764001,0.20433932,0.99643915,0.26529432,0.20188463
1s6h_4BZ_A_1,0.99692146,0.65649589,0.045881856,0.20321073,0.97033242,0.2495094,0.20005331
1s83_4HA_A_5,0.97650847,0.96651693,0.039538143,0.20558228,0.9817371,0.26437572,0.20258096
1sep_BIO_A_801,0,0.65799113,0.0436113,0.16016073,0.44505051,0.20003474,0.18830871
1sff_IK2_A_450,0,0.65799113,0.0436113,0.16016073,0.44505051,0.20003474,0.18830871
1sff_IK2_C_450,0.98606622,0.65746007,0.037912915,0.18009624,0.4440668,0.21315173,0.1978248
1sff_IK2_D_450,0.98612264,0.65746004,0.037912589,0.18009738,0.44406674,0.21315248,0.19782535
1sjc_SMG_A_1000,0.93247286,0.65748893,0.038222626,0.17901273,0.44412027,0.21243882,0.1973076
1sjc_SMG_B_1100,0.97844694,0.65746417,0.037956946,0.1799422,0.4440744,0.21305038,0.19775127
1sjc_SMG_C_1200,0,0.65799113,0.0436113,0.16016073,0.44505051,0.20003474,0.18830871
1sjc_SMG_D_1300,0,0.65799113,0.0436113,0.16016073,0.44505051,0.20003474,0.18830871
1syf_THP_A_180,0,0.65799113,0.0436113,0.16016073,0.44505051,0.20003474,0.18830871
1sz6_NAG_A_5003,0,0.65799113,0.0436113,0.16016073,0.44505051,0.20003474,0.18830871
1sz6_NAG_B_5001,7.7799723e-05,0.65799108,0.043610851,0.1601623,0.44505043,0.20003577,0.18830946
1sz6_NAG_B_5002,0,0.6261378,0.043572806,0.1577663,0.39675093,3.7557058e-09,0.18781163
1sz6_NAG_B_5004,6.220312e-05,0.65799109,0.043610941,0.16016199,0.44505045,0.20003557,0.18830931
1t5z_DHT_A_931,0.98484995,0.99363905,0.039106183,0.20651544,0.9946907,0.26663673,0.20294854
1t87_CAM_A_1422,0.082516203,0.98911503,0.029783345,0.14641491,0.034438836,0.18821508,0.19030918
1t87_CAM_B_2422,0.081808415,0.97759823,0.030006475,0.14623624,0.032618709,0.18754641,0.19019535
1t93_FLV_A_431,0.99121425,0.97238069,0.024368449,0.16319508,5.7515578e-06,0.19721675,0.19880019
1t93_FLV_A_432,0.99533845,0.9833779,0.024121031,0.16339429,0.00079637273,0.19783609,0.19893834
1tc2_7HP_B_810,0.99836053,0,0.060178347,0.19904282,0.98543863,0.22012295,0.1944466
1tf8_TRP_A_911,0,0,0.057722,0.15533656,0.44632287,0.16959977,0.18262135
1tf8_TRP_A_913,0,0,0.057722,0.15533656,0.44632287,0.16959977,0.18262135
1thc_FL9_A_130,3.6158123e-07,0.65799113,0.043611298,0.16016074,0.44505051,0.20003474,0.18830872
1thc_FL9_A_131,0.0034077821,0.65798929,0.043591607,0.16022962,0.44504711,0.20008007,0.1883416
1thc_FL9_B_130,0,0.65799113,0.0436113,0.16016073,0.44505051,0.20003474,0.18830871
1tiw_TFB_A_2002,0.62811862,0.97161368,0.033618123,0.17621887,0.46832062,0.22458687,0.19718268
1tke_SER_A_500,0.69310183,0,0.04875739,0.1552023,0.12019129,0.15643835,0.18799674
1tkh_DPN_A_911,0,0.96400167,0.030273776,0.14306061,2.9396386e-05,0.18357746,0.18915583
1tkh_DPN_A_913,0,0,0.051544885,0.13769269,0.040389185,0.14167435,0.18098058
1tkj_MED_A_913,0.83885921,0,0.046084059,0.15292297,0,0.15010765,0.18891782
1tl2_NDG_A_237,0.98017459,0.65746324,0.037946963,0.17997713,0.44407268,0.21307336,0.19776794
1tl2_NDG_A_238,0.00028478674,0.65799097,0.043609655,0.16016649,0.44505022,0.20003853,0.18831146
1tl2_NDG_A_240,0.90898353,0.65831011,0.031578336,0.15921069,8.5012011e-05,0.1815564,0.19528811
1tl2_NDG_A_241,0.98446654,0.65746093,0.03792216,0.1800639,0.4440684,0.21313045,0.19780936
1toq_AMG_A_501,0.99549451,0.95893793,0.039826145,0.20658278,0.99717729,0.26534187,0.20276124
1toq_AMG_C_502,0,0.92745487,0.046176645,0.18597776,0.99230432,0.25023714,0.19285588
1toq_AMG_E_503,0,0.9581768,0.045547105,0.18628694,0.9941913,0.25179114,0.19312926
1toq_AMG_G_504,0.9657646,0.94595247,0.040002359,0.20510279,0.97921127,0.26310488,0.2022891
1tsd_UMP_A_267,0.96169717,0.65747319,0.038053742,0.17960356,0.44409111,0.21282757,0.19758963
1tsd_UMP_B_265,0.97418974,0.65746646,0.037981548,0.17985613,0.44407865,0.21299375,0.19771019
1tt6_DES_B_128,0.3116108,0.6578233,0.04181053,0.16646063,0.44473964,0.20417989,0.19131593
1tuu_PIS_B_2854,0.0094804323,0.89805393,0.031631662,0.14276393,0,0.18064538,0.18867682
1tvw_UMP_A_317,0.99132926,0.65810712,0.032432057,0.16466561,0.087126514,0.18864666,0.19643437
1u18_HSM_B_402,0.99603017,0,0.058318079,1.8079474e-07,0.86730843,0.21126766,0.19386314
1u1g_BBB_A_3300,0,0.65799113,0.0436113,0.16016073,0.44505051,0.20003474,0.18830871
1u1g_BBB_B_4300,0,0.65799113,0.0436113,0.16016073,0.44505051,0.20003474,0.18830871
1u1g_BBB_C_5300,0,0.65799113,0.0436113,0.16016073,0.44505051,0.20003474,0.18830871
1u1g_BBB_D_6300,0,0.65799113,0.0436113,0.16016073,0.44505051,0.20003474,0.18830871
1u1g_BBB_E_7300,0,0.65799113,0.0436113,0.16016073,0.44505051,0.20003474,0.18830871
1u1g_BBB_F_8300,0,0.65799113,0.0436113,0.16016073,0.44505051,0.20003474,0.18830871
1u2o_NEC_A_1001,0.98248375,0.9842777,0.03742203,0.20097583,0.87010244,0.25758881,0.20234045
1u6r_IOM_B_1601,0.9270924,0.65830048,0.031472589,0.15957367,8.499711e-09,0.18179234,0.19546258
1uay_ADN_A_1001,0.96927504,0.65746911,0.03800995,0.17975677,0.44408355,0.21292837,0.19766276
1uay_ADN_B_1002,0.99461596,0.65745546,0.037863507,0.18026909,0.44405827,0.21326546,0.19790731
1ubs_SER_B_398,0.96313177,0.6567372,0.044206845,0.19719619,0.84783539,0.24062719,0.19923268
1um4_SH4_H_1001,0.95339115,0.98374385,0.036114707,0.19613588,0.77252682,0.25045352,0.20165996
1uqx_MMA_A_1116,0.90406872,0.92333776,0.040537147,0.20281174,0.95911907,0.2598477,0.20141637
1uux_PPI_A_1165,0.99515914,0.93079883,0.025242897,0.16298548,0.00041528366,0.1953703,0.19848026
1uxi_FUM_A_1311,0,0.91529939,0.044436066,0.18017226,0.86098064,0.24062736,0.19221921
1uxi_FUM_B_1311,0.78912487,0.91581464,0.029031798,0.16520824,0.14989793,0.20221832,0.19696603
1uxq_G1P_A_1503,0.95994683,0.6609471,0,0.16027051,0.00068559358,0.18236986,0.19580537
1v3v_5OP_A_1360,0.94873098,0.98622764,1.4170892e-44,0.16497203,0.058495961,0.2013203,0.19875141
1v3v_5OP_B_2360,0,0.98491371,0.02982566,0.1432151,2.7811323e-05,0.18454666,0.18933671
1v5y_4HC_A_1455,0.99504592,0.65826375,0.031080645,0.16094964,1.7080079e-07,0.18269967,0.19611857
1v5y_4HC_B_1201,0.0021852445,0.65798995,0.043598672,0.16020491,0.44504833,0.20006381,0.1883298
1vje_MSE_A_301,0.98028098,0.96711162,0.024544434,0.16293452,1.1472612e-06,0.19682602,0.19864901
1vje_MSE_A_401,0.93868149,0.89802039,0.026265201,0.16158153,3.1162682e-06,0.19306746,0.19764966
1vkf_CIT_C_502,0.92989323,0.757633,0.029326268,0.16037217,0.00014464409,0.18645249,0.19635102
1vkf_CIT_D_503,0.7903452,0.90373428,0.026999652,0.15861993,7.6385723e-06,0.19134937,0.19626665
1vl1_CIT_A_300,0.86706107,0.9080658,0.02721022,0.16233783,0.048999102,0.19595065,0.19724324
1vzd_CB3_A_318,0,0.65799113,0.0436113,0.16016073,0.44505051,0.20003474,0.18830871
1vzd_UFP_A_317,0.98543516,0.65746041,0.037916562,0.18008348,0.44406743,0.21314334,0.19781871
1vzu_UDP_A_1371,0,0.94178014,0.037522876,0.16224225,0.44450175,0.21316671,0.19076267
1vzu_UDP_B_2371,0.97566077,0.95794339,0.031529858,0.18208867,0.44349614,0.22691045,0.20032133
1w1a_NDG_1_1261,0,0.65799113,0.0436113,0.16016073,0.44505051,0.20003474,0.18830871
1w1a_NDG_2_1261,0.89520071,0.657509,0.038438019,0.17825919,0.44415745,0.21194301,0.1969479
1w3t_3GR_A_1297,0.97712517,0.65746488,0.037964585,0.17991548,0.44407572,0.2130328,0.19773851
1w3t_3GR_C_1297,0.57352286,0.65768225,0.040296965,0.17175576,0.44447836,0.20766394,0.19384353
1w3t_3GR_D_1297,0.98036883,0.65746314,0.03794584,0.17998105,0.44407248,0.21307594,0.19776982
1w55_C_A_1373,0.9813245,0.65746262,0.037940317,0.18000037,0.44407153,0.21308866,0.19777904
1w55_GPP_A_1374,0,0.74513912,0.034963003,0.14144182,8.7802426e-08,0.17343074,0.18726256
1w62_PYC_A_700,0,0,0.066083908,0.17922115,0.99455149,0.20740262,0.1848425
1wc7_PP3_A_1214,0,0.92140223,0.031186271,0.14274491,9.453789e-06,0.18160152,0.18878727
1wmz_A2G_B_502,0.95253956,0.65667881,0.044805432,0.19851388,0.8830464,0.24290921,0.19927255
1wmz_NGA_A_501,0.93263607,0.65821984,0.032091567,0.16154153,0.042643793,0.18480139,0.19568823
1wmz_NGA_D_504,0.91030941,0.65658686,0.046011209,0.20040162,0.94607984,0.24668373,0.19911931
1wq4_TYR_A_501,0.98465747,0,0.058933216,0.1949827,0.89852906,0.2139529,0.19396251
1x09_IPE_A_901,0.98596716,0.65693192,0.042339256,0.19271029,0.73411853,0.23310534,0.19899411
1x09_IPE_A_902,0.90629933,0.88982967,0.026627923,0.1608657,1.4298886e-05,0.19225563,0.19726615
1x29_PMG_A_413,0.52541387,0.65770816,0.040574993,0.17078309,0.44452635,0.20702395,0.19337923
1x29_PMG_B_1413,0.52541387,0.65770816,0.040574993,0.17078309,0.44452635,0.20702395,0.19337923
1x2a_PDG_A_413,0.52541387,0.65770816,0.040574993,0.17078309,0.44452635,0.20702395,0.19337923
1x2a_PDG_B_1413,0.33942192,0,0.055757694,0.16219968,0.4459839,0.17412094,0.1858981
1x7j_GEN_A_201,0.99605635,0.65745469,0.037855183,0.18029821,0.44405683,0.21328462,0.19792121
1x7j_GEN_B_202,0,0.65799113,0.0436113,0.16016073,0.44505051,0.20003474,0.18830871
1x82_PA5_A_301,0.96973567,0.95094844,0.026704986,0.16760955,0.11506645,0.20386221,0.19887309
1x8i_BMH_A_2,0.95697267,0.65747574,0.038081044,0.17950805,0.44409583,0.21276472,0.19754403
1x8x_TYR_A_952,0.99166536,0.95203449,0.024801837,0.16305392,7.4857321e-06,0.19627981,0.19862856
1xdj_HCS_A_1050,0.97585257,0.65652429,0.045860768,0.20237759,0.96099007,0.24858509,0.19981221
1xid_ASC_A_389,0.9912334,0.89814863,0.025975487,0.1626941,0.0010913964,0.19385099,0.19816266
1xin_XYL_A_397,0.77721827,0.65757255,0.039119828,0.17587392,0.44427515,0.21037356,0.1958093
1xin_XYL_B_397,0.98988845,0.65745801,0.037890827,0.18017351,0.44406299,0.21320258,0.19786169
1xin_XYL_D_397,0.98686733,0.65745964,0.037908286,0.18011243,0.444066,0.21316239,0.19783253
1xkw_188_A_1001,0,0,0.057722,0.15533656,0.44632287,0.16959977,0.18262135
1xny_BTN_A_5602,0.96277469,0.88526479,0.026864421,0.16330357,0.03052433,0.19490082,0.19789552
1xny_BTN_B_5602,0.96483152,0.96439152,0.025230626,0.16414017,0.035352719,0.1989286,0.19861937
1xuf_BAZ_A_246,0,0.65799113,0.0436113,0.16016073,0.44505051,0.20003474,0.18830871
1y2x_NAG_C_2144,0.96157168,0.65828171,0.031274851,0.16027506,7.4309069e-05,0.18225783,0.19579573
1y2x_NAG_D_3144,0.96231023,0.6564776,0.046391658,0.20339406,0.99065152,0.25044577,0.19980121
1y5v_NE8_A_500,0,0,0.057722,0.15533656,0.44632287,0.16959977,0.18262135
1y8j_STS_A_900,0.87107372,0,0.045897982,0.15357536,0,0.15053836,0.18922891
1yik_MM1_A_500,0.89632288,0,0.046107171,0.15510079,0.023299957,0.15248098,0.18956704
1yik_MM1_A_501,0.34175622,0.66515264,0.041478116,0.16712418,0.44469537,0.20492214,0.19167062
1yqc_GLV_A_1001,0.78960375,0.97675436,0.025439182,0.15914424,5.0579488e-08,0.19472355,0.19689108
1yw9_A84_A_482,0,0.65799113,0.0436113,0.16016073,0.44505051,0.20003474,0.18830871
1z11_8MO_A_501,0.97855457,0.65746411,0.037956324,0.17994437,0.44407429,0.21305181,0.19775231
1z11_8MO_B_501,0.97544795,0.65746579,0.037974277,0.17988157,0.44407739,0.21301048,0.19772233
1z11_8MO_C_501,0.98998631,0.65826604,0.031113595,0.16085793,0.00024697782,0.18264911,0.19607072
1z11_8MO_D_501,0.99423373,0.6567838,0.043495898,0.19631071,0.81301338,0.23864578,0.19939236
1z3n_3NA_A_320,0,0.65799113,0.0436113,0.16016073,0.44505051,0.20003474,0.18830871
1z4k_T3P_A_4341,0.99006705,0.65745791,0.037889795,0.18017712,0.44406281,0.21320495,0.19786341
1z6k_OAA_A_274,0,0.65880126,0.036822418,0.1408084,0.00016303905,0.16942498,0.18651359
1z8p_DEB_A_420,0,0,0.065986301,0.17894235,0.98814578,0.20696136,0.18481657
1zb6_DIN_A_401,0.99759157,0.98006294,0.024168727,0.16338593,0.00011901319,0.1976659,0.19892868
1zdq_MSM_A_1507,0.93784982,0.99225512,0.038828484,0.20390004,0.95670318,0.26332739,0.20232895
1zdq_MSM_B_1508,0.95106816,0.98801844,0.039430691,0.20581532,0.99527764,0.26596497,0.20257608
1zdq_MSM_C_1509,0.99417647,0.99510619,0.039008436,0.20667963,0.99387438,0.2667732,0.20304799
1zei_CRS_A_54,0.99802931,0.98369584,0.028484297,0.17597797,0.28861449,0.2177134,0.200132
1zei_CRS_B_56,0.99702477,0.98598671,0.039240526,0.20682169,0.99736155,0.26662879,0.20301073
1zei_CRS_C_56,0.99600051,0.99193138,0.037399059,0.20193196,0.88448169,0.25911482,0.20259539
1zei_CRS_E_54,0.99604346,0.98713007,0.039074105,0.2063887,0.98767554,0.26600144,0.20297194
1zei_CRS_E_55,0.99500818,0.99499985,0.023861924,0.16343926,9.8062974e-06,0.19831619,0.1990325
1zei_CRS_F_54,0.99545588,0.99076024,0.036654943,0.19970616,0.83379369,0.25556157,0.20237484
1zei_CRS_F_55,0.24575348,0.98633146,0.031628389,0.15749306,0.21348986,0.20260262,0.19258615
1zg3_2HI_A_365,0.80538256,0.98039737,0.025270385,0.15949186,2.6605662e-05,0.1951052,0.19707507
1zgj_P1S_A_0,0,0.98577978,0.044607955,0.18549783,0.97137338,0.25149876,0.19327567
1zha_PEP_A_1268,0.99620821,0.65822503,0.031393297,0.16188353,0.020921135,0.18415511,0.19621424
1zha_PEP_B_2268,0,0.65799113,0.0436113,0.16016073,0.44505051,0.20003474,0.18830871
1zha_R5P_A_1269,0.51672359,0,0.054731613,0.16578472,0.44580684,0.17648264,0.18760975
1zjp_DR4_A_1,0.92249257,0.97041601,0.031570043,0.18110506,0.44352512,0.22677922,0.19991587
1zk0_SS2_A_1260,0.78316205,0.96934391,0.033436267,0.18124161,0.5119674,0.22956124,0.19883693
1zmt_RNO_A_1002,0,0.65880145,0.036820837,0.14080389,5.949699e-05,0.16941786,0.18651317
1zmt_RNO_D_1004,0,0.65880156,0.036819929,0.1408013,0,0.16941376,0.18651293
1zng_HE4_A_202,0.98427394,0.96792676,0.024506309,0.16302828,0.0001590073,0.19692806,0.19869526
1zoy_UQ1_B_1201,0.99492405,0.65826379,0.031081619,0.16094795,1.7945595e-05,0.18269927,0.19611747
1zpd_CIT_A_610,0,0.65799113,0.0436113,0.16016073,0.44505051,0.20003474,0.18830871
1zpd_CIT_E_610,0.98209188,0.65818018,0.031914703,0.16285192,0.049744436,0.18595044,0.19619431
1zuw_DGL_A_1301,0.0022358184,0.65798992,0.04359838,0.16020593,0.44504828,0.20006448,0.18833029
1zuw_DGL_B_2301,0.0010481364,0.65799056,0.043605243,0.16018192,0.44504946,0.20004868,0.18831883
1zuw_DGL_C_3301,0,0.65799113,0.0436113,0.16016073,0.44505051,0.20003474,0.18830871
1zwp_NIM_A_401,0.9545907,0.94488591,0.025172748,0.16226051,0.00024279211,0.19546898,0.19820965
227l_BNZ_A_169,0.99736557,0.99278316,0.023896017,0.16347122,2.3666409e-05,0.19824592,0.19903614
2a0x_DIH_A_300,0.11576265,0,0.051378556,0.1414719,0.073356347,0.14549307,0.18223192
2a15_NCA_A_1001,0.94465878,0.98346168,0,0.20542073,0.99032072,0.26532742,0.20246181
2a1m_CAM_A_1422,0.50253516,0.9879787,0.028732862,0.15877222,0.12311961,0.19988691,0.19471432
2a1m_CAM_B_2422,0,0.99117567,0.030253158,0.14486572,0.036889306,0.18737615,0.18954007
2a5t_GLU_B_2002,0,0.65880156,0.036819929,0.1408013,0,0.16941376,0.18651293
2a5t_GLY_A_1001,0,0,0.050929456,0.13593482,0,0.13889211,0.18081711
2a9z_26A_A_1001,0.99335643,0.65644648,0.046332745,0.20436523,0.998523,0.25140207,0.20013268
2a9z_26A_A_1002,0.9726906,0.65650303,0.046071495,0.20286227,0.97359999,0.24941077,0.19983259
2agw_TSS_D_3001,0,0.65799113,0.0436113,0.16016073,0.44505051,0.20003474,0.18830871
2agw_TSS_H_2001,0,0.65799113,0.0436113,0.16016073,0.44505051,0.20003474,0.18830871
2ahc_VNL_A_166,0.14034678,0.99258572,0.028855717,0.14612864,0.00036360511,0.18680184,0.19075974
2ahc_VNL_B_266,0.99686779,0.96299562,0.024544633,0.16326232,0.00051382353,0.19689232,0.19877566
2ahc_VNL_C_366,0.99217359,0.99022294,0.023985538,0.1633605,0.00033027608,0.19807895,0.1989651
2ahc_VNL_D_466,0.99549928,0,0.045184894,0.1561112,0.00036857131,0.15222732,0.19043196
2ai1_P1G_A_293,0.89927666,0.65750681,0.038414464,0.1783416,0.44415338,0.21199723,0.19698723
2aiq_BEN_A_401,0.98927238,0.98338686,0.038916255,0.20543222,0.96948563,0.26448438,0.20280055
2ajv_COC_L_501,0.75708418,0.96674051,0.032606127,0.17773355,0.44369742,0.22440591,0.19828726
2ajx_TGN_L_501,0.52541387,0.65770816,0.040574993,0.17078309,0.44452635,0.20702395,0.19337923
2b04_CHO_A_200,0,0,0.057722,0.15533656,0.44632287,0.16959977,0.18262135
2b3f_GAL_A_3310,0,0.65799113,0.0436113,0.16016073,0.44505051,0.20003474,0.18830871
2b3f_GAL_B_3311,0.98877692,0.65644909,0.046358007,0.20426921,0.99844754,0.25133573,0.20008817
2b3f_GAL_C_3312,0,0.65799113,0.0436113,0.16016073,0.44505051,0.20003474,0.18830871
2b3f_GAL_D_3313,0,0.65799113,0.0436113,0.16016073,0.44505051,0.20003474,0.18830871
2b3f_GAL_E_3314,0,0.65799113,0.0436113,0.16016073,0.44505051,0.20003474,0.18830871
2b3f_GAL_F_3315,0.94250889,0.65647609,0.04660823,0.2032849,0.99735715,0.2506429,0.19963712
2bdg_PBZ_A_301,0.99473734,0.99621974,0.038906703,0.20648605,0.98897645,0.26649491,0.20304322
2bdg_PBZ_B_302,0.99058278,0.99566928,0.039059203,0.2067312,0.99663567,0.26694146,0.20302934
2bf7_HBI_A_1290,0,0.65799113,0.0436113,0.16016073,0.44505051,0.20003474,0.18830871
2bf7_HBI_B_1290,0,0.65799113,0.0436113,0.16016073,0.44505051,0.20003474,0.18830871
2bf7_HBI_D_1290,0,0.65799113,0.0436113,0.16016073,0.44505051,0.20003474,0.18830871
2bgc_DTU_A_1238,0.58303984,0,0.056438991,0.17309879,0.5825949,0.18681989,0.18880544
2bjf_DXC_A_330,0,0.65799113,0.0436113,0.16016073,0.44505051,0.20003474,0.18830871
2bk3_FOF_A_1503,0.91868267,0.9905141,0.031161031,0.1811754,0.44349006,0.22765821,0.20005283
2bk3_FOF_B_1498,0,0.98677395,0.036557857,0.16257218,0.44441475,0.21524814,0.19115163
2brk_CMF_A_1534,0,0.65799113,0.0436113,0.16016073,0.44505051,0.20003474,0.18830871
2bs3_CIT_A_1657,0,0.65799113,0.0436113,0.16016073,0.44505051,0.20003474,0.18830871
2bs3_CIT_D_1657,0.99659677,0.65824608,0.031212793,0.16138324,0.0092431437,0.18335654,0.19617085
2bs8_NAG_A_1177,0.91733601,0.65733268,0.0396864,0.18262996,0.53439824,0.2184429,0.19752544
2bsc_NAG_A_1176,0,0.65876725,0.037107583,0.14162129,0.018844109,0.17071074,0.18658899
2bx7_34D_B_1313,0.98041028,0.86320922,0.026971919,0.16274584,0.0132491,0.19292427,0.19780513
2bxh_IOS_A_1001,0.99680824,0.65649819,0.045863715,0.20315486,0.96910126,0.24942316,0.20004725
2c3d_COM_A_1525,0.99153815,0.96119892,0.039466704,0.20556578,0.97526773,0.26388452,0.20265391
2c3d_COM_A_1526,0.97782818,0.65827301,0.031180354,0.16060214,2.6327133e-05,0.18247158,0.19595247
2c3d_COM_B_1525,0.97631434,0.65824436,0.031436111,0.16127566,0.016208887,0.18356516,0.19600317
2c3d_COM_B_1526,0.98382622,0.65646662,0.04626206,0.20381407,0.99029147,0.25070827,0.20000746
2c5b_5F1_A_500,0,0.65799113,0.0436113,0.16016073,0.44505051,0.20003474,0.18830871
2c5b_5F1_B_500,0,0.65799113,0.0436113,0.16016073,0.44505051,0.20003474,0.18830871
2c6q_IMP_A_1337,0.95838321,0.65747498,0.038072893,0.17953657,0.44409442,0.21278348,0.19755764
2c6q_IMP_D_1337,0.95736072,0.65747553,0.038078802,0.17951589,0.44409544,0.21276988,0.19754778
2c6q_IMP_E_1337,0.52824311,0.65770663,0.040558633,0.17084033,0.44452353,0.20706161,0.19340655
2c6q_IMP_F_1337,0.9927371,0.65745647,0.037874365,0.18023111,0.44406015,0.21324047,0.19788918
2c6q_IMP_G_1338,0.99621839,0.6574546,0.037854247,0.18030149,0.44405667,0.21328678,0.19792277
2c6q_IMP_H_1337,0,0.65799113,0.0436113,0.16016073,0.44505051,0.20003474,0.18830871
2caq_GSH_A_1208,0,0,0.057722,0.15533656,0.44632287,0.16959977,0.18262135
2cjz_PTR_A_1537,0.80875484,0.52913761,0.041692723,0.17556956,0.44449201,0.20485058,0.19500318
2coj_GBN_A_420,0.99037458,0.99189584,0.027322002,0.17293922,0.2209652,0.21333106,0.19985521
2coj_GBN_B_420,0.99002875,0.98307273,0.038603888,0.20454624,0.94883069,0.26305709,0.20272154
2cxp_A5P_A_1601,0.99396606,0.65745581,0.037867263,0.18025595,0.44405892,0.21325682,0.19790104
2cxp_A5P_B_2601,0.99442931,0.95026194,0.024812635,0.16312343,0,0.19628416,0.25964518
2d0e_NQ_A_410,0.99111416,0.65826581,0.031103878,0.16087161,3.6539229e-05,0.18264968,0.19608076
2d1j_D01_A_700,0,0.65799113,0.0436113,0.16016073,0.44505051,0.20003474,0.18830871
2d20_NPO_B_953,0.99645267,0.65245932,0.031218946,0.16092865,0.0015166757,0.18247421,0
2d3n_GLC_A_608,0.013895512,0.93914262,0.030736431,0.14318758,0.00070214434,0.18265732,0.18907771
2dm5_ODI_A_312,0,0.65740096,0.049467058,0.17902372,0.82854696,0.22645538,0.18985939
2dv0_ZST_A_600,0,0.65799113,0.0436113,0.16016073,0.44505051,0.20003474,0.18830871
2e1a_MSE_D_301,0.98007347,0.96764968,0.039693335,0.20623428,0.99486628,0.2653803,0.20267832
2e40_LGC_A_1001,0.9583643,0.00092158409,0.045937891,0.15696052,0.037004959,0.15429727,0.19022961
2e40_LGC_B_2001,0,0,0.057722,0.15533656,0.44632287,0.16959977,0.18262135
2e56_MYR_A_601,0,0.65880156,0.036819929,0.1408013,8.3647027e-10,0.16941376,0.18651293
2e56_MYR_A_701,0.9766597,0.65827369,0.031186691,0.16057734,0,0.18245417,0.19594108
2eb5_OXL_A_2001,0.98917454,0.65814866,0.03210595,0.16365695,0.06494912,0.1870915,0.19632405
2eb5_OXL_B_2002,0.98365441,0.65822118,0.031554863,0.16188349,0.026761768,0.18438948,0.19611662
2eb5_OXL_D_2004,0.99310695,0.6582648,0.031091828,0.16091038,1.2538635e-07,0.18267378,0.19609985
2eb5_OXL_E_2005,0.99276216,0.65826499,0.031093815,0.16090339,0,0.18266917,0.19609652
2ef9_A5P_A_1269,0,0,0.057722,0.15533656,0.44632287,0.16959977,0.18262135
2ef9_A5P_B_2269,0.96285241,0,0.04617662,0.15774413,0.053077539,0.15542173,0.19033003
2ef9_PEP_B_2268,0,0.96732874,0.042225086,2.1251499e-27,0.79352428,0.23775646,0.19231954
2eup_LG4_A_400,0.99484732,0.65650319,0.04584203,0.2030211,0.96693973,0.2492482,0.20001959
2euq_BVC_A_401,0.73427898,0.70256923,0.038404001,0.17533536,0.44423102,0.21188152,0.19578344
2eus_ABN_A_400,0.9957896,0.99203182,0.038741371,0.2057652,0.97263576,0.26518922,0.20295102
2exs_TRP_B_2100,0,0.65799113,0.0436113,0.16016073,0.44505051,0.20003474,0.18830871
2f3s_7GP_A_998,0.98231946,0.65746209,0.037934568,0.18002049,0.44407054,0.21310189,0.19778864
2f64_12Q_A_472,0,1.3388283e-33,0.052503409,0.14043057,0.10329489,0.14600766,0.18123519
2f64_12Q_B_471,0.0054556519,1.1648884e-33,0.050898046,0.13604559,6.7573112e-06,0.13896551,0.18086982
2f78_BEZ_A_1001,0.99520585,0.98845297,0.039143894,0.206648,0.99379844,0.26647334,0.20300008
2f78_BEZ_A_1003,0.039227747,0.99297058,0.035690238,0.16196064,0.41110663,0.2137621,0.19144904
2f78_BEZ_B_1002,0.99407507,0.9960496,0.0389195,0.20648659,0.98932595,0.26650225,0.20303677
2f78_BEZ_B_1004,0,0.99145624,0.044545881,0.1857099,0.97528206,0.25203113,0.19334059
2f78_BEZ_B_1005,0.99813612,0.98672432,0.024298153,0.16423257,0.018186831,0.19922657,0.19906469
2f7x_4EA_E_351,0.97317141,0.656957,0.042260805,0.19201717,0.72414433,0.232248,0.19883033
2fcu_AKG_A_897,0.9939544,0.65826396,0.031090151,0.16093669,0.00021050051,0.18269958,0.19610888
2fhk_MFN_B_602,0,0,0.057722,0.15533656,0.44632287,0.16959977,0.18262135
2fhn_BNI_X_501,0.97362038,0.96658839,0.039676839,0.20587721,0.98984509,0.26489894,0.2025865
2fhn_BNI_Y_502,0,0.95546413,0.04558241,0.18620171,0.99269362,0.25156224,0.19309973
2fib_GLY_B_2,0,0,0.057722,0.15533656,0.44632287,0.16959977,0.18262135
2fkm_G16_X_464,5.105696e-06,0.65799112,0.043611271,0.16016083,0.4450505,0.20003481,0.18830876
2fpu_HSO_B_509,0.86161198,0,0.04595378,0.15338702,7.5173096e-05,0.15041704,0.18913784
2fr6_CTN_A_1001,0.97399279,0.65746657,0.037982687,0.17985215,0.44407885,0.21299113,0.19770829
2fr6_CTN_C_1003,0.99263193,0.65745653,0.037874973,0.18022898,0.44406025,0.21323907,0.19788816
2fr6_CTN_D_1004,0.99356225,0.65745603,0.037869596,0.18024779,0.44405932,0.21325145,0.19789714
2fr6_URI_B_1002,0,0.6261378,0.043572806,0.1577663,0.39675093,0,0.18781163
2fu9_MP2_A_1410,0.98379741,0.98259031,0.038516079,0.20403334,0.94002741,0.262345,0.20262156
2fu9_MP2_B_2410,0.93812531,0.65748589,0.038189961,0.17912701,0.44411463,0.21251401,0.19736214
2fyd_BGC_B_403,0.98348,0,0.059874217,0.19762725,0.95983845,0.21816051,0.19419929
2fyd_BGC_D_530,0,0.98317917,0.032858142,0.15175793,0.19660342,0.19800754,0.19011734
2fyd_NGA_B_404,0.97698155,0.47133659,0.035188663,0.15920925,0.00012987687,0.17381065,0.19432922
2fyd_NGA_D_529,0.9574603,0.9702943,0.024609101,0.16249888,6.9903463e-05,0.19667317,0.19845645
2fz8_ZST_A_600,0,0.97630949,0.036782297,0.16249544,0.44443498,0.21476405,0.19106117
2fzb_TOL_A_700,0.87667258,0.98333428,0.024795266,0.16095614,2.1866441e-09,0.19619265,0.19778881
2fzb_TOL_A_800,0.97663223,0.65746515,0.037967434,0.17990551,0.44407621,0.21302624,0.19773376
2fzb_TOL_A_900,0,0.65799113,0.0436113,0.16016073,0.44505051,0.20003474,0.18830871
2g21_L1B_A_885,0.98834116,0.99475628,0.038993794,0.20639936,0.99020939,0.26642649,0.20297378
2g21_L1B_B_985,0.98792541,0.9871289,0.039210361,0.20647947,0.99353872,0.26629673,0.20291727
2g5v_22M_A_301,0,0.98495266,0.043727886,0.18292731,0.91245337,0.24740167,0.19303004
2g9z_VNP_A_602,0,0.65799113,0.0436113,0.16016073,0.44505051,0.20003474,0.18830871
2giq_NN2_A_1001,0.99421199,0.65745568,0.037865842,0.18026092,0.44405867,0.21326009,0.19790341
2giq_NN2_B_2001,0.98879051,0.6574586,0.037897172,0.18015132,0.44406408,0.21318797,0.19785109
2gn2_C5P_A_400,0,0.96464922,0.030259459,0.14306413,3.6028831e-07,0.18360548,0.18916132
2gnm_MAN_A_253,0.95037934,0.95594477,0.039336019,0.2033195,0.94370028,0.26091614,0.20208323
2gue_NAG_B_122,0,0.65861844,0.03835504,0.14517728,0.10056469,0.17633529,0.18691885
2gx5_PCG_C_514,0.85691377,0,0.045987608,0.15331098,0.00051424062,0.15038447,0.18909425
2gyv_HBP_A_1409,0,0.65799113,0.0436113,0.16016073,0.44505051,0.20003474,0.18830871
2gyv_HBP_B_545,0,0.95798112,0.0371754,0.16236105,0.44447042,0.21391617,0.19090273
2gyw_OBI_A_952,0.98696586,0.65745958,0.037907716,0.18011443,0.4440659,0.2131637,0.19783348
2gyw_OBI_B_953,0.95715683,0.65747564,0.03807998,0.17951177,0.44409564,0.21276717,0.19754581
2gzm_DGL_A_501,0.9912032,0.98553003,0.039218197,0.20651264,0.99304708,0.26623258,0.2029331
2gzm_DGL_C_503,0,0.98808556,0.044893786,0.18647242,0.99337429,0.25312119,0.19338466
2gzm_DGL_D_504,0,0.98563287,0.04490004,0.18632204,0.99033566,0.25279818,0.19335115
2hdk_COI_B_900,0,0,0.057722,0.15533656,0.44632287,0.16959977,0.18262135
2hi4_BHF_A_800,0.99774251,0.99804217,0.038972946,0.20691071,0.99702579,0.26717405,0.20312058
2hjp_PPR_A_291,0,0.65799113,0.0436113,0.16016073,0.44505051,0.20003474,0.18830871
2hs3_FGR_A_2166,0.92818262,0.65829989,0.031466301,0.15959574,0,0.1818069,0.19547311
2ht8_G39_A_800,0.96659385,0.95885985,0.039794429,0.20542472,0.9840305,0.26404623,0.20242826
2huu_ALA_A_701,0.96467164,0,0.045357344,0.15547086,1.0990168e-08,0.15178977,0.19013277
2i1v_F6P_B_720,0,0.95616508,0.030441247,0.14300142,0,0.18321219,0.18908793
2i1v_FDP_B_710,0,0.65799113,0.0436113,0.16016073,0.44505051,0.20003474,0.18830871
2i6p_4NP_A_401,0.96173383,0.90016554,0.026088478,0.16207108,0.00016037917,0.19348594,0.19789147
2iht_TPP_A_600,0.52541387,0.65770816,0.040574993,0.17078309,0.44452635,0.20702395,0.19337923
2iht_TPP_B_600,0.52541387,0.65770816,0.040574993,0.17078309,0.44452635,0.20702395,0.19337923
2iht_TPP_C_600,0.96034959,0.98288002,0.037692146,0,0.88245156,0.2573723,0.20207938
2ihu_TP9_A_600,0,0.65799113,0.0436113,0.16016073,0.44505051,0.20003474,0.18830871
2ihu_TP9_B_600,0.52541387,0.65770816,0.040574993,0.17078309,0.44452635,0.20702395,0.19337923
2ij7_TPF_A_2472,0,0.65799113,0.0436113,0.16016073,0.44505051,0.20003474,0.18830871
2ij7_TPF_B_2470,2.9298203e-05,0.65799111,0.043611131,0.16016132,0.44505048,0.20003513,0.188309
2ij7_TPF_D_2473,0,0.65799113,0.0436113,0.16016073,0.44505051,0.20003474,0.18830871
2ij7_TPF_F_2474,0.91679073,0.65749738,0.038313252,0.17869568,0.44413591,0.21223021,0.19715625
2ipf_FFA_B_4,0.99172463,0.98383379,0.037479602,0.20144943,0.87675954,0.25815036,0.2024528
2isf_PAC_A_317,0.99146936,0.97666544,0.024293756,0.16328502,0.0012259024,0.19750282,0.19884465
2ixi_TYD_A_1182,0,0.65799113,0.0436113,0.16016073,0.44505051,0.20003474,0.18830871
2ixi_TYD_B_1182,0.97950715,0.6574636,0.03795082,0.17996363,0.44407334,0.21306448,0.1977615
2iyq_SKM_A_201,0.94684248,0.65649713,0.046387198,0.20281383,0.98451484,0.24981687,0.19962712
2izf_BTN_B_300,0.99576395,0.28789159,0.045784662,0.17758193,0.44477174,0.19618149,0.19472307
2izf_BTN_D_301,0.52541387,0.65770816,0.040574993,0.17078309,0.44452635,0.20702395,0.19337923
2j1s_FUL_B_1153,0.9963517,0.6565259,0.045636073,0.2024892,0.954016,0.24837879,0.19998195
2j5b_TYE_A_1336,0,0,0.053792292,0.14411206,0.18788128,0.15183447,0.18157755
2j5b_TYE_B_1338,0.83428746,0.95071983,0.033888921,0.1831359,0.53486462,0.23095882,0.19926222
2j5z_GAL_A_1278,0.9763693,0.85290041,0.027028535,0.16205192,0.00093620012,0.19154423,0.1976271
2j9e_AKG_C_1119,0.66424052,0.65763339,0.039772716,0.17358982,0.44438786,0.2088707,0.194719
2jav_5Z5_A_1280,0,0,0.066026135,0.17905613,0.99075997,0.20714144,0.18482715
2jfv_FLC_A_1271,0.89292768,0.75624317,0.031624044,0.16548159,0.13497512,0.19518175,0.19652775
2jhp_GUN_A_1647,0.003464884,0.65798926,0.043591277,0.16023078,0.44504705,0.20008083,0.18834215
2jhp_GUN_A_1648,0.0013521698,0.6579904,0.043603486,0.16018807,0.44504916,0.20005272,0.18832176
2ji6_TPW_A_1566,0,0.65799113,0.0436113,0.16016073,0.44505051,0.20003474,0.18830871
2jig_PD2_A_1254,0,0.99521059,0.0296046,0.14328998,0,0.18502203,0.18942567
2no7_LDC_A_401,0.99018967,0.65646455,0.04621387,0.20391017,0.989539,0.25074144,0.20006585
2no7_LDC_B_401,0.98605472,0.65820818,0.031639155,0.16221184,0.033190703,0.18486402,0.19616574
2nos_AGU_A_903,0.15479364,0.91290436,0.030478572,0.14582927,0.00029350186,0.18329679,0.19020972
2npq_BOG_A_1000,0,0.96942837,0.036929882,0.16244499,0.44444829,0.21444573,0.19100168
2npq_BOG_A_2000,0,0.65880156,0.036819929,0.1408013,0,0.16941376,0.18651293
2nry_STU_B_502,0.93096274,0.92595381,0.032474641,0.1809503,0.44360264,0.22483521,0.19961328
2nry_STU_C_503,0.99268149,0.98307711,0.030892292,0.18261712,0.44343054,0.22829986,0.20070292
2nry_STU_D_501,0.99343246,0.974346,0.031075209,0.18256829,0.44344668,0.22790596,0.20063469
2ntk_IMP_A_205,0,0.65799113,0.0436113,0.16016073,0.44505051,0.20003474,0.18830871
2ntk_IMP_B_206,0.98439979,0.65746096,0.037922546,0.18006255,0.44406846,0.21312957,0.19780872
2ntk_IMP_D_208,0,0.65232631,0.043702914,0.15996648,0.44240602,0.19956492,0
2nu7_COA_B_1025,0,0.65799113,0.0436113,0.16016073,0.44505051,0.20003474,0.18830871
2nu7_COA_B_1325,0,0.65799113,0.0436113,0.16016073,0.44505051,0.20003474,0.18830871
2nu7_COA_E_1025,0.52875291,0.65770636,0.040555686,0.17085064,0.44452302,0.20706839,0.19341147
2nu7_COA_E_1325,0.17455798,0.91821945,0.030246054,0.14625605,3.6358971e-07,0.18378721,0.19044537
2nz5_226_A_432,0.0022024582,0.65798994,0.043598572,0.16020526,0.44504831,0.20006404,0.18832997
2nz5_226_B_432,0.99169374,0.65825777,0.031165346,0.1610681,0.0042822825,0.18294964,0.1961035
2o1o_RIS_A_400,0,0.96428227,0.032807673,0.15031754,0.16671777,0.19507294,0.18983292
2o1o_RIS_B_400,0.92457638,0.97295504,0.038431879,0.20095551,0.89850276,0.25824614,0.20179826
2o7b_HC4_A_701,0.99474963,0.65648259,0.046015674,0.2035125,0.97827822,0.25002729,0.20006441
2o7b_HC4_D_701,0.99309925,0.65648205,0.046037216,0.20351336,0.97906581,0.25005946,0.20005166
2o7b_HC4_E_701,0.99667241,0.65647708,0.04604212,0.20365844,0.98073718,0.2502222,0.2000929
2o7b_HC4_G_701,0.99643873,0.65644707,0.046296049,0.20437371,0.99728374,0.25135793,0.20015743
2o7d_DHC_E_701,0.99706755,0.65745414,0.03784934,0.18031865,0.44405583,0.21329808,0.19793097
2o7d_DHC_G_701,0.98389492,0.65746124,0.037925463,0.18005234,0.44406897,0.21312285,0.19780385
2o7d_DHC_H_701,0.99861374,0.65745331,0.037840404,0.18034991,0.44405428,0.21331864,0.19794589
2oci_TYC_A_401,0.99565989,0.85657699,0.027781851,0.16516477,0.062857317,0.19623804,0.19809581
2okk_ABU_A_585,0,0.14589691,0.047803257,0.13701309,3.3406161e-07,0.14565473,0.18207912
2ot7_OGA_A_500,0.99467675,0.65826297,0.031090973,0.16096554,0.00053726649,0.18273171,0.19611718
2oxp_THP_A_300,0.96268291,0.65827223,0.031342839,0.16050964,0.0049480547,0.18260811,0.19582613
2p1e_LAC_A_303,0,0,0.057722,0.15533656,0.44632287,0.16959977,0.18262135
2pd5_ZST_A_600,0.52541387,0.65770816,0.040574993,0.17078309,0.44452635,0.20702395,0.19337923
2pin_LEG_A_501,0.94474377,0.65829094,0.031370779,0.15993109,6.7850976e-08,0.18202803,0.19563298
2pin_LEG_B_502,8.4718178e-08,0.65799113,0.0436113,0.16016073,0.44505051,0.20003474,0.18830871
2pir_DHT_A_931,0.99481516,0.65745536,0.037862356,0.18027312,0.44405807,0.21326811,0.19790923
2pir_NK_A_933,0.021549995,0.65797952,0.043486765,0.16059641,0.44502901,0.2003214,0.18851668
2pnz_UDP_A_250,0.92954455,0.65828608,0.031568033,0.15993571,0.0071791023,0.1823192,0.19551523
2prg_BRL_A_1,0.94496135,0.6574822,0.038150457,0.17926521,0.44410781,0.21260494,0.19742812
2prl_ORO_A_399,0.0026259815,0.86085771,0.047291072,0.18468923,0.9727857,0.24584078,0.19222617
2pt6_S4M_B_502,0,0.65799113,0.0436113,0.16016073,0.44505051,0.20003474,0.18830871
2ptm_CMP_A_401,0,0,0.057722,0.15533656,0.44632287,0.16959977,0.18262135
2pvy_ACP_D_802,0.97872743,0.65746402,0.037955326,0.17994787,0.44407412,0.21305411,0.19775398
2q1a_2KT_X_295,0.99573964,0.98694753,0.026620336,0.17079276,0.16999174,0.20966208,0.1996579
2q28_TPP_A_4001,0.90482135,0.65750382,0.038382422,0.17845369,0.44414785,0.21207099,0.19704074
2q28_TPP_B_5001,0,0.65799113,0.0436113,0.16016073,0.44505051,0.20003474,0.18830871
2q6m_P34_A_1001,0.93265115,0.65748883,0.038221596,0.17901633,0.44412009,0.21244119,0.19730932
2qab_EI1_A_1,0.99637467,0.6564886,0.045948605,0.20338094,0.97449855,0.24978884,0.20006485
2qab_EI1_B_1,0.99581208,0.65784017,0.034623801,0.17107786,0.23240095,0.19870526,0.19706403
2qb3_PMP_A_700,0,0.65799113,0.0436113,0.16016073,0.44505051,0.20003474,0.18830871
2qb4_DSM_A_802,0.97363166,0.97583341,0.024579406,0.16338832,0.012040554,0.19797074,0.19870897
2qb4_LEU_A_601,0.99191571,0.65651451,0.045777303,0.20272903,0.96159178,0.24884098,0.1999697
2qca_DGP_A_200,0.95858971,0.65747487,0.0380717,0.17954074,0.44409421,0.21278623,0.19755964
2qcx_PF1_A_300,0,0.97400987,0.035507935,0.15869768,0.35760892,0.20867352,0.19068968
2qd1_CHD_D_802,6.2332991e-11,0.65799113,0.0436113,0.16016073,0.44505051,0.20003474,0.18830871
2qd4_CHD_A_802,0.83353854,0.97158938,0.02529608,0.15999581,2.2153881e-08,0.19507155,0.19727068
2qd4_CHD_A_803,0,0.65799113,0.0436113,0.16016073,0.44505051,0.20003474,0.18830871
2qd4_CHD_B_927,2.0706733e-09,0.65799113,0.0436113,0.16016073,0.44505051,0.20003474,0.18830871
2qg6_NMN_A_301,0,0.65700637,0.051869482,0.1837015,0.98589242,0.2372694,0.19049237
2qgw_EES_B_1,0,0.65880156,0.036819939,0.14080133,6.3747921e-07,0.1694138,0.18651293
2qhv_OC9_A_1001,0.9896149,0.98433836,0.024121425,0.16325095,3.1956239e-06,0.19774945,0.19888817
2qim_ZEA_A_159,0.99028936,0.65745779,0.03788851,0.18018162,0.44406259,0.21320791,0.19786556
2qim_ZEA_A_160,0,0.65799113,0.0436113,0.16016073,0.44505051,0.20003474,0.18830871
2qim_ZEA_A_161,0,0.65428747,0.04333114,1.395384e-06,0.42023142,0.19810693,0.18814451
2qs2_UBF_A_603,0,0.65799113,0.0436113,0.16016073,0.44505051,0.20003474,0.18830871
2qse_1HP_A_1,0.52541387,0.65770816,0.040574993,0.17078309,0.44452635,0.20702395,0.19337923
2qui_LTN_A_501,0,0.65799113,0.0436113,0.16016073,0.44505051,0.20003474,0.18830871
2qui_LTN_B_478,0,0.65799113,0.0436113,0.16016073,0.44505051,0.20003474,0.18830871
2qvr_CIT_A_335,0.88736328,0.65827195,0.03212091,0.15996409,0.027459647,0.18315183,0.1951899
2qvr_FDP_A_333,0.97305232,0.65654857,0.045685995,0.20177664,0.94848265,0.24768686,0.19973469
2qx4_ML1_B_233,0.98086065,0.95711943,0.02475518,0.16287238,3.1383347e-07,0.19637056,0.19856817
2qx9_ML2_A_233,0,0,0.057722,0.15533656,0.44632287,0.16959977,0.18262135
2qxf_TMP_A_3000,0.97848271,0.65826008,0.031281988,0.16091588,0.0069316859,0.18295559,0.19598666
2r0g_7CK_A_1355,0.99235832,0.65745668,0.037876554,0.18022345,0.44406052,0.21323543,0.19788552
2r0g_7CK_B_1357,0.99379043,0.65745591,0.037868278,0.1802524,0.4440591,0.21325448,0.19789934
2r3d_ACM_A_303,0.72149965,0.99277008,0.040616186,0.20380294,0.9937472,0.99574523,0.2009917
2r4j_13P_A_1968,0,0.95327715,0.030505875,0.14298792,0.00018027954,0.18309075,0.18906368
2r4j_13P_B_816,0,0,0.057722,0.15533656,0.44632287,0.16959977,0.18262135
2r4t_250_A_503,1.2679296e-07,0,0.057721999,0.15533656,0.44632287,0.16959977,0.18262135
2r4t_GLC_A_502,0,0.65799113,0.0436113,0.16016073,0.44505051,0.20003474,0.18830871
2r5e_QLP_A_430,0,0.65799113,0.0436113,0.16016073,0.44505051,0.20003474,0.18830871
2r5e_QLP_B_430,0,0.65799113,0.0436113,0.16016073,0.44505051,0.20003474,0.18830871
2rbu_273_X_4001,0.9926902,0.65826503,0.03109424,0.16090196,6.4436147e-07,0.18266825,0.19609583
2rbx_3AY_X_2001,0,0.65799113,0.0436113,0.16016073,0.44505051,0.20003474,0.18830871
2ri1_GLP_B_234,0.66481448,0.65763308,0.039769399,0.17360142,0.44438728,0.20887833,0.19472454
2rtn_IMI_B_300,0.9909278,0.65646914,0.046167834,0.20380602,0.98680205,0.25056292,0.20006193
2rtn_IMI_D_300,0.99444179,0.65646859,0.046136232,0.20384487,0.9860596,0.25055874,0.20009285
2tio_BEN_A_247,0,0.65699178,0.051991819,0.18405023,0.99390666,0.23782099,0.19052472
2tmk_ATM_A_217,0.9804427,0.6574631,0.037945413,0.17998255,0.44407241,0.21307693,0.19777053
2tmk_ATM_B_217,0.99067127,0,0.051851134,0.17429213,0.43577392,0,0.19199718
2uuj_896_B_1250,0,0.65799113,0.0436113,0.16016073,0.44505051,0.20003474,0.18830871
2uyv_TLA_A_1275,0,0.65799113,0.0436113,0.16016073,0.44505051,0.20003474,0.18830871
2uyv_TLA_A_1277,0,0.65799113,0.0436113,0.16016073,0.44505051,0.20003474,0.18830871
2uyv_TLA_B_1275,0,0.65799113,0.0436113,0.16016073,0.44505051,0.20003474,0.18830871
2uyv_TLA_C_1275,0.99323161,0.65711468,0.040732359,0.18839621,0.63159596,0.22614605,0.19865042
2uyv_TLA_D_1275,0,0.65799113,0.0436113,0.16016073,0.44505051,0.20003474,0.18830871
2uza_HTL_B_1236,0,0.65799113,0.0436113,0.16016073,0.44505051,0.20003474,0.18830871
2v32_BEZ_A_1222,0.98959182,0.97463072,0.039358774,0.20610732,0.986335,0.26524346,0.20279609
2v32_BEZ_C_1222,0.99266246,0.98394586,0.039314415,0.20673243,0.99768711,0.26649829,0.20295227
2v32_BEZ_D_1221,0.9705932,0.9540522,0.034841067,0.19109341,0.65370823,0.24112233,0.20108834
2v60_C17_A_1503,0.98825756,0.99078766,0.039171288,0.20663105,0.99624544,0.26665722,0.20296308
2v60_C17_B_1498,0.9941897,0.99522476,0.03900096,0.2066669,0.99355552,0.2667569,0.20304786
2v7o_DRN_A_1303,0.94648488,0.65748138,0.038141652,0.17929601,0.44410629,0.21262521,0.19744282
2vag_V25_A_1482,0.99211943,0.65059288,0.04636703,0.20394511,0.99213639,0.25059302,0
2vjb_CCD_A_1539,0.87407036,0.65820792,0.032794655,0.16139694,0.066573815,0.18566644,0.19521945
2vjb_CCD_A_1540,0,0.9720178,0.03005084,7.650809e-77,0.00042257663,0.18344358,0.18916253
2vkg_CF4_A_1064,0.00012713225,0.65799106,0.043610566,0.1601633,0.44505038,0.20003643,0.18830994
2vlf_PLI_A_1457,0.88468094,0.65751467,0.038498811,0.17804651,0.44416794,0.21180307,0.19684638
2vlf_PLI_B_1459,0,0.65799113,0.0436113,0.16016073,0.44505051,0.20003474,0.18830871
2vmg_MBG_A_1179,0.98019659,0.65657245,0.045412246,0.20125842,0.93324889,0.24673376,0.19974217
2vmp_PLP_A_501,0.99157569,0.89087392,0.032876248,0.18191867,0.44360994,0.22401979,0.19989518
2vmw_PLP_A_501,0,0.92697569,0.037840399,0.1621337,0.44453038,0.21248186,0.1906347
2vsu_V55_D_1251,0.0038107567,0.98219135,0.038137064,0.16690863,0.54310222,0.22188156,0.19154803
2vzu_PNJ_B_1904,0.99140071,0.92848602,0.032070563,0.18219093,0.44353739,0.2257574,0.20021863
2w0b_CMW_A_1450,5.77721e-06,0.86660758,0.032360205,0.14233965,0,0.17906111,0.18831331
2w1a_TSA_D_1091,0.97137595,0.65827655,0.031217167,0.16047035,0,0.18238362,0.19589007
2w5t_GP9_A_1644,0,0.22158762,0.05296943,0.15696137,0.44589438,0.17985046,0.18453689
2w7k_PLP_A_501,0.79909884,0.93437374,0.033057176,0.17834575,0.44371805,0.22346826,0.19841307
2wch_B7M_A_1145,0,0.98608675,0.029800128,0.14322263,1.7528431e-06,0.18459924,0.18934676
2wdq_CBE_G_1130,0.99426637,0.98345321,0.030875053,0.18265193,0.44342823,0.22833837,0.20072147
2wdq_CBE_K_1130,0.991867,0.98989522,0.030750772,0.18265065,0.44341817,0.22860441,0.20075399
2wdq_TEO_A_1589,0.98038844,0.65746313,0.037945727,0.17998145,0.44407247,0.2130762,0.19777001
2wdq_TEO_E_1589,0,0.65799113,0.0436113,0.16016073,0.44505051,0.20003474,0.18830871
2wdq_TEO_I_1589,0,0.87889196,0.047043134,0,0.98552239,0.24685998,0.19232886
2whq_HI6_A_1543,0.0044690692,0.65798872,0.043585474,0.16025108,0.44504605,0.20009419,0.18835184
2whq_HI6_B_1545,0.00242729,0.65798982,0.043597273,0.1602098,0.44504809,0.20006703,0.18833214
2wj4_HQD_A_1281,0,0,0.057722,0.15533656,0.44632287,0.16959977,0.18262135
2wj4_HQD_B_1278,0,0.65699665,0.051951049,0.18393401,0.99123582,0.23763717,0.19051394
2wj4_HQD_D_1278,0.0048803844,0.6579885,0.043583097,0.1602594,0.44504564,0.20009966,0.18835581
2wu4_HBP_A_1544,0.12293251,0.65792492,0.042900885,0.16264608,0.44492787,0.20167003,0.18949508
2wzh_NGO_A_1589,0.98786212,0.79474269,0.044481892,0.99007224,0.99405449,0.99407697,0.20185399
2wzv_FMN_A_801,0.00037572046,0.65799092,0.043609129,0.16016832,0.44505013,0.20003974,0.18831234
2wzv_FMN_B_801,0.98355615,0.65746142,0.037927421,0.18004549,0.44406931,0.21311834,0.19780058
2x05_X05_A_1900,0.98629595,0.65728667,0.039361891,0.18423509,0.53919631,0.21969389,0.1982105
2x05_X05_B_1900,0,0.65799113,0.0436113,0.16016073,0.44505051,0.20003474,0.18830871
2x0u_X0U_B_1291,7.3080386e-05,0.99578285,0.044751479,0.18659662,0.99488689,0.25358315,0.19345807
2x6o_2TC_A_1209,0,0,0.057722,0.15533656,0.44632287,0.16959977,0.18262135
2xh0_PEP_A_1440,0,0.65799113,0.0436113,0.16016073,0.44505051,0.20003474,0.18830871
2xh0_PEP_B_1440,0.99111711,0.65644996,0.046326636,0.20426565,0.99727669,0.25128639,0.20010603
2xh0_PEP_C_1440,0.98802835,0.9482127,0.040371733,0.97934256,0.9963273,0.99553368,0.20352575
2xhk_AKG_A_519,0.92365457,0.85769051,0.027220807,0.16099241,0.00030766263,0.19101816,0.19715693
2xhk_AKG_B_519,0.95040386,0,0.045446331,0.15520069,0.00043138965,0.15162872,0.18999673
2xmi_FLC_A_1379,0,0.9611541,0.030477157,0.14344621,0.0093724617,0.18408908,0.18916902
2xoz_AMP_B_1664,0.09174073,0,0.053755197,0.1473776,0.22022367,0.15528897,0.18259438
2xta_TPP_A_2001,0.9785827,0.6574641,0.037956162,0.17994494,0.44407427,0.21305218,0.19775258
2xta_TPP_B_2001,0.99476056,0.65745538,0.037862672,0.18027201,0.44405813,0.21326739,0.19790871
2xta_TPP_C_2001,0.95225006,0.65747828,0.038108336,0.17941257,0.44410054,0.2127019,0.19749846
2xta_TPP_D_2001,0,0.65799113,0.0436113,0.16016073,0.44505051,0.20003474,0.18830871
2xul_AKG_A_201,0,0.65799113,0.0436113,0.16016073,0.44505051,0.20003474,0.18830871
2xul_AKG_B_201,0.92692556,0.65681749,0.043906638,0.195012,0.81448838,0.2378486,0.19874856
2xul_AKG_C_201,0.93368965,0.65829691,0.031434554,0.1597073,1.1395584e-06,0.18188051,0.19552627
2xul_AKG_D_201,0,0.65799113,0.0436113,0.16016073,0.44505051,0.20003474,0.18830871
2xul_AKG_E_201,0.99308964,0.9127243,5.6692382e-69,0.16278105,1.5467365e-07,0.19447683,0.19830728
2xul_AKG_F_201,0.99389446,0.65826117,0.031114154,0.16100292,0.0017602733,0.18280544,0.19611456
2xum_OGA_A_601,0.99876942,0.97602299,0.024252659,0.16339184,0.00039266639,0.19751324,0.19890622
2xyj_WLM_A_1441,0.98196518,0.65746228,0.037936615,0.18001333,0.44407089,0.21309718,0.19778522
2xyj_WLM_A_1442,0,0.65799113,0.0436113,0.16016073,0.44505051,0.20003474,0.18830871
2xyj_WLM_B_1441,0.85546994,0.6575304,0.038667619,0.17745595,0.44419708,0.2114145,0.19656447
2xyj_WLM_B_1442,0.92627018,0.65749227,0.038258471,0.17888733,0.44412645,0.2123563,0.19724774
2y00_Y00_A_601,0.98063099,0.98996936,0.038627066,0.20474015,0.95648764,0.26377857,0.20272143
2y2f_YI1_A_1469,0.83272339,0,0.052902856,0.17217425,0.44549126,0.18069182,0.19066038
2y4j_LAC_A_400,0.98384052,0.65657437,0.045358633,0.20123928,0.9311136,0.24663545,0.19976873
2y4j_LAC_B_400,0.9640357,0.65805276,0.033168805,0.16576436,0.12507775,0.19089429,0.19632408
2ye5_2A7_A_1224,0.99016123,0.8793011,0.036807193,0.19230094,0.68504063,0.24007745,0.20075752
2yi6_6QM_A_1225,0.97225952,0.6574675,0.037992703,0.17981711,0.44408057,0.21296807,0.19769156
2yjd_YJD_A_1498,0.99391657,0.65745584,0.037867549,0.18025495,0.44405897,0.21325616,0.19790056
2yjd_YJD_B_1498,0,0.65799113,0.0436113,0.16016073,0.44505051,0.20003474,0.18830871
2ynf_WHU_A_1563,0,0,0.057722,0.15533656,0.44632287,0.16959977,0.18262135
2yp6_C6W_B_1186,1.2670129e-07,0.93108995,0.030978543,0.1428161,0,0.18204992,0.18887103
2z20_PLP_A_701,0,0.93983054,0.044684888,0.18256569,0.91180688,0.24526564,0.19263712
2z20_PLP_B_801,0,0.99387726,0.043926638,0.1841072,0.93804712,0.24957839,0.19321083
2z26_DOR_A_1410,0,0.65880156,0.036819929,0.1408013,0,0.16941376,0.18651293
2z48_A2G_A_1005,0.98852892,0.65745874,0.037898684,0.18014603,0.44406434,0.21318449,0.19784857
2z48_A2G_B_2005,0,0.65799113,0.0436113,0.16016073,0.44505051,0.20003474,0.18830871
2z48_NGA_A_1002,0,0.65799113,0.0436113,0.16016073,0.44505051,0.20003474,0.18830871
2z48_NGA_A_1003,0,0.65799113,0.0436113,0.16016073,0.44505051,0.20003474,0.18830871
2z48_NGA_A_1004,0,0.65799113,0.0436113,0.16016073,0.44505051,0.20003474,0.18830871
2z48_NGA_A_1006,0,0.65799113,0.0436113,0.16016073,0.44505051,0.20003474,0.18830871
2z48_NGA_B_2002,0.97904807,0.65746385,0.037953473,0.17995435,0.4440738,0.21305837,0.19775707
2z48_NGA_B_2003,0.98433886,0.657461,0.037922898,0.18006132,0.44406852,0.21312875,0.19780813
2z48_NGA_B_2004,0,0.65799113,0.0436113,0.16016073,0.44505051,0.20003474,0.18830871
2z48_NGA_B_2006,0.13471393,0.65791857,0.042832801,0.16288427,0.44491612,0.20182675,0.18960878
2z6j_TUI_A_501,3.3648333e-12,0.96635597,0.030222882,0.14307673,2.109236e-13,0.18368456,0.18917608
2z7s_P01_A_1,0.73019444,0.65759787,0.039391575,0.17492322,0.44432206,0.20974804,0.1953555
2zce_PYL_A_601,0.72339306,0.65760153,0.039430879,0.17478572,0.44432885,0.20965756,0.19528986
2zgw_ADN_B_1302,0.36922621,0.65779227,0.041477576,0.16762545,0.44468217,0.20494631,0.19187195
2zgw_BTN_A_1401,0.95145951,0.9640034,0.039704159,0.20496351,0.97960222,0.26377725,0.20230868
2zgw_BTN_B_1402,0.96774481,0.96815357,0.039372392,0.20489904,0.9698386,0.26351477,0.20246232
2zi2_24U_H_801,0.94760229,0.65748078,0.038135195,0.17931861,0.44410517,0.21264007,0.1974536
2zka_AZA_A_302,0.1524748,0.97175762,0.04425493,0.1891311,0.9862864,0.25391469,0.19468716
2zm7_ACA_A_501,0,0.65799113,0.0436113,0.16016073,0.44505051,0.20003474,0.18830871
2zm9_ACA_A_501,0,0.65799113,0.0436113,0.16016073,0.44505051,0.20003474,0.18830871
2ztl_3HL_A_301,0.99795886,0.96113066,0.039686327,0.20642438,0.99201901,0.26512113,0.20278312
2ztl_3HL_B_301,0.987304,0.9548612,0.039563197,0.20525106,0.97108292,0.26324587,0.20254126
2ztl_3HL_C_301,0.99514346,0.96795015,0.039607046,0.20656224,0.99533857,0.26562825,0.20282836
2ztl_3HL_D_301,0,0.96960408,0.030153283,0.14310074,0,0.18383512,0.18920417
2zut_A2G_A_4001,0,0.65799113,0.0436113,0.16016073,0.44505051,0.20003474,0.18830871
2zut_A2G_C_4003,0.9520775,0.65747837,0.038109333,0.17940908,0.44410071,0.2126996,0.19749679
2zuw_NDG_B_4002,0,0.65799113,0.0436113,0.16016073,0.44505051,0.20003474,0.18830871
2zuw_NDG_D_4004,0.99186384,0.65745695,0.037879411,0.18021345,0.44406102,0.21322885,0.19788075
2zvq_1NP_X_501,0.18870299,0.6578895,0.042520803,0.16397578,0.44486226,0.20254493,0.1901298
2zvq_1NP_X_502,0,0.65880156,0.036819929,0.1408013,0,0.16941376,0.18651293
2zwt_CAM_A_422,0,0,0.051641082,0.13796747,0.046702397,0.14210924,0.18100614
2zyv_NPO_X_1601,0,0.65799113,0.0436113,0.16016073,0.44505051,0.20003474,0.18830871
2zyv_NPO_X_1602,0.99812404,0.65826181,0.031065189,0.16101852,0.00015072095,0.18275114,0.19614889
3kt7_AKG_A_702,0,0.65799113,0.0436113,0.16016073,0.44505051,0.20003474,0.18830871
3mk1_NPO_A_911,0.99454875,0.65821651,0.031481823,0.162075,0.026093389,0.18448894,0.19621909
3mk1_NPO_A_913,0.9948701,0.65826312,0.031087737,0.16096341,0.00039834249,0.18272473,0.19611848
3qfx_CP6_B_702,0.98832834,0.99489177,0.03897249,0.20634733,0.98899696,0.26634908,0.20296992
3qgz_ADN_A_127,0.99129892,0.65647188,0.046141015,0.20374319,0.98518542,0.25045661,0.20005898
3qhd_795_A_167,0.82748813,5.4053409e-05,0.061245158,0.1958141,0.99075318,0.21820699,0.19281849
3qhd_CTN_A_165,0.98127813,0.65648009,0.046175399,0.20347354,0.98365153,0.25021724,0.19995606
3qhd_CTN_B_165,0.97247348,0.65646931,0.046356455,0.20366661,0.99218562,0.25068705,0.19990551
3qk1_BEN_A_1010,0.99840518,0.65644876,0.046261682,0.2043479,0.99577539,0.25128037,0.20017033
3qss_MTG_A_405,0.81927462,0.9762163,0.039087016,0.19918065,0.90616657,0.25751735,0.20084061
3qss_MTG_B_405,0,0.97090356,0.043882818,0.18240615,0.90286485,0.24608995,0.19286971
3qt8_FM0_A_328,0.99100529,0.65826594,0.031103948,0.16086782,0,0.18264571,0.19607956
3qwi_CUE_A_272,0.99717939,0.65822386,0.031393067,0.16191851,0.021272968,0.1841923,0.19622503
3qwi_CUE_B_272,0.99810223,0.6582517,0.031150198,0.16126005,0.0057113971,0.18313357,0.19617113
3qxx_8AC_A_221,0.9584796,0.65828352,0.03129156,0.16020924,5.5505065e-07,0.18221147,0.19576558
3r3z_GOA_A_305,0.99377237,0.65826444,0.031087988,0.16092385,0,0.18268266,0.19610628
3r3z_GOA_B_305,0.96315003,0.65741806,0.038498824,0.1809256,0.47391131,0.2148915,0.19772355
3r3z_GOA_C_305,0.99618025,0.65826314,0.0310741,0.1609726,0,0.18271481,0.19612952
3r3z_GOA_D_305,0.9932017,0.95215468,0.029208876,0.17570664,0.2899826,0.2162811,0.19981809
3r51_MMA_A_200,0.97276311,0.96556947,0.039685643,0.20580096,0.98866503,0.26475897,0.20256463
3rgz_BLD_A_800,0.025871044,0.65797719,0.043461794,0.16068377,0.4450247,0.20037888,0.18855838
3ro7_TDR_A_300,0,0.65799113,0.0436113,0.16016073,0.44505051,0.20003474,0.18830871
3roe_THM_B_265,0,0.65799113,0.0436113,0.16016073,0.44505051,0.20003474,0.18830871
3roe_THM_C_265,0.44499075,0.65775147,0.04103974,0.1691572,0.44460658,0.20595416,0.19260312
3roe_THM_D_265,0,0.65799113,0.0436113,0.16016073,0.44505051,0.20003474,0.18830871
3roe_THM_E_265,0,0.65799113,0.0436113,0.16016073,0.44505051,0.20003474,0.18830871
3roe_THM_F_265,0.39800016,0.65777678,0.041311294,0.16820718,0.44465346,0.20532907,0.19214964
3rop_NCA_A_302,0.9264634,0.0047277993,0.045480476,0.15474271,0.00024541566,0.15151497,0.18980569
3rop_NCA_B_302,0.0029048687,0.009204335,0.057507776,0.15546278,0.44630217,0.17006425,0.18272896
3rsc_TYD_A_397,0,0.65799113,0.0436113,0.16016073,0.44505051,0.20003474,0.18830871
3rsc_TYD_B_397,0.94311174,0.6574832,0.038161145,0.17922782,0.44410965,0.21258034,0.19741027
3ryd_SRT_A_271,0,0.65880156,0.03681993,0.1408013,3.093599e-08,0.16941376,0.18651293
3ryd_SRT_C_268,0.54297982,0.6576987,0.04047347,0.17113827,0.44450883,0.20725764,0.19354877
3se2_3AB_C_4,0.9965687,0.65646096,0.046178293,0.20404281,0.98961868,0.2508321,0.20012775
3se2_3AB_D_3,0.99562959,0.65658863,0.045117646,0.20098487,0.91978108,0.24601288,0.19983679
3se2_LDR_A_1,0.99714113,0,0.051951337,0.17549878,0.44532706,0.1828819,0.19224765
3sj1_DXC_X_75,0.9831885,0.98290361,0.02418924,0.16311007,0,0.1975968,0.19881369
3sjh_LAR_A_503,0.52541387,0.65770816,0.040574993,0.17078309,0.44452635,0.20702395,0.19337923
3sli_SKD_A_760,0,0.65799113,0.0436113,0.16016073,0.44505051,0.20003474,0.18830871
3sp6_IL2_A_901,0,0.65799113,0.0436113,0.16016073,0.44505051,0.20003474,0.18830871
3sru_Q26_X_169,0,0.65799113,0.0436113,0.16016073,0.44505051,0.20003474,0.18830871
3t3q_9PL_A_501,0.76479508,0.65757924,0.039191621,0.17562275,0.44428754,0.21020831,0.19568941
3t3q_9PL_B_501,0.00011128351,0.65799107,0.043610657,0.16016298,0.4450504,0.20003622,0.18830979
3t3q_9PL_C_501,0.9875571,0.65745926,0.0379043,0.18012638,0.44406531,0.21317156,0.19783919
3t3q_9PL_D_501,6.7448191e-05,0.65799109,0.043610911,0.16016209,0.44505044,0.20003563,0.18830936
3te7_TE7_A_1,0.97875617,0.96806214,0.025258109,0.16498219,0.047596639,0.20012835,0.19883515
3te7_TE7_B_1,0,0.97099631,0.030126308,0.14311919,0.00018748548,0.18391257,0.18921698
3tky_N7I_A_369,0,0.65799113,0.0436113,0.16016073,0.44505051,0.20003474,0.18830871
3tky_N7I_B_369,0.08238235,0.65794676,0.04313522,0.16182627,0.44496832,0.20113062,0.18910375
3tky_N7I_C_369,0.98277996,0.65827031,0.031152031,0.16070309,4.1924649e-05,0.18253877,0.19600033
3tky_N7I_D_369,0.91531158,0.6583063,0.031545165,0.15934831,0.00030304475,0.1816559,0.19535008
3tye_XHP_B_901,0.99356677,0.99357731,0.039085748,0.20677318,0.99656712,0.26687967,0.20303978
3tye_XTZ_A_801,0.92288041,0,0.057725345,0.18926229,0.79584104,0.20605319,0.19295032
3tye_YTZ_B_902,0.00096460382,0.40113449,0.04911296,0.15829742,0.44554623,0.18816918,0.18609832
3tyn_CXW_A_800,0.52541387,0.65770816,0.040574993,0.17078309,0.44452635,0.20702395,0.19337923
3tyn_CXW_B_800,0.51887242,0.65196295,0.040695095,0.1704912,0.44184953,0.20648494,0
3u1t_MLI_A_351,0.99667549,0.65826287,0.031071271,0.16098271,1.8274082e-06,0.18272155,0.19613431
3u1t_MLI_B_350,0.99701817,0.65826234,0.031072138,0.16099775,0.00018807884,0.18273894,0.19613837
3u3o_3QV_A_296,0,0.65880156,0.036819951,0.14080137,1.4329771e-06,0.16941386,0.18651294
3u3o_3QV_A_297,3.4594526e-05,0.98927618,0.029731779,0.14324745,1.4433102e-05,0.18474841,0.18937473
3uu7_2OH_A_1,0.99697205,0.65745419,0.037849892,0.18031672,0.44405592,0.21329681,0.19793005
3uu7_2OH_B_1,0.99680394,0.65745428,0.037850863,0.18031333,0.44405609,0.21329457,0.19792843
3uud_EST_A_600,0.98777222,0.97890557,0.039022975,0.20537453,0.96961901,0.26426579,0.20274784
3uud_EST_B_600,0.98162337,0.99303972,0.03915449,0.20649374,0.99579504,0.26664188,0.20291667
3v1m_HPK_A_288,0,0.65719506,0.050287719,0.17919253,0.88227148,0.23013752,0.19007411
3v1s_0LH_B_401,0.99373495,0.99579135,0.024056162,0.16400157,0.013387532,0.19925739,0.19908119
3v1v_GST_A_511,0.89846807,0.65789993,0.035125299,0.16893583,0.22847236,0.19713513,0.19610846
3v7u_MTA_A_301,0.14848019,0.65791116,0.042753247,0.16316258,0.44490238,0.20200987,0.18974163
3v8n_5NB_A_301,0.25908289,0.65785159,0.042114084,0.16539866,0.44479205,0.20348115,0.19080901
3vbn_TYD_A_301,0.86824118,0,0.055017929,0.17952097,0.59744717,0.19165614,0.19161969
3vbn_TYD_C_301,0.94415024,0,0.045720017,0.15575261,0.016022185,0.1526191,0.18999945
3vbn_TYD_E_301,0.5859874,0,0.054330769,0.16718524,0.44573766,0.17740525,0.18827841
3vc3_C6P_A_501,0,0,0.057722,0.15533656,0.44632287,0.16959977,0.18262135
3vc3_C6P_B_501,3.2435431e-05,0.93850982,0.037592829,0.16221893,0.44450804,0.21301586,0.19073472
3vc3_C6P_D_501,0,0.95943501,0.037144217,0.16237171,0.44446761,0.21398343,0.19091529
3vc3_C6P_E_501,0.95757499,0.94213267,0.031973629,0.18160704,0.44354478,0.22593813,0.20001005
3vcp_PRO_A_502,0,0.65799113,0.0436113,0.16016073,0.44505051,0.20003474,0.18830871
3vmg_9CA_B_2001,0,0.65799113,0.0436113,0.16016073,0.44505051,0.20003474,0.18830871
3vnj_PSJ_A_301,0,0.65799113,0.0436113,0.16016073,0.44505051,0.20003474,0.18830871
3vnj_PSJ_B_301,0.73477122,0.65759541,0.039365126,0.17501575,0.44431749,0.20980892,0.19539966
3vnj_PSJ_C_301,0,0.65799113,0.0436113,0.16016073,0.44505051,0.20003474,0.18830871
3vnm_SDD_B_301,0.5488338,0.65769554,0.040439641,0.17125662,0.44450299,0.20733552,0.19360526
3vnm_SDD_C_301,0.49332286,0.65772544,0.040760433,0.17013434,0.44455837,0.20659709,0.19306955
3vnm_SDD_D_301,0,0,0,0.1552346,0.44363464,0.16947327,0.18262372
3vq4_0NX_A_304,0,0.98286377,0.044689791,0.18553155,0.9726435,0.25145109,0.19325559
3vq4_0NX_B_303,0.99589108,0.97810158,0.026254663,0.16914705,0.13361143,0.20674799,0.1994356
3vq5_MMJ_A_1007,0.99438716,0.99052549,0.037407122,0.20179926,0.88242219,0.25888621,0.20255931
3vq5_MMJ_B_307,0.9934769,0.99671805,0.025948294,0.16946023,0.13876908,0.20793391,0.19959419
3vqe_FMQ_A_1006,0.98665076,0.65654524,0.045573894,0.20195601,0.94627712,0.24771662,0.19985706
3vqe_FMQ_B_306,0.9924809,0.65826012,0.031137494,0.16101759,0.0027551654,0.18285504,0.19610493
3vv5_SLZ_A_300,0.97458734,0,0.059880314,0.19731786,0.95686754,0.21783696,0.19410139
3vv5_SLZ_B_301,0,0.88280155,0.045923479,0.18219164,0.91289648,0.24269729,0.19214823
3w4i_8LG_A_402,0.35536132,0.96877712,0.028349628,0.15095177,0.015176675,0.18959342,0.19269011
3w4i_8LG_B_402,0.34595657,0.65780481,0.041612049,0.16715501,0.44470538,0.20463677,0.19164739
3w4i_8LG_C_402,0.99651356,0.65824284,0.031240853,0.16146018,0.011049899,0.18347979,0.19617734
3w4i_8LG_D_402,0.98985977,0.65824666,0.031277318,0.16132,0.01092459,0.18338232,0.1961126
3w7f_FPS_A_301,0.52532837,0.80097035,0.037502615,0.17183239,0.44424941,0.21365063,0.19461713
3w7f_FPS_A_302,0.96497093,0.94500709,0.031869177,0.18177766,0.44353183,0.22616962,0.2001063
3w7f_FPS_B_301,0,0,0.057722,0.15533656,0.44632287,0.16959977,0.18262135
3w7f_FPS_B_302,0,0,0.057722,0.15533656,0.44632287,0.16959977,0.18262135
3w8x_FTK_A_601,1.1143835e-07,0.65799113,0.0436113,0.16016073,0.44505051,0.20003474,0.18830871
3w8x_FTK_B_601,0,0,0.057722,0.15533656,0.44632287,0.16959977,0.18262135
3wat_BGC_A_403,0.010465657,0.98657801,0.029730509,0.14344209,9.098236e-05,0.18476809,0.18945243
3wat_BGC_B_403,0.012086556,0.98493243,0.029755513,0.1434602,3.2307756e-05,0.18470944,0.18945361
3wat_BMA_A_404,0.99386302,0,0.045439385,0.15677798,0.016449917,0.15331322,0.19048124
3wat_BMA_B_404,0.99042,0,0.04542093,0.15659874,0.013933567,0.15309385,0.19043781
3wca_FPS_A_501,0,0.65799113,0.0436113,0.16016073,0.44505051,0.20003474,0.18830871
3wca_FPS_B_401,0,0.65799113,0.0436113,0.16016073,0.44505051,0.20003474,0.18830871
3wca_FPS_C_402,0,0.91551948,0,0.16196883,0.4424525,0.21184833,0.19053645
3wca_FPS_D_401,0,0.65799113,0.0436113,0.16016073,0.44505051,0.20003474,0.18830871
3wgc_PLG_A_401,0,0.65799113,0.0436113,0.16016073,0.44505051,0.20003474,0.18830871
3wgc_PLG_B_401,0.99242287,0.65745664,0.037876181,0.18022475,0.44406046,0.21323629,0.19788615
3wgc_PLG_C_401,0.98540505,0.65746042,0.037916736,0.18008287,0.44406746,0.21314294,0.19781842
3wgc_PLG_D_401,0.97951194,0.6574636,0.037950792,0.17996373,0.44407334,0.21306455,0.19776155
3wk1_O7E_A_301,0.98620248,0,0.060310603,0.19897377,0.98950946,0.22024082,0.19434567
3wlf_FEH_A_401,0.99626471,0.65651598,0.045720143,0.20272565,0.95949053,0.24875442,0.20000321
3wlf_FEH_B_401,0.99680978,0,0.059742781,0.1977417,0.95626562,0.21809261,0.19431355
3wlf_FEH_C_401,0.9948248,0.65826385,0.031082119,0.16094573,1.32047e-05,0.18269762,0.19611649
3wlf_FEH_D_401,0.99676535,0.65116525,0.046333156,0.2040653,0.99247392,0.25071283,0.019366173
3wqs_KBK_B_503,0.99157589,0.89480911,0.04004253,0.20265793,0.91971244,0.25698076,0.20185515
3wr4_GDE_B_502,0.98247533,0.65667605,0.044520257,0.19879932,0.87567593,0.24280163,0.19953178
3wsg_CIT_A_302,0.98930535,0.65681771,0.043262385,0.19546424,0.79585381,0.23739894,0.19927552
3wsg_CIT_B_302,0.98773373,0.65745917,0.037903279,0.18012995,0.44406514,0.21317391,0.19784089
3wsg_CIT_C_302,0.91616998,0.65749771,0.038316839,0.17868313,0.44413653,0.21222195,0.19715026
3wsg_CIT_D_302,0,0.65799113,0.0436113,0.16016073,0.44505051,0.20003474,0.18830871
3wsg_CIT_E_302,0,0.65799113,0.0436113,0.16016073,0.44505051,0.20003474,0.18830871
3wsg_CIT_F_302,0.98695186,0.65769417,0.035938959,0.17450176,0.31520872,0.20428634,0.19731274
3wug_XYP_B_1,0.98385515,0,0.045628447,0.15695022,0.025063867,0.15377279,0.19041946
3wug_XYP_C_2,0.24022558,0,0.049541965,0.14080001,6.1534215e-06,0.14210435,0.18313695
3wur_O4B_A_202,0.97220594,0.38204476,0.043901617,0.17779597,0.44461321,0.20022323,0.19530956
3wur_O4B_B_201,0.83349925,0.10187215,0.050713431,0.17293693,0.4452935,0.18541479,0.19154851
3wur_O4B_B_202,0.63647398,0.86049093,0.035582944,0.17451572,0.44402332,0.21788423,0.19620442
3wur_O4B_B_204,0.61499371,0.057226008,0.06026389,0.18912374,0.9262004,0.2135692,0.19099974
3wwc_BUA_A_402,0,0.65799113,0.0436113,0.16016073,0.44505051,0.20003474,0.18830871
3wwc_BUA_A_403,0.97680429,0.98285024,0,0.16297143,3.367669e-05,0.19751185,0.19875653
3wxo_NIZ_A_802,0,0.65799113,0.0436113,0.16016073,0.44505051,0.20003474,0.18830871
3wxo_NIZ_A_803,0.0014440756,0.65799035,0.043602955,0.16018992,0.44504907,0.20005395,0.18832265
3wxo_NIZ_A_804,0.0010568972,0.0018437698,0.057676338,0.15537145,0.44631825,0.16969914,0.18264749
3wzo_ZOE_A_201,0,0.65799113,0.0436113,0.16016073,0.44505051,0.20003474,0.18830871
3wzo_ZOE_B_201,0,0.65799113,0.0436113,0.16016073,0.44505051,0.20003474,0.18830871
3zbs_OVE_A_1380,0,0.99336901,0.04266879,0.18047948,0.85478272,0.24381909,0.19286942
3zcm_PX3_A_1214,0.52541387,0.65770816,0.040574993,0.17078309,0.44452635,0.20702395,0.19337923
3zcm_PX3_B_1216,0.52541387,0.65770816,0.040574993,0.17078309,0.44452635,0.20702395,0.19337923
3zjq_NCA_A_300,0.0025526084,0.98903597,0.029722254,0.14329631,6.0154675e-06,0.18477037,0.18939693
3zog_A2Q_A_200,0,0.66118308,0,0.16009048,0.44277935,0.20002954,0.18832953
3zp7_PRE_A_1118,0,0.65799113,0.0436113,0.16016073,0.44505051,0.20003474,0.18830871
3zr0_8OG_B_1157,0.95974371,0.65747424,0.038065031,0.17956407,0.44409306,0.21280158,0.19757077
3zv6_4HB_A_1277,0,0.89869674,0.033412722,0.14754694,0.11419696,0.18841498,0.18905303
3zwe_FUC_A_110,0,0.97461679,0.045242639,0.18654498,0.99732843,0.25276927,0.19328416
3zwt_KFZ_A_1401,0.98430495,0.65746102,0.037923094,0.18006063,0.44406856,0.2131283,0.1978078
3zwt_ORO_A_1398,0.20988912,0.65787809,0.042398371,0.1644041,0.44484112,0.20282676,0.19033426
3zyx_MBT_A_601,0.99571843,0,0.05195957,0.17547002,0.44532848,0.18286295,0.19223392
3zyx_MBT_B_601,0,0,0.057722,0.15533656,0.44632287,0.16959977,0.18262135
3zzm_JLN_A_1526,0.96898039,0.65746927,0.038011653,0.17975081,0.44408385,0.21292445,0.19765991
3zzv_FUC_B_401,0,0.97359332,0.045268976,0.18655,0.99761764,0.25274175,0.19327648
4a01_2PN_B_1773,0.99262336,0,0.04519589,0.15603692,0,0.15216348,0.19040269
4a3u_NCA_A_1359,0.99429191,0.98028514,0.02418157,0.1633166,2.3506685e-05,0.19762551,0.19889835
4a7a_RGZ_A_601,0.99485876,0.99223694,0.02392184,0.16341538,1.0724182e-08,0.19818545,0.19900712
4a7a_RGZ_B_601,0.98458192,0.99237717,0.024381064,0.16435903,0.026439241,0.19987584,0.1990161
4a7x_UDP_B_1241,0.94721058,0.65748099,0.038137458,0.17931069,0.44410556,0.21263486,0.19744982
4a8p_PAO_A_1340,0.98902869,0.65745847,0.037895796,0.18015613,0.44406385,0.21319114,0.19785339
4a8p_PAO_C_1340,0,0.65799113,0.0436113,0.16016073,0.44505051,0.20003474,0.18830871
4a8p_PAO_D_1340,0.88022415,0.65751707,0.038524567,0.17795641,0.44417239,0.21174378,0.19680337
4a8p_PAO_F_1340,0,0.65799113,0.0436113,0.16016073,0.44505051,0.20003474,0.18830871
4a9j_TYL_A_1188,0.99415303,0.99128895,0.023950593,0.16340655,0.00028638637,0.19815181,0.19899326
4a9j_TYL_B_1187,0.99918209,0.99386227,0.038461225,0.20521524,0.95811048,0.26431884,0.20294082
4a9j_TYL_C_1184,0.99701044,0.99584009,0.032944434,0.18951325,0.5980144,0.23957596,0.20147949
4adl_LMR_D_1468,0,0.65799113,0.0436113,0.16016073,0.44505051,0.20003474,0.18830871
4adm_SRT_C_1466,0,0.65880156,0.036819929,0.1408013,0,0.16941376,0.18651293
4ajj_88R_B_1333,0.99150414,0.65646501,0.046196477,0.20390882,0.98889625,0.25071476,0.20007594
4ajj_88R_C_1335,0.9930883,0.65646078,0.046215633,0.20402155,0.99074973,0.25086348,0.20009872
4ajj_88S_A_1332,0.97726652,0.65746481,0.037963768,0.17991833,0.44407558,0.21303468,0.19773988
4ajj_88S_B_1332,0.99295854,0.65745636,0.037873085,0.18023558,0.44405993,0.21324342,0.19789132
4ajj_88S_C_1334,0.99264221,0.65745653,0.037874913,0.18022919,0.44406024,0.21323921,0.19788826
4ajj_88S_D_1332,0.96835044,0.65746961,0.038015293,0.17973807,0.44408447,0.21291607,0.19765383
4ajj_MLI_A_1333,0.99369265,0.65723402,0.039727129,0.18554762,0.56591784,0.2216318,0.19838977
4ajj_MLI_D_1333,0,0.65799113,0.0436113,0.16016073,0.44505051,0.20003474,0.18830871
4al9_GLA_A_1123,0.94428736,0.65748257,0.038154352,0.17925159,0.44410848,0.21259598,0.19742161
4al9_GLA_B_1123,0.997371,0.65644811,0.046277739,0.20435572,0.9964365,0.25131206,0.20016301
4al9_GLA_C_1123,0.94486765,0.65748226,0.038150998,0.17926332,0.4441079,0.21260369,0.19742721
4al9_GLA_D_1123,0.91528956,0.65749819,0.038321927,0.17866533,0.44413741,0.21221024,0.19714177
4al9_GLA_E_1123,0.98905997,0.65645115,0.046337825,0.20422207,0.99723239,0.25125587,0.200086
4al9_GLA_G_1123,0.96910569,0.6574692,0.038010929,0.17975334,0.44408372,0.21292612,0.19766112
4aql_TXC_A_1452,0,0,0.057722,0.15533656,0.44632287,0.16959977,0.18262135
4aw0_MJF_A_600,0,0,0.057722,0.15533656,0.44632287,0.16959977,0.18262135
4b1f_DGL_A_1257,0.0014380996,0.98003017,0.044719322,0.18547439,0.97114198,0.25123554,0.19323889
4b1f_DGL_B_1256,0.0023638514,0.97911739,0.044889078,0.18593068,0.98135004,0.2519088,0.19328125
4b1f_KRH_A_1256,0.9184049,0.97506368,0.024731493,0.16174034,4.0960437e-06,0.19636753,0.19812028
4b1f_KRH_B_1257,0,0.95203713,0.030529701,0.14297092,1.8713326e-07,0.18302087,0.18905222
4b1y_LAB_B_1376,0.0017843648,0.65799016,0.043600989,0.1601968,0.44504873,0.20005847,0.18832593
4b5v_E8U_A_1253,0,0.97680147,0.030182865,0.14367894,0.012062637,0.18499968,0.18931525
4b5v_E8U_B_1254,0.88630508,0.97506043,0.024950278,0.16118536,0.0021895931,0.19608876,0.19781912
4b98_PXG_A_470,0,0.65799113,0.0436113,0.16016073,0.44505051,0.20003474,0.18830871
4b98_PXG_B_470,0,0.65799113,0.0436113,0.16016073,0.44505051,0.20003474,0.18830871
4b98_PXG_D_470,0.52541387,0.65770816,0.040574993,0.17078309,0.44452635,0.20702395,0.19337923
4bbx_LKF_A_1760,0.97978534,0,0.045270045,0.15577693,6.3422381e-09,0.15199184,0.19027872
4bdr_CYS_B_804,0,0.65880156,0.036819929,0.1408013,0,0.16941376,0.18651293
4bdr_KAI_B_900,0.92350269,0.96895492,0.039314009,0.20316134,0.95036284,0.2616188,0.20196319
4bq5_GAL_C_1,0,0.65799113,0.0436113,0.16016073,0.44505051,0.20003474,0.18830871
4bu7_25F_A_2165,0.99542246,0,0.060298968,0.19927938,0.992241,0.22055226,0.19444576
4bu7_25F_C_2165,0.99673568,0,0.060312078,0.19936508,0.99359914,0.22066337,0.19446394
4buf_F36_A_2162,0.97707337,0,0.06041494,0.1989363,0.99289624,0.22035207,0.19427122
4buf_F36_B_2162,0.97541797,0,0.060340741,0.19866352,0.98739917,0.21995126,0.19423298
4buv_16I_A_2165,0.99517154,0,0.059480979,0.1969337,0.93846317,0.21684437,0.19422567
4bux_F35_A_2166,0.81415458,0,0.053010318,0.17179879,0.4455098,0.18044448,0.19048112
4bvh_OCZ_A_1393,2.4791712e-05,0,0.057721856,0.15533706,0.44632284,0.1696001,0.18262159
4bvh_OCZ_C_1394,0.98447356,0,0.060456393,0.19932666,0.9984219,0.22083165,0.19436505
4bz6_SHH_B_700,0.97872213,0.95147877,0.031650793,0.18210317,0.44350559,0.22665217,0.200295
4bz6_SHH_C_700,0.93851565,0.94664435,0.031987164,0.18125474,0.44355509,0.22589297,0.19986506
4bz6_SHH_D_700,0.98935604,0.92309055,0.032198118,0.18211002,0.44354986,0.22548057,0.20015225
4c2p_X8Z_A_709,0.98923888,0.65648229,0.046074965,0.20347933,0.9800801,0.25007773,0.20001849
4c2z_646_A_1498,0.95322667,0.96358836,0.027220069,0.16934113,0.16038667,0.20734929,0.19900643
4c7g_NGO_A_1495,0,0,0.057722,0.15533656,0.44632287,0.16959977,0.18262135
4can_M7K_A_800,0,0.65799113,0.0436113,0.16016073,0.44505051,0.20003474,0.18830871
4can_M7K_B_800,0,0.65799113,0.0436113,0.16016073,0.44505051,0.20003474,0.18830871
4cb5_93G_A_1484,0,0.65799113,0.0436113,0.16016073,0.44505051,0.20003474,0.18830871
4cdt_M48_A_801,0.035791247,0.65797185,0.043404466,0.16088433,0.4450148,0.20051085,0.18865412
4cdt_M48_B_801,0,0.65799113,0.0436113,0.16016073,0.44505051,0.20003474,0.18830871
4cjs_L0Y_A_1217,0,0.98316231,0.036635319,0.16254569,0.44442173,0.21508106,0.19112041
4cjs_L0Y_B_1217,0.98314179,0.96678194,0.031296996,0.18230474,0.44347158,0.22741897,0.20046996
4cju_JNS_A_1217,0,0.65799113,0.0436113,0.16016073,0.44505051,0.20003474,0.18830871
4cju_JNS_B_1214,0,0.65799113,0.0436113,0.16016073,0.44505051,0.20003474,0.18830871
4cjv_IV2_A_1212,0.99438721,0.99705003,0.039000257,0.20679735,0.99615102,0.26702294,0.20307606
4cjv_IV2_B_1215,0.9945621,0.99581782,0.038728821,0.20594394,0.97667082,0.26562626,0.20298824
4cjw_CBJ_A_1215,0.975414,0.6574658,0.037974474,0.17988088,0.44407743,0.21301003,0.197722
4cjw_CBJ_A_1216,4.6666931e-07,0.65799113,0.043611298,0.16016074,0.44505051,0.20003474,0.18830872
4cjw_CBJ_B_1217,0.99189749,0.65745693,0.037879217,0.18021413,0.44406098,0.2132293,0.19788108
4cjw_CBJ_B_1218,3.6857397e-07,0.65799113,0.043611298,0.16016074,0.44505051,0.20003474,0.18830872
4cld_JUO_B_1270,0,0.65799113,0.0436113,0.16016073,0.44505051,0.20003474,0.18830871
4cld_JUO_C_1270,0,0.65799113,0.0436113,0.16016073,0.44505051,0.20003474,0.18830871
4cld_JUO_D_1270,0,0.65799113,0.0436113,0.16016073,0.44505051,0.20003474,0.18830871
4cle_JR2_A_1270,0.99282038,0.65826398,0.031101664,0.1609279,0.00053617997,0.18270685,0.19609925
4cle_JR2_A_1271,0,0.65799113,0.0436113,0.16016073,0.44505051,0.20003474,0.18830871
4cle_JR2_C_1270,0.99120331,0.62771161,0.031599677,0.16010278,0.0014347363,0,0.19574726
4cle_JR2_D_1270,0.99116582,0.65449389,0.03110792,1.0113227e-43,0.0008312329,0.18199909,0.19599143
4cle_JR2_D_1271,0,0.65799113,0.0436113,0.16016073,0.44505051,0.20003474,0.18830871
4clo_XP0_B_1270,0,0.65799113,0.0436113,0.16016073,0.44505051,0.20003474,0.18830871
4clo_XP0_D_1270,0.9637722,0.65747207,0.03804175,0.17964552,0.44408904,0.21285517,0.19760965
4clr_FDB_B_1270,0.1399195,0.65791577,0.042802719,0.16298951,0.44491092,0.201896,0.18965901
4clr_FDB_C_1270,0.15304424,0.6579087,0.042726872,0.16325486,0.44489783,0.20207059,0.18978567
4clr_FDB_D_1270,0.99889934,0.65646413,0.046127673,0.20398402,0.98718323,0.2506956,0.20014042
4cme_KTZ_A_1270,0.9896458,0.65646036,0.046254647,0.20400646,0.99200478,0.25090389,0.20007055
4cme_KTZ_C_1270,0.99550674,0.65646515,0.046154064,0.20393478,0.98763019,0.25068106,0.20010947
4cme_KTZ_D_1270,0.95432119,0.65747716,0.038096367,0.17945444,0.44409847,0.21272945,0.19751844
4cmk_FQW_A_1270,0.9571559,0.65747564,0.038079985,0.17951175,0.44409564,0.21276716,0.1975458
4cmk_FQW_C_1270,0.95793718,0.65747522,0.03807547,0.17952755,0.44409486,0.21277755,0.19755334
4cmk_FQW_D_1270,0.99061305,0.65745762,0.03788664,0.18018816,0.44406227,0.21321222,0.19786868
4cno_9PY_D_301,0.99007119,0.97488296,0.038383573,0.20335673,0.92287123,0.26088981,0.20254604
4cpp_ADM_A_422,0.99500518,0.9350857,0.039502129,0.20400315,0.94218556,0.26044158,0.20232761
4crg_J4X_A_1493,0,0.98255946,0.041757915,0.17713623,0.77980335,0.23815303,0.19247244
4cw2_XDS_A_1303,0,0,0.057722,0.15533656,0.44632287,0.16959977,0.18262135
4cx6_Q16_A_800,0,0.65799113,0.0436113,0.16016073,0.44505051,0.20003474,0.18830871
4cx6_Q16_B_800,0.52541387,0.65770816,0.040574993,0.17078309,0.44452635,0.20702395,0.19337923
4cxr_2BG_A_502,0.99651084,0.9942728,0.038831283,0.20620225,0.98196121,0.26594513,0.20301511
4d06_NAR_A_301,0,0.65799113,0.0436113,0.16016073,0.44505051,0.20003474,0.18830871
4d06_NAR_D_302,1.0028765e-06,0.65799112,0.043611294,0.16016075,0.44505051,0.20003475,0.18830872
4d06_NAR_F_301,0.97458134,0.65746625,0.037979285,0.17986405,0.44407826,0.21299896,0.19771397
4d06_NAR_F_302,0.9941494,0.65825613,0.031153782,0.16112523,0.0044526342,0.18299415,0.19612789
4d06_X8W_B_301,0.99502186,0.65745524,0.037861162,0.1802773,0.44405787,0.21327086,0.19791123
4d06_X8W_D_303,0.99223868,0.6582648,0.03110075,0.16090396,0.0002565592,0.18267984,0.19609251
4d0z_BBK_E_1584,0.92336522,0.65749384,0.038275259,0.1788286,0.44412935,0.21231766,0.1972197
4d2c_ALA_A_508,0.99307788,0.97327179,0.037362383,0.20043984,0.85472701,0.25616116,0.20228533
4d3s_BOG_F_1000,0.96742037,0.6566188,0.045155276,0.20005713,0.91158733,0.24507228,0.1995314
4d3s_BOG_H_1000,0.95094108,0.65828759,0.031335036,0.16005658,2.0973815e-07,0.18211079,0.19569281
4d4u_FUC_A_950,0.98504497,0.96898335,0.03959743,0.20623453,0.99233232,0.26533404,0.20272761
4d5e_TPP_B_1590,0,0.65799113,0.0436113,0.16016073,0.44505051,0.20003474,0.18830871
4d96_5PA_A_501,0,0.65799113,0.0436113,0.16016073,0.44505051,0.20003474,0.18830871
4d96_5PA_C_402,0,0.65799113,0.0436113,0.16016073,0.44505051,0.20003474,0.18830871
4d96_5PA_D_501,0,0.65799113,0.0436113,0.16016073,0.44505051,0.20003474,0.18830871
4dab_HPA_A_301,0.26485807,0.99653745,0.04262611,0.19030851,0.95683889,0.25453733,0.19586758
4dch_4DC_A_502,0.96829989,0.65746964,0.038015585,0.17973705,0.44408452,0.2129154,0.19765335
4dch_GLC_A_501,0,0.98351441,0.044585177,0.18527737,0.96669289,0.25107134,0.19323713
4dd8_BAT_A_1000,0,0.65799113,0.0436113,0.16016073,0.44505051,0.20003474,0.18830871
4dd8_BAT_B_1000,0.93643228,0.6574868,0.038199745,0.17909278,0.44411632,0.21249148,0.19734581
4dd8_BAT_C_1000,0.59027314,0.65767323,0.040200167,0.17209441,0.44446165,0.20788676,0.19400518
4dd8_BAT_D_1000,0,0.65799113,0.0436113,0.16016073,0.44505051,0.20003474,0.18830871
4do1_ANN_A_502,0.99576008,0.98213036,0.024133193,0.16335894,2.6620655e-08,0.19772905,0.1989284
4do1_ANN_B_502,0.99638973,0.98563776,0.024054401,0.16339762,1.6661633e-08,0.19790004,0.19896482
4do1_ANN_C_502,0.99806827,0.97909159,0.024184975,0.16338323,8.3470383e-08,0.19761906,0.1989244
4dt8_ADN_A_401,0,0.99032548,0.029711221,0.14325944,0.00012771171,0.18480439,0.18938393
4dt8_ADN_B_401,0.9783334,0.65746423,0.037957603,0.1799399,0.44407452,0.21304887,0.19775017
4dta_ADN_A_401,0.99050774,0.65745768,0.037887248,0.18018603,0.44406237,0.21321082,0.19786766
4dta_ADN_B_401,0.98202126,0.65746225,0.037936291,0.18001446,0.44407084,0.21309793,0.19778576
4dtb_GMP_A_401,0,0.65799113,0.0436113,0.16016073,0.44505051,0.20003474,0.18830871
4dtb_GMP_B_401,0.99279644,0.65675768,0.043729689,0.19692442,0.82778591,0.23964333,0.19943811
4du7_DP6_B_401,0.98082006,0.65746289,0.037943232,0.17999018,0.44407203,0.21308195,0.19777417
4dvw_0M4_A_512,0.74357877,0.98815446,0.032225003,0.17761749,0.4436695,0.22521663,0.198342
4dvw_0M4_B_512,0.62514079,0.99097395,0.032849956,0.17524334,0.44378232,0.22376944,0.19722298
4dwv_PFB_A_378,0.99004499,0.98319331,0.038660297,0.20471624,0.95270841,0.26333002,0.20273843
4dwv_PFB_B_378,0.99182577,0.98198648,0.038889244,0.20535285,0.96671165,0.26426252,0.20280187
4e7v_CRS_A_101,0.99772182,0.65795377,0.033651785,0.16837711,0.16944603,0.19439779,0.19682835
4e7v_CRS_C_101,0.039583284,0.65796981,0.043382552,0.16096099,0.44501102,0.20056129,0.18869071
4e7v_CRS_I_101,0.9978539,0.65744011,0.037956582,0.18065319,0.4515021,0.21381252,0.19796811
4e7v_CRS_K_101,0.99652202,0.65647504,0.046060716,0.20370593,0.98189861,0.25030013,0.20009614
4e7v_CRS_M_101,0.99555703,0.98743952,0.039119694,0.20641433,0.99087744,0.22673155,0.2029591
4e7v_CRS_O_101,0.9942327,0.65645449,0.046256577,0.20418025,0.99386439,0.25109313,0.20012234
4e7v_CRS_Q_101,0.99832261,0.65668537,0.044278961,0.19869293,0.86585662,0.2423374,0.19964513
4e7v_CRS_U_101,0.99700699,0.65648528,0.045969934,0.20346494,0.97613473,0.2499099,0.20007755
4e9z_651_A_301,0.99823689,0.65745351,0.037842582,0.1803423,0.44405466,0.21331363,0.19794225
4ea0_651_B_305,0.88660388,0.65751363,0.038487699,0.17808539,0.44416603,0.21182865,0.19686493
4eip_K2C_A_601,5.6946077e-06,0.65799112,0.043611267,0.16016084,0.4450505,0.20003481,0.18830877
4ejh_0QA_D_502,0,0.65799113,0.0436113,0.16016073,0.44505051,0.20003474,0.18830871
4ejh_0QA_E_502,0.72563523,9.265573e-05,0,0.16991221,0.44303683,0.17914815,0.18962939
4ejh_0QA_F_502,0,0.65799113,0.0436113,0.16016073,0.44505051,0.20003474,0.18830871
4ek1_CAM_A_502,0.066424545,0.98567145,0.030133598,0.14658777,0.046482637,0.18866996,0.19017274
4ek1_CAM_B_502,0.072793645,0,0.051169169,0.1392947,0.043326237,0.14284992,0.18169543
4ekr_0R0_A_202,0.9971705,0.99177384,0.026043596,0.16952904,0.13947097,0.20780247,0.19958993
4ekr_0R0_A_203,0.0064548937,0.94166089,0.03071475,0.14302494,0,0.1826262,0.1890248
4ekr_0R0_B_203,0,0.99207739,0.031590347,0.14874704,0.12591395,0.19355049,0.1899082
4evi_C9M_A_402,0,0.65699977,0.051924876,0.1838594,0.98952122,0.23751916,0.19050701
4evq_PHB_A_406,0.99542033,0.65644889,0.046291294,0.20432279,0.99658743,0.2512964,0.20014479
4evq_PHB_B_402,0.98976449,0.65645448,0.04630265,0.20414765,0.99519428,0.251125,0.20008457
4evs_PHB_A_408,0.9955027,0.6564497,0.046283632,0.20430397,0.99611657,0.2512651,0.20014369
4f06_PHB_A_401,0.98213379,0.6564589,0.046344243,0.20398624,0.99503577,0.25101221,0.20001027
4f8n_GAL_A_204,0.98184816,0.65680775,0.043422656,0.19564749,0.80353539,0.23782807,0.19923454
4f8n_PC_A_202,0.9663152,0.92965042,0.025427788,0.1623748,2.5810723e-07,0.19490284,0.1981901
4fa2_SB0_A_402,0.52580638,0,0.054679746,0.16596594,0.44579775,0.17660201,0.18769627
4fh7_TBP_A_202,0.02861531,0.020652629,0.057113443,0.1560666,0.44625435,0.17093632,0.18307613
4fm6_TYR_C_259,0,0,0.057722,0.15533656,0.44632287,0.16959977,0.18262135
4fxr_BMP_A_301,0.9869602,0.9526753,0.038512904,0.20208849,0.89895044,0.25817105,0.20222708
4fxr_BMP_B_301,0.99338946,0.96170767,0.037494786,0.20003624,0.84727252,0.2551158,0.20215813
4g1q_T27_A_601,0,0,0.057722,0.15533656,0.44632287,0.16959977,0.18262135
4g1x_TQU_A_409,0,0.94765954,0.030623556,0.14293872,3.7308404e-06,0.1828182,0.18901437
4g1x_TQU_A_410,0.9971105,0.99486641,0.026340152,0.17058603,0.1632594,0.2095837,0.19971239
4gcq_0JM_A_401,0,0.91666671,0.038061504,0.16205811,0.44455031,0.21200496,0.19054558
4gcq_0JM_B_401,0.00023758942,0.97055429,0.036904358,0.16245805,0.44444587,0.21450098,0.19101371
4gh8_MTX_B_201,0.97815095,0.65648806,0.046140803,0.20326018,0.98020355,0.24993818,0.19991195
4ghf_4NC_A_402,0,0.65799113,0.0436113,0.16016073,0.44505051,0.20003474,0.18830871
4ghf_4NC_C_402,0,0.65799113,0.0436113,0.16016073,0.44505051,0.20003474,0.18830871
4ghf_4NC_D_402,0,0.65799113,0.0436113,0.16016073,0.44505051,0.20003474,0.18830871
4gim_PSU_A_400,0,0.86227518,0.039228083,0.16165928,0.44465549,0.2094888,0.19007538
4gim_PSU_B_400,0.97830455,0.91511043,0.032433231,0.18182805,0.44357633,0.2249642,0.19997658
4gim_PSU_C_400,0.94561269,0.79013062,0.035302969,0.18025059,0.44385065,0.21874714,0.19858057
4gps_CIT_A_501,0,0.65816214,0.042180341,0.15608167,0.35115921,0.19358286,0.18793034
4gt9_MEF_A_304,0,0,0.050929526,0.13593502,4.637946e-06,0.13889243,0.18081713
4gy9_ZIP_A_201,0.99409346,0.98823186,0.034338272,0.19286544,0.67768399,0.24467241,0.20170797
4h0x_LAR_B_403,0,0.98401795,0.044972329,1.6227145e-41,0.99747829,0.25255266,0.19328615
4h4c_10D_B_402,0,0.65799113,0.0436113,0.16016073,0.44505051,0.20003474,0.18830871
4h9x_HL4_A_404,0.58616657,0.9850088,0.03494867,0.17939646,0.55857501,0.23086411,0.19725873
4hey_4MZ_A_307,0.071537657,0,0.050516493,0.13738428,1.6473936e-05,0.1398497,0.181508
4hey_4MZ_A_308,0.8286018,0,0.04614797,0.15272856,0.00030598116,0.14999159,0.18882001
4hez_1MZ_A_302,0,0.65880156,0.03681993,0.1408013,2.7716504e-08,0.16941376,0.18651293
4hez_1MZ_A_307,0.076795885,0.65794977,0.043167504,0.16171333,0.4449739,0.2010563,0.18904984
4hgg_SYN_A_502,0.99810189,0.86131549,0.026708708,0.16251429,1.8623296e-05,0.19216164,0.19790604
4hmx_WUB_A_302,0.0001287914,0.65799106,0.043610556,0.16016333,0.44505038,0.20003645,0.18830996
4hon_AKG_A_401,0.99662671,0.65645109,0.046260475,0.2042792,0.99502428,0.25120493,0.20015013
4hon_AKG_B_401,0.99329821,0.65645293,0.046279322,0.2042108,0.99500132,0.2511589,0.2001179
4hoz_GLC_A_703,0.99290205,0.6564874,0.045994414,0.20338411,0.97618737,0.24985871,0.20003814
4hrq_AZG_A_201,0.012747853,0.65798426,0.043537632,0.16041845,0.44503779,0.20020431,0.18843174
4hrq_AZG_B_201,0,0.65880156,0.036819929,0.1408013,0,0.16941376,0.18651293
4hxk_1AJ_A_201,1.5991157e-05,0.94145401,0.030756618,0.14289371,1.5934067e-05,0.18253162,0.18896089
4hzf_CMP_A_301,0.48825785,0.63594639,0.049761482,0.85692209,0.99443786,0,0.19521107
4hzf_CMP_A_302,0.8709495,0.98035391,0.031655187,0.18013573,0.44355738,0.22655238,0.19950419
4hzf_CMP_B_301,0.52541387,0.65770816,0.040574993,0.17078309,0.44452635,0.20702395,0.19337923
4i02_CMP_A_301,0.52541387,0.65770816,0.040574993,0.17078309,0.44452635,0.20702395,0.19337923
4i02_CMP_A_302,0.52541387,0.65770816,0.040574993,0.17078309,0.44452635,0.20702395,0.19337923
4i02_CMP_B_301,0.52541387,0.65770816,0.040574993,0.17078309,0.44452635,0.20702395,0.19337923
4i02_CMP_B_302,0.52541387,0.65770816,0.040574993,0.17078309,0.44452635,0.20702395,0.19337923
4i02_CMP_C_301,0.52541387,0.65770816,0.040574993,0.17078309,0.44452635,0.20702395,0.19337923
4i0b_CMP_A_301,0.52541387,0.65770816,0.040574993,0.17078309,0.44452635,0.20702395,0.19337923
4i0b_CMP_A_302,0.97462773,0.65746623,0.037979017,0.17986498,0.44407821,0.21299957,0.19771441
4i0b_CMP_B_301,0.89837496,0.99509246,0.03118036,0.18079834,0.44350149,0.22759951,0.19989636
4i0g_1B9_A_504,0.80440916,0.98539928,0.025974041,0.16180908,0.052870756,0.19896425,0.19732282
4i4v_NGA_A_201,0,0.65799113,0.0436113,0.16016073,0.44505051,0.20003474,0.18830871
4i4v_NGA_A_202,0.96863382,0.93122381,0.03797857,0.19841728,0.8267704,0.25195952,0.20157241
4i4v_NGA_B_202,0,0.65799113,0.0436113,0.16016073,0.44505051,0.20003474,0.18830871
4i4v_NGA_D_201,0.98665319,0.65745975,0.037909523,0.18010811,0.44406622,0.21315954,0.19783047
4i6s_FUC_A_102,0,0.65799113,0.0436113,0.16016073,0.44505051,0.20003474,0.18830871
4i6s_FUC_B_101,0.52744812,0.65770706,0.040563227,0.17082426,0.44452432,0.20705104,0.19339888
4i6s_FUC_C_101,0.74154165,0.96938942,0.040992571,0.20129858,0.99215671,0.26208512,0.20037894
4i6w_1CO_A_501,0.00035806334,0.97878582,0.029954473,0.14317585,0,0.1842655,0.18928705
4i6w_1CO_B_1001,0.98595935,0.97242646,0.024564101,0.16356395,0.010918322,0.19790033,0.19879401
4i6y_MEV_A_501,0,0.97424084,0.030069099,0.14317834,0.00099556579,0.18411862,0.18924831
4i6y_MEV_B_1001,0.99439308,0.97619063,0.03751679,0.20112943,0.86946354,0.25732917,0.20238292
4i9n_1E5_A_402,0.88465507,0.65751468,0.038498961,0.17804599,0.44416797,0.21180273,0.19684613
4i9n_1E5_D_402,0.8644883,0.65752554,0.038615503,0.17763827,0.44418809,0.21153446,0.19665151
4i9n_1E5_G_402,0.86354281,0.65752605,0.038620967,0.17761916,0.44418903,0.21152188,0.19664238
4i9n_1E5_H_402,0.89727759,0.65750789,0.038426017,0.17830118,0.44415538,0.21197064,0.19696794
4i9n_1E6_B_401,0.52541387,0.65770816,0.040574993,0.17078309,0.44452635,0.20702395,0.19337923
4i9n_1E6_C_401,0.97730695,0.97467738,0.037587782,0.20060049,0.8655176,0.25675877,0.20218886
4i9n_1E6_F_401,0.52541387,0.65770816,0.040574993,0.17078309,0.44452635,0.20702395,0.19337923
4i9n_1E6_G_401,0.52541387,0.65770816,0.040574993,0.17078309,0.44452635,0.20702395,0.19337923
4i9n_1E6_H_401,0.52541387,0.65770816,0.040574993,0.17078309,0.44452635,0.20702395,0.19337923
4ict_1ED_A_406,0.98235538,0.658249,0.031335027,0.16120916,0.011869561,0.18334716,0.19604397
4ioq_BAQ_A_201,0.99515791,0.65826365,0.031080332,0.16095286,2.1962924e-05,0.18270267,0.19611974
4iph_1FJ_A_201,0.98293708,0,0.050253623,0.17012757,0.32825542,0.17464612,0.19163775
4iph_1FJ_A_202,0.0023835989,0,0.057708205,0.15538475,0.44632049,0.16963152,0.18264436
4itu_1HS_A_302,7.9335427e-06,0.65799112,0.043611254,0.16016089,0.4450505,0.20003484,0.18830879
4itu_1HS_B_302,7.3478855e-06,0.65799112,0.043611258,0.16016088,0.4450505,0.20003484,0.18830878
4itu_1HS_C_302,7.119074e-06,0.65799112,0.043611259,0.16016087,0.4450505,0.20003483,0.18830878
4itu_1HS_D_302,5.1528215e-06,0.65799112,0.043611271,0.16016083,0.4450505,0.20003481,0.18830876
4ixw_IXW_A_302,0.96004684,0,0.057347203,0.18954806,0.78511343,0.20581113,0.19326581
4ixw_IXW_B_302,0.00090207446,0.8743118,0.032248748,0.1425827,0.0038590219,0.17969603,0.18840423
4j0k_EGR_B_501,0.9409488,0.77542336,0.028887104,0.16074439,0.00053170677,0.18745158,0.19661323
4j4b_0TF_A_904,0.97641548,0.65746526,0.037968686,0.17990113,0.44407643,0.21302336,0.19773167
4j4b_0TF_B_301,0.97586855,0.65746556,0.037971847,0.17989007,0.44407697,0.21301608,0.19772639
4j7u_YTZ_C_802,0.95342618,0.95107983,0.025060737,0.16232264,0.0011604346,0.19580373,0.1982557
4jb0_ENO_A_402,0.93883266,0,0.06066074,0.19823303,0.99453131,0.21995342,0.19390855
4jh6_FCN_A_202,0.99536604,0.65708454,0.040963056,0.18913215,0.64751537,0.22727023,0.19873528
4jhh_H35_A_201,0.96983172,0,0.045341366,0.15561485,0.00090745135,0.15192127,0.19018627
4jm8_26D_A_302,0.99824273,0.99634861,0.028145687,0.17588655,0.28426601,0.21800318,0.20022591
4jmz_1M2_A_302,0.99655803,0.99511189,0.024035875,0.16400076,0.01217083,0.19917983,0.19909765
4jp3_CIT_A_301,0,0.65799113,0.0436113,0.16016073,0.44505051,0.20003474,0.18830871
4jwx_1N4_A_301,0.99003527,0.65745793,0.037889979,0.18017648,0.44406284,0.21320453,0.1978631
4jxh_HRC_A_301,0.98481105,0.65826714,0.03115767,0.16079369,0.0011788271,0.18264414,0.19602453
4jzx_476_A_402,0.98889299,0.65654713,0.045534913,0.20192716,0.94457069,0.24762911,0.19987182
4jzx_476_B_402,0,0.65799113,0.0436113,0.16016073,0.44505051,0.20003474,0.18830871
4jzx_IPE_B_401,0.98659831,0.65826832,0.031129367,0.16077858,2.6341609e-09,0.18258687,0.19603702
4k5g_Q13_A_803,0.021061927,0.65797978,0.043489585,0.16058654,0.4450295,0.20031491,0.18851197
4k5g_Q13_B_803,0.22522573,0.65786983,0.042309742,0.16471416,0.44482582,0.20303077,0.19048227
4k5u_GAL_A_301,0.99269207,0.989861,0.037681738,0.20247579,0.89886766,0.25996561,0.20260375
4kcf_FMN_A_502,0,0.65799113,0.0436113,0.16016073,0.44505051,0.20003474,0.18830871
4kfj_1R0_A_202,0,0.65799113,0.0436113,0.16016073,0.44505051,0.20003474,0.18830871
4kp7_1UQ_A_503,0,0.65799113,0.0436113,0.16016073,0.44505051,0.20003474,0.18830871
4kp7_1UQ_B_502,0.99343385,0.65652599,0.045665372,0.20246566,0.95483281,0.24839605,0.19995708
4kqx_HIO_A_402,0.81156222,0.65755405,0.038921358,0.17656825,0.44424089,0.21083042,0.19614074
4kqx_HIO_B_401,0.80305821,0.92153853,0.033333848,0.17840106,0.44556243,0.22303702,0.19834678
4kux_FPS_B_405,0.51564009,0.62522961,0.040576968,0.16819787,0.39528754,0,0.19280371
4kwk_CSS_A_302,0,0,0.057722,0.15533656,0.44632287,0.16959977,0.18262135
4kwl_3SS_A_302,0.98946674,0.99136081,0.037616722,0.20267883,0.90050951,0.26045012,0.62750063
4l1x_STR_A_402,0.98821587,0.65826744,0.031120048,0.16081137,7.4621985e-07,0.18260852,0.19605264
4l1x_STR_B_402,0,0.65799113,0.0436113,0.16016073,0.44505051,0.20003474,0.18830871
4l4d_CAM_A_503,0,0.65799113,0.0436113,0.16016073,0.44505051,0.20003474,0.18830871
4l7p_M95_A_601,0.97495861,0.65827379,0.031203378,0.16056249,0.00045034415,0.18246245,0.19592648
4l80_OXL_A_402,0.99550802,0.92323582,0.039860338,0.20423196,0.94922082,0.26038367,0.20225844
4l80_OXL_B_402,0.98072824,0.65746294,0.037943763,0.17998832,0.44407213,0.21308072,0.19777329
4l80_OXL_C_402,0.99606764,0.6577467,0.035404689,0.17331323,0.28365325,0.2022362,0.19727337
4l80_OXL_D_402,0.99482162,0.65826387,0.031081936,0.16094509,0,0.18269667,0.19611641
4l80_OXL_E_402,0.99179727,0.65826551,0.03109938,0.16088385,0,0.18265629,0.19608721
4l80_OXL_F_402,0.99232612,0.65683452,0.043090292,0.1950845,0.78572142,0.2367419,0.19926379
4lcq_URQ_A_603,0,0.92246362,0.045958594,0.18501256,0.97097524,0.24853651,0.19272637
4lek_1DN_X_202,0,0.65799113,0.0436113,0.16016073,0.44505051,0.20003474,0.18830871
4lo1_GAL_A_301,0.97194241,0.65650939,0.046025907,0.20270486,0.97033081,0.24917577,0.19981217
4lo1_GAL_B_301,0,0.65799113,0.0436113,0.16016073,0.44505051,0.20003474,0.18830871
4lol_1YE_A_401,0.99795073,0.65663456,0.044708718,0.19990435,0.89386936,0.24426045,0.19975461
4lol_1YE_A_402,0.99567078,0.65745489,0.037857411,0.18029042,0.44405722,0.2132795,0.19791749
4luu_BTM_A_704,0.00048386375,0,0.050926661,0.13594461,0,0.13889858,0.18082178
4lvb_20N_A_601,0.99175998,0.65826553,0.031099601,0.16088312,3.6617963e-07,0.18265581,0.19608685
4lxi_22J_A_301,0.90201603,0.65750533,0.038398634,0.17839698,0.44415065,0.21203367,0.19701367
4lz7_1YW_B_804,0.19717189,0.65788494,0.042471862,0.16414699,0.44485381,0.20265759,0.19021153
4lz7_1YW_C_804,0,0.65799113,0.0436113,0.16016073,0.44505051,0.20003474,0.18830871
4lz7_GLU_A_802,0,0.65799113,0.0436113,0.16016073,0.44505051,0.20003474,0.18830871
4m2c_DAR_C_402,0.97985841,0,0.045269623,0.15577841,0,0.15199281,0.19027942
4m2c_DAR_D_402,0,0,0.057722,0.15533656,0.44632287,0.16959977,0.18262135
4m54_AE5_A_403,5.927046e-05,0,0.057721657,0.15533775,0.44632281,0.16960056,0.18262192
4m72_M72_A_402,0,0.65799113,0.0436113,0.16016073,0.44505051,0.20003474,0.18830871
4m72_M72_B_402,0,0.65799113,0.0436113,0.16016073,0.44505051,0.20003474,0.18830871
4ma8_Z80_C_301,0,0.73788609,0.035118428,0.14138825,8.2069673e-07,0.1730946,0.18719982
4mgj_CPZ_A_502,8.6485453e-05,0.65799108,0.0436108,0.16016248,0.44505042,0.20003589,0.18830955
4mig_G3F_A_802,0.52541387,0.65770816,0.040574993,0.17078309,0.44452635,0.20702395,0.19337923
4mig_G3F_B_802,0.52538006,0.65764919,0.041069695,0.1721924,0.47691941,0.20925351,0.19350977
4mig_G3F_C_802,0.52541387,0.65770816,0.040574993,0.17078309,0.44452635,0.20702395,0.19337923
4mju_27S_A_501,0.67541437,0.65762737,0.039708144,0.17381572,0.44437671,0.20901933,0.19482684
4mog_G3F_A_802,0.94564143,0.92957132,0.02556187,0.16199259,0.0008515307,0.1946814,0.19799322
4mol_2FG_A_802,0.52541387,0.65770816,0.040574993,0.17078309,0.44452635,0.20702395,0.19337923
4mol_2FG_B_802,0.52541387,0.65770816,0.040574993,0.17078309,0.44452635,0.20702395,0.19337923
4mol_2FG_D_802,0.52541387,0.65770816,0.040574993,0.17078309,0.44452635,0.20702395,0.19337923
4mop_2H5_A_802,0.011034262,0.65798518,0.043547534,0.16038381,0.4450395,0.20018152,0.1884152
4mop_2H5_C_703,0.95564687,0.91563809,0.034868079,0.18798628,0.59579586,0.23515258,0.20037732
4mpr_TPP_A_602,0,0.65799113,0.0436113,0.16016073,0.44505051,0.20003474,0.18830871
4mr7_2BV_A_501,0,0.65799113,0.0436113,0.16016073,0.44505051,0.20003474,0.18830871
4mr8_2BW_A_507,0,0.65799113,0.0436113,0.16016073,0.44505051,0.20003474,0.18830871
4mux_2E4_A_402,0,0,0.057722,0.15533656,0.44632287,0.16959977,0.18262135
4n36_2F8_B_401,0,0.65799113,0.0436113,0.16016073,0.44505051,0.20003474,0.18830871
4n36_2F8_C_401,0,0.65799113,0.0436113,0.16016073,0.44505051,0.20003474,0.18830871
4n36_2F8_D_401,0.95954446,0.9240054,0,0.19707688,0.80176874,0.24978194,0.20132786
4n4j_HG1_A_605,0.96596352,0.65747089,0.038029087,0.17968982,0.44408686,0.21288432,0.1976308
4n4j_HG1_A_606,0.5819457,0.65767771,0.04024829,0.17192605,0.44446996,0.20777598,0.19392481
4n4j_HG1_A_607,3.3184418e-08,0.90865764,0.031459713,0.14265174,3.2952515e-05,0.1810124,0.18867712
4n94_2HO_A_401,0.0019292408,0.99624085,0.029647775,0.14355488,0.005013606,0.18544094,0.1894735
4n9v_AZA_A_401,0.017437472,0.97544483,0.029927409,0.14349704,9.354593e-09,0.18433899,0.18942309
4n9v_AZA_A_402,0,0.69008367,0.036142709,0.14103495,5.1500805e-07,0.17087885,0.18678633
4ndn_PPK_A_406,0.90226474,0.65830143,0.031720346,0.15936898,0.0068493319,0.18193226,0.19525056
4ndn_PPK_C_404,0,0.65799113,0.0436113,0.16016073,0.44505051,0.20003474,0.18830871
4nf4_2JK_A_301,0,0,0.057722,0.15533656,0.44632287,0.16959977,0.18262135
4ni1_2JX_A_203,2.3874317e-06,0,0.050929591,0.13593529,9.7643079e-06,0.13889281,0.18081717
4ni1_2JX_A_204,0,0,0.05138453,0.13723467,0.029865494,0.14094942,0.18093799
4nir_6DH_A_307,0.99514521,0,0.045181324,0.15608799,1.4013414e-09,0.1521972,0.19042705
4nir_6DH_A_308,0,0.65799113,0.0436113,0.16016073,0.44505051,0.20003474,0.18830871
4nkw_PLO_A_601,0.98700299,0.99535151,0.030661896,0.18259231,0.44341248,0.22879203,0.2007542
4nkw_PLO_B_601,0.99066857,0.9938415,0.030673069,0.18265535,0.44341174,0.22877101,0.20077654
4nkw_PLO_C_601,7.6450406e-07,0.99336545,0.036416479,0.16262052,0.444402,0.21555307,0.19120862
4nkw_PLO_D_601,0.98034375,0.99394282,0.030730647,0.18244733,0.44342185,0.22863816,0.20067774
4np7_DPJ_A_403,0,0.65799113,0.0436113,0.16016073,0.44505051,0.20003474,0.18830871
4npm_SIN_A_301,0.99523311,0.40064671,0.051291199,0.20102542,0.96441396,0.23720358,0.19779689
4npm_SIN_B_301,0.99470736,0.68122719,0.045071385,0.20248654,0.95058507,0.24924938,0.20016286
4nr9_ALY_A_2005,0.87533355,0.98503991,0.024823516,0.16110462,0.0037448917,0.19651178,0.19780579
4nv0_MG7_A_403,0.97470418,0,0.060463436,0.19898775,0.99518081,0.22047776,0.19425759
4o7g_ASC_A_303,0.10506859,0.65793454,0.043004119,0.16228492,0.44494569,0.2014324,0.18932268
4o7g_ASC_B_303,0.98358203,0.65824737,0.031336036,0.16125704,0.012399145,0.18339999,0.19605795
4o7g_ASC_B_304,0.12732296,0.65418481,0.042593,2.6980964e-56,0.41988566,0.19978336,0.18937165
4o95_245_A_602,0.93665459,0.98405158,0.024433441,0.1621762,8.0319187e-07,0.19702791,0.19837425
4ocj_NDG_A_401,0,0,0.057722,0.15533656,0.44632287,0.16959977,0.18262135
4ofu_DHT_A_1001,0.99281794,0.6564622,0.046206523,0.20398566,0.99005079,0.25081176,0.20009329
4ovl_1TD_B_308,0.9966803,0.65826287,0.031071215,0.16098273,0,0.18272148,0.19613435
4ox5_DAL_A_307,0,0,0.053259541,0.14259034,0.15291809,0.149426,0.18143604
4oxy_1TN_A_302,0.98129797,0.65746264,0.037940471,0.17999984,0.44407156,0.2130883,0.19777878
4oxy_1TN_B_302,0.98677158,0.65745969,0.037908839,0.1801105,0.4440661,0.21316112,0.19783161
4oxy_1TN_D_302,0,0.65799113,0.0436113,0.16016073,0.44505051,0.20003474,0.18830871
4p7q_NAG_A_703,0.084504057,0.65794561,0.043122959,0.16186916,0.44496621,0.20115884,0.18912422
4p7q_NAG_A_704,0,0.65799113,0.0436113,0.16016073,0.44505051,0.20003474,0.18830871
4p8c_Y22_A_502,0.99552788,0.65745497,0.037858237,0.18028753,0.44405736,0.21327759,0.19791611
4pb4_PLP_A_401,0,0.65799113,0.0436113,0.16016073,0.44505051,0.20003474,0.18830871
4pb4_PLP_B_401,0,0.65799113,0.0436113,0.16016073,0.44505051,0.20003474,0.18830871
4pbr_2L7_A_401,0.99532386,0.65650524,0.045819909,0.20297552,0.96567063,0.24916722,0.20001907
4pik_MAN_A_501,0,0.65799113,0.0436113,0.16016073,0.44505051,0.20003474,0.18830871
4pik_MAN_A_502,0.9902741,0.97879827,0.024432893,0.16378482,0.012903344,0.19839011,0.19889882
4pik_MAN_B_503,0,0.65799113,0.0436113,0.16016073,0.44505051,0.20003474,0.18830871
4pik_MAN_C_503,0.76768728,0.65757768,0.039174907,0.17568123,0.44428466,0.21024678,0.19571732
4pik_MAN_D_503,0,0.65799113,0.0436113,0.16016073,0.44505051,0.20003474,0.18830871
4ptx_BGC_A_501,0.99132429,0.65745724,0.037882529,0.18020254,0.44406156,0.21322168,0.19787554
4ptx_BGC_B_501,0.9378411,0.65748604,0.038191604,0.17912126,0.44411491,0.21251023,0.1973594
4pxd_1AL_A_502,0,0.97824081,0.045162235,0.18656391,0.9971479,0.25292482,0.19331478
4q3a_2YC_A_904,0.86737563,0.65752399,0.038598817,0.17769665,0.44418521,0.21157287,0.19667937
4q3a_2YC_B_904,0,0.65799113,0.0436113,0.16016073,0.44505051,0.20003474,0.18830871
4q3a_2YC_C_904,0.92837893,0.65749114,0.038246285,0.17892996,0.44412435,0.21238436,0.19726809
4q3a_2YC_D_904,0.95388296,0.6574774,0.038098899,0.17944558,0.44409891,0.21272362,0.19751421
4q40_VAL_A_403,0,0.65799113,0.0436113,0.16016073,0.44505051,0.20003474,0.18830871
4q40_VAL_B_403,0,0.65799113,0.0436113,0.16016073,0.44505051,0.20003474,0.18830871
4q40_VAL_C_404,0,0.65799113,0.0436113,0.16016073,0.44505051,0.20003474,0.18830871
4q40_VAL_D_403,0.99675676,0.65760145,0.036615315,0.17678952,0.36322147,0.20772181,0.19760119
4qbz_D80_A_917,6.5425734e-05,0.65799109,0.043610922,0.16016205,0.44505044,0.20003561,0.18830934
4qbz_D80_B_901,0.99623849,0.9781326,0.03933283,0.2065177,0.99207644,0.26589015,0.20291381
4qe1_RUU_A_403,0,0.65759674,0.046920286,0.16959334,0.66167179,0.21495439,0.18918369
4qpe_37E_A_901,0.99374267,0.66017044,0,0.18870727,0.63849856,0.22673051,0.19870951
4qxc_OGA_A_600,0.99713744,0.98663997,0.024029734,0.16342338,7.3929275e-05,0.19796158,0.19898101
4qya_LU2_A_201,0.98717476,0.65826801,0.031126042,0.16079025,2.03726e-11,0.18259457,0.19604259
4qya_LU2_B_201,0,0.65799113,0.0436113,0.16016073,0.44505051,0.20003474,0.18830871
4r08_URI_A_901,0,0.65799113,0.0436113,0.16016073,0.44505051,0.20003474,0.18830871
4r08_URI_B_901,0.98503086,0.65747511,0.037795188,0.17972263,0.436084,0.21258013,0.19778209
4r2n_PHE_D_402,0.74142151,0.96054985,0.026443205,0.15894409,0.022532918,0.19472198,1.5079407e-08
4r2n_PLP_A_401,0,0.65799113,0.0436113,0.16016073,0.44505051,0.20003474,0.18830871
4r2n_PLP_B_401,0.9848017,0.65746075,0.037920223,0.18007067,0.44406806,0.21313491,0.1978126
4r3n_3GQ_B_404,0.86026705,0.65752782,0.038639897,0.17755293,0.4441923,0.21147831,0.19661077
4rg3_ECE_A_603,0.39722291,0.6577772,0.041315786,0.16819147,0.44465424,0.20531873,0.19214214
4rii_TYD_A_401,0,0.65799113,0.0436113,0.16016073,0.44505051,0.20003474,0.18830871
4rii_TYD_B_401,0.94001228,0.65748487,0.038179057,0.17916516,0.44411274,0.21253911,0.19738035
4rje_PYR_B_402,0.99591366,0.65651217,0.045755752,0.20281428,0.96169063,0.24890116,0.2000087
4rje_PYR_D_402,0,0.65799113,0.0436113,0.16016073,0.44505051,0.20003474,0.18830871
4rkz_3S4_A_402,0.98471835,0.65703364,0.041499411,0.19027041,0.67862861,0.22926948,0.19875808
4rm3_FOA_A_1000,0.97910876,0.65819853,0.031791556,0.16239142,0.040549919,0.18527778,0.1961284
4rm3_FOA_B_1000,0.98819616,0.99223581,0.024320905,0.16431032,0.023662431,0.19972633,0.19903854
4rp9_ASC_A_501,0,0.65439497,0.043339245,0.0047800268,0.42095063,0.19816282,0.18814929
4rql_SNE_A_505,0.99305665,0.89078395,0.026207896,0.16291977,0.0066785632,0.19391888,0.19813918
4rql_SNE_B_502,0.98532899,0,0.051413943,0.17352975,0.40531124,0.17998616,0.19197273
4rvg_TYD_A_502,0.9743768,0.65654923,0.045666884,0.20177076,0.94773118,0.24765282,0.19974445
4s38_CDI_A_900,0,0.65799113,0.0436113,0.16016073,0.44505051,0.20003474,0.18830871
4tq4_DMA_A_403,0.95627539,0.65747611,0.038085074,0.17949395,0.44409652,0.21275544,0.1975373
4tq4_DMA_C_403,0.95790485,0.65747523,0.038075657,0.17952689,0.4440949,0.21277712,0.19755303
4tq4_DMA_D_403,0.9842704,0.65746103,0.037923293,0.18005993,0.44406859,0.21312784,0.19780747
4tqi_6BD_A_201,0.92487826,0.65830168,0.031485376,0.15952888,1.1004356e-06,0.18176286,0.19544121
4tqi_6BD_B_201,0.95377808,0.65828606,0.03131867,0.16011402,2.1020935e-08,0.18214865,0.19572019
4trj_665_A_501,0.87354375,0.97642702,0.031724397,0.18015939,0.44356238,0.22640528,0.19949529
4tsk_TLA_A_404,0,0,0.057722,0.15533656,0.44632287,0.16959977,0.18262135
4tyv_BGC_B_701,0.0043567237,0.65798878,0.043586123,0.16024881,0.44504616,0.20009269,0.18835076
4u2a_A2G_A_303,0.99307719,0.65646348,0.046193087,0.20395687,0.98926857,0.25076139,0.20009263
4u7g_K17_A_303,0,0.95633956,0.030437643,0.14300309,8.8602677e-06,0.18322089,0.18908947
4u7g_K17_B_303,0,0.65799113,0.0436113,0.16016073,0.44505051,0.20003474,0.18830871
4u8p_UDP_A_603,0.89250141,0,0.052556908,0.17338296,0.44543156,0.18148808,0.19123747
4u8p_UDP_C_603,0.97078699,0,0.052103854,0.1749659,0.44535338,0.18253086,0.19199323
4u8y_MIY_B_1102,0,0.9426336,0.037504571,0.16224851,0.4445001,0.2132062,0.19077005
4ubp_HAE_C_800,0,0.96412458,0.045178433,0.18564187,0.97836021,0.2509763,0.19311663
4uc9_ASP_C_1300,0.70422773,0.65761186,0.039541634,0.17439825,0.44434797,0.20940262,0.1951049
4uc9_ASP_D_1300,0,0.65880156,0.036819929,0.1408013,3.2324417e-09,0.16941376,0.18651293
4uch_OLW_A_800,0.52541387,0.65770816,0.040574993,0.17078309,0.44452635,0.20702395,0.19337923
4uch_OLW_B_800,0,0.66118308,0,0.16009048,0.44277935,0.20002954,0.18832953
4ud9_FQI_H_1257,0.99553818,0.65644835,0.046294575,0.20433647,0.99684691,0.25131584,0.20014698
4udc_DEX_A_1778,0.99319767,0.65645276,0.04628172,0.20421395,0.99512038,0.25116576,0.20011741
4ug6_H4B_A_902,0.4849042,0.98518447,0.033785706,0.1723653,0.44393357,0.22163364,0.1958191
4ug6_XFJ_A_904,0.038658154,0.65797031,0.043387898,0.16094229,0.44501194,0.20054898,0.18868179
4ug7_1EV_A_904,0.96100584,0.65747356,0.038057737,0.17958959,0.4440918,0.21281837,0.19758295
4ugg_S5D_A_904,0.52541387,0.65770816,0.040574993,0.17078309,0.44452635,0.20702395,0.19337923
4uoc_NCN_A_400,0.88952884,0.93701261,0.03247724,0.1801936,0.44362263,0.22479489,0.19930888
4uoc_NCN_B_400,0,0.65799113,0.0436113,0.16016073,0.44505051,0.20003474,0.18830871
4upd_7P9_A_1550,0,0,0.057722,0.15533656,0.44632287,0.16959977,0.18262135
4upd_7P9_B_1550,7.8624181e-05,0,0.057721545,0.15533814,0.44632279,0.16960081,0.18262211
4uqs_INE_A_904,0.99602178,0.98460568,0.024079809,0.16338587,7.6627665e-05,0.19785256,0.19895265
4ur9_BK9_A_1717,0.99030694,0.99511855,0.024991349,0.16650065,0.072516129,0.2032535,0.19928159
4ur9_BK9_B_1717,0.0012290962,0.99591362,0.029606784,0.14338962,0.0015978673,0.18518112,0.18945009
4ur9_OAN_A_1718,0,0.66118308,0,0.16009048,0.44277935,0.20002954,0.18832953
4uy7_HIS_A_800,0,0,0.050929456,0.13593482,0,0.13889211,0.18081711
4uy7_HIS_B_800,0,0,0.058237598,0.15680938,0.47961638,0.17193088,0.18275833
4uzi_IMD_B_1455,0.86494796,0.65833405,0.031831165,0.15831572,8.9129817e-06,0.1809632,0.19486271
4uzi_IMD_B_1456,0.8941696,0.65661167,0.045969445,0.19969039,0.93724548,0.24586019,0.19892784
4v2z_Y70_B_151,0.99349922,0.65644721,0.046325187,0.20434892,0.99808184,0.25137361,0.20013228
4v2z_Y70_C_151,0.98637397,0.65798157,0.033535609,0.16762958,0.15754756,0.19342734,0.19667078
4v36_LYN_A_1851,0,1.1230582e-09,0.057721999,0.15533656,0.44632287,0.16959977,0.18262135
4v3w_E2Z_B_800,0.19068595,0.65788843,0.042509344,0.16401587,0.44486028,0.20257131,0.19014894
4w1v_3GS_B_502,0,0.65799113,0.0436113,0.16016073,0.44505051,0.20003474,0.18830871
4wbd_CIT_A_602,0.89966864,0.6575066,0.038412199,0.17834952,0.44415299,0.21200244,0.19699102
4wca_CIT_A_401,0,0.85602974,0.033712344,0.14547603,0.073860612,0.18365868,0.1885207
4wdd_CIT_A_401,0.98767434,0.92971153,0.027670438,0.16956972,0.15536286,0.20589353,0.19902572
4wdx_WDX_A_402,0,0.65799113,0.0436113,0.16016073,0.44505051,0.20003474,0.18830871
4wdx_WDX_B_402,0,0.65799113,0.0436113,0.16016073,0.44505051,0.20003474,0.18830871
4wmz_TPF_A_602,0,0.65799113,0.0436113,0.16016073,0.44505051,0.20003474,0.18830871
4wqq_MAN_B_204,0.017094036,0.65798192,0.043512515,0.16050632,0.44503346,0.20026213,0.18847368
4wqq_MAN_D_204,0.81890647,0.65755009,0.038878916,0.17671673,0.44423356,0.21092812,0.19621162
4ws1_URF_A_301,0.035058805,0,0.050726956,0.13664483,3.8771334e-07,0.13936087,0.18115567
4ws2_6UA_A_303,0.11268026,0.9576682,0.031458785,0.15015199,0.11160692,0.19247654,0.19064078
4wua_3UL_A_701,0.98708508,0.65826806,0.031126559,0.16078844,0,0.18259337,0.19604172
4wxb_CIT_A_501,0.79853253,0.65756107,0.038996655,0.17630483,0.44425389,0.21065709,0.196015
4wxb_CIT_B_501,0.90996692,0.65750105,0.038352686,0.17855772,0.44414272,0.21213943,0.1970904
4wxb_CIT_C_501,0.31199923,0.65782309,0.041808286,0.16646848,0.44473926,0.20418506,0.19131968
4wxb_CIT_D_501,0,0.65799113,0.0436113,0.16016073,0.44505051,0.20003474,0.18830871
4x2f_3WJ_A_601,0.99857514,0.98539369,0.039162639,0.20661552,0.99200375,0.26625295,0.20299889
4x36_CHT_A_408,0.99463491,0.97509629,0.025219846,0.16593895,0.060996447,0.20158975,0.19910357
4x36_CHT_A_409,0.99646917,0.97188093,0.039413262,0.20632708,0.98865111,0.2653675,0.20284809
4x36_CHT_A_410,0.95947472,0.94872947,0.025256122,0.16294179,0.012970805,0.19658922,0.19834158
4x36_CHT_A_411,0.87202325,0.92654684,0.026722823,0.16239572,0.04488214,0.19659002,0.19743436
4xf0_CYS_A_502,0.99501274,0.94212112,0.039763512,0.20523262,0.96923581,0.26263117,0.20249803
4xh4_PPI_A_504,0.99779281,0.65669247,0.044224904,0.1985194,0.86211515,0.24207281,0.19962491
4xp2_TT4_A_401,0,0.65799113,0.0436113,0.16016073,0.44505051,0.20003474,0.18830871
4xpq_FUL_A_1002,0.99573926,0.65826336,0.031076791,0.16096409,9.6600138e-06,0.18270958,0.1961253
4xpq_FUL_A_1003,0.017863074,0.65798151,0.043508071,0.16052187,0.44503269,0.20027236,0.1884811
4xpq_FUL_A_1004,0.0056294515,0.65798809,0.043578768,0.16027454,0.44504489,0.20010962,0.18836304
4xti_IMP_A_601,0.96372754,0.6574721,0.038042009,0.17964461,0.44408909,0.21285458,0.19760922
4xti_IMP_B_601,0.96915676,0.65746917,0.038010634,0.17975438,0.44408367,0.2129268,0.19766162
4xv4_25T_A_302,0.99781225,0.99723952,0.023952153,0.16395366,0.010143747,0.19915558,0.19911997
4xv4_25T_A_303,0.77106562,0.99754875,0.040307159,0.20235741,0.99796524,0.26418522,0.20093114
4xz9_G3P_B_302,0.9904519,0.65755405,0.037077583,0.17787593,0.39112219,0.20955794,0.19765294
4xzh_48I_A_402,0.99561665,0.65745492,0.037857724,0.18028932,0.44405727,0.21327878,0.19791697
4xzh_48I_B_402,0.99490213,0.65745531,0.037861853,0.18027488,0.44405799,0.21326927,0.19791007
4y14_C0A_A_407,0.96805373,0.6535071,0.037718978,1.7355343e-72,0.41760394,0.21085321,0.19747459
4y14_C0A_B_404,0.97211292,0.7694972,0.0444027,0.9913896,0.95733781,0.83166408,0.20127109
4y6n_3PG_A_402,0.98158737,0,0.059560544,0.19666174,0.93853534,0.21666772,0.19409479
4ynu_LGC_A_602,0,0.65799113,0.0436113,0.16016073,0.44505051,0.20003474,0.18830871
4ynu_LGC_A_603,0.003144213,0,0.050911298,0.1359985,2.5022509e-07,0.13893416,0.18084748
4ysx_MLI_E_701,0.98895814,0.65647285,0.046156972,0.20370279,0.98534629,0.25043643,0.20003704
4yu7_DHC_A_203,0.43601167,0.65775631,0.041091629,0.16897567,0.44461554,0.20583472,0.19251647
4yu7_DHC_A_204,0.57327386,0.88076034,0.005383885,0.15404399,1.507307e-08,0.18738223,0.19397621
4yu7_DHC_B_203,0,0.65880156,0.036819932,0.14080131,1.9919171e-07,0.16941377,0.18651293
4yu7_DHC_B_204,0.065174607,0.65795602,0.043234662,0.16147838,0.44498549,0.20090171,0.18893768
4ywb_OXD_C_704,0.9971287,0.65826252,0.031069515,0.16099433,5.8043281e-05,0.18273147,0.19613891
4ywd_NTM_A_704,0.044634742,0.94738022,0.030384196,0.1438762,0.00082228475,0.18345841,0.1894463
4z1d_PEP_B_300,0.88488139,0.65751456,0.038497653,0.17805056,0.44416774,0.21180574,0.19684831
4z2w_AKG_A_401,0.99517206,0.87459617,0.026447062,0.16257025,0.00041255541,0.19276519,0.19799422
4z69_DIF_A_1006,0,0.65799113,0.0436113,0.16016073,0.44505051,0.20003474,0.18830871
4z69_DIF_A_1007,0.9943386,0.65745561,0.03786511,0.18026348,0.44405855,0.21326177,0.19790463
4z69_DIF_A_1008,0,0.65799113,0.0436113,0.16016073,0.44505051,0.20003474,0.18830871
4z69_DIF_I_1006,0.97985257,0.65746341,0.037948823,0.17997062,0.444073,0.21306908,0.19776484
4z6p_DHY_C_403,0.98436267,0.98302604,0.039373326,0.20653259,0.99711357,0.26630518,0.20286184
4zb2_FRU_A_404,0,0.65880147,0.036820689,0.14080347,4.9786474e-05,0.16941719,0.18651313
4zb2_GLC_A_403,0,0.65799113,0.0436113,0.16016073,0.44505051,0.20003474,0.18830871
4zb5_GLC_A_403,0.98060384,0.65827147,0.031164689,0.16065933,4.8949895e-05,0.1825102,0.19597935
4zbc_FRU_A_409,0.99597874,0.65826283,0.031078796,0.1609786,0.00023153372,0.18272805,0.19612851
4zbc_FRU_B_408,0.0056344966,0.65798809,0.043578739,0.16027464,0.44504489,0.20010969,0.18836309
4zbc_FRU_B_409,0,0.65880156,0.03681993,0.1408013,2.5275219e-08,0.16941376,0.18651293
4zbc_GLC_A_407,0,0.65799113,0.0436113,0.16016073,0.44505051,0.20003474,0.18830871
4zbc_GLC_B_406,0,0.65799113,0.0436113,0.16016073,0.44505051,0.20003474,0.18830871
4zbc_GLC_B_407,0.081255711,0.65794736,0.043141731,0.16180349,0.44496945,0.20111563,0.18909288
4zdz_TPF_A_602,3.7063607e-05,0.65799111,0.043611086,0.16016148,0.44505047,0.20003523,0.18830907
4zhd_4OZ_A_202,0,0.65799113,0.0436113,0.16016073,0.44505051,0.20003474,0.18830871
4zhd_4OZ_C_202,0.015308782,0.65798288,0.043522832,0.16047023,0.44503524,0.20023838,0.18845645
4zib_4OG_A_512,0.078209433,0.97114356,0.042020505,0.17997742,0.81063047,0.24079309,0.19325372
4zjz_BEZ_A_1001,0.99225216,0.65645951,0.046234888,0.20404576,0.99169519,0.25091739,0.20009446
4zjz_BEZ_B_601,0.99635403,0.65645288,0.046248221,0.20423427,0.99411853,0.25113894,0.20014384
4zo7_BGC_A_805,0.76289475,0.65758026,0.039202603,0.17558433,0.44428944,0.21018303,0.19567107
4zo7_GLC_A_806,0.99400109,0.65645249,0.046275773,0.20422647,0.99503436,0.25117056,0.20012482
4zqp_IMP_A_601,0.99112463,0.65745734,0.037883683,0.18019851,0.44406175,0.21321902,0.19787362
4zsy_RW2_B_502,0,0,0.057722,0.15533656,0.44632287,0.16959977,0.18262135
4zsy_RW2_C_502,0,0,0.057722,0.15533656,0.44632287,0.16959977,0.18262135
4zsy_RW2_D_502,0,0.65799113,0.0436113,0.16016073,0.44505051,0.20003474,0.18830871
4zu3_4SD_A_301,0.9567195,0.65747587,0.038082507,0.17950293,0.44409608,0.21276135,0.19754159
4zu3_4SD_B_301,0.93852138,0.65748567,0.038187673,0.17913501,0.44411423,0.21251927,0.19736597
4zu3_4SD_B_302,0.95106907,0.65747892,0.038115161,0.17938869,0.44410171,0.21268619,0.19748706
4zu3_4SD_C_301,0.030118337,0.6579749,0.043437249,0.16076964,0.44502046,0.20043538,0.18859937
4zu3_4SD_D_301,0.098106271,0.65793829,0.043044353,0.16214416,0.44495264,0.20133978,0.18925549
4zu3_4SD_E_301,0.98420085,0.65746107,0.037923695,0.18005853,0.44406866,0.21312692,0.1978068
4zu3_4SD_F_301,0.98242217,0.65746203,0.037933974,0.18002257,0.44407044,0.21310326,0.19778963
4zvv_GN0_A_405,0.40960682,0.65395726,0.040956498,1.1599832e-45,0.41911955,0.20350018,0.19209229
4zvv_GN0_B_404,0.81865592,0.65755023,0.038880364,0.17671167,0.44423381,0.21092478,0.1962092
4zvv_GN0_C_403,0,0.65799113,0.0436113,0.16016073,0.44505051,0.20003474,0.18830871
4zvv_GN0_D_403,0,0.65799113,0.0436113,0.16016073,0.44505051,0.20003474,0.18830871
4zvz_4TF_B_503,0.87903441,0.65751771,0.038531442,0.17793235,0.44417358,0.21172796,0.19679188
4zvz_4TF_C_503,0.97449052,0.6574663,0.03797981,0.17986221,0.44407835,0.21299775,0.19771309
4zvz_4TF_D_503,0.7568858,0.6575835,0.039237328,0.17546285,0.44429543,0.2101031,0.19561308
5a02_GOL_B_1342,0.99563457,0.75620879,0.028980176,0.16170193,0.00034967447,0.18727956,0.19697438
5a02_GOL_C_1341,0.99558525,0.84873149,0.027002727,0.16239842,0.00066432178,0.19158918,0.1977755
5a02_GOL_D_1341,0.99496701,0.58751,0.039363114,0.1797628,0.44419317,0.21003128,0.19730546
5a02_GOL_F_1342,0.99547269,0.84756922,0.027018358,0.16235921,1.3083337e-05,0.19148894,0.19776172
5a2r_MLT_A_1615,0,0.90303237,0.03231569,0.14471084,0.048298263,0.18407646,0.18882381
5a66_3PO_A_1000,0.98577299,0.80998541,0.027881155,0.16188913,0.00010782283,0.1896237,0.19734334
5a7p_6Z1_B_1361,0.9926639,0.65826266,0.031114324,0.16095825,0.001306454,0.18275778,0.19610085
5a86_D7E_A_1433,0.98957987,0.65745818,0.03789261,0.18016727,0.4440633,0.21319847,0.19785871
5a8k_COM_A_556,0,0.65799113,0.0436113,0.16016073,0.44505051,0.20003474,0.18830871
5a8k_COM_D_555,0,0.65799113,0.0436113,0.16016073,0.44505051,0.20003474,0.18830871
5a8k_TP7_A_558,0,0.65799113,0.0436113,0.16016073,0.44505051,0.20003474,0.18830871
5a8k_TP7_D_554,0,0.65799113,0.0436113,0.16016073,0.44505051,0.20003474,0.18830871
5abz_Z47_A_201,0.98239623,0.65746204,0.037934124,0.18002204,0.44407046,0.21310291,0.19778938
5ack_SVQ_A_600,0.98842987,0.65656332,0.045403979,0.20153693,0.93581828,0.24702053,0.19983202
5adi_TUE_A_800,0.99028658,0.65826632,0.031108118,0.16085333,1.5762146e-06,0.18263622,0.19607263
5adi_TUE_B_800,0,0.65799113,0.0436113,0.16016073,0.44505051,0.20003474,0.18830871
5aew_BNL_C_462,0,0.99458514,0.029626104,0.14330851,0.00053173872,0.18502967,0.18942241
5aew_BNL_I_462,0.99844431,0.94351381,0.031707488,0.18244354,0.44350129,0.22654641,0.20041654
5af9_SJR_H_1250,2.8190952e-07,5.5768495e-07,0.057721986,0.15533656,0.44632287,0.1695998,0.18262136
5afy_WCE_H_1248,0.99677034,0.99125566,0.023942926,0.16347855,0.00072854404,0.19821571,0.19902004
5ag5_DLR_A_1422,1.8081241e-05,0,0.057721895,0.15533692,0.44632285,0.16960001,0.18262153
5agl_CCW_A_800,0.92788286,0.6574914,0.038249152,0.17891993,0.44412485,0.21237776,0.1972633
5agl_CCW_B_800,0.82902421,0.65754464,0.038820446,0.17692129,0.44422347,0.21106271,0.19630926
5agn_4JK_A_800,0,0.65799113,0.0436113,0.16016073,0.44505051,0.20003474,0.18830871
5agn_4JK_B_800,2.7294901e-06,0.65799112,0.043611285,0.16016078,0.44505051,0.20003477,0.18830874
5ahn_IMP_A_1468,0.94831195,0.65822792,0.031862387,0.16146338,0.033553405,0.18438504,0.19580286
5aov_GLV_A_1336,0,0.92334261,0.03114455,0.14275884,0,0.18169081,0.18880401
5aov_GLV_A_1356,0.25342018,0.94675033,0.029179288,0.14806428,6.9610012e-06,0.18616451,0.19145375
5av2_KMP_A_300,0.99688126,0,0.045171306,0.15612318,6.8713438e-07,0.15222045,0.19044381
5av4_GEN_A_400,1.1952507e-06,0.65799112,0.043611293,0.16016075,0.44505051,0.20003475,0.18830872
5awd_IDQ_A_901,5.1274426e-06,0.65799112,0.043611271,0.16016083,0.4450505,0.20003481,0.18830876
5b4o_6DQ_A_201,3.9933693e-06,0.93239412,0.037387641,0,0.41954758,0.21091118,0.19053834
5b4o_6DQ_B_201,0.91413971,0.6574988,0.038328572,0.17864209,0.44413856,0.21219494,0.19713067
5b4o_6DQ_B_202,0.25459049,0.65785401,0.042140046,0.16530784,0.44479653,0.20342139,0.19076565
5b4o_6DQ_C_201,1.2912694e-06,0.65799112,0.043611293,0.16016075,0.44505051,0.20003475,0.18830873
5b4u_MLA_A_302,0,0.93913408,0.030806178,0.14287555,0,0.18242278,0.18894061
5bk9_SIN_A_301,0.99492289,0.6565745,0.045243362,0.20131731,0.9277497,0.24655189,0.19986213
5bkd_AKG_A_502,0.9889843,0.65713333,0.040619763,0.18791941,0.62261497,0.22547121,0.19857317
5bkd_AKG_B_502,0.97236046,0.65720431,0.040195907,0.18610123,0.58856697,0.22290584,0.19827526
5bkd_RCF_A_503,0,0.65799113,0.0436113,0.16016073,0.44505051,0.20003474,0.18830871
5bwd_FUM_A_901,0.025442201,0.65797742,0.043464272,0.1606751,0.44502513,0.20037318,0.18855424
5bwr_4VT_A_402,0,0,0.057722,0.15533656,0.44632287,0.16959977,0.18262135
5bwr_4VT_B_402,2.370869e-05,0,0.050929324,0.13593531,3.847832e-07,0.13889245,0.18081734
5c38_DA8_A_403,0.8342698,0.65754182,0.038790133,0.17702734,0.44421823,0.21113248,0.19635988
5c4i_TPP_C_402,0.52541387,0.65770816,0.040574993,0.17078309,0.44452635,0.20702395,0.19337923
5c4i_TPP_F_402,0.12796442,0.93954369,0.036807544,0.16550972,0.45557215,0.21596578,0.99580665
5c8w_PCG_A_302,0.99197156,0.65644913,0.046324828,0.20429185,0.99748107,0.25131186,0.20011511
5c8w_PCG_B_303,0,0.65799113,0.0436113,0.16016073,0.44505051,0.20003474,0.18830871
5c8w_PCG_C_302,0.98628668,0.65645262,0.046354114,0.20416675,0.99725159,0.25122016,0.2000593
5c8w_PCG_E_302,0.90661575,0.65750286,0.038372052,0.17848997,0.44414606,0.21209485,0.19705806
5cak_4Z9_A_802,0.97813324,0,0.058776193,0.19429442,0.88575084,0.21298543,0.19384779
5cfw_53W_A_201,6.2280362e-05,0.65799109,0.04361094,0.16016199,0.44505045,0.20003557,0.18830931
5cga_KP6_A_301,0.51564009,0.62522961,0.040576968,0.16819787,0.39528754,0,0.19280371
5cga_KP6_B_301,0.99601473,0.98382462,0.033381088,0.18989969,0.60939695,0.2397898,0.20141201
5cga_KP6_C_301,0.99698746,0.98213717,0.039181955,0.20638896,0.98809012,0.26581119,0.20293955
5cga_KP6_E_301,0.99686063,0.96607774,0.038363542,0.20294504,0.91174818,0.25980623,0.20249042
5cga_KP6_F_301,0.99586843,0.9762993,0.039282609,0.20623489,0.98606218,0.26538593,0.20287003
5cga_KP6_H_301,0.51887242,0.65196295,0.040695095,0.1704912,0.44184953,0.20648494,0
5ci9_549_A_401,0,0.00047604393,0.057711789,0.15534005,0.44632195,0.16962179,0.18262547
5ci9_549_A_402,0.91531654,0.98041395,0.024634658,0.16171724,2.0183795e-06,0.1965741,0.19813673
5cjn_52F_A_809,0.99020367,0.65745784,0.037889005,0.18017989,0.44406267,0.21320677,0.19786473
5clo_NS8_M_101,0,0.98830412,0.029848004,0.14351148,0.0062618977,0.18513326,0.18939127
5cpn_531_A_401,0.9526016,0.65747809,0.038106304,0.17941968,0.44410019,0.21270657,0.19750185
5cpn_531_B_401,0.99198861,0.65826266,0.031121271,0.16095328,0.0015063447,0.18276252,0.19609514
5cpp_ADO_A_422,0.99587133,0.96500324,0.02798474,0.17318955,0.22872553,0.21269261,0.19970708
5cr1_STL_B_201,0,0.99110272,0.029692625,0.14325964,2.3943964e-07,0.18483164,0.18939014
5d41_57N_A_1103,0,0.65799113,0.0436113,0.16016073,0.44505051,0.20003474,0.18830871
5d8u_0N8_A_203,0.96603555,0.62776713,0.031722452,0.15953222,2.3288307e-08,2.8469653e-08,0.195499
5d9w_ASC_A_301,0.19998192,0,0.056564663,0.1593802,0.44612315,0.17226357,0.18455196
5ddu_PMP_A_601,0.98996833,0.65745797,0.037890365,0.18017513,0.44406291,0.21320364,0.19786246
5ddu_PMP_B_601,0.21266363,0.65787659,0.042382337,0.16446019,0.44483835,0.20286366,0.19036104
5ddu_PMP_C_601,0.9915381,0.65745712,0.037881294,0.18020686,0.44406134,0.21322452,0.19787761
5ddu_PMP_D_601,0.99385418,0.65745587,0.037867909,0.18025369,0.44405903,0.21325533,0.19789996
5del_D59_A_603,0.54678837,0.65769665,0.040451461,0.17121526,0.44450503,0.20730831,0.19358553
5del_ORO_A_602,0,0.65875363,0.037221734,0.14194669,0.026322163,0.17122543,0.18661918
5di7_5CQ_A_601,0.99054191,0.65716724,0.040319412,0.18712038,0.60352761,0.22417829,0.19851116
5di7_5CQ_B_601,0.98966724,0.65660895,0.045008764,0.20045573,0.91039536,0.24528728,0.19974135
5did_5CK_B_601,0,0.65799113,0.0436113,0.16016073,0.44505051,0.20003474,0.18830871
5die_5CJ_A_601,0.9934629,0.65745608,0.037870171,0.18024578,0.44405942,0.21325013,0.19789618
5die_5CJ_B_601,0,0.65799113,0.0436113,0.16016073,0.44505051,0.20003474,0.18830871
5dky_NOJ_A_1000,0,0.65799113,0.0436113,0.16016073,0.44505051,0.20003474,0.18830871
5dne_ASN_A_601,0,0.98411263,0.045034059,0.18660057,0.99699319,0.25318633,0.19336494
5dne_ASN_C_601,0,0.98503793,0.044957819,0.18644627,0.99329093,0.25297418,0.19335796
5dnx_5LD_A_203,0.93684412,0.97989056,0.024557861,0.16225313,0.0023865991,0.19700192,0.19834974
5dnx_5LD_B_201,0.98986377,0.98562376,0.02409292,0.16326685,3.4394565e-05,0.19781451,0.19890182
5dnx_5LD_B_205,0,0.91687414,0.036135971,0.15657235,0.3184792,0.20332969,0.19003709
5dr9_SKE_A_401,0,0,0.057722,0.15533656,0.44632287,0.16959977,0.18262135
5dt0_SKE_A_401,0.96918022,0,0.045331302,0.15556216,0,0.15185004,0.19017631
5dw3_TRP_A_402,0,0.65799113,0.0436113,0.16016073,0.44505051,0.20003474,0.18830871
5dw3_TRP_B_402,0,0.65799113,0.0436113,0.16016073,0.44505051,0.20003474,0.18830871
5dw3_TRP_C_402,0,0.65799113,0.0436113,0.16016073,0.44505051,0.20003474,0.18830871
5dw3_TRP_D_402,0,0.65799113,0.0436113,0.16016073,0.44505051,0.20003474,0.18830871
5dz2_212_A_404,0.98873409,0.65824928,0.031267013,0.16124932,0.0098241803,0.18329155,0.19609729
5dz2_212_B_404,0.99036767,0.65647863,0.046094011,0.20357503,0.98175431,0.25020803,0.20003614
5dzh_5KG_A_900,0.98964519,0.65745814,0.037892233,0.1801686,0.44406323,0.21319934,0.19785934
5e4o_L57_A_201,0.0010655202,0.65799055,0.043605143,0.16018227,0.44504945,0.20004891,0.188319
5e4o_L57_B_201,0.98319123,0.65702858,0.041557543,0.19038009,0.68185981,0.22947148,0.19875638
5e4r_40E_A_504,0.66599474,0.94907426,0.028356512,0.16103577,0.10567557,0.19906742,0.1958857
5e9m_BAE_A_2001,0.99808118,0.98347443,0.024304384,0.16402542,0.014004822,0.19878711,0.19901912
5edh_5MF_A_803,0,0,0.057722,0.15533656,0.44632287,0.16959977,0.18262135
5edh_5MF_B_803,0,0,0.057722,0.15533656,0.44632287,0.16959977,0.18262135
5edh_5MF_C_803,0.98998004,0,0.060378237,0.19930579,0.99538012,0.22069573,0.19440591
5eo7_SFU_A_401,0,0.65799113,0.0436113,0.16016073,0.44505051,0.20003474,0.18830871
5eo7_SFU_A_402,0,0.65799113,0.0436113,0.16016073,0.44505051,0.20003474,0.18830871
5eo7_SFU_A_403,0.01341422,0.6579839,0.043533781,0.16043193,0.44503713,0.20021318,0.18843817
5eo7_SFU_A_405,0.86463364,0.65752547,0.038614663,0.17764121,0.44418794,0.21153639,0.19665291
5eo7_SFU_B_401,0.94623429,0.65679248,0.043917459,0.19575129,0.82249309,0.23865734,0.19896726
5eo7_SFU_B_402,0.97909445,0.94413689,0.040086425,2.8103466e-75,0.99336824,0.99612178,0.20296907
5eo7_SFU_B_403,0,0.65799113,0.0436113,0.16016073,0.44505051,0.20003474,0.18830871
5eo7_SFU_B_404,0,0.65799113,0.0436113,0.16016073,0.44505051,0.20003474,0.18830871
5eo7_SFU_B_405,0,0.65799113,0.0436113,0.16016073,0.44505051,0.20003474,0.18830871
5eo7_SFU_C_403,0.70668546,0.65761053,0.039527431,0.17444794,0.44434551,0.20943531,0.19512862
5eo7_SFU_C_405,0,0.65799113,0.0436113,0.16016073,0.44505051,0.20003474,0.18830871
5eo8_TFU_A_401,0,0.65799113,0.0436113,0.16016073,0.44505051,0.20003474,0.18830871
5eo8_TFU_A_402,0.86508143,0,0.045846426,0.15395611,0.0036373978,0.15134715,0.97902047
5eo8_TFU_A_403,0.9876577,0.65648398,0.046077088,0.20342736,0.97962171,0.25002506,0.20000138
5eo8_TFU_A_404,0,0.65799113,0.0436113,0.16016073,0.44505051,0.20003474,0.18830871
5eo8_TFU_A_405,0,0.65799113,0.0436113,0.16016073,0.44505051,0.20003474,0.18830871
5eo8_TFU_A_406,0.89876625,0.65680197,0.044326773,0.19517645,0.83137131,0.23863461,0.19854487
5eso_ISC_A_602,0.98798575,0.65645405,0.046324617,0.204145,0.99596121,0.25115404,0.20007049
5eso_ISC_B_602,0,0,0.057722,0.15533656,0.44632287,0.16959977,0.18262135
5ew8_5SF_B_802,0.9519242,0.65747846,0.038110219,0.17940598,0.44410086,0.21269756,0.19749531
5ezp_IPJ_A_201,0.98673532,0.65745971,0.037909049,0.18010977,0.44406613,0.21316063,0.19783126
5ezp_IPJ_B_201,0,0.65799113,0.0436113,0.16016073,0.44505051,0.20003474,0.18830871
5ezp_IPJ_C_201,0,0.65799113,0.0436113,0.16016073,0.44505051,0.20003474,0.18830871
5ezp_IPJ_F_201,0.99677704,0.65807852,0.032615683,0.16538893,0.10121426,0.18968901,0.19654382
5f35_FLC_A_302,0.97670893,0.65827366,0.03118646,0.16057849,3.4505883e-06,0.18245506,0.19594157
5f79_4V7_A_4000,0.96011011,0.65747405,0.038062913,0.17957148,0.4440927,0.21280646,0.19757431
5faj_DCS_A_401,0,0.94322705,0.037491843,0.16225286,0.44449895,0.21323365,0.19077518
5faj_DCS_B_401,0,0.9597297,0.037137897,0.16237387,0.44446704,0.21399706,0.19091784
5faj_DCS_C_401,0,0.94729317,0.037404633,0.16228268,0.44449109,0.21342175,0.19081033
5faj_DCS_D_401,0,0.97271179,0.036859459,0.16246906,0.44444194,0.21459762,0.19103007
5fal_SKT_A_502,0,0.6261378,0.043572806,0.1577663,0.39675093,0,0.18781163
5fay_CHT_A_908,0.98010434,0.65746328,0.037947369,0.17997571,0.44407275,0.21307243,0.19776727
5fc5_PC_A_516,0.98828868,0.93064361,0.038528929,0.20067182,0.86952398,0.25514053,0.20193024
5fe1_12Q_B_901,0.99708093,0.65646484,0.046140471,0.20395379,0.98733452,0.25068173,0.20012347
5fes_9SE_A_409,0.00058938415,0.97577998,0.031957293,0.14869891,0.12730118,0.19289851,0.18977853
5fiu_Y3J_A_1299,0,0.65799113,0.0436113,0.16016073,0.44505051,0.20003474,0.18830871
5fiu_Y3J_B_1299,0,0.65799113,0.0436113,0.16016073,0.44505051,0.20003474,0.18830871
5fiu_Y3J_C_1299,0.98945543,0.65647611,0.046124518,0.20362853,0.98340815,0.25030967,0.20003401
5fkl_TDC_A_222,0,0.65799113,0.0436113,0.16016073,0.44505051,0.20003474,0.18830871
5fli_QUE_A_301,0,0.98549107,0.029812865,0.14321815,4.0423739e-08,0.18457151,0.1893416
5fli_QUE_C_301,0.52541387,0.65770816,0.040574993,0.17078309,0.44452635,0.20702395,0.19337923
5fli_QUE_F_301,0.52541387,0.65770816,0.040574993,0.17078309,0.44452635,0.20702395,0.19337923
5fli_QUE_G_301,0.52541387,0.65770816,0.040574993,0.17078309,0.44452635,0.20702395,0.19337923
5fli_QUE_J_301,0.52541387,0.65770816,0.040574993,0.17078309,0.44452635,0.20702395,0.19337923
5fli_QUE_K_301,0.52541387,0.65770816,0.040574993,0.17078309,0.44452635,0.20702395,0.19337923
5fp9_4SV_A_1342,0.99651004,0.95046191,0.024900565,0.16340609,0.0061118203,0.1966922,0.19868645
5fqf_NGA_A_1588,0.96236063,0.65747283,0.038049908,0.17961698,0.44409045,0.21283639,0.19759603
5fuv_THM_A_1388,0,0.65799113,0.0436113,0.16016073,0.44505051,0.20003474,0.18830871
5fuv_THM_B_1385,0.97727579,0.65646277,0.046361811,0.20385808,0.99435105,0.25090021,0.19996061
5fwd_GJV_A_1446,0.97693357,0.65746499,0.037965692,0.1799116,0.44407591,0.21303025,0.19773667
5fwe_OGA_A_1358,0.99620838,0.65692494,0.042292332,0.19295228,0.73491417,0.23329684,0.19909619
5fwe_OGA_B_1359,0,0.65799113,0.0436113,0.16016073,0.44505051,0.20003474,0.18830871
5g03_OE2_A_1263,0,0.65799113,0.0436113,0.16016073,0.44505051,0.20003474,0.18830871
5g09_6DF_B_1474,0.98969785,0.65745811,0.037891929,0.18016966,0.44406318,0.21320004,0.19785985
5g09_6DF_C_1475,0,0.65799113,0.0436113,0.16016073,0.44505051,0.20003474,0.18830871
5g09_6DF_D_1476,0.9898245,0.65745804,0.037891197,0.18017222,0.44406305,0.21320173,0.19786107
5g21_YN4_A_1002,0.52541387,0.65770816,0.040574993,0.17078309,0.44452635,0.20702395,0.19337923
5g44_I6G_A_1510,0.99529456,0.65646106,0.046190565,0.20403104,0.98994113,0.25083728,0.20011675
5g44_SWX_A_1511,1.3399904e-05,0.95621643,0.030440101,0.14300216,2.076966e-06,0.1832149,0.18908851
5g44_YTZ_A_1512,0.00010079617,0.98901905,0.04338985,0.1822444,0.89602537,0.24645985,0.1929997
5g4r_LF1_B_1739,0,0.65799113,0.0436113,0.16016073,0.44505051,0.20003474,0.18830871
5g4r_LF1_C_1739,0.98728553,0.65745941,0.037905869,0.18012089,0.44406558,0.21316795,0.19783657
5g4r_LF1_D_1739,0.36085273,0.65779678,0.041525966,0.16745616,0.44469052,0.20483493,0.19179114
5g6g_H8B_A_1367,0.99125968,0.65745727,0.037882903,0.18020124,0.44406162,0.21322082,0.19787492
5g6k_M94_A_904,0,0.98335847,0.036631112,0.16254713,0.44442135,0.21509014,0.1911221
5gnx_BGC_A_502,0,0.65799113,0.0436113,0.16016073,0.44505051,0.20003474,0.18830871
5gnx_BGC_B_503,0,0.65799113,0.0436113,0.16016073,0.44505051,0.20003474,0.18830871
5goo_FRU_A_501,0.97635857,0.6574653,0.037969015,0.17989998,0.44407649,0.2130226,0.19773112
5goo_FRU_C_501,0.99390848,0.65826437,0.031087209,0.16092662,4.083696e-07,0.1826845,0.19610759
5gto_MYR_A_502,0,0.91446168,0.031334846,0.1426932,0,0.18127916,0.18872719
5gwt_SIN_B_302,0.99454225,0.65821496,0.031494847,0.16211189,0.026944133,0.18454741,0.19622246
5gwt_SIN_C_301,0,0.65799113,0.0436113,0.16016073,0.44505051,0.20003474,0.18830871
5gwt_SIN_D_301,0.99502357,0.65817302,0.031841512,0.16311775,0.049835931,0.1861294,0.19631951
5gzz_GSH_D_301,0.98052436,0.65746305,0.037944941,0.1799842,0.44407233,0.21307801,0.19777132
5gzz_GSH_E_301,0.89858757,0.65750718,0.038418446,0.17832766,0.44415407,0.21198806,0.19698058
5h24_LQG_B_501,0.93618506,0.99551025,0.024190666,0.1622515,3.6062827e-06,0.19755296,0.19846884
5h5k_C5P_A_206,0,0.65799113,0.0436113,0.16016073,0.44505051,0.20003474,0.18830871
5h5k_C5P_B_203,0.98619093,0.65734866,0.038843304,0.18275295,0.50518412,0.21735154,0.1980722
5h8f_GLU_A_302,0,0.65799113,0.0436113,0.16016073,0.44505051,0.20003474,0.18830871
5h8q_5YE_B_302,0.98891678,0.65645748,0.046286238,0.20406976,0.99379881,0.25101764,0.20007075
5h8q_GLU_A_302,0,0.65799113,0.0436113,0.16016073,0.44505051,0.20003474,0.18830871
5h8q_GLY_B_301,0,0,0.050932572,0.13539331,0,0,0.18069583
5h9i_XAN_A_301,0,0,0.057722,0.15533656,0.44632287,0.16959977,0.18262135
5ha7_WY1_A_402,0.59192995,0.65767233,0.040190592,0.1721279,0.44445999,0.2079088,0.19402117
5ha7_WY1_B_402,0,0.65232631,0.043702914,0.15996648,0.44240602,0.19956492,0
5hc0_NPO_A_402,0.9968218,0.96444565,0.0247354,0.16390499,0.015055082,0.1979606,0.19884661
5hc0_NPO_A_407,0.0024416399,0.94634404,0.030637584,0.14297828,0,0.18278962,0.18902655
5hfa_FP1_A_607,0.00070349745,0.65799075,0.043607235,0.16017495,0.44504981,0.2000441,0.1883155
5hfa_FP1_A_608,0.0055357731,0.65798814,0.04357931,0.16027265,0.44504499,0.20010838,0.18836214
5hfa_FP1_B_609,0.0041199842,0.65798891,0.043587491,0.16024402,0.4450464,0.20008954,0.18834847
5hpu_IPH_A_101,0.99360749,0.98832659,0.039083606,0.20640839,0.98905824,0.26611958,0.20296436
5hpu_IPH_C_101,0.99534277,0.97854959,0.024212335,0.16332404,3.1054782e-07,0.19755751,0.1988934
5hss_64Z_A_402,0.97133303,0.657468,0.037998057,0.17979837,0.4440815,0.21295575,0.19768262
5hss_64Z_D_403,0,0.65799113,0.0436113,0.16016073,0.44505051,0.20003474,0.18830871
5hss_64Z_E_402,0.90557479,0.65750342,0.038378068,0.17846893,0.4441471,0.21208101,0.19704801
5hss_650_B_402,0.99662284,0.94607063,0.024901089,0.16311052,1.3837209e-05,0.1960701,0.19862487
5hss_650_C_401,0.99721166,0.96225441,0.028866425,0.17556864,0.28323102,0.21633777,0.19991685
5htd_MYR_A_201,0.98150334,0.97166517,0.024456321,0.16304011,0.0010852526,0.19712811,0.19870459
5hxi_5HN_A_403,0.99486855,0.98846321,0.034171505,0.19243345,0.6673586,0.24398222,0.20167566
5hyv_TPP_A_701,0.85123816,0.65753268,0.038692074,0.17737039,0.44420131,0.2113582,0.19652363
5i0d_GLC_A_1124,0.90418987,0.65831284,0.031604809,0.15911027,7.9565379e-06,0.1814871,0.19524153
5i0d_GLC_B_1122,0.98080117,0.65827142,0.031163081,0.16066199,1.8145499e-05,0.18251071,0.19598113
5i0m_UMP_A_201,0.98195797,0.65696563,0.042097967,0.19187537,0.71679683,0.23185961,0.19888549
5i3p_68T_A_1003,0.63926864,0.65764684,0.039917026,0.17308496,0.44441277,0.20853851,0.19447801
5i5s_NVU_A_402,0.96649614,0.99177429,0.035978881,0.19678037,0.77987337,0.25150703,0.20188571
5i5s_NVU_B_402,0.99564549,0.99177946,0.023932551,0.16344351,0.00035780691,0.19819942,0.1990122
5i5t_67X_A_402,0.96197103,0.990089,0.027278987,0.17233873,0.21340523,0.21293557,0.92630777
5i5t_67X_B_402,0.99593959,0.65745475,0.037855858,0.18029585,0.44405695,0.21328307,0.19792008
5i7r_68W_A_402,0.8057277,0.98304264,0.040357992,0.2027814,0.99404188,0.26370601,0.20112451
5i8z_JA1_A_302,0.98746334,0.65647693,0.046138156,0.20359431,0.9835488,0.25029276,0.20001535
5i93_69O_A_202,0.67255295,0.98940062,0.034526276,0.18166593,0.56977725,0.23299434,0.19817627
5i95_AKG_A_508,0.8047017,0.92387108,0.026485228,0.15905944,6.5355906e-06,0.19247462,0.19657947
5i9m_69K_A_302,0,0.65799113,0.0436113,0.16016073,0.44505051,0.20003474,0.18830871
5i9m_69K_B_302,0.99556728,0.9888055,0.029905016,0.18029605,0.38810506,0.22477082,0.20055511
5i9m_69K_C_302,0,0.65799113,0.0436113,0.16016073,0.44505051,0.20003474,0.18830871
5iav_MLI_A_302,0.98892606,0.64405971,0.042304049,0.19182011,0.71451342,0.23118731,0.19883005
5iav_MLI_B_302,0,0.62897078,0.037452196,0.14058327,0,0.16804611,0.1862577
5ice_2H4_A_402,0,0.65799113,0.0436113,0.16016073,0.44505051,0.20003474,0.18830871
5icf_SAU_A_402,0,0.65821209,0.041761627,0.15488809,0.32372939,0.19169496,0.18781962
5igs_GMP_A_403,0.97818636,0.6564683,0.046306083,0.20373263,0.99104438,0.25068479,0.19995605
5ihe_D5M_A_701,0,0.65799113,0.0436113,0.16016073,0.44505051,0.20003474,0.18830871
5ijz_AKG_A_502,0,0.65799113,0.0436113,0.16016073,0.44505051,0.20003474,0.18830871
5ijz_AKG_B_502,0,0.65799113,0.0436113,0.16016073,0.44505051,0.20003474,0.18830871
5ijz_AKG_C_502,0,0.65799113,0.0436113,0.16016073,0.44505051,0.20003474,0.18830871
5ijz_AKG_D_502,0.99187262,0.65745694,0.037879361,0.18021363,0.44406101,0.21322897,0.19788084
5ijz_AKG_E_502,0.97827861,0.65746426,0.037957919,0.17993879,0.44407457,0.21304814,0.19774965
5ijz_AKG_H_502,0,0.65799113,0.0436113,0.16016073,0.44505051,0.20003474,0.18830871
5in3_G1P_A_416,0.98500283,0.65648734,0.046076281,0.20332765,0.97856571,0.24991694,0.19997148
5in3_G1P_B_418,0,0.65729591,0.049442246,0.17678243,0.82688479,0.22632544,0.18985055
5ioq_DUR_B_302,0.00010326938,0,0.057721402,0.15533864,0.44632276,0.16960114,0.18262235
5ioq_DUR_C_302,0.76390532,0,0.04651702,0.15140508,9.8145322e-07,0.14910559,0.18819401
5ioq_DUR_D_302,0,0,0.057722,0.15533656,0.44632287,0.16959977,0.18262135
5ip6_6C9_A_301,0.88842373,0,0.059567504,0.19325784,0.90367597,0.21302081,0.19305403
5irw_D9P_A_202,0.92349947,0.65697007,0.042662826,0.19134068,0.73171199,0.23210563,0.19838137
5ita_6DC_A_801,0.52541387,0.65770816,0.040574993,0.17078309,0.44452635,0.20702395,0.19337923
5ita_6DC_B_801,0.52541387,0.65770816,0.040574993,0.17078309,0.44452635,0.20702395,0.19337923
5iuy_BOG_B_503,0.86112427,0.65752736,0.038634943,0.17757026,0.44419144,0.21148971,0.19661904
5iuy_BOG_C_503,0.084318658,0.65794571,0.043124031,0.16186542,0.44496639,0.20115637,0.18912243
5ivg_FPS_A_704,0,0.65799113,0.0436113,0.16016073,0.44505051,0.20003474,0.18830871
5j5i_6GM_A_302,0.86870557,0.65752327,0.038591132,0.17772353,0.44418388,0.21159056,0.19669221
5j5i_6GM_A_303,0,0.65799113,0.0436113,0.16016073,0.44505051,0.20003474,0.18830871
5j5i_6GM_B_302,0.95485162,0.65747688,0.038093302,0.17946517,0.44409794,0.21273651,0.19752356
5j5i_6GM_C_302,0.94990699,0.65747954,0.038121876,0.1793652,0.44410287,0.21267073,0.19747584
5j5i_6GM_E_302,0,0.65799113,0.0436113,0.16016073,0.44505051,0.20003474,0.18830871
5j5i_6GM_F_302,0,0.65799113,0.0436113,0.16016073,0.44505051,0.20003474,0.18830871
5j5i_6GM_F_303,0.95778132,0.6574753,0.038076371,0.1795244,0.44409502,0.21277548,0.19755184
5j5i_6GM_G_302,0.89147907,0.65751101,0.038459526,0.17818395,0.44416116,0.2118935,0.19691198
5j5i_6GM_I_302,0.96099703,0.65747357,0.038057788,0.17958941,0.44409181,0.21281825,0.19758287
5j5i_6GM_I_303,0,0.65799113,0.0436113,0.16016073,0.44505051,0.20003474,0.18830871
5j61_A3G_B_501,0.95025229,0.65747936,0.038119881,0.17937218,0.44410253,0.21267532,0.19747918
5j61_A3G_C_501,0,0.65799113,0.0436113,0.16016073,0.44505051,0.20003474,0.18830871
5j61_A3G_D_501,0.97440373,0.65746635,0.037980312,0.17986046,0.44407844,0.21299659,0.19771225
5j61_A3G_G_501,0,0.65799113,0.0436113,0.16016073,0.44505051,0.20003474,0.18830871
5j61_A3G_H_501,0,0.65799113,0.0436113,0.16016073,0.44505051,0.20003474,0.18830871
5jdv_EVF_B_302,0.9943729,0.98593701,0.039259052,0.20677374,0.99750222,0.26660072,0.20298526
5je1_TOF_A_302,0.0032439393,0.65798938,0.043592554,0.16022631,0.44504727,0.20007789,0.18834002
5je1_TOF_B_302,0.0033249225,0.65798933,0.043592086,0.16022795,0.44504719,0.20007897,0.1883408
5je5_AZ9_A_302,0.00041595415,0,0.050927053,0.13594324,0,0.13889767,0.18082113
5jeh_EVF_B_302,0.99037332,0.65654744,0.045517073,0.20193062,0.94396135,0.24760694,0.19988365
5jep_EVF_B_302,0.99295943,0.65644632,0.046338189,0.20436618,0.99872965,0.25141099,0.20012968
5jep_EVF_B_303,0.45918749,0.96962177,0.035335051,0.17477811,0.51415964,0.22539359,0.19571965
5jfx_6K4_A_4000,0.94136716,0.65748414,0.038171227,0.17919255,0.44411139,0.21255713,0.19739343
5jg5_EVF_B_301,0.992079,0.65645032,0.046313721,0.20426413,0.99679406,0.25126601,0.20011337
5jg5_EVF_B_302,0,0.65799113,0.0436113,0.16016073,0.44505051,0.20003474,0.18830871
5jj2_MLI_A_301,0.9768498,0.65658898,0.045308162,0.20083892,0.92516581,0.24613274,0.19967724
5jj2_MLI_A_302,0.88094184,0.65832529,0.031739887,0.15864234,7.2630691e-05,0.18118114,0.19501736
5jj2_MLI_A_303,0.99342226,0.93313281,0.033617593,0.18700276,0.55265081,0.23349647,0.20071882
5joy_6LW_A_602,0,0.65799113,0.0436113,0.16016073,0.44505051,0.20003474,0.18830871
5jp9_DCM_A_401,0,0.65799113,0.0436113,0.16016073,0.44505051,0.20003474,0.18830871
5jp9_DCM_B_401,0.9815708,0.65746249,0.037938894,0.18000535,0.44407129,0.21309193,0.19778142
5jtt_6MY_A_902,0,0,0.97382811,0.17968121,0.99699959,0.20755234,0.18468886
5jtu_6NE_A_902,0,0,0.066112154,0.17930183,0.99640524,0.20753032,0.18485
5kas_PC_A_517,0,0.65799113,0.0436113,0.16016073,0.44505051,0.20003474,0.18830871
5kcj_6RM_B_302,0,0.65799113,0.0436113,0.16016073,0.44505051,0.20003474,0.18830871
5kcj_GLU_A_302,0,0.65799113,0.0436113,0.16016073,0.44505051,0.20003474,0.18830871
5kcp_PFB_A_378,0,0.65799113,0.0436113,0.16016073,0.44505051,0.20003474,0.18830871
5kcp_PFB_A_379,0.98490993,0.65825043,0.031296717,0.16119368,0.010325126,0.18327497,0.1960624
5kcp_PFB_B_378,0,0.65799113,0.0436113,0.16016073,0.44505051,0.20003474,0.18830871
5kcp_PFB_B_379,0.91561617,0.6580489,0.033699846,0.16550161,0.14157073,0.19138295,0.19592323
5kf2_COA_A_401,0.91137968,0.93869756,0.032608707,0.18148767,0.46316492,0.22649319,0.19961249
5kjw_53C_A_800,0.94584594,0.98725683,0.035975326,0.19570144,0.7654594,0.25002863,0.20158888
5kjw_53C_B_800,0.99900078,0.99665836,0.023836505,0.16362714,0.0021873312,0.19859645,0.19909421
5kjz_PCG_A_401,0.9532402,0.65828635,0.031321772,0.16010313,0,0.18214147,0.195715
5kmj_6UF_A_901,0.00087032259,0.99438944,0.00090728579,0.16256844,0.44239858,0.21551283,0.19122649
5kts_CIZ_A_402,0,0.023160639,0.057225254,0.15550638,0.44627808,0.17067118,0.18282157
5kxb_NGA_A_307,0.98461004,0.6576586,0.036261252,0.17533456,0.33543723,0.20564733,0.19737178
5kxb_NGA_C_305,0,0.65799113,0.0436113,0.16016073,0.44505051,0.20003474,0.18830871
5kxb_NGA_D_301,0,0.65799113,0.0436113,0.16016073,0.44505051,0.20003474,0.18830871
5l1v_7PF_A_401,0,0.65799113,0.0436113,0.16016073,0.44505051,0.20003474,0.18830871
5l7u_NGA_B_601,0.96959322,0.65649731,0.046151379,0.20297634,0.9776628,0.24964904,0.19981908
5l9v_OGA_A_502,0.99676817,0,0.058885299,0.19529091,0.89997525,0.21421444,0.19408532
5l9v_OGA_B_502,0.99753535,0.84530028,0.027061756,0.16240333,0.00045241003,0.19144161,0.19776379
5la1_XYP_A_601,0.99594295,0.65646618,0.046140968,0.20391345,0.98693706,0.25063918,0.20011088
5la2_ARB_B_606,0,0,0.053969679,0.14461874,0.19952281,0.1526364,0.18162467
5lik_W8X_X_402,0.98541046,0.65746042,0.037916705,0.18008298,0.44406746,0.21314301,0.19781847
5lqs_NTM_A_302,0.04883897,0.65796482,0.043329064,0.16114812,0.44500179,0.20068441,0.18878004
5lu8_5KN_A_306,0,1.5998133e-06,0.050933075,0.13539485,3.5290489e-05,0,0.18069598
5lwy_OLB_A_402,0.7943107,0,0.053125158,0.17139754,0.44552962,0.18018016,0.19028955
5lwy_OLB_A_403,0,0,0.057722,0.15533656,0.44632287,0.16959977,0.18262135
5lwy_OLB_A_404,0,0,0.057722,0.15533656,0.44632287,0.16959977,0.18262135
5lwy_OLB_A_406,0,0,0.057722,0.15533656,0.44632287,0.16959977,0.18262135
5lwy_OLB_A_407,0,0,0.057722,0.15533656,0.44632287,0.16959977,0.18262135
5lwy_OLB_A_409,0,0.90933075,0.031444788,0.14265528,0,0.18104133,0.18868281
5m0e_7CR_A_922,0.89477815,0.65750923,0.038440461,0.17825065,0.44415787,0.21193739,0.19694382
5m0t_AKG_A_302,0.99488046,0.65745532,0.037861979,0.18027444,0.44405801,0.21326898,0.19790986
5m0t_AKG_B_302,0.99435051,0.66092061,0,0.16094603,0.00020001647,0.18279556,0.19613545
5m5a_KSA_A_404,0.9903893,0.98415248,0.030882493,0.18257866,0.44343075,0.22831907,0.20069008
5m62_BGC_A_409,0,0.65879152,0.036904136,0.14104134,0.005516375,0.16979343,0.1865352
5m66_ADN_A_502,0.98782215,0.65745912,0.037902768,0.18013174,0.44406505,0.21317509,0.19784175
5m66_ADN_B_502,0.99174247,0.65745701,0.037880113,0.180211,0.44406114,0.21322724,0.19787958
5m66_ADN_C_502,0.9892735,0.65745834,0.037894381,0.18016108,0.4440636,0.2131944,0.19785575
5m66_ADN_D_502,0.98273753,0.66041158,0,0.17996385,0.44197119,0.21310253,0.19781183
5m8d_UGI_B_501,0.98035145,0.99293074,0.039159637,0.20645422,0.99549744,0.26659932,0.20290224
5mdh_MAK_A_335,0,0.65799113,0.0436113,0.16016073,0.44505051,0.20003474,0.18830871
5mdh_MAK_B_335,0.48841866,0.65772808,0.040788774,0.17003519,0.44456326,0.20653185,0.19302222
5mot_HBD_A_401,0.001269066,0.92876472,0.045269476,0.18352306,0.93509195,0.24637369,0.1926479
5mot_HBD_A_402,0.94229475,0.90821287,0.026026826,0.16173259,6.188253e-05,0.19359226,0.19777296
5mzp_CFF_A_2401,0.045077042,0.98745026,0.030128724,0.14591134,0.040571855,0.18805983,0.18995806
5n5k_8NW_A_307,0,0.65799113,0.0436113,0.16016073,0.44505051,0.20003474,0.18830871
5n5k_HAE_A_306,0.26727682,0.96926924,0.041287501,0.18470342,0.83156046,0.24467583,0.19514801
5n63_8OW_A_401,0.98231541,0.65746209,0.037934591,0.18002041,0.44407054,0.21310184,0.1977886
5n8c_8Q8_A_403,0,0.65799113,0.0436113,0.16016073,0.44505051,0.20003474,0.18830871
5n8c_8Q8_B_403,0.78343251,0.6575692,0.039083917,0.17599955,0.44426895,0.21045623,0.19586927
5nh9_XLS_A_503,0.78732848,0.6575671,0.039061402,0.17607832,0.44426506,0.21050805,0.19590687
5nh9_XLS_B_503,0,0.65799113,0.0436113,0.16016073,0.44505051,0.20003474,0.18830871
5nh9_XLS_D_504,0.97576516,0.65746562,0.037972444,0.17988798,0.44407708,0.2130147,0.19772539
5nj0_8YW_A_301,0.98833615,0.6516351,0.037994133,0.17994193,0.44134607,0.2126986,0
5nnw_GCS_D_302,0,0.65880155,0.036820045,0.14080163,7.5903389e-06,0.16941428,0.18651296
5nov_93B_A_201,0.99570964,0.99266668,0.027930964,0.17492757,0.26403636,0.21640511,0.20008772
5nuk_Z80_A_201,0.97926673,0.65827228,0.031171654,0.16063013,0,0.18248898,0.19596625
5o3b_9HZ_C_501,0,0,0.057722,0.15533656,0.44632287,0.16959977,0.18262135
5o3b_9HZ_D_501,7.0236726e-05,0,0.057721593,0.15533798,0.4463228,0.1696007,0.18262203
5o3d_9J5_A_501,0.9679773,0,0.059766942,0.19675111,0.94692149,0.21706344,0.1939973
5o3f_9HT_A_501,0,0,0.063024524,0.17048249,0.79377123,0.1935717,0.18402985
5o3g_9J8_A_501,0,0,0.057722,0.15533656,0.44632287,0.16959977,0.18262135
5o4j_9KH_B_302,0,0.65799113,0.0436113,0.16016073,0.44505051,0.20003474,0.18830871
5o4j_9KH_C_302,0,0.65799113,0.0436113,0.16016073,0.44505051,0.20003474,0.18830871
5o4j_PJL_A_304,0.24224215,0.93433296,0.029510982,0.14774914,7.6158928e-05,0.18544426,0.19123868
5o4k_9KE_A_405,0.94895827,0.65748005,0.038127359,0.17934602,0.44410382,0.21265811,0.19746669
5o72_9MH_A_303,0.96568365,0.97380036,0.02448541,0.16268829,2.3224154e-10,0.19694081,0.1985659
5ocm_9RH_B_302,0.0016603815,0.65799023,0.043601705,0.1601943,0.44504885,0.20005682,0.18832474
5ocm_9RH_C_302,0.0016974413,0.65799021,0.043601491,0.16019505,0.44504882,0.20005732,0.18832509
5ocm_9RH_D_302,0.001855516,0.65799013,0.043600577,0.16019824,0.44504866,0.20005942,0.18832662
5ocm_9RH_E_302,0.9950276,0.65695623,0.042042133,0.19219574,0.71807757,0.23212227,0.19901683
5ocm_9RH_F_302,0.76143858,0.65758104,0.039211018,0.17555489,0.44429089,0.21016366,0.19565702
5oew_9TE_C_301,0.75081606,0.65758676,0.039272404,0.17534014,0.44430149,0.21002235,0.19555451
5oew_GLU_A_301,0,0,0.057722,0.15533656,0.44632287,0.16959977,0.18262135
5oew_GLU_B_902,0,0,0.057722,0.15533656,0.44632287,0.16959977,0.18262135
5oew_GLU_C_302,0,0,0.057722,0.15533656,0.44632287,0.16959977,0.18262135
5oip_9WE_A_302,0.93587628,0.65647941,0.046648661,0.2031568,0.99749967,0.25056416,0.19957367
5oo4_URI_A_201,0.52541387,0.65770816,0.040574993,0.17078309,0.44452635,0.20702395,0.19337923
5ooa_URI_A_201,0.51647285,0.62829137,0,0.16814247,0.39310774,0,0.19282941
5r0i_SYV_A_2501,0.99776035,0.99338809,0.023880437,0.16348272,1.4983411e-06,0.19827771,0.1990451
5r0j_RBJ_B_401,0,0.94617903,0.045090665,0.1841602,0.94736451,0.24800932,0.19283595
5r28_RDJ_A_401,0.9852464,0.97562402,0.031095173,0.18241213,0.44345238,0.22785604,0.20056671
5r9o_54F_A_401,0.99296671,0.98521549,0.036378308,0.19844417,0.80689795,0.25341854,0.20219398
5r9u_JMM_A_401,0.98952802,4.6928444e-07,0.059664511,0.19725056,0.94836922,0.21745132,0.19421127
5sga_TYR_P_1,0,0.65799113,0.0436113,0.16016073,0.44505051,0.20003474,0.18830871
5syi_NIZ_A_805,0.0015552842,0.98768055,0.029881917,0.14362273,0.0082002149,0.18525867,0.18940874
5syi_NIZ_B_805,0.95171259,0.86008703,0.027124456,0.16191272,0.0079905635,0.19203362,0.19747971
5t6b_TMP_A_504,0,0.65799113,0.0436113,0.16016073,0.44505051,0.20003474,0.18830871
5t6b_TMP_C_503,0.98733835,0.65745938,0.037905564,0.18012196,0.44406553,0.21316865,0.19783708
5t6b_TMP_D_503,0,0.65799113,0.0436113,0.16016073,0.44505051,0.20003474,0.18830871
5tch_MLI_A_301,0.99560524,0.65745493,0.03785779,0.18028909,0.44405728,0.21327862,0.19791686
5tch_MLI_B_501,0.99862595,0.65817245,0.031809219,0.16315787,0.049081611,0.18612558,0.19635124
5tch_MLI_C_301,0.99645158,0.65745447,0.037852899,0.1803062,0.44405644,0.21328988,0.19792503
5tch_MLI_E_301,0.99810456,0.65785465,0.034478811,0.17074866,0.22376891,0.19814176,0.19705131
5tch_MLI_F_501,0.99787196,0.65787471,0.034313027,0.17026755,0.21282054,0.19738511,0.19700488
5tch_MLI_G_301,0.99705808,0.65792176,0.033926926,0.16913707,0.18721962,0.19561222,0.19689368
5tde_2HP_A_502,0.99540916,0.97430035,0.028091199,0.17411438,0.24861088,0.21448719,0.19986352
5tde_2HP_B_901,0.9961562,0.94388161,0.039709798,0.20524198,0.96861979,0.26268562,0.2025218
5tde_FLC_A_501,0.98575395,0.6569494,0.042194949,0.19229111,0.72458447,0.23244629,0.19895357
5tdt_MBN_A_502,0,0.65799113,0.0436113,0.16016073,0.44505051,0.20003474,0.18830871
5tdt_MBN_A_504,0.99857112,0.098557181,0.04304978,0.15688599,5.042636e-06,0.15681166,0.19131267
5tdt_MBN_D_501,0.088836549,0.99120345,0.044376968,0.18847485,0.99751706,0.25473883,0.19428628
5thu_GGG_B_405,0,0.97810953,0.029971041,0.14316362,5.5683206e-07,0.1842294,0.18927775
5tix_OQR_A_302,0,0.65799113,0.0436113,0.16016073,0.44505051,0.20003474,0.18830871
5tix_OQR_B_302,0,0.65799113,0.0436113,0.16016073,0.44505051,0.20003474,0.18830871
5tlg_7EG_A_601,0.98490613,0.65746069,0.037919619,0.18007278,0.44406796,0.2131363,0.19781361
5tlg_7EG_B_601,0.9922672,0.65745673,0.03787708,0.18022161,0.44406061,0.21323422,0.19788464
5tm5_7EV_A_601,0,0.65799113,0.0436113,0.16016073,0.44505051,0.20003474,0.18830871
5tm5_7EV_B_601,0,0.65799113,0.0436113,0.16016073,0.44505051,0.20003474,0.18830871
5tvr_AKG_A_402,0.99076666,0.65826509,0.03111348,0.16088623,0.00053428109,0.1826793,0.19607942
5tvr_AKG_B_402,0.99751272,0.65826142,0.031074816,0.16102353,0.00055039333,0.18277048,0.19614461
5tzr_MLI_A_2403,0.97586197,0.93019761,0.025362548,0.16257683,0.00010712918,0.1950632,0.19828746
5u5g_7VD_A_302,0.88365286,0.65751522,0.038504753,0.17802573,0.44416897,0.21178939,0.19683645
5u5g_7VD_B_302,0.86719422,0.65752409,0.038599866,0.17769298,0.44418539,0.21157046,0.19667762
5u5g_7VD_C_302,0,0.65799113,0.0436113,0.16016073,0.44505051,0.20003474,0.18830871
5u5x_TP5_A_302,0.99792246,0.98966674,0.036213123,0.19845981,0.8041954,0.25350496,0.2022694
5u5z_7VP_A_302,0.00020115681,0.65799102,0.043610138,0.1601648,0.44505031,0.20003741,0.18831065
5u8z_83D_B_602,3.3227494e-07,0.65799113,0.043611298,0.16016074,0.44505051,0.20003474,0.18830872
5u8z_83D_C_602,2.5714219e-07,0.65799113,0.043611299,0.16016073,0.44505051,0.20003474,0.18830872
5u8z_83D_D_602,0,0.65799113,0.0436113,0.16016073,0.44505051,0.20003474,0.18830871
5uap_82S_A_505,0.042905437,0.65796802,0.043363354,0.16102816,0.44500771,0.20060548,0.18872277
5uap_82S_B_505,0.99603508,0.65820938,0.031526265,0.16225622,0.029566402,0.18474783,0.19624746
5ud0_13P_B_405,0.99341643,0.7669521,0.04243697,0.20079459,0.8977546,0.24956636,0.20067809
5ud0_G3H_B_406,0,0.65799113,0.0436113,0.16016073,0.44505051,0.20003474,0.18830871
5ud3_P6F_A_404,0,0.65799113,0.0436113,0.16016073,0.44505051,0.20003474,0.18830871
5ud3_P6F_B_404,0,0.65799113,0.0436113,0.16016073,0.44505051,0.20003474,0.18830871
5uda_CAE_A_502,0.47926931,0.9961013,0.029236983,0.1599143,0.15880663,0.20241067,0.19470435
5uda_CAE_B_502,0.50867144,0.9871517,0.027628056,0.15578529,0.051776905,0.19501612,0.19447767
5uim_TYD_B_403,0,0.65799113,0.0436113,0.16016073,0.44505051,0.20003474,0.18830871
5uio_8DM_A_202,0.98649564,0.96228972,0.03877376,0.20347601,0.92941387,0.26070898,0.20242906
5uio_8DM_D_202,0,0.65799113,0.0436113,0.16016073,0.44505051,0.20003474,0.18830871
5uio_8DM_E_202,0.98849882,0.97354823,0.039245021,0.20566798,0.97693308,0.26453102,0.20273812
5uio_LG3_A_201,0.9922251,0,0.051979787,0.17539938,0.44533197,0.18281642,0.19220019
5uio_LG3_B_201,0.99814409,0.32725675,0.044926591,0.17791871,0.44469325,0.19803423,0.19508634
5uio_LG3_C_201,0.9928667,0.99352153,0.039051226,0.20664502,0.99395769,0.26668797,0.20302198
5uio_LG3_E_201,0.99610047,0.99514181,0.038961957,0.20662003,0.99160355,0.26664414,0.20305769
5uj3_CE4_A_302,0,0.97415116,0.030057849,0.14314005,0.0001311768,0.18405492,0.18924404
5unr_8EV_A_803,0,0.65799113,0.0436113,0.16016073,0.44505051,0.20003474,0.18830871
5unr_8EV_B_803,0.65032883,0.65764088,0.03985311,0.17330856,0.44440174,0.20868564,0.19458475
5unt_8J1_A_803,0.99376867,0.65745592,0.037868404,0.18025196,0.44405912,0.21325419,0.19789913
5unx_8F1_A_803,0.52541387,0.65770816,0.040574993,0.17078309,0.44452635,0.20702395,0.19337923
5unx_8F1_B_803,0.52541387,0.65770816,0.040574993,0.17078309,0.44452635,0.20702395,0.19337923
5uo3_8EY_A_803,0.99177634,0.65745699,0.037879917,0.18021168,0.4440611,0.21322769,0.19787991
5uo5_M4R_A_803,0.52541387,0.65770816,0.040574993,0.17078309,0.44452635,0.20702395,0.19337923
5uo5_M4R_B_803,0.52541387,0.65770816,0.040574993,0.17078309,0.44452635,0.20702395,0.19337923
5urz_BOG_B_201,0.69756857,0.65761544,0.039580116,0.17426362,0.44435461,0.20931404,0.19504064
5v31_ARG_A_401,0,0.65799113,0.0436113,0.16016073,0.44505051,0.20003474,0.18830871
5v7y_AKG_B_302,0,0.89361154,0.031786852,0.14255408,0.00034394334,0.18033641,0.18854823
5ve5_GSH_B_402,0,0.48849352,0.047244882,0.15891848,0.44537827,0.19219758,0.18684419
5ved_STU_A_601,0,0.89515545,0.038522873,0.16190037,0.44459191,0.21100985,0.19035962
5vjg_0BP_A_403,0.99877021,0.77175123,0.043645061,0.20477126,0.98581697,0.25592664,0.20112773
5vka_AKG_A_402,0.99425499,0.65649686,0.045901184,0.20316799,0.97059111,0.24949161,0.20002861
5vl0_BNF_A_404,0,0.98251589,0.0410444,0.1750952,0.73291573,0.23492112,0.19228229
5vl0_BNF_D_404,0,0.98820202,0.043077911,0.18129365,0.87436639,0.24492863,0.19290399
5vrj_R07_A_204,0,0.65232631,0.043702914,0.15996648,0.44240602,0.19956492,0
5vut_9OG_A_803,0.52541387,0.65770816,0.040574993,0.17078309,0.44452635,0.20702395,0.19337923
5vut_9OG_B_803,0.52541387,0.65770816,0.040574993,0.17078309,0.44452635,0.20702395,0.19337923
5vuu_9OJ_A_805,0.0001329821,0.65799105,0.043610532,0.16016342,0.44505038,0.20003651,0.18831
5vuu_9OJ_B_803,0.69973667,0.65761427,0.039567587,0.17430745,0.44435245,0.20934288,0.19506156
5vv0_9OM_A_803,4.6152954e-10,0.65428744,0.043331138,1.3022585e-42,0.42023121,0.19810691,0.18814451
5vv0_9OM_B_803,0.7012228,0.65761347,0.039558999,0.1743375,0.44435096,0.20936265,0.1950759
5vv5_9OJ_B_803,0,0.65799113,0.0436113,0.16016073,0.44505051,0.20003474,0.18830871
5vyr_B62_A_301,0.98878633,0.65645548,0.046304393,0.20411673,0.99493885,0.25109436,0.2000741
5vyr_B62_B_301,0.97738831,0.6564663,0.046331061,0.20377455,0.99237914,0.250766,0.19995373
5vyr_GMP_B_302,0,0.65799113,0.0436113,0.16016073,0.44505051,0.20003474,0.18830871
5vyr_GMP_B_303,0.99858409,0.65826119,0.031065696,0.16103685,0.00035778169,0.18277153,0.19615417
5vys_1YJ_A_301,0.99314773,0.65645815,0.046237091,0.2040849,0.99217786,0.25096256,0.20010505
5vys_1YJ_B_301,0.98921784,0.65653746,0.045612671,0.20216074,0.94978735,0.2479925,0.19989601
5vys_GMP_B_303,0.97877942,0.65746399,0.037955025,0.17994892,0.44407407,0.2130548,0.19775448
5w3k_9TY_A_401,0.99604281,0.9492589,0.039751896,0.20572691,0.97890133,0.26364161,0.20260884
5w5t_9X7_D_508,0,0,0.057722,0.15533656,0.44632287,0.16959977,0.18262135
5w7b_MYR_B_208,0.98258875,0.7064787,0.036883131,0.18038486,0.44397548,0.21536992,0.1982144
5w8q_BU4_A_400,0.99492649,0.97220017,0.035911348,0.19628961,0.75869276,0.2495208,0.20190522
5w8q_BU4_B_400,0.025831113,0.995276,0.041017995,0.17684435,0.75891852,0.23764916,0.19274736
5wct_GY4_A_303,0,0.65428744,0.043331138,0,0.42023121,0.19810691,0.18814451
5wcz_NOJ_A_601,0,0.65880156,0.036819929,0.1408013,0,0.16941376,0.18651293
5wgk_AGJ_A_816,0.9639104,0.65710324,0.041130252,0.18845463,0.64658277,0.22678604,0.19842786
5wgr_PM7_A_711,0,0.65799113,0.0436113,0.16016073,0.44505051,0.20003474,0.18830871
5wgr_PM7_A_712,0,0.65799113,0.0436113,0.16016073,0.44505051,0.20003474,0.18830871
5wgv_PM7_A_712,0,0.65799113,0.0436113,0.16016073,0.44505051,0.20003474,0.18830871
5wgv_PM7_A_713,0,0,0.050929896,0.13593607,2.8890057e-05,0.1388941,0.18081723
5wgw_MB5_A_715,0.54284463,0.65769877,0.040474252,0.17113553,0.44450896,0.20725585,0.19354747
5x0j_SEP_A_302,0,0.65799113,0.0436113,0.16016073,0.44505051,0.20003474,0.18830871
5x23_LSN_A_502,0,0.65799113,0.0436113,0.16016073,0.44505051,0.20003474,0.18830871
5x23_LSN_A_503,0,0.65799113,0.0436113,0.16016073,0.44505051,0.20003474,0.18830871
5x23_LSN_A_504,0.05913547,0.65795928,0.043269562,0.16135628,0.44499151,0.20082138,0.1888794
5x2m_GLN_A_951,0.93053849,0.65748997,0.038233805,0.17897362,0.4441222,0.21241308,0.19728893
5x2m_GLN_B_951,0.99257231,0.65826348,0.031108379,0.16093794,0.00088236842,0.18272737,0.19609825
5x2m_GLN_D_951,0,0.65799113,0.0436113,0.16016073,0.44505051,0.20003474,0.18830871
5x5d_UMP_A_401,0.96627977,0.65747072,0.038027259,0.17969621,0.44408654,0.21288853,0.19763385
5x5d_UMP_C_401,0.73875451,0.65759326,0.039342107,0.17509629,0.44431352,0.20986191,0.19543811
5x5d_UMP_E_401,0.96373128,0.6604265,0,0.17957949,0.44198682,0.21284969,0.19762845
5x86_TMP_A_205,0.52541387,0.65770816,0.040574993,0.17078309,0.44452635,0.20702395,0.19337923
5x86_TMP_B_207,0.99407495,0,0.051969081,0.17543678,0.44533012,0.18284106,0.19221805
5xdt_MB3_A_404,0.38395684,0.99568175,0.027411725,0.15098603,2.3614621e-05,0.19002273,0
5xdt_ZI7_A_403,0.76888049,0.9912725,0.032011702,0.17815195,0.4436382,0.2256979,0.19861321
5xh2_NPO_A_305,0.99645798,0.96943591,0.025980455,0.16779023,0.10364469,0.20428962,0.19924483
5xin_XLS_A_397,0.99144466,0.65825872,0.031159925,0.16104351,0.0038330375,0.18291539,0.19609928
5xin_XLS_B_397,0.98670937,0.6582271,0.031473782,0.16176445,0.022604521,0.18414415,0.19612933
5xin_XLS_C_397,0.95556714,0.65747649,0.038089167,0.17947963,0.44409723,0.21274602,0.19753047
5xin_XLS_D_397,0.95246752,0.65747816,0.038107079,0.17941697,0.44410032,0.21270479,0.19750055
5xj7_87O_A_309,0.94204549,0,0.052270187,0.17438475,0.44538208,0.18214802,0.19171576
5xmq_PLG_B_501,2.7062575e-05,0.65799111,0.043611144,0.16016128,0.44505048,0.2000351,0.18830897
5xmq_PLG_C_501,0.99155092,0.65663209,0.044795363,0.19991653,0.89712726,0.24439923,0.19970598
5xoi_SIN_A_401,0.99751015,0.92729051,0.039044204,0.20225251,0.90212068,0.25735385,0.20212221
5xrv_F6R_A_702,0,0.65799113,0.0436113,0.16016073,0.44505051,0.20003474,0.18830871
5xsm_8EO_A_705,0.96814297,0.65746972,0.038016492,0.17973388,0.44408468,0.21291331,0.19765183
5xvt_8FL_A_709,0.43280237,0.65775803,0.041110176,0.16891079,0.44461874,0.20579202,0.1924855
5xvv_AKG_A_508,0,0.65799113,0.0436113,0.16016073,0.44505051,0.20003474,0.18830871
5xvv_AKG_B_506,0,0.65799113,0.0436113,0.16016073,0.44505051,0.20003474,0.18830871
5xvv_AKG_C_504,0.98379346,0.65766148,0.036245534,0.1752598,0.33409901,0.20554432,0.1973585
5xz7_F6P_A_407,0,0.97935305,0.030083925,0.14357136,0.0091575623,0.18491783,0.18932557
5y1g_AKB_A_401,0.9331461,0,0.058528749,0.19193435,0.85245806,0.21009056,0.19327861
5y7a_KYN_A_502,0.9182321,0.65694671,0.042912895,0.19186027,0.74610367,0.23302583,0.19838861
5y7r_58K_B_403,0,0.65799113,0.0436113,0.16016073,0.44505051,0.20003474,0.18830871
5y8k_SER_A_301,0,0.65880153,0.036820185,0.14080203,1.675565e-05,0.16941491,0.186513
5y8k_SER_B_301,0,0.0027195521,0.050871277,0.13595518,6.20462e-06,0.13901859,0.18084066
5y8p_3OH_B_301,0.41505808,0.8388111,0.03056359,0.15055448,0.00034065989,0.1833454,0.19208233
5yaq_ISE_B_402,0.97140153,0.65746797,0.037997661,0.17979976,0.44408143,0.21295666,0.19768328
5yaq_ISE_C_402,0.8109495,0.65755438,0.038924899,0.17655587,0.4442415,0.21082227,0.19613483
5yaq_ISE_D_402,0,0.65799113,0.0436113,0.16016073,0.44505051,0.20003474,0.18830871
5yb7_ORN_A_602,0.98493186,0.65746068,0.037919471,0.1800733,0.44406793,0.21313664,0.19781385
5yb7_ORN_A_603,0.98024333,0.6574632,0.037946565,0.17997852,0.44407261,0.21307427,0.19776861
5yb7_ORN_B_602,0,0.65799113,0.0436113,0.16016073,0.44505051,0.20003474,0.18830871
5yb7_ORN_B_603,0,0.65799113,0.0436113,0.16016073,0.44505051,0.20003474,0.18830871
5yb7_ORN_C_602,0.985926,0.65746014,0.037913726,0.1800934,0.44406694,0.21314987,0.19782345
5yb7_ORN_C_603,0,0.65799113,0.0436113,0.16016073,0.44505051,0.20003474,0.18830871
5yb7_ORN_D_602,0.99589612,0,0.045542727,0.15714788,0.024002727,0.15386068,0.19053145
5yb7_ORN_D_603,0.9779181,0.65746446,0.037960003,0.17993151,0.44407493,0.21304334,0.19774617
5ybl_AKG_C_302,0.9948874,0.65826274,0.031090726,0.16097256,0.00060066452,0.18273889,0.19611946
5ybp_8SX_B_303,0,0.65799113,0.0436113,0.16016073,0.44505051,0.20003474,0.18830871
5ybp_AKG_A_302,0.99764391,0.39162652,0.051880003,0.20217711,0.99128515,0.23866875,0.19785091
5ybp_AKG_B_302,0,0.65799113,0.0436113,0.16016073,0.44505051,0.20003474,0.18830871
5ybq_8T0_B_303,0,0.65799113,0.0436113,0.16016073,0.44505051,0.20003474,0.18830871
5ybq_AKG_A_302,0.99649565,0.65826253,0.031075948,0.16098944,0.00024023266,0.18273555,0.19613353
5ybq_AKG_B_302,0,0.65799113,0.0436113,0.16016073,0.44505051,0.20003474,0.18830871
5yfj_RUB_B_401,0,0.65799113,0.0436113,0.16016073,0.44505051,0.20003474,0.18830871
5yfj_RUB_C_401,0,0.65799113,0.0436113,0.16016073,0.44505051,0.20003474,0.18830871
5ykt_PMP_A_501,0.99034576,0.6579908,0.033417263,0.16743795,0.1512955,0.19305006,0.19668388
5ykt_PMP_B_501,0.99295307,0.65804219,0.032959624,0.16622907,0.12230085,0.19108927,0.19659202
5ylf_BGC_A_401,0,0.95010361,0.03087272,0.14381807,0.0197927,0.18429467,0.1891156
5ysh_5AD_D_605,0.21274926,0.98677077,0.035326701,0.16687395,0.44420229,0.21808186,0.19320546
5ysh_5AD_G_605,0.99857816,0.98270107,0.030866232,0.1827336,0.44342538,0.22836101,0.20075659
5ysh_5AD_J_605,0.21831849,0.98087692,0.029790567,0.15086121,0.074807582,0.19242974,0.19171272
5z54_0HZ_A_303,0.19287987,0.9839039,0.043837227,0.19025607,0.99127067,0.25536126,0.19520258
5z54_0HZ_B_303,0,0,0.057722,0.15533656,0.44632287,0.16959977,0.18262135
5z54_0HZ_C_303,0.9675157,0.97021343,0.030189008,0.17880101,0.36996428,0.22228434,0.20004997
5z9b_AX7_A_304,0.99593375,0,0.046062674,0.15863441,0.058139927,0.15621276,0.19066998
5z9b_HX3_A_303,0.97892104,0.99146747,0.024042676,0.16312204,0.00080650781,0.19799226,0.19884982
5z9b_HX3_B_303,0.97160376,0.98667353,0.024182327,0.16292318,0.00045624252,0.19764809,0.19873627
5z9p_AX7_A_301,0.99849684,0,0.048908993,0.16685867,0.24590882,0.16918164,0.19145471
5z9p_AX7_B_301,0.99588736,0,0.059902157,0.19736894,0.96607933,0,0.19416939
5zg2_9C0_A_902,0.99541605,0.65745503,0.037858884,0.18028527,0.44405747,0.21327611,0.19791503
5zg2_ZK1_A_901,0.52541387,0.65770816,0.040574993,0.17078309,0.44452635,0.20702395,0.19337923
5zg2_ZK1_B_901,0.52541387,0.65770816,0.040574993,0.17078309,0.44452635,0.20702395,0.19337923
5zge_ZZ7_A_301,0.37748873,0.65778782,0.041429828,0.1677925,0.44467392,0.20505622,0.19195169
5zge_ZZ7_B_302,0,0.65799113,0.0436113,0.16016073,0.44505051,0.20003474,0.18830871
5zgr_ZZ7_A_303,0.53211402,0.65770455,0.040536263,0.17091859,0.44451967,0.2071131,0.19344391
5zgr_ZZ7_B_303,0.99201471,0.65826539,0.031098126,0.16088826,0,0.18265919,0.19608931
5zi4_OAA_A_401,0.99549711,0.65825647,0.031137063,0.16112702,0.0038665598,0.18297181,0.19613853
5zi4_OAA_B_401,0.46207415,0.65774227,0.040941017,0.16950258,0.44458954,0.20618141,0.19276799
5zpt_HY1_A_702,0.0056048982,0.98585529,0.038162093,0.16729739,0.5505773,0.22259031,0.1916273
5zpt_HY1_B_703,0.98684521,0.99297244,0.038367961,0.20443443,0.94606189,0.26328267,0.20276522
6a1f_9OF_A_807,0.97926501,0.99073044,0.039260192,0.20655058,0.99859068,0.26669589,0.20288524
6a1l_BEZ_A_403,0.99315221,0.65652837,0.045648348,0.2024068,0.9536112,0.24830821,0.19994943
6a1l_BEZ_A_404,0.98537155,0.65721186,0.039998587,0.18601613,0.58055684,0.22252825,0.19836853
6a2m_9QR_A_701,0,0.65799113,0.0436113,0.16016073,0.44505051,0.20003474,0.18830871
6a2m_9QR_B_701,0.52541387,0.65770816,0.040574993,0.17078309,0.44452635,0.20702395,0.19337923
6a2m_UMP_A_703,0.9910418,0.65745739,0.037884162,0.18019683,0.44406184,0.21321792,0.19787282
6a2m_UMP_B_703,0.97735796,0.65746476,0.03796324,0.17992018,0.44407549,0.21303589,0.19774076
6a2n_UMP_A_703,0.98025962,0.65746319,0.037946471,0.17997885,0.44407259,0.21307449,0.19776876
6a2n_UMP_B_703,0.97628209,0.65746534,0.037969457,0.17989843,0.44407656,0.21302158,0.19773038
6a3j_SOE_A_402,0.0089691686,0.6579863,0.043559468,0.16034206,0.44504156,0.20015405,0.18839527
6a3j_SOE_B_401,0,0,0.057391584,1.3061439e-51,0.42184442,0.16781562,0.18248147
6a3j_SOE_C_402,0.99701948,0.65647222,0.046079256,0.20377703,0.98330113,0.2504033,0.2001066
6a3j_SOE_D_401,0,0.65799113,0.0436113,0.16016073,0.44505051,0.20003474,0.18830871
6a6s_FSA_A_502,0,0.96672292,0.030215084,0.14307963,4.2923524e-06,0.18370187,0.18917927
6a7e_9QR_A_201,0,0.65799113,0.0436113,0.16016073,0.44505051,0.20003474,0.18830871
6abm_9VR_A_505,0,0.65799113,0.0436113,0.16016073,0.44505051,0.20003474,0.18830871
6acn_TRC_A_899,0.93096665,0.65748974,0.038231331,0.17898228,0.44412177,0.21241878,0.19729306
6ald_2FP_A_700,0,0.65799113,0.0436113,0.16016073,0.44505051,0.20003474,0.18830871
6ald_2FP_B_700,0,0.65799113,0.0436113,0.16016073,0.44505051,0.20003474,0.18830871
6auq_BYJ_A_803,0.81040098,0.65755467,0.038928068,0.17654478,0.44424205,0.21081497,0.19612953
6av2_BY7_A_803,0.43517616,0.65775676,0.041096458,0.16895878,0.44461637,0.2058236,0.19250841
6ayv_F6P_A_401,0,0.65799113,0.0436113,0.16016073,0.44505051,0.20003474,0.18830871
6ayv_F6P_B_401,0.97666965,0.65676968,0.043795124,0.19651925,0.82597896,0.23930364,0.19927514
6ayv_MLI_A_409,0,0.65799113,0.0436113,0.16016073,0.44505051,0.20003474,0.18830871
6b5k_TYD_A_304,0.94791251,0.65748062,0.038133402,0.17932488,0.44410486,0.2126442,0.1974566
6b5k_TYD_B_304,0.97336789,0.65746691,0.037986298,0.17983951,0.44407947,0.21298281,0.19770225
6b6r_BEN_A_302,0.99817632,0.6564506,0.046248612,0.20430224,0.9948327,0.25121243,0.20016431
6b9p_D0J_A_1001,0.83438537,0.20965552,0.041651818,0.15429854,2.260473e-08,0.15961111,0
6ba2_7KM_A_809,0.99141067,0.65745719,0.03788203,0.18020429,0.44406147,0.21322283,0.19787638
6bds_DJ4_A_302,0.86628976,0.65752457,0.038605092,0.17767469,0.44418629,0.21155842,0.19666889
6bmm_OLB_A_404,0,0.65799113,0.0436113,0.16016073,0.44505051,0.20003474,0.18830871
6btq_E8S_A_305,0,0.65799113,0.0436113,0.16016073,0.44505051,0.20003474,0.18830871
6bvl_EBY_B_2001,0,0.65799113,0.0436113,0.16016073,0.44505051,0.20003474,0.18830871
6bxk_MTA_A_401,0.95733431,0.6582773,0.031355491,0.16034946,0.0037558768,0.18245464,0.19576968
6c1i_EEY_B_501,0.99469493,0.65826394,0.031082667,0.16094253,3.5019191e-10,0.18269498,0.19611518
6c1x_DNX_A_203,0,0.9296904,0.045884221,0.18529584,0.97625687,0.24923531,0.19281026
6c6w_TFX_A_502,0,0.92190229,0.031175412,0.1427482,5.8058256e-09,0.18162405,0.18879155
6cdy_EY1_A_501,0,0,0.057722,0.15533656,0.44632287,0.16959977,0.18262135
6cdy_EY1_B_501,0,0,0.057722,0.15533656,0.44632287,0.16959977,0.18262135
6cgc_F0A_A_402,0.72459197,0.65760089,0.039423951,0.17480996,0.44432765,0.20967351,0.19530143
6cgn_DA_A_801,0,0.9779484,0.032716705,0.15099513,0.17996551,0.19661897,0.19000475
6cqu_HI6_B_601,0.52541387,0.65770816,0.040574993,0.17078309,0.44452635,0.20702395,0.19337923
6cut_FEJ_C_401,0.95382874,0.65747743,0.038099213,0.17944449,0.44409896,0.2127229,0.19751369
6cut_FEJ_D_401,0,0.65799113,0.0436113,0.16016073,0.44505051,0.20003474,0.18830871
6cwr_6LA_A_201,0.97222635,0,0.060403178,0.19872457,0.9902869,0.22010751,0.19421385
6dl7_ONC_C_301,0.52541387,0.65770816,0.040574993,0.17078309,0.44452635,0.20702395,0.19337923
6dl7_ONC_E_301,0.86878442,0.65752323,0.038590676,0.17772513,0.4441838,0.21159161,0.19669297
6dl7_ONC_G_301,2.3043627e-07,0.65799113,0.043611299,0.16016073,0.44505051,0.20003474,0.18830872
6dmi_5T5_A_504,0.98771329,0.65745918,0.037903397,0.18012954,0.44406516,0.21317364,0.1978407
6dqt_LEU_B_1,0.99303874,0.65826484,0.031092219,0.16090899,0,0.18267286,0.19609919
6dyt_F0G_A_503,0.99150775,0.65669733,0.04424884,0.19835703,0.86130837,0.24193336,0.19956098
6dyt_PP3_B_1501,0.97243767,0.65746741,0.037991673,0.17982071,0.4440804,0.21297044,0.19769328
6e40_BBJ_A_502,0.96757395,0.86917614,0.026716348,0.1619534,1.5178846e-06,0.19211666,0.19767916
6e40_BBJ_B_502,0,0.91643021,0.038066576,0.16205637,0.44455077,0.21199402,0.19054353
6e43_BEZ_B_502,0.99747155,0.6564661,0.04612594,0.20392669,0.98653016,0.25063158,0.200124
6e43_BEZ_C_502,0.99858528,0.6564612,0.046155502,0.20405183,0.9888876,0.25080871,0.20014427
6ezf_C6Z_A_1003,0.99549646,0,0.059911785,0.19817617,0.96685908,0.21880479,0.19434374
6f2b_AKG_B_402,0,0.65799113,0.0436113,0.16016073,0.44505051,0.20003474,0.18830871
6f2b_AKG_C_402,0.71480457,0.65760616,0.039480511,0.17461208,0.44433741,0.20954332,0.19520697
6f2v_AMP_A_1001,0,0.65799113,0.0436113,0.16016073,0.44505051,0.20003474,0.18830871
6f2v_AMP_B_1001,0,0.65799113,0.0436113,0.16016073,0.44505051,0.20003474,0.18830871
6f3s_CKW_A_902,0.99020573,0.65745784,0.037888994,0.18017993,0.44406267,0.2132068,0.19786475
6f3s_PLP_A_901,0,0.95540007,0.030832655,0.1439075,0.022631377,0.18459969,0.021723768
6f48_XQB_A_302,0,0.65799113,0.0436113,0.16016073,0.44505051,0.20003474,0.18830871
6f66_CUT_B_300,0.99767746,0.98783084,0.038802287,0.20572041,0.97144165,0.26493748,0.20292808
6f6a_CU5_A_301,0.01624386,0.65798238,0.043517429,0.16048913,0.4450343,0.20025082,0.18846548
6f6a_CU5_B_301,0.90033323,0.65750624,0.038408358,0.17836296,0.44415233,0.21201128,0.19699743
6f76_CVK_A_203,0,0.96674668,0.036987398,0.16242532,0.44445347,0.21432167,0.1909785
6f76_CVK_B_203,0.48931418,0.99226554,0.033608311,0.17250639,0.44391547,0.22201995,0.19592289
6f76_CVK_C_203,0.52532803,0.80154271,0.037490341,0.17183659,0.44424831,0.21367711,0.19462207
6f76_CVK_F_203,0,0.97452173,0.03682064,0.16248234,0.44443844,0.21468135,0.19104571
6f77_PLP_C_600,0,0.65799113,0.0436113,0.16016073,0.44505051,0.20003474,0.18830871
6f77_PLP_D_600,0,0.65799113,0.0436113,0.16016073,0.44505051,0.20003474,0.18830871
6f77_PLP_E_600,0.96609486,0.65747082,0.038028328,0.17969247,0.44408672,0.21288607,0.19763207
6f7r_CIT_A_1002,0.89067245,0.65751144,0.038464187,0.17816764,0.44416197,0.21188277,0.1969042
6fa1_D2Z_A_203,0.52534724,0.7693485,0.038180758,0.17160079,0.44431054,0.21218798,0.19434389
6fa1_D2Z_B_203,0.13906551,0.98597812,0.035770125,0.16537825,0.44427741,0.21706371,0.19248727
6fa1_D2Z_F_203,0.52580638,0,0.054679746,0.16596594,0.44579775,0.17660201,0.18769627
6fgv_D9T_A_1901,0.93222785,0.8918838,0.026771968,0.16237092,0.022185131,0.19422476,0.19762404
6fld_DQ5_A_604,0,0.65799113,0.0436113,0.16016073,0.44505051,0.20003474,0.18830871
6fld_NAG_A_601,0,0.65799113,0.0436113,0.16016073,0.44505051,0.20003474,0.18830871
6fld_NAG_A_602,0.60495081,0.65766532,0.040115346,0.17239115,0.444447,0.208082,0.19414682
6fld_NAG_A_603,0,0.65799113,0.0436113,0.16016073,0.44505051,0.20003474,0.18830871
6flu_DTK_A_401,0.15435641,0,0.056828707,0.15845765,0.44616872,0.17165583,0.18411149
6flu_DTK_A_402,0,0.94189285,0.037520458,0.16224308,0.44450153,0.21317193,0.19076365
6flu_DTK_A_404,0.78265699,0.95702323,0.028728729,0.16693157,0.1855054,0.20649479,0.19740415
6flu_DTK_A_405,0,0.97813573,0.045161723,0.18655524,0.99696657,0.25290745,0.19331314
6flu_DTK_A_406,0.98205729,0.99025352,0.039193192,0.20642911,0.99458142,0.26643494,0.20289185
6flu_DTK_B_401,0,0.95374834,0.037266184,0.16233001,0.44447861,0.21372037,0.19086613
6flu_DTK_B_402,0.080564702,0.95812533,0.036706062,0.16399113,0.44438969,0.21499599,0.19168174
6flu_DTK_B_403,0.93482349,0.97592084,0.039482326,0.20453598,0.97549626,0.26382438,0.2022345
6flu_DTK_B_404,0.99150481,0.97802153,0.039381724,0.20647577,0.99333461,0.26590839,0.20287223
6flu_DTK_B_405,0,0.97971491,0.033579445,0.15358059,0.23906928,0.20077226,0.19025925
6flu_DTK_B_406,0.11624599,0,0.05704926,0.15768705,0.44620678,0.17114819,0.18374358
6fs7_E4Z_A_903,0,0.65799113,0.0436113,0.16016073,0.44505051,0.20003474,0.18830871
6fs7_E4Z_C_903,0.62171293,0.65765629,0.040018479,0.17273003,0.44443028,0.20830498,0.19430859
6fs7_E4Z_D_903,0.59360106,0.65380894,0.039889817,0,0.41862019,0.20592282,0.19386563
6fs7_E4Z_E_903,0,0.65799113,0.0436113,0.16016073,0.44505051,0.20003474,0.18830871
6fs7_E4Z_F_903,0.00056997011,0.65799082,0.043608006,0.16017225,0.44504994,0.20004232,0.18831421
6fw0_E92_A_602,0.54614392,0.99212087,0.041624031,0.1974806,0.99149301,0.26048058,0.19868596
6fw0_E92_B_602,0.98620506,0.99334864,0.039049528,0.2063835,0.9910779,0.26639251,0.20294449
6g5q_EMZ_A_401,0.97669323,0.65827367,0.031186498,0.16057802,1.4772679e-09,0.18245462,0.1959414
6g5q_EMZ_B_402,0.96654761,0.65647302,0.046386409,0.20353457,0.99190876,0.25058888,0.19984719
6gck_EUB_A_302,0.82353599,0.6575476,0.038852162,0.17681033,0.44422894,0.2109897,0.19625629
6gck_EUB_B_302,0.98790333,0.65826757,0.031122164,0.16080593,2.1236478e-05,0.18260576,0.19604971
6gck_EUB_C_302,0.99039091,0.65826499,0.031118178,0.16088584,0.00070002957,0.18268569,0.19607646
6gl4_GLU_A_301,0,0,0.050929456,0.13593482,0,0.13889211,0.18081711
6gl4_GLU_B_301,0,0,0.050929456,0.13593482,0,0.13889211,0.18081711
6gqk_F88_B_1001,0.99052505,0.65658917,0.045165693,0.20093455,0.9209999,0.24602861,0.19979244
6h8p_OGA_A_504,0,0.65799113,0.0436113,0.16016073,0.44505051,0.20003474,0.18830871
6hgl_TES_A_401,0.97795019,0.65746444,0.037959817,0.17993215,0.4440749,0.21304377,0.19774648
6hl7_CP_A_401,0.99479686,0.65826388,0.031082129,0.16094474,3.3135942e-06,0.18269657,0.19611618
6hl7_CP_C_401,0.92243022,0.65749434,0.038280662,0.1788097,0.44413028,0.21230522,0.19721068
6hl9_SIN_A_402,0,0.65799113,0.0436113,0.16016073,0.44505051,0.20003474,0.18830871
6hl9_SIN_B_402,0.98131883,0.65826993,0.031170259,0.16070144,0.00068395039,0.18256345,0.19598882
6hmw_FUL_A_203,0.99471794,0.65817191,0.031853982,0.16314208,0.050537344,0.1861736,0.19631939
6hmw_FUL_B_204,0.99029071,0.65644765,0.046354545,0.20431489,0.99879277,0.2513797,0.20010417
6hmw_FUL_D_204,0.98560724,0.65826564,0.031162059,0.16083541,0.0017671826,0.18269527,0.19603459
6hmw_FUL_E_204,0.96679926,0.66087668,2.4570879e-37,0.16281536,0.055983019,0.18626821,0.19609501
6hmw_FUL_F_202,0.98868244,0.65645514,0.04630827,0.20412397,0.9951536,0.25110775,0.20007396
6hmw_FUL_G_202,0.90053132,0.65650114,0.046830521,0.20237839,0.99605811,0.24999301,0.19922665
6hmw_FUL_H_201,0.95566509,0.65828219,0.031331626,0.16022019,0.0015617879,0.18228134,0.19574471
6hmw_FUL_I_201,0,0.65799113,0.0436113,0.16016073,0.44505051,0.20003474,0.18830871
6hmw_FUL_J_201,0.98788541,0.65819132,0.031761577,0.16262798,0.041902257,0.18548805,0.19621858
6hnz_GH5_A_301,0.97526871,0.65746588,0.037975313,0.17987794,0.44407757,0.2130081,0.1977206
6ho2_GHN_A_301,0,0.65799113,0.0436113,0.16016073,0.44505051,0.20003474,0.18830871
6ho7_GHQ_A_301,0,0.65799113,0.0436113,0.16016073,0.44505051,0.20003474,0.18830871
6hpx_GKQ_A_205,0.95569734,0.98627814,0.024275726,0.16257827,5.2846481e-12,0.19738566,0.1985774
6hqr_3DM_A_502,0.99658488,0.65651144,0.045754932,0.20283657,0.96189051,0.24892388,0.20001598
6hsg_GM5_A_504,0,0.65799113,0.0436113,0.16016073,0.44505051,0.20003474,0.18830871
6hsg_GM5_C_504,0.52541387,0.65770816,0.040574993,0.17078309,0.44452635,0.20702395,0.19337923
6hsg_GM5_D_504,0,0.66066961,0.0067981726,0.1601018,0.44314471,0.20003039,0.18832619
6i4b_E2N_B_603,7.2887036e-08,0.65799113,0.0436113,0.16016073,0.44505051,0.20003474,0.18830871
6i4b_ORO_A_602,0.2092047,0,0.056511288,0.15956668,0.44611394,0.17238642,0.18464099
6i4b_ORO_B_602,0.0075869235,0,0.057678092,0.15548996,0.44631529,0.16970083,0.18269459
6i6r_H62_A_704,0.92511346,0.60889849,0.043255674,0.18978128,0.7033315,0.22793407,0.19786442
6ijn_6MZ_A_401,0.95466967,0.65747698,0.038094353,0.17946149,0.44409812,0.21273408,0.19752181
6ijp_IMP_A_402,0,0.65799113,0.0436113,0.16016073,0.44505051,0.20003474,0.18830871
6j4t_IMP_A_401,0,0,0.050929456,0.13593482,0,0.13889211,0.18081711
6jc7_F0G_A_601,0.99311049,0.65745627,0.037872207,0.18023865,0.44405977,0.21324544,0.19789278
6jc7_F0G_B_601,0,0.65799113,0.0436113,0.16016073,0.44505051,0.20003474,0.18830871
6jc7_F0G_C_601,0.96058201,0.65747379,0.038060186,0.17958102,0.44409222,0.21281273,0.19757886
6jc7_F0G_D_601,0.9843174,0.65746101,0.037923022,0.18006088,0.44406855,0.21312847,0.19780792
6jea_NAG_A_501,0,0.6523306,0.043702845,0.15996663,0.44240802,0.19956527,0.0001441617
6jk9_BU0_A_501,0,0,0.050930014,0.13593641,3.6679374e-05,0.13889463,0.18081726
6jk9_BU0_B_501,0.52541387,0.65770816,0.040574993,0.17078309,0.44452635,0.20702395,0.19337923
6jmd_BVO_A_408,0.99417619,0.65644868,0.046305868,0.20431869,0.99707209,0.25131315,0.20013474
6jmd_ORO_A_402,0.013339302,0.65798394,0.043534214,0.16043041,0.4450372,0.20021218,0.18843744
6jme_BVU_A_409,0.99346171,0.65645171,0.0462878,0.20424097,0.99561846,0.25120356,0.20012197
6jme_ORO_A_402,0,0.65799113,0.0436113,0.16016073,0.44505051,0.20003474,0.18830871
6jws_PT1_A_801,0.99481599,0.65745536,0.037862351,0.18027313,0.44405807,0.21326813,0.19790924
6jx9_CQC_A_501,0,0.65799113,0.0436113,0.16016073,0.44505051,0.20003474,0.18830871
6jyg_FLC_A_401,0.99004638,0.65745792,0.037889914,0.18017671,0.44406283,0.21320468,0.19786321
6jyg_FLC_B_401,0.95031269,0.65747932,0.038119532,0.1793734,0.44410247,0.21267613,0.19747976
6jyg_FLC_C_401,0.99005395,0.65745792,0.037889871,0.18017686,0.44406282,0.21320478,0.19786328
6jyg_FLC_D_401,0.88282996,0.65751567,0.038509508,0.17800909,0.44416979,0.21177845,0.19682851
6jyg_FLC_E_401,0,0.65799113,0.0436113,0.16016073,0.44505051,0.20003474,0.18830871
6jyg_FLC_E_402,0.0017093796,0.0094643747,0.057178602,0,0.42181647,0.16827562,0.18257974
6jz4_EVA_A_701,0.97526108,0.6582347,0.031527971,0.16149887,0.021828691,0.18393789,0.19601569
6jz4_EVA_B_701,0.97516707,0.65823129,0.031557511,0.16157963,0.023728291,0.18406738,0.19602245
6jzh_ZMA_A_2002,0.94377523,0.99274981,0.024205918,0.16238466,2.2099096e-09,0.19752624,0.19851825
6k92_GT0_A_802,0.99321628,0.65649265,0.045947112,0.2032608,0.97320732,0.2496578,0.20002914
6krs_CIT_C_301,0.032461642,0.65797364,0.043423707,0.16081701,0.44501812,0.20046655,0.18862199
6krs_CIT_D_301,0,0.65799113,0.0436113,0.16016073,0.44505051,0.20003474,0.18830871
6krs_CIT_F_301,0,0.65799113,0.0436113,0.16016073,0.44505051,0.20003474,0.18830871
6krs_CIT_G_301,0,0.65799113,0.0436113,0.16016073,0.44505051,0.20003474,0.18830871
6krs_CIT_H_301,0.015301673,0.65798288,0.043522873,0.16047009,0.44503524,0.20023829,0.18845638
6krs_CIT_I_301,0.014972373,0.65798306,0.043524776,0.16046343,0.44503557,0.20023391,0.1884532
6kxh_DY9_A_401,0,0.65799113,0.0436113,0.16016073,0.44505051,0.20003474,0.18830871
6kxh_DY9_C_402,0.025170642,0.65797757,0.043465841,0.16066961,0.4450254,0.20036957,0.18855162
6kxh_DY9_D_402,0.99606636,0.65745468,0.037855125,0.18029841,0.44405682,0.21328476,0.19792131
6l17_E2X_A_401,0.99032057,0.65714614,0.040498573,0.18762297,0.6151808,0.22497738,0.19855606
6l68_ALL_A_201,0,0,0.057722,0.15533656,0.44632287,0.16959977,0.18262135
6l68_ALL_A_202,0.00076258625,0.65799071,0.043606893,0.16017615,0.44504975,0.20004488,0.18831607
6l7v_3PO_A_302,0,0.65799113,0.0436113,0.16016073,0.44505051,0.20003474,0.18830871
6l86_LMR_B_302,0,0.65799113,0.0436113,0.16016073,0.44505051,0.20003474,0.18830871
6l86_LMR_B_303,0.0041605763,0.65798888,0.043587257,0.16024484,0.44504636,0.20009008,0.18834886
6l86_LMR_D_302,0.95079546,0.6580104,0.033660304,0.16667964,0.15227293,0.19258926,0.19630603
6l86_MLT_A_303,0,0.65799113,0.0436113,0.16016073,0.44505051,0.20003474,0.18830871
6l8a_BAL_D_507,0.99811306,0.9740703,0.031054035,0.18266091,0.44344254,0.22795555,0.20067749
6l8a_BAL_E_503,0.52529287,0.86044633,0.036227129,0.17226801,0.44413444,0.21640168,0.19513103
6lit_2OH_A_501,0.99498036,0.81148325,0.042943452,0.20535335,0.99420795,0.25829565,0.20146877
6lit_2OH_B_501,0.99754227,0,0.060317791,0.19941105,0.99427985,0.22072105,0.19447448
6lj7_EFR_A_301,0.95921318,0.93139768,0.025432006,0.1622457,4.1916056e-05,0.19489174,0.1981368
6lql_F0C_A_702,0.9818878,0.65827086,0.031156543,0.16068322,4.1876293e-07,0.182524,0.19599155
6lx5_C5F_A_502,0,0.65799113,0.0436113,0.16016073,0.44505051,0.20003474,0.18830871
6lx5_C5F_A_503,4.578077e-07,0.77909612,0.036683186,0.14868455,0.16064342,0.18607077,0.18820648
6lx5_C5F_B_502,5.4205958e-07,0.65799113,0.043611297,0.16016074,0.44505051,0.20003474,0.18830872
6ly4_TES_A_501,0.99030392,0.98696943,0,0.20619667,0.98631157,0.26582411,0.20291666
6m5m_NAG_B_202,0,0.65799113,0.0436113,0.16016073,0.44505051,0.20003474,0.18830871
6m92_J8V_A_601,0,0.65799113,0.0436113,0.16016073,0.44505051,0.20003474,0.18830871
6m9b_BTN_C_201,0.52541387,0.65770816,0.040574993,0.17078309,0.44452635,0.20702395,0.19337923
6m9b_BTN_D_201,0.99366944,0.96285678,0.039659799,0.20630937,0.99107935,0.26507906,0.20275283
6mae_JBA_A_301,0.96698926,0,0.060158088,0.19764808,0.96993224,0.2184784,0
6md2_GW9_A_501,0.98498776,0.65826919,0.031138662,0.16074599,3.7605267e-07,0.18256539,0.19602148
6md2_GW9_B_501,0,0.65799113,0.0436113,0.16016073,0.44505051,0.20003474,0.18830871
6mnh_JVD_A_301,0.99653529,0,0.060119945,0.19880892,0.98091392,0.21978686,0.19441066
6mpa_NAG_B_502,0.00029477578,0.65799097,0.043609597,0.16016669,0.44505021,0.20003866,0.18831156
6mry_FLC_B_101,0.81909782,0.65687245,0.044556374,0.19290788,0.8163096,0.23653422,0.197715
6mry_FLC_C_102,0.76872413,0.76214548,0.044853546,0.19910996,0.96441395,0.25093132,0.1987365
6mry_FLC_I_102,0,0.29354884,0.051426019,0.15748903,0.44575523,0.1831794,0.18515897
6mry_FLC_K_101,0.98904505,0.32610286,0.045003997,0.17772626,0.44470456,0.19785965,0.19498852
6mwl_K5G_A_301,0,0.98274612,0.03711911,0.16389901,0.47563187,0.21720858,0.19124294
6n0z_DP6_A_401,0.52541387,0.65770816,0.040574993,0.17078309,0.44452635,0.20702395,0.19337923
6n0z_DP6_B_401,0.52541387,0.65770816,0.040574993,0.17078309,0.44452635,0.20702395,0.19337923
6n0z_DP6_C_401,0,0.80766327,0.040399389,0.16125883,0.44476109,0.20696244,0.18960329
6n0z_DP6_F_401,0.52541387,0.65770816,0.040574993,0.17078309,0.44452635,0.20702395,0.19337923
6n9r_OHN_A_303,0,0.65799113,0.0436113,0.16016073,0.44505051,0.20003474,0.18830871
6n9r_OHN_P_308,0,0.65799113,0.0436113,0.16016073,0.44505051,0.20003474,0.18830871
6n9r_OHN_X_305,0,0.65799113,0.0436113,0.16016073,0.44505051,0.20003474,0.18830871
6nba_P1T_A_501,0,0.65799113,0.0436113,0.16016073,0.44505051,0.20003474,0.18830871
6nba_P1T_B_501,0,0.65799113,0.0436113,0.16016073,0.44505051,0.20003474,0.18830871
6nba_P1T_C_501,0.98408643,0.65647044,0.046227401,0.20372481,0.98811926,0.25056224,0.2000012
6nba_P1T_D_501,0,0.65799113,0.0436113,0.16016073,0.44505051,0.20003474,0.18830871
6nbw_LAB_A_403,0,0.65799113,0.0436113,0.16016073,0.44505051,0.20003474,0.18830871
6ncx_ADA_A_601,0,0.65799113,0.0436113,0.16016073,0.44505051,0.20003474,0.18830871
6ncx_ADA_B_601,0,0.65799113,0.0436113,0.16016073,0.44505051,0.20003474,0.18830871
6ncx_ADA_D_601,0,0.65799113,0.0436113,0.16016073,0.44505051,0.20003474,0.18830871
6ng5_KMD_B_803,0.52541387,0.65770816,0.040574993,0.17078309,0.44452635,0.20702395,0.19337923
6nga_KL7_B_804,0,0.65799113,0.0436113,0.16016073,0.44505051,0.20003474,0.18830871
6ngp_KKY_A_803,0.52541387,0.65770816,0.040574993,0.17078309,0.44452635,0.20702395,0.19337923
6ngp_KKY_B_803,0.52541387,0.65770816,0.040574993,0.17078309,0.44452635,0.20702395,0.19337923
6ngu_KMJ_A_803,0.50490236,0.6577192,0.040693517,0.17036845,0.44454681,0.20675112,0.1931813
6ngu_KMJ_B_803,0.73171411,0.65759705,0.039382793,0.17495395,0.44432054,0.20976825,0.19537016
6nh0_KND_A_803,0.89640649,0.65750835,0.038431051,0.17828357,0.44415625,0.21195905,0.19695953
6nh0_KND_B_803,0.51564009,0.62522961,0.040576968,0.16819787,0.39528754,0,0.19280371
6nhd_KNV_A_803,0.97458954,0.65746625,0.037979238,0.17986421,0.44407825,0.21299907,0.19771404
6nhd_KNV_B_803,0.51564009,0.62522961,0.040576968,0.16819787,0.39528754,0,0.19280371
6nig_NAG_A_605,0.092778866,0.65794116,0.04307514,0.16203646,0.44495795,0.20126891,0.18920408
6nig_NAG_B_803,0,0.65799113,0.0436113,0.16016073,0.44505051,0.20003474,0.18830871
6nig_NAG_D_602,3.2248292e-05,0,0.050929517,0.13593618,1.6289119e-05,0.13889366,0.18081749
6nni_CP6_A_203,0.99389583,0.65645372,0.046266547,0.20419632,0.99439024,0.25112482,0.20012121
6nni_CP6_B_203,0.99069624,0.65645605,0.046279903,0.20411699,0.9940562,0.25105911,0.20008897
6nnn_G1P_A_503,0,0.8018727,0.033747345,0.14186111,5.7281713e-08,0.17606045,0.1877533
6nnp_G6P_A_502,0.94313773,0.65829163,0.031381576,0.15990294,0.00010054437,0.1820135,0.19561788
6nsu_DYA_A_402,0,0.90184971,0.031605088,0.1426,0,0.18069457,0.1886181
6ny7_L8J_A_303,0.012106808,0,0.057651935,0.15558136,0.44631078,0.16976103,0.18273823
6nyo_U94_A_301,0,0.98537485,0.043940212,0.18356275,0.92698156,0.24842202,0.19309249
6o04_DNA_A_601,0.52541387,0.65770816,0.040574993,0.17078309,0.44452635,0.20702395,0.19337923
6o04_DNA_B_601,0.0005838815,0.99467557,0.029612691,0.14329786,0,0.18500504,0.18942668
6o04_DNA_D_603,0.52541387,0.65770816,0.040574993,0.17078309,0.44452635,0.20702395,0.19337923
6o1s_7SD_E_803,0.93003853,0.65749024,0.038236694,0.17896351,0.44412269,0.21240643,0.1972841
6o2z_LJV_B_500,0.98356638,0.65746141,0.037927362,0.1800457,0.44406929,0.21311848,0.19780068
6o5m_G8K_B_506,0.63976748,0.65764657,0.039914144,0.17309504,0.44441227,0.20854515,0.19448283
6ock_9KL_A_601,0.86336569,0.65752615,0.03862199,0.17761558,0.44418921,0.21151953,0.19664067
6ock_9KL_A_602,0.99487708,0.65826366,0.031083151,0.16095059,0.00010056827,0.18270433,0.19611735
6ofr_BOG_A_801,6.755853e-09,0.65799113,0.0436113,0.16016073,0.44505051,0.20003474,0.18830871
6ofr_BOG_A_802,0,0.65799113,0.0436113,0.16016073,0.44505051,0.20003474,0.18830871
6ofr_BOG_A_803,0,0.65799113,0.0436113,0.16016073,0.44505051,0.20003474,0.18830871
6ofr_BOG_A_804,0,0.65799113,0.0436113,0.16016073,0.44505051,0.20003474,0.18830871
6ofr_BOG_A_805,1.6278771e-08,0.65799113,0.0436113,0.16016073,0.44505051,0.20003474,0.18830871
6ofr_BOG_A_806,1.7497465e-10,0.65799113,0.0436113,0.16016073,0.44505051,0.20003474,0.18830871
6ofr_BOG_A_807,0.79017682,0.65756557,0.039044942,0.1761359,0.44426222,0.21054594,0.19593436
6oha_XAN_A_501,0.0021679904,0.65798996,0.043598772,0.16020456,0.44504835,0.20006358,0.18832964
6ooi_PGA_B_301,0.98859826,0.65651279,0.045825906,0.20274585,0.96352225,0.24892955,0.19994547
6ooi_PGA_D_301,0.99094368,0.65652846,0.045670334,0.20238844,0.95421701,0.24832042,0.19993055
6ooi_PGA_E_301,0.98413419,0.65650299,0.045954017,0.20294726,0.97022802,0.24933148,0.19992944
6ooi_PGA_F_301,0.99383737,0.65718259,0.04015677,0.18677767,0.5941182,0.22357467,0.19850499
6ooi_PGA_G_301,0,0.65799113,0.0436113,0.16016073,0.44505051,0.20003474,0.18830871
6ooi_PGA_H_302,0.98955924,0.65657543,0.045290819,0.2012558,0.92883191,0.24655476,0.19981472
6oph_6QB_A_401,0,0.65799113,0.0436113,0.16016073,0.44505051,0.20003474,0.18830871
6p9t_O5D_A_307,1.7834601e-05,0.91543393,0.03131391,0.14270075,1.5596822e-09,0.18132447,0.18873577
6paf_O6A_A_509,0.98378176,0.96035018,0.03143124,0.18227052,0.44348338,0.22712996,0.20042053
6pdd_O9S_A_803,0.52541387,0.65770816,0.040574993,0.17078309,0.44452635,0.20702395,0.19337923
6pk1_3PY_A_502,0.99504973,0.65811415,0.032334735,0.16452469,0.082156728,0.18835428,0.19645022
6pk1_PLP_A_501,0.96975824,0.65746885,0.038007158,0.17976654,0.44408307,0.2129348,0.19766742
6pk1_PLP_B_501,0.9891685,0.65655747,0.045445434,0.20168221,0.93881311,0.24723652,0.19985124
6pmv_M16_A_803,7.8065312e-09,0.65799113,0.0436113,0.16016073,0.44505051,0.20003474,0.18830871
6pmv_M16_B_803,0.96203394,0.65747301,0.038051796,0.17961037,0.44409078,0.21283205,0.19759288
6pn9_OU7_B_803,0.53555805,0.65770269,0.04051636,0.17098822,0.44451623,0.20715892,0.19347715
6pna_M16_A_803,0.98512807,0.65746057,0.037918337,0.18007727,0.44406774,0.21313925,0.19781575
6pna_M16_B_803,0.81867137,0.65755022,0.038880275,0.17671198,0.4442338,0.21092499,0.19620935
6png_OSG_A_802,0.98981277,0.65745805,0.037891264,0.18017198,0.44406306,0.21320157,0.19786096
6png_OSG_A_803,0.21349137,0.65787615,0.042377554,0.16447693,0.44483753,0.20287467,0.19036902
6png_OSG_B_804,0.46300822,0.65774177,0.040935619,0.16952146,0.44458861,0.20619383,0.192777
6po9_OS7_A_803,0.52541387,0.65770816,0.040574993,0.17078309,0.44452635,0.20702395,0.19337923
6po9_OS7_B_804,0.52541387,0.65770816,0.040574993,0.17078309,0.44452635,0.20702395,0.19337923
6ps7_ZMA_A_1201,0,0.96276576,0.030300213,0.14305135,2.6371419e-05,0.18351997,0.18914513
6pvi_OZ7_A_501,0,0,0.057722,0.15533656,0.44632287,0.16959977,0.18262135
6q4b_HHN_A_301,0.99333107,0.65819736,0.031654917,0.16252374,0.036972606,0.18522147,0.19625125
6q4k_HHW_A_301,0.98913197,0.9802355,0.024219615,0.16323223,0.00049452879,0.19758666,0.19885
6q4r_HJ5_A_1009,0,0.78288783,0.040930768,0.16107716,0.444809,0.20581632,0.18938911
6q4r_MLT_A_1041,0,0,0.057722,0.15533656,0.44632287,0.16959977,0.18262135
6q4y_MAN_A_402,0.0028326016,0,0.052494983,0.1405106,0.10381571,0.14608141,0.18126465
6q4y_MAN_B_402,0.091252207,0,0.051111895,0.13980947,0.046564699,0.1433198,0.18188679
6qa7_PLP_A_902,0.99308094,0.65745629,0.037872378,0.18023806,0.4440598,0.21324504,0.1978925
6qdb_HWQ_A_1002,0,0,0.057722,0.15533656,0.44632287,0.16959977,0.18262135
6qdb_HWQ_A_1003,0.98756333,0,0.045225118,0.15593445,7.572648e-09,0.15209583,0.19035383
6qdc_HXE_A_1003,0.95424498,0.65747721,0.038096807,0.1794529,0.44409855,0.21272844,0.19751771
6qdc_HXE_A_1004,0.0014868794,0.65799032,0.043602708,0.16019079,0.44504903,0.20005452,0.18832306
6qde_HWW_A_502,0,0.65799113,0.0436113,0.16016073,0.44505051,0.20003474,0.18830871
6qde_HWW_A_503,0,0.65799113,0.0436113,0.16016073,0.44505051,0.20003474,0.18830871
6qhu_FAH_A_401,0.95298176,0.95389507,0.039243081,0.20300908,0.93570513,0.26030517,0.20205827
6qli_4LR_A_301,0,0.65799113,0.0436113,0.16016073,0.44505051,0.20003474,0.18830871
6qnj_GLC_A_402,0.98690736,0.6582681,0.031128015,0.16078607,2.8243893e-05,0.18259294,0.19604012
6qo4_97T_A_301,0.33094554,0.65781289,0.041698797,0.16685152,0.44472035,0.20443709,0.19150252
6qo4_97T_B_301,0.9439596,0.65647479,0.046604173,0.20332656,0.99763953,0.25068171,0.19965226
6qol_JB5_A_301,0.99391945,0.99184126,0.023947627,0.16342738,0.00077986611,0.19820828,0.19899778
6qol_JB5_B_301,0.00073635277,0.99321922,0.02965232,0.14331675,0.00061054468,0.18498163,0.18941803
6qor_JBK_A_301,0.99854079,0.65824588,0.031194471,0.16140234,0.0087774616,0.18335045,0.19618774
6qot_6SD_A_301,0.99085635,0.99076658,0.039125168,0.20659337,0.9941742,0.26654831,0.20297961
6qot_6SD_B_301,0,0.99433931,0.044775002,0.18656211,0.99437303,0.25347986,0.1934428
6qqs_JCZ_A_301,0.53484623,0.65770308,0.040520474,0.17097383,0.44451694,0.20714945,0.19347028
6qqs_JCZ_B_301,0.92756935,0.65749157,0.038250963,0.17891359,0.44412516,0.21237359,0.19726027
6qrn_RIP_A_500,0.026538018,0.65797683,0.04345794,0.16069725,0.44502403,0.20038776,0.18856482
6r4j_GLU_A_704,0,0,0.050929456,0.13593482,0,0.13889211,0.18081711
6r5o_BGC_A_801,0,0.65799113,0.0436113,0.16016073,0.44505051,0.20003474,0.18830871
6r5o_BGC_A_802,0.0020964094,0.65799,0.043599185,0.16020311,0.44504842,0.20006262,0.18832894
6r5o_BGC_B_801,0.99279429,0.65821084,0.03154743,0.16219764,0.029728356,0.1847157,0.19621683
6r5o_BGC_B_802,0.066333765,0.6579554,0.043227964,0.16150181,0.44498433,0.20091713,0.18894887
6r6i_H50_A_201,0,0.78044657,0.037800083,0.1519674,0.23584167,0.19131346,0.18852252
6r6i_H50_B_201,0.76088164,0.98586324,0.027702359,0.16517793,0.15044841,0.20512551,0.19730144
6r73_LMP_B_301,0.47154947,0.65773717,0.04088626,0.16969414,0.44458009,0.20630745,0.19285943
6rbo_JXQ_A_302,0.77378289,0.94318625,0.026193422,5.2019588e-07,0.00037822043,0.19240284,0.19637959
6rbx_JYT_A_301,0.98338246,0.65722539,0.039905656,0.18567825,0.57371739,0.22203096,0.19832172
6rgg_K3Q_A_401,0,0,0.057722,0.15533656,0.44632287,0.16959977,0.18262135
6rgg_K3Q_A_402,0.00075329736,0,0.05771764,0.15535179,0.44632211,0.1696098,0.18262862
6rgg_K3Q_A_403,0.52541387,0.65770816,0.040574993,0.17078309,0.44452635,0.20702395,0.19337923
6rgg_K3Q_B_402,0.52541387,0.65770816,0.040574993,0.17078309,0.44452635,0.20702395,0.19337923
6rgg_K3Q_B_405,0.081699856,0,0.057249185,0.15698853,0.44624128,0.17068803,0.18341007
6rgr_RM4_A_402,0.054839278,0.94657568,0.041038044,0.17462709,0.70274651,0.23191019,0.19237888
6rgr_RM4_A_403,0.22235516,0.96693027,0.032434834,0.15760583,0.23026258,0.2025459,0.19226026
6rhk_K4B_A_302,0,0.65799113,0.0436113,0.16016073,0.44505051,0.20003474,0.18830871
6rlt_MLI_A_508,0.99526779,0.54215619,0.042665608,0.18609586,0.59734535,0.21847745,0.19753559
6rlt_MLI_B_511,0.96251104,0.38015543,0.047366286,0.18720638,0.66561134,0.21523301,0.19609427
6rlt_MLI_B_512,0.98949235,0.81859592,0.029640919,0.16764295,0.12911536,0.19895933,0.19797589
6rum_TOP_A_301,0.99616858,0.9743454,0.038783501,0.20468627,0.95067302,0.26286157,0.2027128
6s23_KSW_A_402,0.22710281,0.65786882,0.042298894,0.16475211,0.44482395,0.20305574,0.19050038
6s23_KSW_A_403,0.20075418,0.99324105,0.028698637,0.14794491,0.013875394,0.18857064,0.19140344
6s23_KSW_B_402,0.21864376,0.97933453,0.028681953,0.14760078,6.1288765e-06,0.18720983,0.19139977
6s37_SAL_A_601,0.99590925,0.9883116,0.023999883,0.16340765,0,0.19801755,0.19898331
6s39_K5Z_A_301,1.0010585e-05,0.97379937,0.044656442,0.18481489,0.95771196,0.2500025,0.19311684
6s4h_KUQ_A_901,0.52541387,0.65770816,0.040574993,0.17078309,0.44452635,0.20702395,0.19337923
6s51_KVQ_A_901,0.92601743,0.65749241,0.038259932,0.17888222,0.44412671,0.21235294,0.1972453
6s7u_KZK_A_501,0,0.65799113,0.0436113,0.16016073,0.44505051,0.20003474,0.18830871
6s7u_KZK_C_501,0.51564009,0.62522961,0.040576968,0.16819787,0.39528754,0,0.19280371
6s9g_L1Q_A_305,0.99700611,0.65652323,0.045651737,0.20255786,0.95528941,0.24847517,0.19999341
6s9g_L1Q_A_306,0.94764216,0.86333119,0.026990165,0.16160209,0.0021964177,0.19173044,0.19744501
6si4_LEK_A_402,0.94630379,0.65748148,0.038142699,0.17929235,0.44410647,0.2126228,0.19744107
6si4_LEK_B_402,0.95633218,0.62778408,0.031778422,0.15933661,9.7879364e-06,0,0.19540551
6sj8_44V_A_901,0,0,0.057722,0.15533656,0.44632287,0.16959977,0.18262135
6sj8_44V_B_901,0.99360757,0,0.053643044,0.18020107,0.55474017,0.19039038,0.19265748
6sjs_THH_B_901,0.9801108,0,0.056328852,0.18737665,0.72588721,0.20199953,0.19321985
6sux_BEN_A_302,0.99755928,0.65644947,0.046264404,0.20432462,0.99563407,0.25125935,0.20016159
6svu_BEN_A_302,0.99585252,0.65645346,0.046248566,0.20421685,0.99395164,0.25112076,0.20013832
6sxr_KHP_A_506,0.97275358,0.65826628,0.031289021,0.16072572,0.0052276365,0.18276181,0.19592447
6sxr_KHP_A_507,0.98652342,0.65655211,0.045517573,0.2017908,0.94253946,0.24745767,0.19984075
6sxr_KHP_A_513,0,0.65799113,0.0436113,0.16016073,0.44505051,0.20003474,0.18830871
6syz_M1E_A_601,0.99781947,0.9932638,0.024042675,0.16393977,0.010496457,0.19899569,0.19908707
6syz_M1E_B_601,0,0.99006114,0.044886294,0.18658654,0.99566072,0.25337026,0.193411
6sz3_M1H_B_601,0.00048584639,0.9731615,0.030835576,0.14531148,0.049964074,0.18744832,0.18944186
6szl_M3E_B_604,0.34560644,0.65780499,0.041614073,0.16714793,0.44470573,0.20463211,0.19164401
6szt_M4Q_A_601,0,0.65799113,0.0436113,0.16016073,0.44505051,0.20003474,0.18830871
6szt_M4Q_B_601,0.037841621,0.65797075,0.043392617,0.16092578,0.44501276,0.20053812,0.18867391
6t02_M5E_A_601,0,0.65799113,0.0436113,0.16016073,0.44505051,0.20003474,0.18830871
6t02_M5E_A_602,0.00016206908,0.65799104,0.043610364,0.160164,0.44505035,0.20003689,0.18831028
6t02_M5E_B_601,0,0.65799113,0.0436113,0.16016073,0.44505051,0.20003474,0.18830871
6t07_M45_B_601,0.00023881849,0.657991,0.04360992,0.16016556,0.44505027,0.20003791,0.18831102
6t0a_M58_A_601,0.0026412827,0.99388745,0.029676659,0.14350212,0.0038696588,0.18526258,0.18945539
6t0a_M58_B_601,0.88004269,0.65832591,0.031743965,0.15862098,0,0.18116413,0.19500839
6t0m_GOZ_A_305,0,0.65799113,0.0436113,0.16016073,0.44505051,0.20003474,0.18830871
6t10_M6Z_A_601,0.99516666,0.65651318,0.045754996,0.20278472,0.9613588,0.24886835,0.20000015
6t10_M6Z_B_601,0,0.65799113,0.0436113,0.16016073,0.44505051,0.20003474,0.18830871
6t5p_VD8_A_302,0.99121313,0.6574573,0.037883172,0.18020029,0.44406167,0.2132202,0.19787447
6t5p_VD8_B_302,0,0.65799113,0.0436113,0.16016073,0.44505051,0.20003474,0.18830871
6t5p_VD8_D_302,0.99554728,0.65745496,0.037858125,0.18028792,0.44405734,0.21327785,0.1979163
6t9c_MX8_A_501,0,0.9766465,0.036775068,0.16249792,0.44443433,0.21477964,0.19106408
6tbx_N0Z_B_302,0.99118029,0.65810621,0.032441208,0.16468623,0.087669676,0.18868206,0.19643512
6tbx_N0Z_C_303,0.99274841,0.65801131,0.033220589,0.16696546,0.13931925,0.19225786,0.19665874
6tbx_N0Z_D_302,0,0.65799113,0.0436113,0.16016073,0.44505051,0.20003474,0.18830871
6tfb_N6W_B_202,0.074752336,0.95043155,0.045345398,0.18792668,0.99839897,0.25272142,0.19380116
6tgi_N8Z_A_508,0.99346529,0.65745608,0.037870157,0.18024583,0.44405942,0.21325016,0.19789621
6tgi_N8Z_B_508,0.99641959,0,0.051955512,0.17548419,0.44532778,0.18287229,0.19224068
6to7_SUV_A_401,0,0.9844912,0.045037356,0.18663595,0.9977419,0.25325545,0.19337125
6to7_SUV_B_401,0,0.98395451,0.045042854,0.18661484,0.99734801,0.25320344,0.19336501
6tof_NQE_A_201,0.99410309,0.98998999,0.023974354,0.16338348,1.8441739e-07,0.19807121,0.19898038
6tog_NQH_A_201,0.97943118,0.99100723,0.039019107,0.20588706,0.98322104,0.26565219,0.20282703
6tol_NQW_A_201,0,0.65799113,0.0436113,0.16016073,0.44505051,0.20003474,0.18830871
6tor_PMP_A_504,0.98598829,0.65826865,0.031132885,0.16076623,0,0.18257872,0.19603113
6tor_PMP_B_504,0,0.65799113,0.0436113,0.16016073,0.44505051,0.20003474,0.18830871
6tot_NRK_A_401,0,0.65799113,0.0436113,0.16016073,0.44505051,0.20003474,0.18830871
6tt4_BMA_C_3,0,0.65799113,0.0436113,0.16016073,0.44505051,0.20003474,0.18830871
6tt4_FT8_B_711,0.43769216,0.66083947,0,0.16894169,0.44241941,0.20585199,0.19255277
6u30_PQM_A_501,0.88886852,0.65832114,0.031693059,0.15879969,0,0.18128198,0.19509359
6u6c_P1T_B_502,0.97466412,0.65746621,0.037978807,0.17986572,0.44407818,0.21300006,0.19771476
6u6c_P1T_D_505,0.97175868,0.65746777,0.037995597,0.17980698,0.44408107,0.21296141,0.19768673
6u6c_P1T_F_805,0,0.65799113,0.0436113,0.16016073,0.44505051,0.20003474,0.18830871
6u6c_P1T_H_504,0.93312254,0.65748858,0.038218872,0.17902587,0.44411962,0.21244746,0.19731386
6u6c_PZV_F_802,0.82493413,0.65657306,0.047006158,0.20010536,0.97899957,0.24780955,0.19842802
6uo7_QCP_A_504,0.9840092,0.95007497,0.031650304,0.18219978,0.44350302,0.22665765,0.20033391
6uqd_QF4_A_501,0,0.65799113,0.0436113,0.16016073,0.44505051,0.20003474,0.18830871
6uqd_QF4_B_501,0,0.65799113,0.0436113,0.16016073,0.44505051,0.20003474,0.18830871
6ur0_ETM_A_401,0.75018752,0.76054029,0.030299779,0.15674806,0,0.18417462,0.1946402
6ur0_ETM_B_401,0.98154439,0.96809039,0.024582453,0.16315669,0.004351588,0.19718796,0.19868729
6urx_JMG_A_316,0.99728875,0.65812485,0.032222031,0.16428556,0.075619508,0.18793424,0.19644545
6uvj_QJ1_A_205,0.90871613,0.99132732,0.039412771,0.20443466,0.98269995,0.26468567,0.2021448
6uxr_K6G_B_202,0,0.65799113,0.0436113,0.16016073,0.44505051,0.20003474,0.18830871
6uzr_QM1_B_301,0.017598742,0.98665208,0.04485632,0.18691383,0.99557091,0.25344136,0.1935511
6v1e_5SW_A_301,0.98806437,0.65745899,0.037901368,0.18013664,0.44406481,0.21317831,0.19784408
6v8n_QS1_A_1704,0,0.99183913,0.043764028,0.18350292,0.92450931,0.24855135,0.1931384
6v9f_QTS_B_2001,0.99519611,0.99388312,0.028142759,0.1755971,0.2794519,0.21751655,0.20015568
6vei_9UO_B_502,0,0.65232631,0.043702914,0.15996648,0.44240602,0.19956492,0
6vlu_CIT_A_701,0.32936247,0.5216739,0.044627146,0.1658215,0.44498519,0.19811969,0.19031065
6vmz_NAG_A_402,0,0.65799113,0.0436113,0.16016073,0.44505051,0.20003474,0.18830871
6vmz_NAG_C_402,0,0.65799113,0.0436113,0.16016073,0.44505051,0.20003474,0.18830871
6vmz_R3P_A_404,0,0.88964592,0.038641041,0.16185998,0.44460256,0.21075497,0.19031199
6vmz_R3P_C_404,1.4709773e-07,0.95983833,0.030362538,0.14302857,0,0.18338246,0.1891197
6vo2_R67_A_403,0,0.65799113,0.0436113,0.16016073,0.44505051,0.20003474,0.18830871
6vo2_R67_B_403,0,0.65880156,0.036819929,0.1408013,0,0.16941376,0.18651293
6vv1_RMJ_A_501,0,0.97525195,0.03003269,0.1431437,2.8041633e-05,0.18409884,0.18925314
6vv9_RQ1_A_202,0.0013911405,0.65799038,0.043603261,0.16018885,0.44504912,0.20005324,0.18832214
6vv9_RQ1_B_304,0.49085464,0.65772677,0.040774697,0.17008444,0.44456083,0.20656426,0.19304573
6w0x_S6J_A_301,0.96992206,0.65746876,0.038006211,0.17976985,0.44408291,0.21293698,0.197669
6w0x_S6J_B_301,0.98126651,0.65656404,0.045471771,0.20146735,0.93755264,0.24704426,0.19976987
6x9d_HYP_A_2002,0.97339818,0,0.060526933,0.19912113,0.9988529,0.22071326,0.19425984
6x9d_HYP_B_2002,0.96682013,0,0.060569137,0.19899993,0.99912904,0.22064433,0.19419743
6xim_XLS_A_397,0.99491317,0.6574553,0.03786179,0.1802751,0.44405798,0.21326942,0.19791018
6xim_XLS_B_397,0,0.65799113,0.0436113,0.16016073,0.44505051,0.20003474,0.18830871
6xim_XLS_C_397,0,0.65799113,0.0436113,0.16016073,0.44505051,0.20003474,0.18830871
6xim_XLS_D_397,0.99130531,0.65745725,0.037882639,0.18020216,0.44406157,0.21322142,0.19787536
6xu3_PLG_B_401,0,0.65799113,0.0436113,0.16016073,0.44505051,0.20003474,0.18830871
6xu3_PLP_D_401,0,0.65799113,0.0436113,0.16016073,0.44505051,0.20003474,0.18830871
6xzx_O5H_A_302,0.86854814,0.65752336,0.038592041,0.17772035,0.44418404,0.21158847,0.19669069
6y4f_GLU_A_202,0.95041491,0,0.048660833,0.16438282,0.21139587,0.16616133,0.19085071
6y4z_TLA_D_301,0.99618235,0,0.060034435,0.19855171,0.97516837,0.21938635,0.194384
6yaw_P9H_A_301,0,0.95287341,0.033523652,0.15158003,0.19766221,0.19667575,0.18985948
6yk5_PVK_A_312,0.99633508,0.65644686,0.046298935,0.20437814,0.99743363,0.25136686,0.20015704
6yk6_OUB_A_311,0.99551536,0.6564522,0.046262539,0.20424431,0.99473959,0.25117049,0.20013825
6ypv_AKG_A_302,0.99691914,0.65670146,0.044158483,0.198298,0.85743381,0.24173894,0.19959758
6zac_QDE_A_4000,0,0.65799113,0.0436113,0.16016073,0.44505051,0.20003474,0.18830871
6zi7_QR8_A_502,0,0.65799113,0.0436113,0.16016073,0.44505051,0.20003474,0.18830871
6zi7_QR8_C_502,0.053298546,0.65796242,0.043303293,0.16123828,0.44499734,0.20074373,0.18882307
6zi7_QR8_F_503,0,0.65799113,0.0436113,0.16016073,0.44505051,0.20003474,0.18830871
6zi7_RAM_D_503,0.007081322,0,0.052007875,0.13927539,0.073458542,0.14404704,0.18118281
6zug_QPW_H_1001,0.99218168,0.65745677,0.037877575,0.18021988,0.4440607,0.21323308,0.19788382
7ak3_RH8_A_501,0,0.65799113,0.0436113,0.16016073,0.44505051,0.20003474,0.18830871
7bp1_CAQ_A_401,0.99365204,0.99648061,0.039023063,0.20679642,0.99656832,0.26701547,0.20306572
7bp1_CAQ_C_401,0.99441545,0.99556071,0.039001017,0.20669841,0.99411729,0.26681419,0.20305522
7bp1_CAQ_D_401,0.98569628,0.99593816,0.023895457,0.16325718,0,0.19823451,0.19895065
7bqu_EF2_A_501,0.78958698,0.99578968,0.031794985,0.17860376,0.44360878,0.22618268,0.19885216
7bzm_GIM_B_501,0,0.8692706,0.046135888,0.1818702,0.90780873,0.24171963,0.19201059
7c7g_FJR_A_402,0.99076541,0,0.045232706,0.1560738,0.0017118082,0.15225656,0.19039168
7cne_SIN_A_402,0,0.65874275,0.037312952,0.14220671,0.032297775,0.17163671,0.1866433
7cwd_GAL_A_902,0.92003339,0.65830429,0.031513374,0.15943093,4.5540684e-06,0.1816984,0.19539446
7jis_VBS_A_1101,0.99470933,0.65826393,0.031082584,0.16094282,0,0.18269517,0.19611532
7jo3_VGS_A_302,0.98560844,0.97441824,0.039479312,0.20629065,0.99243681,0.26560069,0.20278048
7joc_ARZ_A_302,0.98923768,0.98719574,0.038738509,0.20518451,0.96316359,0.26422496,0.20280758
8cpp_TCM_A_422,0.078946401,0.99610981,0.029797574,0.14680416,0.043855689,0.18914026,0.19037332
8icd_ICT_A_418,0.86263823,0.65827817,0.032323412,0.15963417,0.03138311,0.18309174,0.19496705
