query_order,round,flat_index,row_index,row_label,algorithm_index,algorithm,utility,acquisition,predicted_runtime_mean,predicted_runtime_sd,score,runtime
1,0,12394,1770,5i3p_68T_A_1003,4,gnina,,,,,0.83469176,8.2910679
2,0,17751,2535,7c7g_FJR_B_402,6,smina,,,,,0,3.004661
3,0,17424,2489,6vei_9UO_B_502,1,unimol,,,,,0.97717331,24.35
4,0,5390,770,2rbx_3AY_X_2001,0,surfdock,,,,,0,2.3335885
5,0,3832,547,2bdg_PBZ_A_301,3,diffdock_l,,,,,0.99474304,15.597056
6,0,1288,184,1j0y_BGC_D_4601,0,surfdock,,,,,0.99550916,4.6779681
7,0,11076,1582,5aov_GLV_A_1336,2,diffdock,,,,,0.035166269,12.263839
8,0,11083,1583,5aov_GLV_A_1356,2,diffdock,,,,,1.1051073e-16,12.780984
9,0,11889,1698,5fli_QUE_A_301,3,diffdock_l,,,,,5.7004045e-40,55.060509
10,0,16802,2400,6qo4_97T_A_301,2,diffdock,,,,,0,21.949284
11,0,10865,1552,4zvz_4TF_B_503,1,unimol,,,,,0.81991149,19.07
12,0,9090,1298,4kfj_1R0_A_202,4,gnina,,,,,0.0002590492,6.029362
13,0,12220,1745,5h24_LQG_B_501,5,autodock,,,,,0,9.391414
14,0,13678,1954,5tix_OQR_B_302,0,surfdock,,,,,0,3.5958046
15,0,15626,2232,6ho7_GHQ_A_301,2,diffdock,,,,,0.99683635,14.485449
16,0,15571,2224,6hmw_FUL_A_203,3,diffdock_l,,,,,1.6394961e-50,19.659695
17,0,12250,1750,5h8q_GLU_A_302,0,surfdock,,,,,0,2.4761161
18,0,8886,1269,4itu_1HS_D_302,3,diffdock_l,,,,,1.4950978e-40,30.10335
19,0,15867,2266,6jz4_EVA_B_701,5,autodock,,,,,0.16164414,18.216157
20,0,1038,148,1h82_GZZ_A_590,2,diffdock,,,,,0,42.364642
21,0,4821,688,2nry_STU_C_503,5,autodock,,,,,0.99784655,228.20325
22,0,10460,1494,4xti_IMP_A_601,2,diffdock,,,,,0,35.566447
23,0,2027,289,1njr_XYL_A_285,4,gnina,,,,,6.1466915e-05,1.9269694
24,0,5890,841,2y4j_LAC_A_400,3,diffdock_l,,,,,0,19.749467
25,0,17240,2462,6tbx_N0Z_A_302,6,smina,,,,,0,1.0867481
26,0,5125,732,2qca_DGP_A_200,1,unimol,,,,,0,20.56
27,0,10862,1551,4zvz_4TF_A_503,5,autodock,,,,,0.046697126,13.268989
28,0,17177,2453,6t0a_M58_A_601,6,smina,,,,,0,0.64204297
29,0,10782,1540,4zsy_RW2_C_502,2,diffdock,,,,,0,62.749541
30,0,8640,1234,4i0g_1B9_A_504,2,diffdock,,,,,0.99150534,31.482756
31,0,5621,803,2wd2_MS5_A_1263,0,surfdock,,,,,0.67091075,4.0607433
32,0,16452,2350,6o04_DNA_D_603,2,diffdock,,,,,2.5848561e-49,53.861342
33,0,6630,947,3vca_PRO_A_504,1,unimol,,,,,0.044626171,18.1
34,0,11518,1645,5dt0_SKE_A_401,3,diffdock_l,,,,,0,21.920236
35,0,5130,732,2qca_DGP_A_200,6,smina,,,,,0,3.2484906
36,0,561,80,1fs5_16G_A_1267,1,unimol,,,,,0.97451995,28.28
37,0,12428,1775,5i8z_JA1_A_302,3,diffdock_l,,,,,0.16883444,19.762582
38,0,3594,513,1zfj_IMP_A_500,3,diffdock_l,,,,,0,22.930309
39,0,11320,1617,5cmb_GLY_A_301,1,unimol,,,,,0,21.52
40,0,15047,2149,6cut_FEJ_C_401,4,gnina,,,,,0.98810039,10.29518
41,0,8839,1262,4i9n_1E6_H_401,5,autodock,,,,,0.25732069,12.455283
42,0,17049,2435,6s9g_L1Q_A_305,4,gnina,,,,,0.95528941,2.6522797
43,0,2871,410,1tl2_NDG_A_239,1,unimol,,,,,0.95421403,16.58
44,0,15238,2176,6f76_CVK_A_203,6,smina,,,,,0,5.4757962
45,0,4427,632,2fzb_TOL_A_900,3,diffdock_l,,,,,1.4970414e-11,29.636566
46,0,2915,416,1tt6_DES_A_129,3,diffdock_l,,,,,0.035233381,16.026127
47,0,12479,1782,5icf_SAU_A_402,5,autodock,,,,,0,21.991938
48,0,14102,2014,5w5t_9X7_A_506,4,gnina,,,,,0,259.14313
49,0,1128,161,1hsr_BHO_A_800,1,unimol,,,,,0.99188539,21.33
50,0,361,51,1dpm_EBP_B_902,4,gnina,,,,,0.00014395142,3.126739
51,0,4437,633,2g21_L1B_B_985,6,smina,,,,,0,4.1082704
52,0,13768,1966,5u8z_83D_D_602,6,smina,,,,,0,4.0030824
53,0,17669,2524,6zi7_QR8_D_502,1,unimol,,,,,0.90169411,24.91
54,0,8209,1172,4e7v_CRS_Q_101,5,autodock,,,,,0.18847811,21.453222
55,0,8558,1222,4hon_AKG_B_401,4,gnina,,,,,0.99500132,2.3745566
56,0,13566,1938,5tch_MLI_F_501,0,surfdock,,,,,0.99787196,2.262593
57,0,13889,1984,5unx_8F1_B_803,1,unimol,,,,,0.97370697,22.63
58,0,6851,978,3wgc_PLG_C_401,5,autodock,,,,,1.601904e-08,11.530294
59,0,1911,273,1mmx_FUC_B_348,0,surfdock,,,,,0.084803449,4.8287277
60,0,15452,2207,6gck_EUB_B_302,3,diffdock_l,,,,,4.6192792e-38,41.489198
61,0,13387,1912,5ocm_9RH_F_302,3,diffdock_l,,,,,2.8910695e-59,38.628353
62,0,9825,1403,4qck_ASD_A_404,4,gnina,,,,,0.99830789,2.3668869
63,0,2000,285,1ne4_RP1_A_601,5,autodock,,,,,0,207.93604
64,0,13510,1930,5t6b_TMP_D_503,0,surfdock,,,,,0,3.5440493
65,0,3039,434,1uxi_FUM_A_1311,1,unimol,,,,,0.91529939,19.82
66,0,14518,2074,5ykt_PMP_A_501,0,surfdock,,,,,0.99034576,3.2516487
67,0,8993,1284,4jp3_CIT_A_301,5,autodock,,,,,0.086898461,16.049644
68,0,3637,519,1zmt_RNO_B_1001,4,gnina,,,,,0,2.751106
69,0,9482,1354,4ni1_2JX_A_204,4,gnina,,,,,0.029865494,1.8601706
70,0,4462,637,2giq_NN2_A_1001,3,diffdock_l,,,,,9.2940921e-59,53.207443
71,0,12045,1720,5g0v_JDD_B_1271,5,autodock,,,,,3.4758009e-05,9.1221727
72,0,540,77,1foi_14W_B_810,1,unimol,,,,,0.99301916,22.3
73,0,14164,2023,5wgv_PM7_A_713,3,diffdock_l,,,,,1.2639029e-31,34.44253
74,0,12501,1785,5ihe_D5M_B_701,6,smina,,,,,0.011212512,3.1211324
75,0,11894,1699,5fli_QUE_C_301,1,unimol,,,,,0,26.65
76,0,4920,702,2o7d_DHC_A_701,6,smina,,,,,0,1.5398351
77,0,6757,965,3w4i_8LG_A_402,2,diffdock,,,,,2.0484987e-65,29.717031
78,0,12552,1793,5ioq_DUR_B_302,1,unimol,,,,,0,21.2
79,0,9328,1332,4ma8_Z80_C_301,4,gnina,,,,,8.2069673e-07,3.1229275
80,0,17803,2543,8icd_ICT_A_418,2,diffdock,,,,,1.034521e-17,22.007711
81,0,14399,2057,5yaq_ISE_D_402,0,surfdock,,,,,0,2.5800925
82,0,6384,912,3ryd_SRT_A_271,0,surfdock,,,,,0,2.3552885
83,0,11895,1699,5fli_QUE_C_301,2,diffdock,,,,,0,49.01073
84,0,589,84,1fuq_CIT_B_1002,1,unimol,,,,,0.9669304,37.81
85,0,1134,162,1if4_FBS_A_555,0,surfdock,,,,,0.99666889,2.6735158
86,0,1820,260,1m3u_KPL_D_265,0,surfdock,,,,,0.77151058,2.5396945
87,0,16104,2300,6m5m_NAG_A_202,4,gnina,,,,,6.1126849e-05,2.3632084
88,0,3567,509,1zei_CRS_D_54,4,gnina,,,,,0.99369211,1.8616979
89,0,5874,839,2y00_Y00_B_601,1,unimol,,,,,0.9853551,25.37
90,0,15398,2199,6fs7_E4Z_B_903,5,autodock,,,,,0,15.320475
91,0,8639,1234,4i0g_1B9_A_504,1,unimol,,,,,0.98539928,23.29
92,0,12320,1760,5hgz_MLA_A_303,0,surfdock,,,,,0.97848244,1.9900539
93,0,8955,1279,4jb0_FER_A_401,2,diffdock,,,,,0,23.46996
94,0,5985,855,2z48_A2G_B_2005,0,surfdock,,,,,0,2.6952069
95,0,14905,2129,6bmm_OLB_A_404,2,diffdock,,,,,0,27.954615
96,0,4567,652,2htu_BCZ_A_801,3,diffdock_l,,,,,0.98655048,11.234147
97,0,1631,233,1kya_XYD_B_612,0,surfdock,,,,,0.9916317,2.0882567
98,0,12589,1798,5ita_6DC_B_801,3,diffdock_l,,,,,7.5825496e-34,37.263413
99,0,15983,2283,6l68_ALL_A_201,2,diffdock,,,,,0.0066050463,11.421713
100,0,257,36,1cq1_BGC_B_455,5,autodock,,,,,6.5250751e-05,13.301037
101,0,12254,1750,5h8q_GLU_A_302,4,gnina,,,,,0,2.5711413
102,0,3222,460,1wmz_A2G_B_502,2,diffdock,,,,,2.5760127e-56,19.104439
103,0,1306,186,1j3i_UMP_D_711,4,gnina,,,,,0.97627229,4.3846852
104,0,3001,428,1uay_ADN_B_1002,5,autodock,,,,,0.99773771,14.011356
105,0,9606,1372,4ovl_1TD_B_308,2,diffdock,,,,,0,23.860355
106,0,2487,355,1q92_DRM_A_1001,2,diffdock,,,,,0,15.926987
107,0,6947,992,3wug_XYP_B_1,3,diffdock_l,,,,,1.1901103e-30,14.596158
108,0,15343,2191,6fld_NAG_A_602,6,smina,,,,,4.359441e-07,1.4975065
109,0,16441,2348,6o04_DNA_A_601,5,autodock,,,,,0.00040132739,200.00239
110,0,4619,659,2iht_TPP_D_600,6,smina,,,,,0.88058444,6.240423
111,0,7920,1131,4d06_NAR_F_302,3,diffdock_l,,,,,2.1532666e-36,21.723687
112,0,16315,2330,6nga_KL7_A_803,5,autodock,,,,,0,7.532138
113,0,9819,1402,4qbz_D80_B_901,5,autodock,,,,,0.99209185,13.999505
114,0,15364,2194,6flu_DTK_A_402,6,smina,,,,,0.24354271,2.733182
115,0,15189,2169,6f2b_AKG_C_402,6,smina,,,,,0.62510664,1.8287492
116,0,14139,2019,5wcz_NOJ_B_601,6,smina,,,,,0.0046810373,0.90902049
117,0,9877,1411,4r2n_PHE_D_402,0,surfdock,,,,,0.74142151,2.7501152
118,0,4376,625,2fu9_MP2_A_1410,1,unimol,,,,,0.98259031,26.89
119,0,11470,1638,5dmm_HCS_A_505,4,gnina,,,,,0.0009088102,1.6957932
120,0,9516,1359,4nkw_PLO_D_601,3,diffdock_l,,,,,0,40.894668
121,0,17244,2463,6tbx_N0Z_B_302,3,diffdock_l,,,,,0,28.001163
122,0,17491,2498,6w0x_S6J_B_301,5,autodock,,,,,6.3441516e-09,17.266625
123,0,13576,1939,5tch_MLI_G_301,3,diffdock_l,,,,,0,28.001163
124,0,2776,396,1t93_FLV_A_432,4,gnina,,,,,0.00079637273,1.8428056
125,0,8841,1263,4ict_1ED_A_406,0,surfdock,,,,,0.98235538,3.6894188
126,0,10324,1474,4ws2_6UA_A_303,6,smina,,,,,0,0.66824839
127,0,15630,2232,6ho7_GHQ_A_301,6,smina,,,,,0.98717229,1.8919143
128,0,797,113,1h18_DTL_A_9010,6,smina,,,,,0.013464461,0.95240295
129,0,3819,545,2b3f_GAL_E_3314,4,gnina,,,,,0.99699715,6.8812584
130,0,15062,2151,6dl7_ONC_A_301,5,autodock,,,,,0,14.503249
131,0,16152,2307,6md2_GW9_A_501,3,diffdock_l,,,,,0,49.807171
132,0,15061,2151,6dl7_ONC_A_301,4,gnina,,,,,0.80113347,6.5968751
133,0,2603,371,1rum_BEZ_H_1601,6,smina,,,,,0.0085915776,0.61898304
134,0,10810,1544,4zu3_4SD_D_301,2,diffdock,,,,,5.2495923e-64,30.68038
135,0,1558,222,1klk_PMD_A_653,4,gnina,,,,,0.98987492,4.4645558
136,0,15955,2279,6kxh_DY9_B_402,2,diffdock,,,,,0,43.504177
137,0,8569,1224,4hrq_AZG_A_201,1,unimol,,,,,0.97877727,19.05
138,0,2784,397,1tc2_7HP_A_800,5,autodock,,,,,1.0220562e-07,2.4983093
139,0,6504,929,3ucc_2PG_A_601,1,unimol,,,,,0,22.98
140,0,4800,685,2npq_BOG_A_2000,5,autodock,,,,,0,11.305228
141,0,11613,1659,5eo7_SFU_A_405,0,surfdock,,,,,0.86463364,2.4734548
142,0,12385,1769,5i0m_UMP_B_201,2,diffdock,,,,,1.210419e-37,28.048549
143,0,466,66,1ei6_PPF_C_413,4,gnina,,,,,0.051749333,3.64109
144,0,5105,729,2qb4_DSM_A_801,2,diffdock,,,,,0.95435495,33.287436
145,0,6063,866,2zi2_24U_H_801,1,unimol,,,,,0.98034485,19.83
146,0,7099,1014,3zp7_PRE_A_1118,1,unimol,,,,,0,20.61
147,0,16301,2328,6ng5_KMD_A_803,5,autodock,,,,,0,7.0217599
148,0,4662,666,2ipf_FFA_A_3,0,surfdock,,,,,0.97721847,3.2124498
149,0,16086,2298,6lx5_C5F_B_502,0,surfdock,,,,,5.4205958e-07,3.3250002
150,0,8224,1174,4e7v_CRS_U_101,6,smina,,,,,0.21217742,0.6157134
151,0,1408,201,1jtk_THU_B_1138,1,unimol,,,,,0.96226708,20.91
152,0,4050,578,2coj_GBN_B_420,4,gnina,,,,,0.94883069,2.453389
153,0,2521,360,1qxa_GLY_B_245,1,unimol,,,,,0.01303997,26.37
154,0,16676,2382,6png_OSG_B_804,2,diffdock,,,,,0,43.444539
155,0,9943,1420,4rje_PYR_D_402,3,diffdock_l,,,,,0,23.309621
156,0,5060,722,2pwf_BGC_D_9999,6,smina,,,,,0.00041119874,0.92755796
157,0,13793,1970,5ud3_P6F_B_404,3,diffdock_l,,,,,0,14.808392
158,0,10395,1485,4x3j_3WR_A_1201,0,surfdock,,,,,0.98624027,4.8412606
159,0,12704,1814,5j61_A3G_A_501,6,smina,,,,,0.98098989,5.0291055
160,0,9908,1415,4rg3_ECE_A_603,3,diffdock_l,,,,,0.64212673,36.575469
161,0,16669,2381,6png_OSG_B_801,2,diffdock,,,,,0,43.974943
162,0,2554,364,1rf2_BV4_E_105,6,smina,,,,,0.44423549,3.6976332
163,0,1274,182,1j0y_BGC_B_2601,0,surfdock,,,,,0.9543416,2.6449362
164,0,580,82,1fsa_F6P_B_338,6,smina,,,,,2.1935784e-05,2.1922011
165,0,3219,459,1wc7_PP3_A_1214,6,smina,,,,,1.1723819e-05,6.6478204
166,0,10627,1518,4za7_4LV_A_606,1,unimol,,,,,0.85111147,20.99
167,0,4107,586,2e1a_MSE_D_301,5,autodock,,,,,0.2562013,15.547924
168,0,831,118,1h1i_QUE_B_1356,5,autodock,,,,,0,1116.4744
169,0,17042,2434,6s7u_KZK_C_501,4,gnina,,,,,0.80972588,8.7634589
170,0,16133,2304,6m9b_BTN_B_201,5,autodock,,,,,0,16.194172
171,0,17423,2489,6vei_9UO_B_502,0,surfdock,,,,,0,4.7807088
172,0,5065,723,2pye_7PE_A_504,4,gnina,,,,,7.8604028e-10,7.7437895
173,0,1483,211,1k8z_IAG_A_501,6,smina,,,,,0,2.100078
174,0,9822,1403,4qck_ASD_A_404,1,unimol,,,,,0,20.43
175,0,5124,732,2qca_DGP_A_200,0,surfdock,,,,,0.95858971,3.3449634
176,0,10005,1429,4tq4_DMA_D_403,2,diffdock,,,,,1.888078e-53,32.176823
177,0,6335,905,3roe_THM_A_265,0,surfdock,,,,,0,3.3192129
178,0,5854,836,2xyj_WLM_A_1442,2,diffdock,,,,,0,36.799579
179,0,15186,2169,6f2b_AKG_C_402,3,diffdock_l,,,,,0.35428335,15.432256
180,1,15625,2232,6ho7_GHQ_A_301,1,unimol,1.0435971,1.442695,1.5356022,0,0.99041379,17.99
181,1,12251,1750,5h8q_GLU_A_302,1,unimol,1.0109392,1.4426132,1.5356022,0,0,23.91
182,1,5104,729,2qb4_DSM_A_801,1,unimol,1.0020559,1.4425314,1.5356022,0,0.98902921,22.86
183,1,11893,1699,5fli_QUE_C_301,0,surfdock,0.99542675,1.4424495,1.5356022,0,0,5.7402666
184,1,6503,929,3ucc_2PG_A_601,0,surfdock,0.99248866,1.4422449,1.5356022,0,0,2.5801554
185,1,7098,1014,3zp7_PRE_A_1118,0,surfdock,0.99248866,1.4422449,1.5356022,0,0,3.2090018
186,1,11319,1617,5cmb_GLY_A_301,0,surfdock,0.99248866,1.4422449,1.5356022,0,0,2.1297035
187,1,12551,1793,5ioq_DUR_B_302,0,surfdock,0.99248866,1.4422449,1.5356022,0,0.00010326938,3.0360627
188,1,5391,770,2rbx_3AY_X_2001,1,unimol,0.9924591,1.4417948,1.5356022,0,0.73531767,15.68
189,1,5986,855,2z48_A2G_B_2005,1,unimol,0.9924591,1.4417948,1.5356022,0,0.93542738,19.95
190,1,6336,905,3roe_THM_A_265,1,unimol,0.9924591,1.4417948,1.5356022,0,0,20.7
191,1,6385,912,3ryd_SRT_A_271,1,unimol,0.9924591,1.4417948,1.5356022,0,0.4721969,18.22
192,1,13511,1930,5t6b_TMP_D_503,1,unimol,0.9924591,1.4417948,1.5356022,0,0,27.55
193,1,13679,1954,5tix_OQR_B_302,1,unimol,0.9924591,1.4417948,1.5356022,0,0.9639552,22.03
194,1,14400,2057,5yaq_ISE_D_402,1,unimol,0.9924591,1.4417948,1.5356022,0,0,26.32
195,1,16087,2298,6lx5_C5F_B_502,1,unimol,0.99245892,1.4414675,1.5356022,0,0.83880029,25.07
196,1,6629,947,3vca_PRO_A_504,0,surfdock,0.97432178,1.4413038,1.5356022,0,0.90096218,2.069561
197,1,1912,273,1mmx_FUC_B_348,1,unimol,0.95260183,1.441222,1.5356022,0,0.92972479,18.7
198,1,12699,1814,5j61_A3G_A_501,1,unimol,0.95228171,1.4411401,1.5356022,0,0.98003429,21.38
199,1,4614,659,2iht_TPP_D_600,1,unimol,0.9391984,1.4410583,1.5356022,0,0.99062302,25.12
200,1,9821,1403,4qck_ASD_A_404,0,surfdock,0.9194959,1.4409765,1.5356022,0,0.97764501,2.5859804
201,1,3634,519,1zmt_RNO_B_1001,1,unimol,0.90387987,1.4408537,1.5356022,0,0.96317512,20.22
202,1,14099,2014,5w5t_9X7_A_506,1,unimol,0.90387987,1.4408537,1.5356022,0,0,31.15
203,1,5062,723,2pye_7PE_A_504,1,unimol,0.90387986,1.440731,1.5356022,0,0.82942184,31.79
204,1,16101,2300,6m5m_NAG_A_202,1,unimol,0.90384237,1.4405673,1.5356022,0,0.96336168,14.03
205,1,2024,289,1njr_XYL_A_285,1,unimol,0.90384216,1.4404855,1.5356022,0,0.83104973,25
206,1,358,51,1dpm_EBP_B_902,1,unimol,0.90379156,1.4404036,1.5356022,0,0.91797723,21.44
207,1,9087,1298,4kfj_1R0_A_202,1,unimol,0.90372096,1.4403218,1.5356022,0,0.31133906,22.65
208,1,2773,396,1t93_FLV_A_432,1,unimol,0.90339137,1.4402399,1.5356022,0,0.9833779,16.77
209,1,11467,1638,5dmm_HCS_A_505,1,unimol,0.9033224,1.4401581,1.5356022,0,0.48373169,21.48
210,1,15184,2169,6f2b_AKG_C_402,1,unimol,0.88859026,1.4400763,1.5356022,0,0.8351685,20.08
211,1,9479,1354,4ni1_2JX_A_204,1,unimol,0.88556027,1.4399944,1.5356022,0,0,19.37
212,1,463,66,1ei6_PPF_C_413,1,unimol,0.87213665,1.4399126,1.5356022,0,0.85570918,22.07
213,1,11897,1699,5fli_QUE_C_301,4,gnina,0.86042645,1.4398308,1.5356022,0,0.97037544,7.2920287
214,1,6507,929,3ucc_2PG_A_601,4,gnina,0.85663595,1.4396262,1.5356022,0,0.99474864,2.3813394
215,1,7102,1014,3zp7_PRE_A_1118,4,gnina,0.85663595,1.4396262,1.5356022,0,0.96707904,4.1647626
216,1,11323,1617,5cmb_GLY_A_301,4,gnina,0.85663595,1.4396262,1.5356022,0,0.99882663,2.5438189
217,1,12555,1793,5ioq_DUR_B_302,4,gnina,0.85663595,1.4396262,1.5356022,0,0.00038103628,2.9828584
218,1,5128,732,2qca_DGP_A_200,4,gnina,0.8546403,1.4394216,1.5356022,0,5.5223923e-09,3.478242
219,1,6633,947,3vca_PRO_A_504,4,gnina,0.82754741,1.4392579,1.5356022,0,4.7754138e-08,2.0398399
220,1,3815,545,2b3f_GAL_E_3314,0,surfdock,0.81827636,1.4391761,1.5356022,0,0,2.828061
221,1,8554,1222,4hon_AKG_B_401,0,surfdock,0.81723782,1.4390942,1.5356022,0,0.99329821,2.7992165
222,1,3563,509,1zei_CRS_D_54,0,surfdock,0.81655657,1.4390124,1.5356022,0,0.036488016,2.1399407
223,1,1554,222,1klk_PMD_A_653,0,surfdock,0.81457029,1.4389306,1.5356022,0,0.99428941,4.0786649
224,1,15043,2149,6cut_FEJ_C_401,0,surfdock,0.81364691,1.4388487,1.5356022,0,0.95382874,4.7010485
225,1,1302,186,1j3i_UMP_D_711,0,surfdock,0.80749214,1.4387669,1.5356022,0,0.98312368,3.5666614
226,1,17045,2435,6s9g_L1Q_A_305,0,surfdock,0.79657365,1.4386851,1.5356022,0,0.99700611,3.2533709
227,1,8644,1234,4i0g_1B9_A_504,6,smina,0.79620312,1.4386032,1.5356022,0,0.00078862754,3.9526249
228,1,4046,578,2coj_GBN_B_420,0,surfdock,0.79321285,1.4385214,1.5356022,0,0.99002875,2.8197495
229,1,5109,729,2qb4_DSM_A_801,6,smina,0.78729626,1.4384395,1.5356022,0,0,2.2200166
230,2,13567,1938,5tch_MLI_F_501,1,unimol,0.92510771,1.442695,1.8343718,0,0.90786412,24.52
231,2,1289,184,1j0y_BGC_D_4601,1,unimol,0.92481463,1.4425309,1.8343718,0,0.9816682,24.6
232,2,14519,2074,5ykt_PMP_A_501,1,unimol,0.92417749,1.4423668,1.8343718,0,0.99035337,20.87
233,2,8842,1263,4ict_1ED_A_406,1,unimol,0.92320053,1.4422026,1.8343718,0,0.96989592,22.42
234,2,12321,1760,5hgz_MLA_A_303,1,unimol,0.92273093,1.4421206,1.8343718,0,0.6770346,25.74
235,2,4663,666,2ipf_FFA_A_3,1,unimol,0.92257823,1.4420385,1.8343718,0,0,23
236,2,1275,182,1j0y_BGC_B_2601,1,unimol,0.91986157,1.4419564,1.8343718,0,0.98244992,24.28
237,2,17046,2435,6s9g_L1Q_A_305,1,unimol,0.87341916,1.4418743,1.8343718,0,0.97132235,16.52
238,2,8555,1222,4hon_AKG_B_401,1,unimol,0.86709229,1.4416281,1.8343718,0,0,14.91
239,2,1303,186,1j3i_UMP_D_711,1,unimol,0.86267731,1.441464,1.8343718,0,0,27.58
240,2,1135,162,1if4_FBS_A_555,1,unimol,0.92495836,1.441441,1.8461969,0,0.98795365,17.58
241,2,11614,1659,5eo7_SFU_A_405,1,unimol,0.85948608,1.4413819,1.8343718,0,0.95290717,17.57
242,2,12698,1814,5j61_A3G_A_501,0,surfdock,0.85221085,1.4410537,1.8343718,0,0.98920645,3.6518427
243,2,2549,364,1rf2_BV4_E_105,1,unimol,0.84078787,1.4408895,1.8343718,0,0.92698486,22.41
244,2,1821,260,1m3u_KPL_D_265,1,unimol,0.7968098,1.4408074,1.8343718,0,0.90010893,24.29
245,2,9325,1332,4ma8_Z80_C_301,1,unimol,0.79642986,1.4407254,1.8343718,0,0.73788609,26.63
246,2,9878,1411,4r2n_PHE_D_402,1,unimol,0.77655847,1.4404792,1.8343718,0,0.96054985,23.91
247,2,1127,161,1hsr_BHO_A_800,0,surfdock,0.77580502,1.4403971,1.8343718,0,0.99664928,2.4557929
248,2,5873,839,2y00_Y00_B_601,0,surfdock,0.77133106,1.440315,1.8343718,0,0.99473563,3.9578664
249,2,4375,625,2fu9_MP2_A_1410,0,surfdock,0.76943688,1.440233,1.8343718,0,0.98379741,3.3610752
250,2,6062,866,2zi2_24U_H_801,0,surfdock,0.7678985,1.4401509,1.8343718,0,0.94760229,3.8489437
251,2,16100,2300,6m5m_NAG_A_202,0,surfdock,0.76731225,1.4400688,1.8343718,0,0.00024894146,2.856397
252,2,8568,1224,4hrq_AZG_A_201,0,surfdock,0.76682453,1.4399047,1.8343718,0,0.012747853,2.4478447
253,2,560,80,1fs5_16G_A_1267,0,surfdock,0.7639078,1.4398226,1.8343718,0,0.22979798,2.7611592
254,2,1407,201,1jtk_THU_B_1138,0,surfdock,0.75551325,1.4395764,1.8343718,0,0.98802818,3.0898941
255,2,357,51,1dpm_EBP_B_902,0,surfdock,0.74238605,1.4392481,1.8343718,0,0.75421767,3.0546961
256,2,15183,2169,6f2b_AKG_C_402,0,surfdock,0.73869021,1.4391661,1.8343718,0,0.71480457,2.6836751
257,2,5622,803,2wd2_MS5_A_1263,1,unimol,0.72910177,1.439084,1.8343718,0,0.96556406,24.69
258,2,12700,1814,5j61_A3G_A_501,2,diffdock,0.70496065,1.4388378,1.8343718,0,0,41.9571
259,2,462,66,1ei6_PPF_C_413,0,surfdock,0.70302718,1.4387557,1.8343718,0,0,2.0903972
260,2,2023,289,1njr_XYL_A_285,0,surfdock,0.69872966,1.4385916,1.8343718,0,0.9371685,2.4862078
261,2,5061,723,2pye_7PE_A_504,0,surfdock,0.69797611,1.4385095,1.8343718,0,0,3.4923835
262,2,2524,360,1qxa_GLY_B_245,4,gnina,0.68799497,1.4383454,1.8343718,0,0,3.479631
263,2,13570,1938,5tch_MLI_F_501,4,gnina,0.66451821,1.4380171,1.8343718,0,0.21282054,8.256084
264,2,1292,184,1j0y_BGC_D_4601,4,gnina,0.66356808,1.437853,1.8343718,0,0.99544638,5.5191117
265,2,14522,2074,5ykt_PMP_A_501,4,gnina,0.66149182,1.4376888,1.8343718,0,0.1512955,5.3467384
266,2,17038,2434,6s7u_KZK_C_501,0,surfdock,0.65664541,1.4371964,1.8343718,0,0,4.4994345
267,2,4666,666,2ipf_FFA_A_3,4,gnina,0.65621346,1.4371143,1.8343718,0,0.012948833,3.8159797
268,2,4460,637,2giq_NN2_A_1001,1,unimol,0.65425684,1.4362116,1.8343718,0,0.97800861,19.25
269,2,5888,841,2y4j_LAC_A_400,1,unimol,0.65425684,1.4362116,1.8343718,0,0.86898395,22.93
270,2,6945,992,3wug_XYP_B_1,1,unimol,0.65425684,1.4362116,1.8343718,0,0,18.09
271,2,8884,1269,4itu_1HS_D_302,1,unimol,0.65425684,1.4362116,1.8343718,0,0.96064718,23.02
272,2,13574,1939,5tch_MLI_G_301,1,unimol,0.65425684,1.4362116,1.8343718,0,0.8127758,32.48
273,2,15450,2207,6gck_EUB_B_302,1,unimol,0.65425684,1.4362116,1.8343718,0,0.9764824,22.45
274,2,15569,2224,6hmw_FUL_A_203,1,unimol,0.65425684,1.4362116,1.8343718,0,0.97812596,21.75
275,2,17242,2463,6tbx_N0Z_B_302,1,unimol,0.65425684,1.4362116,1.8343718,0,0.98663721,17
276,2,2913,416,1tt6_DES_A_129,1,unimol,0.64882589,1.4353088,1.8343718,0,0,22.15
277,2,1278,182,1j0y_BGC_B_2601,4,gnina,0.64704325,1.4351447,1.8343718,0,0.91602912,6.8330639
278,2,4817,688,2nry_STU_C_503,1,unimol,0.64699065,1.4350626,1.8343718,0,0.98307711,24.04
279,2,12426,1775,5i8z_JA1_A_302,1,unimol,0.64085021,1.4347343,1.8343718,0,0.97862476,23.61
280,3,1632,233,1kya_XYD_B_612,1,unimol,0.91865158,1.442695,1.8615452,0,0.9752551,22.22
281,3,10396,1485,4x3j_3WR_A_1201,1,unimol,0.91832282,1.4426127,1.8615452,0,0.97209732,25.44
282,3,4613,659,2iht_TPP_D_600,0,surfdock,0.90907135,1.4423658,1.8615452,0,0.41478749,6.4589117
283,3,15044,2149,6cut_FEJ_C_401,1,unimol,0.89578479,1.4422835,1.8615452,0,0.93209002,23.59
284,3,4047,578,2coj_GBN_B_420,1,unimol,0.89500469,1.4421189,1.8615452,0,0.98307273,24.31
285,3,15624,2232,6ho7_GHQ_A_301,0,surfdock,0.86983541,1.4420366,1.8615452,0,0,3.2805673
286,3,2548,364,1rf2_BV4_E_105,0,surfdock,0.7621355,1.441872,1.8615452,0,0,3.4562252
287,3,5103,729,2qb4_DSM_A_801,0,surfdock,0.75592549,1.4417074,1.8615452,0,0.9771008,3.6124669
288,3,539,77,1foi_14W_B_810,0,surfdock,0.74809282,1.4416251,1.8615452,0,0,2.4186603
289,3,12425,1775,5i8z_JA1_A_302,0,surfdock,0.73940731,1.4414605,1.8615452,0,0.98746334,3.8467733
290,3,15568,2224,6hmw_FUL_A_203,0,surfdock,0.73634352,1.4413782,1.8615452,0,0.99471794,2.2393444
291,3,4459,637,2giq_NN2_A_1001,0,surfdock,0.73626618,1.4412959,1.8615452,0,0.99421199,4.5222768
292,3,13888,1984,5unx_8F1_B_803,0,surfdock,0.73536488,1.4412136,1.8615452,0,0.98437922,4.0167592
293,3,588,84,1fuq_CIT_B_1002,0,surfdock,0.7308987,1.4409667,1.8615452,0,0.42350044,2.4601984
294,3,12390,1770,5i3p_68T_A_1003,0,surfdock,0.72513876,1.4408844,1.8615452,0,0.63926864,4.5529878
295,3,8883,1269,4itu_1HS_D_302,0,surfdock,0.72482373,1.4408021,1.8615452,0,5.1528215e-06,2.9139994
296,3,12391,1770,5i3p_68T_A_1003,1,unimol,0.72456211,1.4407198,1.8615452,0,0.93984835,35.4
297,3,2870,410,1tl2_NDG_A_239,0,surfdock,0.72251781,1.4406375,1.8615452,0,0.97786416,2.8054267
298,3,2772,396,1t93_FLV_A_432,0,surfdock,0.71594878,1.4405552,1.8615452,0,0.99533845,2.8296121
299,3,8638,1234,4i0g_1B9_A_504,0,surfdock,0.7570152,1.4403309,1.8758055,0,0.80440916,3.924105
300,3,4103,586,2e1a_MSE_D_301,1,unimol,0.70721382,1.4403082,1.8615452,0,0.96764968,19.22
301,3,15057,2151,6dl7_ONC_A_301,0,surfdock,0.70657332,1.4402259,1.8615452,0,0.9216076,4.5531512
302,3,3633,519,1zmt_RNO_B_1001,0,surfdock,0.7063433,1.4401436,1.8615452,0,0.98887301,2.8061384
303,3,3038,434,1uxi_FUM_A_1311,0,surfdock,0.69687065,1.439979,1.8615452,0,0,4.379057
304,3,3592,513,1zfj_IMP_A_500,1,unimol,0.69386405,1.4394852,1.8615452,0,0,23.65
305,3,7918,1131,4d06_NAR_F_302,1,unimol,0.69386405,1.4394852,1.8615452,0,0.22789637,22.34
306,3,9941,1420,4rje_PYR_D_402,1,unimol,0.69386405,1.4394852,1.8615452,0,0.8902379,22
307,3,12587,1798,5ita_6DC_B_801,1,unimol,0.69386405,1.4394852,1.8615452,0,0.98211419,20.33
308,3,13385,1912,5ocm_9RH_F_302,1,unimol,0.69386405,1.4394852,1.8615452,0,0.99175557,27.14
309,3,13791,1970,5ud3_P6F_B_404,1,unimol,0.69386405,1.4394852,1.8615452,0,0.78959554,19.08
310,3,16150,2307,6md2_GW9_A_501,1,unimol,0.69386405,1.4394852,1.8615452,0,0.97140064,24.82
311,3,4565,652,2htu_BCZ_A_801,1,unimol,0.69173275,1.4388268,1.8615452,0,0,23.01
312,3,15863,2266,6jz4_EVA_B_701,1,unimol,0.68136305,1.4384153,1.8615452,0,0.54291179,17.75
313,3,22,3,1a59_CIT_A_379,1,unimol,0.68095592,1.4382507,1.8615452,0,0.93714712,20.12
314,3,29,4,1a9r_HPA_A_290,1,unimol,0.68095592,1.4381684,1.8615452,0,0,23.95
315,3,15449,2207,6gck_EUB_B_302,0,surfdock,0.73526029,1.4380964,1.8912692,0,0.98790333,3.3399866
316,3,17668,2524,6zi7_QR8_D_502,0,surfdock,0.68790394,1.4183152,2.0644658,0,2.0707183e-06,3.8965149
317,3,9906,1415,4rg3_ECE_A_603,1,unimol,0.68712978,1.417195,2.0750413,0,0.98836796,17.91
318,3,15058,2151,6dl7_ONC_A_301,1,unimol,0.69959443,1.4134924,2.1278338,0,0.97769207,27.6
319,3,11516,1645,5dt0_SKE_A_401,1,unimol,0.69386405,1.4042979,2.2172942,0,0,16.49
320,3,14162,2023,5wgv_PM7_A_713,1,unimol,0.69386405,1.4042708,2.2175772,0,0,27.84
321,3,15359,2194,6flu_DTK_A_402,1,unimol,0.7329582,1.3481288,2.8551984,0,0.94189285,20.72
322,3,17241,2463,6tbx_N0Z_B_302,0,surfdock,0.74195314,1.3474791,2.8682213,0,0.99118029,2.6949497
323,3,1555,222,1klk_PMD_A_653,1,unimol,0.89540297,1.3448424,2.906471,0,0.98386265,23.55
324,3,43,6,1aej_NVI_A_296,1,unimol,0.68095592,1.3406389,1.8615452,0,0.98628294,15.89
325,3,50,7,1aer_TIA_B_700,1,unimol,0.68095592,1.3406389,1.8615452,0,0,21.82
326,3,57,8,1aia_PMP_A_411,1,unimol,0.68095592,1.3406389,1.8615452,0,0,25.11
327,3,64,9,1aiq_CB3_A_266,1,unimol,0.68095592,1.3406389,1.8615452,0,0,23.16
328,3,71,10,1aiq_UMP_A_265,1,unimol,0.68095592,1.3406389,1.8615452,0,0.81022196,15.39
329,3,78,11,1aiq_UMP_B_266,1,unimol,0.68095592,1.3406389,1.8615452,0,0,24.56
330,4,3564,509,1zei_CRS_D_54,1,unimol,0.81544478,1.3996034,2.37359,0,0.96964612,21.94
331,4,134,19,1axg_ETF_A_404,1,unimol,0.66425572,1.3424104,1.9522033,0,0.95193289,21.96
332,4,141,20,1axg_ETF_B_404,1,unimol,0.66425572,1.3424104,1.9522033,0,0.98447323,24.92
333,4,148,21,1axg_ETF_C_404,1,unimol,0.66425572,1.3424104,1.9522033,0,0.96246439,19.85
334,4,155,22,1axg_ETF_D_404,1,unimol,0.66425572,1.3424104,1.9522033,0,0.97108532,22.04
335,4,190,27,1bqp_MAN_B_401,1,unimol,0.66425572,1.3424104,1.9522033,0,0.96333196,23.29
336,4,491,70,1eyw_PEL_A_404,1,unimol,0.66425572,1.3424104,1.9522033,0,0.96758981,17.15
337,4,1646,235,1l4f_150_A_990,1,unimol,0.66425572,1.3424104,1.9522033,0,0.98467331,15.58
338,4,3655,522,1zng_HE4_A_202,1,unimol,0.66425572,1.3424104,1.9522033,0,0.96792676,21.29
339,4,3725,532,2a5t_GLY_A_1001,1,unimol,0.66425572,1.3424104,1.9522033,0,0,16.64
340,4,4096,585,2dm5_ODI_A_312,1,unimol,0.66425572,1.3424104,1.9522033,0,0.96308835,17.76
341,4,4488,641,2gx5_PCG_C_514,1,unimol,0.66425572,1.3424104,1.9522033,0,0,20.92
342,4,6140,877,2zvq_1NP_X_501,1,unimol,0.66425572,1.3424104,1.9522033,0,0.064714539,19.97
343,4,6147,878,2zvq_1NP_X_502,1,unimol,0.66425572,1.3424104,1.9522033,0,2.6746594e-06,15.73
344,4,6231,890,3qhd_MSR_A_166,1,unimol,0.66425572,1.3424104,1.9522033,0,0.99091825,18.27
345,4,6399,914,3se2_3AB_C_4,1,unimol,0.66425572,1.3424104,1.9522033,0,0.97637724,21.86
346,4,6406,915,3se2_3AB_D_3,1,unimol,0.66425572,1.3424104,1.9522033,0,0.98617436,21.6
347,4,7323,1046,4al9_GLA_A_1123,1,unimol,0.66425572,1.3424104,1.9522033,0,0.982636,21.23
348,4,7330,1047,4al9_GLA_B_1123,1,unimol,0.66425572,1.3424104,1.9522033,0,0.97171405,20.26
349,4,7337,1048,4al9_GLA_C_1123,1,unimol,0.66425572,1.3424104,1.9522033,0,0.97494753,20.87
350,4,7344,1049,4al9_GLA_D_1123,1,unimol,0.66425572,1.3424104,1.9522033,0,0.96796943,21.84
351,4,7351,1050,4al9_GLA_G_1123,1,unimol,0.66425572,1.3424104,1.9522033,0,0.96471079,21.49
352,4,8086,1155,4dt8_ADN_A_401,1,unimol,0.66425572,1.3424104,1.9522033,0,0.99032548,20.25
353,4,8093,1156,4dt8_ADN_B_401,1,unimol,0.66425572,1.3424104,1.9522033,0,0.98551584,16.23
354,4,8100,1157,4dtb_GMP_B_401,1,unimol,0.66425572,1.3424104,1.9522033,0,0,18.84
355,4,8359,1194,4fra_GAL_A_402,1,unimol,0.66425572,1.3424104,1.9522033,0,0.98949227,20.46
356,4,8464,1209,4gy9_ZIP_A_201,1,unimol,0.66425572,1.3424104,1.9522033,0,0.98823186,15.7
357,4,9549,1364,4nv0_MG7_B_402,1,unimol,0.66425572,1.3424104,1.9522033,0,0,19.34
358,5,490,70,1eyw_PEL_A_404,0,surfdock,0.72431432,1.3752869,2.6501367,0,0.0035114931,2.2868052
359,5,274,39,1d6u_PEA_A_2003,1,unimol,0.68542629,1.3424562,2.0298827,0,0.97472167,20.41
360,5,414,59,1e48_13P_P_302,1,unimol,0.68542629,1.3424562,2.0298827,0,0,19.05
361,5,2290,327,1p7l_MET_A_485,1,unimol,0.68542629,1.3424562,2.0298827,0,0,23.56
362,5,2297,328,1p7l_MET_B_385,1,unimol,0.68542629,1.3424562,2.0298827,0,0,19.67
363,5,2633,376,1s2c_FLF_A_2001,1,unimol,0.68542629,1.3424562,2.0298827,0,0.97556009,21.32
364,5,2640,377,1s2c_FLF_A_2002,1,unimol,0.68542629,1.3424562,2.0298827,0,0.93205554,18.34
365,5,4257,608,2f78_BEZ_A_1001,1,unimol,0.68542629,1.3424562,2.0298827,0,0.98845297,22.09
366,5,4264,609,2f78_BEZ_A_1003,1,unimol,0.68542629,1.3424562,2.0298827,0,0.99297058,15.91
367,5,4271,610,2f78_BEZ_B_1002,1,unimol,0.68542629,1.3424562,2.0298827,0,0.9960496,23.36
368,5,4278,611,2f78_BEZ_B_1004,1,unimol,0.68542629,1.3424562,2.0298827,0,0.99145624,23.28
369,5,5279,754,2qvr_CIT_A_335,1,unimol,0.68542629,1.3424562,2.0298827,0,0.9596157,18.65
370,5,5286,755,2qvr_FDP_A_333,1,unimol,0.68542629,1.3424562,2.0298827,0,0,21.82
371,5,5839,834,2xya_7L4_A_1181,1,unimol,0.68542629,1.3424562,2.0298827,0,0.97457555,21
372,5,6175,882,3mk1_NPO_A_912,1,unimol,0.68542629,1.3424562,2.0298827,0,0.42969763,17.24
373,5,6182,883,3mk1_NPO_A_913,1,unimol,0.68542629,1.3424562,2.0298827,0,0.99051552,35.56
374,5,6420,917,3sj1_DXC_X_75,1,unimol,0.68542629,1.3424562,2.0298827,0,0.98290361,20.61
375,5,6700,957,3vq4_0NX_A_304,1,unimol,0.68542629,1.3424562,2.0298827,0,0.98286377,16.24
376,5,6707,958,3vq4_0NX_A_305,1,unimol,0.68542629,1.3424562,2.0298827,0,0.9885928,13.8
377,5,6714,959,3vq4_0NX_B_303,1,unimol,0.68542629,1.3424562,2.0298827,0,0.97810158,17.71
378,5,6721,960,3vq5_MMJ_A_1007,1,unimol,0.68542629,1.3424562,2.0298827,0,0.99052549,14.39
379,5,6728,961,3vq5_MMJ_B_307,1,unimol,0.68542629,1.3424562,2.0298827,0,0.99671805,19.8
380,5,6735,962,3vqe_FMQ_A_1006,1,unimol,0.68542629,1.3424562,2.0298827,0,0.44565346,15.78
381,5,6742,963,3vqe_FMQ_B_306,1,unimol,0.68542629,1.3424562,2.0298827,0,0.47430214,20.15
382,5,6903,986,3wqs_KBK_B_503,1,unimol,0.68542629,1.3424562,2.0298827,0,0.89480911,24.57
383,5,7190,1027,4a3u_NCA_A_1359,1,unimol,0.68542629,1.3424562,2.0298827,0,0.98028514,23.23
384,5,7197,1028,4a3u_NCA_B_1359,1,unimol,0.68542629,1.3424562,2.0298827,0,0.94658498,17.36
385,5,7225,1032,4a7x_UDP_B_1241,1,unimol,0.68542629,1.3424562,2.0298827,0,0.94395304,27.57
386,5,7645,1092,4cju_JNS_A_1217,1,unimol,0.68542629,1.3424562,2.0298827,0,0.92148333,20.66
387,5,7652,1093,4cju_JNS_B_1214,1,unimol,0.68542629,1.3424562,2.0298827,0,0.98273282,19.28
388,5,7659,1094,4cjv_IV2_A_1212,1,unimol,0.68542629,1.3424562,2.0298827,0,0.99705003,18.04
389,5,7666,1095,4cjw_CBJ_A_1215,1,unimol,0.68542629,1.3424562,2.0298827,0,0.94785945,20.91
390,5,7673,1096,4cjw_CBJ_B_1217,1,unimol,0.68542629,1.3424562,2.0298827,0,0.9296023,18.42
391,5,8415,1202,4ghf_4NC_D_402,1,unimol,0.68542629,1.3424562,2.0298827,0,0.93203626,19.96
392,5,9241,1320,4lol_1YE_A_401,1,unimol,0.68542629,1.3424562,2.0298827,0,0.97465019,16.14
393,5,9598,1371,4ovl_1TD_A_308,1,unimol,0.68542629,1.3424562,2.0298827,0,0.94330338,19.99
394,5,9969,1424,4rql_SNE_A_505,1,unimol,0.68542629,1.3424562,2.0298827,0,0.89078395,27.53
395,5,10165,1452,4ur9_BK9_B_1717,1,unimol,0.68542629,1.3424562,2.0298827,0,0.99591362,23.65
396,5,10725,1532,4zib_4OG_A_512,1,unimol,0.68542629,1.3424562,2.0298827,0,0.97114356,20.64
397,5,11033,1576,5afy_WCE_H_1248,1,unimol,0.68542629,1.3424562,2.0298827,0,0.99125566,18.77
398,5,11152,1593,5bkd_RCF_A_503,1,unimol,0.68542629,1.3424562,2.0298827,0,0,23.8
399,5,11159,1594,5bkd_RCF_B_503,1,unimol,0.68542629,1.3424562,2.0298827,0,0,23.69
400,5,11313,1616,5clo_NS8_M_101,1,unimol,0.68542629,1.3424562,2.0298827,0,0.98830412,18.69
401,5,13049,1864,5lu8_5KN_A_306,1,unimol,0.68542629,1.3424562,2.0298827,0,1.5998133e-06,19.75
402,5,13322,1903,5o4j_9KH_B_302,1,unimol,0.68542629,1.3424562,2.0298827,0,0.96169539,18.58
403,5,15814,2259,6jwy_PH2_A_802,1,unimol,0.68542629,1.3424562,2.0298827,0,0,23.49
404,5,15870,2267,6jz6_CKX_B_701,1,unimol,0.68542629,1.3424562,2.0298827,0,0.96911284,18.98
405,5,17018,2431,6s39_K5Z_A_301,1,unimol,0.68542629,1.3424562,2.0298827,0,0.97379937,26.44
406,5,8030,1147,4dch_GLC_A_501,1,unimol,0.68542629,1.3399538,2.0538802,0,0.98351441,19.51
407,5,1086,155,1ho5_ADN_A_1604,1,unimol,0.68542629,1.3392443,2.0607045,0,0.94587035,23.07
408,6,8219,1174,4e7v_CRS_U_101,1,unimol,0.72561926,1.4382572,2.1235993,0,0.99039757,20.67
409,6,8205,1172,4e7v_CRS_Q_101,1,unimol,0.71210976,1.4378438,2.1235993,0,0.98753869,20.18
410,6,169,24,1bit_BEN_A_246,1,unimol,0.70950392,1.3468111,2.0888989,0,0.94326616,19.15
411,6,176,25,1bit_BEN_A_247,1,unimol,0.70950392,1.3468111,2.0888989,0,0.83814091,18.28
412,6,379,54,1dy3_87Y_A_201,1,unimol,0.70950392,1.3468111,2.0888989,0,0.97766173,23.26
413,6,435,62,1e7h_PLM_A_1007,1,unimol,0.70950392,1.3468111,2.0888989,0,0.96956467,21.49
414,6,442,63,1e8g_FCR_B_601,1,unimol,0.70950392,1.3468111,2.0888989,0,0.97599423,16.59
415,6,785,112,1h18_DTL_A_9009,1,unimol,0.70950392,1.3468111,2.0888989,0,0,28.84
416,6,799,114,1h18_DTL_B_9009,1,unimol,0.70950392,1.3468111,2.0888989,0,0,19.24
417,6,806,115,1h18_DTL_B_9010,1,unimol,0.70950392,1.3468111,2.0888989,0,0,19.29
418,6,1394,199,1jla_TNK_A_999,1,unimol,0.70950392,1.3468111,2.0888989,0,0,22.97
419,6,1485,212,1kae_HSO_A_1001,1,unimol,0.70950392,1.3468111,2.0888989,0,0,15.62
420,6,1583,226,1kuj_MMA_A_501,1,unimol,0.70950392,1.3468111,2.0888989,0,0.94941724,21.37
421,6,1590,227,1kuj_MMA_C_502,1,unimol,0.70950392,1.3468111,2.0888989,0,0.94943352,21.97
422,6,1597,228,1kuj_MMA_E_503,1,unimol,0.70950392,1.3468111,2.0888989,0,0.96051019,24
423,6,1604,229,1kuj_MMA_G_504,1,unimol,0.70950392,1.3468111,2.0888989,0,0.96582449,15.3
424,6,1961,280,1n1i_HIS_C_501,1,unimol,0.70950392,1.3468111,2.0888989,0,0,17.5
425,6,2031,290,1nme_159_B_9002,1,unimol,0.70950392,1.3468111,2.0888989,0,0.96439468,19.69
426,6,2654,379,1s5s_PG3_A_1,1,unimol,0.70950392,1.3468111,2.0888989,0,0.94968726,21.18
427,6,2661,380,1s6h_4BZ_A_1,1,unimol,0.70950392,1.3468111,2.0888989,0,0.97821881,18.9
428,6,2850,407,1tkh_DPN_A_911,1,unimol,0.70950392,1.3468111,2.0888989,0,0.96400167,24.25
429,6,2885,412,1toq_AMG_A_501,1,unimol,0.70950392,1.3468111,2.0888989,0,0.95893793,24.01
430,6,2892,413,1toq_AMG_C_502,1,unimol,0.70950392,1.3468111,2.0888989,0,0.92745487,15.74
431,6,2899,414,1toq_AMG_G_504,1,unimol,0.70950392,1.3468111,2.0888989,0,0.94595247,17.56
432,6,2934,419,1u18_HSM_A_401,1,unimol,0.70950392,1.3468111,2.0888989,0,0,17.83
433,6,2941,420,1u18_HSM_B_402,1,unimol,0.70950392,1.3468111,2.0888989,0,0,21.72
434,6,3109,444,1vkf_CIT_A_501,1,unimol,0.70950392,1.3468111,2.0888989,0,0.86734174,24.29
435,6,3116,445,1vkf_CIT_C_502,1,unimol,0.70950392,1.3468111,2.0888989,0,0.757633,19.31
436,6,3123,446,1vkf_CIT_D_503,1,unimol,0.70950392,1.3468111,2.0888989,0,0.90373428,26.79
437,6,3165,452,1w3t_3GR_A_1297,1,unimol,0.70950392,1.3468111,2.0888989,0,0.98621475,16.38
438,6,3172,453,1w3t_3GR_B_1297,1,unimol,0.70950392,1.3468111,2.0888989,0,0.79823146,19.84
439,6,3179,454,1w3t_3GR_D_1297,1,unimol,0.70950392,1.3468111,2.0888989,0,0,24.46
440,6,3326,475,1xid_ASC_A_389,1,unimol,0.70950392,1.3468111,2.0888989,0,0.89814863,15.76
441,6,3375,482,1xuf_BAZ_A_246,1,unimol,0.70950392,1.3468111,2.0888989,0,0.64714897,17.98
442,6,3452,493,1yik_MM1_A_500,1,unimol,0.70950392,1.3468111,2.0888989,0,0,25.83
443,6,3543,506,1zei_CRS_A_54,1,unimol,0.70950392,1.3468111,2.0888989,0,0.98369584,16.07
444,6,3550,507,1zei_CRS_B_56,1,unimol,0.70950392,1.3468111,2.0888989,0,0.98598671,17.97
445,6,3557,508,1zei_CRS_C_56,1,unimol,0.70950392,1.3468111,2.0888989,0,0.99193138,19.95
446,6,3571,510,1zei_CRS_E_54,1,unimol,0.70950392,1.3468111,2.0888989,0,0.98713007,14.93
447,6,3578,511,1zei_CRS_F_54,1,unimol,0.70950392,1.3468111,2.0888989,0,0.99076024,23.48
448,6,3585,512,1zei_CRS_F_55,1,unimol,0.70950392,1.3468111,2.0888989,0,0.98633146,18.51
449,6,3921,560,2bxh_IOS_A_1001,1,unimol,0.70950392,1.3468111,2.0888989,0,0.98585939,18.25
450,6,3928,561,2bxh_IOS_A_1002,1,unimol,0.70950392,1.3468111,2.0888989,0,0,19.48
451,6,3935,562,2bxh_IOS_B_1002,1,unimol,0.70950392,1.3468111,2.0888989,0,0.92637842,28.22
452,6,4110,587,2e40_LGC_A_1001,1,unimol,0.70950392,1.3468111,2.0888989,0,0.00092158409,18.73
453,6,4117,588,2e40_LGC_B_2001,1,unimol,0.70950392,1.3468111,2.0888989,0,0,22.06
454,6,4124,589,2e56_MYR_A_501,1,unimol,0.70950392,1.3468111,2.0888989,0,0.92168717,24.44
455,6,4131,590,2e56_MYR_A_601,1,unimol,0.70950392,1.3468111,2.0888989,0,0.89674376,25.62
456,6,4138,591,2e56_MYR_A_701,1,unimol,0.70950392,1.3468111,2.0888989,0,0.96573115,27.22
457,6,4439,634,2g5v_22M_A_301,1,unimol,0.70950392,1.3468111,2.0888989,0,0.98495266,21.42
458,7,9815,1402,4qbz_D80_B_901,1,unimol,0.77190841,1.4424456,2.1237783,0,0.9781326,28.07
459,7,246,35,1ck6_SHA_A_900,1,unimol,0.70603888,1.3488629,2.1237783,0,0.98775244,18.91
460,7,421,60,1e5f_PLP_A_405,1,unimol,0.70603888,1.3488629,2.1237783,0,0,21.47
461,7,428,61,1e5f_PLP_B_405,1,unimol,0.70603888,1.3488629,2.1237783,0,0,22.52
462,7,449,64,1e8m_P0H_A_724,1,unimol,0.70603888,1.3488629,2.1237783,0,0.88926204,22.99
463,7,547,78,1fp2_HMO_A_2000,1,unimol,0.70603888,1.3488629,2.1237783,0,0.92100725,20.05
464,7,715,102,1giu_ADE_A_300,1,unimol,0.70603888,1.3488629,2.1237783,0,0,12.77
465,7,890,127,1h48_CDI_A_201,1,unimol,0.70603888,1.3488629,2.1237783,0,0,22.48
466,7,897,128,1h48_CDI_B_902,1,unimol,0.70603888,1.3488629,2.1237783,0,0.96987863,16.88
467,7,904,129,1h48_CDI_C_902,1,unimol,0.70603888,1.3488629,2.1237783,0,0,25.38
468,7,911,130,1h48_CDI_F_902,1,unimol,0.70603888,1.3488629,2.1237783,0,0,19.8
469,7,918,131,1h48_GPP_C_904,1,unimol,0.70603888,1.3488629,2.1237783,0,0.051061276,26.81
470,7,925,132,1h48_GPP_E_904,1,unimol,0.70603888,1.3488629,2.1237783,0,0.83435966,22.09
471,7,1247,178,1ixo_G3P_A_1001,1,unimol,0.70603888,1.3488629,2.1237783,0,0,24.24
472,7,1310,187,1j3i_WRA_A_609,1,unimol,0.70603888,1.3488629,2.1237783,0,0.99015522,23.9
473,7,1317,188,1j3i_WRA_B_709,1,unimol,0.70603888,1.3488629,2.1237783,0,0.99489507,28
474,7,1331,190,1j3k_WRA_A_609,1,unimol,0.70603888,1.3488629,2.1237783,0,0.9934278,21.93
475,7,1338,191,1j3k_WRA_B_709,1,unimol,0.70603888,1.3488629,2.1237783,0,0.99566085,26.18
476,7,1352,193,1ja9_PYQ_A_406,1,unimol,0.70603888,1.3488629,2.1237783,0,0.97089405,18.34
477,7,1387,198,1jl0_PUT_A_401,1,unimol,0.70603888,1.3488629,2.1237783,0,0.90215522,17.63
478,7,1562,223,1klz_U_A_2001,1,unimol,0.70603888,1.3488629,2.1237783,0,0,24.37
479,7,1569,224,1km6_OMP_A_2001,1,unimol,0.70603888,1.3488629,2.1237783,0,0,15.8
480,7,1611,230,1kwc_BPY_B_401,1,unimol,0.70603888,1.3488629,2.1237783,0,0.99116452,15.83
481,7,1877,268,1m9j_CLW_A_906,1,unimol,0.70603888,1.3488629,2.1237783,0,0,22.73
482,7,1884,269,1m9j_CLW_B_907,1,unimol,0.70603888,1.3488629,2.1237783,0,0,21.6
483,7,1940,277,1mrj_ADN_A_300,1,unimol,0.70603888,1.3488629,2.1237783,0,0.98721051,13.24
484,7,1954,279,1msv_PUT_B_355,1,unimol,0.70603888,1.3488629,2.1237783,0,0.91313909,20.3
485,7,2017,288,1ngp_NPA_H_302,1,unimol,0.70603888,1.3488629,2.1237783,0,0.95306656,20.68
486,7,2059,294,1now_IFG_A_557,1,unimol,0.70603888,1.3488629,2.1237783,0,0.98300879,22.86
487,7,2066,295,1now_IFG_B_558,1,unimol,0.70603888,1.3488629,2.1237783,0,0.98739446,21.65
488,7,2199,314,1o6g_SIN_A_724,1,unimol,0.70603888,1.3488629,2.1237783,0,0.91780026,21.2
489,7,2220,317,1om5_INE_A_790,1,unimol,0.70603888,1.3488629,2.1237783,0,0.98684058,23.15
490,7,2276,325,1p5g_G6P_X_658,1,unimol,0.70603888,1.3488629,2.1237783,0,0.89572445,22.63
491,7,2332,333,1pl6_572_D_411,1,unimol,0.70603888,1.3488629,2.1237783,0,0.95630496,25.19
492,7,2395,342,1pwz_RSO_A_256,1,unimol,0.70603888,1.3488629,2.1237783,0,0.95304311,16.54
493,7,2402,343,1pwz_RSO_B_256,1,unimol,0.70603888,1.3488629,2.1237783,0,0.93489993,15.09
494,7,2472,353,1q6r_LX1_A_7301,1,unimol,0.70603888,1.3488629,2.1237783,0,0,18.31
495,7,2479,354,1q6r_LX1_B_9301,1,unimol,0.70603888,1.3488629,2.1237783,0,0,19.94
496,7,2584,369,1rqh_PYR_A_602,1,unimol,0.70603888,1.3488629,2.1237783,0,0.94853187,14.85
497,7,3200,457,1w62_PYC_A_700,1,unimol,0.70603888,1.3488629,2.1237783,0,0,17.88
498,7,3277,468,1x7j_GEN_A_201,1,unimol,0.70603888,1.3488629,2.1237783,0,0.99433284,23.71
499,7,3284,469,1x7j_GEN_B_202,1,unimol,0.70603888,1.3488629,2.1237783,0,0.99376865,20.14
500,7,3410,487,1y42_TYR_X_701,1,unimol,0.70603888,1.3488629,2.1237783,0,0.84976395,21.18
501,7,3599,514,1zg3_2HI_A_365,1,unimol,0.70603888,1.3488629,2.1237783,0,0.98039737,16.81
502,7,3606,515,1zgj_P1S_A_0,1,unimol,0.70603888,1.3488629,2.1237783,0,0.98577978,20.44
503,7,3774,539,2aiq_BEN_A_401,1,unimol,0.70603888,1.3488629,2.1237783,0,0.98338686,18.68
504,7,3914,559,2bs8_NAG_A_1177,1,unimol,0.70603888,1.3488629,2.1237783,0,0.87833032,19.5
505,7,4215,602,2eus_ABN_A_400,1,unimol,0.70603888,1.3488629,2.1237783,0,0.99203182,16.45
506,7,4236,605,2exs_TRP_B_2100,1,unimol,0.70603888,1.3488629,2.1237783,0,0,27.08
507,7,4243,606,2f64_12Q_A_472,1,unimol,0.70603888,1.3488629,2.1237783,0,1.3388283e-33,16.95
508,8,8,1,1a49_OXL_A_533,1,unimol,0.69290222,1.4093584,2.4670889,0,0.93781074,28.33
509,8,15,2,1a49_OXL_D_2333,1,unimol,0.69290222,1.4092216,2.4672112,0,0.96645288,23.9
510,8,211,30,1cdk_MYR_A_403,1,unimol,0.69290222,1.3505097,2.2005458,0,0,16.59
511,8,218,31,1cdk_MYR_B_403,1,unimol,0.69290222,1.3505097,2.2005458,0,0.88011681,17.59
512,8,1156,165,1iki_REY_A_400,1,unimol,0.69290222,1.3505097,2.2005458,0,0,18.93
513,8,2206,315,1o8a_NXA_A_702,1,unimol,0.69290222,1.3505097,2.2005458,0,0,22.33
514,8,2458,351,1q4g_BFL_A_701,1,unimol,0.69290222,1.3505097,2.2005458,0,0.9863461,23.75
515,8,2465,352,1q4g_BFL_B_1701,1,unimol,0.69290222,1.3505097,2.2005458,0,0.9888112,18.84
516,8,2759,394,1t87_CAM_A_1422,1,unimol,0.69290222,1.3505097,2.2005458,0,0.98911503,19.79
517,8,2766,395,1t87_CAM_B_2422,1,unimol,0.69290222,1.3505097,2.2005458,0,0.97759823,16.62
518,8,2836,405,1tiw_TFB_A_2002,1,unimol,0.69290222,1.3505097,2.2005458,0,0.97161368,16.86
519,8,3060,437,1v3v_5OP_A_1360,1,unimol,0.69290222,1.3505097,2.2005458,0,0.98622764,20.61
520,8,3067,438,1v3v_5OP_B_2360,1,unimol,0.69290222,1.3505097,2.2005458,0,0.98491371,15.9
521,8,3095,442,1vje_MSE_A_301,1,unimol,0.69290222,1.3505097,2.2005458,0,0.96711162,18.29
522,8,3102,443,1vje_MSE_A_401,1,unimol,0.69290222,1.3505097,2.2005458,0,0.89802039,18.57
523,8,3515,502,1z8p_DEB_A_420,1,unimol,0.69290222,1.3505097,2.2005458,0,0,24.95
524,8,3711,530,2a1m_CAM_A_1422,1,unimol,0.69290222,1.3505097,2.2005458,0,0.9879787,16.74
525,8,3718,531,2a1m_CAM_B_2422,1,unimol,0.69290222,1.3505097,2.2005458,0,0.99117567,20.04
526,8,3872,553,2bgc_DTT_F_1238,1,unimol,0.69290222,1.3505097,2.2005458,0,0,34.54
527,8,3879,554,2bjf_DXC_A_330,1,unimol,0.69290222,1.3505097,2.2005458,0,0.98847693,20.05
528,8,4033,576,2cjz_PTR_A_1537,1,unimol,0.69290222,1.3505097,2.2005458,0,0.52913761,25.47
529,8,4285,612,2f7x_4EA_E_351,1,unimol,0.69290222,1.3505097,2.2005458,0,0.96053476,22.07
530,8,4726,675,2j5b_TYE_A_1336,1,unimol,0.69290222,1.3505097,2.2005458,0,0,20
531,8,5167,738,2qd4_CHD_A_802,1,unimol,0.69290222,1.3505097,2.2005458,0,0.97158938,40.13
532,8,5755,822,2xhk_AKG_A_519,1,unimol,0.69290222,1.3505097,2.2005458,0,0.85769051,17.79
533,8,5762,823,2xhk_AKG_B_519,1,unimol,0.69290222,1.3505097,2.2005458,0,0,18.01
534,8,5832,833,2xum_OGA_A_601,1,unimol,0.69290222,1.3505097,2.2005458,0,0.97602299,17.25
535,8,5937,848,2yp6_C6W_B_1186,1,unimol,0.69290222,1.3505097,2.2005458,0,0.93108995,21.95
536,9,2997,428,1uay_ADN_B_1002,1,unimol,0.78747047,1.442695,2.233546,0,0.95467063,20.09
537,9,3816,545,2b3f_GAL_E_3314,1,unimol,0.78708976,1.4426115,2.233546,0,0.99032772,21.06
538,9,17039,2434,6s7u_KZK_C_501,1,unimol,0.77877826,1.442528,2.233546,0,0,55.22
539,9,8835,1262,4i9n_1E6_H_401,1,unimol,0.70476851,1.4424445,2.233546,0,0.97830177,33.5
540,9,4425,632,2fzb_TOL_A_900,1,unimol,0.70038846,1.4421939,2.233546,0,0.96631681,26.78
541,9,1,0,19gs_BSP_A_210,1,unimol,0.69392193,1.4421104,2.233546,0,0.98557239,13.75
542,9,92,13,1ajs_PLA_A_415,1,unimol,0.69392193,1.3516548,2.233546,0,0.96056931,23.23
543,9,120,17,1aua_BOG_A_1,1,unimol,0.69392193,1.3516548,2.233546,0,0,21.57
544,9,127,18,1aua_BOG_A_2,1,unimol,0.69392193,1.3516548,2.233546,0,0,22.08
545,9,162,23,1bcs_ARG_A_426,1,unimol,0.69392193,1.3516548,2.233546,0,0,20.35
546,9,183,26,1bo8_U_A_318,1,unimol,0.69392193,1.3516548,2.233546,0,0,22.23
547,9,232,33,1cib_HDA_A_437,1,unimol,0.69392193,1.3516548,2.233546,0,0.93051469,21.74
548,9,239,34,1cib_IMP_A_440,1,unimol,0.69392193,1.3516548,2.233546,0,0,15.34
549,9,267,38,1d6u_HY1_A_2001,1,unimol,0.69392193,1.3516548,2.233546,0,0.99667157,22.35
550,9,309,44,1daf_DSD_A_225,1,unimol,0.69392193,1.3516548,2.233546,0,0.98706643,21.08
551,9,316,45,1dai_DSD_A_225,1,unimol,0.69392193,1.3516548,2.233546,0,0.98709623,17.61
552,9,330,47,1dna_CB3_A_601,1,unimol,0.69392193,1.3516548,2.233546,0,0,28.43
553,9,337,48,1dna_CB3_B_602,1,unimol,0.69392193,1.3516548,2.233546,0,0,29.86
554,9,344,49,1dpm_EBP_A_900,1,unimol,0.69392193,1.3516548,2.233546,0,0.74387868,20.91
555,9,351,50,1dpm_EBP_A_901,1,unimol,0.69392193,1.3516548,2.233546,0,0.9780366,19.09
556,9,372,53,1dxy_COI_A_404,1,unimol,0.69392193,1.3516548,2.233546,0,0.94556853,21.86
557,9,407,58,1e2s_CSN_P_701,1,unimol,0.69392193,1.3516548,2.233546,0,0.29911644,24.01
558,9,456,65,1ei6_PPF_A_410,1,unimol,0.69392193,1.3516548,2.233546,0,0.83340009,24.62
559,9,470,67,1ei6_PPF_D_412,1,unimol,0.69392193,1.3516548,2.233546,0,0.88534888,20.28
560,9,484,69,1euu_GAL_A_2,1,unimol,0.69392193,1.3516548,2.233546,0,0.74695083,22.85
561,9,498,71,1eyw_TEN_A_403,1,unimol,0.69392193,1.3516548,2.233546,0,0,24.08
562,9,554,79,1fqo_F6R_B_2268,1,unimol,0.69392193,1.3516548,2.233546,0,0.94831394,20.11
563,9,568,81,1fsa_F6P_A_338,1,unimol,0.69392193,1.3516548,2.233546,0,0.91052122,21.28
564,9,624,89,1g6n_CMP_A_621,1,unimol,0.69392193,1.3516548,2.233546,0,0.99572185,23.26
565,9,631,90,1g6n_CMP_B_622,1,unimol,0.69392193,1.3516548,2.233546,0,0.99243928,17.44
566,9,638,91,1g6t_S3P_A_601,1,unimol,0.69392193,1.3516548,2.233546,0,0.96177999,20.1
567,9,645,92,1g72_PQQ_A_701,1,unimol,0.69392193,1.3516548,2.233546,0,0,25.13
568,9,652,93,1g72_PQQ_C_703,1,unimol,0.69392193,1.3516548,2.233546,0,0,22.33
569,9,659,94,1g79_PLP_A_260,1,unimol,0.69392193,1.3516548,2.233546,0,0.90095242,26.15
570,9,694,99,1gey_PPE_A_413,1,unimol,0.69392193,1.3516548,2.233546,0,0.94881201,24.77
571,9,701,100,1gim_HDA_A_438,1,unimol,0.69392193,1.3516548,2.233546,0,0.95115893,13.94
572,9,708,101,1gim_IMP_A_440,1,unimol,0.69392193,1.3516548,2.233546,0,0,18.85
573,9,722,103,1gkc_NFH_A_1448,1,unimol,0.69392193,1.3516548,2.233546,0,0.97566059,23.24
574,9,743,106,1gz5_G6P_A_901,1,unimol,0.69392193,1.3516548,2.233546,0,0.97877921,19.39
575,9,750,107,1gz5_G6P_B_901,1,unimol,0.69392193,1.3516548,2.233546,0,0.9722514,19.8
576,9,757,108,1gz5_G6P_D_901,1,unimol,0.69392193,1.3516548,2.233546,0,0.97549452,23.21
577,9,764,109,1gz5_UDP_C_900,1,unimol,0.69392193,1.3516548,2.233546,0,0.95589697,22.34
578,9,771,110,1gz5_UDP_D_900,1,unimol,0.69392193,1.3516548,2.233546,0,0.96637626,26.67
579,9,820,117,1h1i_QUE_A_1358,1,unimol,0.69392193,1.3516548,2.233546,0,0.99337223,23.91
580,9,841,120,1h1m_KMP_A_1360,1,unimol,0.69392193,1.3516548,2.233546,0,0.98834119,18.43
581,9,848,121,1h1m_KMP_B_1358,1,unimol,0.69392193,1.3516548,2.233546,0,0.99018301,23.67
582,9,855,122,1h1m_KMP_C_1358,1,unimol,0.69392193,1.3516548,2.233546,0,0.98772055,21.3
583,9,862,123,1h48_C5P_A_203,1,unimol,0.69392193,1.3516548,2.233546,0,0.92561991,24.38
584,9,869,124,1h48_C5P_B_901,1,unimol,0.69392193,1.3516548,2.233546,0,0.95327625,19.31
585,9,876,125,1h48_C5P_E_901,1,unimol,0.69392193,1.3516548,2.233546,0,0.95238654,24.14
586,10,1401,200,1jtk_THU_A_138,1,unimol,0.69582472,1.353736,2.2961619,0,0.95567749,19.1
587,10,1926,275,1moo_4MZ_A_264,1,unimol,0.69582472,1.353736,2.2961619,0,0,18.15
588,10,1933,276,1moo_4MZ_A_265,1,unimol,0.69582472,1.353736,2.2961619,0,0,15.86
589,10,3438,491,1y8j_STS_A_900,1,unimol,0.69582472,1.353736,2.2961619,0,0,21.09
590,10,3697,528,2a0x_DIH_A_300,1,unimol,0.69582472,1.353736,2.2961619,0,0,14.8
591,10,4348,621,2fpu_HSO_B_509,1,unimol,0.69582472,1.353736,2.2961619,0,0,18.68
592,10,4502,643,2gyv_HBP_B_545,1,unimol,0.69582472,1.353736,2.2961619,0,0.95798112,31.43
593,10,4705,672,2izf_BTN_B_300,1,unimol,0.69582472,1.353736,2.2961619,0,0.28789159,21.21
594,10,5139,734,2qcx_PF1_A_300,1,unimol,0.69582472,1.353736,2.2961619,0,0.97400987,19.95
595,10,5146,735,2qcx_PF1_B_300,1,unimol,0.69582472,1.353736,2.2961619,0,0.98388824,23.3
596,10,5657,808,2whq_HI6_A_1543,1,unimol,0.69582472,1.353736,2.2961619,0,0,20.18
597,10,5664,809,2whq_HI6_B_1545,1,unimol,0.69582472,1.353736,2.2961619,0,0,19.32
598,10,5909,844,2ye5_2A7_A_1224,1,unimol,0.69582472,1.353736,2.2961619,0,0.8793011,20.28
599,10,6798,971,3wat_BMA_B_404,1,unimol,0.69582472,1.353736,2.2961619,0,0,22.58
600,10,7078,1011,3zjq_NCA_A_300,1,unimol,0.69582472,1.353736,2.2961619,0,0.98903597,21.59
601,10,7085,1012,3zjq_NCA_B_300,1,unimol,0.69582472,1.353736,2.2961619,0,0.98803469,22.22
602,10,7589,1084,4c7g_NGO_A_1495,1,unimol,0.69582472,1.353736,2.2961619,0,0,21.18
603,10,8121,1160,4dwv_PFB_A_378,1,unimol,0.69582472,1.353736,2.2961619,0,0.98319331,18.1
604,10,8128,1161,4dwv_PFB_B_378,1,unimol,0.69582472,1.353736,2.2961619,0,0.98198648,16.19
605,10,8401,1200,4gcq_0JM_B_401,1,unimol,0.69582472,1.353736,2.2961619,0,0.97055429,21.85
606,10,8471,1210,4h0x_LAR_B_403,1,unimol,0.69582472,1.353736,2.2961619,0,0.98401795,22.49
607,10,8513,1216,4hey_4MZ_A_303,1,unimol,0.69582472,1.353736,2.2961619,0,0,17.94
608,10,8520,1217,4hey_4MZ_A_307,1,unimol,0.69582472,1.353736,2.2961619,0,0,22.93
609,10,8912,1273,4j4b_0TF_A_904,1,unimol,0.69582472,1.353736,2.2961619,0,0,26.41
610,10,9122,1303,4kqx_HIO_A_402,1,unimol,0.69582472,1.353736,2.2961619,0,0.95520729,26.37
611,10,9129,1304,4kqx_HIO_B_401,1,unimol,0.69582472,1.353736,2.2961619,0,0.92153853,23.55
612,10,9206,1315,4l91_X29_A_301,1,unimol,0.69582472,1.353736,2.2961619,0,0.9896262,20.12
613,10,9297,1328,4m2c_DAR_C_402,1,unimol,0.69582472,1.353736,2.2961619,0,0,26.08
614,10,9304,1329,4m2c_DAR_D_402,1,unimol,0.69582472,1.353736,2.2961619,0,0,25.73
615,10,9311,1330,4m54_AE5_A_403,1,unimol,0.69582472,1.353736,2.2961619,0,0,19.5
616,10,9759,1394,4q3a_2YC_A_904,1,unimol,0.69582472,1.353736,2.2961619,0,0.98231189,23.45
617,10,9766,1395,4q3a_2YC_B_904,1,unimol,0.69582472,1.353736,2.2961619,0,0.98686118,23.95
618,10,9773,1396,4q3a_2YC_C_904,1,unimol,0.69582472,1.353736,2.2961619,0,0,18.25
619,10,9780,1397,4q3a_2YC_D_904,1,unimol,0.69582472,1.353736,2.2961619,0,0,24.96
620,10,10039,1434,4u7g_K17_A_303,1,unimol,0.69582472,1.353736,2.2961619,0,0.95633956,18.23
621,10,12293,1756,5hfa_FP1_A_607,1,unimol,0.69582472,1.353736,2.2961619,0,0.99142359,23.72
622,10,12300,1757,5hfa_FP1_A_608,1,unimol,0.69582472,1.353736,2.2961619,0,0.99015668,19.7
623,10,12307,1758,5hfa_FP1_B_609,1,unimol,0.69582472,1.353736,2.2961619,0,0.98771627,22.31
624,10,12832,1833,5joy_6LW_A_602,1,unimol,0.69582472,1.353736,2.2961619,0,0.95993939,21.93
625,10,12839,1834,5joy_6LW_B_602,1,unimol,0.69582472,1.353736,2.2961619,0,0.93147422,19.96
626,10,12909,1844,5kcp_PFB_A_378,1,unimol,0.69582472,1.353736,2.2961619,0,0.96046529,24.13
627,10,12916,1845,5kcp_PFB_B_378,1,unimol,0.69582472,1.353736,2.2961619,0,0.95406069,15.12
628,10,13518,1931,5t85_44G_L_301,1,unimol,0.69582472,1.353736,2.2961619,0,0,27.95
629,10,14596,2085,5z9b_HX3_A_303,1,unimol,0.69582472,1.353736,2.2961619,0,0.99146747,19.12
630,10,14603,2086,5z9b_HX3_B_303,1,unimol,0.69582472,1.353736,2.2961619,0,0.98667353,19.18
631,10,15772,2253,6jmd_ORO_A_402,1,unimol,0.69582472,1.353736,2.2961619,0,0.86529912,18.34
632,10,15786,2255,6jme_ORO_A_402,1,unimol,0.69582472,1.353736,2.2961619,0,0.85171822,15.94
633,10,16535,2362,6oha_XAN_A_501,1,unimol,0.69582472,1.353736,2.2961619,0,0.08738534,19.61
634,10,14540,2077,5ysh_5AD_D_605,1,unimol,0.69582472,1.3536423,2.2969289,0,0.98677077,27.34
635,10,14547,2078,5ysh_5AD_G_605,1,unimol,0.69582472,1.3536423,2.2969289,0,0.98270107,30.89
636,11,260,37,1d3g_ORO_A_399,1,unimol,0.68245024,1.3555352,2.3608325,0,0,17.3
637,11,1058,151,1h8p_PC_A_1110,1,unimol,0.68245024,1.3555352,2.3608325,0,0.87982616,21.77
638,11,1065,152,1h8p_PC_B_1110,1,unimol,0.68245024,1.3555352,2.3608325,0,0.91480008,23.86
639,11,1072,153,1h8p_PC_B_1111,1,unimol,0.68245024,1.3555352,2.3608325,0,0.9354496,17.32
640,11,1163,166,1iri_E4P_A_601,1,unimol,0.68245024,1.3555352,2.3608325,0,0.95515978,27.99
641,11,1170,167,1iri_E4P_B_602,1,unimol,0.68245024,1.3555352,2.3608325,0,0.95990547,22.84
642,11,1177,168,1iri_E4P_C_603,1,unimol,0.68245024,1.3555352,2.3608325,0,0.96082443,25.41
643,11,1184,169,1iri_E4P_D_604,1,unimol,0.68245024,1.3555352,2.3608325,0,0.97216147,28.89
644,11,1639,234,1kya_XYD_D_814,1,unimol,0.68245024,1.3555352,2.3608325,0,0.97004199,20.24
645,11,1667,238,1l5o_2MP_A_990,1,unimol,0.68245024,1.3555352,2.3608325,0,0.99368906,22.36
646,11,2304,329,1pbd_PAB_A_396,1,unimol,0.68245024,1.3555352,2.3608325,0,0.98465301,22.17
647,11,2423,346,1q20_PLO_A_401,1,unimol,0.68245024,1.3555352,2.3608325,0,0.98976784,17.55
648,11,2430,347,1q22_AND_A_401,1,unimol,0.68245024,1.3555352,2.3608325,0,0.99136811,15.91
649,11,3137,448,1vzd_UFP_A_317,1,unimol,0.68245024,1.3555352,2.3608325,0,0,16.65
650,11,3732,533,2a9z_26A_A_1002,1,unimol,0.68245024,1.3555352,2.3608325,0,0.98943181,15.42
651,11,3970,567,2c5b_5F1_A_500,1,unimol,0.68245024,1.3555352,2.3608325,0,0,21.68
652,11,3977,568,2c5b_5F1_B_500,1,unimol,0.68245024,1.3555352,2.3608325,0,0,16.53
653,11,3984,569,2c5b_5F1_C_500,1,unimol,0.68245024,1.3555352,2.3608325,0,0,15.94
654,11,4054,579,2cxp_A5P_A_1601,1,unimol,0.68245024,1.3555352,2.3608325,0,0.96801873,20.2
655,11,4201,600,2eup_LG4_A_400,1,unimol,0.68245024,1.3555352,2.3608325,0,0.98113768,19.89
656,11,4481,640,2gue_NAG_B_122,1,unimol,0.68245024,1.3555352,2.3608325,0,0.01964754,17.87
657,11,5013,716,2pt6_S4M_A_501,1,unimol,0.68245024,1.3555352,2.3608325,0,0.96804149,20.42
658,11,5020,717,2pt6_S4M_B_502,1,unimol,0.68245024,1.3555352,2.3608325,0,0.97815566,23.43
659,11,5027,718,2pt6_S4M_C_503,1,unimol,0.68245024,1.3555352,2.3608325,0,0.95214038,23.98
660,11,5510,787,2vez_G6P_A_202,1,unimol,0.68245024,1.3555352,2.3608325,0,0,15.92
661,11,5629,804,2wdq_CBE_C_1130,1,unimol,0.68245024,1.3555352,2.3608325,0,0.98605125,23.82
662,11,5881,840,2y2f_YI1_A_1469,1,unimol,0.68245024,1.3555352,2.3608325,0,0,22.13
663,11,5958,851,2z26_DOR_A_1410,1,unimol,0.68245024,1.3555352,2.3608325,0,0,18.97
664,11,6518,931,3ucl_CYH_A_543,1,unimol,0.68245024,1.3555352,2.3608325,0,0.98810365,22.21
665,11,6525,932,3uud_EST_A_600,1,unimol,0.68245024,1.3555352,2.3608325,0,0.97890557,21.92
666,11,6532,933,3uud_EST_B_600,1,unimol,0.68245024,1.3555352,2.3608325,0,0.99303972,25.61
667,11,6966,995,3wur_O4B_A_201,1,unimol,0.68245024,1.3555352,2.3608325,0,0.18494934,39.83
668,11,6973,996,3wur_O4B_A_202,1,unimol,0.68245024,1.3555352,2.3608325,0,0.38204476,28.43
669,11,6980,997,3wur_O4B_B_201,1,unimol,0.68245024,1.3555352,2.3608325,0,0.10187215,15.47
670,11,6987,998,3wur_O4B_B_202,1,unimol,0.68245024,1.3555352,2.3608325,0,0.86049093,23.87
671,11,6994,999,3wur_O4B_B_204,1,unimol,0.68245024,1.3555352,2.3608325,0,0.057226008,23.25
672,11,7148,1021,3zwt_ORO_A_1398,1,unimol,0.68245024,1.3555352,2.3608325,0,0,21.65
673,11,7260,1037,4a9j_TYL_A_1188,1,unimol,0.68245024,1.3555352,2.3608325,0,0.99128895,21.84
674,11,7358,1051,4aql_TXC_A_1452,1,unimol,0.68245024,1.3555352,2.3608325,0,0,23.03
675,11,8317,1188,4evi_C9M_A_402,1,unimol,0.68245024,1.3555352,2.3608325,0,0.97820645,22.26
676,11,8422,1203,4gim_PSU_A_400,1,unimol,0.68245024,1.3555352,2.3608325,0,0.86227518,21.81
677,11,8429,1204,4gim_PSU_B_400,1,unimol,0.68245024,1.3555352,2.3608325,0,0.91511043,24.74
678,11,8548,1221,4hon_AKG_A_401,1,unimol,0.68245024,1.3555352,2.3608325,0,0,22.82
679,11,8653,1236,4i4v_NGA_A_201,1,unimol,0.68245024,1.3555352,2.3608325,0,0.94789829,16.96
680,11,8660,1237,4i4v_NGA_A_202,1,unimol,0.68245024,1.3555352,2.3608325,0,0.93122381,17.38
681,11,8667,1238,4i4v_NGA_B_201,1,unimol,0.68245024,1.3555352,2.3608325,0,0.95332484,17.58
682,11,8674,1239,4i4v_NGA_D_201,1,unimol,0.68245024,1.3555352,2.3608325,0,0.98194089,26.43
683,11,8681,1240,4i4v_NGA_D_202,1,unimol,0.68245024,1.3555352,2.3608325,0,0.97422943,17.97
684,11,9829,1404,4qxc_OGA_C_600,1,unimol,0.68245024,1.3555352,2.3608325,0,0.97780523,18.29
685,11,10263,1466,4wca_CIT_A_401,1,unimol,0.68245024,1.3555352,2.3608325,0,0.85602974,24.42
686,12,1688,241,1ldo_SNR_B_350,1,unimol,0.68059455,1.3574292,2.3759131,0,0.97356556,21.92
687,12,3053,436,1v03_BGC_A_1498,1,unimol,0.68059455,1.3574292,2.3759131,0,0,17.14
688,12,5517,788,2vjb_CCD_B_1539,1,unimol,0.68059455,1.3574292,2.3759131,0,0,24.2
689,12,5524,789,2vjb_CCD_B_1540,1,unimol,0.68059455,1.3574292,2.3759131,0,0.9911866,17.7
690,12,5601,800,2w1a_TSA_C_1091,1,unimol,0.68059455,1.3574292,2.3759131,0,0.99316705,23.75
691,12,5608,801,2w1a_TSA_D_1091,1,unimol,0.68059455,1.3574292,2.3759131,0,0.99394766,17.24
692,12,7001,1000,3wwc_BUA_A_402,1,unimol,0.68059455,1.3574292,2.3759131,0,0,15.67
693,12,7008,1001,3wwc_BUA_A_403,1,unimol,0.68059455,1.3574292,2.3759131,0,0.98285024,14.45
694,12,8296,1185,4ekr_0R0_A_202,1,unimol,0.68059455,1.3574292,2.3759131,0,0.99177384,22.58
695,12,8303,1186,4ekr_0R0_A_203,1,unimol,0.68059455,1.3574292,2.3759131,0,0.94166089,20.78
696,12,8310,1187,4ekr_0R0_B_203,1,unimol,0.68059455,1.3574292,2.3759131,0,0.99207739,21.16
697,12,8751,1250,4i7n_1DJ_A_202,1,unimol,0.68059455,1.3574292,2.3759131,0,0.99635442,20.03
698,12,8758,1251,4i7n_1DJ_B_203,1,unimol,0.68059455,1.3574292,2.3759131,0,0.99500498,18.97
699,12,9045,1292,4k5u_GAL_A_301,1,unimol,0.68059455,1.3574292,2.3759131,0,0.989861,16.84
700,12,9052,1293,4k5u_GAL_B_301,1,unimol,0.68059455,1.3574292,2.3759131,0,0.98416174,22.5
701,12,9059,1294,4k5u_GAL_C_301,1,unimol,0.68059455,1.3574292,2.3759131,0,0.98466455,21.3
702,12,9066,1295,4k5u_GAL_D_301,1,unimol,0.68059455,1.3574292,2.3759131,0,0.98754743,23.4
703,12,12020,1717,5fzn_FB2_A_1615,1,unimol,0.68059455,1.3574292,2.3759131,0,0.99330165,19.66
704,12,12118,1731,5gnx_BGC_B_503,1,unimol,0.68059455,1.3574292,2.3759131,0,0,23.87
705,12,12412,1773,5i7r_68W_A_402,1,unimol,0.68059455,1.3574292,2.3759131,0,0.98304264,23.37
706,12,13161,1880,5mxh_GAL_A_401,1,unimol,0.68059455,1.3574292,2.3759131,0,0.92612869,19.08
707,12,13168,1881,5mxh_GAL_A_402,1,unimol,0.68059455,1.3574292,2.3759131,0,0.94048845,20.17
708,12,13203,1886,5n8c_8Q8_A_403,1,unimol,0.68059455,1.3574292,2.3759131,0,0.5425519,28.23
709,12,13210,1887,5n8c_8Q8_B_403,1,unimol,0.68059455,1.3574292,2.3759131,0,0.97325276,30.83
710,12,13777,1968,5ud0_G3H_B_406,1,unimol,0.68059455,1.3574292,2.3759131,0,0,23.6
711,12,14204,2029,5x2m_GLN_B_951,1,unimol,0.68059455,1.3574292,2.3759131,0,0.76106608,28.3
712,12,14820,2117,6ayv_F6P_A_401,1,unimol,0.68059455,1.3574292,2.3759131,0,0.8748753,20.24
713,12,14827,2118,6ayv_F6P_B_401,1,unimol,0.68059455,1.3574292,2.3759131,0,0.89550451,20.25
714,13,2437,348,1q3a_NGH_A_480,1,unimol,0.6859337,1.3585132,2.4037321,0,0.85950608,22.86
715,13,2444,349,1q3a_NGH_B_479,1,unimol,0.6859337,1.3585132,2.4037321,0,0.95346286,21.68
716,13,2451,350,1q3a_NGH_C_481,1,unimol,0.6859337,1.3585132,2.4037321,0,0,31.09
717,13,3193,456,1w55_C_A_1373,1,unimol,0.6859337,1.3585132,2.4037321,0,0.9810874,15.76
718,13,3473,496,1z11_8MO_A_501,1,unimol,0.6859337,1.3585132,2.4037321,0,0.94629097,22.9
719,13,3480,497,1z11_8MO_B_501,1,unimol,0.6859337,1.3585132,2.4037321,0,0.92397906,25.44
720,13,3487,498,1z11_8MO_D_501,1,unimol,0.6859337,1.3585132,2.4037321,0,0.95399632,24.52
721,13,6588,941,3vbn_TYD_A_301,1,unimol,0.6859337,1.3585132,2.4037321,0,0,18.59
722,13,6595,942,3vbn_TYD_C_301,1,unimol,0.6859337,1.3585132,2.4037321,0,0,17.64
723,13,6602,943,3vbn_TYD_E_301,1,unimol,0.6859337,1.3585132,2.4037321,0,0,21.27
724,13,8450,1207,4gps_CIT_A_501,1,unimol,0.6859337,1.3585132,2.4037321,0,0.76290794,19.27
725,13,11292,1613,5ci9_549_A_401,1,unimol,0.6859337,1.3585132,2.4037321,0,0.00047604393,22.62
726,13,11299,1614,5ci9_549_A_402,1,unimol,0.6859337,1.3585132,2.4037321,0,0.98041395,18.55
727,13,13259,1894,5nnw_GCS_D_302,1,unimol,0.6859337,1.3585132,2.4037321,0,0,18.42
728,13,14183,2026,5wqp_NCA_A_302,1,unimol,0.6859337,1.3585132,2.4037321,0,0.98082532,14.27
729,13,14918,2131,6bqx_9AG_A_201,1,unimol,0.6859337,1.3585132,2.4037321,0,0.90934025,20.62
730,13,15170,2167,6e8i_PTR_A_201,1,unimol,0.6859337,1.3585132,2.4037321,0,0,22.39
731,13,15534,2219,6hgl_TES_A_401,1,unimol,0.6859337,1.3585132,2.4037321,0,0,19
732,13,15716,2245,6ix8_B3O_A_408,1,unimol,0.6859337,1.3585132,2.4037321,0,0,26.59
733,13,15723,2246,6ix8_B3O_B_408,1,unimol,0.6859337,1.3585132,2.4037321,0,0,21.58
734,13,16906,2415,6rbo_JXQ_A_302,1,unimol,0.6859337,1.3585132,2.4037321,0,0.94318625,26.96
735,13,3186,455,1w55_C_A_1372,1,unimol,0.6859337,1.3455782,2.5013461,0,0.94860626,28.29
736,13,1268,181,1j0n_CEG_A_780,1,unimol,0.6859337,1.3403437,2.5415721,0,0,22.72
737,13,15541,2220,6hl7_CP_A_401,1,unimol,0.6859337,1.337462,2.5638995,0,0.9671758,25.13
738,13,5580,797,2vzu_PNJ_A_1901,1,unimol,0.6859337,1.3345014,2.5869732,0,0.95148102,22.7
739,13,5587,798,2vzu_PNJ_B_1904,1,unimol,0.6859337,1.3344322,2.5875144,0,0.92848602,28.02
740,13,16913,2416,6rbr_JXN_A_302,1,unimol,0.6859337,1.3313901,2.6113725,0,0.95237674,13.92
741,13,15548,2221,6hl7_CP_C_401,1,unimol,0.6859337,1.3302327,2.6204875,0,0.90433662,16.76
742,13,1982,283,1n5i_TMP_A_217,1,unimol,0.6859337,1.3273835,2.6430194,0,0,23.9
743,13,729,104,1gsi_TMP_A_1210,1,unimol,0.6859337,1.3258556,2.6551569,0,0,17.44
744,13,12930,1847,5kf2_COA_A_401,1,unimol,0.6859337,1.3139677,2.7509005,0,0.93869756,24
745,13,14295,2042,5xj7_87O_A_309,1,unimol,0.6859337,1.3125073,2.7628243,0,0,31.29
746,13,9570,1367,4o95_245_A_602,1,unimol,0.6859337,1.3008209,2.8595586,0,0.98405158,19.81
747,13,16395,2342,6nni_CP6_B_203,1,unimol,0.6859337,1.2973626,2.8886406,0,0.99058239,22.16
748,13,9444,1349,4n6w_FLC_A_203,1,unimol,0.6859337,1.2921134,2.9331892,0,0.98522969,19.28
749,13,13329,1904,5o4j_PJL_A_304,1,unimol,0.6859337,1.2851134,2.9933703,0,0.93433296,24.27
750,13,2283,326,1p7c_THM_B_501,1,unimol,0.6859337,1.283209,3.0098979,0,0,22.36
751,13,17382,2483,6uqd_QF4_B_501,1,unimol,0.6859337,1.2806726,3.032016,0,0.9267378,27.05
752,13,3389,484,1y2x_NAG_A_144,1,unimol,0.6859337,1.2788131,3.0483074,0,0.88494877,21.33
753,13,477,68,1eow_U2G_A_130,1,unimol,0.6859337,1.2768345,3.0657125,0,0,22.35
754,13,14813,2116,6axu_BTM_A_401,1,unimol,0.6859337,1.2721386,3.1073201,0,0.98805821,24.39
755,13,3396,485,1y2x_NAG_B_1144,1,unimol,0.6859337,1.2715855,3.1122477,0,0.96207865,18.08
756,13,3403,486,1y2x_NAG_D_3144,1,unimol,0.6859337,1.2715855,3.1122477,0,0.96230572,23.45
757,13,1191,170,1isx_XYP_A_1461,1,unimol,0.6859337,1.2693978,3.1317987,0,0.96506034,15.52
758,13,1198,171,1isx_XYP_B_961,1,unimol,0.6859337,1.2693978,3.1317987,0,0.97208371,20.65
759,13,17745,2535,7c7g_FJR_B_402,0,surfdock,0.62223542,1.2690146,2.4037321,0,0.99153711,3.8066775
760,13,4964,709,2oxp_THP_A_300,1,unimol,0.6859337,1.2685487,3.1394126,0,0,20.12
761,13,8309,1187,4ekr_0R0_B_203,0,surfdock,0.59966153,1.2659765,2.4037321,0,0,2.5570276
762,13,8295,1185,4ekr_0R0_A_202,0,surfdock,0.59961834,1.2657233,2.4037321,0,0.9971705,2.5520904
763,13,3878,554,2bjf_DXC_A_330,0,surfdock,0.59914931,1.2633603,2.4037321,0,0,4.2791142
764,14,2675,382,1sff_IK2_A_450,1,unimol,0.67811207,1.360086,2.4536293,0,0.96971756,25.4
765,14,2682,383,1sff_IK2_B_450,1,unimol,0.67811207,1.360086,2.4536293,0,0.96952305,19.42
766,14,2689,384,1sff_IK2_D_450,1,unimol,0.67811207,1.360086,2.4536293,0,0.97445498,28.61
767,14,3683,526,1zuw_DGL_A_1301,1,unimol,0.67811207,1.360086,2.4536293,0,0.98705009,22.27
768,14,3690,527,1zuw_DGL_B_2301,1,unimol,0.67811207,1.360086,2.4536293,0,0.98594309,18.07
769,14,3886,555,2bk3_FOF_A_1503,1,unimol,0.67811207,1.360086,2.4536293,0,0.9905141,27.89
770,14,3893,556,2bk3_FOF_B_1498,1,unimol,0.67811207,1.360086,2.4536293,0,0.98677395,24.21
771,14,4194,599,2ei7_D93_A_700,1,unimol,0.67811207,1.360086,2.4536293,0,0,25.86
772,14,4313,616,2fhk_MFN_C_601,1,unimol,0.67811207,1.360086,2.4536293,0,0.97345808,32.26
773,14,4768,681,2no7_LDC_A_401,1,unimol,0.67811207,1.360086,2.4536293,0,0.98859086,16.9
774,14,4775,682,2no7_LDC_B_401,1,unimol,0.67811207,1.360086,2.4536293,0,0.98496326,15.92
775,14,5405,772,2ri1_GLP_A_234,1,unimol,0.67811207,1.360086,2.4536293,0,0.89474045,20.5
776,14,5412,773,2ri1_GLP_B_234,1,unimol,0.67811207,1.360086,2.4536293,0,0,21.87
777,14,5615,802,2w5t_GP9_A_1644,1,unimol,0.67811207,1.360086,2.4536293,0,0.22158762,17.62
778,14,5944,849,2z1z_MLT_A_433,1,unimol,0.67811207,1.360086,2.4536293,0,0,18.11
779,14,6749,964,3vv5_SLZ_B_301,1,unimol,0.67811207,1.360086,2.4536293,0,0.88280155,18.76
780,14,6805,972,3wca_FPS_A_501,1,unimol,0.67811207,1.360086,2.4536293,0,0.82798246,33.4
781,14,6812,973,3wca_FPS_B_401,1,unimol,0.67811207,1.360086,2.4536293,0,0.95102449,24.92
782,14,6819,974,3wca_FPS_C_401,1,unimol,0.67811207,1.360086,2.4536293,0,0.90343579,21.87
783,14,6826,975,3wca_FPS_C_402,1,unimol,0.67811207,1.360086,2.4536293,0,0.91551948,33.95
784,14,6833,976,3wca_FPS_D_401,1,unimol,0.67811207,1.360086,2.4536293,0,0.772551,27.11
785,14,7421,1060,4b98_PXG_A_470,1,unimol,0.67811207,1.360086,2.4536293,0,0.95105891,22.6
786,14,7428,1061,4b98_PXG_C_470,1,unimol,0.67811207,1.360086,2.4536293,0,0,29.01
787,14,7435,1062,4b98_PXG_D_470,1,unimol,0.67811207,1.360086,2.4536293,0,0,23.49
788,14,7960,1137,4d4u_FUC_B_950,1,unimol,0.67811207,1.360086,2.4536293,0,0.99048334,19.73
789,14,9164,1309,4kwl_3SS_A_302,1,unimol,0.67811207,1.360086,2.4536293,0,0.99136081,18.31
790,14,9486,1355,4nir_6DH_A_307,1,unimol,0.67811207,1.360086,2.4536293,0,0,17.4
791,14,9493,1356,4nir_6DH_A_308,1,unimol,0.67811207,1.360086,2.4536293,0,0,23.68
792,14,9500,1357,4nir_6DH_B_306,1,unimol,0.67811207,1.360086,2.4536293,0,0,22.52
793,14,9612,1373,4oxy_1TN_A_302,1,unimol,0.67811207,1.360086,2.4536293,0,0.97494096,18.3
794,14,9619,1374,4oxy_1TN_B_302,1,unimol,0.67811207,1.360086,2.4536293,0,0.98767604,21.32
795,14,9626,1375,4oxy_1TN_D_302,1,unimol,0.67811207,1.360086,2.4536293,0,0.99031155,22.69
796,14,9682,1383,4pbr_2L7_A_401,1,unimol,0.67811207,1.360086,2.4536293,0,0.98982832,19.23
797,14,10557,1508,4yu7_DHC_A_203,1,unimol,0.67811207,1.360086,2.4536293,0,0.12943757,19.83
798,14,10564,1509,4yu7_DHC_A_204,1,unimol,0.67811207,1.360086,2.4536293,0,0.88076034,18.71
799,14,10571,1510,4yu7_DHC_B_204,1,unimol,0.67811207,1.360086,2.4536293,0,0.87599011,24.88
800,14,10760,1537,4zqp_IMP_A_601,1,unimol,0.67811207,1.360086,2.4536293,0,0,17.16
801,14,10970,1567,5a8k_TP7_A_558,1,unimol,0.67811207,1.360086,2.4536293,0,0.98155333,33.24
802,14,10977,1568,5a8k_TP7_D_554,1,unimol,0.67811207,1.360086,2.4536293,0,0.97442664,28.45
803,14,11068,1581,5ahn_IMP_A_1468,1,unimol,0.67811207,1.360086,2.4536293,0,0,20.38
804,14,11348,1621,5cr1_STL_B_201,1,unimol,0.67811207,1.360086,2.4536293,0,0.99110272,22.18
805,14,11572,1653,5e4o_L57_A_201,1,unimol,0.67811207,1.360086,2.4536293,0,0.96973711,18.67
806,14,11733,1676,5ezp_IPJ_A_201,1,unimol,0.67811207,1.360086,2.4536293,0,0.98455747,21.16
807,14,11740,1677,5ezp_IPJ_B_201,1,unimol,0.67811207,1.360086,2.4536293,0,0,29.21
808,14,11747,1678,5ezp_IPJ_C_201,1,unimol,0.67811207,1.360086,2.4536293,0,0.37656898,20.06
809,14,11754,1679,5ezp_IPJ_F_201,1,unimol,0.67811207,1.360086,2.4536293,0,1.7026874e-07,25.7
810,14,11761,1680,5ezp_IPJ_G_202,1,unimol,0.67811207,1.360086,2.4536293,0,0.98536504,19.34
811,14,11999,1714,5fv3_OGA_A_1770,1,unimol,0.67811207,1.360086,2.4536293,0,0.98032821,23.36
812,14,12447,1778,5i9m_69K_B_302,1,unimol,0.67811207,1.360086,2.4536293,0,0.9888055,19.09
813,14,12454,1779,5i9m_69K_C_302,1,unimol,0.67811207,1.360086,2.4536293,0,0.9894816,15.74
814,15,3508,501,1z6k_OAA_A_274,1,unimol,0.67854563,1.3619228,2.4681523,0,0.95013558,27.5
815,15,3662,523,1zoy_UQ1_B_1201,1,unimol,0.67854563,1.3619228,2.4681523,0,0.96770075,19.58
816,15,7022,1003,3wxo_NIZ_A_803,1,unimol,0.67854563,1.3619228,2.4681523,0,0.99258045,25.42
817,15,7029,1004,3wxo_NIZ_A_804,1,unimol,0.67854563,1.3619228,2.4681523,0,0.0018437698,17.65
818,15,8331,1190,4evq_PHB_A_406,1,unimol,0.67854563,1.3619228,2.4681523,0,0.99270094,21.71
819,15,12265,1752,5h9i_XAN_A_301,1,unimol,0.67854563,1.3619228,2.4681523,0,0,17.79
820,15,12538,1791,5in3_G1P_A_416,1,unimol,0.67854563,1.3619228,2.4681523,0,0.98369825,19.81
821,15,12545,1792,5in3_G1P_B_418,1,unimol,0.67854563,1.3619228,2.4681523,0,0.98134431,23.55
822,15,13847,1978,5uj3_CE4_A_302,1,unimol,0.67854563,1.3619228,2.4681523,0,0.97415116,21.51
823,15,13959,1994,5ved_STU_A_601,1,unimol,0.67854563,1.3619228,2.4681523,0,0.89515545,19.72
824,15,14666,2095,5zi4_OAA_B_401,1,unimol,0.67854563,1.3619228,2.4681523,0,0.94449702,16.64
825,15,16990,2427,6rum_TOP_A_301,1,unimol,0.67854563,1.3619228,2.4681523,0,0.9743454,20.54
826,15,17123,2446,6syz_M1E_B_601,1,unimol,0.67854563,1.3619228,2.4681523,0,0.99006114,16.62
827,15,225,32,1cgk_NAR_A_390,1,unimol,0.67854563,1.3519362,2.5425415,0,0,16.86
828,15,7015,1002,3wxo_NIZ_A_802,1,unimol,0.67854563,1.3306711,2.7059906,0,0.94829447,23.47
829,15,3011,430,1uk7_BUA_A_1300,1,unimol,0.67854563,1.3030642,2.9290426,0,0.97235082,16.91
830,15,197,28,1ca7_ENO_A_501,1,unimol,0.67854563,1.2846501,3.0851226,0,0.90604403,19.14
831,15,204,29,1ca7_ENO_C_701,1,unimol,0.67854563,1.2834159,3.095803,0,0.90243739,16.62
832,15,7120,1017,3zv6_4HB_A_1277,1,unimol,0.67854563,1.2823616,3.1049495,0,0.89869674,15.63
833,15,17171,2453,6t0a_M58_A_601,0,surfdock,0.61981881,1.2761845,2.4681523,0,0.0026412827,2.5095316
834,15,10164,1452,4ur9_BK9_B_1717,0,surfdock,0.5881235,1.2745292,2.4681523,0,0.0012290962,2.4876347
835,15,10942,1563,5a66_3PO_B_1000,1,unimol,0.67854563,1.272287,3.193392,0,0.93241025,22.61
836,15,1610,230,1kwc_BPY_B_401,0,surfdock,0.5876009,1.2721523,2.4681523,0,0.99651389,2.9560349
837,15,6230,890,3qhd_MSR_A_166,0,surfdock,0.5875738,1.2719825,2.4681523,0,0,2.0303482
838,15,10375,1482,4x36_CHT_A_410,1,unimol,0.67854563,1.2709356,3.2054021,0,0.94872947,19.83
839,15,12453,1779,5i9m_69K_C_302,0,surfdock,0.58741571,1.2705394,2.4681523,0,0,3.2284362
840,15,12446,1778,5i9m_69K_B_302,0,surfdock,0.58734132,1.2701149,2.4681523,0,0.99556728,3.2374378
841,15,10935,1562,5a66_3PO_A_1000,1,unimol,0.67854563,1.2700781,3.2130415,0,0.80998541,24.78
842,15,10417,1488,4xp0_42A_A_404,1,unimol,0.67854563,1.268531,3.2268591,0,0.98992031,21.89
843,15,5145,735,2qcx_PF1_B_300,0,surfdock,0.58680022,1.265446,2.4681523,0,0,2.6222676
844,15,11537,1648,5dw3_TRP_C_402,1,unimol,0.67854563,1.2654036,3.2549329,0,0,24.02
845,15,12411,1773,5i7r_68W_A_402,0,surfdock,0.58670717,1.2650216,2.4681523,0,0.8057277,3.9138716
846,15,10368,1481,4x36_CHT_A_409,1,unimol,0.67854563,1.2640608,3.2670455,0,0.97188093,17.76
847,15,11523,1646,5dw3_TRP_A_402,1,unimol,0.67854563,1.2634397,3.2726603,0,0,17.82
848,15,12636,1805,5j4k_6FZ_A_404,1,unimol,0.67854563,1.2627775,3.2786553,0,0.96632288,18.35
849,15,5138,734,2qcx_PF1_A_300,0,surfdock,0.5857132,1.2613713,2.4681523,0,0,3.1470956
850,15,11530,1647,5dw3_TRP_B_402,1,unimol,0.67854563,1.2595126,3.308336,0,0,21.49
851,15,11544,1649,5dw3_TRP_D_402,1,unimol,0.67854563,1.258531,3.3173018,0,0,25.06
852,15,371,53,1dxy_COI_A_404,0,surfdock,0.5825835,1.2537313,2.4681523,0,0.96684591,2.4330091
853,15,17067,2438,6si4_LEK_B_402,1,unimol,0.67854563,1.2517794,3.3794911,0,0.99317932,22.42
854,15,7189,1027,4a3u_NCA_A_1359,0,surfdock,0.58640373,1.2513991,2.5655572,0,0.99429191,2.2897425
855,15,15821,2260,6jx9_CQC_A_501,1,unimol,0.67854563,1.2511971,3.3848979,0,0.971403,21.41
856,15,3325,475,1xid_ASC_A_389,0,surfdock,0.57736539,1.249317,2.4681523,0,0.9912334,2.61429
857,15,3032,433,1uux_PPI_A_1165,1,unimol,0.67854563,1.2493083,3.4024835,0,0.93079883,20.12
858,15,15869,2267,6jz6_CKX_B_701,0,surfdock,0.58517433,1.2447157,2.5886736,0,0.85205996,2.9694935
859,15,8541,1220,4hgg_SYN_B_502,1,unimol,0.67854563,1.2423708,3.4677112,0,0.94275026,19.28
860,15,5034,719,2ptm_CMP_A_401,1,unimol,0.67854563,1.2417824,3.4732878,0,0,19.96
861,15,3052,436,1v03_BGC_A_1498,0,surfdock,0.57103729,1.2409554,2.4681523,0,0.91451413,3.777401
862,15,5957,851,2z26_DOR_A_1410,0,surfdock,0.57103729,1.2409554,2.4681523,0,0,2.557549
863,15,10361,1480,4x36_CHT_A_408,1,unimol,0.67854563,1.2379808,3.5095074,0,0.97509629,23.3
864,16,3004,429,1ubs_SER_B_398,1,unimol,0.68171113,1.3631318,2.461524,0,0.94124263,22.03
865,16,3144,449,1vzu_UDP_B_2371,1,unimol,0.68171113,1.3631318,2.461524,0,0.95794339,19.33
866,16,3312,473,1xdj_HCS_A_1049,1,unimol,0.68171113,1.3631318,2.461524,0,0.98594286,20.77
867,16,3319,474,1xdj_HCS_A_1050,1,unimol,0.68171113,1.3631318,2.461524,0,0.91853185,21.24
868,16,3837,548,2bdg_PBZ_B_302,1,unimol,0.68171113,1.3631318,2.461524,0,0.99566928,18.75
869,16,4250,607,2f64_12Q_B_471,1,unimol,0.68171113,1.3631318,2.461524,0,1.1648884e-33,13.49
870,16,4985,712,2pnz_UDP_A_250,1,unimol,0.68171113,1.3631318,2.461524,0,0.86432154,29.69
871,16,5531,790,2vlf_PLI_A_1457,1,unimol,0.68171113,1.3631318,2.461524,0,0,20.87
872,16,6364,909,3rop_NCA_A_302,1,unimol,0.68171113,1.3631318,2.461524,0,0.0047277993,18.92
873,16,6371,910,3rop_NCA_B_302,1,unimol,0.68171113,1.3631318,2.461524,0,0.009204335,16.14
874,16,6609,944,3vc3_C6P_B_501,1,unimol,0.68171113,1.3631318,2.461524,0,0.93850982,24.87
875,16,6616,945,3vc3_C6P_C_501,1,unimol,0.68171113,1.3631318,2.461524,0,0.95290279,29.03
876,16,6623,946,3vc3_C6P_F_501,1,unimol,0.68171113,1.3631318,2.461524,0,0.95816048,28.7
877,16,6861,980,3wjz_NUP_A_301,1,unimol,0.68171113,1.3631318,2.461524,0,0,17.77
878,16,7036,1005,3wzo_ZOE_B_201,1,unimol,0.68171113,1.3631318,2.461524,0,0.96949058,24.6
879,16,7043,1006,3wzo_ZOE_C_201,1,unimol,0.68171113,1.3631318,2.461524,0,0,27.75
880,16,7050,1007,3wzo_ZOE_D_201,1,unimol,0.68171113,1.3631318,2.461524,0,0.95271276,25.14
881,16,7183,1026,4a01_2PN_A_1773,1,unimol,0.68171113,1.3631318,2.461524,0,0,21.91
882,16,7456,1065,4bdr_KAI_B_900,1,unimol,0.68171113,1.3631318,2.461524,0,0.96895492,18.94
883,16,7463,1066,4bq5_GAL_C_1,1,unimol,0.68171113,1.3631318,2.461524,0,0.6310171,23.02
884,16,8366,1195,4fxr_BMP_A_301,1,unimol,0.68171113,1.3631318,2.461524,0,0.9526753,18.12
885,16,8373,1196,4fxr_BMP_B_301,1,unimol,0.68171113,1.3631318,2.461524,0,0.96170767,20.69
886,16,8492,1213,4h9g_14J_A_512,1,unimol,0.68171113,1.3631318,2.461524,0,0.97718225,17.86
887,16,9472,1353,4nf4_2JK_A_301,1,unimol,0.68171113,1.3631318,2.461524,0,0,21.92
888,16,9556,1365,4o7g_ASC_A_303,1,unimol,0.68171113,1.3631318,2.461524,0,0,18.72
889,16,9563,1366,4o7g_ASC_B_303,1,unimol,0.68171113,1.3631318,2.461524,0,0.97739772,23.43
890,16,10060,1437,4ubp_HAE_C_800,1,unimol,0.68171113,1.3631318,2.461524,0,0.96412458,16.75
891,16,10270,1467,4wdd_CIT_A_401,1,unimol,0.68171113,1.3631318,2.461524,0,0.92971153,27.3
892,17,5202,743,2qg6_NMN_A_301,1,unimol,0.67974828,1.3641941,2.4747853,0,0.96742342,19.48
893,17,8345,1192,4f8n_GAL_A_204,1,unimol,0.67974828,1.3641941,2.4747853,0,0.96241952,18.93
894,17,14127,2018,5wcz_NOJ_A_601,1,unimol,0.67974828,1.3641941,2.4747853,0,0,20.06
895,17,15149,2164,6e43_BEZ_A_502,1,unimol,0.67974828,1.3641941,2.4747853,0,0.96889248,17.64
896,17,15156,2165,6e43_BEZ_B_502,1,unimol,0.67974828,1.3641941,2.4747853,0,0.98789407,18.52
897,17,15163,2166,6e43_BEZ_D_502,1,unimol,0.67974828,1.3641941,2.4747853,0,0.97326257,23.33
898,17,15310,2187,6fgv_D9T_A_1901,1,unimol,0.67974828,1.3641941,2.4747853,0,0.8918838,23.85
899,17,4544,649,2hi4_BHF_A_800,1,unimol,0.67974828,1.3490852,2.5858953,0,0.99804217,24.43
900,17,7526,1075,4bvh_OCZ_A_1393,1,unimol,0.67974828,1.3453365,2.6139848,0,0,24.03
901,17,7540,1077,4bvh_OCZ_C_1394,1,unimol,0.67974828,1.3453365,2.6139848,0,0,19.19
902,17,7533,1076,4bvh_OCZ_B_1392,1,unimol,0.67974828,1.3373125,2.6748278,0,0,24.93
903,17,12958,1851,5kxb_NGA_A_307,1,unimol,0.67974828,1.3260802,2.7616775,0,0.91079338,21.04
904,17,12965,1852,5kxb_NGA_B_305,1,unimol,0.67974828,1.3260802,2.7616775,0,0.91942647,20.88
905,17,12972,1853,5kxb_NGA_D_301,1,unimol,0.67974828,1.3260802,2.7616775,0,0.95943679,18.77
906,17,5272,753,2qui_LTN_A_501,1,unimol,0.67974828,1.3140386,2.8570292,0,0,19.06
907,17,2248,321,1oxp_IK2_A_411,1,unimol,0.67974828,1.3103124,2.887018,0,0.94966152,21.62
908,17,3298,471,1x8i_BMH_A_2,1,unimol,0.67974828,1.3007009,2.9654562,0,0,27.76
909,17,14134,2019,5wcz_NOJ_B_601,1,unimol,0.67444824,1.2823672,2.4747853,0,0.75339008,20.3
910,17,14133,2019,5wcz_NOJ_B_601,0,surfdock,0.58712799,1.2801499,2.4747853,0,0.9846017,2.6408458
911,17,16465,2352,6o2z_LJV_A_500,1,unimol,0.67974828,1.2737365,3.194186,0,0,23.97
912,17,1645,235,1l4f_150_A_990,0,surfdock,0.57765637,1.2705984,2.4747853,0,0.99368633,2.1151453
913,17,10200,1457,4uzi_IMD_B_1456,1,unimol,0.67974828,1.2703846,3.2235503,0,0.99299115,23.87
914,17,16472,2353,6o2z_LJV_B_500,1,unimol,0.67974828,1.2696578,3.2299459,0,0,19.29
915,17,8114,1159,4dvw_0M4_A_512,1,unimol,0.67974828,1.2683736,3.2412708,0,0.98815446,24.86
916,17,10193,1456,4uzi_IMD_B_1455,1,unimol,0.67974828,1.2628127,3.2906742,0,0.64089495,22.48
917,17,13819,1974,5uio_LG3_A_201,1,unimol,0.67974828,1.2623989,3.294374,0,0,20.24
918,17,13826,1975,5uio_LG3_B_201,1,unimol,0.67974828,1.2623989,3.294374,0,0.32725675,20.81
919,17,13833,1976,5uio_LG3_C_201,1,unimol,0.67974828,1.2623989,3.294374,0,0.99352153,15.71
920,17,12405,1772,5i5t_67X_B_402,1,unimol,0.67974828,1.2616928,3.3006964,0,0.98907564,19.68
921,17,9443,1349,4n6w_FLC_A_203,0,surfdock,0.5777159,1.2608682,2.5539434,0,0,2.854984
922,17,91,13,1ajs_PLA_A_415,0,surfdock,0.57507713,1.2607058,2.4747853,0,0.9487998,4.4036433
923,17,13840,1977,5uio_LG3_E_201,1,unimol,0.67974828,1.2579367,3.3344877,0,0.99514181,22.7
924,17,12398,1771,5i5s_NVU_B_402,1,unimol,0.67974828,1.2474015,3.4307675,0,0.99177946,15.1
925,17,13133,1876,5m8d_UGI_B_501,1,unimol,0.67974828,1.2473301,3.431428,0,0.99293074,28.6
926,17,9451,1350,4n94_2HO_A_401,1,unimol,0.67974828,1.2442849,3.459681,0,0.99624085,20.18
927,17,161,23,1bcs_ARG_A_426,0,surfdock,0.56381141,1.2428395,2.4747853,0,0,2.7195772
928,17,224,32,1cgk_NAR_A_390,0,surfdock,0.56381141,1.2428395,2.4747853,0,0,3.6420491
929,17,420,60,1e5f_PLP_A_405,0,surfdock,0.56381141,1.2428395,2.4747853,0,0.4238894,3.2790116
930,17,427,61,1e5f_PLP_B_405,0,surfdock,0.56381141,1.2428395,2.4747853,0,0.39337695,3.3245858
931,17,6322,903,3r51_MMA_A_200,1,unimol,0.67974828,1.2410415,3.4899831,0,0.96556947,16.72
932,17,15492,2213,6gpn_OGA_B_402,1,unimol,0.67974828,1.2408811,3.491488,0,0.92691014,22.52
933,17,7106,1015,3zr0_8OG_A_1157,1,unimol,0.67974828,1.2379824,3.5187664,0,0.98001581,18.34
934,17,17417,2488,6v9f_QTS_B_2001,1,unimol,0.67974828,1.2370131,3.5279267,0,0.99388312,21.38
935,17,4698,671,2iyq_SKM_A_201,1,unimol,0.67974828,1.2318284,3.5772665,0,0.96253333,18.67
936,17,4222,603,2evd_D10_A_304,1,unimol,0.67974828,1.2302583,3.5923216,0,0.95994292,21.91
937,17,7113,1016,3zr0_8OG_B_1157,1,unimol,0.67974828,1.2244288,3.6486871,0,0,21.51
938,17,1953,279,1msv_PUT_B_355,0,surfdock,0.57000188,1.2231519,2.7140455,0,0.93965909,2.4776504
939,17,5754,822,2xhk_AKG_A_519,0,surfdock,0.56406863,1.2205578,2.705025,0,0.92365457,2.4277778
940,17,12831,1833,5joy_6LW_A_602,0,surfdock,0.57500973,1.2176901,2.8246584,0,0,2.5029702
941,17,2983,426,1u2o_NEC_B_1002,1,unimol,0.67974828,1.2157192,3.7343011,0,0.98398553,21.81
942,18,4334,619,2fib_GLY_B_2,1,unimol,0.68036781,1.3655865,2.4761159,0,0,20.67
943,18,5797,828,2xul_AKG_A_201,1,unimol,0.68036781,1.3655865,2.4761159,0,0,17.87
944,18,5804,829,2xul_AKG_B_201,1,unimol,0.68036781,1.3655865,2.4761159,0,0.90914845,24.05
945,18,5811,830,2xul_AKG_D_201,1,unimol,0.68036781,1.3655865,2.4761159,0,1.7462243e-05,19.89
946,18,5818,831,2xul_AKG_E_201,1,unimol,0.68036781,1.3655865,2.4761159,0,0.9127243,20.89
947,18,5825,832,2xul_AKG_F_201,1,unimol,0.68036781,1.3655865,2.4761159,0,0.89667176,15.71
948,18,6791,970,3w8x_FTK_B_601,1,unimol,0.68036781,1.3655865,2.4761159,0,0,18.16
949,18,13525,1932,5tbo_78Z_A_1001,1,unimol,0.68036781,1.3655865,2.4761159,0,0.98144847,20.59
950,18,16773,2396,6qhu_FAH_A_401,1,unimol,0.68036781,1.3655865,2.4761159,0,0.95389507,17.76
951,18,17403,2486,6uvj_QJ1_A_205,1,unimol,0.68036781,1.3655865,2.4761159,0,0.99132732,14.98
952,18,17298,2471,6tog_NQH_A_201,1,unimol,0.68036781,1.3391954,2.6700678,0,0.99100723,20.3
953,18,5454,779,2v32_BEZ_A_1222,1,unimol,0.68036781,1.3117032,2.8834271,0,0.97463072,19.26
954,18,5461,780,2v32_BEZ_B_1220,1,unimol,0.68036781,1.3117032,2.8834271,0,0.96973012,22.2
955,18,5475,782,2v32_BEZ_D_1221,1,unimol,0.68036781,1.3117032,2.8834271,0,0.9540522,21.42
956,18,11481,1640,5dne_ASN_B_601,1,unimol,0.68036781,1.3099431,2.8975024,0,0.97875276,21.32
957,18,11488,1641,5dne_ASN_C_601,1,unimol,0.68036781,1.3099431,2.8975024,0,0.98503793,27.63
958,18,11474,1639,5dne_ASN_A_601,1,unimol,0.68036781,1.3090851,2.9043829,0,0.98411263,21.5
959,18,11495,1642,5dne_ASN_D_601,1,unimol,0.68036781,1.3090851,2.9043829,0,0.9763926,22.55
960,18,5468,781,2v32_BEZ_C_1222,1,unimol,0.68036781,1.3066327,2.9241152,0,0.98394586,20.75
961,18,7680,1097,4cld_JUO_A_1270,1,unimol,0.68036781,1.3053877,2.9341714,0,0,19.74
962,18,7687,1098,4cld_JUO_C_1270,1,unimol,0.68036781,1.3053877,2.9341714,0,0,17.94
963,18,7694,1099,4cld_JUO_D_1270,1,unimol,0.68036781,1.3053877,2.9341714,0,0,21.37
964,18,17088,2441,6sjs_THH_B_901,1,unimol,0.68036781,1.2996533,2.980829,0,0,17.29
965,18,8961,1280,4jh6_FCN_B_202,1,unimol,0.68036781,1.2956378,3.0138373,0,0,19.64
966,18,6672,953,3vnj_PSJ_D_301,1,unimol,0.68036781,1.2889661,3.0693023,0,0,23.97
967,18,6658,951,3vnj_PSJ_A_301,1,unimol,0.68036781,1.2884094,3.0739655,0,0,17.99
968,18,6665,952,3vnj_PSJ_C_301,1,unimol,0.68036781,1.2884094,3.0739655,0,0,23.83
969,18,17074,2439,6sj8_44V_A_901,1,unimol,0.68036781,1.2859218,3.094872,0,0,17.87
970,18,1477,211,1k8z_IAG_A_501,0,surfdock,0.58549693,1.2836026,2.4761159,0,0.99442625,3.3719875
971,18,17081,2440,6sj8_44V_B_901,1,unimol,0.68036781,1.2833045,3.1169884,0,0,21.74
972,18,7259,1037,4a9j_TYL_A_1188,0,surfdock,0.58178313,1.2791548,2.4761159,0,0.99415303,2.5292931
973,18,2464,352,1q4g_BFL_B_1701,0,surfdock,0.58146106,1.2768454,2.4761159,0,0.9911122,3.3462826
974,18,2457,351,1q4g_BFL_A_701,0,surfdock,0.58114063,1.2743649,2.4761159,0,0.98606175,3.4801705
975,18,10186,1455,4uy7_HIS_B_800,1,unimol,0.68036781,1.2737623,3.1986771,0,0,22.69
976,18,5838,834,2xya_7L4_A_1181,0,surfdock,0.57961062,1.2678644,2.4761159,0,0.99324319,3.3466791
977,18,3010,430,1uk7_BUA_A_1300,0,surfdock,0.57932143,1.266838,2.4761159,0,0.99759868,2.2564102
978,18,13987,1998,5vl0_BNF_C_404,1,unimol,0.68036781,1.2652703,3.2728004,0,0.98575008,25.45
979,18,10059,1437,4ubp_HAE_C_800,0,surfdock,0.57825213,1.2633311,2.4761159,0,0,1.9863715
980,18,1653,236,1l4f_NCN_A_991,1,unimol,0.68036781,1.259546,3.3235404,0,0.99178363,16.02
981,18,1674,239,1l5o_NCN_A_991,1,unimol,0.68036781,1.259546,3.3235404,0,0.9930576,24.75
982,18,6693,956,3vnm_SDD_C_301,1,unimol,0.68036781,1.2581349,3.3361466,0,0,24.08
983,18,6679,954,3vnm_SDD_A_301,1,unimol,0.68036781,1.2554022,3.3606706,0,0,23.23
984,18,6686,955,3vnm_SDD_B_301,1,unimol,0.68036781,1.2554022,3.3606706,0,0.89647037,23.99
985,18,13182,1883,5n5k_8NW_A_307,1,unimol,0.68036781,1.2549769,3.3644998,0,0.8035874,23.73
986,18,14890,2127,6bds_DJ4_A_303,1,unimol,0.68036781,1.2542373,3.3711681,0,0.97148897,24.37
987,18,6315,902,3r3z_GOA_D_305,1,unimol,0.68036781,1.2527915,3.3842368,0,0.95215468,18.05
988,18,2303,329,1pbd_PAB_A_396,0,surfdock,0.58092055,1.2522932,2.6359434,0,0.99647336,2.5861419
989,18,4767,681,2no7_LDC_A_401,0,surfdock,0.58143242,1.2494468,2.6907437,0,0.99018967,3.3346498
990,18,6301,900,3r3z_GOA_A_305,1,unimol,0.68036781,1.2468997,3.4379203,0,0.970365,19.05
991,18,6308,901,3r3z_GOA_C_305,1,unimol,0.68036781,1.2468997,3.4379203,0,0.96495594,24.58
992,19,12923,1846,5kcp_PFB_B_379,1,unimol,0.67368396,1.3670301,2.4768832,0,0.045693112,22.91
993,19,13966,1995,5vjg_0BP_A_403,1,unimol,0.67368396,1.3670301,2.4768832,0,0.77175123,19.82
994,19,17312,2473,6tol_NQW_A_201,1,unimol,0.67368396,1.3670301,2.4768832,0,0,19.98
995,19,5573,796,2vsu_V55_D_1251,1,unimol,0.67368396,1.3556445,2.5566127,0,0.98219135,17.69
996,19,5566,795,2vss_V55_D_1250,1,unimol,0.67368396,1.353588,2.5712063,0,0.97471469,25.06
997,19,17774,2539,7jis_VBS_A_1101,1,unimol,0.67368396,1.2975942,2.9929049,0,0.99448006,21.78
998,19,13980,1997,5vl0_BNF_B_404,1,unimol,0.67368396,1.2965324,3.0013821,0,0.98161095,24.15
999,19,13994,1999,5vl0_BNF_D_404,1,unimol,0.67368396,1.2929436,3.0301769,0,0.98820202,25.95
1000,19,17305,2472,6toj_NQQ_A_201,1,unimol,0.67368396,1.2903455,3.0511601,0,0.98904011,26.06
1001,19,623,89,1g6n_CMP_A_621,0,surfdock,0.61108412,1.2851885,2.4768832,0,5.0567369e-07,3.7318588
1002,19,13098,1871,5m5a_KSA_A_404,1,unimol,0.67368396,1.2839029,3.103693,0,0.98415248,26.01
1003,19,630,90,1g6n_CMP_B_622,0,surfdock,0.61063807,1.2831296,2.4768832,0,0,3.7591926
1004,19,17297,2471,6tog_NQH_A_201,0,surfdock,0.61044347,1.2817569,2.4768832,0,0.97943118,2.6880132
1005,19,13986,1998,5vl0_BNF_C_404,0,surfdock,0.6097291,1.2764381,2.4768832,0,0.99308429,2.6353773
1006,19,8120,1160,4dwv_PFB_A_378,0,surfdock,0.60938167,1.2746365,2.4768832,0,0.99004499,2.7794535
1007,19,8127,1161,4dwv_PFB_B_378,0,surfdock,0.60921768,1.2738645,2.4768832,0,0.99182577,2.6975983
1008,19,441,63,1e8g_FCR_B_601,0,surfdock,0.60840342,1.2713766,2.4768832,0,0.99606219,2.5708759
1009,19,3291,470,1x82_PA5_A_301,1,unimol,0.67368396,1.2694206,3.2244582,0,0.95094844,15.25
1010,19,2835,405,1tiw_TFB_A_2002,0,surfdock,0.60780816,1.2690603,2.4768832,0,0.62811862,2.1351296
1011,19,4431,633,2g21_L1B_B_985,0,surfdock,0.61717412,1.2667286,2.627506,0,0.98792541,4.3942794
1012,19,17501,2500,6wdw_TWV_A_701,1,unimol,0.67368396,1.2648242,3.2635813,0,0.91347871,22.94
1013,19,12908,1844,5kcp_PFB_A_378,0,surfdock,0.60629325,1.2642562,2.4768832,0,0,2.664243
1014,19,12915,1845,5kcp_PFB_B_378,0,surfdock,0.60542296,1.2629694,2.4768832,0,0,2.6928737
1015,19,4774,682,2no7_LDC_B_401,0,surfdock,0.60962218,1.2595697,2.6009846,0,0.98605472,6.1809314
1016,19,15639,2234,6hqr_3DM_A_502,1,unimol,0.67368396,1.258477,3.3182552,0,0.9589593,21.61
1017,19,15415,2202,6fw0_E92_A_602,1,unimol,0.67368396,1.2533071,3.3633506,0,0.99212087,22.96
1018,19,15135,2162,6e40_BBJ_B_502,1,unimol,0.67368396,1.2519914,3.3749096,0,0.91643021,21.52
1019,19,15142,2163,6e40_BBJ_D_502,1,unimol,0.67368396,1.2517195,3.3773026,0,0,25.72
1020,19,15114,2159,6dyt_PP3_B_1501,1,unimol,0.67368396,1.2506531,3.3867023,0,0,22.66
1021,19,15128,2161,6e40_BBJ_A_502,1,unimol,0.67368396,1.2506321,3.3868868,0,0.86917614,22.8
1022,19,7077,1011,3zjq_NCA_A_300,0,surfdock,0.61017561,1.2481513,2.7195535,0,0.0025526084,2.3904477
1023,19,7084,1012,3zjq_NCA_B_300,0,surfdock,0.61003955,1.2473983,2.7195535,0,0.62367951,2.3406943
1024,19,5530,790,2vlf_PLI_A_1457,0,surfdock,0.59119212,1.2443963,2.4768832,0,0.88468094,4.0419328
1025,19,17073,2439,6sj8_44V_A_901,0,surfdock,0.59119212,1.2443963,2.4768832,0,0,2.3987671
1026,19,17080,2440,6sj8_44V_B_901,0,surfdock,0.59119212,1.2443963,2.4768832,0,0.99360757,2.4858739
1027,19,17571,2510,6xu3_GAB_B_402,1,unimol,0.67368396,1.2331675,3.5440233,0,0.99025138,26.88
1028,19,5628,804,2wdq_CBE_C_1130,0,surfdock,0.60977003,1.2280718,2.8588841,0,0.98982153,3.1474931
1029,19,4347,621,2fpu_HSO_B_509,0,surfdock,0.59119212,1.2226352,2.6463988,0,0.86161198,2.6344548
1030,19,3199,457,1w62_PYC_A_700,0,surfdock,0.59119212,1.2173444,2.6888545,0,0,2.2743319
1031,19,3836,548,2bdg_PBZ_B_302,0,surfdock,0.61107698,1.2088783,3.0869532,0,0.99058278,2.4899735
1032,19,11032,1576,5afy_WCE_H_1248,0,surfdock,0.61047723,1.2081032,3.069133,0,0.99677034,2.5709864
1033,19,16912,2416,6rbr_JXN_A_302,0,surfdock,0.60519413,1.2047646,2.9328666,0,0.98075432,2.6492096
1034,19,12755,1822,5je1_TOF_B_302,1,unimol,0.67368396,1.1990252,3.8697107,0,0,13.76
1035,19,17494,2499,6wdv_TWM_A_701,1,unimol,0.67368396,1.1963118,3.896709,0,0.86864687,26.15
1036,19,13175,1882,5mzj_TEP_A_2401,1,unimol,0.67368396,1.1959102,3.9007185,0,0,18.34
1037,19,10318,1474,4ws2_6UA_A_303,0,surfdock,0.61717412,1.1952511,3.2212682,0,0.11268026,2.2646028
1038,19,12748,1821,5je1_TOF_A_302,1,unimol,0.67368396,1.1951541,3.9082792,0,0,16.39
1039,19,15107,2158,6dyt_F0G_A_503,1,unimol,0.67368396,1.1950011,3.9098113,0,0.96223611,26.57
1040,19,14126,2018,5wcz_NOJ_A_601,0,surfdock,0.59119212,1.1894068,2.9215858,0,0,2.6505941
1041,19,2955,422,1u1g_BBB_B_4300,1,unimol,0.67368396,1.1869523,3.9911613,0,0.95564832,27
1042,20,1716,245,1lqp_FCN_A_4002,1,unimol,0.67407804,1.3676649,2.4557929,0,0,21.4
1043,20,1723,246,1lqp_FCN_A_4004,1,unimol,0.67407804,1.3676649,2.4557929,0,0,20.6
1044,20,1730,247,1lqp_FCN_B_4001,1,unimol,0.67407804,1.3676649,2.4557929,0,0,18.33
1045,20,3305,472,1xc7_GL6_A_998,1,unimol,0.67407804,1.3676649,2.4557929,0,0.97966028,26.49
1046,20,3361,480,1xl0_OX2_A_998,1,unimol,0.67407804,1.3676649,2.4557929,0,0.99262944,21.79
1047,20,6469,924,3tky_N7I_B_369,1,unimol,0.67407804,1.3676649,2.4557929,0,0.97805599,23.12
1048,20,7442,1063,4bbx_LKF_B_1760,1,unimol,0.67407804,1.3676649,2.4557929,0,0,18.69
1049,20,7484,1069,4buf_F36_A_2162,1,unimol,0.67407804,1.3676649,2.4557929,0,0,22.89
1050,20,7491,1070,4buf_F36_B_2162,1,unimol,0.67407804,1.3676649,2.4557929,0,0,20.15
1051,20,7946,1135,4d2c_ALA_A_508,1,unimol,0.67407804,1.3676649,2.4557929,0,0.97327179,25.56
1052,20,8324,1189,4evi_N7I_B_401,1,unimol,0.67407804,1.3676649,2.4557929,0,0.99259439,26.07
1053,20,9255,1322,4lvb_20N_B_601,1,unimol,0.67407804,1.3676649,2.4557929,0,0.99418104,22.6
1054,20,11950,1707,5fp9_4SV_A_1342,1,unimol,0.67407804,1.3676649,2.4557929,0,0.95046191,19.41
1055,20,12860,1837,5jtt_6MY_A_902,1,unimol,0.67407804,1.3676649,2.4557929,0,0,21.59
1056,20,12867,1838,5jtu_6NE_A_902,1,unimol,0.67407804,1.3676649,2.4557929,0,0,23.03
1057,20,13952,1993,5ve5_GSH_B_402,1,unimol,0.67407804,1.3676649,2.4557929,0,0.48849352,20.17
1058,20,14113,2016,5w8q_BU4_B_400,1,unimol,0.67407804,1.3676649,2.4557929,0,0.995276,23.21
1059,20,14981,2140,6c1i_KNA_A_502,1,unimol,0.67407804,1.3676649,2.4557929,0,0.98234471,17.03
1060,20,15205,2172,6f3s_CKW_A_902,1,unimol,0.67407804,1.3676649,2.4557929,0,0,22.44
1061,20,15646,2235,6hsg_GM5_A_504,1,unimol,0.67407804,1.3676649,2.4557929,0,0.96087191,25.63
1062,20,15653,2236,6hsg_GM5_B_504,1,unimol,0.67407804,1.3676649,2.4557929,0,0.94497661,24.04
1063,20,15660,2237,6hsg_GM5_C_504,1,unimol,0.67407804,1.3676649,2.4557929,0,0.87708232,25.47
1064,20,15667,2238,6hsg_GM5_D_504,1,unimol,0.67407804,1.3676649,2.4557929,0,0.94751495,22.75
1065,20,16710,2387,6q4b_HHN_A_301,1,unimol,0.67407804,1.3676649,2.4557929,0,0.98043184,12.95
1066,20,16717,2388,6q4k_HHW_A_301,1,unimol,0.67407804,1.3676649,2.4557929,0,0.9802355,19.6
1067,20,16724,2389,6q4k_HHW_A_302,1,unimol,0.67407804,1.3676649,2.4557929,0,0.97261115,17.04
1068,20,16738,2391,6qa7_HTW_A_901,1,unimol,0.67407804,1.3676649,2.4557929,0,0.99036886,24.29
1069,20,16864,2409,6r0i_JNB_A_901,1,unimol,0.67407804,1.3676649,2.4557929,0,0.99332085,25.71
1070,21,13924,1989,5urz_BOG_B_201,1,unimol,0.67292177,1.3687891,2.4655011,0,0,22.59
1071,21,8499,1214,4h9x_HL4_A_404,1,unimol,0.67292177,1.3592345,2.5306404,0,0.9850088,18.77
1072,21,8506,1215,4h9x_HL4_B_404,1,unimol,0.67292177,1.3592345,2.5306404,0,0.69167149,16.48
1073,21,6210,887,3qhd_795_A_167,1,unimol,0.67292177,1.3299495,2.7382126,0,5.4053409e-05,22.95
1074,21,7945,1135,4d2c_ALA_A_508,0,surfdock,0.61812551,1.2738534,2.4655011,0,0.99307788,5.2703729
1075,21,15702,2243,6i6r_H62_A_704,1,unimol,0.67292177,1.2719428,3.1882472,0,0.60889849,19.27
1076,21,2849,407,1tkh_DPN_A_911,0,surfdock,0.61672331,1.2696302,2.4655011,0,0,2.2659169
1077,21,2528,361,1r4f_AD3_B_330,1,unimol,0.67292177,1.2688998,3.2134182,0,0.28485877,21.58
1078,21,9416,1345,4n36_2F8_A_401,1,unimol,0.67292177,1.2619193,3.2717924,0,0.97125361,17.08
1079,21,9423,1346,4n36_2F8_D_401,1,unimol,0.67292177,1.2619193,3.2717924,0,0.9240054,22.69
1080,21,3739,534,2agw_TSS_D_3001,1,unimol,0.67292177,1.2617571,3.273159,0,0,16.65
1081,21,3746,535,2agw_TSS_H_2001,1,unimol,0.67292177,1.2586691,3.2992764,0,0,20.21
1082,21,1618,231,1kwu_MMA_A_501,1,unimol,0.67292177,1.2504738,3.369452,0,0.95346127,23.22
1083,21,1625,232,1kwu_MMA_B_601,1,unimol,0.67292177,1.2504738,3.369452,0,0.93323504,18.01
1084,21,533,76,1foi_14W_A_810,1,unimol,0.67292177,1.2409581,3.4525421,0,0.99540042,18.25
1085,21,13951,1993,5ve5_GSH_B_402,0,surfdock,0.58100345,1.2346381,2.4655011,0,0,2.487357
1086,21,8358,1194,4fra_GAL_A_402,0,surfdock,0.62057902,1.2302767,2.8821945,0,0.9772443,2.4807137
1087,21,7967,1138,4d5e_TPP_A_1589,1,unimol,0.67292177,1.2216375,3.6267841,0,0.94448105,26.31
1088,21,17256,2465,6tfb_N6W_B_202,1,unimol,0.67292177,1.2213917,3.6290503,0,0.95043155,18.73
1089,21,11949,1707,5fp9_4SV_A_1342,0,surfdock,0.61467528,1.2192247,2.8182728,0,0.99651004,2.5668614
1090,21,4984,712,2pnz_UDP_A_250,0,surfdock,0.60164568,1.2185789,2.7371609,0,0.92954455,3.7173076
1091,21,12461,1780,5iav_MLI_B_302,1,unimol,0.67292177,1.2181397,3.6591511,0,0.62897078,20.35
1092,21,413,59,1e48_13P_P_302,0,surfdock,0.59992715,1.2163718,2.6960218,0,0.85673679,2.3157916
1093,21,8562,1223,4hoz_GLC_A_703,1,unimol,0.67292177,1.2155724,3.6830723,0,0,17.31
1094,21,5671,810,2wj4_HQD_A_1281,1,unimol,0.67292177,1.2118661,3.7178547,0,0,21.82
1095,21,16997,2428,6s23_KSW_A_402,1,unimol,0.67292177,1.2046596,3.7863402,0,0.97221637,24.97
1096,21,13105,1872,5m62_BGC_A_409,1,unimol,0.67292177,1.203055,3.8017449,0,0,15.22
1097,21,6644,949,3vmg_9CA_B_2001,1,unimol,0.67292177,1.196103,3.8691533,0,0,23.3
1098,21,16157,2308,6mnh_JVD_A_301,1,unimol,0.67292177,1.1913464,3.9159093,0,0,17.73
1099,21,13343,1906,5o72_9MH_A_303,1,unimol,0.67292177,1.1908813,3.9205098,0,0.97380036,22.96
1100,21,5908,844,2ye5_2A7_A_1224,0,surfdock,0.60391149,1.1904051,2.9792652,0,0.99016123,2.422752
1101,21,6651,950,3vmg_9CA_C_2002,1,unimol,0.67292177,1.1883334,3.9457972,0,0,23.9
1102,21,10851,1550,4zvv_GN0_D_403,1,unimol,0.67292177,1.1814853,4.0145226,0,0,25.33
1103,21,10844,1549,4zvv_GN0_C_403,1,unimol,0.67292177,1.18122,4.0172076,0,0,27.36
1104,21,15113,2159,6dyt_PP3_B_1501,0,surfdock,0.59992715,1.1810755,2.9870787,0,0.97243767,3.745098
1105,21,3074,439,1v5g_HTL_A_1602,1,unimol,0.67292177,1.1806362,4.0231228,0,0,27.26
1106,21,10837,1548,4zvv_GN0_B_404,1,unimol,0.67292177,1.1804242,4.0252724,0,0,27.51
1107,21,9262,1323,4lxi_22J_A_301,1,unimol,0.67292177,1.1790657,4.0390735,0,0,20.68
1108,21,10830,1547,4zvv_GN0_A_405,1,unimol,0.67292177,1.1788332,4.04144,0,0.7820357,22.51
1109,21,14659,2094,5zgr_ZZ7_B_303,1,unimol,0.67292177,1.1771368,4.0587454,0,0.93892784,23.09
1110,21,16989,2427,6rum_TOP_A_301,0,surfdock,0.6182879,1.1765371,3.2567573,0,0.99616858,3.8720112
1111,21,17004,2429,6s23_KSW_B_402,1,unimol,0.67292177,1.1708559,4.1234355,0,0.97933453,20.16
1112,21,14645,2092,5zge_ZZ7_B_302,1,unimol,0.67292177,1.1698168,4.134232,0,0.90970714,22.01
1113,21,14652,2093,5zgr_ZZ7_A_303,1,unimol,0.67292177,1.1698168,4.134232,0,0.94264671,20.59
1114,21,4453,636,2g9z_VNP_B_601,1,unimol,0.67292177,1.1673528,4.1599417,0,0.91507657,26.48
1115,21,14638,2091,5zge_ZZ7_A_301,1,unimol,0.67292177,1.1665675,4.1681676,0,0.93609056,19.41
1116,21,12055,1722,5g44_SWX_A_1511,1,unimol,0.67292177,1.1639036,4.1961884,0,0.95621643,25.99
1117,21,1617,231,1kwu_MMA_A_501,0,surfdock,0.57386189,1.1571985,2.4655011,0,0,2.5232085
1118,21,1624,232,1kwu_MMA_B_601,0,surfdock,0.57386189,1.1571985,2.4655011,0,0.017913055,2.5269657
1119,21,2527,361,1r4f_AD3_B_330,0,surfdock,0.57386189,1.1571985,2.4655011,0,0,3.5738717
1120,22,10487,1498,4xz9_G3P_B_302,1,unimol,0.66597149,1.3701237,2.4597578,0,0.94481558,20.26
1121,22,10494,1499,4xz9_G3P_C_302,1,unimol,0.66597149,1.3701237,2.4597578,0,0.95554234,20.6
1122,22,12258,1751,5h8q_GLY_B_301,1,unimol,0.66597149,1.3701237,2.4597578,0,0,18.62
1123,22,3088,441,1v5y_4HC_B_1201,1,unimol,0.66597149,1.3674425,2.4777393,0,0.98407117,20.71
1124,22,3081,440,1v5y_4HC_A_1455,1,unimol,0.66597149,1.357377,2.5460966,0,0.98753036,14.93
1125,22,11789,1684,5faj_DCS_C_401,1,unimol,0.66597149,1.3558385,2.5566661,0,0.94729317,24.61
1126,22,11782,1683,5faj_DCS_A_401,1,unimol,0.66597149,1.3546498,2.5648541,0,0.94322705,27.11
1127,22,4229,604,2ex1_C5P_A_1427,1,unimol,0.66597149,1.294281,3.0078197,0,0.98395765,16.37
1128,22,17570,2510,6xu3_GAB_B_402,0,surfdock,0.62189196,1.2883892,2.4597578,0,0.0051727137,2.3979378
1129,22,3249,464,1wq4_TYR_A_501,1,unimol,0.66597149,1.2879445,3.0576153,0,0,14.01
1130,22,9681,1383,4pbr_2L7_A_401,0,surfdock,0.62182996,1.287784,2.4597578,0,0.99532386,3.7151166
1131,22,6468,924,3tky_N7I_B_369,0,surfdock,0.62010477,1.279053,2.4597578,0,0.08238235,2.8915246
1132,22,3094,442,1vje_MSE_A_301,0,surfdock,0.6185009,1.2730883,2.4597578,0,0.98028098,2.7929635
1133,22,12635,1805,5j4k_6FZ_A_404,0,surfdock,0.61838532,1.2728289,2.4597578,0,0.98689663,2.4127671
1134,22,9905,1415,4rg3_ECE_A_603,0,surfdock,0.61888126,1.2699845,2.4902992,0,0.39722291,2.1968552
1135,22,2954,422,1u1g_BBB_B_4300,0,surfdock,0.61682099,1.269544,2.4597578,0,0,4.4001362
1136,22,6245,892,3qss_MTG_A_405,1,unimol,0.66597149,1.2681779,3.2173555,0,0.9762163,19.67
1137,22,6252,893,3qss_MTG_B_405,1,unimol,0.66597149,1.2681779,3.2173555,0,0.97090356,20.07
1138,22,3529,504,1zdq_MSM_B_1508,1,unimol,0.66597149,1.2679093,3.2195737,0,0.98801844,22.13
1139,22,3536,505,1zdq_MSM_C_1509,1,unimol,0.66597149,1.2679093,3.2195737,0,0.99510619,21.62
1140,22,8428,1204,4gim_PSU_B_400,0,surfdock,0.6108803,1.2608129,2.4597578,0,0.97830455,3.7372134
1141,22,4697,671,2iyq_SKM_A_201,0,surfdock,0.61782997,1.2597243,2.5484688,0,0.94684248,2.6745464
1142,22,3101,443,1vje_MSE_A_401,0,surfdock,0.60837581,1.2589976,2.4597578,0,0.93868149,2.8363636
1143,22,2275,325,1p5g_G6P_X_658,0,surfdock,0.60803935,1.2585653,2.4597578,0,0.98534318,3.2452017
1144,22,8421,1203,4gim_PSU_A_400,0,surfdock,0.60313746,1.2563178,2.4597578,0,0,3.8323785
1145,22,17746,2535,7c7g_FJR_B_402,1,unimol,0.79859597,1.2522429,3.9289415,0,0.99128371,19.32
1146,22,1246,178,1ixo_G3P_A_1001,0,surfdock,0.60077237,1.2476732,2.4597578,0,0.86584543,2.5525683
1147,22,3724,532,2a5t_GLY_A_1001,0,surfdock,0.60077237,1.2476732,2.4597578,0,0,2.2861217
1148,22,6594,942,3vbn_TYD_C_301,0,surfdock,0.60077237,1.2476732,2.4597578,0,0.94415024,4.0591834
1149,22,11067,1581,5ahn_IMP_A_1468,0,surfdock,0.60077237,1.2476732,2.4597578,0,0.94831195,3.4584502
1150,22,11796,1685,5faj_DCS_D_401,1,unimol,0.66597149,1.2469769,3.3964736,0,0.97271179,22.81
1151,22,14889,2127,6bds_DJ4_A_303,0,surfdock,0.61914239,1.2461341,2.6762629,0,2.6134336e-05,2.7478546
1152,22,8498,1214,4h9x_HL4_A_404,0,surfdock,0.62112368,1.2460925,2.7374604,0,0.58616657,2.8190567
1153,22,6601,943,3vbn_TYD_E_301,0,surfdock,0.60077237,1.2448741,2.4803791,0,0.5859874,3.7462994
1154,22,8470,1210,4h0x_LAR_B_403,0,surfdock,0.62097847,1.2395616,2.7817833,0,0,4.0764693
1155,22,6587,941,3vbn_TYD_A_301,0,surfdock,0.60077237,1.2352693,2.5521007,0,0.86824118,3.8202578
1156,22,12460,1780,5iav_MLI_B_302,0,surfdock,0.57703769,1.2332367,2.4597578,0,0,2.1869781
1157,22,16800,2400,6qo4_97T_A_301,0,surfdock,0.57576724,1.2313218,2.4653251,0,0.33094554,2.729493
1158,22,2660,380,1s6h_4BZ_A_1,0,surfdock,0.62012863,1.22627,2.8634887,0,0.99692146,2.4632676
1159,22,1261,180,1ixo_G3P_D_1004,1,unimol,0.66597149,1.2205492,3.6318772,0,0,22.65
1160,22,13776,1968,5ud0_G3H_B_406,0,surfdock,0.60077237,1.2199196,2.669898,0,0,2.5357622
1161,22,17347,2478,6u30_PQM_A_501,1,unimol,0.66597149,1.2193075,3.6432872,0,0.96138617,14.66
1162,22,1254,179,1ixo_G3P_B_1002,1,unimol,0.66597149,1.2192825,3.6435175,0,0,24.29
1163,22,553,79,1fqo_F6R_B_2268,0,surfdock,0.61574616,1.2183673,2.8276105,0,0.94851056,3.3761576
1164,22,960,137,1h5r_THM_A_1292,1,unimol,0.66597149,1.213664,3.6955516,0,0,17.44
1165,22,4572,653,2huu_ALA_A_701,1,unimol,0.66597149,1.2136293,3.6958752,0,0,23.67
1166,22,988,141,1h5r_THM_C_1293,1,unimol,0.66597149,1.2052052,3.7751677,0,0,22.99
1167,22,10626,1518,4za7_4LV_A_606,0,surfdock,0.60150146,1.2049359,2.8496065,0,0.98510271,1.947083
1168,22,2520,360,1qxa_GLY_B_245,0,surfdock,0.60637754,1.204442,2.8699048,0,0.93014715,2.6404344
1169,22,13174,1882,5mzj_TEP_A_2401,0,surfdock,0.60077237,1.2005605,2.824316,0,0.99759144,2.6419047
1170,23,9850,1407,4r08_URI_A_901,1,unimol,0.66548749,1.3228012,2.7730367,0,0,26.17
1171,23,9864,1409,4r08_URI_D_901,1,unimol,0.66548749,1.3123465,2.8502033,0,0,30.32
1172,23,9857,1408,4r08_URI_B_901,1,unimol,0.66548749,1.3099274,2.8682973,0,0,27.43
1173,23,13427,1918,5oip_9WE_A_302,1,unimol,0.66548749,1.1922331,3.8735447,0,0.98589462,18.35
1174,23,1023,146,1h69_ARH_C_1275,1,unimol,0.66548749,1.1737373,4.0573902,0,0,22.05
1175,23,1016,145,1h69_ARH_B_1275,1,unimol,0.66548749,1.1725472,4.0694995,0,0,24.7
1176,23,1009,144,1h69_ARH_A_1275,1,unimol,0.66548749,1.1722073,4.0729637,0,0,22.69
1177,23,2625,375,1s1f_PIM_A_431,0,surfdock,0.57886582,1.1635462,2.4389434,0,0,2.3478582
1178,23,4060,580,2d0e_NQ_A_409,0,surfdock,0.57886582,1.1635462,2.4389434,0,0.02018451,2.3615509
1179,23,4067,581,2d0e_NQ_A_410,0,surfdock,0.57886582,1.1635462,2.4389434,0,0.99111416,2.4412293
1180,23,7847,1121,4crg_J4X_A_1493,0,surfdock,0.57886582,1.1635462,2.4389434,0,0,3.9060725
1181,23,9849,1407,4r08_URI_A_901,0,surfdock,0.57886582,1.1635462,2.4389434,0,0,3.1465002
1182,23,9856,1408,4r08_URI_B_901,0,surfdock,0.57886582,1.1635462,2.4389434,0,0.98503086,3.0891067
1183,23,9863,1409,4r08_URI_D_901,0,surfdock,0.57886582,1.1635462,2.4389434,0,0,3.2569463
1184,23,10255,1465,4wbd_CIT_A_602,0,surfdock,0.57886582,1.1635462,2.4389434,0,0.89966864,2.7331183
1185,23,16359,2337,6nig_NAG_A_604,0,surfdock,0.57886582,1.1635462,2.4389434,0,0,2.2956318
1186,23,16366,2338,6nig_NAG_A_605,0,surfdock,0.57886582,1.1635462,2.4389434,0,0.092778866,2.4513284
1187,23,16373,2339,6nig_NAG_B_803,0,surfdock,0.57886582,1.1635462,2.4389434,0,0,3.9859583
1188,23,16380,2340,6nig_NAG_C_802,0,surfdock,0.57886582,1.1635462,2.4389434,0,0.030090878,2.3609887
1189,23,16387,2341,6nig_NAG_D_602,0,surfdock,0.57886582,1.1635462,2.4389434,0,3.2248292e-05,2.3810261
1190,23,13426,1918,5oip_9WE_A_302,0,surfdock,0.57886582,1.1545885,2.5096483,0,0.93587628,3.5959265
1191,23,16360,2337,6nig_NAG_A_604,1,unimol,0.66548749,1.1542713,4.2598796,0,0,32.49
1192,23,16388,2341,6nig_NAG_D_602,1,unimol,0.66548749,1.153864,4.2642188,0,0,28.56
1193,23,16381,2340,6nig_NAG_C_802,1,unimol,0.66548749,1.1532532,4.2707357,0,0,29.44
1194,23,16367,2338,6nig_NAG_A_605,1,unimol,0.66548749,1.152409,4.2797585,0,0,27.29
1195,23,16374,2339,6nig_NAG_B_803,1,unimol,0.66548749,1.152409,4.2797585,0,0,31.93
1196,23,1638,234,1kya_XYD_D_814,0,surfdock,0.61936497,1.1503353,3.4685731,0,0.015163434,2.0970058
1197,23,5670,810,2wj4_HQD_A_1281,0,surfdock,0.60247311,1.1486397,3.2586582,0,0,2.157455
1198,23,7939,1134,4d0z_BBK_E_1584,1,unimol,0.66548749,1.1480336,4.3268218,0,0,28.06
1199,23,3381,483,1xuz_PEP_A_2001,0,surfdock,0.57886582,1.1459085,2.5795884,0,0.9135682,2.6669754
1200,23,10256,1465,4wbd_CIT_A_602,1,unimol,0.66548749,1.1427744,4.3840671,0,0.97166556,17.38
1201,23,7932,1133,4d0z_BBK_B_1580,1,unimol,0.66548749,1.1403598,4.4105988,0,0,25.61
1202,23,17010,2430,6s37_SAL_A_601,0,surfdock,0.57886582,1.1381548,2.6432869,0,0.99590925,2.5703762
1203,23,7925,1132,4d0z_BBK_A_1581,1,unimol,0.66548749,1.1378079,4.4388156,0,0.9382103,27.14
1204,23,10227,1461,4v36_LYN_A_1851,0,surfdock,0.57886582,1.1354056,2.6661553,0,0,2.3904895
1205,23,13944,1992,5v7y_AKG_B_302,0,surfdock,0.57886582,1.1351429,2.6683483,0,0,2.7878618
1206,23,12985,1855,5l1v_7PF_A_401,0,surfdock,0.57886582,1.1347746,2.6714256,0,0,3.4761152
1207,23,12978,1854,5l1u_7PF_A_401,0,surfdock,0.57886582,1.1263667,2.7424119,0,0,3.446205
1208,23,17612,2516,6yaw_P9H_B_502,0,surfdock,0.57886582,1.1258485,2.7468338,0,0,4.6649773
1209,23,12986,1855,5l1v_7PF_A_401,1,unimol,0.66548749,1.1243127,4.5910592,0,0,22.28
1210,23,812,116,1h18_PYR_A_1001,0,surfdock,0.57886582,1.1228372,2.7726412,0,0,2.2281665
1211,23,9289,1327,4lz7_GLU_A_802,0,surfdock,0.57886582,1.122474,2.7757678,0,0,2.614759
1212,23,5902,843,2y5a_3AP_A_1295,1,unimol,0.66548749,1.1215715,4.6226215,0,0.99601294,18.91
1213,23,17368,2481,6ufd_Q6D_A_305,1,unimol,0.66548749,1.1210846,4.6282506,0,0.97896061,25.26
1214,23,13447,1921,5r0j_RBJ_B_401,0,surfdock,0.57886582,1.1197334,2.7994409,0,0,2.3622488
1215,23,17011,2430,6s37_SAL_A_601,1,unimol,0.66548749,1.1178914,4.6653399,0,0.9883116,17.74
1216,23,12979,1854,5l1u_7PF_A_401,1,unimol,0.66548749,1.1153716,4.6948228,0,0,19.6
1217,23,16814,2402,6qol_JB5_A_301,0,surfdock,0.57886582,1.1123206,2.8642671,0,0.99391945,2.4951829
1218,23,16821,2403,6qol_JB5_B_301,0,surfdock,0.57886582,1.1120784,2.8664052,0,0.00073635277,2.5432824
1219,23,17606,2515,6yaw_P9H_A_301,1,unimol,0.66548749,1.1104791,4.7526121,0,0.95287341,21.3
1220,24,13945,1992,5v7y_AKG_B_302,1,unimol,0.72646815,1.4419558,2.3904853,0,0.89361154,20.14
1221,24,2269,324,1p2s_ETF_A_400,1,unimol,0.65647865,1.3709908,2.3904853,0,0.7009665,20.72
1222,24,3627,518,1zk0_SS2_A_1260,1,unimol,0.65647865,1.3709908,2.3904853,0,0.96934391,13.76
1223,24,4026,575,2ci0_1CM_A_1450,1,unimol,0.65647865,1.3709908,2.3904853,0,0,19.31
1224,24,7841,1120,4cpp_ADM_A_422,1,unimol,0.65647865,1.3709908,2.3904853,0,0.9350857,15.99
1225,24,8793,1256,4i9n_1E5_F_402,1,unimol,0.65647865,1.3709908,2.3904853,0,0.96809782,26.44
1226,24,8800,1257,4i9n_1E5_G_402,1,unimol,0.65647865,1.3709908,2.3904853,0,0.95200925,28.11
1227,24,9213,1316,4lcq_URQ_A_603,1,unimol,0.65647865,1.3709908,2.3904853,0,0.92246362,20.89
1228,24,9430,1347,4n4j_HG1_A_608,1,unimol,0.65647865,1.3709908,2.3904853,0,0.86529873,18.12
1229,24,9962,1423,4rp9_ASC_A_501,1,unimol,0.65647865,1.3709908,2.3904853,0,0.93065976,21.65
1230,24,11341,1620,5cpp_ADO_A_422,1,unimol,0.65647865,1.3709908,2.3904853,0,0.96500324,20.42
1231,24,13665,1952,5thu_GGG_B_405,1,unimol,0.65647865,1.3709908,2.3904853,0,0.97810953,22.32
1232,24,14372,2053,5y7a_KYN_A_502,1,unimol,0.65647865,1.3709908,2.3904853,0,0,21.22
1233,24,16969,2424,6rlt_MLI_A_508,1,unimol,0.65647865,1.3709908,2.3904853,0,0.54215619,15.97
1234,24,16976,2425,6rlt_MLI_B_511,1,unimol,0.65647865,1.3709908,2.3904853,0,0.38015543,26.17
1235,24,8765,1252,4i9n_1E5_A_402,1,unimol,0.65647865,1.3694228,2.4009869,0,0.95647777,23.88
1236,24,8772,1253,4i9n_1E5_B_402,1,unimol,0.65647865,1.3679986,2.4105544,0,0.96515591,27.82
1237,24,8786,1255,4i9n_1E5_D_402,1,unimol,0.65647865,1.3670492,2.4169471,0,0.96793648,28.93
1238,24,9465,1352,4n9v_AZA_A_403,1,unimol,0.65647865,1.364742,2.4325316,0,0.027836011,20.76
1239,24,8779,1254,4i9n_1E5_C_402,1,unimol,0.65647865,1.3580682,2.4780147,0,0.97546465,27.32
1240,24,13637,1948,5tdt_MBN_D_501,1,unimol,0.65647865,1.3453343,2.5664942,0,0.99120345,26.39
1241,24,13644,1949,5tdt_MBN_D_502,1,unimol,0.65647865,1.3434137,2.5800364,0,0.23324648,24.1
1242,24,13623,1946,5tdt_MBN_A_503,1,unimol,0.65647865,1.3412744,2.5951831,0,0.17139023,21.27
1243,24,9458,1351,4n9v_AZA_A_401,1,unimol,0.65647865,1.3411976,2.5957282,0,0.97544483,15.23
1244,24,13616,1945,5tdt_MBN_A_502,1,unimol,0.65647865,1.3389857,2.611459,0,0.18263659,23.95
1245,24,13630,1947,5tdt_MBN_A_504,1,unimol,0.65647865,1.3376727,2.620831,0,0.098557181,17.92
1246,24,6070,867,2zka_AZA_A_302,1,unimol,0.65647865,1.3372905,2.6235645,0,0.97175762,17.7
1247,24,15436,2205,6g5q_EMZ_A_401,1,unimol,0.65647865,1.3330515,2.6540141,0,0.96878941,22.03
